4 	0.1	0.285091	0.00525104
4 	0.3	0.323708	0.00301737
4 	0.5	0.37878	0.00258959
4 	0.7	0.451792	0.0026458
4 	0.9	0.534759	0.00281757
4 	1.1	0.607808	0.00296321
4 	1.3	0.659453	0.00303389
4 	1.5	0.69796	0.00304964
4 	1.7	0.728989	0.00304176
4 	1.9	0.751812	0.00301965
4 	2.1	0.767365	0.00298631
4 	2.3	0.779185	0.00295
4 	2.5	0.785575	0.00289208
4 	2.7	0.786113	0.00283109
4 	2.9	0.785872	0.0027837
4 	3.1	0.783195	0.00272942
4 	3.3	0.778778	0.00268675
4 	3.5	0.77172	0.00264172
4 	3.7	0.762996	0.00259505
4 	3.9	0.755033	0.0025642
4 	4.1	0.747207	0.00254138
4 	4.3	0.738526	0.0025297
4 	4.5	0.729497	0.00252976
4 	4.7	0.72298	0.00253977
4 	4.9	0.719526	0.00255882
4 	5.1	0.717251	0.00258745
4 	5.3	0.713187	0.00262036
4 	5.5	0.711896	0.00267056
4 	5.7	0.710826	0.0027213
4 	5.9	0.70952	0.00277073
4 	6.1	0.709483	0.00283539
4 	6.3	0.708703	0.00290628
4 	6.5	0.709764	0.00299154
4 	6.7	0.71037	0.00308021
4 	6.9	0.709309	0.00316863
4 	7.1	0.707189	0.00326106
4 	7.3	0.70839	0.00336812
4 	7.5	0.710054	0.00347343
4 	7.7	0.710037	0.00357527
4 	7.9	0.709459	0.00367214
4 	8.1	0.70528	0.00376106
4 	8.3	0.701105	0.0038495
4 	8.5	0.696801	0.00392252
4 	8.7	0.69407	0.00400643
4 	8.9	0.69226	0.00409117
4 	9.1	0.685902	0.00415516
4 	9.3	0.680985	0.00422694
4 	9.5	0.67534	0.00429355
4 	9.7	0.667005	0.00433948
4 	9.9	0.66092	0.0043966
4 	10.1	0.648573	0.00444228
4 	10.3	0.638234	0.00448839
4 	10.5	0.631286	0.00454134
4 	10.7	0.625586	0.00460502
4 	10.9	0.619522	0.00465422
4 	11.1	0.610063	0.0046909
4 	11.3	0.601622	0.00475902
4 	11.5	0.596854	0.00483269
4 	11.7	0.584289	0.00482609
4 	11.9	0.566542	0.00483811
4 	12.1	0.552371	0.00485652
4 	12.3	0.528002	0.00477821
4 	12.5	0.508871	0.0047688
4 	12.7	0.488491	0.00473969
4 	12.9	0.465169	0.00467001
4 	13.1	0.454884	0.004709
4 	13.3	0.448046	0.00474994
4 	13.5	0.443357	0.00478139
4 	13.7	0.440277	0.00487201
4 	13.9	0.43613	0.00499558
4 	14.1	0.434959	0.00510452
4 	14.3	0.436262	0.00520085
4 	14.5	0.435774	0.00528352
4 	14.7	0.437666	0.00540716
4 	14.9	0.440258	0.00559179
4 	15.1	0.441854	0.00578999
4 	15.3	0.44199	0.00593959
4 	15.5	0.438914	0.00606011
4 	15.7	0.441352	0.00623076
4 	15.9	0.439758	0.00638528
