5 	0.1	0.123208	0
5 	0.3	0.123208	0
5 	0.5	0.123208	0
5 	0.7	0.123208	0
5 	0.9	0.123208	0
5 	1.1	0.234427	0
5 	1.3	0.234427	0
5 	1.5	0.234427	0
5 	1.7	0.234427	0
5 	1.9	0.234427	0
5 	2.1	0.679575	0
5 	2.3	0.679575	0
5 	2.5	0.679575	0
5 	2.7	0.679575	0
5 	2.9	0.679575	0
5 	3.1	0.81894	0
5 	3.3	0.81894	0
5 	3.5	0.81894	0
5 	3.7	0.81894	0
5 	3.9	0.81894	0
5 	4.1	0.888935	0
5 	4.3	0.888935	0
5 	4.5	0.888935	0
5 	4.7	0.888935	0
5 	4.9	0.888935	0
5 	5.1	0.926775	0
5 	5.3	0.926775	0
5 	5.5	0.926775	0
5 	5.7	0.926775	0
5 	5.9	0.926775	0
5 	6.1	0.950005	0
5 	6.3	0.950005	0
5 	6.5	0.950005	0
5 	6.7	0.950005	0
5 	6.9	0.950005	0
5 	7.1	0.968874	0
5 	7.3	0.968874	0
5 	7.5	0.968874	0
5 	7.7	0.968874	0
5 	7.9	0.968874	0
5 	8.1	0.981225	0
5 	8.3	0.981225	0
5 	8.5	0.981225	0
5 	8.7	0.981225	0
5 	8.9	0.981225	0
5 	9.1	0.988635	0
5 	9.3	0.988635	0
5 	9.5	0.988635	0
5 	9.7	0.988635	0
5 	9.9	0.988635	0
5 	10.1	0.994494	0
5 	10.3	0.994494	0
5 	10.5	0.994494	0
5 	10.7	0.994494	0
5 	10.9	0.994494	0
5 	11.1	0.99695	0
5 	11.3	0.99695	0
5 	11.5	0.99695	0
5 	11.7	0.99695	0
5 	11.9	0.99695	0
5 	12.1	0.9993	0
5 	12.3	0.9993	0
5 	12.5	0.9993	0
5 	12.7	0.9993	0
5 	12.9	0.9993	0
5 	13.1	0.999761	0
5 	13.3	0.999761	0
5 	13.5	0.999761	0
5 	13.7	0.999761	0
5 	13.9	0.999761	0
5 	14.1	0.998441	0
5 	14.3	0.998441	0
5 	14.5	0.998441	0
5 	14.7	0.998441	0
5 	14.9	0.998441	0
5 	15.1	0.935641	0
5 	15.3	0.935641	0
5 	15.5	0.935641	0
5 	15.7	0.935641	0
5 	15.9	0.935641	0
