5 	0.1	0.229454	0
5 	0.3	0.229454	0
5 	0.5	0.229454	0
5 	0.7	0.229454	0
5 	0.9	0.229454	0
5 	1.1	0.490082	0
5 	1.3	0.490082	0
5 	1.5	0.490082	0
5 	1.7	0.490082	0
5 	1.9	0.490082	0
5 	2.1	0.778866	0
5 	2.3	0.778866	0
5 	2.5	0.778866	0
5 	2.7	0.778866	0
5 	2.9	0.778866	0
5 	3.1	0.873075	0
5 	3.3	0.873075	0
5 	3.5	0.873075	0
5 	3.7	0.873075	0
5 	3.9	0.873075	0
5 	4.1	0.919118	0
5 	4.3	0.919118	0
5 	4.5	0.919118	0
5 	4.7	0.919118	0
5 	4.9	0.919118	0
5 	5.1	0.949014	0
5 	5.3	0.949014	0
5 	5.5	0.949014	0
5 	5.7	0.949014	0
5 	5.9	0.949014	0
5 	6.1	0.966829	0
5 	6.3	0.966829	0
5 	6.5	0.966829	0
5 	6.7	0.966829	0
5 	6.9	0.966829	0
5 	7.1	0.978772	0
5 	7.3	0.978772	0
5 	7.5	0.978772	0
5 	7.7	0.978772	0
5 	7.9	0.978772	0
5 	8.1	0.988498	0
5 	8.3	0.988498	0
5 	8.5	0.988498	0
5 	8.7	0.988498	0
5 	8.9	0.988498	0
5 	9.1	0.993219	0
5 	9.3	0.993219	0
5 	9.5	0.993219	0
5 	9.7	0.993219	0
5 	9.9	0.993219	0
5 	10.1	0.996749	0
5 	10.3	0.996749	0
5 	10.5	0.996749	0
5 	10.7	0.996749	0
5 	10.9	0.996749	0
5 	11.1	0.997967	0
5 	11.3	0.997967	0
5 	11.5	0.997967	0
5 	11.7	0.997967	0
5 	11.9	0.997967	0
5 	12.1	0.999235	0
5 	12.3	0.999235	0
5 	12.5	0.999235	0
5 	12.7	0.999235	0
5 	12.9	0.999235	0
5 	13.1	0.99977	0
5 	13.3	0.99977	0
5 	13.5	0.99977	0
5 	13.7	0.99977	0
5 	13.9	0.99977	0
5 	14.1	0.99853	0
5 	14.3	0.99853	0
5 	14.5	0.99853	0
5 	14.7	0.99853	0
5 	14.9	0.99853	0
5 	15.1	0.99969	0
5 	15.3	0.99969	0
5 	15.5	0.99969	0
5 	15.7	0.99969	0
5 	15.9	0.99969	0
