60 	-700	0.926316	1	0.420527
60 	-665	0.943581	1	0.857965
60 	-630	0.941756	0.966764	0.927027
60 	-595	0.940449	0.949814	0.914622
60 	-560	0.914194	0.933595	0.909847
60 	-525	0.939635	0.960546	0.91559
60 	-490	0.958984	0.968221	0.949661
60 	-455	0.961313	0.974647	0.941187
60 	-420	0.955538	0.974883	0.936192
60 	-385	0.958155	0.973489	0.940223
60 	-350	0.939462	0.964369	0.908937
60 	-315	0.904238	0.925458	0.900416
60 	-280	0.954393	0.962278	0.931599
60 	-245	0.959184	0.963322	0.955646
60 	-210	0.960751	0.964901	0.956029
60 	-175	0.959196	0.968586	0.950152
60 	-140	0.960566	0.9775	0.939588
60 	-105	0.905762	0.946753	0.879503
60 	-70	0.896614	0.920327	0.876633
60 	-35	0.952924	0.958177	0.945232
60 	0	0.954959	0.959363	0.9507
60 	35	0.9481	0.951982	0.943284
60 	70	0.950742	0.955241	0.946747
60 	105	0.950895	0.955693	0.945789
60 	140	0.911352	0.940157	0.877599
60 	175	0.879772	0.905178	0.868174
60 	210	0.950314	0.959394	0.934548
60 	245	0.950829	0.95915	0.943658
60 	280	0.949528	0.955979	0.942511
60 	315	0.947965	0.954319	0.942487
60 	350	0.944064	0.950996	0.92421
60 	385	0.877189	0.904143	0.868997
60 	420	0.913959	0.948614	0.878503
60 	455	0.948155	0.953961	0.93948
60 	490	0.945894	0.955034	0.936917
60 	525	0.943415	0.952172	0.934699
60 	560	0.94072	0.950541	0.913091
60 	595	0.919872	0.947972	0.813799
60 	630	0.812678	0.926077	0.76433
60 	665	0.806485	0.834089	0.249016
