#
#  file: DCDriftParam_e70_20240417 <- DCDriftParam_e70_20230620
#  date: 2024-04-17 19:52
#  note: first version
#        DCDriftParam SdcIn ... done
#        DCDriftParam BcOut ... done
#        DCDriftParam SdcOut ... done (w/ run70257)
#        DCDriftParam BcOut ... done (w/ run70257)
#
#######################################################################
# Id	WireId	Type	NParam	p0	p1	...
### SDC1
1	0	6	6	0.0000e+00	1.6082e-02       1.4642e-03      -5.1111e-06     -3.5819e-07   2.9020e-09
2	0	6	6	0.0000e+00	1.4052e-02       1.6033e-03      -9.7426e-06     -2.8698e-07   2.5090e-09
3	0	6	6	0.0000e+00	1.5553e-02       1.7210e-03      -1.8230e-05     -1.3266e-07   1.6466e-09
4	0	6	6	0.0000e+00	1.3378e-02       1.6475e-03      -1.3477e-05     -1.9802e-07   1.9144e-09
5	0	6	6	0.0000e+00	1.4695e-02       1.7686e-03      -1.7610e-05     -1.7136e-07   1.9580e-09
6	0	6	6	0.0000e+00	1.0321e-02       1.8531e-03      -1.7745e-05     -1.6789e-07   1.8740e-09
### SDC2
7	0	6	6	0.0000e+00	2.2686e-02       2.0376e-03      -3.6688e-05     -6.0583e-09   2.0836e-09
8	0	6	6	0.0000e+00	2.0377e-02       2.1093e-03      -3.6641e-05     -2.4101e-08   2.2226e-09
9	0	6	6	0.0000e+00	2.1836e-02       1.9843e-03      -3.2831e-05     -7.6549e-08   2.4882e-09
10	0	6	6	0.0000e+00	2.2197e-02       1.7237e-03      -2.0330e-05     -2.7452e-07   3.5175e-09
### SDC3
31	0	6	6	0.0000e+00	2.2285e-02       1.1826e-03      -3.0414e-05     3.2947e-07      -1.2776e-09
32	0	6	6	0.0000e+00	2.1304e-02       1.1277e-03      -2.4340e-05     2.5746e-07      -1.0477e-09
33	0	6	6	0.0000e+00	7.3889e-02       -3.3144e-03     8.7038e-05      -8.6467e-07     2.8956e-09
34	0	6	6	0.0000e+00	4.8245e-02       -1.8640e-03     5.6818e-05      -5.8955e-07     1.9627e-09
### SDC4				  	
35	0	6	6	0.0000e+00	2.1504e-02       5.8403e-05      1.4996e-05      -2.1779e-07     8.0543e-10
36	0	6	6	0.0000e+00	2.1391e-02       -3.3240e-05     1.7889e-05      -2.4891e-07     9.1303e-10
37	0	6	6	0.0000e+00	1.3789e-02       5.0278e-04      4.4626e-06      -1.1324e-07     4.5003e-10
38	0	6	6	0.0000e+00	2.1660e-02       -4.0677e-04     2.6295e-05      -2.9833e-07     9.7013e-10
### SDC5				  	
39	0	6	6	0.0000e+00	5.1084e-02       -1.7422e-03     5.2642e-05      -5.4846e-07     1.8420e-09
40	0	6	6	0.0000e+00	2.9741e-02       -6.0367e-04     3.0082e-05      -3.5480e-07     1.2319e-09
41	0	6	6	0.0000e+00	3.2397e-02       -7.0655e-04     3.1056e-05      -3.5309e-07     1.2101e-09
42	0	6	6	0.0000e+00	3.7439e-02       -8.8818e-04     3.1127e-05      -3.0885e-07     9.2211e-10
### BC3					  		  		   		  		   	
113 	0       6       6	0.0000e+00      1.4387e-02       2.2406e-03      2.7365e-05      -4.0552e-06     5.6906e-08
114 	0       6       6	0.0000e+00      3.6686e-02       -2.0636e-03     2.7543e-04      -9.7394e-06     1.0267e-07
115 	0       6       6	0.0000e+00      4.7940e-02       -4.0317e-03     3.8806e-04      -1.2474e-05     1.2671e-07
116 	0       6       6	0.0000e+00      3.1973e-02       -9.2570e-04     2.2838e-04      -9.5874e-06     1.1224e-07
117 	0       6       6	0.0000e+00      3.4866e-02       -1.1938e-03     2.2679e-04      -9.0358e-06     1.0239e-07
118 	0       6       6	0.0000e+00      5.8174e-02       -5.7556e-03     4.9935e-04      -1.5816e-05     1.6380e-07
### BC4					  
119 	0       6       6	0.0000e+00      5.0559e-02       -4.1434e-03     4.0564e-04      -1.3475e-05     1.4152e-07
120 	0       6       6	0.0000e+00      4.4930e-02       -3.6466e-03     4.1078e-04      -1.4591e-05     1.6093e-07
121 	0       6       6	0.0000e+00      5.1202e-02       -4.3417e-03     4.3158e-04      -1.4499e-05     1.5390e-07
122 	0       6       6	0.0000e+00      3.7805e-02       -2.9286e-03     3.6659e-04      -1.3115e-05     1.4285e-07
123 	0       6       6	0.0000e+00      3.0822e-02       2.3841e-04      1.2804e-04      -6.5940e-06     8.2339e-08
124 	0       6       6	0.0000e+00      6.7010e-02       -6.2216e-03     4.9539e-04      -1.5019e-05     1.5027e-07

