##
#  file: DCDriftParam_e70_20240417 <- DCDriftParam_e70_20230620
#  date: 2024-04-17 19:52
#  note: first version
#        DCDriftParam SdcIn ... done
#        DCDriftParam BcOut ... done
#        DCDriftParam SdcOut ... done (w/ run70257)
#        DCDriftParam BcOut ... done (w/ run70257)
#
#######################################################################
# Id	WireId	Type	NParam	p0	p1	...
### SDC1
1	0	6	6	0.0000e+00	1.0552e-02       2.3506e-03      -3.5291e-05     4.4771e-08   9.8263e-10
2	0	6	6	0.0000e+00	1.0620e-02       2.3102e-03      -3.3824e-05     2.6730e-08   1.0570e-09
3	0	6	6	0.0000e+00	1.6887e-02       2.1583e-03      -3.7565e-05     1.4626e-07   2.9590e-10
4	0	6	6	0.0000e+00	1.3294e-02       2.1334e-03      -3.2268e-05     5.3571e-08   7.6446e-10
5	0	6	6	0.0000e+00	1.4233e-02       2.3008e-03      -3.7593e-05     9.7057e-08   6.9718e-10
6	0	6	6	0.0000e+00	9.7281e-03       2.3641e-03      -3.5991e-05     6.1538e-08   8.7448e-10
### SDC2
7	0	6	6	0.0000e+00	3.5566e-02       8.6268e-05      5.7844e-05      -1.8140e-06     1.3937e-08
8	0	6	6	0.0000e+00	4.1319e-02       -4.2819e-04     7.7036e-05      -2.1279e-06     1.5796e-08
9	0	6	6	0.0000e+00	3.7146e-02       3.2894e-04      4.3437e-05      -1.5551e-06     1.2392e-08
10	0	6	6	0.0000e+00	3.4803e-02       -6.3120e-04     9.4041e-05      -2.3991e-06     1.7052e-08
### SDC3
31	0	6	6	0.0000e+00	1.4445e-02       1.1114e-03      -8.5397e-06     -1.4541e-08     1.7856e-10
32	0	6	6	0.0000e+00	2.5157e-03       2.3726e-03      -3.9656e-05     2.6860e-07      -6.9123e-10
33	0	6	6	0.0000e+00	2.1586e-02       6.9197e-04      1.7939e-06      -1.2154e-07     5.5941e-10
34	0	6	6	0.0000e+00	1.6058e-02       9.8978e-04      -2.9274e-06     -9.6884e-08     5.3532e-10
#### SDC4
35	0	6	6	0.0000e+00	2.6052e-02       7.0501e-04      -2.5028e-06     -6.0469e-08     3.1957e-10
36	0	6	6	0.0000e+00	2.4963e-02       7.2758e-04      -2.4875e-06     -6.4790e-08     3.4533e-10
37	0	6	6	0.0000e+00	1.2181e-02       1.4854e-03      -1.7742e-05     6.5524e-08      -5.3893e-11
38	0	6	6	0.0000e+00	1.8816e-02       1.1207e-03      -1.0122e-05     -7.5604e-10     1.5089e-10
#### SDC5
39	0	6	6	0.0000e+00	2.0531e-02       8.6803e-04      -4.0875e-06     -5.4983e-08     3.1604e-10
40	0	6	6	0.0000e+00	2.2295e-02       8.1555e-04      -2.6185e-06     -7.5935e-08     4.0959e-10
41	0	6	6	0.0000e+00	1.1181e-02       1.4614e-03      -1.7486e-05     7.1928e-08      -1.0980e-10
42	0	6	6	0.0000e+00	1.7669e-02       1.3589e-03      -1.7046e-05     6.7920e-08      -7.3997e-11
#
### BC3					  		  		   		  		   	
113 	0       6       6	0.0000e+00	-1.2309e-04      4.2897e-03     -8.3779e-05     -1.2386e-06   2.9862e-08
114 	0       6       6	0.0000e+00	2.6562e-03       3.1375e-03     -1.0315e-05     -2.9191e-06   4.3141e-08
115 	0       6       6	0.0000e+00	6.1759e-03       2.2396e-03     4.4939e-05      -4.2273e-06   5.3666e-08
116 	0       6       6	0.0000e+00	7.3188e-03       3.0813e-03     -2.4906e-06     -3.6234e-06   5.4585e-08
117 	0       6       6	0.0000e+00	-8.9121e-03      5.5750e-03     -1.5752e-04     5.6617e-07    1.4632e-08
118 	0       6       6	0.0000e+00	1.3915e-02       8.4773e-04     1.2646e-04      -6.3290e-06   7.4047e-08
### BC4					  	
119 	0       6       6	0.0000e+00	7.6817e-03       2.5105e-03     3.4006e-05      -4.3303e-06   5.8396e-08
120 	0       6       6	0.0000e+00	7.1258e-03       2.6030e-03     2.4996e-05      -4.0634e-06   5.5883e-08
121 	0       6       6	0.0000e+00	-5.3051e-04      3.5832e-03     -1.7087e-05     -3.2741e-06   5.0284e-08
122 	0       6       6	0.0000e+00	-2.4930e-03      3.7991e-03     -3.1478e-05     -2.8306e-06   4.5512e-08
123 	0       6       6	0.0000e+00	6.4512e-03       3.4176e-03     -5.5658e-05     -1.4305e-06   2.7988e-08
124 	0       6       6	0.0000e+00	3.4377e-02       -1.7479e-03    2.6626e-04      -9.8141e-06   1.0685e-07

