##
#  file: DCDriftParam_e70_20240417 <- DCDriftParam_e70_20230620
#  date: 2024-04-17 19:52
#  note: first version
#        DCDriftParam SdcIn ... done
#        DCDriftParam BcOut ... done
#        DCDriftParam SdcOut ... done (w/ run70257)
#        DCDriftParam BcOut ... done (w/ run70257)
#
#######################################################################
# Id	WireId	Type	NParam	p0	p1	...
### SDC1
1	0	6	6	0.0000e+00	5.9797e-03       2.3586e-03      -3.1499e-05     -1.5981e-08      1.2458e-09
2	0	6	6	0.0000e+00	6.0780e-03       2.3565e-03      -3.1509e-05     -1.7563e-08      1.2715e-09
3	0	6	6	0.0000e+00	1.2309e-02       2.1647e-03      -3.3132e-05     6.8168e-08       6.7732e-10
4	0	6	6	0.0000e+00	9.3387e-03       2.1397e-03      -2.8936e-05     -2.2581e-09      1.0252e-09
5	0	6	6	0.0000e+00	9.0601e-03       2.3213e-03      -3.3561e-05     2.8578e-08       1.0086e-09
6	0	6	6	0.0000e+00	4.6798e-03       2.3557e-03      -3.0811e-05     -2.5372e-08      1.2922e-09
### SDC2
7	0	6	6	0.0000e+00	1.6855e-02       2.4563e-03      -4.5427e-05     6.0899e-08       1.9481e-09
8	0	6	6	0.0000e+00	1.7878e-02       2.4925e-03      -4.8306e-05     1.1374e-07       1.6399e-09
9	0	6	6	0.0000e+00	1.8473e-02       2.3867e-03      -4.3687e-05     3.5705e-08       2.0888e-09
10	0	6	6	0.0000e+00	1.1577e-02       2.3768e-03      -3.4819e-05     -1.2261e-07      2.8676e-09
### SDC3
31	0	6	6	0.0000e+00	-2.5712e-02      3.2253e-03      -4.9286e-05     3.1090e-07      -7.3686e-10
32	0	6	6	0.0000e+00	-9.3512e-03      2.2895e-03      -2.7353e-05     1.0962e-07      -1.1760e-10
33	0	6	6	0.0000e+00	1.5468e-02       7.9330e-04      2.4781e-06      -1.4122e-07     6.4690e-10
34	0	6	6	0.0000e+00	5.3700e-03       1.4513e-03      -1.1008e-05     -2.9852e-08     3.2267e-10
#### SDC4
35	0	6	6	0.0000e+00	2.6292e-02       7.7461e-04      -4.0731e-06     -4.7636e-08     2.8167e-10
36	0	6	6	0.0000e+00	3.7862e-02       2.2255e-04      5.9925e-06      -1.2950e-07     5.2740e-10
37	0	6	6	0.0000e+00	1.7672e-02       1.2753e-03      -1.5587e-05     6.0682e-08      -6.7050e-11
38	0	6	6	0.0000e+00	1.1874e-02       1.5241e-03      -1.8813e-05     7.7014e-08      -9.7629e-11
#### SDC5
39	0	6	6	0.0000e+00	1.5211e-02       1.1060e-03      -7.8532e-06     -3.1592e-08     2.7007e-10
40	0	6	6	0.0000e+00	1.3127e-02       1.1946e-03      -9.2567e-06     -2.1935e-08     2.4500e-10
41	0	6	6	0.0000e+00	7.6566e-03       1.9915e-03      -3.1103e-05     1.9529e-07      -4.7959e-10
42	0	6	6	0.0000e+00	1.0376e-02       1.4353e-03      -1.4521e-05     2.6140e-08      8.7069e-11
#
### BC3					  		  		   		  		   	
113 	0       6       6	0.0000e+00	1.1482e-02 	 3.3474e-03 	 -5.7863e-05 	 -1.4928e-06 	 3.0238e-08
114 	0       6       6	0.0000e+00	1.1533e-02 	 2.2609e-03 	 2.3476e-05 	 -3.5429e-06 	 4.7995e-08
115 	0       6       6	0.0000e+00	1.3747e-02 	 1.3222e-03 	 9.6810e-05 	 -5.6524e-06 	 6.8161e-08
116 	0       6       6	0.0000e+00	1.0091e-02 	 2.4877e-03 	 2.7542e-05 	 -4.1733e-06 	 5.7726e-08
117 	0       6       6	0.0000e+00	4.8358e-03 	 3.9482e-03 	 -7.3692e-05 	 -1.4689e-06 	 3.2591e-08
118 	0       6       6	0.0000e+00	1.6295e-02 	 6.1937e-05 	 1.6991e-04 	 -7.1569e-06 	 7.8743e-08
### BC4					  		  		   		  		   	
119 	0       6       6	0.0000e+00	1.7087e-02 	 1.8248e-03 	 5.8945e-05 	 -4.9576e-06 	 6.5451e-08
120 	0       6       6	0.0000e+00	1.0259e-02 	 1.7105e-03 	 8.2485e-05 	 -5.5045e-06 	 6.8764e-08
121 	0       6       6	0.0000e+00	1.5321e-02 	 1.3756e-03 	 1.0945e-04 	 -6.6109e-06 	 8.2957e-08
122 	0       6       6	0.0000e+00	1.2609e-02 	 1.3092e-03 	 1.0923e-04 	 -6.1703e-06 	 7.3991e-08
123 	0       6       6	0.0000e+00	1.9933e-03 	 4.3091e-03 	 -1.0570e-04 	 -3.1115e-07 	 1.9108e-08
124 	0       6       6	0.0000e+00	2.7651e-02 	 -9.0916e-04 	 2.2609e-04 	 -8.9025e-06 	 9.8534e-08
