##
#  file: DCDriftParam_e70_20240417 <- DCDriftParam_e70_20230620
#  date: 2024-04-17 19:52
#  note: first version
#        DCDriftParam SdcIn ... done
#        DCDriftParam BcOut ... done
#        DCDriftParam SdcOut ... done (w/ run70257)
#        DCDriftParam BcOut ... done (w/ run70257)
#
#######################################################################
# Id	WireId	Type	NParam	p0	p1	...
### SDC1
1	0	6	6	0.0000e+00	1.8010e-02       2.0277e-03      -2.8172e-05     -5.3549e-08    1.5448e-09
2	0	6	6	0.0000e+00	1.6716e-02       2.1591e-03      -3.2745e-05     1.1086e-08     1.2255e-09
3	0	6	6	0.0000e+00	2.7397e-02       1.6841e-03      -3.0195e-05     9.7317e-08     4.1561e-10
4	0	6	6	0.0000e+00	2.2912e-02       1.7243e-03      -2.7125e-05     3.6580e-08     7.2728e-10
5	0	6	6	0.0000e+00	2.3119e-02       1.9108e-03      -2.9520e-05     -4.0716e-09    1.2413e-09
6	0	6	6	0.0000e+00	1.5376e-02       2.0960e-03      -3.0153e-05     -1.4385e-08    1.2905e-09
### SDC2
7	0	6	6	0.0000e+00	4.4730e-02       -4.6686e-04     7.6508e-05      -2.1811e-06    1.6684e-08
8	0	6	6	0.0000e+00	5.3472e-02       -1.2664e-03     1.0866e-04      -2.7556e-06    2.0399e-08
9	0	6	6	0.0000e+00	4.4204e-02       4.8583e-04      2.4581e-05      -1.2097e-06    1.0576e-08
10	0	6	6	0.0000e+00	4.6072e-02       -1.7863e-03     1.4454e-04      -3.3711e-06    2.3672e-08
### SDC3
31	0	6	6	0.0000e+00	-1.6789e-02      3.0553e-03      -4.9104e-05     3.2634e-07      -8.2412e-10
32	0	6	6	0.0000e+00	2.7330e-02       5.1906e-04      3.1716e-06      -1.1352e-07     4.6424e-10
33	0	6	6	0.0000e+00	3.0588e-02       -2.3400e-04     2.8231e-05      -4.0927e-07     1.6212e-09
34	0	6	6	0.0000e+00	1.0532e-02       1.1815e-03      -4.7971e-06     -9.5801e-08     5.6599e-10
#### SDC4
35	0	6	6	0.0000e+00	2.6249e-02       9.5452e-04      -9.9449e-06     1.2156e-08      8.6151e-11
36	0	6	6	0.0000e+00	3.2501e-02       4.7176e-04      1.6727e-06      -1.0057e-07     4.6902e-10
37	0	6	6	0.0000e+00	2.1558e-02       1.1514e-03      -1.5198e-05     7.1732e-08      -1.3378e-10
38	0	6	6	0.0000e+00	2.7254e-02       8.0301e-04      -6.1765e-06     -2.0654e-08     1.8106e-10
#### SDC5
39	0	6	6	0.0000e+00	2.5550e-02       6.3239e-04      2.1339e-07      -9.3054e-08     4.4285e-10
40	0	6	6	0.0000e+00	1.9891e-02       9.8491e-04      -6.2547e-06     -4.7457e-08     3.3345e-10
41	0	6	6	0.0000e+00	1.1908e-02       1.8361e-03      -2.9280e-05     1.8852e-07      -4.8009e-10
42	0	6	6	0.0000e+00	2.1227e-02       9.6860e-04      -7.1680e-06     -2.4752e-08     2.1714e-10
#
### BC3					  		  		   		  		   	
113 	0       6       6	0.0000e+00	1.1482e-02 	 3.3474e-03 	 -5.7863e-05 	 -1.4928e-06 	 3.0238e-08
114 	0       6       6	0.0000e+00	1.1533e-02 	 2.2609e-03 	 2.3476e-05 	 -3.5429e-06 	 4.7995e-08
115 	0       6       6	0.0000e+00	1.3747e-02 	 1.3222e-03 	 9.6810e-05 	 -5.6524e-06 	 6.8161e-08
116 	0       6       6	0.0000e+00	1.0091e-02 	 2.4877e-03 	 2.7542e-05 	 -4.1733e-06 	 5.7726e-08
117 	0       6       6	0.0000e+00	4.8358e-03 	 3.9482e-03 	 -7.3692e-05 	 -1.4689e-06 	 3.2591e-08
118 	0       6       6	0.0000e+00	1.6295e-02 	 6.1937e-05 	 1.6991e-04 	 -7.1569e-06 	 7.8743e-08
### BC4					  		  		   		  		   	
119 	0       6       6	0.0000e+00	1.7087e-02 	 1.8248e-03 	 5.8945e-05 	 -4.9576e-06 	 6.5451e-08
120 	0       6       6	0.0000e+00	1.0259e-02 	 1.7105e-03 	 8.2485e-05 	 -5.5045e-06 	 6.8764e-08
121 	0       6       6	0.0000e+00	1.5321e-02 	 1.3756e-03 	 1.0945e-04 	 -6.6109e-06 	 8.2957e-08
122 	0       6       6	0.0000e+00	1.2609e-02 	 1.3092e-03 	 1.0923e-04 	 -6.1703e-06 	 7.3991e-08
123 	0       6       6	0.0000e+00	1.9933e-03 	 4.3091e-03 	 -1.0570e-04 	 -3.1115e-07 	 1.9108e-08
124 	0       6       6	0.0000e+00	2.7651e-02 	 -9.0916e-04 	 2.2609e-04 	 -8.9025e-06 	 9.8534e-08
