#
#  file: DCDriftParam_e70_20240417 <- DCDriftParam_e70_20230620
#  date: 2024-04-17 19:52
#  note: first version
#        DCDriftParam SdcIn ... done
#        DCDriftParam BcOut ... done
#        DCDriftParam SdcOut ... done (w/ run70257)
#        DCDriftParam BcOut ... done (w/ run70257)
#
#######################################################################
# Id	WireId	Type	NParam	p0	p1	...
### SDC1
1	0	6	6	0.00000e+00	1.66144e-02	1.85150e-03	-2.53711e-05	-2.95778e-08	1.18297e-09
2	0	6	6	0.00000e+00	1.47008e-02	2.05663e-03	-3.22381e-05	6.14834e-08	7.60840e-10
3	0	6	6	0.00000e+00	1.62403e-02	2.03561e-03	-3.61826e-05	1.67787e-07	4.66616e-11
4	0	6	6	0.00000e+00	2.15706e-02	1.87775e-03	-3.46599e-05	1.62724e-07	5.13161e-11
5	0	6	6	0.00000e+00	1.60257e-02	1.92087e-03	-2.81657e-05	1.41010e-08	9.52533e-10
6	0	6	6	0.00000e+00	1.89949e-02	1.85861e-03	-2.78027e-05	8.37290e-09	1.01352e-09
### SDC2
7	0	6	6	0.00000e+00	3.87014e-02	9.37208e-04	-2.06941e-06	-5.66282e-07	5.66475e-09
8	0	6	6	0.00000e+00	3.17438e-02	1.35079e-03	-1.26037e-05	-4.36856e-07	5.04161e-09
9	0	6	6	0.00000e+00	3.16853e-02	1.30739e-03	-1.12254e-05	-4.39753e-07	4.91813e-09
10	0	6	6	0.00000e+00	2.51246e-02	1.38920e-03	-6.64426e-06	-5.42268e-07	5.48180e-09
### SDC3
31	0	6	6	0.00000e+00	-2.72331e-02	2.92044e-03	-4.41744e-05	2.96694e-07	-7.93179e-10
32	0	6	6	0.00000e+00	-2.31412e-02	2.87347e-03	-4.62719e-05	3.31473e-07	-9.36668e-10
33	0	6	6	0.00000e+00	3.01574e-02	-4.56247e-04	2.63717e-05	-3.29382e-07	1.20527e-09
34	0	6	6	0.00000e+00	1.91637e-02	2.56524e-04	1.06088e-05	-1.81136e-07	6.95175e-10
### SDC4			     
35	0	6	6	0.00000e+00	9.58491e-03	1.16428e-03	-1.03895e-05	9.70124e-09	9.23214e-11
36	0	6	6	0.00000e+00	1.21834e-02	1.15703e-03	-1.16054e-05	2.53701e-08	3.56742e-11
37	0	6	6	0.00000e+00	-1.79669e-02	2.55278e-03	-3.62688e-05	2.18087e-07	-5.14894e-10
38	0	6	6	0.00000e+00	-2.79773e-03	1.49110e-03	-1.39147e-05	3.12279e-08	3.26135e-11
### SDC5			     
39	0	6	6	0.00000e+00	3.20961e-02	-8.57170e-05	1.33155e-05	-1.80171e-07	6.40927e-10
40	0	6	6	0.00000e+00	1.50896e-02	7.72881e-04	-2.16505e-06	-6.12748e-08	3.09251e-10
41	0	6	6	0.00000e+00	-1.27251e-02	2.33719e-03	-3.23810e-05	1.84446e-07	-4.06777e-10
42	0	6	6	0.00000e+00	1.15001e-03	1.57297e-03	-1.79242e-05	7.07458e-08	-8.61127e-11
### BC3				     	  		   		  		   	
113	0	6	6	0.00000e+00	-6.35775e-03	4.28208e-03	-1.06391e-04	3.42442e-07	7.16259e-09
114	0	6	6	0.00000e+00	-1.04041e-02	4.14722e-03	-8.44882e-05	-2.59681e-07	1.21838e-08
115	0	6	6	0.00000e+00	-1.10124e-02	3.84789e-03	-6.19278e-05	-8.05582e-07	1.65681e-08
116	0	6	6	0.00000e+00	-1.21288e-02	4.36645e-03	-9.32872e-05	-1.25156e-07	1.15362e-08
117	0	6	6	0.00000e+00	-1.10114e-02	5.17937e-03	-1.53027e-04	1.29052e-06	4.23137e-10
118	0	6	6	0.00000e+00	-7.26284e-03	2.79479e-03	-8.65596e-06	-1.80592e-06	2.30673e-08
### BC4				
119	0	6	6	0.00000e+00	-9.47573e-03	4.46386e-03	-1.05943e-04	1.91114e-07	9.07339e-09
120	0	6	6	0.00000e+00	-8.81608e-03	3.86137e-03	-6.76279e-05	-6.54123e-07	1.53681e-08
121	0	6	6	0.00000e+00	-9.98252e-03	4.06286e-03	-7.58074e-05	-5.33077e-07	1.48033e-08
122	0	6	6	0.00000e+00	-1.02069e-02	3.87910e-03	-6.23779e-05	-8.45681e-07	1.71954e-08
123	0	6	6	0.00000e+00	-1.10036e-02	3.69713e-03	-4.79942e-05	-1.18988e-06	1.99132e-08
124	0	6	6	0.00000e+00	-7.00284e-03	3.06137e-03	-1.65136e-05	-1.82293e-06	2.44250e-08
