##
#  file: DCDriftParam_e70_20240417 <- DCDriftParam_e70_20230620
#  date: 2024-04-17 19:52
#  note: first version
#        DCDriftParam SdcIn ... done
#        DCDriftParam BcOut ... done
#        DCDriftParam SdcOut ... done (w/ run70257)
#        DCDriftParam BcOut ... done (w/ run70257)
#
#######################################################################
# Id	WireId	Type	NParam	p0	p1	...
### SDC1
1	0	6	6	0.0000e+00	5.9797e-03       2.3586e-03      -3.1499e-05     -1.5981e-08      1.2458e-09
2	0	6	6	0.0000e+00	6.0780e-03       2.3565e-03      -3.1509e-05     -1.7563e-08      1.2715e-09
3	0	6	6	0.0000e+00	1.2309e-02       2.1647e-03      -3.3132e-05     6.8168e-08       6.7732e-10
4	0	6	6	0.0000e+00	9.3387e-03       2.1397e-03      -2.8936e-05     -2.2581e-09      1.0252e-09
5	0	6	6	0.0000e+00	9.0601e-03       2.3213e-03      -3.3561e-05     2.8578e-08       1.0086e-09
6	0	6	6	0.0000e+00	4.6798e-03       2.3557e-03      -3.0811e-05     -2.5372e-08      1.2922e-09
### SDC2
7	0	6	6	0.0000e+00	1.6855e-02       2.4563e-03      -4.5427e-05     6.0899e-08       1.9481e-09
8	0	6	6	0.0000e+00	1.7878e-02       2.4925e-03      -4.8306e-05     1.1374e-07       1.6399e-09
9	0	6	6	0.0000e+00	1.8473e-02       2.3867e-03      -4.3687e-05     3.5705e-08       2.0888e-09
10	0	6	6	0.0000e+00	1.1577e-02       2.3768e-03      -3.4819e-05     -1.2261e-07      2.8676e-09
### SDC3
31	0	6	6	0.0000e+00	1.4716e-02       9.9108e-04      -4.3542e-06     -6.2246e-08     3.5296e-10
32	0	6	6	0.0000e+00	2.4269e-03       2.1424e-03      -3.1425e-05     1.7517e-07      -3.5250e-10
33	0	6	6	0.0000e+00	1.8626e-02       8.4687e-04      -1.2947e-06     -9.5351e-08     4.7988e-10
34	0	6	6	0.0000e+00	1.5675e-02       1.0419e-03      -4.7776e-06     -7.3112e-08     4.3651e-10
#### SDC4
35	0	6	6	0.0000e+00	1.9156e-02       1.0800e-03      -9.6568e-06     -2.9794e-09     1.5345e-10
36	0	6	6	0.0000e+00	2.8279e-02       6.8899e-04      -3.3249e-06     -4.8388e-08     2.7260e-10
37	0	6	6	0.0000e+00	9.8994e-03       1.5669e-03      -1.8867e-05     7.1802e-08      -6.5520e-11
38	0	6	6	0.0000e+00	1.1715e-02       1.5919e-03      -2.2080e-05     1.1843e-07      -2.5221e-10
#### SDC5
39	0	6	6	0.0000e+00	2.2909e-02       7.4865e-04      -1.6770e-06     -7.8046e-08     3.9716e-10
40	0	6	6	0.0000e+00	2.1978e-02       8.9384e-04      -5.0093e-06     -4.9954e-08     3.1451e-10
41	0	6	6	0.0000e+00	1.9976e-02       1.0021e-03      -7.5802e-06     -2.2734e-08     2.1579e-10
42	0	6	6	0.0000e+00	1.3174e-02       1.6255e-03      -2.3013e-05     1.2204e-07      -2.4428e-10
#
### BC3					  		  		   		  		   	
113 	0       6       6	0.0000e+00	-1.2309e-04      4.2897e-03     -8.3779e-05     -1.2386e-06   2.9862e-08
114 	0       6       6	0.0000e+00	2.6562e-03       3.1375e-03     -1.0315e-05     -2.9191e-06   4.3141e-08
115 	0       6       6	0.0000e+00	6.1759e-03       2.2396e-03     4.4939e-05      -4.2273e-06   5.3666e-08
116 	0       6       6	0.0000e+00	7.3188e-03       3.0813e-03     -2.4906e-06     -3.6234e-06   5.4585e-08
117 	0       6       6	0.0000e+00	-8.9121e-03      5.5750e-03     -1.5752e-04     5.6617e-07    1.4632e-08
118 	0       6       6	0.0000e+00	1.3915e-02       8.4773e-04     1.2646e-04      -6.3290e-06   7.4047e-08
### BC4					  	
119 	0       6       6	0.0000e+00	7.6817e-03       2.5105e-03     3.4006e-05      -4.3303e-06   5.8396e-08
120 	0       6       6	0.0000e+00	7.1258e-03       2.6030e-03     2.4996e-05      -4.0634e-06   5.5883e-08
121 	0       6       6	0.0000e+00	-5.3051e-04      3.5832e-03     -1.7087e-05     -3.2741e-06   5.0284e-08
122 	0       6       6	0.0000e+00	-2.4930e-03      3.7991e-03     -3.1478e-05     -2.8306e-06   4.5512e-08
123 	0       6       6	0.0000e+00	6.4512e-03       3.4176e-03     -5.5658e-05     -1.4305e-06   2.7988e-08
124 	0       6       6	0.0000e+00	3.4377e-02       -1.7479e-03    2.6626e-04      -9.8141e-06   1.0685e-07

