#
#  file: DCDriftParam_e70_20240417 <- DCDriftParam_e70_20230620
#  date: 2024-04-17 19:52
#  note: first version
#        DCDriftParam SdcIn ... done
#        DCDriftParam BcOut ... done
#        DCDriftParam SdcOut ... done (w/ run70257)
#        DCDriftParam BcOut ... done (w/ run70257)
#
#######################################################################
# Id	WireId	Type	NParam	p0	p1	...
### SDC1
1	0	6	6	0.00000e+00	2.37078e-02	1.22665e-03	-8.83132e-06	-2.13685e-07	1.94269e-09
2	0	6	6	0.00000e+00	2.27972e-02	1.36044e-03	-1.37962e-05	-1.43001e-07	1.59417e-09
3	0	6	6	0.00000e+00	2.17182e-02	1.49064e-03	-2.01033e-05	-2.80272e-08	9.11406e-10
4	0	6	6	0.00000e+00	2.66501e-02	1.29751e-03	-1.67351e-05	-5.83025e-08	1.02201e-09
5	0	6	6	0.00000e+00	2.41864e-02	1.18961e-03	-7.84688e-06	-2.25469e-07	1.99819e-09
6	0	6	6	0.00000e+00	2.95917e-02	9.64359e-04	-3.46200e-06	-2.72287e-07	2.20591e-09
### SDC2
7	0	6	6	0.00000e+00	4.24429e-02	3.53192e-04	1.83377e-05	-8.50559e-07	7.10632e-09
8	0	6	6	0.00000e+00	3.72686e-02	7.25392e-04	7.21506e-06	-6.95919e-07	6.28837e-09
9	0	6	6	0.00000e+00	3.68852e-02	4.93466e-04	1.96802e-05	-9.14299e-07	7.56139e-09
10	0	6	6	0.00000e+00	3.11126e-02	7.93235e-04	1.14468e-05	-7.75623e-07	6.61053e-09
### SDC3
31	0	6	6	0.00000e+00	-2.72331e-02	2.92044e-03	-4.41744e-05	2.96694e-07	-7.93179e-10
32	0	6	6	0.00000e+00	-2.31412e-02	2.87347e-03	-4.62719e-05	3.31473e-07	-9.36668e-10
33	0	6	6	0.00000e+00	3.01574e-02	-4.56247e-04	2.63717e-05	-3.29382e-07	1.20527e-09
34	0	6	6	0.00000e+00	1.91637e-02	2.56524e-04	1.06088e-05	-1.81136e-07	6.95175e-10
### SDC4			     
35	0	6	6	0.00000e+00	9.58491e-03	1.16428e-03	-1.03895e-05	9.70124e-09	9.23214e-11
36	0	6	6	0.00000e+00	1.21834e-02	1.15703e-03	-1.16054e-05	2.53701e-08	3.56742e-11
37	0	6	6	0.00000e+00	-1.79669e-02	2.55278e-03	-3.62688e-05	2.18087e-07	-5.14894e-10
38	0	6	6	0.00000e+00	-2.79773e-03	1.49110e-03	-1.39147e-05	3.12279e-08	3.26135e-11
### SDC5			     
39	0	6	6	0.00000e+00	3.20961e-02	-8.57170e-05	1.33155e-05	-1.80171e-07	6.40927e-10
40	0	6	6	0.00000e+00	1.50896e-02	7.72881e-04	-2.16505e-06	-6.12748e-08	3.09251e-10
41	0	6	6	0.00000e+00	-1.27251e-02	2.33719e-03	-3.23810e-05	1.84446e-07	-4.06777e-10
42	0	6	6	0.00000e+00	1.15001e-03	1.57297e-03	-1.79242e-05	7.07458e-08	-8.61127e-11
### BC3				     	  		   		  		   	
113	0	6	6	0.00000e+00	-6.35775e-03	4.28208e-03	-1.06391e-04	3.42442e-07	7.16259e-09
114	0	6	6	0.00000e+00	-1.04041e-02	4.14722e-03	-8.44882e-05	-2.59681e-07	1.21838e-08
115	0	6	6	0.00000e+00	-1.10124e-02	3.84789e-03	-6.19278e-05	-8.05582e-07	1.65681e-08
116	0	6	6	0.00000e+00	-1.21288e-02	4.36645e-03	-9.32872e-05	-1.25156e-07	1.15362e-08
117	0	6	6	0.00000e+00	-1.10114e-02	5.17937e-03	-1.53027e-04	1.29052e-06	4.23137e-10
118	0	6	6	0.00000e+00	-7.26284e-03	2.79479e-03	-8.65596e-06	-1.80592e-06	2.30673e-08
### BC4				
119	0	6	6	0.00000e+00	-9.47573e-03	4.46386e-03	-1.05943e-04	1.91114e-07	9.07339e-09
120	0	6	6	0.00000e+00	-8.81608e-03	3.86137e-03	-6.76279e-05	-6.54123e-07	1.53681e-08
121	0	6	6	0.00000e+00	-9.98252e-03	4.06286e-03	-7.58074e-05	-5.33077e-07	1.48033e-08
122	0	6	6	0.00000e+00	-1.02069e-02	3.87910e-03	-6.23779e-05	-8.45681e-07	1.71954e-08
123	0	6	6	0.00000e+00	-1.10036e-02	3.69713e-03	-4.79942e-05	-1.18988e-06	1.99132e-08
124	0	6	6	0.00000e+00	-7.00284e-03	3.06137e-03	-1.65136e-05	-1.82293e-06	2.44250e-08
