##
#  file: DCDriftParam_e70_20240417 <- DCDriftParam_e70_20230620
#  date: 2024-04-17 19:52
#  note: first version
#        DCDriftParam SdcIn ... done
#        DCDriftParam BcOut ... done
#        DCDriftParam SdcOut ... done (w/ run70257)
#        DCDriftParam BcOut ... done (w/ run70257)
#
#######################################################################
# Id	WireId	Type	NParam	p0	p1	...
### SDC1
1	0	6	6	0.0000e+00	1.9053e-02       2.1345e-03      -3.3688e-05     2.8437e-08     1.1477e-09
2	0	6	6	0.0000e+00	1.8775e-02       2.1708e-03      -3.5513e-05     5.9593e-08     9.8475e-10
3	0	6	6	0.0000e+00	3.1498e-02       1.4279e-03      -2.3206e-05     5.8682e-09     8.7145e-10
4	0	6	6	0.0000e+00	2.7456e-02       1.4506e-03      -1.9741e-05     -6.0246e-08    1.2132e-09
5	0	6	6	0.0000e+00	2.2921e-02       1.9019e-03      -2.9152e-05     -5.9895e-09    1.2295e-09
6	0	6	6	0.0000e+00	1.5297e-02       2.2022e-03      -3.4664e-05     5.2337e-08     9.5792e-10
### SDC2
7	0	6	6	0.0000e+00	4.4010e-02       -3.9953e-04     7.3893e-05      -2.1379e-06    1.6424e-08
8	0	6	6	0.0000e+00	5.4209e-02       -1.3615e-03     1.1244e-04      -2.8099e-06    2.0638e-08
9	0	6	6	0.0000e+00	4.3771e-02       4.4219e-04      2.7785e-05      -1.2762e-06    1.1017e-08
10	0	6	6	0.0000e+00	4.5578e-02       -1.7252e-03     1.4123e-04      -3.2930e-06    2.3055e-08
### SDC3
31	0	6	6	0.0000e+00	-3.0015e-02      3.9854e-03      -7.0429e-05     5.2650e-07      -1.4895e-09
32	0	6	6	0.0000e+00	2.6602e-02       5.5321e-04      4.0045e-06      -1.3746e-07     5.9352e-10
33	0	6	6	0.0000e+00	3.1855e-02       -2.0221e-04     2.6510e-05      -3.8887e-07     1.5465e-09
34	0	6	6	0.0000e+00	1.1466e-02       1.1961e-03      -5.5086e-06     -8.8978e-08     5.4553e-10
#### SDC4
35	0	6	6	0.0000e+00	2.8806e-02       8.7005e-04      -8.8853e-06     6.3989e-09      9.7077e-11
36	0	6	6	0.0000e+00	3.1743e-02       5.6116e-04      -3.3004e-07     -8.3635e-08     4.1866e-10
37	0	6	6	0.0000e+00	1.9847e-02       1.2504e-03      -1.6856e-05     8.2761e-08      -1.5914e-10
38	0	6	6	0.0000e+00	1.9892e-02       1.2407e-03      -1.4914e-05     5.1912e-08      -3.4104e-11
#### SDC5
39	0	6	6	0.0000e+00	2.4261e-02       7.2053e-04      -1.4261e-06     -8.1449e-08     4.1547e-10
40	0	6	6	0.0000e+00	2.0661e-02       9.9326e-04      -7.0792e-06     -3.6145e-08     2.8787e-10
41	0	6	6	0.0000e+00	1.8812e-02       1.5174e-03      -2.3540e-05     1.4349e-07      -3.5204e-10
42	0	6	6	0.0000e+00	2.3071e-02       9.3332e-04      -6.9660e-06     -2.4289e-08     2.1050e-10
#
### BC3					  		  		   		  		   	
113 	0       6       6	0.0000e+00	1.1482e-02 	 3.3474e-03 	 -5.7863e-05 	 -1.4928e-06 	 3.0238e-08
114 	0       6       6	0.0000e+00	1.1533e-02 	 2.2609e-03 	 2.3476e-05 	 -3.5429e-06 	 4.7995e-08
115 	0       6       6	0.0000e+00	1.3747e-02 	 1.3222e-03 	 9.6810e-05 	 -5.6524e-06 	 6.8161e-08
116 	0       6       6	0.0000e+00	1.0091e-02 	 2.4877e-03 	 2.7542e-05 	 -4.1733e-06 	 5.7726e-08
117 	0       6       6	0.0000e+00	4.8358e-03 	 3.9482e-03 	 -7.3692e-05 	 -1.4689e-06 	 3.2591e-08
118 	0       6       6	0.0000e+00	1.6295e-02 	 6.1937e-05 	 1.6991e-04 	 -7.1569e-06 	 7.8743e-08
### BC4					  		  		   		  		   	
119 	0       6       6	0.0000e+00	1.7087e-02 	 1.8248e-03 	 5.8945e-05 	 -4.9576e-06 	 6.5451e-08
120 	0       6       6	0.0000e+00	1.0259e-02 	 1.7105e-03 	 8.2485e-05 	 -5.5045e-06 	 6.8764e-08
121 	0       6       6	0.0000e+00	1.5321e-02 	 1.3756e-03 	 1.0945e-04 	 -6.6109e-06 	 8.2957e-08
122 	0       6       6	0.0000e+00	1.2609e-02 	 1.3092e-03 	 1.0923e-04 	 -6.1703e-06 	 7.3991e-08
123 	0       6       6	0.0000e+00	1.9933e-03 	 4.3091e-03 	 -1.0570e-04 	 -3.1115e-07 	 1.9108e-08
124 	0       6       6	0.0000e+00	2.7651e-02 	 -9.0916e-04 	 2.2609e-04 	 -8.9025e-06 	 9.8534e-08
