##
#  file: DCDriftParam_e70_20240417 <- DCDriftParam_e70_20230620
#  date: 2024-04-17 19:52
#  note: first version
#        DCDriftParam SdcIn ... done
#        DCDriftParam BcOut ... done
#        DCDriftParam SdcOut ... done (w/ run70257)
#        DCDriftParam BcOut ... done (w/ run70257)
#
#######################################################################
# Id	WireId	Type	NParam	p0	p1	...
### SDC1
1	0	6	6	0.0000e+00	4.6423e-03 	 2.7573e-03 	 -5.0310e-05 	 2.7571e-07 	 -2.1123e-10
2	0	6	6	0.0000e+00	4.5183e-03 	 2.7157e-03 	 -4.8886e-05 	 2.6088e-07 	 -1.6215e-10
3	0	6	6	0.0000e+00	9.8251e-03 	 2.5258e-03 	 -4.8152e-05 	 2.9485e-07 	 -4.4877e-10
4	0	6	6	0.0000e+00	1.6422e-02 	 2.1868e-03 	 -4.1039e-05 	 2.2492e-07 	 -1.8534e-10
5	0	6	6	0.0000e+00	-3.2472e-05 	 2.9251e-03 	 -5.3763e-05 	 3.1811e-07 	 -4.1962e-10
6	0	6	6	0.0000e+00	4.1219e-03 	 2.7426e-03 	 -4.9853e-05 	 2.7595e-07 	 -2.4179e-10
#### SDC2
7	0	6	6	0.0000e+00	1.6892e-02 	 2.6609e-03 	 -6.0041e-05 	 3.6359e-07 	 -4.7099e-12
8	0	6	6	0.0000e+00	1.8484e-02 	 2.3518e-03 	 -4.6295e-05 	 1.3634e-07 	 1.2822e-09
9	0	6	6	0.0000e+00	8.5242e-03 	 2.9929e-03 	 -6.4975e-05 	 4.0322e-07 	 -1.8136e-10
10	0	6	6	0.0000e+00	1.2369e-02 	 2.5106e-03 	 -4.6454e-05 	 1.2362e-07 	 1.2977e-09
### SDC3
31	0	6	6	0.0000e+00	2.5081e-02 	 7.6292e-04 	 -3.3602e-06 	 -5.5445e-08 	 3.1035e-10
32	0	6	6	0.0000e+00	8.9650e-03 	 1.9202e-03 	 -2.9909e-05 	 1.8333e-07 	 -4.2849e-10
33	0	6	6	0.0000e+00	2.5691e-02 	 6.7602e-04 	 -8.7305e-07 	 -8.2375e-08 	 4.0709e-10
34	0	6	6	0.0000e+00	2.3644e-02 	 8.4859e-04 	 -4.0141e-06 	 -6.3855e-08 	 3.7926e-10
### SDC4
35	0	6	6	0.0000e+00	1.3510e-02 	 1.3354e-03 	 -1.5152e-05 	 4.5835e-08 	 5.1522e-12
36	0	6	6	0.0000e+00	2.2155e-02 	 9.9559e-04 	 -9.9793e-06 	 1.0113e-08 	 9.7260e-11
37	0	6	6	0.0000e+00	1.2821e-02 	 1.5448e-03 	 -2.0251e-05 	 9.2859e-08 	 -1.4523e-10
38	0	6	6	0.0000e+00	3.4257e-02 	 3.9277e-04 	 2.0274e-06 	 -8.9319e-08 	 3.9005e-10
### SDC5
39	0	6	6	0.0000e+00	3.0498e-02 	 5.8097e-04 	 -9.6182e-07 	 -7.0641e-08 	 3.4776e-10
40	0	6	6	0.0000e+00	3.0872e-02 	 6.0585e-04 	 -1.5276e-06 	 -6.8659e-08 	 3.5204e-10
41	0	6	6	0.0000e+00	1.9976e-02 	 1.1530e-03 	 -1.2574e-05 	 2.9850e-08 	 3.8045e-11
42	0	6	6	0.0000e+00	1.6219e-02 	 1.3812e-03 	 -1.7580e-05 	 7.4775e-08 	 -1.0142e-10
### BC3					  		  		   		  		   	
113 	0       6       6	0.0000e+00	1.1482e-02 	 3.3474e-03 	 -5.7863e-05 	 -1.4928e-06 	 3.0238e-08
114 	0       6       6	0.0000e+00	1.1533e-02 	 2.2609e-03 	 2.3476e-05 	 -3.5429e-06 	 4.7995e-08
115 	0       6       6	0.0000e+00	1.3747e-02 	 1.3222e-03 	 9.6810e-05 	 -5.6524e-06 	 6.8161e-08
116 	0       6       6	0.0000e+00	1.0091e-02 	 2.4877e-03 	 2.7542e-05 	 -4.1733e-06 	 5.7726e-08
117 	0       6       6	0.0000e+00	4.8358e-03 	 3.9482e-03 	 -7.3692e-05 	 -1.4689e-06 	 3.2591e-08
118 	0       6       6	0.0000e+00	1.6295e-02 	 6.1937e-05 	 1.6991e-04 	 -7.1569e-06 	 7.8743e-08
### BC4					  		  		   		  		   	
119 	0       6       6	0.0000e+00	1.7087e-02 	 1.8248e-03 	 5.8945e-05 	 -4.9576e-06 	 6.5451e-08
120 	0       6       6	0.0000e+00	1.0259e-02 	 1.7105e-03 	 8.2485e-05 	 -5.5045e-06 	 6.8764e-08
121 	0       6       6	0.0000e+00	1.5321e-02 	 1.3756e-03 	 1.0945e-04 	 -6.6109e-06 	 8.2957e-08
122 	0       6       6	0.0000e+00	1.2609e-02 	 1.3092e-03 	 1.0923e-04 	 -6.1703e-06 	 7.3991e-08
123 	0       6       6	0.0000e+00	1.9933e-03 	 4.3091e-03 	 -1.0570e-04 	 -3.1115e-07 	 1.9108e-08
124 	0       6       6	0.0000e+00	2.7651e-02 	 -9.0916e-04 	 2.2609e-04 	 -8.9025e-06 	 9.8534e-08
