##
#  file: DCDriftParam_e70_20240417 <- DCDriftParam_e70_20230620
#  date: 2024-04-17 19:52
#  note: first version
#        DCDriftParam SdcIn ... done
#        DCDriftParam BcOut ... done
#        DCDriftParam SdcOut ... done (w/ run70257)
#        DCDriftParam BcOut ... done (w/ run70257)
#
#######################################################################
# Id	WireId	Type	NParam	p0	p1	...
### SDC1
1	0	6	6	0.0000e+00	1.0552e-02       2.3506e-03      -3.5291e-05     4.4771e-08   9.8263e-10
2	0	6	6	0.0000e+00	1.0620e-02       2.3102e-03      -3.3824e-05     2.6730e-08   1.0570e-09
3	0	6	6	0.0000e+00	1.6887e-02       2.1583e-03      -3.7565e-05     1.4626e-07   2.9590e-10
4	0	6	6	0.0000e+00	1.3294e-02       2.1334e-03      -3.2268e-05     5.3571e-08   7.6446e-10
5	0	6	6	0.0000e+00	1.4233e-02       2.3008e-03      -3.7593e-05     9.7057e-08   6.9718e-10
6	0	6	6	0.0000e+00	9.7281e-03       2.3641e-03      -3.5991e-05     6.1538e-08   8.7448e-10
### SDC2
7	0	6	6	0.0000e+00	2.0551e-02       2.3205e-03      -4.3935e-05     5.9221e-08   1.9109e-09
8	0	6	6	0.0000e+00	2.1966e-02       2.2380e-03      -4.1389e-05     2.0894e-08   2.1283e-09
9	0	6	6	0.0000e+00	2.2349e-02       2.2384e-03      -4.1644e-05     2.1784e-08   2.1396e-09
10	0	6	6	0.0000e+00	1.5391e-02       2.1628e-03      -2.8733e-05     -2.1711e-07          3.4493e-09
### SDC3
31	0	6	6	0.0000e+00	1.6361e-02       1.0608e-03      -7.7860e-06     -2.1002e-08     2.0002e-10
32	0	6	6	0.0000e+00	-1.4424e-03      2.4722e-03      -4.0617e-05     2.7215e-07      -6.9298e-10
33	0	6	6	0.0000e+00	2.5912e-02       6.5444e-04      1.1207e-06      -1.1286e-07     5.3431e-10
34	0	6	6	0.0000e+00	2.3537e-02       8.0769e-04      -1.4613e-06     -9.8287e-08     5.1390e-10
#### SDC4
35	0	6	6	0.0000e+00	2.7444e-02       7.7955e-04      -5.0597e-06     -3.6857e-08     2.5010e-10
36	0	6	6	0.0000e+00	3.1400e-02       6.2624e-04      -2.5814e-06     -5.6170e-08     3.0687e-10
37	0	6	6	0.0000e+00	9.5678e-03       1.4605e-03      -1.6129e-05     4.9173e-08      -2.7814e-12
38	0	6	6	0.0000e+00	1.3157e-02       1.2128e-03      -1.1057e-05     8.5669e-09      1.1182e-10
#### SDC5
39	0	6	6	0.0000e+00	2.8983e-02       6.3971e-04      -1.0524e-06     -7.9029e-08     3.9642e-10
40	0	6	6	0.0000e+00	3.1176e-02       5.6738e-04      3.9092e-07      -9.4400e-08     4.5513e-10
41	0	6	6	0.0000e+00	1.7093e-02       1.1617e-03      -1.1281e-05     1.4303e-08      8.6265e-11
42	0	6	6	0.0000e+00	1.4967e-02       1.4343e-03      -1.8285e-05     7.9164e-08      -1.1181e-10
#
### BC3					  		  		   		  		   	
113 	0       6       6	0.0000e+00	-1.2309e-04      4.2897e-03     -8.3779e-05     -1.2386e-06   2.9862e-08
114 	0       6       6	0.0000e+00	2.6562e-03       3.1375e-03     -1.0315e-05     -2.9191e-06   4.3141e-08
115 	0       6       6	0.0000e+00	6.1759e-03       2.2396e-03     4.4939e-05      -4.2273e-06   5.3666e-08
116 	0       6       6	0.0000e+00	7.3188e-03       3.0813e-03     -2.4906e-06     -3.6234e-06   5.4585e-08
117 	0       6       6	0.0000e+00	-8.9121e-03      5.5750e-03     -1.5752e-04     5.6617e-07    1.4632e-08
118 	0       6       6	0.0000e+00	1.3915e-02       8.4773e-04     1.2646e-04      -6.3290e-06   7.4047e-08
### BC4					  	
119 	0       6       6	0.0000e+00	7.6817e-03       2.5105e-03     3.4006e-05      -4.3303e-06   5.8396e-08
120 	0       6       6	0.0000e+00	7.1258e-03       2.6030e-03     2.4996e-05      -4.0634e-06   5.5883e-08
121 	0       6       6	0.0000e+00	-5.3051e-04      3.5832e-03     -1.7087e-05     -3.2741e-06   5.0284e-08
122 	0       6       6	0.0000e+00	-2.4930e-03      3.7991e-03     -3.1478e-05     -2.8306e-06   4.5512e-08
123 	0       6       6	0.0000e+00	6.4512e-03       3.4176e-03     -5.5658e-05     -1.4305e-06   2.7988e-08
124 	0       6       6	0.0000e+00	3.4377e-02       -1.7479e-03    2.6626e-04      -9.8141e-06   1.0685e-07

