##
#  file: DCDriftParam_e70_20240417 <- DCDriftParam_e70_20230620
#  date: 2024-04-17 19:52
#  note: first version
#        DCDriftParam SdcIn ... done
#        DCDriftParam BcOut ... done
#        DCDriftParam SdcOut ... done (w/ run70257)
#        DCDriftParam BcOut ... done (w/ run70257)
#
#######################################################################
# Id	WireId	Type	NParam	p0	p1	...
### SDC1
1	0	6	6	0.0000e+00	1.9031e-02       2.0905e-03      -3.1954e-05     4.9308e-09     1.2615e-09
2	0	6	6	0.0000e+00	1.7853e-02       2.2074e-03      -3.6217e-05     6.8412e-08     9.2764e-10
3	0	6	6	0.0000e+00	2.9344e-02       1.5717e-03      -2.7124e-05     5.5543e-08     6.3322e-10
4	0	6	6	0.0000e+00	2.5758e-02       1.5744e-03      -2.3416e-05     -1.3434e-08    1.0012e-09
5	0	6	6	0.0000e+00	2.2761e-02       1.8731e-03      -2.7627e-05     -3.0876e-08    1.3644e-09
6	0	6	6	0.0000e+00	1.6215e-02       2.0542e-03      -2.9265e-05     -2.3340e-08    1.3236e-09
### SDC2
7	0	6	6	0.0000e+00	4.3631e-02       -3.7239e-04     7.2682e-05      -2.1108e-06    1.6218e-08
8	0	6	6	0.0000e+00	5.1527e-02       -9.9372e-04     9.6676e-05      -2.5439e-06    1.9076e-08
9	0	6	6	0.0000e+00	4.5694e-02       2.7789e-04      3.3067e-05      -1.3514e-06    1.1423e-08
10	0	6	6	0.0000e+00	4.5612e-02       -1.6786e-03     1.3887e-04      -3.2573e-06    2.2895e-08
### SDC3
31	0	6	6	0.0000e+00	3.4565e-02       -1.1364e-04     1.7982e-05      -2.5509e-07     9.5281e-10
32	0	6	6	0.0000e+00	1.0192e-02       1.8711e-03      -2.5402e-05     1.0173e-07      -3.4086e-11
33	0	6	6	0.0000e+00	3.4779e-02       -5.5934e-05     1.9739e-05      -3.0922e-07     1.2519e-09
34	0	6	6	0.0000e+00	2.0183e-02       1.0530e-03      -6.2477e-06     -6.5321e-08     4.4149e-10
#### SDC4
35	0	6	6	0.0000e+00	2.4230e-02       1.1310e-03      -1.3766e-05     4.2743e-08      2.9298e-12
36	0	6	6	0.0000e+00	3.2614e-02       6.2739e-04      -3.5116e-06     -4.4388e-08     2.6546e-10
37	0	6	6	0.0000e+00	1.8991e-02       1.2316e-03      -1.4658e-05     5.0040e-08      -2.7476e-11
38	0	6	6	0.0000e+00	1.3756e-02       1.5785e-03      -2.2939e-05     1.2978e-07      -2.8957e-10
#### SDC5
39	0	6	6	0.0000e+00	2.7719e-02       5.6429e-04      1.2018e-06      -9.9874e-08     4.6091e-10
40	0	6	6	0.0000e+00	2.8580e-02       7.1030e-04      -2.9906e-06     -6.3037e-08     3.5433e-10
41	0	6	6	0.0000e+00	3.0122e-02       5.3400e-04      4.2536e-07      -8.2844e-08     3.8149e-10
42	0	6	6	0.0000e+00	1.6538e-02       1.6337e-03      -2.5249e-05     1.4960e-07      -3.4047e-10
#
### BC3					  		  		   		  		   	
113 	0       6       6	0.0000e+00	1.1482e-02 	 3.3474e-03 	 -5.7863e-05 	 -1.4928e-06 	 3.0238e-08
114 	0       6       6	0.0000e+00	1.1533e-02 	 2.2609e-03 	 2.3476e-05 	 -3.5429e-06 	 4.7995e-08
115 	0       6       6	0.0000e+00	1.3747e-02 	 1.3222e-03 	 9.6810e-05 	 -5.6524e-06 	 6.8161e-08
116 	0       6       6	0.0000e+00	1.0091e-02 	 2.4877e-03 	 2.7542e-05 	 -4.1733e-06 	 5.7726e-08
117 	0       6       6	0.0000e+00	4.8358e-03 	 3.9482e-03 	 -7.3692e-05 	 -1.4689e-06 	 3.2591e-08
118 	0       6       6	0.0000e+00	1.6295e-02 	 6.1937e-05 	 1.6991e-04 	 -7.1569e-06 	 7.8743e-08
### BC4					  		  		   		  		   	
119 	0       6       6	0.0000e+00	1.7087e-02 	 1.8248e-03 	 5.8945e-05 	 -4.9576e-06 	 6.5451e-08
120 	0       6       6	0.0000e+00	1.0259e-02 	 1.7105e-03 	 8.2485e-05 	 -5.5045e-06 	 6.8764e-08
121 	0       6       6	0.0000e+00	1.5321e-02 	 1.3756e-03 	 1.0945e-04 	 -6.6109e-06 	 8.2957e-08
122 	0       6       6	0.0000e+00	1.2609e-02 	 1.3092e-03 	 1.0923e-04 	 -6.1703e-06 	 7.3991e-08
123 	0       6       6	0.0000e+00	1.9933e-03 	 4.3091e-03 	 -1.0570e-04 	 -3.1115e-07 	 1.9108e-08
124 	0       6       6	0.0000e+00	2.7651e-02 	 -9.0916e-04 	 2.2609e-04 	 -8.9025e-06 	 9.8534e-08
