##
#  file: DCDriftParam_e70_20240417 <- DCDriftParam_e70_20230620
#  date: 2024-04-17 19:52
#  note: first version
#        DCDriftParam SdcIn ... done
#        DCDriftParam BcOut ... done
#        DCDriftParam SdcOut ... done (w/ run70257)
#        DCDriftParam BcOut ... done (w/ run70257)
#
#######################################################################
# Id	WireId	Type	NParam	p0	p1	...
### SDC1
1	0	6	6	2.37948e-02	-6.48346e-03	3.28972e-03	-6.50723e-05	4.78019e-07	-1.20690e-09
2	0	6	6	2.48026e-02	-7.29842e-03	3.31135e-03	-6.52085e-05	4.77330e-07	-1.19994e-09
3	0	6	6	2.39467e-02	-5.66700e-03	3.21317e-03	-6.29606e-05	4.54778e-07	-1.11714e-09
4	0	6	6	2.51062e-02	-8.72042e-03	3.31231e-03	-6.40203e-05	4.58225e-07	-1.11417e-09
5	0	6	6	2.31478e-02	-5.29065e-03	3.22858e-03	-6.39734e-05	4.69854e-07	-1.18586e-09
6	0	6	6	2.19426e-02	-6.75684e-03	3.20253e-03	-6.16349e-05	4.36075e-07	-1.04067e-09
### SDC2
7	0	6	6	1.69471e-03	1.34439e-02	3.12238e-03	-8.35781e-05	8.07845e-07	-2.73408e-09
8	0	6	6	4.46942e-03	1.40886e-02	3.03872e-03	-8.08529e-05	7.74346e-07	-2.59422e-09
9	0	6	6	8.94696e-03	1.07088e-02	3.21755e-03	-8.46614e-05	8.11178e-07	-2.72752e-09
10	0	6	6	1.25155e-02	1.20558e-02	3.10563e-03	-8.14985e-05	7.74175e-07	-2.57515e-09
### SDC3
31	0	6	6	0.00000e+00	2.76366e-02	5.01941e-04	2.72307e-06	-1.10150e-07	4.83062e-10
32	0	6	6	0.00000e+00	3.13549e-02	5.46961e-04	-9.46071e-07	-6.63472e-08	3.28526e-10
33	0	6	6	0.00000e+00	2.38028e-02	1.79058e-04	1.73586e-05	-2.96777e-07	1.23023e-09
34	0	6	6	0.00000e+00	2.05518e-02	5.32578e-04	6.85859e-06	-1.75634e-07	7.49637e-10
### SDC4				  	
35	0	6	6	0.00000e+00	2.87680e-02	7.77354e-04	-6.61193e-06	-1.36717e-08	1.59470e-10
36	0	6	6	0.00000e+00	2.59784e-02	8.57875e-04	-7.57543e-06	-8.70909e-09	1.51139e-10
37	0	6	6	0.00000e+00	2.34019e-02	1.15700e-03	-1.53327e-05	6.79218e-08	-1.04933e-10
38	0	6	6	0.00000e+00	3.33803e-02	5.90299e-04	-3.57354e-06	-3.28048e-08	1.97014e-10
### SDC5				  	
39	0	6	6	0.00000e+00	2.73588e-02	6.41175e-04	-9.96895e-07	-7.93285e-08	3.98984e-10
40	0	6	6	0.00000e+00	1.86553e-02	9.99346e-04	-7.35352e-06	-2.74705e-08	2.43808e-10
41	0	6	6	0.00000e+00	1.96020e-02	1.08122e-03	-1.04494e-05	1.17406e-08	8.56389e-11
42	0	6	6	0.00000e+00	2.38888e-02	1.06362e-03	-1.24072e-05	3.78671e-08	-5.90212e-12
### BC3					  		  		   		  		   	
113	0	6	6	0.00000e+00	1.36870e-02	2.97700e-03	-3.36420e-05	-2.20020e-06	3.76010e-08
114	0	6	6	0.00000e+00	3.05500e-02	-9.36960e-04	2.23430e-04	-8.89690e-06	9.94630e-08
115	0	6	6	0.00000e+00	3.16030e-02	-1.45440e-03	2.58780e-04	-9.78110e-06	1.06690e-07
116	0	6	6	0.00000e+00	2.04160e-02	9.02310e-04	1.13900e-04	-6.21840e-06	7.56590e-08
117	0	6	6	0.00000e+00	2.07670e-02	1.87110e-03	3.93620e-05	-4.32290e-06	5.95440e-08
118	0	6	6	0.00000e+00	2.59840e-02	-3.86000e-04	1.70650e-04	-6.95410e-06	7.63600e-08
### BC4					  	
119	0	6	6	0.00000e+00	2.56650e-02	-2.81930e-04	1.87980e-04	-8.02900e-06	9.10060e-08
120	0	6	6	0.00000e+00	2.55760e-02	8.74260e-04	9.68830e-05	-5.65970e-06	7.07080e-08
121	0	6	6	0.00000e+00	2.81890e-02	2.82530e-05	1.69280e-04	-7.93710e-06	9.47430e-08
122	0	6	6	0.00000e+00	2.36440e-02	3.02390e-04	1.60330e-04	-7.67540e-06	9.11390e-08
123	0	6	6	0.00000e+00	1.79160e-02	2.36180e-03	-1.07060e-05	-2.48050e-06	3.81110e-08
124	0	6	6	0.00000e+00	4.45190e-02	-2.67520e-03	2.93600e-04	-9.96320e-06	1.03470e-07
124	0	6	6	0.00000e+00	4.45190e-02	-2.67520e-03	2.93600e-04	-9.96320e-06	1.03470e-07
124	0	6	6	0.00000e+00	4.45190e-02	-2.67520e-03	2.93600e-04	-9.96320e-06	1.03470e-07
