##
#  file: DCDriftParam_e70_20230802_kevata
#  date: 2021-05-11 14:47:56
#  note: first version
#        DCDriftParam SdcIn ... done
#        DCDriftParam BcOut ... done
#
#
#######################################################################
# Id	WireId	Type	NParam	p0	p1	...
### SDC1
1	0	6	6	0.0000e+00	8.6723e-03 	 2.7056e-03 	 -5.1738e-05 	 3.0449e-07 	 -3.4537e-10
2	0	6	6	0.0000e+00	8.2918e-03 	 2.6604e-03 	 -4.9822e-05 	 2.8235e-07 	 -2.6806e-10
3	0	6	6	0.0000e+00	1.3479e-02 	 2.4433e-03 	 -4.7336e-05 	 2.8439e-07 	 -3.7004e-10
4	0	6	6	0.0000e+00	8.7976e-03 	 2.9460e-03 	 -6.3799e-05 	 5.0025e-07 	 -1.3654e-09
5	0	6	6	0.0000e+00	4.5433e-03 	 2.8079e-03 	 -5.3089e-05 	 3.2083e-07 	 -4.4087e-10
6	0	6	6	0.0000e+00	8.8591e-03 	 2.6332e-03 	 -4.9995e-05 	 2.9394e-07 	 -3.4574e-10
### SDC2
7	0	6	6	0.0000e+00	8.4216e-03 	 3.3149e-03 	 -7.7780e-05 	 5.6869e-07 	 -8.5168e-10
8	0	6	6	0.0000e+00	9.5094e-03 	 3.1362e-03 	 -7.0539e-05 	 4.6237e-07 	 -3.2714e-10
9	0	6	6	0.0000e+00	1.1859e-02 	 2.8995e-03 	 -6.2932e-05 	 3.5387e-07 	 2.4280e-10
10	0	6	6	0.0000e+00	1.7694e-02 	 2.2736e-03 	 -4.0666e-05 	 3.4236e-08 	 1.8658e-09
### SDC3
31	0	6	6	0.0000e+00	-1.0233e-02 	 2.8022e-03 	 -4.4559e-05 	 2.8916e-07 	 -7.1005e-10
32	0	6	6	0.0000e+00	2.2342e-02 	 6.7851e-04 	 9.6263e-07 	 -1.0360e-07 	 4.7254e-10
33	0	6	6	0.0000e+00	1.9408e-02 	 9.2266e-04 	 -4.2024e-06 	 -6.3159e-08 	 3.6634e-10
34	0	6	6	0.0000e+00	1.7463e-02 	 1.0193e-03 	 -5.2538e-06 	 -6.3092e-08 	 3.8967e-10
### SDC4
35	0	6	6	0.0000e+00	2.3710e-02 	 9.9477e-04 	 -1.0360e-05 	 1.6743e-08 	 6.5965e-11
36	0	6	6	0.0000e+00	2.9491e-02 	 6.3883e-04 	 -2.1254e-06 	 -6.4206e-08 	 3.4696e-10
37	0	6	6	0.0000e+00	2.7320e-02 	 9.6988e-04 	 -1.2168e-05 	 4.5641e-08 	 -4.8491e-11
38	0	6	6	0.0000e+00	2.1705e-02 	 1.0368e-03 	 -1.0480e-05 	 1.5550e-08 	 7.1243e-11
### SDC5
39	0	6	6	0.0000e+00	2.2352e-02 	 9.0665e-04 	 -6.2617e-06 	 -3.1426e-08 	 2.3967e-10
40	0	6	6	0.0000e+00	2.2961e-02 	 8.9191e-04 	 -5.7784e-06 	 -3.8505e-08 	 2.6827e-10
41	0	6	6	0.0000e+00	1.1829e-02 	 1.7650e-03 	 -2.7457e-05 	 1.7485e-07 	 -4.5149e-10
42	0	6	6	0.0000e+00	2.4777e-02 	 8.0975e-04 	 -4.9338e-06 	 -3.6666e-08 	 2.3737e-10
#
### BC3
113 	0 	6 	6 	0.0000e+00 	-1.4316e-03 	 4.8256e-03 	 -1.3211e-04 	 2.4451e-07 	 1.5079e-08
114 	0 	6 	6 	0.0000e+00 	-3.3072e-03 	 5.2242e-03 	 -1.5911e-04 	 1.0436e-06 	 6.9594e-09
115 	0 	6 	6 	0.0000e+00 	1.2595e-03 	 2.9139e-03 	 1.2649e-05 	 -3.6091e-06 	 4.9709e-08
116 	0 	6 	6 	0.0000e+00 	6.9151e-03 	 3.3143e-03 	 -1.2644e-05 	 -3.6266e-06 	 5.8065e-08
117 	0 	6 	6 	0.0000e+00 	-1.6468e-03 	 5.4160e-03 	 -1.6457e-04 	 7.2458e-07 	 1.4261e-08
118 	0 	6 	6 	0.0000e+00 	1.1933e-02 	 7.4026e-04 	 1.2489e-04 	 -5.8050e-06 	 6.4062e-08
### BC4
119 	0 	6 	6 	0.0000e+00 	3.6112e-03 	 3.3926e-03 	 -2.3300e-05 	 -2.8328e-06 	 4.4536e-08
120 	0 	6 	6 	0.0000e+00 	1.3093e-02 	 1.7373e-03 	 8.5567e-05 	 -5.9025e-06 	 7.5439e-08
121 	0 	6 	6 	0.0000e+00 	3.3776e-03 	 2.5452e-03 	 6.5673e-05 	 -5.8916e-06 	 7.9043e-08
122 	0 	6 	6 	0.0000e+00 	6.4268e-03 	 2.6517e-03 	 3.8247e-05 	 -4.7990e-06 	 6.6144e-08
123 	0 	6 	6 	0.0000e+00 	6.6742e-03 	 2.9059e-03 	 -6.5278e-06 	 -3.0188e-06 	 4.4964e-08
124 	0 	6 	6 	0.0000e+00 	1.8417e-02 	 6.9830e-04 	 1.2363e-04 	 -6.1288e-06 	 7.1382e-08


