##
#  file: DCDriftParam_05047
#  date: 2021-05-11 14:47:56
#  note: first version
#        DCDriftParam SdcIn ... done
#        DCDriftParam BcOut ... done
#
#
#######################################################################
# Id	WireId	Type	NParam	p0	p1	...
### SDC1
1	0	6	6	0.0000e+00	4.6911e-03 	 2.7377e-03 	 -5.3720e-05 	 3.8048e-07 	 -9.1710e-10
2	0	6	6	0.0000e+00	4.3618e-03 	 2.7187e-03 	 -5.2902e-05 	 3.7105e-07 	 -8.8223e-10
3	0	6	6	0.0000e+00	3.9052e-03 	 2.7519e-03 	 -5.3565e-05 	 3.7538e-07 	 -8.8838e-10
4	0	6	6	0.0000e+00	6.6268e-03 	 2.6818e-03 	 -5.3148e-05 	 3.7735e-07 	 -9.0681e-10
5	0	6	6	0.0000e+00	4.4863e-03 	 2.7445e-03 	 -5.4024e-05 	 3.8518e-07 	 -9.3909e-10
6	0	6	6	0.0000e+00	4.9328e-03 	 2.7761e-03 	 -5.5150e-05 	 3.9573e-07 	 -9.6786e-10
### SDC2
7	0	6	6	0.0000e+00	3.0763e-03 	 3.6960e-03 	 -9.3541e-05 	 8.7829e-07 	 -2.9075e-09
8	0	6	6	0.0000e+00	4.6744e-03 	 3.5372e-03 	 -8.8736e-05 	 8.2159e-07 	 -2.6776e-09
9	0	6	6	0.0000e+00	1.7248e-04 	 3.7459e-03 	 -9.2802e-05 	 8.5886e-07 	 -2.8083e-09
10	0	6	6	0.0000e+00	8.7930e-04 	 3.5594e-03 	 -8.5866e-05 	 7.6973e-07 	 -2.4301e-09
### SDC3
31	0	6	6	0.0000e+00	5.2153e-02	 5.3970e-05	 4.0806e-06	-1.0905e-07	 5.3145e-10
32	0	6	6	0.0000e+00	6.1100e-02	-2.4605e-04	 6.9752e-06	-1.1462e-07	 5.0858e-10
33	0	6	6	0.0000e+00	6.3541e-02	-2.8958e-04	 6.9528e-06	-9.7088e-08	 3.7395e-10
34	0	6	6	0.0000e+00	5.3082e-02	-4.7651e-05	 9.5142e-06	-1.7463e-07	 7.6350e-10
### SDC4
35	0	6	6	0.0000e+00	4.8558e-02	 6.0409e-04	-9.3008e-06	 2.4389e-08	 5.0487e-11
36	0	6	6	0.0000e+00	4.9976e-02	 5.7338e-04	-9.0221e-06	 2.3608e-08	 4.3609e-11
37	0	6	6	0.0000e+00	4.6269e-02	 5.1955e-04	-7.6387e-06	 2.0211e-08	 2.2873e-11
38	0	6	6	0.0000e+00	5.0104e-02	 3.8835e-04	-4.3769e-06	-1.8641e-08	 1.7803e-10
### SDC5
39	0	6	6	0.0000e+00	5.6989e-02	 1.6426e-04	-1.0532e-06	-4.4039e-08	 2.5962e-10
40	0	6	6	0.0000e+00	4.3349e-02	 5.6774e-04	-6.5058e-06	-8.6343e-09	 1.8211e-10
41	0	6	6	0.0000e+00	5.2586e-02	 3.0348e-04	-4.0429e-06	-1.1033e-08	 1.2915e-10
42	0	6	6	0.0000e+00	5.7370e-02	 8.9908e-05	 6.7203e-07	-6.1181e-08	 3.2265e-10
### BC3
113 	0 	6 	6 	0.0000e+00 	-2.6754e-03 	 3.9976e-03 	 -8.1259e-05 	 -4.1571e-07 	 1.4072e-08
114 	0 	6 	6 	0.0000e+00 	-4.4473e-03 	 4.4539e-03 	 -1.0561e-04 	 6.0037e-08 	 1.0932e-08
115 	0 	6 	6 	0.0000e+00 	-9.1339e-03 	 4.7751e-03 	 -1.1358e-04 	 1.2872e-07 	 1.0915e-08
116 	0 	6 	6 	0.0000e+00 	-1.1458e-02 	 5.1101e-03 	 -1.2929e-04 	 4.3016e-07 	 8.8596e-09
117 	0 	6 	6 	0.0000e+00 	-1.0492e-02 	 5.4297e-03 	 -1.5421e-04 	 1.0319e-06 	 4.0817e-09
118 	0 	6 	6 	0.0000e+00 	-1.2354e-02 	 3.8712e-03 	 -4.8121e-05 	 -1.3368e-06 	 2.1774e-08
### BC4
119 	0 	6 	6 	0.0000e+00 	-1.0400e-02 	 5.1744e-03 	 -1.3455e-04 	 5.3499e-07 	 8.1974e-09
120 	0 	6 	6 	0.0000e+00 	-1.1195e-02 	 4.7041e-03 	 -1.0069e-04 	 -2.3811e-07 	 1.4005e-08
121 	0 	6 	6 	0.0000e+00 	-7.8935e-03 	 4.6625e-03 	 -1.0548e-04 	 -1.0398e-07 	 1.3051e-08
122 	0 	6 	6 	0.0000e+00 	-5.9108e-03 	 4.6831e-03 	 -1.1302e-04 	 1.1608e-07 	 1.1182e-08
123 	0 	6 	6 	0.0000e+00 	-6.3981e-03 	 4.2382e-03 	 -7.9663e-05 	 -6.8766e-07 	 1.7556e-08
124 	0 	6 	6 	0.0000e+00 	-4.6626e-03 	 3.2090e-03 	 -1.6428e-05 	 -2.0443e-06 	 2.7360e-08


