#
#  file: DCDriftParam_e70_20240417 <- DCDriftParam_e70_20230620
#  date: 2024-04-17 19:52
#  note: first version
#        DCDriftParam SdcIn ... done
#        DCDriftParam BcOut ... done
#        DCDriftParam SdcOut ... done (w/ run70257)
#        DCDriftParam BcOut ... done (w/ run70257)
#
#######################################################################
# Id	WireId	Type	NParam	p0	p1	...
### SDC1
1	0	6	6	0.00000e+00	2.51269e-02	1.22011e-03	-9.96127e-06	-1.93525e-07	1.84589e-09
2	0	6	6	0.00000e+00	2.37866e-02	1.39480e-03	-1.63182e-05	-1.03374e-07	1.40117e-09
3	0	6	6	0.00000e+00	2.40755e-02	1.39304e-03	-1.84355e-05	-4.30650e-08	9.71500e-10
4	0	6	6	0.00000e+00	2.98389e-02	1.14775e-03	-1.38209e-05	-8.71636e-08	1.14311e-09
5	0	6	6	0.00000e+00	2.55356e-02	1.20645e-03	-1.02840e-05	-1.81714e-07	1.76700e-09
6	0	6	6	0.00000e+00	2.98854e-02	1.07710e-03	-8.72597e-06	-1.94106e-07	1.82231e-09
### SDC2
7	0	6	6	0.00000e+00	4.45064e-02	2.47419e-04	2.11044e-05	-8.93720e-07	7.38588e-09
8	0	6	6	0.00000e+00	3.99506e-02	5.83539e-04	1.05481e-05	-7.39038e-07	6.53079e-09
9	0	6	6	0.00000e+00	3.91638e-02	4.48506e-04	1.83654e-05	-8.72751e-07	7.26806e-09
10	0	6	6	0.00000e+00	3.44118e-02	6.50883e-04	1.38090e-05	-7.96201e-07	6.70261e-09
### SDC3
31	0	6	6	0.00000e+00	-2.72331e-02	2.92044e-03	-4.41744e-05	2.96694e-07	-7.93179e-10
32	0	6	6	0.00000e+00	-2.31412e-02	2.87347e-03	-4.62719e-05	3.31473e-07	-9.36668e-10
33	0	6	6	0.00000e+00	3.01574e-02	-4.56247e-04	2.63717e-05	-3.29382e-07	1.20527e-09
34	0	6	6	0.00000e+00	1.91637e-02	2.56524e-04	1.06088e-05	-1.81136e-07	6.95175e-10
### SDC4			     
35	0	6	6	0.00000e+00	9.58491e-03	1.16428e-03	-1.03895e-05	9.70124e-09	9.23214e-11
36	0	6	6	0.00000e+00	1.21834e-02	1.15703e-03	-1.16054e-05	2.53701e-08	3.56742e-11
37	0	6	6	0.00000e+00	-1.79669e-02	2.55278e-03	-3.62688e-05	2.18087e-07	-5.14894e-10
38	0	6	6	0.00000e+00	-2.79773e-03	1.49110e-03	-1.39147e-05	3.12279e-08	3.26135e-11
### SDC5			     
39	0	6	6	0.00000e+00	3.20961e-02	-8.57170e-05	1.33155e-05	-1.80171e-07	6.40927e-10
40	0	6	6	0.00000e+00	1.50896e-02	7.72881e-04	-2.16505e-06	-6.12748e-08	3.09251e-10
41	0	6	6	0.00000e+00	-1.27251e-02	2.33719e-03	-3.23810e-05	1.84446e-07	-4.06777e-10
42	0	6	6	0.00000e+00	1.15001e-03	1.57297e-03	-1.79242e-05	7.07458e-08	-8.61127e-11
### BC3				     	  		   		  		   	
113	0	6	6	0.00000e+00	-6.35775e-03	4.28208e-03	-1.06391e-04	3.42442e-07	7.16259e-09
114	0	6	6	0.00000e+00	-1.04041e-02	4.14722e-03	-8.44882e-05	-2.59681e-07	1.21838e-08
115	0	6	6	0.00000e+00	-1.10124e-02	3.84789e-03	-6.19278e-05	-8.05582e-07	1.65681e-08
116	0	6	6	0.00000e+00	-1.21288e-02	4.36645e-03	-9.32872e-05	-1.25156e-07	1.15362e-08
117	0	6	6	0.00000e+00	-1.10114e-02	5.17937e-03	-1.53027e-04	1.29052e-06	4.23137e-10
118	0	6	6	0.00000e+00	-7.26284e-03	2.79479e-03	-8.65596e-06	-1.80592e-06	2.30673e-08
### BC4				
119	0	6	6	0.00000e+00	-9.47573e-03	4.46386e-03	-1.05943e-04	1.91114e-07	9.07339e-09
120	0	6	6	0.00000e+00	-8.81608e-03	3.86137e-03	-6.76279e-05	-6.54123e-07	1.53681e-08
121	0	6	6	0.00000e+00	-9.98252e-03	4.06286e-03	-7.58074e-05	-5.33077e-07	1.48033e-08
122	0	6	6	0.00000e+00	-1.02069e-02	3.87910e-03	-6.23779e-05	-8.45681e-07	1.71954e-08
123	0	6	6	0.00000e+00	-1.10036e-02	3.69713e-03	-4.79942e-05	-1.18988e-06	1.99132e-08
124	0	6	6	0.00000e+00	-7.00284e-03	3.06137e-03	-1.65136e-05	-1.82293e-06	2.44250e-08
