##
#  file: DCDriftParam_e70_20230802_kevata
#  date: 2021-05-11 14:47:56
#  note: first version
#        DCDriftParam SdcIn ... done
#        DCDriftParam BcOut ... done
#
#
#######################################################################
# Id	WireId	Type	NParam	p0	p1	...
### SDC1
1	0	6	6	0.0000e+00	1.8215e-02       1.8154e-03      -2.6571e-05     1.6833e-08      8.3771e-10
2	0	6	6	0.0000e+00	1.5956e-02       1.8744e-03      -2.7174e-05     2.1574e-08      8.0953e-10
3	0	6	6	0.0000e+00	1.7301e-02       1.8172e-03      -2.9611e-05     9.8815e-08      2.9166e-10
4	0	6	6	0.0000e+00	2.1535e-02       1.7149e-03      -3.0029e-05     1.2803e-07      8.8742e-11
5	0	6	6	0.0000e+00	2.0867e-02       1.5465e-03      -1.8546e-05     -8.3515e-08     1.2939e-09
6	0	6	6	0.0000e+00	2.1361e-02       1.7037e-03      -2.5384e-05     1.7656e-08      7.7962e-10
### SDC2
7	0	6	6	0.0000e+00	1.5662e-02       2.4227e-03      -4.0552e-05     -8.8147e-08     3.3103e-09
8	0	6	6	0.0000e+00	1.4462e-02       2.5151e-03      -4.5614e-05     4.4802e-08      2.1836e-09
9	0	6	6	0.0000e+00	1.8129e-02       2.0336e-03      -2.5613e-05     -2.9891e-07     4.2900e-09
10	0	6	6	0.0000e+00	1.5491e-02       1.9252e-03      -1.7627e-05     -4.2528e-07     4.9196e-09
### SDC3
31	0	6	6	0.0000e+00	2.4035e-02       7.3448e-04      -2.4875e-06     -6.2223e-08     3.2661e-10
32	0	6	6	0.0000e+00	7.6535e-03       2.0636e-03      -3.2498e-05     1.9719e-07      -4.4134e-10
33	0	6	6	0.0000e+00	2.8904e-02       6.5262e-04      -1.5496e-06     -7.4523e-08     3.8586e-10
34	0	6	6	0.0000e+00	2.1446e-02       9.0893e-04      -5.5475e-06     -4.4852e-08     3.0087e-10
### SDC4
35	0	6	6	0.0000e+00	2.5475e-02       8.7103e-04      -7.1650e-06     -1.7683e-08     1.9303e-10
36	0	6	6	0.0000e+00	2.5733e-02       9.4648e-04      -9.8095e-06     1.1040e-08      9.0458e-11
37	0	6	6	0.0000e+00	2.1983e-02       1.1079e-03      -1.2597e-05     3.4084e-08      2.0484e-11
38	0	6	6	0.0000e+00	2.0599e-02       1.3930e-03      -2.1029e-05     1.2119e-07      -2.7547e-10
### SDC5
39	0	6	6	0.0000e+00	2.4474e-02       8.9712e-04      -7.3354e-06     -1.7171e-08     1.8993e-10
40	0	6	6	0.0000e+00	2.6084e-02       8.8877e-04      -7.9089e-06     -8.6839e-09     1.5362e-10
41	0	6	6	0.0000e+00	2.5057e-02       8.4313e-04      -6.3740e-06     -2.2328e-08     1.9620e-10
42	0	6	6	0.0000e+00	1.5618e-02       1.6873e-03      -2.6583e-05     1.6246e-07      -3.8077e-10
### BC3
113 	0 	6 	6 	0.0000e+00 	8.3976e-03       3.2890e-03      -4.9163e-05     -1.5692e-06     2.8780e-08
114 	0 	6 	6 	0.0000e+00 	2.2151e-02       1.1218e-03      7.5881e-05      -4.6197e-06     5.5857e-08
115 	0 	6 	6 	0.0000e+00 	5.5174e-03       3.3953e-03      -3.2974e-05     -2.4623e-06     4.0816e-08
116 	0 	6 	6 	0.0000e+00 	7.1870e-03       2.6100e-03      3.7287e-05      -4.7064e-06     6.4295e-08
117 	0 	6 	6 	0.0000e+00 	-1.8392e-03      5.1647e-03      -1.3887e-04     -9.2100e-08     2.3030e-08
118 	0 	6 	6 	0.0000e+00 	2.0724e-03       2.5024e-03      4.1274e-05      -4.3398e-06     5.6257e-08
### BC4
119 	0 	6 	6 	0.0000e+00 	6.7233e-03       3.0535e-03      7.7097e-06      -4.0554e-06     6.0117e-08
120 	0 	6 	6 	0.0000e+00 	6.4906e-03       2.1327e-03      8.1486e-05      -6.0255e-06     7.7490e-08
121 	0 	6 	6 	0.0000e+00 	6.4595e-03       2.7348e-03      3.0074e-05      -4.4923e-06     6.1803e-08
122 	0 	6 	6 	0.0000e+00 	1.3797e-02       1.8457e-03      8.7729e-05      -6.3302e-06     8.3177e-08
123 	0 	6 	6 	0.0000e+00 	1.3459e-02       2.6305e-03      6.1061e-07      -3.2536e-06     4.8321e-08
124 	0 	6 	6 	0.0000e+00 	1.9653e-02       6.9845e-04      1.1050e-04      -5.4199e-06     6.1801e-08


