##
#  file: DCDriftParam_e70_20240417 <- DCDriftParam_e70_20230620
#  date: 2024-04-17 19:52
#  note: first version
#        DCDriftParam SdcIn ... done
#        DCDriftParam BcOut ... done
#        DCDriftParam SdcOut ... done (w/ run70257)
#        DCDriftParam BcOut ... done (w/ run70257)
#
#######################################################################
# Id	WireId	Type	NParam	p0	p1	...
### SDC1
1	0	6	6	0.0000e+00	5.9797e-03       2.3586e-03      -3.1499e-05     -1.5981e-08      1.2458e-09
2	0	6	6	0.0000e+00	6.0780e-03       2.3565e-03      -3.1509e-05     -1.7563e-08      1.2715e-09
3	0	6	6	0.0000e+00	1.2309e-02       2.1647e-03      -3.3132e-05     6.8168e-08       6.7732e-10
4	0	6	6	0.0000e+00	9.3387e-03       2.1397e-03      -2.8936e-05     -2.2581e-09      1.0252e-09
5	0	6	6	0.0000e+00	9.0601e-03       2.3213e-03      -3.3561e-05     2.8578e-08       1.0086e-09
6	0	6	6	0.0000e+00	4.6798e-03       2.3557e-03      -3.0811e-05     -2.5372e-08      1.2922e-09
### SDC2
7	0	6	6	0.0000e+00	3.2834e-02       2.4876e-04      5.3861e-05      -1.7666e-06      1.3718e-08
8	0	6	6	0.0000e+00	3.9476e-02       -2.8100e-04     7.2637e-05      -2.0702e-06      1.5531e-08
9	0	6	6	0.0000e+00	3.4312e-02       5.2899e-04      3.7346e-05      -1.4635e-06      1.1858e-08
10	0	6	6	0.0000e+00	3.2378e-02       -4.3142e-04     8.7123e-05      -2.2881e-06      1.6396e-08
### SDC3
31	0	6	6	0.0000e+00	-1.3817e-02      2.6731e-03      -3.8591e-05     2.2202e-07      -4.7511e-10
32	0	6	6	0.0000e+00	7.7510e-03       1.4115e-03      -1.1635e-05     -1.1079e-08     2.2190e-10
33	0	6	6	0.0000e+00	1.5428e-02       9.1168e-04      -1.1813e-06     -1.0286e-07     5.1259e-10
34	0	6	6	0.0000e+00	7.7014e-03       1.2541e-03      -6.0295e-06     -7.9840e-08     4.9542e-10
#### SDC4
35	0	6	6	0.0000e+00	2.3567e-02       9.2707e-04      -7.2742e-06     -1.9194e-08     1.9213e-10
36	0	6	6	0.0000e+00	2.9396e-02       5.2506e-04      2.3301e-06      -1.1491e-07     5.3082e-10
37	0	6	6	0.0000e+00	1.7513e-02       1.2527e-03      -1.4929e-05     5.4746e-08      -4.9311e-11
38	0	6	6	0.0000e+00	1.9107e-02       1.1483e-03      -1.1644e-05     1.9059e-08      7.0548e-11
#### SDC5
39	0	6	6	0.0000e+00	1.7579e-02       9.7587e-04      -5.4207e-06     -5.0080e-08     3.1882e-10
40	0	6	6	0.0000e+00	1.5082e-02       1.1216e-03      -7.7878e-06     -3.6557e-08     2.9637e-10
41	0	6	6	0.0000e+00	6.3978e-03       2.0106e-03      -3.1229e-05     1.9877e-07      -5.0494e-10
42	0	6	6	0.0000e+00	1.2894e-02       1.3412e-03      -1.3307e-05     1.9630e-08      9.9295e-11
#
### BC3					  		  		   		  		   	
113 	0       6       6	0.0000e+00	1.1482e-02 	 3.3474e-03 	 -5.7863e-05 	 -1.4928e-06 	 3.0238e-08
114 	0       6       6	0.0000e+00	1.1533e-02 	 2.2609e-03 	 2.3476e-05 	 -3.5429e-06 	 4.7995e-08
115 	0       6       6	0.0000e+00	1.3747e-02 	 1.3222e-03 	 9.6810e-05 	 -5.6524e-06 	 6.8161e-08
116 	0       6       6	0.0000e+00	1.0091e-02 	 2.4877e-03 	 2.7542e-05 	 -4.1733e-06 	 5.7726e-08
117 	0       6       6	0.0000e+00	4.8358e-03 	 3.9482e-03 	 -7.3692e-05 	 -1.4689e-06 	 3.2591e-08
118 	0       6       6	0.0000e+00	1.6295e-02 	 6.1937e-05 	 1.6991e-04 	 -7.1569e-06 	 7.8743e-08
### BC4					  		  		   		  		   	
119 	0       6       6	0.0000e+00	1.7087e-02 	 1.8248e-03 	 5.8945e-05 	 -4.9576e-06 	 6.5451e-08
120 	0       6       6	0.0000e+00	1.0259e-02 	 1.7105e-03 	 8.2485e-05 	 -5.5045e-06 	 6.8764e-08
121 	0       6       6	0.0000e+00	1.5321e-02 	 1.3756e-03 	 1.0945e-04 	 -6.6109e-06 	 8.2957e-08
122 	0       6       6	0.0000e+00	1.2609e-02 	 1.3092e-03 	 1.0923e-04 	 -6.1703e-06 	 7.3991e-08
123 	0       6       6	0.0000e+00	1.9933e-03 	 4.3091e-03 	 -1.0570e-04 	 -3.1115e-07 	 1.9108e-08
124 	0       6       6	0.0000e+00	2.7651e-02 	 -9.0916e-04 	 2.2609e-04 	 -8.9025e-06 	 9.8534e-08
