##
#  file: DCDriftParam_e70_20240417 <- DCDriftParam_e70_20230620
#  date: 2024-04-17 19:52
#  note: first version
#        DCDriftParam SdcIn ... done
#        DCDriftParam BcOut ... done
#        DCDriftParam SdcOut ... done (w/ run70257)
#        DCDriftParam BcOut ... done (w/ run70257)
#
#######################################################################
# Id	WireId	Type	NParam	p0	p1	...
### SDC1
1	0	6	6	0.0000e+00	1.6082e-02       1.4642e-03      -5.1111e-06     -3.5819e-07   2.9020e-09
2	0	6	6	0.0000e+00	1.4052e-02       1.6033e-03      -9.7426e-06     -2.8698e-07   2.5090e-09
3	0	6	6	0.0000e+00	1.5553e-02       1.7210e-03      -1.8230e-05     -1.3266e-07   1.6466e-09
4	0	6	6	0.0000e+00	1.3378e-02       1.6475e-03      -1.3477e-05     -1.9802e-07   1.9144e-09
5	0	6	6	0.0000e+00	1.4695e-02       1.7686e-03      -1.7610e-05     -1.7136e-07   1.9580e-09
6	0	6	6	0.0000e+00	1.0321e-02       1.8531e-03      -1.7745e-05     -1.6789e-07   1.8740e-09
### SDC2
7	0	6	6	0.0000e+00	2.2686e-02       2.0376e-03      -3.6688e-05     -6.0583e-09   2.0836e-09
8	0	6	6	0.0000e+00	2.0377e-02       2.1093e-03      -3.6641e-05     -2.4101e-08   2.2226e-09
9	0	6	6	0.0000e+00	2.1836e-02       1.9843e-03      -3.2831e-05     -7.6549e-08   2.4882e-09
10	0	6	6	0.0000e+00	2.2197e-02       1.7237e-03      -2.0330e-05     -2.7452e-07   3.5175e-09
### SDC3
31	0	6	6	0.0000e+00	1.8252e-02       1.0127e-03      -6.8678e-06     -3.3284e-08     2.5880e-10
32	0	6	6	0.0000e+00	1.8759e-02       1.1368e-03      -1.1332e-05     1.3676e-08      1.0266e-10
33	0	6	6	0.0000e+00	1.1841e-02       1.0995e-03      -6.3238e-06     -4.8379e-08     3.2444e-10
34	0	6	6	0.0000e+00	1.4884e-02       9.0409e-04      -1.7422e-06     -9.1799e-08     4.6675e-10
### SDC4				  	
35	0	6	6	0.0000e+00	2.6775e-02       7.9943e-04      -6.2391e-06     -1.7771e-08     1.6433e-10
36	0	6	6	0.0000e+00	3.2938e-02       3.5064e-04      3.7013e-06      -1.0747e-07     4.5102e-10
37	0	6	6	0.0000e+00	2.5663e-02       7.6855e-04      -5.2874e-06     -2.3645e-08     1.7520e-10
38	0	6	6	0.0000e+00	1.9458e-02       1.1223e-03      -1.1758e-05     2.6026e-08      3.5972e-11
### SDC5				  	
39	0	6	6	0.0000e+00	3.0146e-02       3.3928e-04      6.8941e-06      -1.5797e-07     6.6746e-10
40	0	6	6	0.0000e+00	2.2333e-02       6.3473e-04      1.8750e-06      -1.1745e-07     5.4389e-10
41	0	6	6	0.0000e+00	2.6802e-02       6.7882e-04      -2.6023e-06     -5.0993e-08     2.6154e-10
42	0	6	6	0.0000e+00	2.4355e-02       9.8189e-04      -1.0442e-05     2.2206e-08      3.3691e-11
### BC3					  		  		   		  		   	
113 	0       6       6	0.0000e+00	1.9829e-02       1.0691e-03      1.1686e-04      -6.9395e-06     8.9553e-08
114 	0       6       6	0.0000e+00	4.1828e-02       -2.4264e-03     2.8291e-04      -9.8076e-06     1.0345e-07
115 	0       6       6	0.0000e+00	5.7027e-02       -5.6867e-03     5.1667e-04      -1.6758e-05     1.7601e-07
116 	0       6       6	0.0000e+00	2.4692e-02       1.0129e-03      8.1711e-05      -5.2153e-06     6.6444e-08
117 	0       6       6	0.0000e+00	4.2334e-02       -1.6338e-03     2.2819e-04      -8.6574e-06     9.5824e-08
118 	0       6       6	0.0000e+00	3.5779e-02       -1.6019e-03     2.1155e-04      -7.4161e-06     7.6413e-08
### BC4					  	
119 	0       6       6	0.0000e+00	4.1945e-02       -2.4361e-03     2.7103e-04      -9.1501e-06     9.3275e-08
120 	0       6       6	0.0000e+00	4.0586e-02       -1.4662e-03     2.3483e-04      -9.4028e-06     1.0842e-07
121 	0       6       6	0.0000e+00	5.5176e-02       -5.5280e-03     5.3400e-04      -1.7943e-05     1.9321e-07
122 	0       6       6	0.0000e+00	3.8085e-02       -2.6586e-03     3.2437e-04      -1.1322e-05     1.1935e-07
123 	0       6       6	0.0000e+00	1.4393e-02       2.5988e-03      -2.1270e-05     -2.2671e-06     3.6682e-08
124 	0       6       6	0.0000e+00	6.0303e-02       -4.6655e-03     3.7557e-04      -1.1300e-05     1.1014e-07


