#
#  file: DCDriftParam_e70_20240417 <- DCDriftParam_e70_20230620
#  date: 2024-04-17 19:52
#  note: first version
#        DCDriftParam SdcIn ... done
#        DCDriftParam BcOut ... done
#        DCDriftParam SdcOut ... done (w/ run70257)
#        DCDriftParam BcOut ... done (w/ run70257)
#
#######################################################################
# Id	WireId	Type	NParam	p0	p1	...
### SDC1
1	0	6	6	0.0000e+00	1.6082e-02       1.4642e-03      -5.1111e-06     -3.5819e-07   2.9020e-09
2	0	6	6	0.0000e+00	1.4052e-02       1.6033e-03      -9.7426e-06     -2.8698e-07   2.5090e-09
3	0	6	6	0.0000e+00	1.5553e-02       1.7210e-03      -1.8230e-05     -1.3266e-07   1.6466e-09
4	0	6	6	0.0000e+00	1.3378e-02       1.6475e-03      -1.3477e-05     -1.9802e-07   1.9144e-09
5	0	6	6	0.0000e+00	1.4695e-02       1.7686e-03      -1.7610e-05     -1.7136e-07   1.9580e-09
6	0	6	6	0.0000e+00	1.0321e-02       1.8531e-03      -1.7745e-05     -1.6789e-07   1.8740e-09
### SDC2
7	0	6	6	0.0000e+00	2.2686e-02       2.0376e-03      -3.6688e-05     -6.0583e-09   2.0836e-09
8	0	6	6	0.0000e+00	2.0377e-02       2.1093e-03      -3.6641e-05     -2.4101e-08   2.2226e-09
9	0	6	6	0.0000e+00	2.1836e-02       1.9843e-03      -3.2831e-05     -7.6549e-08   2.4882e-09
10	0	6	6	0.0000e+00	2.2197e-02       1.7237e-03      -2.0330e-05     -2.7452e-07   3.5175e-09
### SDC3
31	0	6	6	0.0000e+00	2.2064e-03       1.7261e-03      -2.1084e-05     9.3228e-08     -1.4450e-10
32	0	6	6	0.0000e+00	8.7044e-03       1.5192e-03      -1.6015e-05     3.4090e-08     8.2407e-11
33	0	6	6	0.0000e+00	1.1929e-02       1.1993e-03      -1.0170e-05     -6.6812e-09    1.8433e-10
34	0	6	6	0.0000e+00	9.3708e-03       1.2416e-03      -9.1474e-06     -2.8652e-08    2.8382e-10
### SDC4				  	
35	0	6	6	0.0000e+00	1.4551e-02       1.3116e-03      -1.4567e-05     4.2449e-08     5.5031e-12
36	0	6	6	0.0000e+00	2.3796e-02       8.2642e-04      -5.9003e-06     -2.3324e-08    1.8766e-10
37	0	6	6	0.0000e+00	7.6960e-03       1.6963e-03      -2.2250e-05     1.0768e-07     -1.9258e-10
38	0	6	6	0.0000e+00	8.5516e-03       1.6461e-03      -2.1124e-05     9.8617e-08     -1.7147e-10
### SDC5				  	
39	0	6	6	0.0000e+00	1.6731e-02       1.0967e-03      -9.7479e-06     -4.7625e-10    1.4186e-10
40	0	6	6	0.0000e+00	1.2239e-02       1.3297e-03      -1.4152e-05     3.4198e-08     4.4692e-11
41	0	6	6	0.0000e+00	8.8198e-03       1.6470e-03      -2.1754e-05     1.0891e-07     -2.1553e-10
42	0	6	6	0.0000e+00	1.7777e-02       1.2639e-03      -1.4067e-05     3.6408e-08     3.3933e-11
### BC3					  		  		   		  		   	
113 	0       6       6	0.0000e+00	9.1809e-03       3.1426e-03      -3.1132e-05     -2.3811e-06   3.9718e-08
114 	0       6       6	0.0000e+00	1.9292e-02       4.3882e-04      1.4657e-04      -6.8653e-06   7.9461e-08
115 	0       6       6	0.0000e+00	2.2988e-02       -3.8293e-04     1.8519e-04      -7.4398e-06   8.0595e-08
116 	0       6       6	0.0000e+00	1.3835e-02       1.2822e-03      9.8436e-05      -5.7022e-06   6.8960e-08
117 	0       6       6	0.0000e+00	1.2668e-02       2.3622e-03      2.1017e-05      -3.7394e-06   5.1855e-08
118 	0       6       6	0.0000e+00	3.4784e-02       -2.3646e-03     2.8642e-04      -9.6329e-06   9.8486e-08
### BC4					  	
119 	0       6       6	0.0000e+00	2.0028e-02       1.2399e-04      1.6640e-04      -7.3359e-06   8.3036e-08
120 	0       6       6	0.0000e+00	2.0918e-02       7.9125e-04      1.1693e-04      -6.1937e-06   7.4586e-08
121 	0       6       6	0.0000e+00	2.5020e-02       4.8345e-05      1.6547e-04      -7.4965e-06   8.6889e-08
122 	0       6       6	0.0000e+00	1.8996e-02       5.2340e-04      1.4865e-04      -7.1482e-06   8.3565e-08
123 	0       6       6	0.0000e+00	1.5566e-02       2.2406e-03      -2.1714e-06     -2.5054e-06   3.6125e-08
124 	0       6       6	0.0000e+00	4.4393e-02       -3.1752e-03     3.2710e-04      -1.0708e-05   1.0895e-07

