##
#  file: DCDriftParam_e70_20240417 <- DCDriftParam_e70_20230620
#  date: 2024-04-17 19:52
#  note: first version
#        DCDriftParam SdcIn ... done
#        DCDriftParam BcOut ... done
#        DCDriftParam SdcOut ... done (w/ run70257)
#        DCDriftParam BcOut ... done (w/ run70257)
#
#######################################################################
# Id	WireId	Type	NParam	p0	p1	...
### SDC1
1	0	6	6	0.0000e+00	1.8804e-02 	 1.7998e-03 	 -2.7698e-05 	 3.7792e-08 	 7.3349e-10
2	0	6	6	0.0000e+00	1.4020e-02 	 1.7184e-03 	 -1.8466e-05 	 -1.1985e-07 	 1.5329e-09
3	0	6	6	0.0000e+00	2.5147e-02 	 1.4289e-03 	 -2.0194e-05 	 -1.6594e-08 	 8.2676e-10
4	0	6	6	0.0000e+00	1.9787e-02 	 1.6182e-03 	 -2.2880e-05 	 4.1294e-09 	 7.4600e-10
5	0	6	6	0.0000e+00	1.5872e-02 	 1.7423e-03 	 -2.4114e-05 	 -4.2553e-09 	 8.7965e-10
6	0	6	6	0.0000e+00	2.2549e-02 	 1.4732e-03 	 -1.9707e-05 	 -3.5595e-08 	 9.5069e-10
### SDC2
7	0	6	6	0.0000e+00	3.2291e-02 	 1.2384e-03 	 -1.6875e-05 	 -2.0189e-07 	 2.7432e-09
8	0	6	6	0.0000e+00	3.9984e-02 	 8.8131e-04 	 -9.3556e-06 	 -2.8608e-07 	 3.1418e-09
9	0	6	6	0.0000e+00	3.3759e-02 	 1.1824e-03 	 -1.6125e-05 	 -2.0513e-07 	 2.7344e-09
10	0	6	6	0.0000e+00	3.0618e-02 	 1.1042e-03 	 -8.2713e-06 	 -3.4185e-07 	 3.4580e-09
### SDC3
31	0	6	6	0.0000e+00	1.4933e-02 	 1.2407e-03 	 -1.2135e-05 	 1.6055e-08 	 9.7834e-11
32	0	6	6	0.0000e+00	1.7753e-02 	 1.1338e-03 	 -1.1449e-05 	 1.9901e-08 	 6.5520e-11
33	0	6	6	0.0000e+00	1.6429e-02 	 1.0535e-03 	 -7.8750e-06 	 -2.3060e-08 	 2.2629e-10
34	0	6	6	0.0000e+00	1.4015e-02 	 1.1746e-03 	 -9.9637e-06 	 -8.7920e-09 	 1.9375e-10
### SDC4				  	
35	0	6	6	0.0000e+00	1.4125e-02 	 1.4741e-03 	 -1.9672e-05 	 9.4215e-08 	 -1.6428e-10
36	0	6	6	0.0000e+00	1.5767e-02 	 1.3444e-03 	 -1.7389e-05 	 7.8846e-08 	 -1.2767e-10
37	0	6	6	0.0000e+00	1.3009e-02 	 1.5104e-03 	 -1.9815e-05 	 9.4250e-08 	 -1.6760e-10
38	0	6	6	0.0000e+00	1.1144e-02 	 1.5615e-03 	 -2.0286e-05 	 9.4972e-08 	 -1.6199e-10
### SDC5				  	
39	0	6	6	0.0000e+00	2.0365e-02 	 1.0415e-03 	 -9.5762e-06 	 7.9173e-10 	 1.3437e-10
40	0	6	6	0.0000e+00	1.9384e-02 	 1.0592e-03 	 -9.9947e-06 	 6.4507e-09 	 1.1111e-10
41	0	6	6	0.0000e+00	1.0670e-02 	 1.5567e-03 	 -1.9635e-05 	 8.7691e-08 	 -1.4137e-10
42	0	6	6	0.0000e+00	1.4616e-02 	 1.3907e-03 	 -1.6894e-05 	 6.6031e-08 	 -7.4182e-11
### BC3					  		  		   		  		   	
113 	0       6       6	0.0000e+00	1.7669e-02 	 2.6630e-03 	 -2.7781e-05 	 -2.2029e-06 	 3.7346e-08
114 	0       6       6	0.0000e+00	2.6300e-02 	 -3.2495e-04 	 1.8039e-04 	 -7.6098e-06 	 8.6099e-08
115 	0       6       6	0.0000e+00	2.6971e-02 	 -9.0447e-04 	 2.0634e-04 	 -7.8229e-06 	 8.3516e-08
116 	0       6       6	0.0000e+00	2.0887e-02 	 1.8738e-03 	 3.1880e-05 	 -3.9584e-06 	 5.4981e-08
117 	0       6       6	0.0000e+00	2.1157e-02 	 1.6667e-03 	 4.0409e-05 	 -3.9638e-06 	 5.2812e-08
118 	0       6       6	0.0000e+00	3.3166e-02 	 -1.3176e-03 	 2.1402e-04 	 -7.8829e-06 	 8.4163e-08
### BC4					  	
119 	0       6       6	0.0000e+00	3.2997e-02 	 -6.5546e-04 	 1.9347e-04 	 -8.0964e-06 	 9.2349e-08
120 	0       6       6	0.0000e+00	2.3048e-02 	 -6.4045e-05 	 1.6916e-04 	 -7.3393e-06 	 8.3096e-08
121 	0       6       6	0.0000e+00	1.7040e-02 	 -3.6182e-04 	 2.0340e-04 	 -8.0291e-06 	 8.5857e-08
122 	0       6       6	0.0000e+00	2.0739e-02 	 1.1290e-03 	 9.6282e-05 	 -5.7649e-06 	 7.1631e-08
123 	0       6       6	0.0000e+00	2.5478e-02 	 1.4759e-03 	 4.2087e-05 	 -3.9833e-06 	 5.3679e-08
124 	0       6       6	0.0000e+00	3.0525e-02 	 -1.3478e-03 	 2.3160e-04 	 -8.4706e-06 	 8.9470e-08

