##
#  file: DCDriftParam_e70_20240417 <- DCDriftParam_e70_20230620
#  date: 2024-04-17 19:52
#  note: first version
#        DCDriftParam SdcIn ... done
#        DCDriftParam BcOut ... done
#        DCDriftParam SdcOut ... done (w/ run70257)
#        DCDriftParam BcOut ... done (w/ run70257)
#
#######################################################################
# Id	WireId	Type	NParam	p0	p1	...
### SDC1
1	0	6	6	0.00000e+00	2.85243e-02	7.76706e-04	1.29484e-05	-6.04564e-07	4.19985e-09
2	0	6	6	0.00000e+00	2.52676e-02	1.03281e-03	4.26590e-06	-4.75024e-07	3.51017e-09
3	0	6	6	0.00000e+00	2.40534e-02	1.57198e-03	-2.22805e-05	-3.03595e-08	1.07414e-09
4	0	6	6	0.00000e+00	2.01127e-02	1.56667e-03	-1.83837e-05	-9.26599e-08	1.34790e-09
5	0	6	6	0.00000e+00	2.60033e-02	1.28836e-03	-7.99273e-06	-2.86024e-07	2.54624e-09
6	0	6	6	0.00000e+00	1.81928e-02	1.55304e-03	-1.29586e-05	-2.16300e-07	2.11678e-09
### SDC2
7	0	6	6	0.00000e+00	3.72083e-02	9.71415e-04	2.36171e-06	-7.17645e-07	6.87769e-09
8	0	6	6	0.00000e+00	3.53963e-02	8.60847e-04	1.22498e-05	-9.26730e-07	8.26889e-09
9	0	6	6	0.00000e+00	3.62469e-02	1.02094e-03	1.25993e-06	-7.08360e-07	6.85477e-09
10	0	6	6	0.00000e+00	4.28171e-02	-1.33721e-04	5.23692e-05	-1.56986e-06	1.18889e-08
### SDC3
31	0	6	6	0.00000e+00	2.76366e-02	5.01941e-04	2.72307e-06	-1.10150e-07	4.83062e-10
32	0	6	6	0.00000e+00	3.13549e-02	5.46961e-04	-9.46071e-07	-6.63472e-08	3.28526e-10
33	0	6	6	0.00000e+00	2.38028e-02	1.79058e-04	1.73586e-05	-2.96777e-07	1.23023e-09
34	0	6	6	0.00000e+00	2.05518e-02	5.32578e-04	6.85859e-06	-1.75634e-07	7.49637e-10
### SDC4				  	
35	0	6	6	0.00000e+00	2.87680e-02	7.77354e-04	-6.61193e-06	-1.36717e-08	1.59470e-10
36	0	6	6	0.00000e+00	2.59784e-02	8.57875e-04	-7.57543e-06	-8.70909e-09	1.51139e-10
37	0	6	6	0.00000e+00	2.34019e-02	1.15700e-03	-1.53327e-05	6.79218e-08	-1.04933e-10
38	0	6	6	0.00000e+00	3.33803e-02	5.90299e-04	-3.57354e-06	-3.28048e-08	1.97014e-10
### SDC5				  	
39	0	6	6	0.00000e+00	2.73588e-02	6.41175e-04	-9.96895e-07	-7.93285e-08	3.98984e-10
40	0	6	6	0.00000e+00	1.86553e-02	9.99346e-04	-7.35352e-06	-2.74705e-08	2.43808e-10
41	0	6	6	0.00000e+00	1.96020e-02	1.08122e-03	-1.04494e-05	1.17406e-08	8.56389e-11
42	0	6	6	0.00000e+00	2.38888e-02	1.06362e-03	-1.24072e-05	3.78671e-08	-5.90212e-12
### BC3					  		  		   		  		   	
113	0	6	6	0.00000e+00	5.98865e-04	4.46598e-03	-1.15913e-04	-6.25151e-08	1.74699e-08
114	0	6	6	0.00000e+00	-4.71663e-03	4.52886e-03	-1.18834e-04	5.56683e-07	4.75053e-09
115	0	6	6	0.00000e+00	2.13890e-03	3.83530e-03	-8.61972e-05	-3.33492e-07	1.47638e-08
116	0	6	6	0.00000e+00	1.31339e-03	4.05801e-03	-8.54790e-05	-8.43084e-07	2.39312e-08
117	0	6	6	0.00000e+00	-6.51010e-03	5.93319e-03	-2.18850e-04	2.95864e-06	-1.42395e-08
118	0	6	6	0.00000e+00	1.30634e-02	1.47732e-03	4.60518e-05	-3.39628e-06	4.10568e-08
### BC4					  	
119	0	6	6	0.00000e+00	-8.61327e-03	5.19317e-03	-1.47409e-04	7.86132e-07	7.91398e-09
120	0	6	6	0.00000e+00	8.23057e-04	3.90580e-03	-7.36305e-05	-1.12797e-06	2.61117e-08
121	0	6	6	0.00000e+00	3.06381e-03	3.85177e-03	-6.54860e-05	-1.60554e-06	3.31624e-08
122	0	6	6	0.00000e+00	-3.55526e-03	4.07494e-03	-6.50501e-05	-1.64525e-06	3.28802e-08
123	0	6	6	0.00000e+00	-2.34545e-03	4.69210e-03	-1.31875e-04	5.70278e-07	9.00310e-09
124	0	6	6	0.00000e+00	8.11785e-03	2.58831e-03	-1.07544e-05	-2.17778e-06	3.08608e-08
124	0	6	6	0.00000e+00	8.11785e-03	2.58831e-03	-1.07544e-05	-2.17778e-06	3.08608e-08
124	0	6	6	0.00000e+00	8.11785e-03	2.58831e-03	-1.07544e-05	-2.17778e-06	3.08608e-08
