#
#  file: DCDriftParam_e70_20240417 <- DCDriftParam_e70_20230620
#  date: 2024-04-17 19:52
#  note: first version
#        DCDriftParam SdcIn ... done
#        DCDriftParam BcOut ... done
#        DCDriftParam SdcOut ... done (w/ run70257)
#        DCDriftParam BcOut ... done (w/ run70257)
#
#######################################################################
# Id	WireId	Type	NParam	p0	p1	...
### SDC1
1	0	6	6	0.00000e+00	1.60820e-02	1.46420e-03	-5.11110e-06	-3.58190e-07	2.90200e-09
2	0	6	6	0.00000e+00	1.40520e-02	1.60330e-03	-9.74260e-06	-2.86980e-07	2.50900e-09
3	0	6	6	0.00000e+00	1.55530e-02	1.72100e-03	-1.82300e-05	-1.32660e-07	1.64660e-09
4	0	6	6	0.00000e+00	1.33780e-02	1.64750e-03	-1.34770e-05	-1.98020e-07	1.91440e-09
5	0	6	6	0.00000e+00	1.46950e-02	1.76860e-03	-1.76100e-05	-1.71360e-07	1.95800e-09
6	0	6	6	0.00000e+00	1.03210e-02	1.85310e-03	-1.77450e-05	-1.67890e-07	1.87400e-09
### SDC2
7	0	6	6	0.00000e+00	2.26860e-02	2.03760e-03	-3.66880e-05	-6.05830e-09	2.08360e-09
8	0	6	6	0.00000e+00	2.03770e-02	2.10930e-03	-3.66410e-05	-2.41010e-08	2.22260e-09
9	0	6	6	0.00000e+00	2.18360e-02	1.98430e-03	-3.28310e-05	-7.65490e-08	2.48820e-09
10	0	6	6	0.00000e+00	2.21970e-02	1.72370e-03	-2.03300e-05	-2.74520e-07	3.51750e-09
### SDC3
31	0	6	6	1.63753e-01	-3.44592e-02	2.19034e-03	-2.19025e-05	8.11033e-08	-9.50356e-11
32	0	6	6	1.44115e-01	-3.15367e-02	2.15819e-03	-2.23510e-05	8.76586e-08	-1.14981e-10
33	0	6	6	1.41557e-01	-3.00556e-02	2.06226e-03	-2.07325e-05	7.73990e-08	-9.27945e-11
34	0	6	6	1.58309e-01	-3.44910e-02	2.22710e-03	-2.26825e-05	8.67602e-08	-1.08648e-10
### SDC4				  	
35	0	6	6	1.36822e-01	-2.98214e-02	2.15933e-03	-2.27865e-05	9.14299e-08	-1.24257e-10
36	0	6	6	1.12966e-01	-2.58445e-02	2.17256e-03	-2.43768e-05	1.06007e-07	-1.62276e-10
37	0	6	6	1.33443e-01	-2.99456e-02	2.16719e-03	-2.31171e-05	9.45672e-08	-1.32853e-10
38	0	6	6	1.56876e-01	-3.39487e-02	2.26431e-03	-2.36818e-05	9.40920e-08	-1.25557e-10
### SDC5				  	
39	0	6	6	1.28998e-01	-2.86028e-02	2.15757e-03	-2.30657e-05	9.40689e-08	-1.31127e-10
40	0	6	6	1.19512e-01	-2.75717e-02	2.14366e-03	-2.32417e-05	9.69026e-08	-1.40089e-10
41	0	6	6	1.32765e-01	-3.08016e-02	2.28666e-03	-2.52584e-05	1.08252e-07	-1.62448e-10
42	0	6	6	1.38254e-01	-3.17723e-02	2.34813e-03	-2.60174e-05	1.11694e-07	-1.67636e-10
### BC3					  		  		   		  		   	
113	0	6	6	0.00000e+00	9.18090e-03	3.14260e-03	-3.11320e-05	-2.38110e-06	3.97180e-08
114	0	6	6	0.00000e+00	1.92920e-02	4.38820e-04	1.46570e-04	-6.86530e-06	7.94610e-08
115	0	6	6	0.00000e+00	2.29880e-02	-3.82930e-04	1.85190e-04	-7.43980e-06	8.05950e-08
116	0	6	6	0.00000e+00	1.38350e-02	1.28220e-03	9.84360e-05	-5.70220e-06	6.89600e-08
117	0	6	6	0.00000e+00	1.26680e-02	2.36220e-03	2.10170e-05	-3.73940e-06	5.18550e-08
118	0	6	6	0.00000e+00	3.47840e-02	-2.36460e-03	2.86420e-04	-9.63290e-06	9.84860e-08
### BC4					  	
119	0	6	6	0.00000e+00	2.00280e-02	1.23990e-04	1.66400e-04	-7.33590e-06	8.30360e-08
120	0	6	6	0.00000e+00	2.09180e-02	7.91250e-04	1.16930e-04	-6.19370e-06	7.45860e-08
121	0	6	6	0.00000e+00	2.50200e-02	4.83450e-05	1.65470e-04	-7.49650e-06	8.68890e-08
122	0	6	6	0.00000e+00	1.89960e-02	5.23400e-04	1.48650e-04	-7.14820e-06	8.35650e-08
123	0	6	6	0.00000e+00	1.55660e-02	2.24060e-03	-2.17140e-06	-2.50540e-06	3.61250e-08
124	0	6	6	0.00000e+00	4.43930e-02	-3.17520e-03	3.27100e-04	-1.07080e-05	1.08950e-07
124	0	6	6	0.00000e+00	4.43930e-02	-3.17520e-03	3.27100e-04	-1.07080e-05	1.08950e-07
