##
#  file: DCDriftParam_e70_20230802_kevata
#  date: 2021-05-11 14:47:56
#  note: first version
#        DCDriftParam SdcIn ... done
#        DCDriftParam BcOut ... done
#
#
#######################################################################
# Id	WireId	Type	NParam	p0	p1	...
### SDC1
1	0	6	6	0.0000e+00	2.0450e-02 	 1.6942e-03 	 -2.4191e-05 	 -7.3931e-09 	 9.4666e-10
2	0	6	6	0.0000e+00	1.7234e-02 	 1.8601e-03 	 -2.8679e-05 	 5.5257e-08 	 6.1532e-10
3	0	6	6	0.0000e+00	4.5474e-03 	 3.3438e-03 	 -8.2490e-05 	 8.3261e-07 	 -3.2923e-09
4	0	6	6	0.0000e+00	2.2413e-02 	 1.5066e-03 	 -2.1756e-05 	 1.0443e-08 	 6.6428e-10
5	0	6	6	0.0000e+00	1.7010e-02 	 1.8409e-03 	 -2.6611e-05 	 1.0745e-08 	 8.9599e-10
6	0	6	6	0.0000e+00	1.8764e-02 	 1.7270e-03 	 -2.3714e-05 	 -2.1259e-08 	 1.0195e-09
### SDC2
7	0	6	6	0.0000e+00	2.3190e-02 	 1.8211e-03 	 -2.0012e-05 	 -4.1625e-07 	 5.2912e-09
8	0	6	6	0.0000e+00	1.9005e-02 	 2.0374e-03 	 -2.6916e-05 	 -2.7348e-07 	 4.1593e-09
9	0	6	6	0.0000e+00	1.9782e-02 	 1.9454e-03 	 -2.4981e-05 	 -2.8193e-07 	 4.1033e-09
10	0	6	6	0.0000e+00	2.8337e-02 	 9.7138e-04 	 1.3478e-05 	 -9.0385e-07 	 7.6857e-09
### SDC3
31	0	6	6	0.0000e+00	3.4506e-02 	 8.5089e-05 	 9.4217e-06 	 -1.5180e-07 	 5.7021e-10
32	0	6	6	0.0000e+00	2.0219e-02 	 1.2354e-03 	 -1.6521e-05 	 7.4303e-08 	 -1.0897e-10
33	0	6	6	0.0000e+00	3.9264e-02 	 -3.0122e-04 	 2.2195e-05 	 -3.0497e-07 	 1.1526e-09
34	0	6	6	0.0000e+00	3.1186e-02 	 -4.1997e-05 	 1.8771e-05 	 -2.8533e-07 	 1.1117e-09
### SDC4
35	0	6	6	0.0000e+00	2.7150e-02 	 7.5308e-04 	 -5.1337e-06 	 -3.0997e-08 	 2.2113e-10
36	0	6	6	0.0000e+00	2.8486e-02 	 7.4962e-04 	 -6.0045e-06 	 -1.8150e-08 	 1.6949e-10
37	0	6	6	0.0000e+00	2.7075e-02 	 8.9003e-04 	 -9.7660e-06 	 2.1931e-08 	 2.7696e-11
38	0	6	6	0.0000e+00	2.6600e-02 	 9.3139e-04 	 -1.0675e-05 	 3.0232e-08 	 7.1343e-13
### SDC5
39	0	6	6	0.0000e+00	3.1084e-02 	 3.7806e-04 	 4.4200e-06 	 -1.2363e-07 	 5.2446e-10
40	0	6	6	0.0000e+00	2.7694e-02 	 5.7367e-04 	 2.2165e-07 	 -8.5458e-08 	 3.9989e-10
41	0	6	6	0.0000e+00	2.7265e-02 	 8.0357e-04 	 -7.4927e-06 	 1.6873e-09 	 8.6580e-11
42	0	6	6	0.0000e+00	2.4822e-02 	 1.1395e-03 	 -1.6120e-05 	 8.2922e-08 	 -1.7232e-10
### BC3
113 	0 	6 	6 	0.0000e+00 	1.0096e-02 	 2.9503e-03 	 -1.8928e-05 	 -2.6321e-06 	 4.1317e-08
114 	0 	6 	6 	0.0000e+00 	1.2574e-02 	 3.0435e-03 	 -4.0025e-05 	 -1.8146e-06 	 3.1996e-08
115 	0 	6 	6 	0.0000e+00 	1.4544e-03 	 3.8529e-03 	 -5.2501e-05 	 -2.1010e-06 	 3.8391e-08
116 	0 	6 	6 	0.0000e+00 	8.0036e-03 	 3.1111e-03 	 4.8106e-07 	 -3.9331e-06 	 6.0304e-08
117 	0 	6 	6 	0.0000e+00 	6.3045e-03 	 4.1574e-03 	 -8.6861e-05 	 -1.3388e-06 	 3.4319e-08
118 	0 	6 	6 	0.0000e+00 	-9.0002e-04 	 2.7097e-03 	 4.2672e-05 	 -4.6753e-06 	 6.1746e-08
### BC4
119 	0 	6 	6 	0.0000e+00 	1.8013e-03 	 3.6130e-03 	 -3.1506e-05 	 -2.7804e-06 	 4.5784e-08
120 	0 	6 	6 	0.0000e+00 	1.1436e-02 	 2.3639e-03 	 4.8084e-05 	 -5.1176e-06 	 7.0413e-08
121 	0 	6 	6 	0.0000e+00 	1.1485e-02 	 2.0972e-03 	 7.3736e-05 	 -5.9324e-06 	 7.9025e-08
122 	0 	6 	6 	0.0000e+00 	1.3866e-02 	 2.4722e-03 	 2.5731e-05 	 -4.2485e-06 	 5.9987e-08
123 	0 	6 	6 	0.0000e+00 	1.1241e-02 	 3.1019e-03 	 -3.1492e-05 	 -2.3248e-06 	 3.8275e-08
124 	0 	6 	6 	0.0000e+00 	2.9973e-02 	 -8.8434e-04 	 2.1891e-04 	 -8.6556e-06 	 9.5712e-08


