##
#  file: DCDriftParam_e70_20240417 <- DCDriftParam_e70_20230620
#  date: 2024-04-17 19:52
#  note: first version
#        DCDriftParam SdcIn ... done
#        DCDriftParam BcOut ... done
#        DCDriftParam SdcOut ... done (w/ run70257)
#        DCDriftParam BcOut ... done (w/ run70257)
#
#######################################################################
# Id	WireId	Type	NParam	p0	p1	...
### SDC1
1	0	6	6	0.0000e+00	4.4119e-02 	 5.1998e-04 	 -5.1452e-06 	 -1.4969e-07 	 1.4909e-09
2	0	6	6	0.0000e+00	4.6701e-02 	 5.3434e-04 	 -1.1402e-05 	 -1.7457e-08 	 7.1206e-10
3	0	6	6	0.0000e+00	5.0163e-02 	 3.2685e-04 	 -4.5307e-06 	 -1.2702e-07 	 1.3770e-09
4	0	6	6	0.0000e+00	4.8533e-02 	 4.2614e-04 	 -7.7730e-06 	 -7.8904e-08 	 1.1226e-09
5	0	6	6	0.0000e+00	5.0087e-02 	 5.0354e-04 	 -1.6678e-05 	 1.0587e-07 	 -1.5433e-11
6	0	6	6	0.0000e+00	4.6630e-02 	 5.0715e-04 	 -8.3717e-06 	 -8.4962e-08 	 1.1928e-09
### SDC2
7	0	6	6	0.0000e+00	5.7748e-02 	 4.6169e-04 	 -1.6431e-05 	 -5.7474e-08 	 1.8143e-09
8	0	6	6	0.0000e+00	5.8922e-02 	 3.2496e-04 	 -1.1118e-05 	 -1.3129e-07 	 2.1363e-09
9	0	6	6	0.0000e+00	5.5909e-02 	 7.7135e-04 	 -3.2060e-05 	 2.2127e-07 	 1.6048e-10
10	0	6	6	0.0000e+00	5.4653e-02 	 4.9864e-04 	 -1.2666e-05 	 -1.4789e-07 	 2.3532e-09
### SDC3
31	0	6	6	0.0000e+00	7.6711e-02	-1.2140e-03	3.0931e-05	-3.4674e-07	1.2533e-09
32	0	6	6	0.0000e+00	4.6235e-02	9.6357e-04 	-1.9838e-05	1.2127e-07 	-2.3977e-10
33	0	6	6	0.0000e+00	7.7179e-02	-1.1236e-03	2.8151e-05	-3.2023e-07	1.1655e-09
34	0	6	6	0.0000e+00	6.6041e-02	-6.9156e-04	2.1821e-05	-2.8302e-07	1.0956e-09
### SDC4				  		  		   		  		   	
35	0	6	6	0.0000e+00	6.4851e-02	-3.9613e-04	1.1628e-05	-1.6099e-07	6.2633e-10
36	0	6	6	0.0000e+00	6.2816e-02	-3.3454e-04	1.0767e-05	-1.5545e-07	6.1100e-10
37	0	6	6	0.0000e+00	6.8964e-02	-7.0552e-04	1.8189e-05	-2.1552e-07	7.8636e-10
38	0	6	6	0.0000e+00	6.5828e-02	-1.0837e-04	1.2970e-06	-4.4184e-08	2.0240e-10
### SDC5				  		  		   		  		   	
39	0	6	6	0.0000e+00	7.3252e-02	-9.0831e-04	2.3184e-05	-2.7011e-07	9.8966e-10
40	0	6	6	0.0000e+00	7.2169e-02	-8.6281e-04	2.1607e-05	-2.4944e-07	9.0444e-10
41	0	6	6	0.0000e+00	7.5599e-02	-1.1152e-03	2.7921e-05	-3.1374e-07	1.1351e-09
42	0	6	6	0.0000e+00	5.4642e-02	5.1890e-04 	-1.1493e-05	6.2348e-08 	-1.0798e-10
### BC3					  		  		   		  		   	
113 	0       6       6	0.0000e+00	3.8998e-03 	 3.0892e-03 	 -9.7078e-07 	 -3.5339e-06 	 5.2684e-08
114 	0       6       6	0.0000e+00	5.4404e-03 	 3.2922e-03 	 -4.2521e-05 	 -1.7130e-06 	 2.9546e-08
115 	0       6       6	0.0000e+00	1.9405e-02 	 4.1198e-05 	 1.8730e-04 	 -8.2353e-06 	 9.4219e-08
116 	0       6       6	0.0000e+00	1.0393e-02 	 1.0620e-03 	 1.3391e-04 	 -6.8575e-06 	 8.0511e-08
117 	0       6       6	0.0000e+00	-6.1246e-03 	 4.8335e-03 	 -1.1002e-04 	 -5.6266e-07 	 2.3046e-08
118 	0       6       6	0.0000e+00	1.5804e-02 	 2.7408e-05 	 1.4064e-04 	 -5.5137e-06 	 5.6558e-08
### BC4					  		  		   		  		   	
119 	0       6       6	0.0000e+00	6.3363e-03 	 3.0257e-03 	 -7.3928e-06 	 -3.1770e-06 	 4.7816e-08
120 	0       6       6	0.0000e+00	6.0193e-03 	 2.4846e-03 	 3.5713e-05 	 -4.2789e-06 	 5.6883e-08
121 	0       6       6	0.0000e+00	1.1600e-03 	 2.8408e-03 	 3.7023e-05 	 -4.8188e-06 	 6.6127e-08
122 	0       6       6	0.0000e+00	5.4193e-03 	 2.3676e-03 	 5.6148e-05 	 -5.1421e-06 	 6.8127e-08
123 	0       6       6	0.0000e+00	8.6091e-03 	 2.6313e-03 	 -1.5235e-06 	 -2.8197e-06 	 4.0099e-08
124 	0       6       6	0.0000e+00	2.0017e-02 	 -7.1715e-04 	 2.2377e-04 	 -8.6128e-06 	 9.2250e-08
