##
#  file: DCDriftParam_e70_20230802_kevata
#  date: 2021-05-11 14:47:56
#  note: first version
#        DCDriftParam SdcIn ... done
#        DCDriftParam BcOut ... done
#
#
#######################################################################
# Id	WireId	Type	NParam	p0	p1	...
### SDC1
1	0	6	6	0.0000e+00	2.1588e-02 	 2.0036e-03 	 -3.5784e-05 	 1.3052e-07 	 3.8833e-10
2	0	6	6	0.0000e+00	2.2106e-02 	 1.9844e-03 	 -3.5821e-05 	 1.3894e-07 	 3.2091e-10
3	0	6	6	0.0000e+00	2.7839e-02 	 1.8216e-03 	 -3.7117e-05 	 2.0932e-07 	 -1.6413e-10
4	0	6	6	0.0000e+00	2.5449e-02 	 1.7425e-03 	 -3.1715e-05 	 1.2915e-07 	 2.0547e-10
5	0	6	6	0.0000e+00	1.8016e-02 	 2.1214e-03 	 -3.8370e-05 	 1.6789e-07 	 1.8289e-10
6	0	6	6	0.0000e+00	2.2491e-02 	 2.0169e-03 	 -3.8487e-05 	 1.8828e-07 	 4.5840e-11
### SDC2
7	0	6	6	0.0000e+00	3.2308e-02 	 1.9561e-03 	 -4.7084e-05 	 2.3876e-07 	 5.5460e-10
8	0	6	6	0.0000e+00	4.1322e-02 	 1.4583e-03 	 -3.5564e-05 	 1.1407e-07 	 1.0738e-09
9	0	6	6	0.0000e+00	4.2192e-02 	 1.4232e-03 	 -3.5573e-05 	 1.1924e-07 	 1.0494e-09
10	0	6	6	0.0000e+00	3.4905e-02 	 1.4725e-03 	 -2.6884e-05 	 -6.7346e-08 	 2.1271e-09
### SDC3
31	0	6	6	0.0000e+00	-1.4385e-02 	 2.8726e-03 	 -4.4099e-05 	 2.7414e-07 	 -6.3935e-10
32	0	6	6	0.0000e+00	1.2784e-02 	 1.1341e-03 	 -7.0152e-06 	 -4.3384e-08 	 3.0693e-10
33	0	6	6	0.0000e+00	1.6160e-02 	 9.4752e-04 	 -2.8570e-06 	 -8.4103e-08 	 4.4806e-10
34	0	6	6	0.0000e+00	1.1543e-02 	 1.1945e-03 	 -7.4737e-06 	 -4.8740e-08 	 3.5251e-10
### SDC4
35	0	6	6	0.0000e+00	2.1114e-02 	 1.0658e-03 	 -1.0849e-05 	 1.6096e-08 	 7.6381e-11
36	0	6	6	0.0000e+00	3.0643e-02 	 5.6621e-04 	 -1.1297e-06 	 -6.5871e-08 	 3.2530e-10
37	0	6	6	0.0000e+00	1.8652e-02 	 1.3781e-03 	 -1.9162e-05 	 9.7737e-08 	 -1.9228e-10
38	0	6	6	0.0000e+00	1.4647e-02 	 1.4120e-03 	 -1.7452e-05 	 7.0604e-08 	 -8.7264e-11
### SDC5
39	0	6	6	0.0000e+00	1.7574e-02 	 1.0680e-03 	 -8.4926e-06 	 -1.7267e-08 	 2.0610e-10
40	0	6	6	0.0000e+00	2.2305e-02 	 8.1836e-04 	 -3.2906e-06 	 -6.4281e-08 	 3.5643e-10
41	0	6	6	0.0000e+00	1.1614e-02 	 1.7406e-03 	 -2.6317e-05 	 1.6007e-07 	 -3.9214e-10
42	0	6	6	0.0000e+00	1.3046e-02 	 1.4276e-03 	 -1.6235e-05 	 4.9664e-08 	 1.8650e-12
#
### BC3
113 	0 	6 	6 	0.0000e+00 	-1.4316e-03 	 4.8256e-03 	 -1.3211e-04 	 2.4451e-07 	 1.5079e-08
114 	0 	6 	6 	0.0000e+00 	-3.3072e-03 	 5.2242e-03 	 -1.5911e-04 	 1.0436e-06 	 6.9594e-09
115 	0 	6 	6 	0.0000e+00 	1.2595e-03 	 2.9139e-03 	 1.2649e-05 	 -3.6091e-06 	 4.9709e-08
116 	0 	6 	6 	0.0000e+00 	6.9151e-03 	 3.3143e-03 	 -1.2644e-05 	 -3.6266e-06 	 5.8065e-08
117 	0 	6 	6 	0.0000e+00 	-1.6468e-03 	 5.4160e-03 	 -1.6457e-04 	 7.2458e-07 	 1.4261e-08
118 	0 	6 	6 	0.0000e+00 	1.1933e-02 	 7.4026e-04 	 1.2489e-04 	 -5.8050e-06 	 6.4062e-08
### BC4
119 	0 	6 	6 	0.0000e+00 	3.6112e-03 	 3.3926e-03 	 -2.3300e-05 	 -2.8328e-06 	 4.4536e-08
120 	0 	6 	6 	0.0000e+00 	1.3093e-02 	 1.7373e-03 	 8.5567e-05 	 -5.9025e-06 	 7.5439e-08
121 	0 	6 	6 	0.0000e+00 	3.3776e-03 	 2.5452e-03 	 6.5673e-05 	 -5.8916e-06 	 7.9043e-08
122 	0 	6 	6 	0.0000e+00 	6.4268e-03 	 2.6517e-03 	 3.8247e-05 	 -4.7990e-06 	 6.6144e-08
123 	0 	6 	6 	0.0000e+00 	6.6742e-03 	 2.9059e-03 	 -6.5278e-06 	 -3.0188e-06 	 4.4964e-08
124 	0 	6 	6 	0.0000e+00 	1.8417e-02 	 6.9830e-04 	 1.2363e-04 	 -6.1288e-06 	 7.1382e-08


