#
#  file: DCDriftParam_e70_20240417 <- DCDriftParam_e70_20230620
#  date: 2024-04-17 19:52
#  note: first version
#        DCDriftParam SdcIn ... done
#        DCDriftParam BcOut ... done
#        DCDriftParam SdcOut ... done (w/ run70257)
#        DCDriftParam BcOut ... done (w/ run70257)
#
#######################################################################
# Id	WireId	Type	NParam	p0	p1	...
### SDC1
1	0	6	6	0.00000e+00	1.13405e-02	2.31300e-03	-3.69600e-05	8.95326e-08	7.51962e-10
2	0	6	6	0.00000e+00	9.33392e-03	2.45160e-03	-4.19339e-05	1.70929e-07	2.84144e-10
3	0	6	6	0.00000e+00	1.39458e-02	2.31068e-03	-4.45652e-05	2.70730e-07	-3.96489e-10
4	0	6	6	0.00000e+00	2.00904e-02	1.96682e-03	-3.60249e-05	1.70216e-07	5.12012e-11
5	0	6	6	0.00000e+00	1.36776e-02	2.22765e-03	-3.71099e-05	1.17845e-07	5.20955e-10
6	0	6	6	0.00000e+00	2.05607e-02	1.92542e-03	-3.09489e-05	4.87026e-08	8.52832e-10
### SDC2
7	0	6	6	0.00000e+00	2.98668e-02	1.64309e-03	-2.33886e-05	-2.64045e-07	3.98538e-09
8	0	6	6	0.00000e+00	2.92611e-02	1.53942e-03	-1.61610e-05	-4.11405e-07	4.97459e-09
9	0	6	6	0.00000e+00	2.21803e-02	1.94384e-03	-2.66977e-05	-2.63785e-07	4.10333e-09
10	0	6	6	0.00000e+00	2.44229e-02	1.57589e-03	-1.23560e-05	-4.71663e-07	5.14794e-09
### SDC3
31	0	6	6	0.00000e+00	-2.72331e-02	2.92044e-03	-4.41744e-05	2.96694e-07	-7.93179e-10
32	0	6	6	0.00000e+00	-2.31412e-02	2.87347e-03	-4.62719e-05	3.31473e-07	-9.36668e-10
33	0	6	6	0.00000e+00	3.01574e-02	-4.56247e-04	2.63717e-05	-3.29382e-07	1.20527e-09
34	0	6	6	0.00000e+00	1.91637e-02	2.56524e-04	1.06088e-05	-1.81136e-07	6.95175e-10
### SDC4			     
35	0	6	6	0.00000e+00	9.58491e-03	1.16428e-03	-1.03895e-05	9.70124e-09	9.23214e-11
36	0	6	6	0.00000e+00	1.21834e-02	1.15703e-03	-1.16054e-05	2.53701e-08	3.56742e-11
37	0	6	6	0.00000e+00	-1.79669e-02	2.55278e-03	-3.62688e-05	2.18087e-07	-5.14894e-10
38	0	6	6	0.00000e+00	-2.79773e-03	1.49110e-03	-1.39147e-05	3.12279e-08	3.26135e-11
### SDC5			     
39	0	6	6	0.00000e+00	3.20961e-02	-8.57170e-05	1.33155e-05	-1.80171e-07	6.40927e-10
40	0	6	6	0.00000e+00	1.50896e-02	7.72881e-04	-2.16505e-06	-6.12748e-08	3.09251e-10
41	0	6	6	0.00000e+00	-1.27251e-02	2.33719e-03	-3.23810e-05	1.84446e-07	-4.06777e-10
42	0	6	6	0.00000e+00	1.15001e-03	1.57297e-03	-1.79242e-05	7.07458e-08	-8.61127e-11
### BC3				     	  		   		  		   	
113	0	6	6	0.00000e+00	1.05061e-03	4.54608e-03	-1.15603e-04	-1.64201e-07	1.84464e-08
114	0	6	6	0.00000e+00	1.74149e-02	1.62434e-03	6.45939e-05	-4.84114e-06	6.25787e-08
115	0	6	6	0.00000e+00	1.07124e-02	2.22218e-03	4.15011e-05	-4.36663e-06	5.77917e-08
116	0	6	6	0.00000e+00	6.47738e-03	3.09550e-03	3.06393e-06	-3.92935e-06	5.90334e-08
117	0	6	6	0.00000e+00	-9.78409e-04	4.62095e-03	-9.64011e-05	-1.31202e-06	3.50403e-08
118	0	6	6	0.00000e+00	8.72689e-03	1.50818e-03	9.75686e-05	-5.80846e-06	7.07890e-08
### BC4				
119	0	6	6	0.00000e+00	6.43238e-03	2.86449e-03	1.68777e-05	-4.10940e-06	5.84910e-08
120	0	6	6	0.00000e+00	5.97691e-03	2.86069e-03	2.22965e-05	-4.41188e-06	6.29240e-08
121	0	6	6	0.00000e+00	-5.50340e-03	4.30726e-03	-6.08891e-05	-2.09024e-06	3.85823e-08
122	0	6	6	0.00000e+00	8.39019e-03	2.77982e-03	2.17211e-05	-4.30897e-06	6.10172e-08
123	0	6	6	0.00000e+00	1.60282e-03	3.74823e-03	-5.55425e-05	-1.77825e-06	3.33795e-08
124	0	6	6	0.00000e+00	2.20711e-02	9.49917e-04	9.57807e-05	-5.43729e-06	6.65872e-08
