##
#  file: DCDriftParam_e70_20240417 <- DCDriftParam_e70_20230620
#  date: 2024-04-17 19:52
#  note: first version
#        DCDriftParam SdcIn ... done
#        DCDriftParam BcOut ... done
#        DCDriftParam SdcOut ... done (w/ run70257)
#        DCDriftParam BcOut ... done (w/ run70257)
#
#######################################################################
# Id	WireId	Type	NParam	p0	p1	...
### SDC1
1	0	6	6	0.0000e+00	7.0387e-03 	 2.4516e-03 	 -3.7542e-05 	 7.8089e-08 	 7.9773e-10
2	0	6	6	0.0000e+00	8.8936e-03 	 2.3817e-03 	 -3.7642e-05 	 1.0505e-07 	 5.6779e-10
3	0	6	6	0.0000e+00	1.1038e-02 	 2.4614e-03 	 -4.4700e-05 	 2.3026e-07 	 -8.1142e-11
4	0	6	6	0.0000e+00	1.0830e-02 	 2.3263e-03 	 -3.9822e-05 	 1.7256e-07 	 1.4372e-10
5	0	6	6	0.0000e+00	2.7890e-03 	 2.6551e-03 	 -4.3294e-05 	 1.6119e-07 	 3.6561e-10
6	0	6	6	0.0000e+00	6.0704e-03 	 2.5237e-03 	 -4.0082e-05 	 1.1746e-07 	 5.9087e-10
### SDC2
7	0	6	6	0.0000e+00	1.2665e-02 	 2.8155e-03 	 -6.0588e-05 	 3.2640e-07 	 3.6234e-10
8	0	6	6	0.0000e+00	1.4394e-02 	 2.7504e-03 	 -5.8456e-05 	 2.8596e-07 	 6.4267e-10
9	0	6	6	0.0000e+00	5.5302e-03 	 3.1007e-03 	 -6.2933e-05 	 2.9429e-07 	 7.6908e-10
10	0	6	6	0.0000e+00	1.3723e-02 	 2.6260e-03 	 -5.1947e-05 	 1.9084e-07 	 1.0803e-09
### SDC3
31	0	6	6	0.0000e+00	2.5260e-02 	 7.4154e-04 	 -4.7209e-06 	 -2.9158e-08 	 1.9544e-10
32	0	6	6	0.0000e+00	1.4047e-02 	 1.5363e-03 	 -2.0426e-05 	 8.6196e-08 	 -8.4489e-11
33	0	6	6	0.0000e+00	2.7671e-02 	 3.3371e-04 	 6.4885e-06 	 -1.3858e-07 	 5.4638e-10
34	0	6	6	0.0000e+00	3.3945e-02 	 2.6720e-04 	 6.7317e-06 	 -1.4737e-07 	 6.1395e-10
### SDC4
35	0	6	6	0.0000e+00	2.2834e-02 	 1.0543e-03 	 -1.1972e-05 	 3.2478e-08 	 1.5011e-11
36	0	6	6	0.0000e+00	2.4637e-02 	 1.0254e-03 	 -1.2140e-05 	 3.7819e-08 	 -1.3656e-11
37	0	6	6	0.0000e+00	1.9246e-02 	 1.3377e-03 	 -1.8997e-05 	 1.0222e-07 	 -2.2225e-10
38	0	6	6	0.0000e+00	7.9028e-03 	 1.8608e-03 	 -2.7863e-05 	 1.6519e-07 	 -3.7768e-10
### SDC5
39	0	6	6	0.0000e+00	3.1296e-02 	 2.8726e-04 	 6.4531e-06 	 -1.3953e-07 	 5.6875e-10
40	0	6	6	0.0000e+00	2.7654e-02 	 6.7861e-04 	 -2.8485e-06 	 -5.4703e-08 	 2.9675e-10
41	0	6	6	0.0000e+00	1.0572e-02 	 1.5665e-03 	 -2.1778e-05 	 1.2269e-07 	 -2.9752e-10
42	0	6	6	0.0000e+00	1.6995e-02 	 1.5097e-03 	 -2.2378e-05 	 1.2287e-07 	 -2.4829e-10
### BC3					  		  		   		  		   	
113 	0       6       6	0.0000e+00	3.8998e-03 	 3.0892e-03 	 -9.7078e-07 	 -3.5339e-06 	 5.2684e-08
114 	0       6       6	0.0000e+00	5.4404e-03 	 3.2922e-03 	 -4.2521e-05 	 -1.7130e-06 	 2.9546e-08
115 	0       6       6	0.0000e+00	1.9405e-02 	 4.1198e-05 	 1.8730e-04 	 -8.2353e-06 	 9.4219e-08
116 	0       6       6	0.0000e+00	1.0393e-02 	 1.0620e-03 	 1.3391e-04 	 -6.8575e-06 	 8.0511e-08
117 	0       6       6	0.0000e+00	-6.1246e-03 	 4.8335e-03 	 -1.1002e-04 	 -5.6266e-07 	 2.3046e-08
118 	0       6       6	0.0000e+00	1.5804e-02 	 2.7408e-05 	 1.4064e-04 	 -5.5137e-06 	 5.6558e-08
### BC4					  		  		   		  		   	
119 	0       6       6	0.0000e+00	6.3363e-03 	 3.0257e-03 	 -7.3928e-06 	 -3.1770e-06 	 4.7816e-08
120 	0       6       6	0.0000e+00	6.0193e-03 	 2.4846e-03 	 3.5713e-05 	 -4.2789e-06 	 5.6883e-08
121 	0       6       6	0.0000e+00	1.1600e-03 	 2.8408e-03 	 3.7023e-05 	 -4.8188e-06 	 6.6127e-08
122 	0       6       6	0.0000e+00	5.4193e-03 	 2.3676e-03 	 5.6148e-05 	 -5.1421e-06 	 6.8127e-08
123 	0       6       6	0.0000e+00	8.6091e-03 	 2.6313e-03 	 -1.5235e-06 	 -2.8197e-06 	 4.0099e-08
124 	0       6       6	0.0000e+00	2.0017e-02 	 -7.1715e-04 	 2.2377e-04 	 -8.6128e-06 	 9.2250e-08
