##
#  file: DCDriftParam_e70_20240417 <- DCDriftParam_e70_20230620
#  date: 2024-04-17 19:52
#  note: first version
#        DCDriftParam SdcIn ... done
#        DCDriftParam BcOut ... done
#        DCDriftParam SdcOut ... done (w/ run70257)
#        DCDriftParam BcOut ... done (w/ run70257)
#
#######################################################################
# Id	WireId	Type	NParam	p0	p1	...
### SDC1
1	0	6	6	0.0000e+00	9.0890e-03 	 2.5826e-03 	 -4.7335e-05 	 2.4979e-07 	 -1.1910e-10
2	0	6	6	0.0000e+00	7.0975e-03 	 2.6631e-03 	 -4.9126e-05 	 2.7305e-07 	 -2.3789e-10
3	0	6	6	0.0000e+00	1.3011e-02 	 2.3975e-03 	 -4.5953e-05 	 2.7518e-07 	 -3.7461e-10
4	0	6	6	0.0000e+00	2.0460e-02 	 2.0510e-03 	 -3.9826e-05 	 2.2628e-07 	 -2.2415e-10
5	0	6	6	0.0000e+00	5.0570e-03 	 2.7173e-03 	 -5.0865e-05 	 3.0480e-07 	 -4.2506e-10
6	0	6	6	0.0000e+00	1.0745e-02 	 2.4525e-03 	 -4.4914e-05 	 2.3772e-07 	 -1.3086e-10
### SDC2
7	0	6	6	0.0000e+00	1.8022e-02 	 2.6708e-03 	 -6.1209e-05 	 3.7521e-07 	 -1.9283e-12
8	0	6	6	0.0000e+00	1.8917e-02 	 2.4338e-03 	 -5.0646e-05 	 2.0877e-07 	 8.8123e-10
9	0	6	6	0.0000e+00	9.6980e-03 	 3.0008e-03 	 -6.5859e-05 	 4.0751e-07 	 -1.3050e-10
10	0	6	6	0.0000e+00	1.2913e-02 	 2.5888e-03 	 -5.0534e-05 	 1.8747e-07 	 9.7494e-10
### SDC3
31	0	6	6	0.0000e+00	4.1658e-02 	 -4.8248e-04 	 2.3079e-05 	 -2.7861e-07 	 9.7190e-10
32	0	6	6	0.0000e+00	1.7184e-02 	 1.6244e-03 	 -2.2008e-05 	 7.7568e-08 	 3.3274e-11
33	0	6	6	0.0000e+00	3.3682e-02 	 1.8540e-04 	 1.0395e-05 	 -1.9078e-07 	 7.7063e-10
34	0	6	6	0.0000e+00	1.9500e-02 	 8.3994e-04 	 -1.3745e-06 	 -9.9524e-08 	 5.1335e-10
#### SDC4
35	0	6	6	0.0000e+00	4.0481e-02 	 2.1402e-04 	 3.6325e-06 	 -9.3724e-08 	 3.8546e-10
36	0	6	6	0.0000e+00	4.0903e-02 	 2.4695e-04 	 2.4937e-06 	 -8.2892e-08 	 3.5013e-10
37	0	6	6	0.0000e+00	1.5117e-02 	 1.4488e-03 	 -1.9700e-05 	 1.0006e-07 	 -2.0069e-10
38	0	6	6	0.0000e+00	2.6290e-02 	 1.0881e-03 	 -1.5591e-05 	 8.3157e-08 	 -1.8702e-10
#### SDC5
39	0	6	6	0.0000e+00	2.9776e-02 	 5.2552e-04 	 8.1278e-07 	 -9.0130e-08 	 4.1797e-10
40	0	6	6	0.0000e+00	2.3367e-02 	 8.3427e-04 	 -4.9572e-06 	 -4.2736e-08 	 2.7447e-10
41	0	6	6	0.0000e+00	2.8151e-02 	 5.6517e-04 	 -1.0400e-06 	 -5.8305e-08 	 2.6967e-10
42	0	6	6	0.0000e+00	1.0276e-02 	 2.1168e-03 	 -3.7407e-05 	 2.6914e-07 	 -7.3976e-10
#
### BC3					  		  		   		  		   	
113 	0       6       6	0.0000e+00	1.1482e-02 	 3.3474e-03 	 -5.7863e-05 	 -1.4928e-06 	 3.0238e-08
114 	0       6       6	0.0000e+00	1.1533e-02 	 2.2609e-03 	 2.3476e-05 	 -3.5429e-06 	 4.7995e-08
115 	0       6       6	0.0000e+00	1.3747e-02 	 1.3222e-03 	 9.6810e-05 	 -5.6524e-06 	 6.8161e-08
116 	0       6       6	0.0000e+00	1.0091e-02 	 2.4877e-03 	 2.7542e-05 	 -4.1733e-06 	 5.7726e-08
117 	0       6       6	0.0000e+00	4.8358e-03 	 3.9482e-03 	 -7.3692e-05 	 -1.4689e-06 	 3.2591e-08
118 	0       6       6	0.0000e+00	1.6295e-02 	 6.1937e-05 	 1.6991e-04 	 -7.1569e-06 	 7.8743e-08
### BC4					  		  		   		  		   	
119 	0       6       6	0.0000e+00	1.7087e-02 	 1.8248e-03 	 5.8945e-05 	 -4.9576e-06 	 6.5451e-08
120 	0       6       6	0.0000e+00	1.0259e-02 	 1.7105e-03 	 8.2485e-05 	 -5.5045e-06 	 6.8764e-08
121 	0       6       6	0.0000e+00	1.5321e-02 	 1.3756e-03 	 1.0945e-04 	 -6.6109e-06 	 8.2957e-08
122 	0       6       6	0.0000e+00	1.2609e-02 	 1.3092e-03 	 1.0923e-04 	 -6.1703e-06 	 7.3991e-08
123 	0       6       6	0.0000e+00	1.9933e-03 	 4.3091e-03 	 -1.0570e-04 	 -3.1115e-07 	 1.9108e-08
124 	0       6       6	0.0000e+00	2.7651e-02 	 -9.0916e-04 	 2.2609e-04 	 -8.9025e-06 	 9.8534e-08
