##
#  file: DCDriftParam_e70_20240417 <- DCDriftParam_e70_20230620
#  date: 2024-04-17 19:52
#  note: first version
#        DCDriftParam SdcIn ... done
#        DCDriftParam BcOut ... done
#        DCDriftParam SdcOut ... done (w/ run70257)
#        DCDriftParam BcOut ... done (w/ run70257)
#
#######################################################################
# Id	WireId	Type	NParam	p0	p1	...
### SDC1
1	0	6	6	0.00000e+00	4.19517e-02	7.77434e-05	2.95089e-05	-8.11725e-07	5.24110e-09
2	0	6	6	0.00000e+00	3.82196e-02	3.47060e-04	2.07940e-05	-6.83277e-07	4.55453e-09
3	0	6	6	0.00000e+00	3.77803e-02	9.07266e-04	-9.31116e-06	-1.55635e-07	1.57715e-09
4	0	6	6	0.00000e+00	3.18665e-02	1.07524e-03	-1.11968e-05	-1.34121e-07	1.41191e-09
5	0	6	6	0.00000e+00	4.00107e-02	6.35017e-04	5.23289e-06	-4.27857e-07	3.18725e-09
6	0	6	6	0.00000e+00	2.95457e-02	9.68939e-04	5.37727e-07	-3.80761e-07	2.92965e-09
### SDC2
7	0	6	6	0.00000e+00	5.53637e-02	-2.86627e-04	4.29519e-05	-1.37918e-06	1.10421e-08
8	0	6	6	0.00000e+00	5.25720e-02	-4.26305e-04	5.73424e-05	-1.70072e-06	1.32681e-08
9	0	6	6	0.00000e+00	5.26969e-02	1.12094e-04	2.43855e-05	-1.04516e-06	8.96386e-09
10	0	6	6	0.00000e+00	6.44572e-02	-2.07124e-03	1.26883e-04	-2.87379e-06	2.02154e-08
### SDC3
31	0	6	6	0.00000e+00	2.76366e-02	5.01941e-04	2.72307e-06	-1.10150e-07	4.83062e-10
32	0	6	6	0.00000e+00	3.13549e-02	5.46961e-04	-9.46071e-07	-6.63472e-08	3.28526e-10
33	0	6	6	0.00000e+00	2.38028e-02	1.79058e-04	1.73586e-05	-2.96777e-07	1.23023e-09
34	0	6	6	0.00000e+00	2.05518e-02	5.32578e-04	6.85859e-06	-1.75634e-07	7.49637e-10
### SDC4				  	
35	0	6	6	0.00000e+00	2.87680e-02	7.77354e-04	-6.61193e-06	-1.36717e-08	1.59470e-10
36	0	6	6	0.00000e+00	2.59784e-02	8.57875e-04	-7.57543e-06	-8.70909e-09	1.51139e-10
37	0	6	6	0.00000e+00	2.34019e-02	1.15700e-03	-1.53327e-05	6.79218e-08	-1.04933e-10
38	0	6	6	0.00000e+00	3.33803e-02	5.90299e-04	-3.57354e-06	-3.28048e-08	1.97014e-10
### SDC5				  	
39	0	6	6	0.00000e+00	2.73588e-02	6.41175e-04	-9.96895e-07	-7.93285e-08	3.98984e-10
40	0	6	6	0.00000e+00	1.86553e-02	9.99346e-04	-7.35352e-06	-2.74705e-08	2.43808e-10
41	0	6	6	0.00000e+00	1.96020e-02	1.08122e-03	-1.04494e-05	1.17406e-08	8.56389e-11
42	0	6	6	0.00000e+00	2.38888e-02	1.06362e-03	-1.24072e-05	3.78671e-08	-5.90212e-12
### BC3					  		  		   		  		   	
113	0	6	6	0.00000e+00	1.36870e-02	2.97700e-03	-3.36420e-05	-2.20020e-06	3.76010e-08
114	0	6	6	0.00000e+00	3.05500e-02	-9.36960e-04	2.23430e-04	-8.89690e-06	9.94630e-08
115	0	6	6	0.00000e+00	3.16030e-02	-1.45440e-03	2.58780e-04	-9.78110e-06	1.06690e-07
116	0	6	6	0.00000e+00	2.04160e-02	9.02310e-04	1.13900e-04	-6.21840e-06	7.56590e-08
117	0	6	6	0.00000e+00	2.07670e-02	1.87110e-03	3.93620e-05	-4.32290e-06	5.95440e-08
118	0	6	6	0.00000e+00	2.59840e-02	-3.86000e-04	1.70650e-04	-6.95410e-06	7.63600e-08
### BC4					  	
119	0	6	6	0.00000e+00	2.56650e-02	-2.81930e-04	1.87980e-04	-8.02900e-06	9.10060e-08
120	0	6	6	0.00000e+00	2.55760e-02	8.74260e-04	9.68830e-05	-5.65970e-06	7.07080e-08
121	0	6	6	0.00000e+00	2.81890e-02	2.82530e-05	1.69280e-04	-7.93710e-06	9.47430e-08
122	0	6	6	0.00000e+00	2.36440e-02	3.02390e-04	1.60330e-04	-7.67540e-06	9.11390e-08
123	0	6	6	0.00000e+00	1.79160e-02	2.36180e-03	-1.07060e-05	-2.48050e-06	3.81110e-08
124	0	6	6	0.00000e+00	4.45190e-02	-2.67520e-03	2.93600e-04	-9.96320e-06	1.03470e-07
124	0	6	6	0.00000e+00	4.45190e-02	-2.67520e-03	2.93600e-04	-9.96320e-06	1.03470e-07
124	0	6	6	0.00000e+00	4.45190e-02	-2.67520e-03	2.93600e-04	-9.96320e-06	1.03470e-07
