##
#  file: DCDriftParam_05047
#  date: 2021-05-11 14:47:56
#  note: first version
#        DCDriftParam SdcIn ... done
#        DCDriftParam BcOut ... done
#
#
#######################################################################
# Id	WireId	Type	NParam	p0	p1	...
### SDC1
1	0	6	6	8.5384e-05 	6.9445e-02 	 -8.3542e-04 	 3.6952e-05 	 -7.6212e-07 	 4.6019e-09
2	0	6	6	9.6162e-05 	6.6206e-02 	 -6.0198e-04 	 2.9786e-05 	 -6.6117e-07 	 4.0764e-09
3	0	6	6	4.2369e-05 	6.6878e-02 	 -6.0187e-04 	 2.4752e-05 	 -5.3373e-07 	 3.2380e-09
4	0	6	6	3.0180e-05 	6.3756e-02 	 -4.6121e-04 	 2.1516e-05 	 -4.9010e-07 	 2.9990e-09
5	0	6	6	3.9310e-05 	6.7103e-02 	 -5.7542e-04 	 2.7062e-05 	 -6.1155e-07 	 3.8087e-09
6	0	6	6	5.6126e-05 	7.2090e-02 	 -8.6820e-04 	 3.4736e-05 	 -7.0534e-07 	 4.2306e-09
### SDC2
7	0	6	6	1.1872e-04 	4.8020e-02 	 1.5086e-03 	 -5.0706e-05 	 4.6080e-07 	 -1.2157e-09
8	0	6	6	1.3558e-04 	4.9111e-02 	 1.2866e-03 	 -3.9445e-05 	 2.5671e-07 	 -8.3711e-13
9	0	6	6	4.9346e-04 	5.7618e-02 	 6.1632e-04 	 -1.8045e-05 	 -6.1987e-08 	 1.7551e-09
10	0	6	6	2.2342e-04 	4.5113e-02 	 1.3440e-03 	 -3.5233e-05 	 1.5474e-07 	 6.0210e-10
### SDC3
31	0	6	6	0.0000e+00	5.2153e-02	 5.3970e-05	 4.0806e-06	-1.0905e-07	 5.3145e-10
32	0	6	6	0.0000e+00	6.1100e-02	-2.4605e-04	 6.9752e-06	-1.1462e-07	 5.0858e-10
33	0	6	6	0.0000e+00	6.3541e-02	-2.8958e-04	 6.9528e-06	-9.7088e-08	 3.7395e-10
34	0	6	6	0.0000e+00	5.3082e-02	-4.7651e-05	 9.5142e-06	-1.7463e-07	 7.6350e-10
### SDC4
35	0	6	6	0.0000e+00	4.8558e-02	 6.0409e-04	-9.3008e-06	 2.4389e-08	 5.0487e-11
36	0	6	6	0.0000e+00	4.9976e-02	 5.7338e-04	-9.0221e-06	 2.3608e-08	 4.3609e-11
37	0	6	6	0.0000e+00	4.6269e-02	 5.1955e-04	-7.6387e-06	 2.0211e-08	 2.2873e-11
38	0	6	6	0.0000e+00	5.0104e-02	 3.8835e-04	-4.3769e-06	-1.8641e-08	 1.7803e-10
### SDC5
39	0	6	6	0.0000e+00	5.6989e-02	 1.6426e-04	-1.0532e-06	-4.4039e-08	 2.5962e-10
40	0	6	6	0.0000e+00	4.3349e-02	 5.6774e-04	-6.5058e-06	-8.6343e-09	 1.8211e-10
41	0	6	6	0.0000e+00	5.2586e-02	 3.0348e-04	-4.0429e-06	-1.1033e-08	 1.2915e-10
42	0	6	6	0.0000e+00	5.7370e-02	 8.9908e-05	 6.7203e-07	-6.1181e-08	 3.2265e-10
### BC3
113	0	6	6	4.3103e-05 	6.0754e-02 	 -1.3061e-03 	 1.4840e-04 	 -6.4001e-06 	 7.7529e-08
114	0	6	6	6.4737e-06 	5.9615e-02 	 -3.0256e-03 	 2.9474e-04 	 -1.0424e-05 	 1.1448e-07
115	0	6	6	1.6550e-05 	5.7329e-02 	 -1.7876e-03 	 2.2260e-04 	 -9.1119e-06 	 1.0806e-07
116	0	6	6	5.4584e-05 	4.6946e-02 	 -1.8752e-04 	 1.4019e-04 	 -7.4298e-06 	 9.6399e-08
117	0	6	6	3.6158e-05 	7.0261e-02 	 -3.3429e-03 	 3.1814e-04 	 -1.2089e-05 	 1.4257e-07
118	0	6	6	6.9885e-05 	5.1734e-02 	 -6.0669e-04 	 1.3058e-04 	 -6.3229e-06 	 7.9172e-08
### BC4
119	0	6	6	8.1949e-06 	6.1990e-02 	 -3.0578e-03 	 3.3562e-04 	 -1.2998e-05 	 1.5283e-07
120	0	6	6	7.2442e-05 	5.7898e-02 	 -1.3108e-03 	 1.9611e-04 	 -8.9147e-06 	 1.1183e-07
121	0	6	6	1.8904e-05 	5.6156e-02 	 -1.5852e-03 	 2.3265e-04 	 -1.0145e-05 	 1.2506e-07
122	0	6	6	4.3581e-05 	4.3416e-02 	 -8.1502e-04 	 2.1501e-04 	 -9.8193e-06 	 1.2061e-07
123	0	6	6	3.1464e-05 	5.1631e-02 	 1.6272e-04 	 6.4100e-05 	 -4.3738e-06 	 6.0209e-08
124	0	6	6	1.9254e-05 	8.2781e-02 	 -5.3695e-03 	 3.9903e-04 	 -1.2779e-05 	 1.3586e-07


