##
#  file: DCDriftParam_e70_20230802_kevata
#  date: 2021-05-11 14:47:56
#  note: first version
#        DCDriftParam SdcIn ... done
#        DCDriftParam BcOut ... done
#
#
#######################################################################
# Id	WireId	Type	NParam	p0	p1	...
### SDC1
1	0	6	6	0.0000e+00	1.6109e-02       2.0508e-03      -3.3498e-05     9.0828e-08      5.6086e-10
2	0	6	6	0.0000e+00	1.8541e-02       1.5446e-03      -1.6719e-05     -1.1246e-07     1.4046e-09
3	0	6	6	0.0000e+00	2.3647e-02       1.3850e-03      -1.8914e-05     -1.7491e-08     7.5761e-10
4	0	6	6	0.0000e+00	2.9082e-02       1.1887e-03      -1.6412e-05     -2.7842e-08     7.4977e-10
5	0	6	6	0.0000e+00	2.3002e-02       1.2759e-03      -1.0843e-05     -1.6939e-07     1.6105e-09
6	0	6	6	0.0000e+00	2.3884e-02       1.3901e-03      -1.5725e-05     -1.0434e-07     1.3177e-09
### SDC2
7	0	6	6	0.0000e+00	1.6694e-02       2.2780e-03      -3.8270e-05     -5.9768e-08     2.7195e-09
8	0	6	6	0.0000e+00	2.6843e-02       1.3649e-03      -5.5792e-06     -5.6148e-07     5.4492e-09
9	0	6	6	0.0000e+00	1.7620e-02       2.1191e-03      -3.0884e-05     -1.8762e-07     3.4535e-09
10	0	6	6	0.0000e+00	2.5017e-02       9.6362e-04      1.5716e-05      -9.0378e-07     7.2641e-09
### SDC3
31	0	6	6	0.0000e+00	4.1866e-02       -2.1881e-04     1.4890e-05      -1.9258e-07     6.7121e-10
32	0	6	6	0.0000e+00	3.1210e-03       2.3553e-03      -4.0041e-05     2.7297e-07      -6.9687e-10
33	0	6	6	0.0000e+00	3.5605e-02       7.2435e-05      1.2338e-05      -2.0535e-07     8.1225e-10
34	0	6	6	0.0000e+00	2.6422e-02       4.5786e-04      5.8286e-06      -1.5771e-07     6.8175e-10
### SDC4
35	0	6	6	0.0000e+00	1.3946e-02       1.3086e-03      -1.4520e-05     3.9214e-08      2.9958e-11
36	0	6	6	0.0000e+00	2.5561e-02       7.9985e-04      -6.1855e-06     -2.0982e-08     1.8986e-10
37	0	6	6	0.0000e+00	1.3122e-02       1.6395e-03      -2.3312e-05     1.2333e-07      -2.4448e-10
38	0	6	6	0.0000e+00	2.6359e-02       9.2328e-04      -1.1033e-05     3.8768e-08      -3.8996e-11
### SDC5
39	0	6	6	0.0000e+00	3.2938e-02       3.3590e-04      4.1008e-06      -1.1092e-07     4.5838e-10
40	0	6	6	0.0000e+00	2.7193e-02       6.8985e-04      -2.8588e-06     -5.5600e-08     3.0262e-10
41	0	6	6	0.0000e+00	3.1449e-02       4.8777e-04      3.8095e-07      -7.5798e-08     3.4688e-10
42	0	6	6	0.0000e+00	4.1347e-03       2.3075e-03      -3.9676e-05     2.8028e-07      -7.5657e-10
### BC3
113 	0 	6 	6 	0.0000e+00 	6.4913e-03       4.1131e-03      -1.1198e-04     2.2115e-07      1.1027e-08
114 	0 	6 	6 	0.0000e+00 	1.1224e-02       3.1421e-03      -4.5129e-05     -1.6644e-06     3.0132e-08
115 	0 	6 	6 	0.0000e+00 	-2.7437e-03      3.8186e-03      -3.3904e-05     -2.8116e-06     4.6741e-08
116 	0 	6 	6 	0.0000e+00 	7.3627e-03       3.0121e-03      4.5304e-06      -3.8582e-06     5.7245e-08
117 	0 	6 	6 	0.0000e+00 	6.2937e-03       3.8207e-03      -6.0693e-05     -2.0228e-06     4.0092e-08
118 	0 	6 	6 	0.0000e+00 	8.9383e-03       1.2400e-03      1.1083e-04      -5.8830e-06     6.8211e-08
### BC4
119 	0 	6 	6 	0.0000e+00 	5.7212e-03       3.5718e-03      -5.2370e-05     -1.7932e-06     3.3124e-08
120 	0 	6 	6 	0.0000e+00 	1.1241e-02       2.5865e-03      2.3316e-05      -4.2581e-06     6.0811e-08
121 	0 	6 	6 	0.0000e+00 	1.7891e-03       3.7997e-03      -4.6751e-05     -2.2886e-06     3.9812e-08
122 	0 	6 	6 	0.0000e+00 	1.5921e-02       1.5054e-03      1.0192e-04      -6.5323e-06     8.3716e-08
123 	0 	6 	6 	0.0000e+00 	1.0877e-02       3.2779e-03      -5.2414e-05     -1.5728e-06     3.0079e-08
124 	0 	6 	6 	0.0000e+00 	1.6165e-02       8.1537e-04      1.2539e-04      -6.2865e-06     7.3661e-08


