##
#  file: DCDriftParam_e70_20240417 <- DCDriftParam_e70_20230620
#  date: 2024-04-17 19:52
#  note: first version
#        DCDriftParam SdcIn ... done
#        DCDriftParam BcOut ... done
#        DCDriftParam SdcOut ... done (w/ run70257)
#        DCDriftParam BcOut ... done (w/ run70257)
#
#######################################################################
# Id	WireId	Type	NParam	p0	p1	...
### SDC1
1	0	6	6	0.0000e+00	1.6239e-02       1.6374e-03      -1.9304e-05     -8.0039e-08          1.2633e-09
2	0	6	6	0.0000e+00	1.2468e-02       1.4521e-03      -6.6204e-06     -2.8576e-07          2.2989e-09
3	0	6	6	0.0000e+00	2.4349e-02       1.1291e-03      -7.6318e-06     -1.8729e-07          1.5966e-09
4	0	6	6	0.0000e+00	1.8058e-02       1.3666e-03      -1.1402e-05     -1.5741e-07          1.4997e-09
5	0	6	6	0.0000e+00	1.0863e-02       2.0470e-03      -3.5000e-05     1.7564e-07   -1.5818e-10
6	0	6	6	0.0000e+00	1.8254e-02       1.5115e-03      -1.7121e-05     -9.2116e-08          1.2729e-09
### SDC2
7	0	6	6	0.0000e+00	1.8810e-02       1.6369e-03      -1.7561e-05     -2.7839e-07          3.3615e-09
8	0	6	6	0.0000e+00	2.3835e-02       1.6531e-03      -2.4458e-05     -1.4492e-07          2.6165e-09
9	0	6	6	0.0000e+00	1.4824e-02       1.6884e-03      -1.5627e-05     -3.1734e-07          3.5313e-09
10	0	6	6	0.0000e+00	1.7338e-02       1.6572e-03      -1.7173e-05     -2.7985e-07          3.3083e-09
### SDC3
31	0	6	6	0.0000e+00	1.8252e-02       1.0127e-03      -6.8678e-06     -3.3284e-08     2.5880e-10
32	0	6	6	0.0000e+00	1.8759e-02       1.1368e-03      -1.1332e-05     1.3676e-08      1.0266e-10
33	0	6	6	0.0000e+00	1.1841e-02       1.0995e-03      -6.3238e-06     -4.8379e-08     3.2444e-10
34	0	6	6	0.0000e+00	1.4884e-02       9.0409e-04      -1.7422e-06     -9.1799e-08     4.6675e-10
### SDC4				  	
35	0	6	6	0.0000e+00	1.5519e-02       1.3039e-03      -1.4826e-05     4.4031e-08      7.6773e-12
36	0	6	6	0.0000e+00	1.8187e-02       1.1705e-03      -1.2928e-05     3.4067e-08      2.4563e-11
37	0	6	6	0.0000e+00	2.1494e-02       1.2160e-03      -1.5690e-05     6.6619e-08      -9.2623e-11
38	0	6	6	0.0000e+00	2.3487e-02       1.0394e-03      -1.1216e-05     2.3993e-08      4.3775e-11
### SDC5				  	
39	0	6	6	0.0000e+00	2.1774e-02       9.5059e-04      -7.1178e-06     -2.5510e-08     2.2703e-10
40	0	6	6	0.0000e+00	1.7384e-02       1.0494e-03      -8.1313e-06     -1.9045e-08     2.0887e-10
41	0	6	6	0.0000e+00	1.6865e-02       1.1927e-03      -1.2243e-05     2.4559e-08      5.3320e-11
42	0	6	6	0.0000e+00	1.5562e-02       1.3716e-03      -1.6974e-05     6.9153e-08      -8.7254e-11
### BC3					  		  		   		  		   	
113 	0       6       6	0.0000e+00	1.7669e-02 	 2.6630e-03 	 -2.7781e-05 	 -2.2029e-06 	 3.7346e-08
114 	0       6       6	0.0000e+00	2.6300e-02 	 -3.2495e-04 	 1.8039e-04 	 -7.6098e-06 	 8.6099e-08
115 	0       6       6	0.0000e+00	2.6971e-02 	 -9.0447e-04 	 2.0634e-04 	 -7.8229e-06 	 8.3516e-08
116 	0       6       6	0.0000e+00	2.0887e-02 	 1.8738e-03 	 3.1880e-05 	 -3.9584e-06 	 5.4981e-08
117 	0       6       6	0.0000e+00	2.1157e-02 	 1.6667e-03 	 4.0409e-05 	 -3.9638e-06 	 5.2812e-08
118 	0       6       6	0.0000e+00	3.3166e-02 	 -1.3176e-03 	 2.1402e-04 	 -7.8829e-06 	 8.4163e-08
### BC4					  	
119 	0       6       6	0.0000e+00	3.2997e-02 	 -6.5546e-04 	 1.9347e-04 	 -8.0964e-06 	 9.2349e-08
120 	0       6       6	0.0000e+00	2.3048e-02 	 -6.4045e-05 	 1.6916e-04 	 -7.3393e-06 	 8.3096e-08
121 	0       6       6	0.0000e+00	1.7040e-02 	 -3.6182e-04 	 2.0340e-04 	 -8.0291e-06 	 8.5857e-08
122 	0       6       6	0.0000e+00	2.0739e-02 	 1.1290e-03 	 9.6282e-05 	 -5.7649e-06 	 7.1631e-08
123 	0       6       6	0.0000e+00	2.5478e-02 	 1.4759e-03 	 4.2087e-05 	 -3.9833e-06 	 5.3679e-08
124 	0       6       6	0.0000e+00	3.0525e-02 	 -1.3478e-03 	 2.3160e-04 	 -8.4706e-06 	 8.9470e-08

