#
#  file: DCDriftParam_e70_20240417 <- DCDriftParam_e70_20230620
#  date: 2024-04-17 19:52
#  note: first version
#        DCDriftParam SdcIn ... done
#        DCDriftParam BcOut ... done
#        DCDriftParam SdcOut ... done (w/ run70257)
#        DCDriftParam BcOut ... done (w/ run70257)
#
#######################################################################
# Id	WireId	Type	NParam	p0	p1	...
### SDC1
1	0	6	6	0.00000e+00	2.52086e-02	7.27076e-04	1.76039e-05	-6.71647e-07	4.48353e-09
2	0	6	6	0.00000e+00	2.05783e-02	1.12344e-03	4.45949e-06	-4.84655e-07	3.53330e-09
3	0	6	6	0.00000e+00	1.94360e-02	1.66896e-03	-2.28122e-05	-2.40882e-08	9.92398e-10
4	0	6	6	0.00000e+00	1.99740e-02	1.55221e-03	-1.79710e-05	-9.66483e-08	1.36098e-09
5	0	6	6	0.00000e+00	2.42484e-02	1.00746e-03	5.79690e-06	-4.91971e-07	3.55649e-09
6	0	6	6	0.00000e+00	2.18612e-02	1.14832e-03	1.18213e-06	-4.19665e-07	3.15043e-09
### SDC2
7	0	6	6	0.00000e+00	3.85225e-02	2.73930e-04	3.79147e-05	-1.35946e-06	1.07970e-08
8	0	6	6	0.00000e+00	3.54529e-02	3.97247e-04	3.72463e-05	-1.38792e-06	1.11161e-08
9	0	6	6	0.00000e+00	3.38145e-02	4.48766e-04	3.44598e-05	-1.30412e-06	1.03562e-08
10	0	6	6	0.00000e+00	3.75768e-02	-3.99704e-04	7.31286e-05	-1.95667e-06	1.41640e-08
### SDC3
31	0	6	6	7.65143e-02	-2.15444e-02	2.11613e-03	-2.44739e-05	1.09902e-07	-1.75270e-10
32	0	6	6	6.63864e-02	-1.92477e-02	2.05922e-03	-2.39608e-05	1.07867e-07	-1.72246e-10
33	0	6	6	6.36805e-02	-1.82852e-02	1.99496e-03	-2.30186e-05	1.02886e-07	-1.63501e-10
34	0	6	6	7.07138e-02	-1.99346e-02	2.06013e-03	-2.37601e-05	1.06165e-07	-1.68404e-10
### SDC4			     
35	0	6	6	2.63641e-02	-8.65161e-03	1.83655e-03	-2.24465e-05	1.05042e-07	-1.75046e-10
36	0	6	6	1.83223e-03	-2.71648e-03	1.75623e-03	-2.24807e-05	1.09215e-07	-1.89025e-10
37	0	6	6	3.03103e-02	-1.10403e-02	1.90334e-03	-2.32003e-05	1.08859e-07	-1.82276e-10
38	0	6	6	4.98257e-02	-1.60172e-02	2.02396e-03	-2.42846e-05	1.12963e-07	-1.87628e-10
### SDC5			     
39	0	6	6	3.21488e-02	-1.02181e-02	1.84875e-03	-2.21525e-05	1.01426e-07	-1.64625e-10
40	0	6	6	2.62345e-02	-1.13924e-02	1.95282e-03	-2.40870e-05	1.14567e-07	-1.94741e-10
41	0	6	6	2.55352e-02	-9.77532e-03	1.93179e-03	-2.39864e-05	1.14214e-07	-1.93773e-10
42	0	6	6	2.98584e-02	-1.04977e-02	1.95459e-03	-2.41930e-05	1.14803e-07	-1.93868e-10
### BC3				     	  		   		  		   	
113	0	6	6	0.00000e+00	-6.35775e-03	4.28208e-03	-1.06391e-04	3.42442e-07	7.16259e-09
114	0	6	6	0.00000e+00	-1.04041e-02	4.14722e-03	-8.44882e-05	-2.59681e-07	1.21838e-08
115	0	6	6	0.00000e+00	-1.10124e-02	3.84789e-03	-6.19278e-05	-8.05582e-07	1.65681e-08
116	0	6	6	0.00000e+00	-1.21288e-02	4.36645e-03	-9.32872e-05	-1.25156e-07	1.15362e-08
117	0	6	6	0.00000e+00	-1.10114e-02	5.17937e-03	-1.53027e-04	1.29052e-06	4.23137e-10
118	0	6	6	0.00000e+00	-7.26284e-03	2.79479e-03	-8.65596e-06	-1.80592e-06	2.30673e-08
### BC4				
119	0	6	6	0.00000e+00	-9.47573e-03	4.46386e-03	-1.05943e-04	1.91114e-07	9.07339e-09
120	0	6	6	0.00000e+00	-8.81608e-03	3.86137e-03	-6.76279e-05	-6.54123e-07	1.53681e-08
121	0	6	6	0.00000e+00	-9.98252e-03	4.06286e-03	-7.58074e-05	-5.33077e-07	1.48033e-08
122	0	6	6	0.00000e+00	-1.02069e-02	3.87910e-03	-6.23779e-05	-8.45681e-07	1.71954e-08
123	0	6	6	0.00000e+00	-1.10036e-02	3.69713e-03	-4.79942e-05	-1.18988e-06	1.99132e-08
124	0	6	6	0.00000e+00	-7.00284e-03	3.06137e-03	-1.65136e-05	-1.82293e-06	2.44250e-08
