##
#  file: DCDriftParam_05047
#  date: 2021-05-11 14:47:56
#  note: first version
#        DCDriftParam SdcIn ... done
#        DCDriftParam BcOut ... done
#
#
#######################################################################
# Id	WireId	Type	NParam	p0	p1	...
### SDC1
1	0	6	6	0.0000e+00	4.4119e-02 	 5.1998e-04 	 -5.1452e-06 	 -1.4969e-07 	 1.4909e-09
2	0	6	6	0.0000e+00	4.6701e-02 	 5.3434e-04 	 -1.1402e-05 	 -1.7457e-08 	 7.1206e-10
3	0	6	6	0.0000e+00	5.0163e-02 	 3.2685e-04 	 -4.5307e-06 	 -1.2702e-07 	 1.3770e-09
4	0	6	6	0.0000e+00	4.8533e-02 	 4.2614e-04 	 -7.7730e-06 	 -7.8904e-08 	 1.1226e-09
5	0	6	6	0.0000e+00	5.0087e-02 	 5.0354e-04 	 -1.6678e-05 	 1.0587e-07 	 -1.5433e-11
6	0	6	6	0.0000e+00	4.6630e-02 	 5.0715e-04 	 -8.3717e-06 	 -8.4962e-08 	 1.1928e-09
### SDC2
7	0	6	6	0.0000e+00	5.7748e-02 	 4.6169e-04 	 -1.6431e-05 	 -5.7474e-08 	 1.8143e-09
8	0	6	6	0.0000e+00	5.8922e-02 	 3.2496e-04 	 -1.1118e-05 	 -1.3129e-07 	 2.1363e-09
9	0	6	6	0.0000e+00	5.5909e-02 	 7.7135e-04 	 -3.2060e-05 	 2.2127e-07 	 1.6048e-10
10	0	6	6	0.0000e+00	5.4653e-02 	 4.9864e-04 	 -1.2666e-05 	 -1.4789e-07 	 2.3532e-09
### SDC3
31	0	6	6	0.0000e+00	5.2153e-02	 5.3970e-05	 4.0806e-06	-1.0905e-07	 5.3145e-10
32	0	6	6	0.0000e+00	6.1100e-02	-2.4605e-04	 6.9752e-06	-1.1462e-07	 5.0858e-10
33	0	6	6	0.0000e+00	6.3541e-02	-2.8958e-04	 6.9528e-06	-9.7088e-08	 3.7395e-10
34	0	6	6	0.0000e+00	5.3082e-02	-4.7651e-05	 9.5142e-06	-1.7463e-07	 7.6350e-10
### SDC4
35	0	6	6	0.0000e+00	4.8558e-02	 6.0409e-04	-9.3008e-06	 2.4389e-08	 5.0487e-11
36	0	6	6	0.0000e+00	4.9976e-02	 5.7338e-04	-9.0221e-06	 2.3608e-08	 4.3609e-11
37	0	6	6	0.0000e+00	4.6269e-02	 5.1955e-04	-7.6387e-06	 2.0211e-08	 2.2873e-11
38	0	6	6	0.0000e+00	5.0104e-02	 3.8835e-04	-4.3769e-06	-1.8641e-08	 1.7803e-10
### SDC5
39	0	6	6	0.0000e+00	5.6989e-02	 1.6426e-04	-1.0532e-06	-4.4039e-08	 2.5962e-10
40	0	6	6	0.0000e+00	4.3349e-02	 5.6774e-04	-6.5058e-06	-8.6343e-09	 1.8211e-10
41	0	6	6	0.0000e+00	5.2586e-02	 3.0348e-04	-4.0429e-06	-1.1033e-08	 1.2915e-10
42	0	6	6	0.0000e+00	5.7370e-02	 8.9908e-05	 6.7203e-07	-6.1181e-08	 3.2265e-10
### BC3
113	0	6	6	3.4616e-02 	1.4592e-02 	 4.3598e-03 	 -1.5978e-04 	 1.7376e-06 	 -3.3365e-09
114	0	6	6	3.1302e-02 	7.4057e-03 	 4.9882e-03 	 -1.8091e-04 	 2.0693e-06 	 -5.3748e-09
115	0	6	6	3.9054e-02 	5.6636e-03 	 5.7298e-03 	 -2.3025e-04 	 3.2248e-06 	 -1.4443e-08
116	0	6	6	3.7552e-02 	4.5230e-03 	 5.9921e-03 	 -2.4533e-04 	 3.5582e-06 	 -1.6992e-08
117	0	6	6	3.5479e-02 	9.9690e-03 	 5.6716e-03 	 -2.3972e-04 	 3.5500e-06 	 -1.7372e-08
118	0	6	6	4.5025e-02 	2.2638e-03 	 6.3064e-03 	 -2.6778e-04 	 4.1730e-06 	 -2.2505e-08
### BC4
119	0	6	6	3.6560e-02 	7.5317e-03 	 5.7998e-03 	 -2.3890e-04 	 3.4320e-06 	 -1.5968e-08
120	0	6	6	4.1346e-02 	8.6996e-03 	 5.7675e-03 	 -2.4159e-04 	 3.5429e-06 	 -1.7057e-08
121	0	6	6	3.7633e-02 	7.8044e-03 	 5.5302e-03 	 -2.1871e-04 	 2.9206e-06 	 -1.1696e-08
122	0	6	6	3.0892e-02 	6.1893e-03 	 5.2725e-03 	 -1.9386e-04 	 2.2781e-06 	 -6.4392e-09
123	0	6	6	3.8388e-02 	6.9389e-03 	 5.3921e-03 	 -2.0470e-04 	 2.5381e-06 	 -8.4017e-09
124	0	6	6	4.2441e-02 	7.2629e-03 	 5.1297e-03 	 -1.8741e-04 	 2.1405e-06 	 -5.3220e-09


