##
#  file: DCDriftParam_e70_20240417 <- DCDriftParam_e70_20230620
#  date: 2024-04-17 19:52
#  note: first version
#        DCDriftParam SdcIn ... done
#        DCDriftParam BcOut ... done
#        DCDriftParam SdcOut ... done (w/ run70257)
#        DCDriftParam BcOut ... done (w/ run70257)
#
#######################################################################
# Id	WireId	Type	NParam	p0	p1	...
### SDC1
1	0	6	6	0.0000e+00     1.7565e-02       2.0200e-03      -2.7348e-05     -6.7447e-08    1.6161e-09
2	0	6	6	0.0000e+00     1.6589e-02       2.1304e-03      -3.1477e-05     -6.7651e-09    1.3091e-09
3	0	6	6	0.0000e+00     2.6588e-02       1.6950e-03      -2.9298e-05     7.2144e-08     5.9202e-10
4	0	6	6	0.0000e+00     2.2039e-02       1.7634e-03      -2.8010e-05     4.7987e-08     6.6555e-10
5	0	6	6	0.0000e+00     2.2728e-02       1.8809e-03      -2.7655e-05     -3.5406e-08    1.4120e-09
6	0	6	6	0.0000e+00     1.5565e-02       2.0174e-03      -2.6761e-05     -6.5868e-08    1.5539e-09
### SDC2
7	0	6	6	0.0000e+00     4.6289e-02       -6.6115e-04     8.4174e-05      -2.3021e-06    1.7356e-08
8	0	6	6	0.0000e+00     5.2077e-02       -1.0671e-03     9.9508e-05      -2.5864e-06    1.9299e-08
9	0	6	6	0.0000e+00     4.6575e-02       2.2261e-04      3.4814e-05      -1.3744e-06    1.1521e-08
10	0	6	6	0.0000e+00     4.3431e-02       -1.3923e-03     1.2653e-04      -3.0411e-06    2.1552e-08
### SDC3
31	0	6	6	0.0000e+00	3.3901e-02       -5.8371e-05     1.5798e-05      -2.2559e-07     8.2874e-10
32	0	6	6	0.0000e+00	1.8378e-03       2.4192e-03      -3.8787e-05     2.3712e-07      -5.1277e-10
33	0	6	6	0.0000e+00	3.3867e-02       -7.0810e-05     2.0232e-05      -3.1205e-07     1.2545e-09
34	0	6	6	0.0000e+00	2.0016e-02       9.6072e-04      -3.4126e-06     -9.4114e-08     5.3850e-10
#### SDC4
35	0	6	6	0.0000e+00	2.9309e-02       8.0826e-04      -7.1273e-06     -1.3605e-08     1.7354e-10
36	0	6	6	0.0000e+00	2.9262e-02       7.4646e-04      -5.2442e-06     -3.2514e-08     2.3401e-10
37	0	6	6	0.0000e+00	1.5142e-02       1.4118e-03      -1.7780e-05     7.3689e-08      -9.3160e-11
38	0	6	6	0.0000e+00	1.7111e-02       1.3943e-03      -1.9482e-05     1.0330e-07      -2.1828e-10
#### SDC5
39	0	6	6	0.0000e+00	2.8201e-02       4.8826e-04      3.0667e-06      -1.1677e-07     5.1396e-10
40	0	6	6	0.0000e+00	2.6384e-02       7.9836e-04      -4.6112e-06     -4.8654e-08     3.0616e-10
41	0	6	6	0.0000e+00	2.8865e-02       5.7896e-04      -3.2598e-07     -7.6827e-08     3.6370e-10
42	0	6	6	0.0000e+00	1.7719e-02       1.5891e-03      -2.5143e-05     1.5553e-07      -3.7651e-10
#
### BC3					  		  		   		  		   	
113 	0       6       6	0.0000e+00	1.1482e-02 	 3.3474e-03 	 -5.7863e-05 	 -1.4928e-06 	 3.0238e-08
114 	0       6       6	0.0000e+00	1.1533e-02 	 2.2609e-03 	 2.3476e-05 	 -3.5429e-06 	 4.7995e-08
115 	0       6       6	0.0000e+00	1.3747e-02 	 1.3222e-03 	 9.6810e-05 	 -5.6524e-06 	 6.8161e-08
116 	0       6       6	0.0000e+00	1.0091e-02 	 2.4877e-03 	 2.7542e-05 	 -4.1733e-06 	 5.7726e-08
117 	0       6       6	0.0000e+00	4.8358e-03 	 3.9482e-03 	 -7.3692e-05 	 -1.4689e-06 	 3.2591e-08
118 	0       6       6	0.0000e+00	1.6295e-02 	 6.1937e-05 	 1.6991e-04 	 -7.1569e-06 	 7.8743e-08
### BC4					  		  		   		  		   	
119 	0       6       6	0.0000e+00	1.7087e-02 	 1.8248e-03 	 5.8945e-05 	 -4.9576e-06 	 6.5451e-08
120 	0       6       6	0.0000e+00	1.0259e-02 	 1.7105e-03 	 8.2485e-05 	 -5.5045e-06 	 6.8764e-08
121 	0       6       6	0.0000e+00	1.5321e-02 	 1.3756e-03 	 1.0945e-04 	 -6.6109e-06 	 8.2957e-08
122 	0       6       6	0.0000e+00	1.2609e-02 	 1.3092e-03 	 1.0923e-04 	 -6.1703e-06 	 7.3991e-08
123 	0       6       6	0.0000e+00	1.9933e-03 	 4.3091e-03 	 -1.0570e-04 	 -3.1115e-07 	 1.9108e-08
124 	0       6       6	0.0000e+00	2.7651e-02 	 -9.0916e-04 	 2.2609e-04 	 -8.9025e-06 	 9.8534e-08
