##
#  file: DCDriftParam_e70_20240417 <- DCDriftParam_e70_20230620
#  date: 2024-04-17 19:52
#  note: first version
#        DCDriftParam SdcIn ... done
#        DCDriftParam BcOut ... done
#        DCDriftParam SdcOut ... done (w/ run70257)
#        DCDriftParam BcOut ... done (w/ run70257)
#
#######################################################################
# Id	WireId	Type	NParam	p0	p1	...
### SDC1
1	0	6	6	0.0000e+00	1.6082e-02       1.4642e-03      -5.1111e-06     -3.5819e-07   2.9020e-09
2	0	6	6	0.0000e+00	1.4052e-02       1.6033e-03      -9.7426e-06     -2.8698e-07   2.5090e-09
3	0	6	6	0.0000e+00	1.5553e-02       1.7210e-03      -1.8230e-05     -1.3266e-07   1.6466e-09
4	0	6	6	0.0000e+00	1.3378e-02       1.6475e-03      -1.3477e-05     -1.9802e-07   1.9144e-09
5	0	6	6	0.0000e+00	1.4695e-02       1.7686e-03      -1.7610e-05     -1.7136e-07   1.9580e-09
6	0	6	6	0.0000e+00	1.0321e-02       1.8531e-03      -1.7745e-05     -1.6789e-07   1.8740e-09
### SDC2
7	0	6	6	0.0000e+00	2.2686e-02       2.0376e-03      -3.6688e-05     -6.0583e-09   2.0836e-09
8	0	6	6	0.0000e+00	2.0377e-02       2.1093e-03      -3.6641e-05     -2.4101e-08   2.2226e-09
9	0	6	6	0.0000e+00	2.1836e-02       1.9843e-03      -3.2831e-05     -7.6549e-08   2.4882e-09
10	0	6	6	0.0000e+00	2.2197e-02       1.7237e-03      -2.0330e-05     -2.7452e-07   3.5175e-09
### SDC3
31	0	6	6	0.0000e+00	1.8252e-02       1.0127e-03      -6.8678e-06     -3.3284e-08     2.5880e-10
32	0	6	6	0.0000e+00	1.8759e-02       1.1368e-03      -1.1332e-05     1.3676e-08      1.0266e-10
33	0	6	6	0.0000e+00	1.1841e-02       1.0995e-03      -6.3238e-06     -4.8379e-08     3.2444e-10
34	0	6	6	0.0000e+00	1.4884e-02       9.0409e-04      -1.7422e-06     -9.1799e-08     4.6675e-10
### SDC4				  	
35	0	6	6	0.0000e+00	1.5519e-02       1.3039e-03      -1.4826e-05     4.4031e-08      7.6773e-12
36	0	6	6	0.0000e+00	1.8187e-02       1.1705e-03      -1.2928e-05     3.4067e-08      2.4563e-11
37	0	6	6	0.0000e+00	2.1494e-02       1.2160e-03      -1.5690e-05     6.6619e-08      -9.2623e-11
38	0	6	6	0.0000e+00	2.3487e-02       1.0394e-03      -1.1216e-05     2.3993e-08      4.3775e-11
### SDC5				  	
39	0	6	6	0.0000e+00	2.1774e-02       9.5059e-04      -7.1178e-06     -2.5510e-08     2.2703e-10
40	0	6	6	0.0000e+00	1.7384e-02       1.0494e-03      -8.1313e-06     -1.9045e-08     2.0887e-10
41	0	6	6	0.0000e+00	1.6865e-02       1.1927e-03      -1.2243e-05     2.4559e-08      5.3320e-11
42	0	6	6	0.0000e+00	1.5562e-02       1.3716e-03      -1.6974e-05     6.9153e-08      -8.7254e-11
### BC3					  		  		   		  		   	
113 	0       6       6	0.0000e+00	1.3687e-02       2.9770e-03      -3.3642e-05     -2.2002e-06     3.7601e-08
114 	0       6       6	0.0000e+00	3.0550e-02       -9.3696e-04     2.2343e-04      -8.8969e-06     9.9463e-08
115 	0       6       6	0.0000e+00	3.1603e-02       -1.4544e-03     2.5878e-04      -9.7811e-06     1.0669e-07
116 	0       6       6	0.0000e+00	2.0416e-02       9.0231e-04      1.1390e-04      -6.2184e-06     7.5659e-08
117 	0       6       6	0.0000e+00	2.0767e-02       1.8711e-03      3.9362e-05      -4.3229e-06     5.9544e-08
118 	0       6       6	0.0000e+00	2.5984e-02       -3.8600e-04     1.7065e-04      -6.9541e-06     7.6360e-08
### BC4					  	
119 	0       6       6	0.0000e+00	2.5665e-02       -2.8193e-04     1.8798e-04      -8.0290e-06     9.1006e-08
120 	0       6       6	0.0000e+00	2.5576e-02       8.7426e-04      9.6883e-05      -5.6597e-06     7.0708e-08
121 	0       6       6	0.0000e+00	2.8189e-02       2.8253e-05      1.6928e-04      -7.9371e-06     9.4743e-08
122 	0       6       6	0.0000e+00	2.3644e-02       3.0239e-04      1.6033e-04      -7.6754e-06     9.1139e-08
123 	0       6       6	0.0000e+00	1.7916e-02       2.3618e-03      -1.0706e-05     -2.4805e-06     3.8111e-08
124 	0       6       6	0.0000e+00	4.4519e-02       -2.6752e-03     2.9360e-04      -9.9632e-06     1.0347e-07


