##
#  file: DCDriftParam_e70_20240417 <- DCDriftParam_e70_20230620
#  date: 2024-04-17 19:52
#  note: first version
#        DCDriftParam SdcIn ... done
#        DCDriftParam BcOut ... done
#        DCDriftParam SdcOut ... done (w/ run70257)
#        DCDriftParam BcOut ... done (w/ run70257)
#
#######################################################################
# Id	WireId	Type	NParam	p0	p1	...
### SDC1
1	0	6	6	0.0000e+00	5.9797e-03       2.3586e-03      -3.1499e-05     -1.5981e-08      1.2458e-09
2	0	6	6	0.0000e+00	6.0780e-03       2.3565e-03      -3.1509e-05     -1.7563e-08      1.2715e-09
3	0	6	6	0.0000e+00	1.2309e-02       2.1647e-03      -3.3132e-05     6.8168e-08       6.7732e-10
4	0	6	6	0.0000e+00	9.3387e-03       2.1397e-03      -2.8936e-05     -2.2581e-09      1.0252e-09
5	0	6	6	0.0000e+00	9.0601e-03       2.3213e-03      -3.3561e-05     2.8578e-08       1.0086e-09
6	0	6	6	0.0000e+00	4.6798e-03       2.3557e-03      -3.0811e-05     -2.5372e-08      1.2922e-09
### SDC2
7	0	6	6	0.0000e+00	3.3656e-02       1.5376e-04      5.7085e-05      -1.8083e-06      1.3893e-08
8	0	6	6	0.0000e+00	3.8440e-02       -1.7316e-04     6.8369e-05      -1.9975e-06      1.5080e-08
9	0	6	6	0.0000e+00	3.4021e-02       5.5707e-04      3.5926e-05      -1.4335e-06      1.1644e-08
10	0	6	6	0.0000e+00	3.1493e-02       -3.1855e-04     8.1654e-05      -2.1779e-06      1.5619e-08
### SDC3
31	0	6	6	0.0000e+00	1.4716e-02       9.9108e-04      -4.3542e-06     -6.2246e-08     3.5296e-10
32	0	6	6	0.0000e+00	2.4269e-03       2.1424e-03      -3.1425e-05     1.7517e-07      -3.5250e-10
33	0	6	6	0.0000e+00	1.8626e-02       8.4687e-04      -1.2947e-06     -9.5351e-08     4.7988e-10
34	0	6	6	0.0000e+00	1.5675e-02       1.0419e-03      -4.7776e-06     -7.3112e-08     4.3651e-10
#### SDC4
35	0	6	6	0.0000e+00	1.9156e-02       1.0800e-03      -9.6568e-06     -2.9794e-09     1.5345e-10
36	0	6	6	0.0000e+00	2.8279e-02       6.8899e-04      -3.3249e-06     -4.8388e-08     2.7260e-10
37	0	6	6	0.0000e+00	9.8994e-03       1.5669e-03      -1.8867e-05     7.1802e-08      -6.5520e-11
38	0	6	6	0.0000e+00	1.1715e-02       1.5919e-03      -2.2080e-05     1.1843e-07      -2.5221e-10
#### SDC5
39	0	6	6	0.0000e+00	2.2909e-02       7.4865e-04      -1.6770e-06     -7.8046e-08     3.9716e-10
40	0	6	6	0.0000e+00	2.1978e-02       8.9384e-04      -5.0093e-06     -4.9954e-08     3.1451e-10
41	0	6	6	0.0000e+00	1.9976e-02       1.0021e-03      -7.5802e-06     -2.2734e-08     2.1579e-10
42	0	6	6	0.0000e+00	1.3174e-02       1.6255e-03      -2.3013e-05     1.2204e-07      -2.4428e-10
#
### BC3					  		  		   		  		   	
113 	0       6       6	0.0000e+00	1.1482e-02 	 3.3474e-03 	 -5.7863e-05 	 -1.4928e-06 	 3.0238e-08
114 	0       6       6	0.0000e+00	1.1533e-02 	 2.2609e-03 	 2.3476e-05 	 -3.5429e-06 	 4.7995e-08
115 	0       6       6	0.0000e+00	1.3747e-02 	 1.3222e-03 	 9.6810e-05 	 -5.6524e-06 	 6.8161e-08
116 	0       6       6	0.0000e+00	1.0091e-02 	 2.4877e-03 	 2.7542e-05 	 -4.1733e-06 	 5.7726e-08
117 	0       6       6	0.0000e+00	4.8358e-03 	 3.9482e-03 	 -7.3692e-05 	 -1.4689e-06 	 3.2591e-08
118 	0       6       6	0.0000e+00	1.6295e-02 	 6.1937e-05 	 1.6991e-04 	 -7.1569e-06 	 7.8743e-08
### BC4					  		  		   		  		   	
119 	0       6       6	0.0000e+00	1.7087e-02 	 1.8248e-03 	 5.8945e-05 	 -4.9576e-06 	 6.5451e-08
120 	0       6       6	0.0000e+00	1.0259e-02 	 1.7105e-03 	 8.2485e-05 	 -5.5045e-06 	 6.8764e-08
121 	0       6       6	0.0000e+00	1.5321e-02 	 1.3756e-03 	 1.0945e-04 	 -6.6109e-06 	 8.2957e-08
122 	0       6       6	0.0000e+00	1.2609e-02 	 1.3092e-03 	 1.0923e-04 	 -6.1703e-06 	 7.3991e-08
123 	0       6       6	0.0000e+00	1.9933e-03 	 4.3091e-03 	 -1.0570e-04 	 -3.1115e-07 	 1.9108e-08
124 	0       6       6	0.0000e+00	2.7651e-02 	 -9.0916e-04 	 2.2609e-04 	 -8.9025e-06 	 9.8534e-08
