##
#  file: DCDriftParam_e70_20240417 <- DCDriftParam_e70_20230620
#  date: 2024-04-17 19:52
#  note: first version
#        DCDriftParam SdcIn ... done
#        DCDriftParam BcOut ... done
#        DCDriftParam SdcOut ... done (w/ run70257)
#        DCDriftParam BcOut ... done (w/ run70257)
#
#######################################################################
# Id	WireId	Type	NParam	p0	p1	...
### SDC1
1	0	6	6	0.0000e+00	1.8333e-02       2.1132e-03      -3.2230e-05     6.8311e-09     1.2509e-09
2	0	6	6	0.0000e+00	1.7237e-02       2.2183e-03      -3.5986e-05     6.1431e-08     9.7578e-10
3	0	6	6	0.0000e+00	2.8988e-02       1.5696e-03      -2.6505e-05     4.2166e-08     7.1714e-10
4	0	6	6	0.0000e+00	2.5336e-02       1.5816e-03      -2.3288e-05     -1.5660e-08    1.0041e-09
5	0	6	6	0.0000e+00	2.2565e-02       1.8557e-03      -2.6400e-05     -5.4244e-08    1.5040e-09
6	0	6	6	0.0000e+00	1.5419e-02       2.0825e-03      -2.9304e-05     -3.1139e-08    1.3938e-09
### SDC2
7	0	6	6	0.0000e+00	4.3656e-02       -3.7356e-04     7.2680e-05      -2.1099e-06    1.6209e-08
8	0	6	6	0.0000e+00	5.1520e-02       -1.0423e-03     9.9333e-05      -2.5903e-06    1.9342e-08
9	0	6	6	0.0000e+00	4.4097e-02       3.7546e-04      3.1069e-05      -1.3356e-06    1.1383e-08
10	0	6	6	0.0000e+00	4.3125e-02       -1.3973e-03     1.2692e-04      -3.0422e-06    2.1521e-08
### SDC3
31	0	6	6	0.0000e+00	2.6848e-02       2.7471e-04      1.1755e-05      -2.2061e-07     9.1278e-10
32	0	6	6	0.0000e+00	2.4591e-02       8.4420e-04      -2.2330e-06     -1.0372e-07     5.9487e-10
33	0	6	6	0.0000e+00	3.1561e-02       -1.0288e-04     2.2622e-05      -3.4266e-07     1.3738e-09
34	0	6	6	0.0000e+00	2.0063e-02       9.3917e-04      -2.9521e-06     -9.7254e-08     5.4388e-10
#### SDC4
35	0	6	6	0.0000e+00	2.3607e-02       1.0856e-03      -1.2317e-05     2.9508e-08      4.2295e-11
36	0	6	6	0.0000e+00	2.9543e-02       7.0177e-04      -4.1390e-06     -4.1635e-08     2.5837e-10
37	0	6	6	0.0000e+00	1.9685e-02       1.2481e-03      -1.6074e-05     6.8275e-08      -9.3527e-11
38	0	6	6	0.0000e+00	1.3887e-02       1.4763e-03      -1.9393e-05     9.0583e-08      -1.5264e-10
#### SDC5
39	0	6	6	0.0000e+00	2.5950e-02       5.9051e-04      9.5118e-07      -9.7390e-08     4.5006e-10
40	0	6	6	0.0000e+00	2.2578e-02       8.8688e-04      -5.3029e-06     -4.7497e-08     3.1181e-10
41	0	6	6	0.0000e+00	2.2498e-02       9.4179e-04      -7.8917e-06     -1.1931e-08     1.6924e-10
42	0	6	6	0.0000e+00	2.5708e-02       9.6190e-04      -9.7724e-06     8.8625e-09      9.9975e-11
#
### BC3					  		  		   		  		   	
113 	0       6       6	0.0000e+00	1.1482e-02 	 3.3474e-03 	 -5.7863e-05 	 -1.4928e-06 	 3.0238e-08
114 	0       6       6	0.0000e+00	1.1533e-02 	 2.2609e-03 	 2.3476e-05 	 -3.5429e-06 	 4.7995e-08
115 	0       6       6	0.0000e+00	1.3747e-02 	 1.3222e-03 	 9.6810e-05 	 -5.6524e-06 	 6.8161e-08
116 	0       6       6	0.0000e+00	1.0091e-02 	 2.4877e-03 	 2.7542e-05 	 -4.1733e-06 	 5.7726e-08
117 	0       6       6	0.0000e+00	4.8358e-03 	 3.9482e-03 	 -7.3692e-05 	 -1.4689e-06 	 3.2591e-08
118 	0       6       6	0.0000e+00	1.6295e-02 	 6.1937e-05 	 1.6991e-04 	 -7.1569e-06 	 7.8743e-08
### BC4					  		  		   		  		   	
119 	0       6       6	0.0000e+00	1.7087e-02 	 1.8248e-03 	 5.8945e-05 	 -4.9576e-06 	 6.5451e-08
120 	0       6       6	0.0000e+00	1.0259e-02 	 1.7105e-03 	 8.2485e-05 	 -5.5045e-06 	 6.8764e-08
121 	0       6       6	0.0000e+00	1.5321e-02 	 1.3756e-03 	 1.0945e-04 	 -6.6109e-06 	 8.2957e-08
122 	0       6       6	0.0000e+00	1.2609e-02 	 1.3092e-03 	 1.0923e-04 	 -6.1703e-06 	 7.3991e-08
123 	0       6       6	0.0000e+00	1.9933e-03 	 4.3091e-03 	 -1.0570e-04 	 -3.1115e-07 	 1.9108e-08
124 	0       6       6	0.0000e+00	2.7651e-02 	 -9.0916e-04 	 2.2609e-04 	 -8.9025e-06 	 9.8534e-08
