##
#  file: DCTdcCalib_e70_20230526
#  date: 2021-05-26
#  note: first version
#        Changed WireId to 0-based
#
#
#######################################################################
# Id	WireId	p1	p0
#
### BC3-X1
#
113	0	0.833	-1029.56
113	1	0.833	-1029.56
113	2	0.833	-1029.56
113	3	0.833	-1029.56
113	4	0.833	-1029.56
113	5	0.833	-1029.56
113	6	0.833	-1029.56
113	7	0.833	-1029.56
113	8	0.833	-1029.56
113	9	0.833	-1029.56
113	10	0.833	-1029.56
113	11	0.833	-1029.56
113	12	0.833	-1029.56
113	13	0.833	-1029.56
113	14	0.833	-1029.56
113	15	0.833	-1029.56
113	16	0.833	-1029.56
113	17	0.833	-1029.56
113	18	0.833	-1029.56
113	19	0.833	-1029.56
113	20	0.833	-1029.56
113	21	0.833	-1029.56
113	22	0.833	-1029.56
113	23	0.833	-1029.56
113	24	0.833	-1029.56
113	25	0.833	-1029.56
113	26	0.833	-1029.56
113	27	0.833	-1029.56
113	28	0.833	-1029.56
113	29	0.833	-1029.56
113	30	0.833	-1029.56
113	31	0.833	-1029.56
113	32	0.833	-1029.56
113	33	0.833	-1029.56
113	34	0.833	-1029.56
113	35	0.833	-1029.56
113	36	0.833	-1029.56
113	37	0.833	-1029.56
113	38	0.833	-1029.56
113	39	0.833	-1029.56
113	40	0.833	-1029.56
113	41	0.833	-1029.56
113	42	0.833	-1029.56
113	43	0.833	-1029.56
113	44	0.833	-1029.56
113	45	0.833	-1029.56
113	46	0.833	-1029.56
113	47	0.833	-1029.56
113	48	0.833	-1029.56
113	49	0.833	-1029.56
113	50	0.833	-1029.56
113	51	0.833	-1029.56
113	52	0.833	-1029.56
113	53	0.833	-1029.56
113	54	0.833	-1029.56
113	55	0.833	-1029.56
113	56	0.833	-1029.56
113	57	0.833	-1029.56
113	58	0.833	-1029.56
113	59	0.833	-1029.56
113	60	0.833	-1029.56
113	61	0.833	-1029.56
113	62	0.833	-1029.56
113	63	0.833	-1029.56
### BC3-X2
#
114	0	0.833	-1027.22
114	1	0.833	-1027.22
114	2	0.833	-1027.22
114	3	0.833	-1027.22
114	4	0.833	-1027.22
114	5	0.833	-1027.22
114	6	0.833	-1027.22
114	7	0.833	-1027.22
114	8	0.833	-1027.22
114	9	0.833	-1027.22
114	10	0.833	-1027.22
114	11	0.833	-1027.22
114	12	0.833	-1027.22
114	13	0.833	-1027.22
114	14	0.833	-1027.22
114	15	0.833	-1027.22
114	16	0.833	-1027.22
114	17	0.833	-1027.22
114	18	0.833	-1027.22
114	19	0.833	-1027.22
114	20	0.833	-1027.22
114	21	0.833	-1027.22
114	22	0.833	-1027.22
114	23	0.833	-1027.22
114	24	0.833	-1027.22
114	25	0.833	-1027.22
114	26	0.833	-1027.22
114	27	0.833	-1027.22
114	28	0.833	-1027.22
114	29	0.833	-1027.22
114	30	0.833	-1027.22
114	31	0.833	-1027.22
114	32	0.833	-1027.22
114	33	0.833	-1027.22
114	34	0.833	-1027.22
114	35	0.833	-1027.22
114	36	0.833	-1027.22
114	37	0.833	-1027.22
114	38	0.833	-1027.22
114	39	0.833	-1027.22
114	40	0.833	-1027.22
114	41	0.833	-1027.22
114	42	0.833	-1027.22
114	43	0.833	-1027.22
114	44	0.833	-1027.22
114	45	0.833	-1027.22
114	46	0.833	-1027.22
114	47	0.833	-1027.22
114	48	0.833	-1027.22
114	49	0.833	-1027.22
114	50	0.833	-1027.22
114	51	0.833	-1027.22
114	52	0.833	-1027.22
114	53	0.833	-1027.22
114	54	0.833	-1027.22
114	55	0.833	-1027.22
114	56	0.833	-1027.22
114	57	0.833	-1027.22
114	58	0.833	-1027.22
114	59	0.833	-1027.22
114	60	0.833	-1027.22
114	61	0.833	-1027.22
114	62	0.833	-1027.22
114	63	0.833	-1027.22
### BC3-V1
#
115	0	0.833	-1028.05
115	1	0.833	-1028.05
115	2	0.833	-1028.05
115	3	0.833	-1028.05
115	4	0.833	-1028.05
115	5	0.833	-1028.05
115	6	0.833	-1028.05
115	7	0.833	-1028.05
115	8	0.833	-1028.05
115	9	0.833	-1028.05
115	10	0.833	-1028.05
115	11	0.833	-1028.05
115	12	0.833	-1028.05
115	13	0.833	-1028.05
115	14	0.833	-1028.05
115	15	0.833	-1028.05
115	16	0.833	-1028.05
115	17	0.833	-1028.05
115	18	0.833	-1028.05
115	19	0.833	-1028.05
115	20	0.833	-1028.05
115	21	0.833	-1028.05
115	22	0.833	-1028.05
115	23	0.833	-1028.05
115	24	0.833	-1028.05
115	25	0.833	-1028.05
115	26	0.833	-1028.05
115	27	0.833	-1028.05
115	28	0.833	-1028.05
115	29	0.833	-1028.05
115	30	0.833	-1028.05
115	31	0.833	-1028.05
115	32	0.833	-1028.05
115	33	0.833	-1028.05
115	34	0.833	-1028.05
115	35	0.833	-1028.05
115	36	0.833	-1028.05
115	37	0.833	-1028.05
115	38	0.833	-1028.05
115	39	0.833	-1028.05
115	40	0.833	-1028.05
115	41	0.833	-1028.05
115	42	0.833	-1028.05
115	43	0.833	-1028.05
115	44	0.833	-1028.05
115	45	0.833	-1028.05
115	46	0.833	-1028.05
115	47	0.833	-1028.05
115	48	0.833	-1028.05
115	49	0.833	-1028.05
115	50	0.833	-1028.05
115	51	0.833	-1028.05
115	52	0.833	-1028.05
115	53	0.833	-1028.05
115	54	0.833	-1028.05
115	55	0.833	-1028.05
115	56	0.833	-1028.05
115	57	0.833	-1028.05
115	58	0.833	-1028.05
115	59	0.833	-1028.05
115	60	0.833	-1028.05
115	61	0.833	-1028.05
115	62	0.833	-1028.05
115	63	0.833	-1028.05
### BC3-V2
#
116	0	0.833	-1025.06
116	1	0.833	-1025.06
116	2	0.833	-1025.06
116	3	0.833	-1025.06
116	4	0.833	-1025.06
116	5	0.833	-1025.06
116	6	0.833	-1025.06
116	7	0.833	-1025.06
116	8	0.833	-1025.06
116	9	0.833	-1025.06
116	10	0.833	-1025.06
116	11	0.833	-1025.06
116	12	0.833	-1025.06
116	13	0.833	-1025.06
116	14	0.833	-1025.06
116	15	0.833	-1025.06
116	16	0.833	-1025.06
116	17	0.833	-1025.06
116	18	0.833	-1025.06
116	19	0.833	-1025.06
116	20	0.833	-1025.06
116	21	0.833	-1025.06
116	22	0.833	-1025.06
116	23	0.833	-1025.06
116	24	0.833	-1025.06
116	25	0.833	-1025.06
116	26	0.833	-1025.06
116	27	0.833	-1025.06
116	28	0.833	-1025.06
116	29	0.833	-1025.06
116	30	0.833	-1025.06
116	31	0.833	-1025.06
116	32	0.833	-1025.06
116	33	0.833	-1025.06
116	34	0.833	-1025.06
116	35	0.833	-1025.06
116	36	0.833	-1025.06
116	37	0.833	-1025.06
116	38	0.833	-1025.06
116	39	0.833	-1025.06
116	40	0.833	-1025.06
116	41	0.833	-1025.06
116	42	0.833	-1025.06
116	43	0.833	-1025.06
116	44	0.833	-1025.06
116	45	0.833	-1025.06
116	46	0.833	-1025.06
116	47	0.833	-1025.06
116	48	0.833	-1025.06
116	49	0.833	-1025.06
116	50	0.833	-1025.06
116	51	0.833	-1025.06
116	52	0.833	-1025.06
116	53	0.833	-1025.06
116	54	0.833	-1025.06
116	55	0.833	-1025.06
116	56	0.833	-1025.06
116	57	0.833	-1025.06
116	58	0.833	-1025.06
116	59	0.833	-1025.06
116	60	0.833	-1025.06
116	61	0.833	-1025.06
116	62	0.833	-1025.06
116	63	0.833	-1025.06
### BC3-U1
#
117	0	0.833	-1028.66
117	1	0.833	-1028.66
117	2	0.833	-1028.66
117	3	0.833	-1028.66
117	4	0.833	-1028.66
117	5	0.833	-1028.66
117	6	0.833	-1028.66
117	7	0.833	-1028.66
117	8	0.833	-1028.66
117	9	0.833	-1028.66
117	10	0.833	-1028.66
117	11	0.833	-1028.66
117	12	0.833	-1028.66
117	13	0.833	-1028.66
117	14	0.833	-1028.66
117	15	0.833	-1028.66
117	16	0.833	-1028.66
117	17	0.833	-1028.66
117	18	0.833	-1028.66
117	19	0.833	-1028.66
117	20	0.833	-1028.66
117	21	0.833	-1028.66
117	22	0.833	-1028.66
117	23	0.833	-1028.66
117	24	0.833	-1028.66
117	25	0.833	-1028.66
117	26	0.833	-1028.66
117	27	0.833	-1028.66
117	28	0.833	-1028.66
117	29	0.833	-1028.66
117	30	0.833	-1028.66
117	31	0.833	-1028.66
117	32	0.833	-1028.66
117	33	0.833	-1028.66
117	34	0.833	-1028.66
117	35	0.833	-1028.66
117	36	0.833	-1028.66
117	37	0.833	-1028.66
117	38	0.833	-1028.66
117	39	0.833	-1028.66
117	40	0.833	-1028.66
117	41	0.833	-1028.66
117	42	0.833	-1028.66
117	43	0.833	-1028.66
117	44	0.833	-1028.66
117	45	0.833	-1028.66
117	46	0.833	-1028.66
117	47	0.833	-1028.66
117	48	0.833	-1028.66
117	49	0.833	-1028.66
117	50	0.833	-1028.66
117	51	0.833	-1028.66
117	52	0.833	-1028.66
117	53	0.833	-1028.66
117	54	0.833	-1028.66
117	55	0.833	-1028.66
117	56	0.833	-1028.66
117	57	0.833	-1028.66
117	58	0.833	-1028.66
117	59	0.833	-1028.66
117	60	0.833	-1028.66
117	61	0.833	-1028.66
117	62	0.833	-1028.66
117	63	0.833	-1028.66
### BC3-U2
#
118	0	0.833	-1021.57
118	1	0.833	-1021.57
118	2	0.833	-1021.57
118	3	0.833	-1021.57
118	4	0.833	-1021.57
118	5	0.833	-1021.57
118	6	0.833	-1021.57
118	7	0.833	-1021.57
118	8	0.833	-1021.57
118	9	0.833	-1021.57
118	10	0.833	-1021.57
118	11	0.833	-1021.57
118	12	0.833	-1021.57
118	13	0.833	-1021.57
118	14	0.833	-1021.57
118	15	0.833	-1021.57
118	16	0.833	-1021.57
118	17	0.833	-1021.57
118	18	0.833	-1021.57
118	19	0.833	-1021.57
118	20	0.833	-1021.57
118	21	0.833	-1021.57
118	22	0.833	-1021.57
118	23	0.833	-1021.57
118	24	0.833	-1021.57
118	25	0.833	-1021.57
118	26	0.833	-1021.57
118	27	0.833	-1021.57
118	28	0.833	-1021.57
118	29	0.833	-1021.57
118	30	0.833	-1021.57
118	31	0.833	-1021.57
118	32	0.833	-1021.57
118	33	0.833	-1021.57
118	34	0.833	-1021.57
118	35	0.833	-1021.57
118	36	0.833	-1021.57
118	37	0.833	-1021.57
118	38	0.833	-1021.57
118	39	0.833	-1021.57
118	40	0.833	-1021.57
118	41	0.833	-1021.57
118	42	0.833	-1021.57
118	43	0.833	-1021.57
118	44	0.833	-1021.57
118	45	0.833	-1021.57
118	46	0.833	-1021.57
118	47	0.833	-1021.57
118	48	0.833	-1021.57
118	49	0.833	-1021.57
118	50	0.833	-1021.57
118	51	0.833	-1021.57
118	52	0.833	-1021.57
118	53	0.833	-1021.57
118	54	0.833	-1021.57
118	55	0.833	-1021.57
118	56	0.833	-1021.57
118	57	0.833	-1021.57
118	58	0.833	-1021.57
118	59	0.833	-1021.57
118	60	0.833	-1021.57
118	61	0.833	-1021.57
118	62	0.833	-1021.57
118	63	0.833	-1021.57
### BC4-U1
#
119	0	0.833	-1026.2
119	1	0.833	-1026.2
119	2	0.833	-1026.2
119	3	0.833	-1026.2
119	4	0.833	-1026.2
119	5	0.833	-1026.2
119	6	0.833	-1026.2
119	7	0.833	-1026.2
119	8	0.833	-1026.2
119	9	0.833	-1026.2
119	10	0.833	-1026.2
119	11	0.833	-1026.2
119	12	0.833	-1026.2
119	13	0.833	-1026.2
119	14	0.833	-1026.2
119	15	0.833	-1026.2
119	16	0.833	-1026.2
119	17	0.833	-1026.2
119	18	0.833	-1026.2
119	19	0.833	-1026.2
119	20	0.833	-1026.2
119	21	0.833	-1026.2
119	22	0.833	-1026.2
119	23	0.833	-1026.2
119	24	0.833	-1026.2
119	25	0.833	-1026.2
119	26	0.833	-1026.2
119	27	0.833	-1026.2
119	28	0.833	-1026.2
119	29	0.833	-1026.2
119	30	0.833	-1026.2
119	31	0.833	-1026.2
119	32	0.833	-1026.2
119	33	0.833	-1026.2
119	34	0.833	-1026.2
119	35	0.833	-1026.2
119	36	0.833	-1026.2
119	37	0.833	-1026.2
119	38	0.833	-1026.2
119	39	0.833	-1026.2
119	40	0.833	-1026.2
119	41	0.833	-1026.2
119	42	0.833	-1026.2
119	43	0.833	-1026.2
119	44	0.833	-1026.2
119	45	0.833	-1026.2
119	46	0.833	-1026.2
119	47	0.833	-1026.2
119	48	0.833	-1026.2
119	49	0.833	-1026.2
119	50	0.833	-1026.2
119	51	0.833	-1026.2
119	52	0.833	-1026.2
119	53	0.833	-1026.2
119	54	0.833	-1026.2
119	55	0.833	-1026.2
119	56	0.833	-1026.2
119	57	0.833	-1026.2
119	58	0.833	-1026.2
119	59	0.833	-1026.2
119	60	0.833	-1026.2
119	61	0.833	-1026.2
119	62	0.833	-1026.2
119	63	0.833	-1026.2
### BC4-U2
#
120	0	0.833	-1024.79
120	1	0.833	-1024.79
120	2	0.833	-1024.79
120	3	0.833	-1024.79
120	4	0.833	-1024.79
120	5	0.833	-1024.79
120	6	0.833	-1024.79
120	7	0.833	-1024.79
120	8	0.833	-1024.79
120	9	0.833	-1024.79
120	10	0.833	-1024.79
120	11	0.833	-1024.79
120	12	0.833	-1024.79
120	13	0.833	-1024.79
120	14	0.833	-1024.79
120	15	0.833	-1024.79
120	16	0.833	-1024.79
120	17	0.833	-1024.79
120	18	0.833	-1024.79
120	19	0.833	-1024.79
120	20	0.833	-1024.79
120	21	0.833	-1024.79
120	22	0.833	-1024.79
120	23	0.833	-1024.79
120	24	0.833	-1024.79
120	25	0.833	-1024.79
120	26	0.833	-1024.79
120	27	0.833	-1024.79
120	28	0.833	-1024.79
120	29	0.833	-1024.79
120	30	0.833	-1024.79
120	31	0.833	-1024.79
120	32	0.833	-1024.79
120	33	0.833	-1024.79
120	34	0.833	-1024.79
120	35	0.833	-1024.79
120	36	0.833	-1024.79
120	37	0.833	-1024.79
120	38	0.833	-1024.79
120	39	0.833	-1024.79
120	40	0.833	-1024.79
120	41	0.833	-1024.79
120	42	0.833	-1024.79
120	43	0.833	-1024.79
120	44	0.833	-1024.79
120	45	0.833	-1024.79
120	46	0.833	-1024.79
120	47	0.833	-1024.79
120	48	0.833	-1024.79
120	49	0.833	-1024.79
120	50	0.833	-1024.79
120	51	0.833	-1024.79
120	52	0.833	-1024.79
120	53	0.833	-1024.79
120	54	0.833	-1024.79
120	55	0.833	-1024.79
120	56	0.833	-1024.79
120	57	0.833	-1024.79
120	58	0.833	-1024.79
120	59	0.833	-1024.79
120	60	0.833	-1024.79
120	61	0.833	-1024.79
120	62	0.833	-1024.79
120	63	0.833	-1024.79
### BC4-V1
#
121	0	0.833	-1025.93
121	1	0.833	-1025.93
121	2	0.833	-1025.93
121	3	0.833	-1025.93
121	4	0.833	-1025.93
121	5	0.833	-1025.93
121	6	0.833	-1025.93
121	7	0.833	-1025.93
121	8	0.833	-1025.93
121	9	0.833	-1025.93
121	10	0.833	-1025.93
121	11	0.833	-1025.93
121	12	0.833	-1025.93
121	13	0.833	-1025.93
121	14	0.833	-1025.93
121	15	0.833	-1025.93
121	16	0.833	-1025.93
121	17	0.833	-1025.93
121	18	0.833	-1025.93
121	19	0.833	-1025.93
121	20	0.833	-1025.93
121	21	0.833	-1025.93
121	22	0.833	-1025.93
121	23	0.833	-1025.93
121	24	0.833	-1025.93
121	25	0.833	-1025.93
121	26	0.833	-1025.93
121	27	0.833	-1025.93
121	28	0.833	-1025.93
121	29	0.833	-1025.93
121	30	0.833	-1025.93
121	31	0.833	-1025.93
121	32	0.833	-1025.93
121	33	0.833	-1025.93
121	34	0.833	-1025.93
121	35	0.833	-1025.93
121	36	0.833	-1025.93
121	37	0.833	-1025.93
121	38	0.833	-1025.93
121	39	0.833	-1025.93
121	40	0.833	-1025.93
121	41	0.833	-1025.93
121	42	0.833	-1025.93
121	43	0.833	-1025.93
121	44	0.833	-1025.93
121	45	0.833	-1025.93
121	46	0.833	-1025.93
121	47	0.833	-1025.93
121	48	0.833	-1025.93
121	49	0.833	-1025.93
121	50	0.833	-1025.93
121	51	0.833	-1025.93
121	52	0.833	-1025.93
121	53	0.833	-1025.93
121	54	0.833	-1025.93
121	55	0.833	-1025.93
121	56	0.833	-1025.93
121	57	0.833	-1025.93
121	58	0.833	-1025.93
121	59	0.833	-1025.93
121	60	0.833	-1025.93
121	61	0.833	-1025.93
121	62	0.833	-1025.93
121	63	0.833	-1025.93
### BC4-V2
#
122	0	0.833	-1024.7
122	1	0.833	-1024.7
122	2	0.833	-1024.7
122	3	0.833	-1024.7
122	4	0.833	-1024.7
122	5	0.833	-1024.7
122	6	0.833	-1024.7
122	7	0.833	-1024.7
122	8	0.833	-1024.7
122	9	0.833	-1024.7
122	10	0.833	-1024.7
122	11	0.833	-1024.7
122	12	0.833	-1024.7
122	13	0.833	-1024.7
122	14	0.833	-1024.7
122	15	0.833	-1024.7
122	16	0.833	-1024.7
122	17	0.833	-1024.7
122	18	0.833	-1024.7
122	19	0.833	-1024.7
122	20	0.833	-1024.7
122	21	0.833	-1024.7
122	22	0.833	-1024.7
122	23	0.833	-1024.7
122	24	0.833	-1024.7
122	25	0.833	-1024.7
122	26	0.833	-1024.7
122	27	0.833	-1024.7
122	28	0.833	-1024.7
122	29	0.833	-1024.7
122	30	0.833	-1024.7
122	31	0.833	-1024.7
122	32	0.833	-1024.7
122	33	0.833	-1024.7
122	34	0.833	-1024.7
122	35	0.833	-1024.7
122	36	0.833	-1024.7
122	37	0.833	-1024.7
122	38	0.833	-1024.7
122	39	0.833	-1024.7
122	40	0.833	-1024.7
122	41	0.833	-1024.7
122	42	0.833	-1024.7
122	43	0.833	-1024.7
122	44	0.833	-1024.7
122	45	0.833	-1024.7
122	46	0.833	-1024.7
122	47	0.833	-1024.7
122	48	0.833	-1024.7
122	49	0.833	-1024.7
122	50	0.833	-1024.7
122	51	0.833	-1024.7
122	52	0.833	-1024.7
122	53	0.833	-1024.7
122	54	0.833	-1024.7
122	55	0.833	-1024.7
122	56	0.833	-1024.7
122	57	0.833	-1024.7
122	58	0.833	-1024.7
122	59	0.833	-1024.7
122	60	0.833	-1024.7
122	61	0.833	-1024.7
122	62	0.833	-1024.7
122	63	0.833	-1024.7
### BC4-X1
#
123	0	0.833	-1025.38
123	1	0.833	-1025.38
123	2	0.833	-1025.38
123	3	0.833	-1025.38
123	4	0.833	-1025.38
123	5	0.833	-1025.38
123	6	0.833	-1025.38
123	7	0.833	-1025.38
123	8	0.833	-1025.38
123	9	0.833	-1025.38
123	10	0.833	-1025.38
123	11	0.833	-1025.38
123	12	0.833	-1025.38
123	13	0.833	-1025.38
123	14	0.833	-1025.38
123	15	0.833	-1025.38
123	16	0.833	-1025.38
123	17	0.833	-1025.38
123	18	0.833	-1025.38
123	19	0.833	-1025.38
123	20	0.833	-1025.38
123	21	0.833	-1025.38
123	22	0.833	-1025.38
123	23	0.833	-1025.38
123	24	0.833	-1025.38
123	25	0.833	-1025.38
123	26	0.833	-1025.38
123	27	0.833	-1025.38
123	28	0.833	-1025.38
123	29	0.833	-1025.38
123	30	0.833	-1025.38
123	31	0.833	-1025.38
123	32	0.833	-1025.38
123	33	0.833	-1025.38
123	34	0.833	-1025.38
123	35	0.833	-1025.38
123	36	0.833	-1025.38
123	37	0.833	-1025.38
123	38	0.833	-1025.38
123	39	0.833	-1025.38
123	40	0.833	-1025.38
123	41	0.833	-1025.38
123	42	0.833	-1025.38
123	43	0.833	-1025.38
123	44	0.833	-1025.38
123	45	0.833	-1025.38
123	46	0.833	-1025.38
123	47	0.833	-1025.38
123	48	0.833	-1025.38
123	49	0.833	-1025.38
123	50	0.833	-1025.38
123	51	0.833	-1025.38
123	52	0.833	-1025.38
123	53	0.833	-1025.38
123	54	0.833	-1025.38
123	55	0.833	-1025.38
123	56	0.833	-1025.38
123	57	0.833	-1025.38
123	58	0.833	-1025.38
123	59	0.833	-1025.38
123	60	0.833	-1025.38
123	61	0.833	-1025.38
123	62	0.833	-1025.38
123	63	0.833	-1025.38
### BC4-X2
#
124	0	0.833	-1023.22
124	1	0.833	-1023.22
124	2	0.833	-1023.22
124	3	0.833	-1023.22
124	4	0.833	-1023.22
124	5	0.833	-1023.22
124	6	0.833	-1023.22
124	7	0.833	-1023.22
124	8	0.833	-1023.22
124	9	0.833	-1023.22
124	10	0.833	-1023.22
124	11	0.833	-1023.22
124	12	0.833	-1023.22
124	13	0.833	-1023.22
124	14	0.833	-1023.22
124	15	0.833	-1023.22
124	16	0.833	-1023.22
124	17	0.833	-1023.22
124	18	0.833	-1023.22
124	19	0.833	-1023.22
124	20	0.833	-1023.22
124	21	0.833	-1023.22
124	22	0.833	-1023.22
124	23	0.833	-1023.22
124	24	0.833	-1023.22
124	25	0.833	-1023.22
124	26	0.833	-1023.22
124	27	0.833	-1023.22
124	28	0.833	-1023.22
124	29	0.833	-1023.22
124	30	0.833	-1023.22
124	31	0.833	-1023.22
124	32	0.833	-1023.22
124	33	0.833	-1023.22
124	34	0.833	-1023.22
124	35	0.833	-1023.22
124	36	0.833	-1023.22
124	37	0.833	-1023.22
124	38	0.833	-1023.22
124	39	0.833	-1023.22
124	40	0.833	-1023.22
124	41	0.833	-1023.22
124	42	0.833	-1023.22
124	43	0.833	-1023.22
124	44	0.833	-1023.22
124	45	0.833	-1023.22
124	46	0.833	-1023.22
124	47	0.833	-1023.22
124	48	0.833	-1023.22
124	49	0.833	-1023.22
124	50	0.833	-1023.22
124	51	0.833	-1023.22
124	52	0.833	-1023.22
124	53	0.833	-1023.22
124	54	0.833	-1023.22
124	55	0.833	-1023.22
124	56	0.833	-1023.22
124	57	0.833	-1023.22
124	58	0.833	-1023.22
124	59	0.833	-1023.22
124	60	0.833	-1023.22
124	61	0.833	-1023.22
124	62	0.833	-1023.22
124	63	0.833	-1023.22
### SDC1-U1
#
1	0	0.833	-1018.35
1	1	0.833	-1018.35
1	2	0.833	-1018.35
1	3	0.833	-1018.35
1	4	0.833	-1018.35
1	5	0.833	-1018.35
1	6	0.833	-1018.35
1	7	0.833	-1018.35
1	8	0.833	-1018.35
1	9	0.833	-1018.35
1	10	0.833	-1018.35
1	11	0.833	-1018.35
1	12	0.833	-1018.35
1	13	0.833	-1018.35
1	14	0.833	-1018.35
1	15	0.833	-1018.35
1	16	0.833	-1018.35
1	17	0.833	-1018.35
1	18	0.833	-1018.35
1	19	0.833	-1018.35
1	20	0.833	-1018.35
1	21	0.833	-1018.35
1	22	0.833	-1018.35
1	23	0.833	-1018.35
1	24	0.833	-1018.35
1	25	0.833	-1018.35
1	26	0.833	-1018.35
1	27	0.833	-1018.35
1	28	0.833	-1018.35
1	29	0.833	-1018.35
1	30	0.833	-1018.35
1	31	0.833	-1018.35
1	32	0.833	-1018.35
1	33	0.833	-1018.35
1	34	0.833	-1018.35
1	35	0.833	-1018.35
1	36	0.833	-1018.35
1	37	0.833	-1018.35
1	38	0.833	-1018.35
1	39	0.833	-1018.35
1	40	0.833	-1018.35
1	41	0.833	-1018.35
1	42	0.833	-1018.35
1	43	0.833	-1018.35
1	44	0.833	-1018.35
1	45	0.833	-1018.35
1	46	0.833	-1018.35
1	47	0.833	-1018.35
1	48	0.833	-1018.35
1	49	0.833	-1018.35
1	50	0.833	-1018.35
1	51	0.833	-1018.35
1	52	0.833	-1018.35
1	53	0.833	-1018.35
1	54	0.833	-1018.35
1	55	0.833	-1018.35
1	56	0.833	-1018.35
1	57	0.833	-1018.35
1	58	0.833	-1018.35
1	59	0.833	-1018.35
1	60	0.833	-1018.35
1	61	0.833	-1018.35
1	62	0.833	-1018.35
1	63	0.833	-1018.35
### SDC1-U2
#
2	0	0.833	-1018.13
2	1	0.833	-1018.13
2	2	0.833	-1018.13
2	3	0.833	-1018.13
2	4	0.833	-1018.13
2	5	0.833	-1018.13
2	6	0.833	-1018.13
2	7	0.833	-1018.13
2	8	0.833	-1018.13
2	9	0.833	-1018.13
2	10	0.833	-1018.13
2	11	0.833	-1018.13
2	12	0.833	-1018.13
2	13	0.833	-1018.13
2	14	0.833	-1018.13
2	15	0.833	-1018.13
2	16	0.833	-1018.13
2	17	0.833	-1018.13
2	18	0.833	-1018.13
2	19	0.833	-1018.13
2	20	0.833	-1018.13
2	21	0.833	-1018.13
2	22	0.833	-1018.13
2	23	0.833	-1018.13
2	24	0.833	-1018.13
2	25	0.833	-1018.13
2	26	0.833	-1018.13
2	27	0.833	-1018.13
2	28	0.833	-1018.13
2	29	0.833	-1018.13
2	30	0.833	-1018.13
2	31	0.833	-1018.13
2	32	0.833	-1018.13
2	33	0.833	-1018.13
2	34	0.833	-1018.13
2	35	0.833	-1018.13
2	36	0.833	-1018.13
2	37	0.833	-1018.13
2	38	0.833	-1018.13
2	39	0.833	-1018.13
2	40	0.833	-1018.13
2	41	0.833	-1018.13
2	42	0.833	-1018.13
2	43	0.833	-1018.13
2	44	0.833	-1018.13
2	45	0.833	-1018.13
2	46	0.833	-1018.13
2	47	0.833	-1018.13
2	48	0.833	-1018.13
2	49	0.833	-1018.13
2	50	0.833	-1018.13
2	51	0.833	-1018.13
2	52	0.833	-1018.13
2	53	0.833	-1018.13
2	54	0.833	-1018.13
2	55	0.833	-1018.13
2	56	0.833	-1018.13
2	57	0.833	-1018.13
2	58	0.833	-1018.13
2	59	0.833	-1018.13
2	60	0.833	-1018.13
2	61	0.833	-1018.13
2	62	0.833	-1018.13
2	63	0.833	-1018.13
### SDC1-X1
#
3	0	0.833	-1019.57
3	1	0.833	-1019.57
3	2	0.833	-1019.57
3	3	0.833	-1019.57
3	4	0.833	-1019.57
3	5	0.833	-1019.57
3	6	0.833	-1019.57
3	7	0.833	-1019.57
3	8	0.833	-1019.57
3	9	0.833	-1019.57
3	10	0.833	-1019.57
3	11	0.833	-1019.57
3	12	0.833	-1019.57
3	13	0.833	-1019.57
3	14	0.833	-1019.57
3	15	0.833	-1019.57
3	16	0.833	-1019.57
3	17	0.833	-1019.57
3	18	0.833	-1019.57
3	19	0.833	-1019.57
3	20	0.833	-1019.57
3	21	0.833	-1019.57
3	22	0.833	-1019.57
3	23	0.833	-1019.57
3	24	0.833	-1019.57
3	25	0.833	-1019.57
3	26	0.833	-1019.57
3	27	0.833	-1019.57
3	28	0.833	-1019.57
3	29	0.833	-1019.57
3	30	0.833	-1019.57
3	31	0.833	-1019.57
3	32	0.833	-1019.57
3	33	0.833	-1019.57
3	34	0.833	-1019.57
3	35	0.833	-1019.57
3	36	0.833	-1019.57
3	37	0.833	-1019.57
3	38	0.833	-1019.57
3	39	0.833	-1019.57
3	40	0.833	-1019.57
3	41	0.833	-1019.57
3	42	0.833	-1019.57
3	43	0.833	-1019.57
3	44	0.833	-1019.57
3	45	0.833	-1019.57
3	46	0.833	-1019.57
3	47	0.833	-1019.57
3	48	0.833	-1019.57
3	49	0.833	-1019.57
3	50	0.833	-1019.57
3	51	0.833	-1019.57
3	52	0.833	-1019.57
3	53	0.833	-1019.57
3	54	0.833	-1019.57
3	55	0.833	-1019.57
3	56	0.833	-1019.57
3	57	0.833	-1019.57
3	58	0.833	-1019.57
3	59	0.833	-1019.57
3	60	0.833	-1019.57
3	61	0.833	-1019.57
3	62	0.833	-1019.57
3	63	0.833	-1019.57
### SDC1-X2
#
4	0	0.833	-1019.67
4	1	0.833	-1019.67
4	2	0.833	-1019.67
4	3	0.833	-1019.67
4	4	0.833	-1019.67
4	5	0.833	-1019.67
4	6	0.833	-1019.67
4	7	0.833	-1019.67
4	8	0.833	-1019.67
4	9	0.833	-1019.67
4	10	0.833	-1019.67
4	11	0.833	-1019.67
4	12	0.833	-1019.67
4	13	0.833	-1019.67
4	14	0.833	-1019.67
4	15	0.833	-1019.67
4	16	0.833	-1019.67
4	17	0.833	-1019.67
4	18	0.833	-1019.67
4	19	0.833	-1019.67
4	20	0.833	-1019.67
4	21	0.833	-1019.67
4	22	0.833	-1019.67
4	23	0.833	-1019.67
4	24	0.833	-1019.67
4	25	0.833	-1019.67
4	26	0.833	-1019.67
4	27	0.833	-1019.67
4	28	0.833	-1019.67
4	29	0.833	-1019.67
4	30	0.833	-1019.67
4	31	0.833	-1019.67
4	32	0.833	-1019.67
4	33	0.833	-1019.67
4	34	0.833	-1019.67
4	35	0.833	-1019.67
4	36	0.833	-1019.67
4	37	0.833	-1019.67
4	38	0.833	-1019.67
4	39	0.833	-1019.67
4	40	0.833	-1019.67
4	41	0.833	-1019.67
4	42	0.833	-1019.67
4	43	0.833	-1019.67
4	44	0.833	-1019.67
4	45	0.833	-1019.67
4	46	0.833	-1019.67
4	47	0.833	-1019.67
4	48	0.833	-1019.67
4	49	0.833	-1019.67
4	50	0.833	-1019.67
4	51	0.833	-1019.67
4	52	0.833	-1019.67
4	53	0.833	-1019.67
4	54	0.833	-1019.67
4	55	0.833	-1019.67
4	56	0.833	-1019.67
4	57	0.833	-1019.67
4	58	0.833	-1019.67
4	59	0.833	-1019.67
4	60	0.833	-1019.67
4	61	0.833	-1019.67
4	62	0.833	-1019.67
4	63	0.833	-1019.67
### SDC1-V1
#
5	0	0.833	-1019.6
5	1	0.833	-1019.6
5	2	0.833	-1019.6
5	3	0.833	-1019.6
5	4	0.833	-1019.6
5	5	0.833	-1019.6
5	6	0.833	-1019.6
5	7	0.833	-1019.6
5	8	0.833	-1019.6
5	9	0.833	-1019.6
5	10	0.833	-1019.6
5	11	0.833	-1019.6
5	12	0.833	-1019.6
5	13	0.833	-1019.6
5	14	0.833	-1019.6
5	15	0.833	-1019.6
5	16	0.833	-1019.6
5	17	0.833	-1019.6
5	18	0.833	-1019.6
5	19	0.833	-1019.6
5	20	0.833	-1019.6
5	21	0.833	-1019.6
5	22	0.833	-1019.6
5	23	0.833	-1019.6
5	24	0.833	-1019.6
5	25	0.833	-1019.6
5	26	0.833	-1019.6
5	27	0.833	-1019.6
5	28	0.833	-1019.6
5	29	0.833	-1019.6
5	30	0.833	-1019.6
5	31	0.833	-1019.6
5	32	0.833	-1019.6
5	33	0.833	-1019.6
5	34	0.833	-1019.6
5	35	0.833	-1019.6
5	36	0.833	-1019.6
5	37	0.833	-1019.6
5	38	0.833	-1019.6
5	39	0.833	-1019.6
5	40	0.833	-1019.6
5	41	0.833	-1019.6
5	42	0.833	-1019.6
5	43	0.833	-1019.6
5	44	0.833	-1019.6
5	45	0.833	-1019.6
5	46	0.833	-1019.6
5	47	0.833	-1019.6
5	48	0.833	-1019.6
5	49	0.833	-1019.6
5	50	0.833	-1019.6
5	51	0.833	-1019.6
5	52	0.833	-1019.6
5	53	0.833	-1019.6
5	54	0.833	-1019.6
5	55	0.833	-1019.6
5	56	0.833	-1019.6
5	57	0.833	-1019.6
5	58	0.833	-1019.6
5	59	0.833	-1019.6
5	60	0.833	-1019.6
5	61	0.833	-1019.6
5	62	0.833	-1019.6
5	63	0.833	-1019.6
### SDC1-V2
#
6	0	0.833	-1019.14
6	1	0.833	-1019.14
6	2	0.833	-1019.14
6	3	0.833	-1019.14
6	4	0.833	-1019.14
6	5	0.833	-1019.14
6	6	0.833	-1019.14
6	7	0.833	-1019.14
6	8	0.833	-1019.14
6	9	0.833	-1019.14
6	10	0.833	-1019.14
6	11	0.833	-1019.14
6	12	0.833	-1019.14
6	13	0.833	-1019.14
6	14	0.833	-1019.14
6	15	0.833	-1019.14
6	16	0.833	-1019.14
6	17	0.833	-1019.14
6	18	0.833	-1019.14
6	19	0.833	-1019.14
6	20	0.833	-1019.14
6	21	0.833	-1019.14
6	22	0.833	-1019.14
6	23	0.833	-1019.14
6	24	0.833	-1019.14
6	25	0.833	-1019.14
6	26	0.833	-1019.14
6	27	0.833	-1019.14
6	28	0.833	-1019.14
6	29	0.833	-1019.14
6	30	0.833	-1019.14
6	31	0.833	-1019.14
6	32	0.833	-1019.14
6	33	0.833	-1019.14
6	34	0.833	-1019.14
6	35	0.833	-1019.14
6	36	0.833	-1019.14
6	37	0.833	-1019.14
6	38	0.833	-1019.14
6	39	0.833	-1019.14
6	40	0.833	-1019.14
6	41	0.833	-1019.14
6	42	0.833	-1019.14
6	43	0.833	-1019.14
6	44	0.833	-1019.14
6	45	0.833	-1019.14
6	46	0.833	-1019.14
6	47	0.833	-1019.14
6	48	0.833	-1019.14
6	49	0.833	-1019.14
6	50	0.833	-1019.14
6	51	0.833	-1019.14
6	52	0.833	-1019.14
6	53	0.833	-1019.14
6	54	0.833	-1019.14
6	55	0.833	-1019.14
6	56	0.833	-1019.14
6	57	0.833	-1019.14
6	58	0.833	-1019.14
6	59	0.833	-1019.14
6	60	0.833	-1019.14
6	61	0.833	-1019.14
6	62	0.833	-1019.14
6	63	0.833	-1019.14
### SDC2-V1
#
7	0	0.833	-1023.11
7	1	0.833	-1023.11
7	2	0.833	-1023.11
7	3	0.833	-1023.11
7	4	0.833	-1023.11
7	5	0.833	-1023.11
7	6	0.833	-1023.11
7	7	0.833	-1023.11
7	8	0.833	-1023.11
7	9	0.833	-1023.11
7	10	0.833	-1023.11
7	11	0.833	-1023.11
7	12	0.833	-1023.11
7	13	0.833	-1023.11
7	14	0.833	-1023.11
7	15	0.833	-1023.11
7	16	0.833	-1023.11
7	17	0.833	-1023.11
7	18	0.833	-1023.11
7	19	0.833	-1023.11
7	20	0.833	-1023.11
7	21	0.833	-1023.11
7	22	0.833	-1023.11
7	23	0.833	-1023.11
7	24	0.833	-1023.11
7	25	0.833	-1023.11
7	26	0.833	-1023.11
7	27	0.833	-1023.11
7	28	0.833	-1023.11
7	29	0.833	-1023.11
7	30	0.833	-1023.11
7	31	0.833	-1023.11
7	32	0.833	-1023.11
7	33	0.833	-1023.11
7	34	0.833	-1023.11
7	35	0.833	-1023.11
7	36	0.833	-1023.11
7	37	0.833	-1023.11
7	38	0.833	-1023.11
7	39	0.833	-1023.11
7	40	0.833	-1023.11
7	41	0.833	-1023.11
7	42	0.833	-1023.11
7	43	0.833	-1023.11
### SDC2-V2
#
8	0	0.833	-1021.18
8	1	0.833	-1021.18
8	2	0.833	-1021.18
8	3	0.833	-1021.18
8	4	0.833	-1021.18
8	5	0.833	-1021.18
8	6	0.833	-1021.18
8	7	0.833	-1021.18
8	8	0.833	-1021.18
8	9	0.833	-1021.18
8	10	0.833	-1021.18
8	11	0.833	-1021.18
8	12	0.833	-1021.18
8	13	0.833	-1021.18
8	14	0.833	-1021.18
8	15	0.833	-1021.18
8	16	0.833	-1021.18
8	17	0.833	-1021.18
8	18	0.833	-1021.18
8	19	0.833	-1021.18
8	20	0.833	-1021.18
8	21	0.833	-1021.18
8	22	0.833	-1021.18
8	23	0.833	-1021.18
8	24	0.833	-1021.18
8	25	0.833	-1021.18
8	26	0.833	-1021.18
8	27	0.833	-1021.18
8	28	0.833	-1021.18
8	29	0.833	-1021.18
8	30	0.833	-1021.18
8	31	0.833	-1021.18
8	32	0.833	-1021.18
8	33	0.833	-1021.18
8	34	0.833	-1021.18
8	35	0.833	-1021.18
8	36	0.833	-1021.18
8	37	0.833	-1021.18
8	38	0.833	-1021.18
8	39	0.833	-1021.18
8	40	0.833	-1021.18
8	41	0.833	-1021.18
8	42	0.833	-1021.18
8	43	0.833	-1021.18
### SDC2-U1
#
9	0	0.833	-1022.34
9	1	0.833	-1022.34
9	2	0.833	-1022.34
9	3	0.833	-1022.34
9	4	0.833	-1022.34
9	5	0.833	-1022.34
9	6	0.833	-1022.34
9	7	0.833	-1022.34
9	8	0.833	-1022.34
9	9	0.833	-1022.34
9	10	0.833	-1022.34
9	11	0.833	-1022.34
9	12	0.833	-1022.34
9	13	0.833	-1022.34
9	14	0.833	-1022.34
9	15	0.833	-1022.34
9	16	0.833	-1022.34
9	17	0.833	-1022.34
9	18	0.833	-1022.34
9	19	0.833	-1022.34
9	20	0.833	-1022.34
9	21	0.833	-1022.34
9	22	0.833	-1022.34
9	23	0.833	-1022.34
9	24	0.833	-1022.34
9	25	0.833	-1022.34
9	26	0.833	-1022.34
9	27	0.833	-1022.34
9	28	0.833	-1022.34
9	29	0.833	-1022.34
9	30	0.833	-1022.34
9	31	0.833	-1022.34
9	32	0.833	-1022.34
9	33	0.833	-1022.34
9	34	0.833	-1022.34
9	35	0.833	-1022.34
9	36	0.833	-1022.34
9	37	0.833	-1022.34
9	38	0.833	-1022.34
9	39	0.833	-1022.34
9	40	0.833	-1022.34
9	41	0.833	-1022.34
9	42	0.833	-1022.34
9	43	0.833	-1022.34
### SDC2-U2
#
10	0	0.833	-1021.62
10	1	0.833	-1021.62
10	2	0.833	-1021.62
10	3	0.833	-1021.62
10	4	0.833	-1021.62
10	5	0.833	-1021.62
10	6	0.833	-1021.62
10	7	0.833	-1021.62
10	8	0.833	-1021.62
10	9	0.833	-1021.62
10	10	0.833	-1021.62
10	11	0.833	-1021.62
10	12	0.833	-1021.62
10	13	0.833	-1021.62
10	14	0.833	-1021.62
10	15	0.833	-1021.62
10	16	0.833	-1021.62
10	17	0.833	-1021.62
10	18	0.833	-1021.62
10	19	0.833	-1021.62
10	20	0.833	-1021.62
10	21	0.833	-1021.62
10	22	0.833	-1021.62
10	23	0.833	-1021.62
10	24	0.833	-1021.62
10	25	0.833	-1021.62
10	26	0.833	-1021.62
10	27	0.833	-1021.62
10	28	0.833	-1021.62
10	29	0.833	-1021.62
10	30	0.833	-1021.62
10	31	0.833	-1021.62
10	32	0.833	-1021.62
10	33	0.833	-1021.62
10	34	0.833	-1021.62
10	35	0.833	-1021.62
10	36	0.833	-1021.62
10	37	0.833	-1021.62
10	38	0.833	-1021.62
10	39	0.833	-1021.62
10	40	0.833	-1021.62
10	41	0.833	-1021.62
10	42	0.833	-1021.62
10	43	0.833	-1021.62
### SDC3-X1
#
31	0	0.833	-866.662
31	1	0.833	-866.662
31	2	0.833	-866.662
31	3	0.833	-866.662
31	4	0.833	-866.662
31	5	0.833	-866.662
31	6	0.833	-866.662
31	7	0.833	-866.662
31	8	0.833	-866.662
31	9	0.833	-866.662
31	10	0.833	-866.662
31	11	0.833	-866.662
31	12	0.833	-866.662
31	13	0.833	-866.662
31	14	0.833	-866.662
31	15	0.833	-866.662
31	16	0.833	-866.662
31	17	0.833	-866.662
31	18	0.833	-866.662
31	19	0.833	-866.662
31	20	0.833	-866.662
31	21	0.833	-866.662
31	22	0.833	-866.662
31	23	0.833	-866.662
31	24	0.833	-866.662
31	25	0.833	-866.662
31	26	0.833	-866.662
31	27	0.833	-866.662
31	28	0.833	-866.662
31	29	0.833	-866.662
31	30	0.833	-866.662
31	31	0.833	-866.662
31	32	0.833	-866.662
31	33	0.833	-866.662
31	34	0.833	-866.662
31	35	0.833	-866.662
31	36	0.833	-866.662
31	37	0.833	-866.662
31	38	0.833	-866.662
31	39	0.833	-866.662
31	40	0.833	-866.662
31	41	0.833	-866.662
31	42	0.833	-866.662
31	43	0.833	-866.662
31	44	0.833	-866.662
31	45	0.833	-866.662
31	46	0.833	-866.662
31	47	0.833	-866.662
31	48	0.833	-866.662
31	49	0.833	-866.662
31	50	0.833	-866.662
31	51	0.833	-866.662
31	52	0.833	-866.662
31	53	0.833	-866.662
31	54	0.833	-866.662
31	55	0.833	-866.662
31	56	0.833	-866.662
31	57	0.833	-866.662
31	58	0.833	-866.662
31	59	0.833	-866.662
31	60	0.833	-866.662
31	61	0.833	-866.662
31	62	0.833	-866.662
31	63	0.833	-866.662
31	64	0.833	-866.662
31	65	0.833	-866.662
31	66	0.833	-866.662
31	67	0.833	-866.662
31	68	0.833	-866.662
31	69	0.833	-866.662
31	70	0.833	-866.662
31	71	0.833	-866.662
31	72	0.833	-866.662
31	73	0.833	-866.662
31	74	0.833	-866.662
31	75	0.833	-866.662
31	76	0.833	-866.662
31	77	0.833	-866.662
31	78	0.833	-866.662
31	79	0.833	-866.662
31	80	0.833	-866.662
31	81	0.833	-866.662
31	82	0.833	-866.662
31	83	0.833	-866.662
31	84	0.833	-866.662
31	85	0.833	-866.662
31	86	0.833	-866.662
31	87	0.833	-866.662
31	88	0.833	-866.662
31	89	0.833	-866.662
31	90	0.833	-866.662
31	91	0.833	-866.662
31	92	0.833	-866.662
31	93	0.833	-866.662
31	94	0.833	-866.662
31	95	0.833	-866.662
31	96	0.833	-866.662
31	97	0.833	-866.662
31	98	0.833	-866.662
31	99	0.833	-866.662
31	100	0.833	-866.662
31	101	0.833	-866.662
31	102	0.833	-866.662
31	103	0.833	-866.662
31	104	0.833	-866.662
31	105	0.833	-866.662
31	106	0.833	-866.662
31	107	0.833	-866.662
31	108	0.833	-866.662
31	109	0.833	-866.662
31	110	0.833	-866.662
31	111	0.833	-866.662
31	112	0.833	-866.662
31	113	0.833	-866.662
31	114	0.833	-866.662
31	115	0.833	-866.662
31	116	0.833	-866.662
31	117	0.833	-866.662
31	118	0.833	-866.662
31	119	0.833	-866.662
31	120	0.833	-866.662
31	121	0.833	-866.662
31	122	0.833	-866.662
31	123	0.833	-866.662
31	124	0.833	-866.662
31	125	0.833	-866.662
31	126	0.833	-866.662
31	127	0.833	-866.662
### SDC3-X2
#
32	0	0.833	-865.474
32	1	0.833	-865.474
32	2	0.833	-865.474
32	3	0.833	-865.474
32	4	0.833	-865.474
32	5	0.833	-865.474
32	6	0.833	-865.474
32	7	0.833	-865.474
32	8	0.833	-865.474
32	9	0.833	-865.474
32	10	0.833	-865.474
32	11	0.833	-865.474
32	12	0.833	-865.474
32	13	0.833	-865.474
32	14	0.833	-865.474
32	15	0.833	-865.474
32	16	0.833	-865.474
32	17	0.833	-865.474
32	18	0.833	-865.474
32	19	0.833	-865.474
32	20	0.833	-865.474
32	21	0.833	-865.474
32	22	0.833	-865.474
32	23	0.833	-865.474
32	24	0.833	-865.474
32	25	0.833	-865.474
32	26	0.833	-865.474
32	27	0.833	-865.474
32	28	0.833	-865.474
32	29	0.833	-865.474
32	30	0.833	-865.474
32	31	0.833	-865.474
32	32	0.833	-865.474
32	33	0.833	-865.474
32	34	0.833	-865.474
32	35	0.833	-865.474
32	36	0.833	-865.474
32	37	0.833	-865.474
32	38	0.833	-865.474
32	39	0.833	-865.474
32	40	0.833	-865.474
32	41	0.833	-865.474
32	42	0.833	-865.474
32	43	0.833	-865.474
32	44	0.833	-865.474
32	45	0.833	-865.474
32	46	0.833	-865.474
32	47	0.833	-865.474
32	48	0.833	-865.474
32	49	0.833	-865.474
32	50	0.833	-865.474
32	51	0.833	-865.474
32	52	0.833	-865.474
32	53	0.833	-865.474
32	54	0.833	-865.474
32	55	0.833	-865.474
32	56	0.833	-865.474
32	57	0.833	-865.474
32	58	0.833	-865.474
32	59	0.833	-865.474
32	60	0.833	-865.474
32	61	0.833	-865.474
32	62	0.833	-865.474
32	63	0.833	-865.474
32	64	0.833	-865.474
32	65	0.833	-865.474
32	66	0.833	-865.474
32	67	0.833	-865.474
32	68	0.833	-865.474
32	69	0.833	-865.474
32	70	0.833	-865.474
32	71	0.833	-865.474
32	72	0.833	-865.474
32	73	0.833	-865.474
32	74	0.833	-865.474
32	75	0.833	-865.474
32	76	0.833	-865.474
32	77	0.833	-865.474
32	78	0.833	-865.474
32	79	0.833	-865.474
32	80	0.833	-865.474
32	81	0.833	-865.474
32	82	0.833	-865.474
32	83	0.833	-865.474
32	84	0.833	-865.474
32	85	0.833	-865.474
32	86	0.833	-865.474
32	87	0.833	-865.474
32	88	0.833	-865.474
32	89	0.833	-865.474
32	90	0.833	-865.474
32	91	0.833	-865.474
32	92	0.833	-865.474
32	93	0.833	-865.474
32	94	0.833	-865.474
32	95	0.833	-865.474
32	96	0.833	-865.474
32	97	0.833	-865.474
32	98	0.833	-865.474
32	99	0.833	-865.474
32	100	0.833	-865.474
32	101	0.833	-865.474
32	102	0.833	-865.474
32	103	0.833	-865.474
32	104	0.833	-865.474
32	105	0.833	-865.474
32	106	0.833	-865.474
32	107	0.833	-865.474
32	108	0.833	-865.474
32	109	0.833	-865.474
32	110	0.833	-865.474
32	111	0.833	-865.474
32	112	0.833	-865.474
32	113	0.833	-865.474
32	114	0.833	-865.474
32	115	0.833	-865.474
32	116	0.833	-865.474
32	117	0.833	-865.474
32	118	0.833	-865.474
32	119	0.833	-865.474
32	120	0.833	-865.474
32	121	0.833	-865.474
32	122	0.833	-865.474
32	123	0.833	-865.474
32	124	0.833	-865.474
32	125	0.833	-865.474
32	126	0.833	-865.474
32	127	0.833	-865.474
### SDC3-Y1
#
33	0	0.833	-867.662
33	1	0.833	-867.662
33	2	0.833	-867.662
33	3	0.833	-867.662
33	4	0.833	-867.662
33	5	0.833	-867.662
33	6	0.833	-867.662
33	7	0.833	-867.662
33	8	0.833	-867.662
33	9	0.833	-867.662
33	10	0.833	-867.662
33	11	0.833	-867.662
33	12	0.833	-867.662
33	13	0.833	-867.662
33	14	0.833	-867.662
33	15	0.833	-867.662
33	16	0.833	-867.662
33	17	0.833	-867.662
33	18	0.833	-867.662
33	19	0.833	-867.662
33	20	0.833	-867.662
33	21	0.833	-867.662
33	22	0.833	-867.662
33	23	0.833	-867.662
33	24	0.833	-867.662
33	25	0.833	-867.662
33	26	0.833	-867.662
33	27	0.833	-867.662
33	28	0.833	-867.662
33	29	0.833	-867.662
33	30	0.833	-867.662
33	31	0.833	-867.662
33	32	0.833	-867.662
33	33	0.833	-867.662
33	34	0.833	-867.662
33	35	0.833	-867.662
33	36	0.833	-867.662
33	37	0.833	-867.662
33	38	0.833	-867.662
33	39	0.833	-867.662
33	40	0.833	-867.662
33	41	0.833	-867.662
33	42	0.833	-867.662
33	43	0.833	-867.662
33	44	0.833	-867.662
33	45	0.833	-867.662
33	46	0.833	-867.662
33	47	0.833	-867.662
33	48	0.833	-867.662
33	49	0.833	-867.662
33	50	0.833	-867.662
33	51	0.833	-867.662
33	52	0.833	-867.662
33	53	0.833	-867.662
33	54	0.833	-867.662
33	55	0.833	-867.662
33	56	0.833	-867.662
33	57	0.833	-867.662
33	58	0.833	-867.662
33	59	0.833	-867.662
33	60	0.833	-867.662
33	61	0.833	-867.662
33	62	0.833	-867.662
33	63	0.833	-867.662
33	64	0.833	-867.662
33	65	0.833	-867.662
33	66	0.833	-867.662
33	67	0.833	-867.662
33	68	0.833	-867.662
33	69	0.833	-867.662
33	70	0.833	-867.662
33	71	0.833	-867.662
33	72	0.833	-867.662
33	73	0.833	-867.662
33	74	0.833	-867.662
33	75	0.833	-867.662
33	76	0.833	-867.662
33	77	0.833	-867.662
33	78	0.833	-867.662
33	79	0.833	-867.662
33	80	0.833	-867.662
33	81	0.833	-867.662
33	82	0.833	-867.662
33	83	0.833	-867.662
33	84	0.833	-867.662
33	85	0.833	-867.662
33	86	0.833	-867.662
33	87	0.833	-867.662
33	88	0.833	-867.662
33	89	0.833	-867.662
33	90	0.833	-867.662
33	91	0.833	-867.662
33	92	0.833	-867.662
33	93	0.833	-867.662
33	94	0.833	-867.662
33	95	0.833	-867.662
33	96	0.833	-867.662
33	97	0.833	-867.662
33	98	0.833	-867.662
33	99	0.833	-867.662
33	100	0.833	-867.662
33	101	0.833	-867.662
33	102	0.833	-867.662
33	103	0.833	-867.662
33	104	0.833	-867.662
33	105	0.833	-867.662
33	106	0.833	-867.662
33	107	0.833	-867.662
33	108	0.833	-867.662
33	109	0.833	-867.662
33	110	0.833	-867.662
33	111	0.833	-867.662
33	112	0.833	-867.662
33	113	0.833	-867.662
33	114	0.833	-867.662
33	115	0.833	-867.662
33	116	0.833	-867.662
33	117	0.833	-867.662
33	118	0.833	-867.662
33	119	0.833	-867.662
33	120	0.833	-867.662
33	121	0.833	-867.662
33	122	0.833	-867.662
33	123	0.833	-867.662
33	124	0.833	-867.662
33	125	0.833	-867.662
33	126	0.833	-867.662
33	127	0.833	-867.662
### SDC3-Y2
#
34	0	0.833	-867.664
34	1	0.833	-867.664
34	2	0.833	-867.664
34	3	0.833	-867.664
34	4	0.833	-867.664
34	5	0.833	-867.664
34	6	0.833	-867.664
34	7	0.833	-867.664
34	8	0.833	-867.664
34	9	0.833	-867.664
34	10	0.833	-867.664
34	11	0.833	-867.664
34	12	0.833	-867.664
34	13	0.833	-867.664
34	14	0.833	-867.664
34	15	0.833	-867.664
34	16	0.833	-867.664
34	17	0.833	-867.664
34	18	0.833	-867.664
34	19	0.833	-867.664
34	20	0.833	-867.664
34	21	0.833	-867.664
34	22	0.833	-867.664
34	23	0.833	-867.664
34	24	0.833	-867.664
34	25	0.833	-867.664
34	26	0.833	-867.664
34	27	0.833	-867.664
34	28	0.833	-867.664
34	29	0.833	-867.664
34	30	0.833	-867.664
34	31	0.833	-867.664
34	32	0.833	-867.664
34	33	0.833	-867.664
34	34	0.833	-867.664
34	35	0.833	-867.664
34	36	0.833	-867.664
34	37	0.833	-867.664
34	38	0.833	-867.664
34	39	0.833	-867.664
34	40	0.833	-867.664
34	41	0.833	-867.664
34	42	0.833	-867.664
34	43	0.833	-867.664
34	44	0.833	-867.664
34	45	0.833	-867.664
34	46	0.833	-867.664
34	47	0.833	-867.664
34	48	0.833	-867.664
34	49	0.833	-867.664
34	50	0.833	-867.664
34	51	0.833	-867.664
34	52	0.833	-867.664
34	53	0.833	-867.664
34	54	0.833	-867.664
34	55	0.833	-867.664
34	56	0.833	-867.664
34	57	0.833	-867.664
34	58	0.833	-867.664
34	59	0.833	-867.664
34	60	0.833	-867.664
34	61	0.833	-867.664
34	62	0.833	-867.664
34	63	0.833	-867.664
34	64	0.833	-867.664
34	65	0.833	-867.664
34	66	0.833	-867.664
34	67	0.833	-867.664
34	68	0.833	-867.664
34	69	0.833	-867.664
34	70	0.833	-867.664
34	71	0.833	-867.664
34	72	0.833	-867.664
34	73	0.833	-867.664
34	74	0.833	-867.664
34	75	0.833	-867.664
34	76	0.833	-867.664
34	77	0.833	-867.664
34	78	0.833	-867.664
34	79	0.833	-867.664
34	80	0.833	-867.664
34	81	0.833	-867.664
34	82	0.833	-867.664
34	83	0.833	-867.664
34	84	0.833	-867.664
34	85	0.833	-867.664
34	86	0.833	-867.664
34	87	0.833	-867.664
34	88	0.833	-867.664
34	89	0.833	-867.664
34	90	0.833	-867.664
34	91	0.833	-867.664
34	92	0.833	-867.664
34	93	0.833	-867.664
34	94	0.833	-867.664
34	95	0.833	-867.664
34	96	0.833	-867.664
34	97	0.833	-867.664
34	98	0.833	-867.664
34	99	0.833	-867.664
34	100	0.833	-867.664
34	101	0.833	-867.664
34	102	0.833	-867.664
34	103	0.833	-867.664
34	104	0.833	-867.664
34	105	0.833	-867.664
34	106	0.833	-867.664
34	107	0.833	-867.664
34	108	0.833	-867.664
34	109	0.833	-867.664
34	110	0.833	-867.664
34	111	0.833	-867.664
34	112	0.833	-867.664
34	113	0.833	-867.664
34	114	0.833	-867.664
34	115	0.833	-867.664
34	116	0.833	-867.664
34	117	0.833	-867.664
34	118	0.833	-867.664
34	119	0.833	-867.664
34	120	0.833	-867.664
34	121	0.833	-867.664
34	122	0.833	-867.664
34	123	0.833	-867.664
34	124	0.833	-867.664
34	125	0.833	-867.664
34	126	0.833	-867.664
34	127	0.833	-867.664
### SDC4-Y1
#
35	0	0.833	-863.706
35	1	0.833	-863.706
35	2	0.833	-863.706
35	3	0.833	-863.706
35	4	0.833	-863.706
35	5	0.833	-863.706
35	6	0.833	-863.706
35	7	0.833	-863.706
35	8	0.833	-863.706
35	9	0.833	-863.706
35	10	0.833	-863.706
35	11	0.833	-863.706
35	12	0.833	-863.706
35	13	0.833	-863.706
35	14	0.833	-863.706
35	15	0.833	-863.706
35	16	0.833	-863.706
35	17	0.833	-863.706
35	18	0.833	-863.706
35	19	0.833	-863.706
35	20	0.833	-863.706
35	21	0.833	-863.706
35	22	0.833	-863.706
35	23	0.833	-863.706
35	24	0.833	-863.706
35	25	0.833	-863.706
35	26	0.833	-863.706
35	27	0.833	-863.706
35	28	0.833	-863.706
35	29	0.833	-863.706
35	30	0.833	-863.706
35	31	0.833	-863.706
35	32	0.833	-863.706
35	33	0.833	-863.706
35	34	0.833	-863.706
35	35	0.833	-863.706
35	36	0.833	-863.706
35	37	0.833	-863.706
35	38	0.833	-863.706
35	39	0.833	-863.706
35	40	0.833	-863.706
35	41	0.833	-863.706
35	42	0.833	-863.706
35	43	0.833	-863.706
35	44	0.833	-863.706
35	45	0.833	-863.706
35	46	0.833	-863.706
35	47	0.833	-863.706
35	48	0.833	-863.706
35	49	0.833	-863.706
35	50	0.833	-863.706
35	51	0.833	-863.706
35	52	0.833	-863.706
35	53	0.833	-863.706
35	54	0.833	-863.706
35	55	0.833	-863.706
35	56	0.833	-863.706
35	57	0.833	-863.706
35	58	0.833	-863.706
35	59	0.833	-863.706
35	60	0.833	-863.706
35	61	0.833	-863.706
35	62	0.833	-863.706
35	63	0.833	-863.706
35	64	0.833	-863.706
35	65	0.833	-863.706
35	66	0.833	-863.706
35	67	0.833	-863.706
35	68	0.833	-863.706
35	69	0.833	-863.706
35	70	0.833	-863.706
35	71	0.833	-863.706
35	72	0.833	-863.706
35	73	0.833	-863.706
35	74	0.833	-863.706
35	75	0.833	-863.706
35	76	0.833	-863.706
35	77	0.833	-863.706
35	78	0.833	-863.706
35	79	0.833	-863.706
35	80	0.833	-863.706
35	81	0.833	-863.706
35	82	0.833	-863.706
35	83	0.833	-863.706
35	84	0.833	-863.706
35	85	0.833	-863.706
35	86	0.833	-863.706
35	87	0.833	-863.706
35	88	0.833	-863.706
35	89	0.833	-863.706
35	90	0.833	-863.706
35	91	0.833	-863.706
35	92	0.833	-863.706
35	93	0.833	-863.706
35	94	0.833	-863.706
35	95	0.833	-863.706
35	96	0.833	-863.706
35	97	0.833	-863.706
35	98	0.833	-863.706
35	99	0.833	-863.706
35	100	0.833	-863.706
35	101	0.833	-863.706
35	102	0.833	-863.706
35	103	0.833	-863.706
35	104	0.833	-863.706
35	105	0.833	-863.706
35	106	0.833	-863.706
35	107	0.833	-863.706
35	108	0.833	-863.706
35	109	0.833	-863.706
35	110	0.833	-863.706
35	111	0.833	-863.706
35	112	0.833	-863.706
35	113	0.833	-863.706
35	114	0.833	-863.706
35	115	0.833	-863.706
35	116	0.833	-863.706
35	117	0.833	-863.706
35	118	0.833	-863.706
35	119	0.833	-863.706
35	120	0.833	-863.706
35	121	0.833	-863.706
35	122	0.833	-863.706
35	123	0.833	-863.706
35	124	0.833	-863.706
35	125	0.833	-863.706
35	126	0.833	-863.706
35	127	0.833	-863.706
### SDC4-Y2
#
36	0	0.833	-864.171
36	1	0.833	-864.171
36	2	0.833	-864.171
36	3	0.833	-864.171
36	4	0.833	-864.171
36	5	0.833	-864.171
36	6	0.833	-864.171
36	7	0.833	-864.171
36	8	0.833	-864.171
36	9	0.833	-864.171
36	10	0.833	-864.171
36	11	0.833	-864.171
36	12	0.833	-864.171
36	13	0.833	-864.171
36	14	0.833	-864.171
36	15	0.833	-864.171
36	16	0.833	-864.171
36	17	0.833	-864.171
36	18	0.833	-864.171
36	19	0.833	-864.171
36	20	0.833	-864.171
36	21	0.833	-864.171
36	22	0.833	-864.171
36	23	0.833	-864.171
36	24	0.833	-864.171
36	25	0.833	-864.171
36	26	0.833	-864.171
36	27	0.833	-864.171
36	28	0.833	-864.171
36	29	0.833	-864.171
36	30	0.833	-864.171
36	31	0.833	-864.171
36	32	0.833	-864.171
36	33	0.833	-864.171
36	34	0.833	-864.171
36	35	0.833	-864.171
36	36	0.833	-864.171
36	37	0.833	-864.171
36	38	0.833	-864.171
36	39	0.833	-864.171
36	40	0.833	-864.171
36	41	0.833	-864.171
36	42	0.833	-864.171
36	43	0.833	-864.171
36	44	0.833	-864.171
36	45	0.833	-864.171
36	46	0.833	-864.171
36	47	0.833	-864.171
36	48	0.833	-864.171
36	49	0.833	-864.171
36	50	0.833	-864.171
36	51	0.833	-864.171
36	52	0.833	-864.171
36	53	0.833	-864.171
36	54	0.833	-864.171
36	55	0.833	-864.171
36	56	0.833	-864.171
36	57	0.833	-864.171
36	58	0.833	-864.171
36	59	0.833	-864.171
36	60	0.833	-864.171
36	61	0.833	-864.171
36	62	0.833	-864.171
36	63	0.833	-864.171
36	64	0.833	-864.171
36	65	0.833	-864.171
36	66	0.833	-864.171
36	67	0.833	-864.171
36	68	0.833	-864.171
36	69	0.833	-864.171
36	70	0.833	-864.171
36	71	0.833	-864.171
36	72	0.833	-864.171
36	73	0.833	-864.171
36	74	0.833	-864.171
36	75	0.833	-864.171
36	76	0.833	-864.171
36	77	0.833	-864.171
36	78	0.833	-864.171
36	79	0.833	-864.171
36	80	0.833	-864.171
36	81	0.833	-864.171
36	82	0.833	-864.171
36	83	0.833	-864.171
36	84	0.833	-864.171
36	85	0.833	-864.171
36	86	0.833	-864.171
36	87	0.833	-864.171
36	88	0.833	-864.171
36	89	0.833	-864.171
36	90	0.833	-864.171
36	91	0.833	-864.171
36	92	0.833	-864.171
36	93	0.833	-864.171
36	94	0.833	-864.171
36	95	0.833	-864.171
36	96	0.833	-864.171
36	97	0.833	-864.171
36	98	0.833	-864.171
36	99	0.833	-864.171
36	100	0.833	-864.171
36	101	0.833	-864.171
36	102	0.833	-864.171
36	103	0.833	-864.171
36	104	0.833	-864.171
36	105	0.833	-864.171
36	106	0.833	-864.171
36	107	0.833	-864.171
36	108	0.833	-864.171
36	109	0.833	-864.171
36	110	0.833	-864.171
36	111	0.833	-864.171
36	112	0.833	-864.171
36	113	0.833	-864.171
36	114	0.833	-864.171
36	115	0.833	-864.171
36	116	0.833	-864.171
36	117	0.833	-864.171
36	118	0.833	-864.171
36	119	0.833	-864.171
36	120	0.833	-864.171
36	121	0.833	-864.171
36	122	0.833	-864.171
36	123	0.833	-864.171
36	124	0.833	-864.171
36	125	0.833	-864.171
36	126	0.833	-864.171
36	127	0.833	-864.171
### SDC4-X1
#
37	0	0.833	-861.623
37	1	0.833	-861.623
37	2	0.833	-861.623
37	3	0.833	-861.623
37	4	0.833	-861.623
37	5	0.833	-861.623
37	6	0.833	-861.623
37	7	0.833	-861.623
37	8	0.833	-861.623
37	9	0.833	-861.623
37	10	0.833	-861.623
37	11	0.833	-861.623
37	12	0.833	-861.623
37	13	0.833	-861.623
37	14	0.833	-861.623
37	15	0.833	-861.623
37	16	0.833	-861.623
37	17	0.833	-861.623
37	18	0.833	-861.623
37	19	0.833	-861.623
37	20	0.833	-861.623
37	21	0.833	-861.623
37	22	0.833	-861.623
37	23	0.833	-861.623
37	24	0.833	-861.623
37	25	0.833	-861.623
37	26	0.833	-861.623
37	27	0.833	-861.623
37	28	0.833	-861.623
37	29	0.833	-861.623
37	30	0.833	-861.623
37	31	0.833	-861.623
37	32	0.833	-861.623
37	33	0.833	-861.623
37	34	0.833	-861.623
37	35	0.833	-861.623
37	36	0.833	-861.623
37	37	0.833	-861.623
37	38	0.833	-861.623
37	39	0.833	-861.623
37	40	0.833	-861.623
37	41	0.833	-861.623
37	42	0.833	-861.623
37	43	0.833	-861.623
37	44	0.833	-861.623
37	45	0.833	-861.623
37	46	0.833	-861.623
37	47	0.833	-861.623
37	48	0.833	-861.623
37	49	0.833	-861.623
37	50	0.833	-861.623
37	51	0.833	-861.623
37	52	0.833	-861.623
37	53	0.833	-861.623
37	54	0.833	-861.623
37	55	0.833	-861.623
37	56	0.833	-861.623
37	57	0.833	-861.623
37	58	0.833	-861.623
37	59	0.833	-861.623
37	60	0.833	-861.623
37	61	0.833	-861.623
37	62	0.833	-861.623
37	63	0.833	-861.623
37	64	0.833	-861.623
37	65	0.833	-861.623
37	66	0.833	-861.623
37	67	0.833	-861.623
37	68	0.833	-861.623
37	69	0.833	-861.623
37	70	0.833	-861.623
37	71	0.833	-861.623
37	72	0.833	-861.623
37	73	0.833	-861.623
37	74	0.833	-861.623
37	75	0.833	-861.623
37	76	0.833	-861.623
37	77	0.833	-861.623
37	78	0.833	-861.623
37	79	0.833	-861.623
37	80	0.833	-861.623
37	81	0.833	-861.623
37	82	0.833	-861.623
37	83	0.833	-861.623
37	84	0.833	-861.623
37	85	0.833	-861.623
37	86	0.833	-861.623
37	87	0.833	-861.623
37	88	0.833	-861.623
37	89	0.833	-861.623
37	90	0.833	-861.623
37	91	0.833	-861.623
37	92	0.833	-861.623
37	93	0.833	-861.623
37	94	0.833	-861.623
37	95	0.833	-861.623
37	96	0.833	-861.623
37	97	0.833	-861.623
37	98	0.833	-861.623
37	99	0.833	-861.623
37	100	0.833	-861.623
37	101	0.833	-861.623
37	102	0.833	-861.623
37	103	0.833	-861.623
37	104	0.833	-861.623
37	105	0.833	-861.623
37	106	0.833	-861.623
37	107	0.833	-861.623
37	108	0.833	-861.623
37	109	0.833	-861.623
37	110	0.833	-861.623
37	111	0.833	-861.623
37	112	0.833	-861.623
37	113	0.833	-861.623
37	114	0.833	-861.623
37	115	0.833	-861.623
37	116	0.833	-861.623
37	117	0.833	-861.623
37	118	0.833	-861.623
37	119	0.833	-861.623
37	120	0.833	-861.623
37	121	0.833	-861.623
37	122	0.833	-861.623
37	123	0.833	-861.623
37	124	0.833	-861.623
37	125	0.833	-861.623
37	126	0.833	-861.623
37	127	0.833	-861.623
### SDC4-X2
#
38	0	0.833	-861.012
38	1	0.833	-861.012
38	2	0.833	-861.012
38	3	0.833	-861.012
38	4	0.833	-861.012
38	5	0.833	-861.012
38	6	0.833	-861.012
38	7	0.833	-861.012
38	8	0.833	-861.012
38	9	0.833	-861.012
38	10	0.833	-861.012
38	11	0.833	-861.012
38	12	0.833	-861.012
38	13	0.833	-861.012
38	14	0.833	-861.012
38	15	0.833	-861.012
38	16	0.833	-861.012
38	17	0.833	-861.012
38	18	0.833	-861.012
38	19	0.833	-861.012
38	20	0.833	-861.012
38	21	0.833	-861.012
38	22	0.833	-861.012
38	23	0.833	-861.012
38	24	0.833	-861.012
38	25	0.833	-861.012
38	26	0.833	-861.012
38	27	0.833	-861.012
38	28	0.833	-861.012
38	29	0.833	-861.012
38	30	0.833	-861.012
38	31	0.833	-861.012
38	32	0.833	-861.012
38	33	0.833	-861.012
38	34	0.833	-861.012
38	35	0.833	-861.012
38	36	0.833	-861.012
38	37	0.833	-861.012
38	38	0.833	-861.012
38	39	0.833	-861.012
38	40	0.833	-861.012
38	41	0.833	-861.012
38	42	0.833	-861.012
38	43	0.833	-861.012
38	44	0.833	-861.012
38	45	0.833	-861.012
38	46	0.833	-861.012
38	47	0.833	-861.012
38	48	0.833	-861.012
38	49	0.833	-861.012
38	50	0.833	-861.012
38	51	0.833	-861.012
38	52	0.833	-861.012
38	53	0.833	-861.012
38	54	0.833	-861.012
38	55	0.833	-861.012
38	56	0.833	-861.012
38	57	0.833	-861.012
38	58	0.833	-861.012
38	59	0.833	-861.012
38	60	0.833	-861.012
38	61	0.833	-861.012
38	62	0.833	-861.012
38	63	0.833	-861.012
38	64	0.833	-861.012
38	65	0.833	-861.012
38	66	0.833	-861.012
38	67	0.833	-861.012
38	68	0.833	-861.012
38	69	0.833	-861.012
38	70	0.833	-861.012
38	71	0.833	-861.012
38	72	0.833	-861.012
38	73	0.833	-861.012
38	74	0.833	-861.012
38	75	0.833	-861.012
38	76	0.833	-861.012
38	77	0.833	-861.012
38	78	0.833	-861.012
38	79	0.833	-861.012
38	80	0.833	-861.012
38	81	0.833	-861.012
38	82	0.833	-861.012
38	83	0.833	-861.012
38	84	0.833	-861.012
38	85	0.833	-861.012
38	86	0.833	-861.012
38	87	0.833	-861.012
38	88	0.833	-861.012
38	89	0.833	-861.012
38	90	0.833	-861.012
38	91	0.833	-861.012
38	92	0.833	-861.012
38	93	0.833	-861.012
38	94	0.833	-861.012
38	95	0.833	-861.012
38	96	0.833	-861.012
38	97	0.833	-861.012
38	98	0.833	-861.012
38	99	0.833	-861.012
38	100	0.833	-861.012
38	101	0.833	-861.012
38	102	0.833	-861.012
38	103	0.833	-861.012
38	104	0.833	-861.012
38	105	0.833	-861.012
38	106	0.833	-861.012
38	107	0.833	-861.012
38	108	0.833	-861.012
38	109	0.833	-861.012
38	110	0.833	-861.012
38	111	0.833	-861.012
38	112	0.833	-861.012
38	113	0.833	-861.012
38	114	0.833	-861.012
38	115	0.833	-861.012
38	116	0.833	-861.012
38	117	0.833	-861.012
38	118	0.833	-861.012
38	119	0.833	-861.012
38	120	0.833	-861.012
38	121	0.833	-861.012
38	122	0.833	-861.012
38	123	0.833	-861.012
38	124	0.833	-861.012
38	125	0.833	-861.012
38	126	0.833	-861.012
38	127	0.833	-861.012
### SDC5-Y1
#
39	0	0.833	-861.449
39	1	0.833	-861.449
39	2	0.833	-861.449
39	3	0.833	-861.449
39	4	0.833	-861.449
39	5	0.833	-861.449
39	6	0.833	-861.449
39	7	0.833	-861.449
39	8	0.833	-861.449
39	9	0.833	-861.449
39	10	0.833	-861.449
39	11	0.833	-861.449
39	12	0.833	-861.449
39	13	0.833	-861.449
39	14	0.833	-861.449
39	15	0.833	-861.449
39	16	0.833	-861.449
39	17	0.833	-861.449
39	18	0.833	-861.449
39	19	0.833	-861.449
39	20	0.833	-861.449
39	21	0.833	-861.449
39	22	0.833	-861.449
39	23	0.833	-861.449
39	24	0.833	-861.449
39	25	0.833	-861.449
39	26	0.833	-861.449
39	27	0.833	-861.449
39	28	0.833	-861.449
39	29	0.833	-861.449
39	30	0.833	-861.449
39	31	0.833	-861.449
39	32	0.833	-861.449
39	33	0.833	-861.449
39	34	0.833	-861.449
39	35	0.833	-861.449
39	36	0.833	-861.449
39	37	0.833	-861.449
39	38	0.833	-861.449
39	39	0.833	-861.449
39	40	0.833	-861.449
39	41	0.833	-861.449
39	42	0.833	-861.449
39	43	0.833	-861.449
39	44	0.833	-861.449
39	45	0.833	-861.449
39	46	0.833	-861.449
39	47	0.833	-861.449
39	48	0.833	-861.449
39	49	0.833	-861.449
39	50	0.833	-861.449
39	51	0.833	-861.449
39	52	0.833	-861.449
39	53	0.833	-861.449
39	54	0.833	-861.449
39	55	0.833	-861.449
39	56	0.833	-861.449
39	57	0.833	-861.449
39	58	0.833	-861.449
39	59	0.833	-861.449
39	60	0.833	-861.449
39	61	0.833	-861.449
39	62	0.833	-861.449
39	63	0.833	-861.449
39	64	0.833	-861.449
39	65	0.833	-861.449
39	66	0.833	-861.449
39	67	0.833	-861.449
39	68	0.833	-861.449
39	69	0.833	-861.449
39	70	0.833	-861.449
39	71	0.833	-861.449
39	72	0.833	-861.449
39	73	0.833	-861.449
39	74	0.833	-861.449
39	75	0.833	-861.449
39	76	0.833	-861.449
39	77	0.833	-861.449
39	78	0.833	-861.449
39	79	0.833	-861.449
39	80	0.833	-861.449
39	81	0.833	-861.449
39	82	0.833	-861.449
39	83	0.833	-861.449
39	84	0.833	-861.449
39	85	0.833	-861.449
39	86	0.833	-861.449
39	87	0.833	-861.449
39	88	0.833	-861.449
39	89	0.833	-861.449
39	90	0.833	-861.449
39	91	0.833	-861.449
39	92	0.833	-861.449
39	93	0.833	-861.449
39	94	0.833	-861.449
39	95	0.833	-861.449
### SDC5-Y2
#
40	0	0.833	-860.442
40	1	0.833	-860.442
40	2	0.833	-860.442
40	3	0.833	-860.442
40	4	0.833	-860.442
40	5	0.833	-860.442
40	6	0.833	-860.442
40	7	0.833	-860.442
40	8	0.833	-860.442
40	9	0.833	-860.442
40	10	0.833	-860.442
40	11	0.833	-860.442
40	12	0.833	-860.442
40	13	0.833	-860.442
40	14	0.833	-860.442
40	15	0.833	-860.442
40	16	0.833	-860.442
40	17	0.833	-860.442
40	18	0.833	-860.442
40	19	0.833	-860.442
40	20	0.833	-860.442
40	21	0.833	-860.442
40	22	0.833	-860.442
40	23	0.833	-860.442
40	24	0.833	-860.442
40	25	0.833	-860.442
40	26	0.833	-860.442
40	27	0.833	-860.442
40	28	0.833	-860.442
40	29	0.833	-860.442
40	30	0.833	-860.442
40	31	0.833	-860.442
40	32	0.833	-860.442
40	33	0.833	-860.442
40	34	0.833	-860.442
40	35	0.833	-860.442
40	36	0.833	-860.442
40	37	0.833	-860.442
40	38	0.833	-860.442
40	39	0.833	-860.442
40	40	0.833	-860.442
40	41	0.833	-860.442
40	42	0.833	-860.442
40	43	0.833	-860.442
40	44	0.833	-860.442
40	45	0.833	-860.442
40	46	0.833	-860.442
40	47	0.833	-860.442
40	48	0.833	-860.442
40	49	0.833	-860.442
40	50	0.833	-860.442
40	51	0.833	-860.442
40	52	0.833	-860.442
40	53	0.833	-860.442
40	54	0.833	-860.442
40	55	0.833	-860.442
40	56	0.833	-860.442
40	57	0.833	-860.442
40	58	0.833	-860.442
40	59	0.833	-860.442
40	60	0.833	-860.442
40	61	0.833	-860.442
40	62	0.833	-860.442
40	63	0.833	-860.442
40	64	0.833	-860.442
40	65	0.833	-860.442
40	66	0.833	-860.442
40	67	0.833	-860.442
40	68	0.833	-860.442
40	69	0.833	-860.442
40	70	0.833	-860.442
40	71	0.833	-860.442
40	72	0.833	-860.442
40	73	0.833	-860.442
40	74	0.833	-860.442
40	75	0.833	-860.442
40	76	0.833	-860.442
40	77	0.833	-860.442
40	78	0.833	-860.442
40	79	0.833	-860.442
40	80	0.833	-860.442
40	81	0.833	-860.442
40	82	0.833	-860.442
40	83	0.833	-860.442
40	84	0.833	-860.442
40	85	0.833	-860.442
40	86	0.833	-860.442
40	87	0.833	-860.442
40	88	0.833	-860.442
40	89	0.833	-860.442
40	90	0.833	-860.442
40	91	0.833	-860.442
40	92	0.833	-860.442
40	93	0.833	-860.442
40	94	0.833	-860.442
40	95	0.833	-860.442
### SDC5-X1
#
41	0	0.833	-861.324
41	1	0.833	-861.324
41	2	0.833	-861.324
41	3	0.833	-861.324
41	4	0.833	-861.324
41	5	0.833	-861.324
41	6	0.833	-861.324
41	7	0.833	-861.324
41	8	0.833	-861.324
41	9	0.833	-861.324
41	10	0.833	-861.324
41	11	0.833	-861.324
41	12	0.833	-861.324
41	13	0.833	-861.324
41	14	0.833	-861.324
41	15	0.833	-861.324
41	16	0.833	-861.324
41	17	0.833	-861.324
41	18	0.833	-861.324
41	19	0.833	-861.324
41	20	0.833	-861.324
41	21	0.833	-861.324
41	22	0.833	-861.324
41	23	0.833	-861.324
41	24	0.833	-861.324
41	25	0.833	-861.324
41	26	0.833	-861.324
41	27	0.833	-861.324
41	28	0.833	-861.324
41	29	0.833	-861.324
41	30	0.833	-861.324
41	31	0.833	-861.324
41	32	0.833	-861.324
41	33	0.833	-861.324
41	34	0.833	-861.324
41	35	0.833	-861.324
41	36	0.833	-861.324
41	37	0.833	-861.324
41	38	0.833	-861.324
41	39	0.833	-861.324
41	40	0.833	-861.324
41	41	0.833	-861.324
41	42	0.833	-861.324
41	43	0.833	-861.324
41	44	0.833	-861.324
41	45	0.833	-861.324
41	46	0.833	-861.324
41	47	0.833	-861.324
41	48	0.833	-861.324
41	49	0.833	-861.324
41	50	0.833	-861.324
41	51	0.833	-861.324
41	52	0.833	-861.324
41	53	0.833	-861.324
41	54	0.833	-861.324
41	55	0.833	-861.324
41	56	0.833	-861.324
41	57	0.833	-861.324
41	58	0.833	-861.324
41	59	0.833	-861.324
41	60	0.833	-861.324
41	61	0.833	-861.324
41	62	0.833	-861.324
41	63	0.833	-861.324
41	64	0.833	-861.324
41	65	0.833	-861.324
41	66	0.833	-861.324
41	67	0.833	-861.324
41	68	0.833	-861.324
41	69	0.833	-861.324
41	70	0.833	-861.324
41	71	0.833	-861.324
41	72	0.833	-861.324
41	73	0.833	-861.324
41	74	0.833	-861.324
41	75	0.833	-861.324
41	76	0.833	-861.324
41	77	0.833	-861.324
41	78	0.833	-861.324
41	79	0.833	-861.324
41	80	0.833	-861.324
41	81	0.833	-861.324
41	82	0.833	-861.324
41	83	0.833	-861.324
41	84	0.833	-861.324
41	85	0.833	-861.324
41	86	0.833	-861.324
41	87	0.833	-861.324
41	88	0.833	-861.324
41	89	0.833	-861.324
41	90	0.833	-861.324
41	91	0.833	-861.324
41	92	0.833	-861.324
41	93	0.833	-861.324
41	94	0.833	-861.324
41	95	0.833	-861.324
41	96	0.833	-861.324
41	97	0.833	-861.324
41	98	0.833	-861.324
41	99	0.833	-861.324
41	100	0.833	-861.324
41	101	0.833	-861.324
41	102	0.833	-861.324
41	103	0.833	-861.324
41	104	0.833	-861.324
41	105	0.833	-861.324
41	106	0.833	-861.324
41	107	0.833	-861.324
41	108	0.833	-861.324
41	109	0.833	-861.324
41	110	0.833	-861.324
41	111	0.833	-861.324
41	112	0.833	-861.324
41	113	0.833	-861.324
41	114	0.833	-861.324
41	115	0.833	-861.324
41	116	0.833	-861.324
41	117	0.833	-861.324
41	118	0.833	-861.324
41	119	0.833	-861.324
41	120	0.833	-861.324
41	121	0.833	-861.324
41	122	0.833	-861.324
41	123	0.833	-861.324
41	124	0.833	-861.324
41	125	0.833	-861.324
41	126	0.833	-861.324
41	127	0.833	-861.324
### SDC5-X2
#
42	0	0.833	-861.889
42	1	0.833	-861.889
42	2	0.833	-861.889
42	3	0.833	-861.889
42	4	0.833	-861.889
42	5	0.833	-861.889
42	6	0.833	-861.889
42	7	0.833	-861.889
42	8	0.833	-861.889
42	9	0.833	-861.889
42	10	0.833	-861.889
42	11	0.833	-861.889
42	12	0.833	-861.889
42	13	0.833	-861.889
42	14	0.833	-861.889
42	15	0.833	-861.889
42	16	0.833	-861.889
42	17	0.833	-861.889
42	18	0.833	-861.889
42	19	0.833	-861.889
42	20	0.833	-861.889
42	21	0.833	-861.889
42	22	0.833	-861.889
42	23	0.833	-861.889
42	24	0.833	-861.889
42	25	0.833	-861.889
42	26	0.833	-861.889
42	27	0.833	-861.889
42	28	0.833	-861.889
42	29	0.833	-861.889
42	30	0.833	-861.889
42	31	0.833	-861.889
42	32	0.833	-861.889
42	33	0.833	-861.889
42	34	0.833	-861.889
42	35	0.833	-861.889
42	36	0.833	-861.889
42	37	0.833	-861.889
42	38	0.833	-861.889
42	39	0.833	-861.889
42	40	0.833	-861.889
42	41	0.833	-861.889
42	42	0.833	-861.889
42	43	0.833	-861.889
42	44	0.833	-861.889
42	45	0.833	-861.889
42	46	0.833	-861.889
42	47	0.833	-861.889
42	48	0.833	-861.889
42	49	0.833	-861.889
42	50	0.833	-861.889
42	51	0.833	-861.889
42	52	0.833	-861.889
42	53	0.833	-861.889
42	54	0.833	-861.889
42	55	0.833	-861.889
42	56	0.833	-861.889
42	57	0.833	-861.889
42	58	0.833	-861.889
42	59	0.833	-861.889
42	60	0.833	-861.889
42	61	0.833	-861.889
42	62	0.833	-861.889
42	63	0.833	-861.889
42	64	0.833	-861.889
42	65	0.833	-861.889
42	66	0.833	-861.889
42	67	0.833	-861.889
42	68	0.833	-861.889
42	69	0.833	-861.889
42	70	0.833	-861.889
42	71	0.833	-861.889
42	72	0.833	-861.889
42	73	0.833	-861.889
42	74	0.833	-861.889
42	75	0.833	-861.889
42	76	0.833	-861.889
42	77	0.833	-861.889
42	78	0.833	-861.889
42	79	0.833	-861.889
42	80	0.833	-861.889
42	81	0.833	-861.889
42	82	0.833	-861.889
42	83	0.833	-861.889
42	84	0.833	-861.889
42	85	0.833	-861.889
42	86	0.833	-861.889
42	87	0.833	-861.889
42	88	0.833	-861.889
42	89	0.833	-861.889
42	90	0.833	-861.889
42	91	0.833	-861.889
42	92	0.833	-861.889
42	93	0.833	-861.889
42	94	0.833	-861.889
42	95	0.833	-861.889
42	96	0.833	-861.889
42	97	0.833	-861.889
42	98	0.833	-861.889
42	99	0.833	-861.889
42	100	0.833	-861.889
42	101	0.833	-861.889
42	102	0.833	-861.889
42	103	0.833	-861.889
42	104	0.833	-861.889
42	105	0.833	-861.889
42	106	0.833	-861.889
42	107	0.833	-861.889
42	108	0.833	-861.889
42	109	0.833	-861.889
42	110	0.833	-861.889
42	111	0.833	-861.889
42	112	0.833	-861.889
42	113	0.833	-861.889
42	114	0.833	-861.889
42	115	0.833	-861.889
42	116	0.833	-861.889
42	117	0.833	-861.889
42	118	0.833	-861.889
42	119	0.833	-861.889
42	120	0.833	-861.889
42	121	0.833	-861.889
42	122	0.833	-861.889
42	123	0.833	-861.889
42	124	0.833	-861.889
42	125	0.833	-861.889
42	126	0.833	-861.889
42	127	0.833	-861.889
