##
#  file: DCTdcCalib_e70_20230526
#  date: 2021-05-26
#  note: first version
#        Changed WireId to 0-based
#
#
#######################################################################
# Id	WireId	p1	p0
#
### BC3-X1
#
113	0	0.833	-1031.81
113	1	0.833	-1031.81
113	2	0.833	-1031.81
113	3	0.833	-1031.81
113	4	0.833	-1031.81
113	5	0.833	-1031.81
113	6	0.833	-1031.81
113	7	0.833	-1031.81
113	8	0.833	-1031.81
113	9	0.833	-1031.81
113	10	0.833	-1031.81
113	11	0.833	-1031.81
113	12	0.833	-1031.81
113	13	0.833	-1031.81
113	14	0.833	-1031.81
113	15	0.833	-1031.81
113	16	0.833	-1031.81
113	17	0.833	-1031.81
113	18	0.833	-1031.81
113	19	0.833	-1031.81
113	20	0.833	-1031.81
113	21	0.833	-1031.81
113	22	0.833	-1031.81
113	23	0.833	-1031.81
113	24	0.833	-1031.81
113	25	0.833	-1031.81
113	26	0.833	-1031.81
113	27	0.833	-1031.81
113	28	0.833	-1031.81
113	29	0.833	-1031.81
113	30	0.833	-1031.81
113	31	0.833	-1031.81
113	32	0.833	-1031.81
113	33	0.833	-1031.81
113	34	0.833	-1031.81
113	35	0.833	-1031.81
113	36	0.833	-1031.81
113	37	0.833	-1031.81
113	38	0.833	-1031.81
113	39	0.833	-1031.81
113	40	0.833	-1031.81
113	41	0.833	-1031.81
113	42	0.833	-1031.81
113	43	0.833	-1031.81
113	44	0.833	-1031.81
113	45	0.833	-1031.81
113	46	0.833	-1031.81
113	47	0.833	-1031.81
113	48	0.833	-1031.81
113	49	0.833	-1031.81
113	50	0.833	-1031.81
113	51	0.833	-1031.81
113	52	0.833	-1031.81
113	53	0.833	-1031.81
113	54	0.833	-1031.81
113	55	0.833	-1031.81
113	56	0.833	-1031.81
113	57	0.833	-1031.81
113	58	0.833	-1031.81
113	59	0.833	-1031.81
113	60	0.833	-1031.81
113	61	0.833	-1031.81
113	62	0.833	-1031.81
113	63	0.833	-1031.81
### BC3-X2
#
114	0	0.833	-1029.3
114	1	0.833	-1029.3
114	2	0.833	-1029.3
114	3	0.833	-1029.3
114	4	0.833	-1029.3
114	5	0.833	-1029.3
114	6	0.833	-1029.3
114	7	0.833	-1029.3
114	8	0.833	-1029.3
114	9	0.833	-1029.3
114	10	0.833	-1029.3
114	11	0.833	-1029.3
114	12	0.833	-1029.3
114	13	0.833	-1029.3
114	14	0.833	-1029.3
114	15	0.833	-1029.3
114	16	0.833	-1029.3
114	17	0.833	-1029.3
114	18	0.833	-1029.3
114	19	0.833	-1029.3
114	20	0.833	-1029.3
114	21	0.833	-1029.3
114	22	0.833	-1029.3
114	23	0.833	-1029.3
114	24	0.833	-1029.3
114	25	0.833	-1029.3
114	26	0.833	-1029.3
114	27	0.833	-1029.3
114	28	0.833	-1029.3
114	29	0.833	-1029.3
114	30	0.833	-1029.3
114	31	0.833	-1029.3
114	32	0.833	-1029.3
114	33	0.833	-1029.3
114	34	0.833	-1029.3
114	35	0.833	-1029.3
114	36	0.833	-1029.3
114	37	0.833	-1029.3
114	38	0.833	-1029.3
114	39	0.833	-1029.3
114	40	0.833	-1029.3
114	41	0.833	-1029.3
114	42	0.833	-1029.3
114	43	0.833	-1029.3
114	44	0.833	-1029.3
114	45	0.833	-1029.3
114	46	0.833	-1029.3
114	47	0.833	-1029.3
114	48	0.833	-1029.3
114	49	0.833	-1029.3
114	50	0.833	-1029.3
114	51	0.833	-1029.3
114	52	0.833	-1029.3
114	53	0.833	-1029.3
114	54	0.833	-1029.3
114	55	0.833	-1029.3
114	56	0.833	-1029.3
114	57	0.833	-1029.3
114	58	0.833	-1029.3
114	59	0.833	-1029.3
114	60	0.833	-1029.3
114	61	0.833	-1029.3
114	62	0.833	-1029.3
114	63	0.833	-1029.3
### BC3-V1
#
115	0	0.833	-1030.4
115	1	0.833	-1030.4
115	2	0.833	-1030.4
115	3	0.833	-1030.4
115	4	0.833	-1030.4
115	5	0.833	-1030.4
115	6	0.833	-1030.4
115	7	0.833	-1030.4
115	8	0.833	-1030.4
115	9	0.833	-1030.4
115	10	0.833	-1030.4
115	11	0.833	-1030.4
115	12	0.833	-1030.4
115	13	0.833	-1030.4
115	14	0.833	-1030.4
115	15	0.833	-1030.4
115	16	0.833	-1030.4
115	17	0.833	-1030.4
115	18	0.833	-1030.4
115	19	0.833	-1030.4
115	20	0.833	-1030.4
115	21	0.833	-1030.4
115	22	0.833	-1030.4
115	23	0.833	-1030.4
115	24	0.833	-1030.4
115	25	0.833	-1030.4
115	26	0.833	-1030.4
115	27	0.833	-1030.4
115	28	0.833	-1030.4
115	29	0.833	-1030.4
115	30	0.833	-1030.4
115	31	0.833	-1030.4
115	32	0.833	-1030.4
115	33	0.833	-1030.4
115	34	0.833	-1030.4
115	35	0.833	-1030.4
115	36	0.833	-1030.4
115	37	0.833	-1030.4
115	38	0.833	-1030.4
115	39	0.833	-1030.4
115	40	0.833	-1030.4
115	41	0.833	-1030.4
115	42	0.833	-1030.4
115	43	0.833	-1030.4
115	44	0.833	-1030.4
115	45	0.833	-1030.4
115	46	0.833	-1030.4
115	47	0.833	-1030.4
115	48	0.833	-1030.4
115	49	0.833	-1030.4
115	50	0.833	-1030.4
115	51	0.833	-1030.4
115	52	0.833	-1030.4
115	53	0.833	-1030.4
115	54	0.833	-1030.4
115	55	0.833	-1030.4
115	56	0.833	-1030.4
115	57	0.833	-1030.4
115	58	0.833	-1030.4
115	59	0.833	-1030.4
115	60	0.833	-1030.4
115	61	0.833	-1030.4
115	62	0.833	-1030.4
115	63	0.833	-1030.4
### BC3-V2
#
116	0	0.833	-1027.65
116	1	0.833	-1027.65
116	2	0.833	-1027.65
116	3	0.833	-1027.65
116	4	0.833	-1027.65
116	5	0.833	-1027.65
116	6	0.833	-1027.65
116	7	0.833	-1027.65
116	8	0.833	-1027.65
116	9	0.833	-1027.65
116	10	0.833	-1027.65
116	11	0.833	-1027.65
116	12	0.833	-1027.65
116	13	0.833	-1027.65
116	14	0.833	-1027.65
116	15	0.833	-1027.65
116	16	0.833	-1027.65
116	17	0.833	-1027.65
116	18	0.833	-1027.65
116	19	0.833	-1027.65
116	20	0.833	-1027.65
116	21	0.833	-1027.65
116	22	0.833	-1027.65
116	23	0.833	-1027.65
116	24	0.833	-1027.65
116	25	0.833	-1027.65
116	26	0.833	-1027.65
116	27	0.833	-1027.65
116	28	0.833	-1027.65
116	29	0.833	-1027.65
116	30	0.833	-1027.65
116	31	0.833	-1027.65
116	32	0.833	-1027.65
116	33	0.833	-1027.65
116	34	0.833	-1027.65
116	35	0.833	-1027.65
116	36	0.833	-1027.65
116	37	0.833	-1027.65
116	38	0.833	-1027.65
116	39	0.833	-1027.65
116	40	0.833	-1027.65
116	41	0.833	-1027.65
116	42	0.833	-1027.65
116	43	0.833	-1027.65
116	44	0.833	-1027.65
116	45	0.833	-1027.65
116	46	0.833	-1027.65
116	47	0.833	-1027.65
116	48	0.833	-1027.65
116	49	0.833	-1027.65
116	50	0.833	-1027.65
116	51	0.833	-1027.65
116	52	0.833	-1027.65
116	53	0.833	-1027.65
116	54	0.833	-1027.65
116	55	0.833	-1027.65
116	56	0.833	-1027.65
116	57	0.833	-1027.65
116	58	0.833	-1027.65
116	59	0.833	-1027.65
116	60	0.833	-1027.65
116	61	0.833	-1027.65
116	62	0.833	-1027.65
116	63	0.833	-1027.65
### BC3-U1
#
117	0	0.833	-1030.54
117	1	0.833	-1030.54
117	2	0.833	-1030.54
117	3	0.833	-1030.54
117	4	0.833	-1030.54
117	5	0.833	-1030.54
117	6	0.833	-1030.54
117	7	0.833	-1030.54
117	8	0.833	-1030.54
117	9	0.833	-1030.54
117	10	0.833	-1030.54
117	11	0.833	-1030.54
117	12	0.833	-1030.54
117	13	0.833	-1030.54
117	14	0.833	-1030.54
117	15	0.833	-1030.54
117	16	0.833	-1030.54
117	17	0.833	-1030.54
117	18	0.833	-1030.54
117	19	0.833	-1030.54
117	20	0.833	-1030.54
117	21	0.833	-1030.54
117	22	0.833	-1030.54
117	23	0.833	-1030.54
117	24	0.833	-1030.54
117	25	0.833	-1030.54
117	26	0.833	-1030.54
117	27	0.833	-1030.54
117	28	0.833	-1030.54
117	29	0.833	-1030.54
117	30	0.833	-1030.54
117	31	0.833	-1030.54
117	32	0.833	-1030.54
117	33	0.833	-1030.54
117	34	0.833	-1030.54
117	35	0.833	-1030.54
117	36	0.833	-1030.54
117	37	0.833	-1030.54
117	38	0.833	-1030.54
117	39	0.833	-1030.54
117	40	0.833	-1030.54
117	41	0.833	-1030.54
117	42	0.833	-1030.54
117	43	0.833	-1030.54
117	44	0.833	-1030.54
117	45	0.833	-1030.54
117	46	0.833	-1030.54
117	47	0.833	-1030.54
117	48	0.833	-1030.54
117	49	0.833	-1030.54
117	50	0.833	-1030.54
117	51	0.833	-1030.54
117	52	0.833	-1030.54
117	53	0.833	-1030.54
117	54	0.833	-1030.54
117	55	0.833	-1030.54
117	56	0.833	-1030.54
117	57	0.833	-1030.54
117	58	0.833	-1030.54
117	59	0.833	-1030.54
117	60	0.833	-1030.54
117	61	0.833	-1030.54
117	62	0.833	-1030.54
117	63	0.833	-1030.54
### BC3-U2
#
118	0	0.833	-1025.31
118	1	0.833	-1025.31
118	2	0.833	-1025.31
118	3	0.833	-1025.31
118	4	0.833	-1025.31
118	5	0.833	-1025.31
118	6	0.833	-1025.31
118	7	0.833	-1025.31
118	8	0.833	-1025.31
118	9	0.833	-1025.31
118	10	0.833	-1025.31
118	11	0.833	-1025.31
118	12	0.833	-1025.31
118	13	0.833	-1025.31
118	14	0.833	-1025.31
118	15	0.833	-1025.31
118	16	0.833	-1025.31
118	17	0.833	-1025.31
118	18	0.833	-1025.31
118	19	0.833	-1025.31
118	20	0.833	-1025.31
118	21	0.833	-1025.31
118	22	0.833	-1025.31
118	23	0.833	-1025.31
118	24	0.833	-1025.31
118	25	0.833	-1025.31
118	26	0.833	-1025.31
118	27	0.833	-1025.31
118	28	0.833	-1025.31
118	29	0.833	-1025.31
118	30	0.833	-1025.31
118	31	0.833	-1025.31
118	32	0.833	-1025.31
118	33	0.833	-1025.31
118	34	0.833	-1025.31
118	35	0.833	-1025.31
118	36	0.833	-1025.31
118	37	0.833	-1025.31
118	38	0.833	-1025.31
118	39	0.833	-1025.31
118	40	0.833	-1025.31
118	41	0.833	-1025.31
118	42	0.833	-1025.31
118	43	0.833	-1025.31
118	44	0.833	-1025.31
118	45	0.833	-1025.31
118	46	0.833	-1025.31
118	47	0.833	-1025.31
118	48	0.833	-1025.31
118	49	0.833	-1025.31
118	50	0.833	-1025.31
118	51	0.833	-1025.31
118	52	0.833	-1025.31
118	53	0.833	-1025.31
118	54	0.833	-1025.31
118	55	0.833	-1025.31
118	56	0.833	-1025.31
118	57	0.833	-1025.31
118	58	0.833	-1025.31
118	59	0.833	-1025.31
118	60	0.833	-1025.31
118	61	0.833	-1025.31
118	62	0.833	-1025.31
118	63	0.833	-1025.31
### BC4-U1
#
119	0	0.833	-1028.89
119	1	0.833	-1028.89
119	2	0.833	-1028.89
119	3	0.833	-1028.89
119	4	0.833	-1028.89
119	5	0.833	-1028.89
119	6	0.833	-1028.89
119	7	0.833	-1028.89
119	8	0.833	-1028.89
119	9	0.833	-1028.89
119	10	0.833	-1028.89
119	11	0.833	-1028.89
119	12	0.833	-1028.89
119	13	0.833	-1028.89
119	14	0.833	-1028.89
119	15	0.833	-1028.89
119	16	0.833	-1028.89
119	17	0.833	-1028.89
119	18	0.833	-1028.89
119	19	0.833	-1028.89
119	20	0.833	-1028.89
119	21	0.833	-1028.89
119	22	0.833	-1028.89
119	23	0.833	-1028.89
119	24	0.833	-1028.89
119	25	0.833	-1028.89
119	26	0.833	-1028.89
119	27	0.833	-1028.89
119	28	0.833	-1028.89
119	29	0.833	-1028.89
119	30	0.833	-1028.89
119	31	0.833	-1028.89
119	32	0.833	-1028.89
119	33	0.833	-1028.89
119	34	0.833	-1028.89
119	35	0.833	-1028.89
119	36	0.833	-1028.89
119	37	0.833	-1028.89
119	38	0.833	-1028.89
119	39	0.833	-1028.89
119	40	0.833	-1028.89
119	41	0.833	-1028.89
119	42	0.833	-1028.89
119	43	0.833	-1028.89
119	44	0.833	-1028.89
119	45	0.833	-1028.89
119	46	0.833	-1028.89
119	47	0.833	-1028.89
119	48	0.833	-1028.89
119	49	0.833	-1028.89
119	50	0.833	-1028.89
119	51	0.833	-1028.89
119	52	0.833	-1028.89
119	53	0.833	-1028.89
119	54	0.833	-1028.89
119	55	0.833	-1028.89
119	56	0.833	-1028.89
119	57	0.833	-1028.89
119	58	0.833	-1028.89
119	59	0.833	-1028.89
119	60	0.833	-1028.89
119	61	0.833	-1028.89
119	62	0.833	-1028.89
119	63	0.833	-1028.89
### BC4-U2
#
120	0	0.833	-1027.21
120	1	0.833	-1027.21
120	2	0.833	-1027.21
120	3	0.833	-1027.21
120	4	0.833	-1027.21
120	5	0.833	-1027.21
120	6	0.833	-1027.21
120	7	0.833	-1027.21
120	8	0.833	-1027.21
120	9	0.833	-1027.21
120	10	0.833	-1027.21
120	11	0.833	-1027.21
120	12	0.833	-1027.21
120	13	0.833	-1027.21
120	14	0.833	-1027.21
120	15	0.833	-1027.21
120	16	0.833	-1027.21
120	17	0.833	-1027.21
120	18	0.833	-1027.21
120	19	0.833	-1027.21
120	20	0.833	-1027.21
120	21	0.833	-1027.21
120	22	0.833	-1027.21
120	23	0.833	-1027.21
120	24	0.833	-1027.21
120	25	0.833	-1027.21
120	26	0.833	-1027.21
120	27	0.833	-1027.21
120	28	0.833	-1027.21
120	29	0.833	-1027.21
120	30	0.833	-1027.21
120	31	0.833	-1027.21
120	32	0.833	-1027.21
120	33	0.833	-1027.21
120	34	0.833	-1027.21
120	35	0.833	-1027.21
120	36	0.833	-1027.21
120	37	0.833	-1027.21
120	38	0.833	-1027.21
120	39	0.833	-1027.21
120	40	0.833	-1027.21
120	41	0.833	-1027.21
120	42	0.833	-1027.21
120	43	0.833	-1027.21
120	44	0.833	-1027.21
120	45	0.833	-1027.21
120	46	0.833	-1027.21
120	47	0.833	-1027.21
120	48	0.833	-1027.21
120	49	0.833	-1027.21
120	50	0.833	-1027.21
120	51	0.833	-1027.21
120	52	0.833	-1027.21
120	53	0.833	-1027.21
120	54	0.833	-1027.21
120	55	0.833	-1027.21
120	56	0.833	-1027.21
120	57	0.833	-1027.21
120	58	0.833	-1027.21
120	59	0.833	-1027.21
120	60	0.833	-1027.21
120	61	0.833	-1027.21
120	62	0.833	-1027.21
120	63	0.833	-1027.21
### BC4-V1
#
121	0	0.833	-1028.73
121	1	0.833	-1028.73
121	2	0.833	-1028.73
121	3	0.833	-1028.73
121	4	0.833	-1028.73
121	5	0.833	-1028.73
121	6	0.833	-1028.73
121	7	0.833	-1028.73
121	8	0.833	-1028.73
121	9	0.833	-1028.73
121	10	0.833	-1028.73
121	11	0.833	-1028.73
121	12	0.833	-1028.73
121	13	0.833	-1028.73
121	14	0.833	-1028.73
121	15	0.833	-1028.73
121	16	0.833	-1028.73
121	17	0.833	-1028.73
121	18	0.833	-1028.73
121	19	0.833	-1028.73
121	20	0.833	-1028.73
121	21	0.833	-1028.73
121	22	0.833	-1028.73
121	23	0.833	-1028.73
121	24	0.833	-1028.73
121	25	0.833	-1028.73
121	26	0.833	-1028.73
121	27	0.833	-1028.73
121	28	0.833	-1028.73
121	29	0.833	-1028.73
121	30	0.833	-1028.73
121	31	0.833	-1028.73
121	32	0.833	-1028.73
121	33	0.833	-1028.73
121	34	0.833	-1028.73
121	35	0.833	-1028.73
121	36	0.833	-1028.73
121	37	0.833	-1028.73
121	38	0.833	-1028.73
121	39	0.833	-1028.73
121	40	0.833	-1028.73
121	41	0.833	-1028.73
121	42	0.833	-1028.73
121	43	0.833	-1028.73
121	44	0.833	-1028.73
121	45	0.833	-1028.73
121	46	0.833	-1028.73
121	47	0.833	-1028.73
121	48	0.833	-1028.73
121	49	0.833	-1028.73
121	50	0.833	-1028.73
121	51	0.833	-1028.73
121	52	0.833	-1028.73
121	53	0.833	-1028.73
121	54	0.833	-1028.73
121	55	0.833	-1028.73
121	56	0.833	-1028.73
121	57	0.833	-1028.73
121	58	0.833	-1028.73
121	59	0.833	-1028.73
121	60	0.833	-1028.73
121	61	0.833	-1028.73
121	62	0.833	-1028.73
121	63	0.833	-1028.73
### BC4-V2
#
122	0	0.833	-1027.71
122	1	0.833	-1027.71
122	2	0.833	-1027.71
122	3	0.833	-1027.71
122	4	0.833	-1027.71
122	5	0.833	-1027.71
122	6	0.833	-1027.71
122	7	0.833	-1027.71
122	8	0.833	-1027.71
122	9	0.833	-1027.71
122	10	0.833	-1027.71
122	11	0.833	-1027.71
122	12	0.833	-1027.71
122	13	0.833	-1027.71
122	14	0.833	-1027.71
122	15	0.833	-1027.71
122	16	0.833	-1027.71
122	17	0.833	-1027.71
122	18	0.833	-1027.71
122	19	0.833	-1027.71
122	20	0.833	-1027.71
122	21	0.833	-1027.71
122	22	0.833	-1027.71
122	23	0.833	-1027.71
122	24	0.833	-1027.71
122	25	0.833	-1027.71
122	26	0.833	-1027.71
122	27	0.833	-1027.71
122	28	0.833	-1027.71
122	29	0.833	-1027.71
122	30	0.833	-1027.71
122	31	0.833	-1027.71
122	32	0.833	-1027.71
122	33	0.833	-1027.71
122	34	0.833	-1027.71
122	35	0.833	-1027.71
122	36	0.833	-1027.71
122	37	0.833	-1027.71
122	38	0.833	-1027.71
122	39	0.833	-1027.71
122	40	0.833	-1027.71
122	41	0.833	-1027.71
122	42	0.833	-1027.71
122	43	0.833	-1027.71
122	44	0.833	-1027.71
122	45	0.833	-1027.71
122	46	0.833	-1027.71
122	47	0.833	-1027.71
122	48	0.833	-1027.71
122	49	0.833	-1027.71
122	50	0.833	-1027.71
122	51	0.833	-1027.71
122	52	0.833	-1027.71
122	53	0.833	-1027.71
122	54	0.833	-1027.71
122	55	0.833	-1027.71
122	56	0.833	-1027.71
122	57	0.833	-1027.71
122	58	0.833	-1027.71
122	59	0.833	-1027.71
122	60	0.833	-1027.71
122	61	0.833	-1027.71
122	62	0.833	-1027.71
122	63	0.833	-1027.71
### BC4-X1
#
123	0	0.833	-1028.4
123	1	0.833	-1028.4
123	2	0.833	-1028.4
123	3	0.833	-1028.4
123	4	0.833	-1028.4
123	5	0.833	-1028.4
123	6	0.833	-1028.4
123	7	0.833	-1028.4
123	8	0.833	-1028.4
123	9	0.833	-1028.4
123	10	0.833	-1028.4
123	11	0.833	-1028.4
123	12	0.833	-1028.4
123	13	0.833	-1028.4
123	14	0.833	-1028.4
123	15	0.833	-1028.4
123	16	0.833	-1028.4
123	17	0.833	-1028.4
123	18	0.833	-1028.4
123	19	0.833	-1028.4
123	20	0.833	-1028.4
123	21	0.833	-1028.4
123	22	0.833	-1028.4
123	23	0.833	-1028.4
123	24	0.833	-1028.4
123	25	0.833	-1028.4
123	26	0.833	-1028.4
123	27	0.833	-1028.4
123	28	0.833	-1028.4
123	29	0.833	-1028.4
123	30	0.833	-1028.4
123	31	0.833	-1028.4
123	32	0.833	-1028.4
123	33	0.833	-1028.4
123	34	0.833	-1028.4
123	35	0.833	-1028.4
123	36	0.833	-1028.4
123	37	0.833	-1028.4
123	38	0.833	-1028.4
123	39	0.833	-1028.4
123	40	0.833	-1028.4
123	41	0.833	-1028.4
123	42	0.833	-1028.4
123	43	0.833	-1028.4
123	44	0.833	-1028.4
123	45	0.833	-1028.4
123	46	0.833	-1028.4
123	47	0.833	-1028.4
123	48	0.833	-1028.4
123	49	0.833	-1028.4
123	50	0.833	-1028.4
123	51	0.833	-1028.4
123	52	0.833	-1028.4
123	53	0.833	-1028.4
123	54	0.833	-1028.4
123	55	0.833	-1028.4
123	56	0.833	-1028.4
123	57	0.833	-1028.4
123	58	0.833	-1028.4
123	59	0.833	-1028.4
123	60	0.833	-1028.4
123	61	0.833	-1028.4
123	62	0.833	-1028.4
123	63	0.833	-1028.4
### BC4-X2
#
124	0	0.833	-1026.42
124	1	0.833	-1026.42
124	2	0.833	-1026.42
124	3	0.833	-1026.42
124	4	0.833	-1026.42
124	5	0.833	-1026.42
124	6	0.833	-1026.42
124	7	0.833	-1026.42
124	8	0.833	-1026.42
124	9	0.833	-1026.42
124	10	0.833	-1026.42
124	11	0.833	-1026.42
124	12	0.833	-1026.42
124	13	0.833	-1026.42
124	14	0.833	-1026.42
124	15	0.833	-1026.42
124	16	0.833	-1026.42
124	17	0.833	-1026.42
124	18	0.833	-1026.42
124	19	0.833	-1026.42
124	20	0.833	-1026.42
124	21	0.833	-1026.42
124	22	0.833	-1026.42
124	23	0.833	-1026.42
124	24	0.833	-1026.42
124	25	0.833	-1026.42
124	26	0.833	-1026.42
124	27	0.833	-1026.42
124	28	0.833	-1026.42
124	29	0.833	-1026.42
124	30	0.833	-1026.42
124	31	0.833	-1026.42
124	32	0.833	-1026.42
124	33	0.833	-1026.42
124	34	0.833	-1026.42
124	35	0.833	-1026.42
124	36	0.833	-1026.42
124	37	0.833	-1026.42
124	38	0.833	-1026.42
124	39	0.833	-1026.42
124	40	0.833	-1026.42
124	41	0.833	-1026.42
124	42	0.833	-1026.42
124	43	0.833	-1026.42
124	44	0.833	-1026.42
124	45	0.833	-1026.42
124	46	0.833	-1026.42
124	47	0.833	-1026.42
124	48	0.833	-1026.42
124	49	0.833	-1026.42
124	50	0.833	-1026.42
124	51	0.833	-1026.42
124	52	0.833	-1026.42
124	53	0.833	-1026.42
124	54	0.833	-1026.42
124	55	0.833	-1026.42
124	56	0.833	-1026.42
124	57	0.833	-1026.42
124	58	0.833	-1026.42
124	59	0.833	-1026.42
124	60	0.833	-1026.42
124	61	0.833	-1026.42
124	62	0.833	-1026.42
124	63	0.833	-1026.42
### SDC1-U1
#
1	0	0.833	-1018.91
1	1	0.833	-1018.91
1	2	0.833	-1018.91
1	3	0.833	-1018.91
1	4	0.833	-1018.91
1	5	0.833	-1018.91
1	6	0.833	-1018.91
1	7	0.833	-1018.91
1	8	0.833	-1018.91
1	9	0.833	-1018.91
1	10	0.833	-1018.91
1	11	0.833	-1018.91
1	12	0.833	-1018.91
1	13	0.833	-1018.91
1	14	0.833	-1018.91
1	15	0.833	-1018.91
1	16	0.833	-1018.91
1	17	0.833	-1018.91
1	18	0.833	-1018.91
1	19	0.833	-1018.91
1	20	0.833	-1018.91
1	21	0.833	-1018.91
1	22	0.833	-1018.91
1	23	0.833	-1018.91
1	24	0.833	-1018.91
1	25	0.833	-1018.91
1	26	0.833	-1018.91
1	27	0.833	-1018.91
1	28	0.833	-1018.91
1	29	0.833	-1018.91
1	30	0.833	-1018.91
1	31	0.833	-1018.91
1	32	0.833	-1018.91
1	33	0.833	-1018.91
1	34	0.833	-1018.91
1	35	0.833	-1018.91
1	36	0.833	-1018.91
1	37	0.833	-1018.91
1	38	0.833	-1018.91
1	39	0.833	-1018.91
1	40	0.833	-1018.91
1	41	0.833	-1018.91
1	42	0.833	-1018.91
1	43	0.833	-1018.91
1	44	0.833	-1018.91
1	45	0.833	-1018.91
1	46	0.833	-1018.91
1	47	0.833	-1018.91
1	48	0.833	-1018.91
1	49	0.833	-1018.91
1	50	0.833	-1018.91
1	51	0.833	-1018.91
1	52	0.833	-1018.91
1	53	0.833	-1018.91
1	54	0.833	-1018.91
1	55	0.833	-1018.91
1	56	0.833	-1018.91
1	57	0.833	-1018.91
1	58	0.833	-1018.91
1	59	0.833	-1018.91
1	60	0.833	-1018.91
1	61	0.833	-1018.91
1	62	0.833	-1018.91
1	63	0.833	-1018.91
### SDC1-U2
#
2	0	0.833	-1019.03
2	1	0.833	-1019.03
2	2	0.833	-1019.03
2	3	0.833	-1019.03
2	4	0.833	-1019.03
2	5	0.833	-1019.03
2	6	0.833	-1019.03
2	7	0.833	-1019.03
2	8	0.833	-1019.03
2	9	0.833	-1019.03
2	10	0.833	-1019.03
2	11	0.833	-1019.03
2	12	0.833	-1019.03
2	13	0.833	-1019.03
2	14	0.833	-1019.03
2	15	0.833	-1019.03
2	16	0.833	-1019.03
2	17	0.833	-1019.03
2	18	0.833	-1019.03
2	19	0.833	-1019.03
2	20	0.833	-1019.03
2	21	0.833	-1019.03
2	22	0.833	-1019.03
2	23	0.833	-1019.03
2	24	0.833	-1019.03
2	25	0.833	-1019.03
2	26	0.833	-1019.03
2	27	0.833	-1019.03
2	28	0.833	-1019.03
2	29	0.833	-1019.03
2	30	0.833	-1019.03
2	31	0.833	-1019.03
2	32	0.833	-1019.03
2	33	0.833	-1019.03
2	34	0.833	-1019.03
2	35	0.833	-1019.03
2	36	0.833	-1019.03
2	37	0.833	-1019.03
2	38	0.833	-1019.03
2	39	0.833	-1019.03
2	40	0.833	-1019.03
2	41	0.833	-1019.03
2	42	0.833	-1019.03
2	43	0.833	-1019.03
2	44	0.833	-1019.03
2	45	0.833	-1019.03
2	46	0.833	-1019.03
2	47	0.833	-1019.03
2	48	0.833	-1019.03
2	49	0.833	-1019.03
2	50	0.833	-1019.03
2	51	0.833	-1019.03
2	52	0.833	-1019.03
2	53	0.833	-1019.03
2	54	0.833	-1019.03
2	55	0.833	-1019.03
2	56	0.833	-1019.03
2	57	0.833	-1019.03
2	58	0.833	-1019.03
2	59	0.833	-1019.03
2	60	0.833	-1019.03
2	61	0.833	-1019.03
2	62	0.833	-1019.03
2	63	0.833	-1019.03
### SDC1-X1
#
3	0	0.833	-1020.36
3	1	0.833	-1020.36
3	2	0.833	-1020.36
3	3	0.833	-1020.36
3	4	0.833	-1020.36
3	5	0.833	-1020.36
3	6	0.833	-1020.36
3	7	0.833	-1020.36
3	8	0.833	-1020.36
3	9	0.833	-1020.36
3	10	0.833	-1020.36
3	11	0.833	-1020.36
3	12	0.833	-1020.36
3	13	0.833	-1020.36
3	14	0.833	-1020.36
3	15	0.833	-1020.36
3	16	0.833	-1020.36
3	17	0.833	-1020.36
3	18	0.833	-1020.36
3	19	0.833	-1020.36
3	20	0.833	-1020.36
3	21	0.833	-1020.36
3	22	0.833	-1020.36
3	23	0.833	-1020.36
3	24	0.833	-1020.36
3	25	0.833	-1020.36
3	26	0.833	-1020.36
3	27	0.833	-1020.36
3	28	0.833	-1020.36
3	29	0.833	-1020.36
3	30	0.833	-1020.36
3	31	0.833	-1020.36
3	32	0.833	-1020.36
3	33	0.833	-1020.36
3	34	0.833	-1020.36
3	35	0.833	-1020.36
3	36	0.833	-1020.36
3	37	0.833	-1020.36
3	38	0.833	-1020.36
3	39	0.833	-1020.36
3	40	0.833	-1020.36
3	41	0.833	-1020.36
3	42	0.833	-1020.36
3	43	0.833	-1020.36
3	44	0.833	-1020.36
3	45	0.833	-1020.36
3	46	0.833	-1020.36
3	47	0.833	-1020.36
3	48	0.833	-1020.36
3	49	0.833	-1020.36
3	50	0.833	-1020.36
3	51	0.833	-1020.36
3	52	0.833	-1020.36
3	53	0.833	-1020.36
3	54	0.833	-1020.36
3	55	0.833	-1020.36
3	56	0.833	-1020.36
3	57	0.833	-1020.36
3	58	0.833	-1020.36
3	59	0.833	-1020.36
3	60	0.833	-1020.36
3	61	0.833	-1020.36
3	62	0.833	-1020.36
3	63	0.833	-1020.36
### SDC1-X2
#
4	0	0.833	-1020.55
4	1	0.833	-1020.55
4	2	0.833	-1020.55
4	3	0.833	-1020.55
4	4	0.833	-1020.55
4	5	0.833	-1020.55
4	6	0.833	-1020.55
4	7	0.833	-1020.55
4	8	0.833	-1020.55
4	9	0.833	-1020.55
4	10	0.833	-1020.55
4	11	0.833	-1020.55
4	12	0.833	-1020.55
4	13	0.833	-1020.55
4	14	0.833	-1020.55
4	15	0.833	-1020.55
4	16	0.833	-1020.55
4	17	0.833	-1020.55
4	18	0.833	-1020.55
4	19	0.833	-1020.55
4	20	0.833	-1020.55
4	21	0.833	-1020.55
4	22	0.833	-1020.55
4	23	0.833	-1020.55
4	24	0.833	-1020.55
4	25	0.833	-1020.55
4	26	0.833	-1020.55
4	27	0.833	-1020.55
4	28	0.833	-1020.55
4	29	0.833	-1020.55
4	30	0.833	-1020.55
4	31	0.833	-1020.55
4	32	0.833	-1020.55
4	33	0.833	-1020.55
4	34	0.833	-1020.55
4	35	0.833	-1020.55
4	36	0.833	-1020.55
4	37	0.833	-1020.55
4	38	0.833	-1020.55
4	39	0.833	-1020.55
4	40	0.833	-1020.55
4	41	0.833	-1020.55
4	42	0.833	-1020.55
4	43	0.833	-1020.55
4	44	0.833	-1020.55
4	45	0.833	-1020.55
4	46	0.833	-1020.55
4	47	0.833	-1020.55
4	48	0.833	-1020.55
4	49	0.833	-1020.55
4	50	0.833	-1020.55
4	51	0.833	-1020.55
4	52	0.833	-1020.55
4	53	0.833	-1020.55
4	54	0.833	-1020.55
4	55	0.833	-1020.55
4	56	0.833	-1020.55
4	57	0.833	-1020.55
4	58	0.833	-1020.55
4	59	0.833	-1020.55
4	60	0.833	-1020.55
4	61	0.833	-1020.55
4	62	0.833	-1020.55
4	63	0.833	-1020.55
### SDC1-V1
#
5	0	0.833	-1020.56
5	1	0.833	-1020.56
5	2	0.833	-1020.56
5	3	0.833	-1020.56
5	4	0.833	-1020.56
5	5	0.833	-1020.56
5	6	0.833	-1020.56
5	7	0.833	-1020.56
5	8	0.833	-1020.56
5	9	0.833	-1020.56
5	10	0.833	-1020.56
5	11	0.833	-1020.56
5	12	0.833	-1020.56
5	13	0.833	-1020.56
5	14	0.833	-1020.56
5	15	0.833	-1020.56
5	16	0.833	-1020.56
5	17	0.833	-1020.56
5	18	0.833	-1020.56
5	19	0.833	-1020.56
5	20	0.833	-1020.56
5	21	0.833	-1020.56
5	22	0.833	-1020.56
5	23	0.833	-1020.56
5	24	0.833	-1020.56
5	25	0.833	-1020.56
5	26	0.833	-1020.56
5	27	0.833	-1020.56
5	28	0.833	-1020.56
5	29	0.833	-1020.56
5	30	0.833	-1020.56
5	31	0.833	-1020.56
5	32	0.833	-1020.56
5	33	0.833	-1020.56
5	34	0.833	-1020.56
5	35	0.833	-1020.56
5	36	0.833	-1020.56
5	37	0.833	-1020.56
5	38	0.833	-1020.56
5	39	0.833	-1020.56
5	40	0.833	-1020.56
5	41	0.833	-1020.56
5	42	0.833	-1020.56
5	43	0.833	-1020.56
5	44	0.833	-1020.56
5	45	0.833	-1020.56
5	46	0.833	-1020.56
5	47	0.833	-1020.56
5	48	0.833	-1020.56
5	49	0.833	-1020.56
5	50	0.833	-1020.56
5	51	0.833	-1020.56
5	52	0.833	-1020.56
5	53	0.833	-1020.56
5	54	0.833	-1020.56
5	55	0.833	-1020.56
5	56	0.833	-1020.56
5	57	0.833	-1020.56
5	58	0.833	-1020.56
5	59	0.833	-1020.56
5	60	0.833	-1020.56
5	61	0.833	-1020.56
5	62	0.833	-1020.56
5	63	0.833	-1020.56
### SDC1-V2
#
6	0	0.833	-1020.03
6	1	0.833	-1020.03
6	2	0.833	-1020.03
6	3	0.833	-1020.03
6	4	0.833	-1020.03
6	5	0.833	-1020.03
6	6	0.833	-1020.03
6	7	0.833	-1020.03
6	8	0.833	-1020.03
6	9	0.833	-1020.03
6	10	0.833	-1020.03
6	11	0.833	-1020.03
6	12	0.833	-1020.03
6	13	0.833	-1020.03
6	14	0.833	-1020.03
6	15	0.833	-1020.03
6	16	0.833	-1020.03
6	17	0.833	-1020.03
6	18	0.833	-1020.03
6	19	0.833	-1020.03
6	20	0.833	-1020.03
6	21	0.833	-1020.03
6	22	0.833	-1020.03
6	23	0.833	-1020.03
6	24	0.833	-1020.03
6	25	0.833	-1020.03
6	26	0.833	-1020.03
6	27	0.833	-1020.03
6	28	0.833	-1020.03
6	29	0.833	-1020.03
6	30	0.833	-1020.03
6	31	0.833	-1020.03
6	32	0.833	-1020.03
6	33	0.833	-1020.03
6	34	0.833	-1020.03
6	35	0.833	-1020.03
6	36	0.833	-1020.03
6	37	0.833	-1020.03
6	38	0.833	-1020.03
6	39	0.833	-1020.03
6	40	0.833	-1020.03
6	41	0.833	-1020.03
6	42	0.833	-1020.03
6	43	0.833	-1020.03
6	44	0.833	-1020.03
6	45	0.833	-1020.03
6	46	0.833	-1020.03
6	47	0.833	-1020.03
6	48	0.833	-1020.03
6	49	0.833	-1020.03
6	50	0.833	-1020.03
6	51	0.833	-1020.03
6	52	0.833	-1020.03
6	53	0.833	-1020.03
6	54	0.833	-1020.03
6	55	0.833	-1020.03
6	56	0.833	-1020.03
6	57	0.833	-1020.03
6	58	0.833	-1020.03
6	59	0.833	-1020.03
6	60	0.833	-1020.03
6	61	0.833	-1020.03
6	62	0.833	-1020.03
6	63	0.833	-1020.03
### SDC2-V1
#
7	0	0.833	-1023.83
7	1	0.833	-1023.83
7	2	0.833	-1023.83
7	3	0.833	-1023.83
7	4	0.833	-1023.83
7	5	0.833	-1023.83
7	6	0.833	-1023.83
7	7	0.833	-1023.83
7	8	0.833	-1023.83
7	9	0.833	-1023.83
7	10	0.833	-1023.83
7	11	0.833	-1023.83
7	12	0.833	-1023.83
7	13	0.833	-1023.83
7	14	0.833	-1023.83
7	15	0.833	-1023.83
7	16	0.833	-1023.83
7	17	0.833	-1023.83
7	18	0.833	-1023.83
7	19	0.833	-1023.83
7	20	0.833	-1023.83
7	21	0.833	-1023.83
7	22	0.833	-1023.83
7	23	0.833	-1023.83
7	24	0.833	-1023.83
7	25	0.833	-1023.83
7	26	0.833	-1023.83
7	27	0.833	-1023.83
7	28	0.833	-1023.83
7	29	0.833	-1023.83
7	30	0.833	-1023.83
7	31	0.833	-1023.83
7	32	0.833	-1023.83
7	33	0.833	-1023.83
7	34	0.833	-1023.83
7	35	0.833	-1023.83
7	36	0.833	-1023.83
7	37	0.833	-1023.83
7	38	0.833	-1023.83
7	39	0.833	-1023.83
7	40	0.833	-1023.83
7	41	0.833	-1023.83
7	42	0.833	-1023.83
7	43	0.833	-1023.83
### SDC2-V2
#
8	0	0.833	-1021.41
8	1	0.833	-1021.41
8	2	0.833	-1021.41
8	3	0.833	-1021.41
8	4	0.833	-1021.41
8	5	0.833	-1021.41
8	6	0.833	-1021.41
8	7	0.833	-1021.41
8	8	0.833	-1021.41
8	9	0.833	-1021.41
8	10	0.833	-1021.41
8	11	0.833	-1021.41
8	12	0.833	-1021.41
8	13	0.833	-1021.41
8	14	0.833	-1021.41
8	15	0.833	-1021.41
8	16	0.833	-1021.41
8	17	0.833	-1021.41
8	18	0.833	-1021.41
8	19	0.833	-1021.41
8	20	0.833	-1021.41
8	21	0.833	-1021.41
8	22	0.833	-1021.41
8	23	0.833	-1021.41
8	24	0.833	-1021.41
8	25	0.833	-1021.41
8	26	0.833	-1021.41
8	27	0.833	-1021.41
8	28	0.833	-1021.41
8	29	0.833	-1021.41
8	30	0.833	-1021.41
8	31	0.833	-1021.41
8	32	0.833	-1021.41
8	33	0.833	-1021.41
8	34	0.833	-1021.41
8	35	0.833	-1021.41
8	36	0.833	-1021.41
8	37	0.833	-1021.41
8	38	0.833	-1021.41
8	39	0.833	-1021.41
8	40	0.833	-1021.41
8	41	0.833	-1021.41
8	42	0.833	-1021.41
8	43	0.833	-1021.41
### SDC2-U1
#
9	0	0.833	-1022.19
9	1	0.833	-1022.19
9	2	0.833	-1022.19
9	3	0.833	-1022.19
9	4	0.833	-1022.19
9	5	0.833	-1022.19
9	6	0.833	-1022.19
9	7	0.833	-1022.19
9	8	0.833	-1022.19
9	9	0.833	-1022.19
9	10	0.833	-1022.19
9	11	0.833	-1022.19
9	12	0.833	-1022.19
9	13	0.833	-1022.19
9	14	0.833	-1022.19
9	15	0.833	-1022.19
9	16	0.833	-1022.19
9	17	0.833	-1022.19
9	18	0.833	-1022.19
9	19	0.833	-1022.19
9	20	0.833	-1022.19
9	21	0.833	-1022.19
9	22	0.833	-1022.19
9	23	0.833	-1022.19
9	24	0.833	-1022.19
9	25	0.833	-1022.19
9	26	0.833	-1022.19
9	27	0.833	-1022.19
9	28	0.833	-1022.19
9	29	0.833	-1022.19
9	30	0.833	-1022.19
9	31	0.833	-1022.19
9	32	0.833	-1022.19
9	33	0.833	-1022.19
9	34	0.833	-1022.19
9	35	0.833	-1022.19
9	36	0.833	-1022.19
9	37	0.833	-1022.19
9	38	0.833	-1022.19
9	39	0.833	-1022.19
9	40	0.833	-1022.19
9	41	0.833	-1022.19
9	42	0.833	-1022.19
9	43	0.833	-1022.19
### SDC2-U2
#
10	0	0.833	-1021.93
10	1	0.833	-1021.93
10	2	0.833	-1021.93
10	3	0.833	-1021.93
10	4	0.833	-1021.93
10	5	0.833	-1021.93
10	6	0.833	-1021.93
10	7	0.833	-1021.93
10	8	0.833	-1021.93
10	9	0.833	-1021.93
10	10	0.833	-1021.93
10	11	0.833	-1021.93
10	12	0.833	-1021.93
10	13	0.833	-1021.93
10	14	0.833	-1021.93
10	15	0.833	-1021.93
10	16	0.833	-1021.93
10	17	0.833	-1021.93
10	18	0.833	-1021.93
10	19	0.833	-1021.93
10	20	0.833	-1021.93
10	21	0.833	-1021.93
10	22	0.833	-1021.93
10	23	0.833	-1021.93
10	24	0.833	-1021.93
10	25	0.833	-1021.93
10	26	0.833	-1021.93
10	27	0.833	-1021.93
10	28	0.833	-1021.93
10	29	0.833	-1021.93
10	30	0.833	-1021.93
10	31	0.833	-1021.93
10	32	0.833	-1021.93
10	33	0.833	-1021.93
10	34	0.833	-1021.93
10	35	0.833	-1021.93
10	36	0.833	-1021.93
10	37	0.833	-1021.93
10	38	0.833	-1021.93
10	39	0.833	-1021.93
10	40	0.833	-1021.93
10	41	0.833	-1021.93
10	42	0.833	-1021.93
10	43	0.833	-1021.93
### SDC3-X1
#
31	0	0.833	-862.588
31	1	0.833	-862.588
31	2	0.833	-862.588
31	3	0.833	-862.588
31	4	0.833	-862.588
31	5	0.833	-862.588
31	6	0.833	-862.588
31	7	0.833	-862.588
31	8	0.833	-862.588
31	9	0.833	-862.588
31	10	0.833	-862.588
31	11	0.833	-862.588
31	12	0.833	-862.588
31	13	0.833	-862.588
31	14	0.833	-862.588
31	15	0.833	-862.588
31	16	0.833	-862.588
31	17	0.833	-862.588
31	18	0.833	-862.588
31	19	0.833	-862.588
31	20	0.833	-862.588
31	21	0.833	-862.588
31	22	0.833	-862.588
31	23	0.833	-862.588
31	24	0.833	-862.588
31	25	0.833	-862.588
31	26	0.833	-862.588
31	27	0.833	-862.588
31	28	0.833	-862.588
31	29	0.833	-862.588
31	30	0.833	-862.588
31	31	0.833	-862.588
31	32	0.833	-862.588
31	33	0.833	-862.588
31	34	0.833	-862.588
31	35	0.833	-862.588
31	36	0.833	-862.588
31	37	0.833	-862.588
31	38	0.833	-862.588
31	39	0.833	-862.588
31	40	0.833	-862.588
31	41	0.833	-862.588
31	42	0.833	-862.588
31	43	0.833	-862.588
31	44	0.833	-862.588
31	45	0.833	-862.588
31	46	0.833	-862.588
31	47	0.833	-862.588
31	48	0.833	-862.588
31	49	0.833	-862.588
31	50	0.833	-862.588
31	51	0.833	-862.588
31	52	0.833	-862.588
31	53	0.833	-862.588
31	54	0.833	-862.588
31	55	0.833	-862.588
31	56	0.833	-862.588
31	57	0.833	-862.588
31	58	0.833	-862.588
31	59	0.833	-862.588
31	60	0.833	-862.588
31	61	0.833	-862.588
31	62	0.833	-862.588
31	63	0.833	-862.588
31	64	0.833	-862.588
31	65	0.833	-862.588
31	66	0.833	-862.588
31	67	0.833	-862.588
31	68	0.833	-862.588
31	69	0.833	-862.588
31	70	0.833	-862.588
31	71	0.833	-862.588
31	72	0.833	-862.588
31	73	0.833	-862.588
31	74	0.833	-862.588
31	75	0.833	-862.588
31	76	0.833	-862.588
31	77	0.833	-862.588
31	78	0.833	-862.588
31	79	0.833	-862.588
31	80	0.833	-862.588
31	81	0.833	-862.588
31	82	0.833	-862.588
31	83	0.833	-862.588
31	84	0.833	-862.588
31	85	0.833	-862.588
31	86	0.833	-862.588
31	87	0.833	-862.588
31	88	0.833	-862.588
31	89	0.833	-862.588
31	90	0.833	-862.588
31	91	0.833	-862.588
31	92	0.833	-862.588
31	93	0.833	-862.588
31	94	0.833	-862.588
31	95	0.833	-862.588
31	96	0.833	-862.588
31	97	0.833	-862.588
31	98	0.833	-862.588
31	99	0.833	-862.588
31	100	0.833	-862.588
31	101	0.833	-862.588
31	102	0.833	-862.588
31	103	0.833	-862.588
31	104	0.833	-862.588
31	105	0.833	-862.588
31	106	0.833	-862.588
31	107	0.833	-862.588
31	108	0.833	-862.588
31	109	0.833	-862.588
31	110	0.833	-862.588
31	111	0.833	-862.588
31	112	0.833	-862.588
31	113	0.833	-862.588
31	114	0.833	-862.588
31	115	0.833	-862.588
31	116	0.833	-862.588
31	117	0.833	-862.588
31	118	0.833	-862.588
31	119	0.833	-862.588
31	120	0.833	-862.588
31	121	0.833	-862.588
31	122	0.833	-862.588
31	123	0.833	-862.588
31	124	0.833	-862.588
31	125	0.833	-862.588
31	126	0.833	-862.588
31	127	0.833	-862.588
### SDC3-X2
#
32	0	0.833	-861.981
32	1	0.833	-861.981
32	2	0.833	-861.981
32	3	0.833	-861.981
32	4	0.833	-861.981
32	5	0.833	-861.981
32	6	0.833	-861.981
32	7	0.833	-861.981
32	8	0.833	-861.981
32	9	0.833	-861.981
32	10	0.833	-861.981
32	11	0.833	-861.981
32	12	0.833	-861.981
32	13	0.833	-861.981
32	14	0.833	-861.981
32	15	0.833	-861.981
32	16	0.833	-861.981
32	17	0.833	-861.981
32	18	0.833	-861.981
32	19	0.833	-861.981
32	20	0.833	-861.981
32	21	0.833	-861.981
32	22	0.833	-861.981
32	23	0.833	-861.981
32	24	0.833	-861.981
32	25	0.833	-861.981
32	26	0.833	-861.981
32	27	0.833	-861.981
32	28	0.833	-861.981
32	29	0.833	-861.981
32	30	0.833	-861.981
32	31	0.833	-861.981
32	32	0.833	-861.981
32	33	0.833	-861.981
32	34	0.833	-861.981
32	35	0.833	-861.981
32	36	0.833	-861.981
32	37	0.833	-861.981
32	38	0.833	-861.981
32	39	0.833	-861.981
32	40	0.833	-861.981
32	41	0.833	-861.981
32	42	0.833	-861.981
32	43	0.833	-861.981
32	44	0.833	-861.981
32	45	0.833	-861.981
32	46	0.833	-861.981
32	47	0.833	-861.981
32	48	0.833	-861.981
32	49	0.833	-861.981
32	50	0.833	-861.981
32	51	0.833	-861.981
32	52	0.833	-861.981
32	53	0.833	-861.981
32	54	0.833	-861.981
32	55	0.833	-861.981
32	56	0.833	-861.981
32	57	0.833	-861.981
32	58	0.833	-861.981
32	59	0.833	-861.981
32	60	0.833	-861.981
32	61	0.833	-861.981
32	62	0.833	-861.981
32	63	0.833	-861.981
32	64	0.833	-861.981
32	65	0.833	-861.981
32	66	0.833	-861.981
32	67	0.833	-861.981
32	68	0.833	-861.981
32	69	0.833	-861.981
32	70	0.833	-861.981
32	71	0.833	-861.981
32	72	0.833	-861.981
32	73	0.833	-861.981
32	74	0.833	-861.981
32	75	0.833	-861.981
32	76	0.833	-861.981
32	77	0.833	-861.981
32	78	0.833	-861.981
32	79	0.833	-861.981
32	80	0.833	-861.981
32	81	0.833	-861.981
32	82	0.833	-861.981
32	83	0.833	-861.981
32	84	0.833	-861.981
32	85	0.833	-861.981
32	86	0.833	-861.981
32	87	0.833	-861.981
32	88	0.833	-861.981
32	89	0.833	-861.981
32	90	0.833	-861.981
32	91	0.833	-861.981
32	92	0.833	-861.981
32	93	0.833	-861.981
32	94	0.833	-861.981
32	95	0.833	-861.981
32	96	0.833	-861.981
32	97	0.833	-861.981
32	98	0.833	-861.981
32	99	0.833	-861.981
32	100	0.833	-861.981
32	101	0.833	-861.981
32	102	0.833	-861.981
32	103	0.833	-861.981
32	104	0.833	-861.981
32	105	0.833	-861.981
32	106	0.833	-861.981
32	107	0.833	-861.981
32	108	0.833	-861.981
32	109	0.833	-861.981
32	110	0.833	-861.981
32	111	0.833	-861.981
32	112	0.833	-861.981
32	113	0.833	-861.981
32	114	0.833	-861.981
32	115	0.833	-861.981
32	116	0.833	-861.981
32	117	0.833	-861.981
32	118	0.833	-861.981
32	119	0.833	-861.981
32	120	0.833	-861.981
32	121	0.833	-861.981
32	122	0.833	-861.981
32	123	0.833	-861.981
32	124	0.833	-861.981
32	125	0.833	-861.981
32	126	0.833	-861.981
32	127	0.833	-861.981
### SDC3-Y1
#
33	0	0.833	-861.962
33	1	0.833	-861.962
33	2	0.833	-861.962
33	3	0.833	-861.962
33	4	0.833	-861.962
33	5	0.833	-861.962
33	6	0.833	-861.962
33	7	0.833	-861.962
33	8	0.833	-861.962
33	9	0.833	-861.962
33	10	0.833	-861.962
33	11	0.833	-861.962
33	12	0.833	-861.962
33	13	0.833	-861.962
33	14	0.833	-861.962
33	15	0.833	-861.962
33	16	0.833	-861.962
33	17	0.833	-861.962
33	18	0.833	-861.962
33	19	0.833	-861.962
33	20	0.833	-861.962
33	21	0.833	-861.962
33	22	0.833	-861.962
33	23	0.833	-861.962
33	24	0.833	-861.962
33	25	0.833	-861.962
33	26	0.833	-861.962
33	27	0.833	-861.962
33	28	0.833	-861.962
33	29	0.833	-861.962
33	30	0.833	-861.962
33	31	0.833	-861.962
33	32	0.833	-861.962
33	33	0.833	-861.962
33	34	0.833	-861.962
33	35	0.833	-861.962
33	36	0.833	-861.962
33	37	0.833	-861.962
33	38	0.833	-861.962
33	39	0.833	-861.962
33	40	0.833	-861.962
33	41	0.833	-861.962
33	42	0.833	-861.962
33	43	0.833	-861.962
33	44	0.833	-861.962
33	45	0.833	-861.962
33	46	0.833	-861.962
33	47	0.833	-861.962
33	48	0.833	-861.962
33	49	0.833	-861.962
33	50	0.833	-861.962
33	51	0.833	-861.962
33	52	0.833	-861.962
33	53	0.833	-861.962
33	54	0.833	-861.962
33	55	0.833	-861.962
33	56	0.833	-861.962
33	57	0.833	-861.962
33	58	0.833	-861.962
33	59	0.833	-861.962
33	60	0.833	-861.962
33	61	0.833	-861.962
33	62	0.833	-861.962
33	63	0.833	-861.962
33	64	0.833	-861.962
33	65	0.833	-861.962
33	66	0.833	-861.962
33	67	0.833	-861.962
33	68	0.833	-861.962
33	69	0.833	-861.962
33	70	0.833	-861.962
33	71	0.833	-861.962
33	72	0.833	-861.962
33	73	0.833	-861.962
33	74	0.833	-861.962
33	75	0.833	-861.962
33	76	0.833	-861.962
33	77	0.833	-861.962
33	78	0.833	-861.962
33	79	0.833	-861.962
33	80	0.833	-861.962
33	81	0.833	-861.962
33	82	0.833	-861.962
33	83	0.833	-861.962
33	84	0.833	-861.962
33	85	0.833	-861.962
33	86	0.833	-861.962
33	87	0.833	-861.962
33	88	0.833	-861.962
33	89	0.833	-861.962
33	90	0.833	-861.962
33	91	0.833	-861.962
33	92	0.833	-861.962
33	93	0.833	-861.962
33	94	0.833	-861.962
33	95	0.833	-861.962
33	96	0.833	-861.962
33	97	0.833	-861.962
33	98	0.833	-861.962
33	99	0.833	-861.962
33	100	0.833	-861.962
33	101	0.833	-861.962
33	102	0.833	-861.962
33	103	0.833	-861.962
33	104	0.833	-861.962
33	105	0.833	-861.962
33	106	0.833	-861.962
33	107	0.833	-861.962
33	108	0.833	-861.962
33	109	0.833	-861.962
33	110	0.833	-861.962
33	111	0.833	-861.962
33	112	0.833	-861.962
33	113	0.833	-861.962
33	114	0.833	-861.962
33	115	0.833	-861.962
33	116	0.833	-861.962
33	117	0.833	-861.962
33	118	0.833	-861.962
33	119	0.833	-861.962
33	120	0.833	-861.962
33	121	0.833	-861.962
33	122	0.833	-861.962
33	123	0.833	-861.962
33	124	0.833	-861.962
33	125	0.833	-861.962
33	126	0.833	-861.962
33	127	0.833	-861.962
### SDC3-Y2
#
34	0	0.833	-861.923
34	1	0.833	-861.923
34	2	0.833	-861.923
34	3	0.833	-861.923
34	4	0.833	-861.923
34	5	0.833	-861.923
34	6	0.833	-861.923
34	7	0.833	-861.923
34	8	0.833	-861.923
34	9	0.833	-861.923
34	10	0.833	-861.923
34	11	0.833	-861.923
34	12	0.833	-861.923
34	13	0.833	-861.923
34	14	0.833	-861.923
34	15	0.833	-861.923
34	16	0.833	-861.923
34	17	0.833	-861.923
34	18	0.833	-861.923
34	19	0.833	-861.923
34	20	0.833	-861.923
34	21	0.833	-861.923
34	22	0.833	-861.923
34	23	0.833	-861.923
34	24	0.833	-861.923
34	25	0.833	-861.923
34	26	0.833	-861.923
34	27	0.833	-861.923
34	28	0.833	-861.923
34	29	0.833	-861.923
34	30	0.833	-861.923
34	31	0.833	-861.923
34	32	0.833	-861.923
34	33	0.833	-861.923
34	34	0.833	-861.923
34	35	0.833	-861.923
34	36	0.833	-861.923
34	37	0.833	-861.923
34	38	0.833	-861.923
34	39	0.833	-861.923
34	40	0.833	-861.923
34	41	0.833	-861.923
34	42	0.833	-861.923
34	43	0.833	-861.923
34	44	0.833	-861.923
34	45	0.833	-861.923
34	46	0.833	-861.923
34	47	0.833	-861.923
34	48	0.833	-861.923
34	49	0.833	-861.923
34	50	0.833	-861.923
34	51	0.833	-861.923
34	52	0.833	-861.923
34	53	0.833	-861.923
34	54	0.833	-861.923
34	55	0.833	-861.923
34	56	0.833	-861.923
34	57	0.833	-861.923
34	58	0.833	-861.923
34	59	0.833	-861.923
34	60	0.833	-861.923
34	61	0.833	-861.923
34	62	0.833	-861.923
34	63	0.833	-861.923
34	64	0.833	-861.923
34	65	0.833	-861.923
34	66	0.833	-861.923
34	67	0.833	-861.923
34	68	0.833	-861.923
34	69	0.833	-861.923
34	70	0.833	-861.923
34	71	0.833	-861.923
34	72	0.833	-861.923
34	73	0.833	-861.923
34	74	0.833	-861.923
34	75	0.833	-861.923
34	76	0.833	-861.923
34	77	0.833	-861.923
34	78	0.833	-861.923
34	79	0.833	-861.923
34	80	0.833	-861.923
34	81	0.833	-861.923
34	82	0.833	-861.923
34	83	0.833	-861.923
34	84	0.833	-861.923
34	85	0.833	-861.923
34	86	0.833	-861.923
34	87	0.833	-861.923
34	88	0.833	-861.923
34	89	0.833	-861.923
34	90	0.833	-861.923
34	91	0.833	-861.923
34	92	0.833	-861.923
34	93	0.833	-861.923
34	94	0.833	-861.923
34	95	0.833	-861.923
34	96	0.833	-861.923
34	97	0.833	-861.923
34	98	0.833	-861.923
34	99	0.833	-861.923
34	100	0.833	-861.923
34	101	0.833	-861.923
34	102	0.833	-861.923
34	103	0.833	-861.923
34	104	0.833	-861.923
34	105	0.833	-861.923
34	106	0.833	-861.923
34	107	0.833	-861.923
34	108	0.833	-861.923
34	109	0.833	-861.923
34	110	0.833	-861.923
34	111	0.833	-861.923
34	112	0.833	-861.923
34	113	0.833	-861.923
34	114	0.833	-861.923
34	115	0.833	-861.923
34	116	0.833	-861.923
34	117	0.833	-861.923
34	118	0.833	-861.923
34	119	0.833	-861.923
34	120	0.833	-861.923
34	121	0.833	-861.923
34	122	0.833	-861.923
34	123	0.833	-861.923
34	124	0.833	-861.923
34	125	0.833	-861.923
34	126	0.833	-861.923
34	127	0.833	-861.923
### SDC4-Y1
#
35	0	0.833	-860.145
35	1	0.833	-860.145
35	2	0.833	-860.145
35	3	0.833	-860.145
35	4	0.833	-860.145
35	5	0.833	-860.145
35	6	0.833	-860.145
35	7	0.833	-860.145
35	8	0.833	-860.145
35	9	0.833	-860.145
35	10	0.833	-860.145
35	11	0.833	-860.145
35	12	0.833	-860.145
35	13	0.833	-860.145
35	14	0.833	-860.145
35	15	0.833	-860.145
35	16	0.833	-860.145
35	17	0.833	-860.145
35	18	0.833	-860.145
35	19	0.833	-860.145
35	20	0.833	-860.145
35	21	0.833	-860.145
35	22	0.833	-860.145
35	23	0.833	-860.145
35	24	0.833	-860.145
35	25	0.833	-860.145
35	26	0.833	-860.145
35	27	0.833	-860.145
35	28	0.833	-860.145
35	29	0.833	-860.145
35	30	0.833	-860.145
35	31	0.833	-860.145
35	32	0.833	-860.145
35	33	0.833	-860.145
35	34	0.833	-860.145
35	35	0.833	-860.145
35	36	0.833	-860.145
35	37	0.833	-860.145
35	38	0.833	-860.145
35	39	0.833	-860.145
35	40	0.833	-860.145
35	41	0.833	-860.145
35	42	0.833	-860.145
35	43	0.833	-860.145
35	44	0.833	-860.145
35	45	0.833	-860.145
35	46	0.833	-860.145
35	47	0.833	-860.145
35	48	0.833	-860.145
35	49	0.833	-860.145
35	50	0.833	-860.145
35	51	0.833	-860.145
35	52	0.833	-860.145
35	53	0.833	-860.145
35	54	0.833	-860.145
35	55	0.833	-860.145
35	56	0.833	-860.145
35	57	0.833	-860.145
35	58	0.833	-860.145
35	59	0.833	-860.145
35	60	0.833	-860.145
35	61	0.833	-860.145
35	62	0.833	-860.145
35	63	0.833	-860.145
35	64	0.833	-860.145
35	65	0.833	-860.145
35	66	0.833	-860.145
35	67	0.833	-860.145
35	68	0.833	-860.145
35	69	0.833	-860.145
35	70	0.833	-860.145
35	71	0.833	-860.145
35	72	0.833	-860.145
35	73	0.833	-860.145
35	74	0.833	-860.145
35	75	0.833	-860.145
35	76	0.833	-860.145
35	77	0.833	-860.145
35	78	0.833	-860.145
35	79	0.833	-860.145
35	80	0.833	-860.145
35	81	0.833	-860.145
35	82	0.833	-860.145
35	83	0.833	-860.145
35	84	0.833	-860.145
35	85	0.833	-860.145
35	86	0.833	-860.145
35	87	0.833	-860.145
35	88	0.833	-860.145
35	89	0.833	-860.145
35	90	0.833	-860.145
35	91	0.833	-860.145
35	92	0.833	-860.145
35	93	0.833	-860.145
35	94	0.833	-860.145
35	95	0.833	-860.145
35	96	0.833	-860.145
35	97	0.833	-860.145
35	98	0.833	-860.145
35	99	0.833	-860.145
35	100	0.833	-860.145
35	101	0.833	-860.145
35	102	0.833	-860.145
35	103	0.833	-860.145
35	104	0.833	-860.145
35	105	0.833	-860.145
35	106	0.833	-860.145
35	107	0.833	-860.145
35	108	0.833	-860.145
35	109	0.833	-860.145
35	110	0.833	-860.145
35	111	0.833	-860.145
35	112	0.833	-860.145
35	113	0.833	-860.145
35	114	0.833	-860.145
35	115	0.833	-860.145
35	116	0.833	-860.145
35	117	0.833	-860.145
35	118	0.833	-860.145
35	119	0.833	-860.145
35	120	0.833	-860.145
35	121	0.833	-860.145
35	122	0.833	-860.145
35	123	0.833	-860.145
35	124	0.833	-860.145
35	125	0.833	-860.145
35	126	0.833	-860.145
35	127	0.833	-860.145
### SDC4-Y2
#
36	0	0.833	-860.82
36	1	0.833	-860.82
36	2	0.833	-860.82
36	3	0.833	-860.82
36	4	0.833	-860.82
36	5	0.833	-860.82
36	6	0.833	-860.82
36	7	0.833	-860.82
36	8	0.833	-860.82
36	9	0.833	-860.82
36	10	0.833	-860.82
36	11	0.833	-860.82
36	12	0.833	-860.82
36	13	0.833	-860.82
36	14	0.833	-860.82
36	15	0.833	-860.82
36	16	0.833	-860.82
36	17	0.833	-860.82
36	18	0.833	-860.82
36	19	0.833	-860.82
36	20	0.833	-860.82
36	21	0.833	-860.82
36	22	0.833	-860.82
36	23	0.833	-860.82
36	24	0.833	-860.82
36	25	0.833	-860.82
36	26	0.833	-860.82
36	27	0.833	-860.82
36	28	0.833	-860.82
36	29	0.833	-860.82
36	30	0.833	-860.82
36	31	0.833	-860.82
36	32	0.833	-860.82
36	33	0.833	-860.82
36	34	0.833	-860.82
36	35	0.833	-860.82
36	36	0.833	-860.82
36	37	0.833	-860.82
36	38	0.833	-860.82
36	39	0.833	-860.82
36	40	0.833	-860.82
36	41	0.833	-860.82
36	42	0.833	-860.82
36	43	0.833	-860.82
36	44	0.833	-860.82
36	45	0.833	-860.82
36	46	0.833	-860.82
36	47	0.833	-860.82
36	48	0.833	-860.82
36	49	0.833	-860.82
36	50	0.833	-860.82
36	51	0.833	-860.82
36	52	0.833	-860.82
36	53	0.833	-860.82
36	54	0.833	-860.82
36	55	0.833	-860.82
36	56	0.833	-860.82
36	57	0.833	-860.82
36	58	0.833	-860.82
36	59	0.833	-860.82
36	60	0.833	-860.82
36	61	0.833	-860.82
36	62	0.833	-860.82
36	63	0.833	-860.82
36	64	0.833	-860.82
36	65	0.833	-860.82
36	66	0.833	-860.82
36	67	0.833	-860.82
36	68	0.833	-860.82
36	69	0.833	-860.82
36	70	0.833	-860.82
36	71	0.833	-860.82
36	72	0.833	-860.82
36	73	0.833	-860.82
36	74	0.833	-860.82
36	75	0.833	-860.82
36	76	0.833	-860.82
36	77	0.833	-860.82
36	78	0.833	-860.82
36	79	0.833	-860.82
36	80	0.833	-860.82
36	81	0.833	-860.82
36	82	0.833	-860.82
36	83	0.833	-860.82
36	84	0.833	-860.82
36	85	0.833	-860.82
36	86	0.833	-860.82
36	87	0.833	-860.82
36	88	0.833	-860.82
36	89	0.833	-860.82
36	90	0.833	-860.82
36	91	0.833	-860.82
36	92	0.833	-860.82
36	93	0.833	-860.82
36	94	0.833	-860.82
36	95	0.833	-860.82
36	96	0.833	-860.82
36	97	0.833	-860.82
36	98	0.833	-860.82
36	99	0.833	-860.82
36	100	0.833	-860.82
36	101	0.833	-860.82
36	102	0.833	-860.82
36	103	0.833	-860.82
36	104	0.833	-860.82
36	105	0.833	-860.82
36	106	0.833	-860.82
36	107	0.833	-860.82
36	108	0.833	-860.82
36	109	0.833	-860.82
36	110	0.833	-860.82
36	111	0.833	-860.82
36	112	0.833	-860.82
36	113	0.833	-860.82
36	114	0.833	-860.82
36	115	0.833	-860.82
36	116	0.833	-860.82
36	117	0.833	-860.82
36	118	0.833	-860.82
36	119	0.833	-860.82
36	120	0.833	-860.82
36	121	0.833	-860.82
36	122	0.833	-860.82
36	123	0.833	-860.82
36	124	0.833	-860.82
36	125	0.833	-860.82
36	126	0.833	-860.82
36	127	0.833	-860.82
### SDC4-X1
#
37	0	0.833	-859.201
37	1	0.833	-859.201
37	2	0.833	-859.201
37	3	0.833	-859.201
37	4	0.833	-859.201
37	5	0.833	-859.201
37	6	0.833	-859.201
37	7	0.833	-859.201
37	8	0.833	-859.201
37	9	0.833	-859.201
37	10	0.833	-859.201
37	11	0.833	-859.201
37	12	0.833	-859.201
37	13	0.833	-859.201
37	14	0.833	-859.201
37	15	0.833	-859.201
37	16	0.833	-859.201
37	17	0.833	-859.201
37	18	0.833	-859.201
37	19	0.833	-859.201
37	20	0.833	-859.201
37	21	0.833	-859.201
37	22	0.833	-859.201
37	23	0.833	-859.201
37	24	0.833	-859.201
37	25	0.833	-859.201
37	26	0.833	-859.201
37	27	0.833	-859.201
37	28	0.833	-859.201
37	29	0.833	-859.201
37	30	0.833	-859.201
37	31	0.833	-859.201
37	32	0.833	-859.201
37	33	0.833	-859.201
37	34	0.833	-859.201
37	35	0.833	-859.201
37	36	0.833	-859.201
37	37	0.833	-859.201
37	38	0.833	-859.201
37	39	0.833	-859.201
37	40	0.833	-859.201
37	41	0.833	-859.201
37	42	0.833	-859.201
37	43	0.833	-859.201
37	44	0.833	-859.201
37	45	0.833	-859.201
37	46	0.833	-859.201
37	47	0.833	-859.201
37	48	0.833	-859.201
37	49	0.833	-859.201
37	50	0.833	-859.201
37	51	0.833	-859.201
37	52	0.833	-859.201
37	53	0.833	-859.201
37	54	0.833	-859.201
37	55	0.833	-859.201
37	56	0.833	-859.201
37	57	0.833	-859.201
37	58	0.833	-859.201
37	59	0.833	-859.201
37	60	0.833	-859.201
37	61	0.833	-859.201
37	62	0.833	-859.201
37	63	0.833	-859.201
37	64	0.833	-859.201
37	65	0.833	-859.201
37	66	0.833	-859.201
37	67	0.833	-859.201
37	68	0.833	-859.201
37	69	0.833	-859.201
37	70	0.833	-859.201
37	71	0.833	-859.201
37	72	0.833	-859.201
37	73	0.833	-859.201
37	74	0.833	-859.201
37	75	0.833	-859.201
37	76	0.833	-859.201
37	77	0.833	-859.201
37	78	0.833	-859.201
37	79	0.833	-859.201
37	80	0.833	-859.201
37	81	0.833	-859.201
37	82	0.833	-859.201
37	83	0.833	-859.201
37	84	0.833	-859.201
37	85	0.833	-859.201
37	86	0.833	-859.201
37	87	0.833	-859.201
37	88	0.833	-859.201
37	89	0.833	-859.201
37	90	0.833	-859.201
37	91	0.833	-859.201
37	92	0.833	-859.201
37	93	0.833	-859.201
37	94	0.833	-859.201
37	95	0.833	-859.201
37	96	0.833	-859.201
37	97	0.833	-859.201
37	98	0.833	-859.201
37	99	0.833	-859.201
37	100	0.833	-859.201
37	101	0.833	-859.201
37	102	0.833	-859.201
37	103	0.833	-859.201
37	104	0.833	-859.201
37	105	0.833	-859.201
37	106	0.833	-859.201
37	107	0.833	-859.201
37	108	0.833	-859.201
37	109	0.833	-859.201
37	110	0.833	-859.201
37	111	0.833	-859.201
37	112	0.833	-859.201
37	113	0.833	-859.201
37	114	0.833	-859.201
37	115	0.833	-859.201
37	116	0.833	-859.201
37	117	0.833	-859.201
37	118	0.833	-859.201
37	119	0.833	-859.201
37	120	0.833	-859.201
37	121	0.833	-859.201
37	122	0.833	-859.201
37	123	0.833	-859.201
37	124	0.833	-859.201
37	125	0.833	-859.201
37	126	0.833	-859.201
37	127	0.833	-859.201
### SDC4-X2
#
38	0	0.833	-858.906
38	1	0.833	-858.906
38	2	0.833	-858.906
38	3	0.833	-858.906
38	4	0.833	-858.906
38	5	0.833	-858.906
38	6	0.833	-858.906
38	7	0.833	-858.906
38	8	0.833	-858.906
38	9	0.833	-858.906
38	10	0.833	-858.906
38	11	0.833	-858.906
38	12	0.833	-858.906
38	13	0.833	-858.906
38	14	0.833	-858.906
38	15	0.833	-858.906
38	16	0.833	-858.906
38	17	0.833	-858.906
38	18	0.833	-858.906
38	19	0.833	-858.906
38	20	0.833	-858.906
38	21	0.833	-858.906
38	22	0.833	-858.906
38	23	0.833	-858.906
38	24	0.833	-858.906
38	25	0.833	-858.906
38	26	0.833	-858.906
38	27	0.833	-858.906
38	28	0.833	-858.906
38	29	0.833	-858.906
38	30	0.833	-858.906
38	31	0.833	-858.906
38	32	0.833	-858.906
38	33	0.833	-858.906
38	34	0.833	-858.906
38	35	0.833	-858.906
38	36	0.833	-858.906
38	37	0.833	-858.906
38	38	0.833	-858.906
38	39	0.833	-858.906
38	40	0.833	-858.906
38	41	0.833	-858.906
38	42	0.833	-858.906
38	43	0.833	-858.906
38	44	0.833	-858.906
38	45	0.833	-858.906
38	46	0.833	-858.906
38	47	0.833	-858.906
38	48	0.833	-858.906
38	49	0.833	-858.906
38	50	0.833	-858.906
38	51	0.833	-858.906
38	52	0.833	-858.906
38	53	0.833	-858.906
38	54	0.833	-858.906
38	55	0.833	-858.906
38	56	0.833	-858.906
38	57	0.833	-858.906
38	58	0.833	-858.906
38	59	0.833	-858.906
38	60	0.833	-858.906
38	61	0.833	-858.906
38	62	0.833	-858.906
38	63	0.833	-858.906
38	64	0.833	-858.906
38	65	0.833	-858.906
38	66	0.833	-858.906
38	67	0.833	-858.906
38	68	0.833	-858.906
38	69	0.833	-858.906
38	70	0.833	-858.906
38	71	0.833	-858.906
38	72	0.833	-858.906
38	73	0.833	-858.906
38	74	0.833	-858.906
38	75	0.833	-858.906
38	76	0.833	-858.906
38	77	0.833	-858.906
38	78	0.833	-858.906
38	79	0.833	-858.906
38	80	0.833	-858.906
38	81	0.833	-858.906
38	82	0.833	-858.906
38	83	0.833	-858.906
38	84	0.833	-858.906
38	85	0.833	-858.906
38	86	0.833	-858.906
38	87	0.833	-858.906
38	88	0.833	-858.906
38	89	0.833	-858.906
38	90	0.833	-858.906
38	91	0.833	-858.906
38	92	0.833	-858.906
38	93	0.833	-858.906
38	94	0.833	-858.906
38	95	0.833	-858.906
38	96	0.833	-858.906
38	97	0.833	-858.906
38	98	0.833	-858.906
38	99	0.833	-858.906
38	100	0.833	-858.906
38	101	0.833	-858.906
38	102	0.833	-858.906
38	103	0.833	-858.906
38	104	0.833	-858.906
38	105	0.833	-858.906
38	106	0.833	-858.906
38	107	0.833	-858.906
38	108	0.833	-858.906
38	109	0.833	-858.906
38	110	0.833	-858.906
38	111	0.833	-858.906
38	112	0.833	-858.906
38	113	0.833	-858.906
38	114	0.833	-858.906
38	115	0.833	-858.906
38	116	0.833	-858.906
38	117	0.833	-858.906
38	118	0.833	-858.906
38	119	0.833	-858.906
38	120	0.833	-858.906
38	121	0.833	-858.906
38	122	0.833	-858.906
38	123	0.833	-858.906
38	124	0.833	-858.906
38	125	0.833	-858.906
38	126	0.833	-858.906
38	127	0.833	-858.906
### SDC5-Y1
#
39	0	0.833	-859.279
39	1	0.833	-859.279
39	2	0.833	-859.279
39	3	0.833	-859.279
39	4	0.833	-859.279
39	5	0.833	-859.279
39	6	0.833	-859.279
39	7	0.833	-859.279
39	8	0.833	-859.279
39	9	0.833	-859.279
39	10	0.833	-859.279
39	11	0.833	-859.279
39	12	0.833	-859.279
39	13	0.833	-859.279
39	14	0.833	-859.279
39	15	0.833	-859.279
39	16	0.833	-859.279
39	17	0.833	-859.279
39	18	0.833	-859.279
39	19	0.833	-859.279
39	20	0.833	-859.279
39	21	0.833	-859.279
39	22	0.833	-859.279
39	23	0.833	-859.279
39	24	0.833	-859.279
39	25	0.833	-859.279
39	26	0.833	-859.279
39	27	0.833	-859.279
39	28	0.833	-859.279
39	29	0.833	-859.279
39	30	0.833	-859.279
39	31	0.833	-859.279
39	32	0.833	-859.279
39	33	0.833	-859.279
39	34	0.833	-859.279
39	35	0.833	-859.279
39	36	0.833	-859.279
39	37	0.833	-859.279
39	38	0.833	-859.279
39	39	0.833	-859.279
39	40	0.833	-859.279
39	41	0.833	-859.279
39	42	0.833	-859.279
39	43	0.833	-859.279
39	44	0.833	-859.279
39	45	0.833	-859.279
39	46	0.833	-859.279
39	47	0.833	-859.279
39	48	0.833	-859.279
39	49	0.833	-859.279
39	50	0.833	-859.279
39	51	0.833	-859.279
39	52	0.833	-859.279
39	53	0.833	-859.279
39	54	0.833	-859.279
39	55	0.833	-859.279
39	56	0.833	-859.279
39	57	0.833	-859.279
39	58	0.833	-859.279
39	59	0.833	-859.279
39	60	0.833	-859.279
39	61	0.833	-859.279
39	62	0.833	-859.279
39	63	0.833	-859.279
39	64	0.833	-859.279
39	65	0.833	-859.279
39	66	0.833	-859.279
39	67	0.833	-859.279
39	68	0.833	-859.279
39	69	0.833	-859.279
39	70	0.833	-859.279
39	71	0.833	-859.279
39	72	0.833	-859.279
39	73	0.833	-859.279
39	74	0.833	-859.279
39	75	0.833	-859.279
39	76	0.833	-859.279
39	77	0.833	-859.279
39	78	0.833	-859.279
39	79	0.833	-859.279
39	80	0.833	-859.279
39	81	0.833	-859.279
39	82	0.833	-859.279
39	83	0.833	-859.279
39	84	0.833	-859.279
39	85	0.833	-859.279
39	86	0.833	-859.279
39	87	0.833	-859.279
39	88	0.833	-859.279
39	89	0.833	-859.279
39	90	0.833	-859.279
39	91	0.833	-859.279
39	92	0.833	-859.279
39	93	0.833	-859.279
39	94	0.833	-859.279
39	95	0.833	-859.279
### SDC5-Y2
#
40	0	0.833	-857.083
40	1	0.833	-857.083
40	2	0.833	-857.083
40	3	0.833	-857.083
40	4	0.833	-857.083
40	5	0.833	-857.083
40	6	0.833	-857.083
40	7	0.833	-857.083
40	8	0.833	-857.083
40	9	0.833	-857.083
40	10	0.833	-857.083
40	11	0.833	-857.083
40	12	0.833	-857.083
40	13	0.833	-857.083
40	14	0.833	-857.083
40	15	0.833	-857.083
40	16	0.833	-857.083
40	17	0.833	-857.083
40	18	0.833	-857.083
40	19	0.833	-857.083
40	20	0.833	-857.083
40	21	0.833	-857.083
40	22	0.833	-857.083
40	23	0.833	-857.083
40	24	0.833	-857.083
40	25	0.833	-857.083
40	26	0.833	-857.083
40	27	0.833	-857.083
40	28	0.833	-857.083
40	29	0.833	-857.083
40	30	0.833	-857.083
40	31	0.833	-857.083
40	32	0.833	-857.083
40	33	0.833	-857.083
40	34	0.833	-857.083
40	35	0.833	-857.083
40	36	0.833	-857.083
40	37	0.833	-857.083
40	38	0.833	-857.083
40	39	0.833	-857.083
40	40	0.833	-857.083
40	41	0.833	-857.083
40	42	0.833	-857.083
40	43	0.833	-857.083
40	44	0.833	-857.083
40	45	0.833	-857.083
40	46	0.833	-857.083
40	47	0.833	-857.083
40	48	0.833	-857.083
40	49	0.833	-857.083
40	50	0.833	-857.083
40	51	0.833	-857.083
40	52	0.833	-857.083
40	53	0.833	-857.083
40	54	0.833	-857.083
40	55	0.833	-857.083
40	56	0.833	-857.083
40	57	0.833	-857.083
40	58	0.833	-857.083
40	59	0.833	-857.083
40	60	0.833	-857.083
40	61	0.833	-857.083
40	62	0.833	-857.083
40	63	0.833	-857.083
40	64	0.833	-857.083
40	65	0.833	-857.083
40	66	0.833	-857.083
40	67	0.833	-857.083
40	68	0.833	-857.083
40	69	0.833	-857.083
40	70	0.833	-857.083
40	71	0.833	-857.083
40	72	0.833	-857.083
40	73	0.833	-857.083
40	74	0.833	-857.083
40	75	0.833	-857.083
40	76	0.833	-857.083
40	77	0.833	-857.083
40	78	0.833	-857.083
40	79	0.833	-857.083
40	80	0.833	-857.083
40	81	0.833	-857.083
40	82	0.833	-857.083
40	83	0.833	-857.083
40	84	0.833	-857.083
40	85	0.833	-857.083
40	86	0.833	-857.083
40	87	0.833	-857.083
40	88	0.833	-857.083
40	89	0.833	-857.083
40	90	0.833	-857.083
40	91	0.833	-857.083
40	92	0.833	-857.083
40	93	0.833	-857.083
40	94	0.833	-857.083
40	95	0.833	-857.083
### SDC5-X1
#
41	0	0.833	-859.648
41	1	0.833	-859.648
41	2	0.833	-859.648
41	3	0.833	-859.648
41	4	0.833	-859.648
41	5	0.833	-859.648
41	6	0.833	-859.648
41	7	0.833	-859.648
41	8	0.833	-859.648
41	9	0.833	-859.648
41	10	0.833	-859.648
41	11	0.833	-859.648
41	12	0.833	-859.648
41	13	0.833	-859.648
41	14	0.833	-859.648
41	15	0.833	-859.648
41	16	0.833	-859.648
41	17	0.833	-859.648
41	18	0.833	-859.648
41	19	0.833	-859.648
41	20	0.833	-859.648
41	21	0.833	-859.648
41	22	0.833	-859.648
41	23	0.833	-859.648
41	24	0.833	-859.648
41	25	0.833	-859.648
41	26	0.833	-859.648
41	27	0.833	-859.648
41	28	0.833	-859.648
41	29	0.833	-859.648
41	30	0.833	-859.648
41	31	0.833	-859.648
41	32	0.833	-859.648
41	33	0.833	-859.648
41	34	0.833	-859.648
41	35	0.833	-859.648
41	36	0.833	-859.648
41	37	0.833	-859.648
41	38	0.833	-859.648
41	39	0.833	-859.648
41	40	0.833	-859.648
41	41	0.833	-859.648
41	42	0.833	-859.648
41	43	0.833	-859.648
41	44	0.833	-859.648
41	45	0.833	-859.648
41	46	0.833	-859.648
41	47	0.833	-859.648
41	48	0.833	-859.648
41	49	0.833	-859.648
41	50	0.833	-859.648
41	51	0.833	-859.648
41	52	0.833	-859.648
41	53	0.833	-859.648
41	54	0.833	-859.648
41	55	0.833	-859.648
41	56	0.833	-859.648
41	57	0.833	-859.648
41	58	0.833	-859.648
41	59	0.833	-859.648
41	60	0.833	-859.648
41	61	0.833	-859.648
41	62	0.833	-859.648
41	63	0.833	-859.648
41	64	0.833	-859.648
41	65	0.833	-859.648
41	66	0.833	-859.648
41	67	0.833	-859.648
41	68	0.833	-859.648
41	69	0.833	-859.648
41	70	0.833	-859.648
41	71	0.833	-859.648
41	72	0.833	-859.648
41	73	0.833	-859.648
41	74	0.833	-859.648
41	75	0.833	-859.648
41	76	0.833	-859.648
41	77	0.833	-859.648
41	78	0.833	-859.648
41	79	0.833	-859.648
41	80	0.833	-859.648
41	81	0.833	-859.648
41	82	0.833	-859.648
41	83	0.833	-859.648
41	84	0.833	-859.648
41	85	0.833	-859.648
41	86	0.833	-859.648
41	87	0.833	-859.648
41	88	0.833	-859.648
41	89	0.833	-859.648
41	90	0.833	-859.648
41	91	0.833	-859.648
41	92	0.833	-859.648
41	93	0.833	-859.648
41	94	0.833	-859.648
41	95	0.833	-859.648
41	96	0.833	-859.648
41	97	0.833	-859.648
41	98	0.833	-859.648
41	99	0.833	-859.648
41	100	0.833	-859.648
41	101	0.833	-859.648
41	102	0.833	-859.648
41	103	0.833	-859.648
41	104	0.833	-859.648
41	105	0.833	-859.648
41	106	0.833	-859.648
41	107	0.833	-859.648
41	108	0.833	-859.648
41	109	0.833	-859.648
41	110	0.833	-859.648
41	111	0.833	-859.648
41	112	0.833	-859.648
41	113	0.833	-859.648
41	114	0.833	-859.648
41	115	0.833	-859.648
41	116	0.833	-859.648
41	117	0.833	-859.648
41	118	0.833	-859.648
41	119	0.833	-859.648
41	120	0.833	-859.648
41	121	0.833	-859.648
41	122	0.833	-859.648
41	123	0.833	-859.648
41	124	0.833	-859.648
41	125	0.833	-859.648
41	126	0.833	-859.648
41	127	0.833	-859.648
### SDC5-X2
#
42	0	0.833	-860.112
42	1	0.833	-860.112
42	2	0.833	-860.112
42	3	0.833	-860.112
42	4	0.833	-860.112
42	5	0.833	-860.112
42	6	0.833	-860.112
42	7	0.833	-860.112
42	8	0.833	-860.112
42	9	0.833	-860.112
42	10	0.833	-860.112
42	11	0.833	-860.112
42	12	0.833	-860.112
42	13	0.833	-860.112
42	14	0.833	-860.112
42	15	0.833	-860.112
42	16	0.833	-860.112
42	17	0.833	-860.112
42	18	0.833	-860.112
42	19	0.833	-860.112
42	20	0.833	-860.112
42	21	0.833	-860.112
42	22	0.833	-860.112
42	23	0.833	-860.112
42	24	0.833	-860.112
42	25	0.833	-860.112
42	26	0.833	-860.112
42	27	0.833	-860.112
42	28	0.833	-860.112
42	29	0.833	-860.112
42	30	0.833	-860.112
42	31	0.833	-860.112
42	32	0.833	-860.112
42	33	0.833	-860.112
42	34	0.833	-860.112
42	35	0.833	-860.112
42	36	0.833	-860.112
42	37	0.833	-860.112
42	38	0.833	-860.112
42	39	0.833	-860.112
42	40	0.833	-860.112
42	41	0.833	-860.112
42	42	0.833	-860.112
42	43	0.833	-860.112
42	44	0.833	-860.112
42	45	0.833	-860.112
42	46	0.833	-860.112
42	47	0.833	-860.112
42	48	0.833	-860.112
42	49	0.833	-860.112
42	50	0.833	-860.112
42	51	0.833	-860.112
42	52	0.833	-860.112
42	53	0.833	-860.112
42	54	0.833	-860.112
42	55	0.833	-860.112
42	56	0.833	-860.112
42	57	0.833	-860.112
42	58	0.833	-860.112
42	59	0.833	-860.112
42	60	0.833	-860.112
42	61	0.833	-860.112
42	62	0.833	-860.112
42	63	0.833	-860.112
42	64	0.833	-860.112
42	65	0.833	-860.112
42	66	0.833	-860.112
42	67	0.833	-860.112
42	68	0.833	-860.112
42	69	0.833	-860.112
42	70	0.833	-860.112
42	71	0.833	-860.112
42	72	0.833	-860.112
42	73	0.833	-860.112
42	74	0.833	-860.112
42	75	0.833	-860.112
42	76	0.833	-860.112
42	77	0.833	-860.112
42	78	0.833	-860.112
42	79	0.833	-860.112
42	80	0.833	-860.112
42	81	0.833	-860.112
42	82	0.833	-860.112
42	83	0.833	-860.112
42	84	0.833	-860.112
42	85	0.833	-860.112
42	86	0.833	-860.112
42	87	0.833	-860.112
42	88	0.833	-860.112
42	89	0.833	-860.112
42	90	0.833	-860.112
42	91	0.833	-860.112
42	92	0.833	-860.112
42	93	0.833	-860.112
42	94	0.833	-860.112
42	95	0.833	-860.112
42	96	0.833	-860.112
42	97	0.833	-860.112
42	98	0.833	-860.112
42	99	0.833	-860.112
42	100	0.833	-860.112
42	101	0.833	-860.112
42	102	0.833	-860.112
42	103	0.833	-860.112
42	104	0.833	-860.112
42	105	0.833	-860.112
42	106	0.833	-860.112
42	107	0.833	-860.112
42	108	0.833	-860.112
42	109	0.833	-860.112
42	110	0.833	-860.112
42	111	0.833	-860.112
42	112	0.833	-860.112
42	113	0.833	-860.112
42	114	0.833	-860.112
42	115	0.833	-860.112
42	116	0.833	-860.112
42	117	0.833	-860.112
42	118	0.833	-860.112
42	119	0.833	-860.112
42	120	0.833	-860.112
42	121	0.833	-860.112
42	122	0.833	-860.112
42	123	0.833	-860.112
42	124	0.833	-860.112
42	125	0.833	-860.112
42	126	0.833	-860.112
42	127	0.833	-860.112
