##
#  file: DCTdcCalib_e70_20230526
#  date: 2021-05-26
#  note: first version
#        Changed WireId to 0-based
#
#
#######################################################################
# Id	WireId	p1	p0
#
### BC3-X1
#
113	0	0.833	-1031.24
113	1	0.833	-1031.24
113	2	0.833	-1031.24
113	3	0.833	-1031.24
113	4	0.833	-1031.24
113	5	0.833	-1031.24
113	6	0.833	-1031.24
113	7	0.833	-1031.24
113	8	0.833	-1031.24
113	9	0.833	-1031.24
113	10	0.833	-1031.24
113	11	0.833	-1031.24
113	12	0.833	-1031.24
113	13	0.833	-1031.24
113	14	0.833	-1031.24
113	15	0.833	-1031.24
113	16	0.833	-1031.24
113	17	0.833	-1031.24
113	18	0.833	-1031.24
113	19	0.833	-1031.24
113	20	0.833	-1031.24
113	21	0.833	-1031.24
113	22	0.833	-1031.24
113	23	0.833	-1031.24
113	24	0.833	-1031.24
113	25	0.833	-1031.24
113	26	0.833	-1031.24
113	27	0.833	-1031.24
113	28	0.833	-1031.24
113	29	0.833	-1031.24
113	30	0.833	-1031.24
113	31	0.833	-1031.24
113	32	0.833	-1031.24
113	33	0.833	-1031.24
113	34	0.833	-1031.24
113	35	0.833	-1031.24
113	36	0.833	-1031.24
113	37	0.833	-1031.24
113	38	0.833	-1031.24
113	39	0.833	-1031.24
113	40	0.833	-1031.24
113	41	0.833	-1031.24
113	42	0.833	-1031.24
113	43	0.833	-1031.24
113	44	0.833	-1031.24
113	45	0.833	-1031.24
113	46	0.833	-1031.24
113	47	0.833	-1031.24
113	48	0.833	-1031.24
113	49	0.833	-1031.24
113	50	0.833	-1031.24
113	51	0.833	-1031.24
113	52	0.833	-1031.24
113	53	0.833	-1031.24
113	54	0.833	-1031.24
113	55	0.833	-1031.24
113	56	0.833	-1031.24
113	57	0.833	-1031.24
113	58	0.833	-1031.24
113	59	0.833	-1031.24
113	60	0.833	-1031.24
113	61	0.833	-1031.24
113	62	0.833	-1031.24
113	63	0.833	-1031.24
### BC3-X2
#
114	0	0.833	-1028.41
114	1	0.833	-1028.41
114	2	0.833	-1028.41
114	3	0.833	-1028.41
114	4	0.833	-1028.41
114	5	0.833	-1028.41
114	6	0.833	-1028.41
114	7	0.833	-1028.41
114	8	0.833	-1028.41
114	9	0.833	-1028.41
114	10	0.833	-1028.41
114	11	0.833	-1028.41
114	12	0.833	-1028.41
114	13	0.833	-1028.41
114	14	0.833	-1028.41
114	15	0.833	-1028.41
114	16	0.833	-1028.41
114	17	0.833	-1028.41
114	18	0.833	-1028.41
114	19	0.833	-1028.41
114	20	0.833	-1028.41
114	21	0.833	-1028.41
114	22	0.833	-1028.41
114	23	0.833	-1028.41
114	24	0.833	-1028.41
114	25	0.833	-1028.41
114	26	0.833	-1028.41
114	27	0.833	-1028.41
114	28	0.833	-1028.41
114	29	0.833	-1028.41
114	30	0.833	-1028.41
114	31	0.833	-1028.41
114	32	0.833	-1028.41
114	33	0.833	-1028.41
114	34	0.833	-1028.41
114	35	0.833	-1028.41
114	36	0.833	-1028.41
114	37	0.833	-1028.41
114	38	0.833	-1028.41
114	39	0.833	-1028.41
114	40	0.833	-1028.41
114	41	0.833	-1028.41
114	42	0.833	-1028.41
114	43	0.833	-1028.41
114	44	0.833	-1028.41
114	45	0.833	-1028.41
114	46	0.833	-1028.41
114	47	0.833	-1028.41
114	48	0.833	-1028.41
114	49	0.833	-1028.41
114	50	0.833	-1028.41
114	51	0.833	-1028.41
114	52	0.833	-1028.41
114	53	0.833	-1028.41
114	54	0.833	-1028.41
114	55	0.833	-1028.41
114	56	0.833	-1028.41
114	57	0.833	-1028.41
114	58	0.833	-1028.41
114	59	0.833	-1028.41
114	60	0.833	-1028.41
114	61	0.833	-1028.41
114	62	0.833	-1028.41
114	63	0.833	-1028.41
### BC3-V1
#
115	0	0.833	-1029.14
115	1	0.833	-1029.14
115	2	0.833	-1029.14
115	3	0.833	-1029.14
115	4	0.833	-1029.14
115	5	0.833	-1029.14
115	6	0.833	-1029.14
115	7	0.833	-1029.14
115	8	0.833	-1029.14
115	9	0.833	-1029.14
115	10	0.833	-1029.14
115	11	0.833	-1029.14
115	12	0.833	-1029.14
115	13	0.833	-1029.14
115	14	0.833	-1029.14
115	15	0.833	-1029.14
115	16	0.833	-1029.14
115	17	0.833	-1029.14
115	18	0.833	-1029.14
115	19	0.833	-1029.14
115	20	0.833	-1029.14
115	21	0.833	-1029.14
115	22	0.833	-1029.14
115	23	0.833	-1029.14
115	24	0.833	-1029.14
115	25	0.833	-1029.14
115	26	0.833	-1029.14
115	27	0.833	-1029.14
115	28	0.833	-1029.14
115	29	0.833	-1029.14
115	30	0.833	-1029.14
115	31	0.833	-1029.14
115	32	0.833	-1029.14
115	33	0.833	-1029.14
115	34	0.833	-1029.14
115	35	0.833	-1029.14
115	36	0.833	-1029.14
115	37	0.833	-1029.14
115	38	0.833	-1029.14
115	39	0.833	-1029.14
115	40	0.833	-1029.14
115	41	0.833	-1029.14
115	42	0.833	-1029.14
115	43	0.833	-1029.14
115	44	0.833	-1029.14
115	45	0.833	-1029.14
115	46	0.833	-1029.14
115	47	0.833	-1029.14
115	48	0.833	-1029.14
115	49	0.833	-1029.14
115	50	0.833	-1029.14
115	51	0.833	-1029.14
115	52	0.833	-1029.14
115	53	0.833	-1029.14
115	54	0.833	-1029.14
115	55	0.833	-1029.14
115	56	0.833	-1029.14
115	57	0.833	-1029.14
115	58	0.833	-1029.14
115	59	0.833	-1029.14
115	60	0.833	-1029.14
115	61	0.833	-1029.14
115	62	0.833	-1029.14
115	63	0.833	-1029.14
### BC3-V2
#
116	0	0.833	-1026.56
116	1	0.833	-1026.56
116	2	0.833	-1026.56
116	3	0.833	-1026.56
116	4	0.833	-1026.56
116	5	0.833	-1026.56
116	6	0.833	-1026.56
116	7	0.833	-1026.56
116	8	0.833	-1026.56
116	9	0.833	-1026.56
116	10	0.833	-1026.56
116	11	0.833	-1026.56
116	12	0.833	-1026.56
116	13	0.833	-1026.56
116	14	0.833	-1026.56
116	15	0.833	-1026.56
116	16	0.833	-1026.56
116	17	0.833	-1026.56
116	18	0.833	-1026.56
116	19	0.833	-1026.56
116	20	0.833	-1026.56
116	21	0.833	-1026.56
116	22	0.833	-1026.56
116	23	0.833	-1026.56
116	24	0.833	-1026.56
116	25	0.833	-1026.56
116	26	0.833	-1026.56
116	27	0.833	-1026.56
116	28	0.833	-1026.56
116	29	0.833	-1026.56
116	30	0.833	-1026.56
116	31	0.833	-1026.56
116	32	0.833	-1026.56
116	33	0.833	-1026.56
116	34	0.833	-1026.56
116	35	0.833	-1026.56
116	36	0.833	-1026.56
116	37	0.833	-1026.56
116	38	0.833	-1026.56
116	39	0.833	-1026.56
116	40	0.833	-1026.56
116	41	0.833	-1026.56
116	42	0.833	-1026.56
116	43	0.833	-1026.56
116	44	0.833	-1026.56
116	45	0.833	-1026.56
116	46	0.833	-1026.56
116	47	0.833	-1026.56
116	48	0.833	-1026.56
116	49	0.833	-1026.56
116	50	0.833	-1026.56
116	51	0.833	-1026.56
116	52	0.833	-1026.56
116	53	0.833	-1026.56
116	54	0.833	-1026.56
116	55	0.833	-1026.56
116	56	0.833	-1026.56
116	57	0.833	-1026.56
116	58	0.833	-1026.56
116	59	0.833	-1026.56
116	60	0.833	-1026.56
116	61	0.833	-1026.56
116	62	0.833	-1026.56
116	63	0.833	-1026.56
### BC3-U1
#
117	0	0.833	-1030.10
117	1	0.833	-1030.10
117	2	0.833	-1030.10
117	3	0.833	-1030.10
117	4	0.833	-1030.10
117	5	0.833	-1030.10
117	6	0.833	-1030.10
117	7	0.833	-1030.10
117	8	0.833	-1030.10
117	9	0.833	-1030.10
117	10	0.833	-1030.10
117	11	0.833	-1030.10
117	12	0.833	-1030.10
117	13	0.833	-1030.10
117	14	0.833	-1030.10
117	15	0.833	-1030.10
117	16	0.833	-1030.10
117	17	0.833	-1030.10
117	18	0.833	-1030.10
117	19	0.833	-1030.10
117	20	0.833	-1030.10
117	21	0.833	-1030.10
117	22	0.833	-1030.10
117	23	0.833	-1030.10
117	24	0.833	-1030.10
117	25	0.833	-1030.10
117	26	0.833	-1030.10
117	27	0.833	-1030.10
117	28	0.833	-1030.10
117	29	0.833	-1030.10
117	30	0.833	-1030.10
117	31	0.833	-1030.10
117	32	0.833	-1030.10
117	33	0.833	-1030.10
117	34	0.833	-1030.10
117	35	0.833	-1030.10
117	36	0.833	-1030.10
117	37	0.833	-1030.10
117	38	0.833	-1030.10
117	39	0.833	-1030.10
117	40	0.833	-1030.10
117	41	0.833	-1030.10
117	42	0.833	-1030.10
117	43	0.833	-1030.10
117	44	0.833	-1030.10
117	45	0.833	-1030.10
117	46	0.833	-1030.10
117	47	0.833	-1030.10
117	48	0.833	-1030.10
117	49	0.833	-1030.10
117	50	0.833	-1030.10
117	51	0.833	-1030.10
117	52	0.833	-1030.10
117	53	0.833	-1030.10
117	54	0.833	-1030.10
117	55	0.833	-1030.10
117	56	0.833	-1030.10
117	57	0.833	-1030.10
117	58	0.833	-1030.10
117	59	0.833	-1030.10
117	60	0.833	-1030.10
117	61	0.833	-1030.10
117	62	0.833	-1030.10
117	63	0.833	-1030.10
### BC3-U2
#
118	0	0.833	-1023.00
118	1	0.833	-1023.00
118	2	0.833	-1023.00
118	3	0.833	-1023.00
118	4	0.833	-1023.00
118	5	0.833	-1023.00
118	6	0.833	-1023.00
118	7	0.833	-1023.00
118	8	0.833	-1023.00
118	9	0.833	-1023.00
118	10	0.833	-1023.00
118	11	0.833	-1023.00
118	12	0.833	-1023.00
118	13	0.833	-1023.00
118	14	0.833	-1023.00
118	15	0.833	-1023.00
118	16	0.833	-1023.00
118	17	0.833	-1023.00
118	18	0.833	-1023.00
118	19	0.833	-1023.00
118	20	0.833	-1023.00
118	21	0.833	-1023.00
118	22	0.833	-1023.00
118	23	0.833	-1023.00
118	24	0.833	-1023.00
118	25	0.833	-1023.00
118	26	0.833	-1023.00
118	27	0.833	-1023.00
118	28	0.833	-1023.00
118	29	0.833	-1023.00
118	30	0.833	-1023.00
118	31	0.833	-1023.00
118	32	0.833	-1023.00
118	33	0.833	-1023.00
118	34	0.833	-1023.00
118	35	0.833	-1023.00
118	36	0.833	-1023.00
118	37	0.833	-1023.00
118	38	0.833	-1023.00
118	39	0.833	-1023.00
118	40	0.833	-1023.00
118	41	0.833	-1023.00
118	42	0.833	-1023.00
118	43	0.833	-1023.00
118	44	0.833	-1023.00
118	45	0.833	-1023.00
118	46	0.833	-1023.00
118	47	0.833	-1023.00
118	48	0.833	-1023.00
118	49	0.833	-1023.00
118	50	0.833	-1023.00
118	51	0.833	-1023.00
118	52	0.833	-1023.00
118	53	0.833	-1023.00
118	54	0.833	-1023.00
118	55	0.833	-1023.00
118	56	0.833	-1023.00
118	57	0.833	-1023.00
118	58	0.833	-1023.00
118	59	0.833	-1023.00
118	60	0.833	-1023.00
118	61	0.833	-1023.00
118	62	0.833	-1023.00
118	63	0.833	-1023.00
### BC4-U1
#
119	0	0.833	-1027.80
119	1	0.833	-1027.80
119	2	0.833	-1027.80
119	3	0.833	-1027.80
119	4	0.833	-1027.80
119	5	0.833	-1027.80
119	6	0.833	-1027.80
119	7	0.833	-1027.80
119	8	0.833	-1027.80
119	9	0.833	-1027.80
119	10	0.833	-1027.80
119	11	0.833	-1027.80
119	12	0.833	-1027.80
119	13	0.833	-1027.80
119	14	0.833	-1027.80
119	15	0.833	-1027.80
119	16	0.833	-1027.80
119	17	0.833	-1027.80
119	18	0.833	-1027.80
119	19	0.833	-1027.80
119	20	0.833	-1027.80
119	21	0.833	-1027.80
119	22	0.833	-1027.80
119	23	0.833	-1027.80
119	24	0.833	-1027.80
119	25	0.833	-1027.80
119	26	0.833	-1027.80
119	27	0.833	-1027.80
119	28	0.833	-1027.80
119	29	0.833	-1027.80
119	30	0.833	-1027.80
119	31	0.833	-1027.80
119	32	0.833	-1027.80
119	33	0.833	-1027.80
119	34	0.833	-1027.80
119	35	0.833	-1027.80
119	36	0.833	-1027.80
119	37	0.833	-1027.80
119	38	0.833	-1027.80
119	39	0.833	-1027.80
119	40	0.833	-1027.80
119	41	0.833	-1027.80
119	42	0.833	-1027.80
119	43	0.833	-1027.80
119	44	0.833	-1027.80
119	45	0.833	-1027.80
119	46	0.833	-1027.80
119	47	0.833	-1027.80
119	48	0.833	-1027.80
119	49	0.833	-1027.80
119	50	0.833	-1027.80
119	51	0.833	-1027.80
119	52	0.833	-1027.80
119	53	0.833	-1027.80
119	54	0.833	-1027.80
119	55	0.833	-1027.80
119	56	0.833	-1027.80
119	57	0.833	-1027.80
119	58	0.833	-1027.80
119	59	0.833	-1027.80
119	60	0.833	-1027.80
119	61	0.833	-1027.80
119	62	0.833	-1027.80
119	63	0.833	-1027.80
### BC4-U2
#
120	0	0.833	-1026.11
120	1	0.833	-1026.11
120	2	0.833	-1026.11
120	3	0.833	-1026.11
120	4	0.833	-1026.11
120	5	0.833	-1026.11
120	6	0.833	-1026.11
120	7	0.833	-1026.11
120	8	0.833	-1026.11
120	9	0.833	-1026.11
120	10	0.833	-1026.11
120	11	0.833	-1026.11
120	12	0.833	-1026.11
120	13	0.833	-1026.11
120	14	0.833	-1026.11
120	15	0.833	-1026.11
120	16	0.833	-1026.11
120	17	0.833	-1026.11
120	18	0.833	-1026.11
120	19	0.833	-1026.11
120	20	0.833	-1026.11
120	21	0.833	-1026.11
120	22	0.833	-1026.11
120	23	0.833	-1026.11
120	24	0.833	-1026.11
120	25	0.833	-1026.11
120	26	0.833	-1026.11
120	27	0.833	-1026.11
120	28	0.833	-1026.11
120	29	0.833	-1026.11
120	30	0.833	-1026.11
120	31	0.833	-1026.11
120	32	0.833	-1026.11
120	33	0.833	-1026.11
120	34	0.833	-1026.11
120	35	0.833	-1026.11
120	36	0.833	-1026.11
120	37	0.833	-1026.11
120	38	0.833	-1026.11
120	39	0.833	-1026.11
120	40	0.833	-1026.11
120	41	0.833	-1026.11
120	42	0.833	-1026.11
120	43	0.833	-1026.11
120	44	0.833	-1026.11
120	45	0.833	-1026.11
120	46	0.833	-1026.11
120	47	0.833	-1026.11
120	48	0.833	-1026.11
120	49	0.833	-1026.11
120	50	0.833	-1026.11
120	51	0.833	-1026.11
120	52	0.833	-1026.11
120	53	0.833	-1026.11
120	54	0.833	-1026.11
120	55	0.833	-1026.11
120	56	0.833	-1026.11
120	57	0.833	-1026.11
120	58	0.833	-1026.11
120	59	0.833	-1026.11
120	60	0.833	-1026.11
120	61	0.833	-1026.11
120	62	0.833	-1026.11
120	63	0.833	-1026.11
### BC4-V1
#
121	0	0.833	-1027.47
121	1	0.833	-1027.47
121	2	0.833	-1027.47
121	3	0.833	-1027.47
121	4	0.833	-1027.47
121	5	0.833	-1027.47
121	6	0.833	-1027.47
121	7	0.833	-1027.47
121	8	0.833	-1027.47
121	9	0.833	-1027.47
121	10	0.833	-1027.47
121	11	0.833	-1027.47
121	12	0.833	-1027.47
121	13	0.833	-1027.47
121	14	0.833	-1027.47
121	15	0.833	-1027.47
121	16	0.833	-1027.47
121	17	0.833	-1027.47
121	18	0.833	-1027.47
121	19	0.833	-1027.47
121	20	0.833	-1027.47
121	21	0.833	-1027.47
121	22	0.833	-1027.47
121	23	0.833	-1027.47
121	24	0.833	-1027.47
121	25	0.833	-1027.47
121	26	0.833	-1027.47
121	27	0.833	-1027.47
121	28	0.833	-1027.47
121	29	0.833	-1027.47
121	30	0.833	-1027.47
121	31	0.833	-1027.47
121	32	0.833	-1027.47
121	33	0.833	-1027.47
121	34	0.833	-1027.47
121	35	0.833	-1027.47
121	36	0.833	-1027.47
121	37	0.833	-1027.47
121	38	0.833	-1027.47
121	39	0.833	-1027.47
121	40	0.833	-1027.47
121	41	0.833	-1027.47
121	42	0.833	-1027.47
121	43	0.833	-1027.47
121	44	0.833	-1027.47
121	45	0.833	-1027.47
121	46	0.833	-1027.47
121	47	0.833	-1027.47
121	48	0.833	-1027.47
121	49	0.833	-1027.47
121	50	0.833	-1027.47
121	51	0.833	-1027.47
121	52	0.833	-1027.47
121	53	0.833	-1027.47
121	54	0.833	-1027.47
121	55	0.833	-1027.47
121	56	0.833	-1027.47
121	57	0.833	-1027.47
121	58	0.833	-1027.47
121	59	0.833	-1027.47
121	60	0.833	-1027.47
121	61	0.833	-1027.47
121	62	0.833	-1027.47
121	63	0.833	-1027.47
### BC4-V2
#
122	0	0.833	-1026.03
122	1	0.833	-1026.03
122	2	0.833	-1026.03
122	3	0.833	-1026.03
122	4	0.833	-1026.03
122	5	0.833	-1026.03
122	6	0.833	-1026.03
122	7	0.833	-1026.03
122	8	0.833	-1026.03
122	9	0.833	-1026.03
122	10	0.833	-1026.03
122	11	0.833	-1026.03
122	12	0.833	-1026.03
122	13	0.833	-1026.03
122	14	0.833	-1026.03
122	15	0.833	-1026.03
122	16	0.833	-1026.03
122	17	0.833	-1026.03
122	18	0.833	-1026.03
122	19	0.833	-1026.03
122	20	0.833	-1026.03
122	21	0.833	-1026.03
122	22	0.833	-1026.03
122	23	0.833	-1026.03
122	24	0.833	-1026.03
122	25	0.833	-1026.03
122	26	0.833	-1026.03
122	27	0.833	-1026.03
122	28	0.833	-1026.03
122	29	0.833	-1026.03
122	30	0.833	-1026.03
122	31	0.833	-1026.03
122	32	0.833	-1026.03
122	33	0.833	-1026.03
122	34	0.833	-1026.03
122	35	0.833	-1026.03
122	36	0.833	-1026.03
122	37	0.833	-1026.03
122	38	0.833	-1026.03
122	39	0.833	-1026.03
122	40	0.833	-1026.03
122	41	0.833	-1026.03
122	42	0.833	-1026.03
122	43	0.833	-1026.03
122	44	0.833	-1026.03
122	45	0.833	-1026.03
122	46	0.833	-1026.03
122	47	0.833	-1026.03
122	48	0.833	-1026.03
122	49	0.833	-1026.03
122	50	0.833	-1026.03
122	51	0.833	-1026.03
122	52	0.833	-1026.03
122	53	0.833	-1026.03
122	54	0.833	-1026.03
122	55	0.833	-1026.03
122	56	0.833	-1026.03
122	57	0.833	-1026.03
122	58	0.833	-1026.03
122	59	0.833	-1026.03
122	60	0.833	-1026.03
122	61	0.833	-1026.03
122	62	0.833	-1026.03
122	63	0.833	-1026.03
### BC4-X1
#
123	0	0.833	-1026.98
123	1	0.833	-1026.98
123	2	0.833	-1026.98
123	3	0.833	-1026.98
123	4	0.833	-1026.98
123	5	0.833	-1026.98
123	6	0.833	-1026.98
123	7	0.833	-1026.98
123	8	0.833	-1026.98
123	9	0.833	-1026.98
123	10	0.833	-1026.98
123	11	0.833	-1026.98
123	12	0.833	-1026.98
123	13	0.833	-1026.98
123	14	0.833	-1026.98
123	15	0.833	-1026.98
123	16	0.833	-1026.98
123	17	0.833	-1026.98
123	18	0.833	-1026.98
123	19	0.833	-1026.98
123	20	0.833	-1026.98
123	21	0.833	-1026.98
123	22	0.833	-1026.98
123	23	0.833	-1026.98
123	24	0.833	-1026.98
123	25	0.833	-1026.98
123	26	0.833	-1026.98
123	27	0.833	-1026.98
123	28	0.833	-1026.98
123	29	0.833	-1026.98
123	30	0.833	-1026.98
123	31	0.833	-1026.98
123	32	0.833	-1026.98
123	33	0.833	-1026.98
123	34	0.833	-1026.98
123	35	0.833	-1026.98
123	36	0.833	-1026.98
123	37	0.833	-1026.98
123	38	0.833	-1026.98
123	39	0.833	-1026.98
123	40	0.833	-1026.98
123	41	0.833	-1026.98
123	42	0.833	-1026.98
123	43	0.833	-1026.98
123	44	0.833	-1026.98
123	45	0.833	-1026.98
123	46	0.833	-1026.98
123	47	0.833	-1026.98
123	48	0.833	-1026.98
123	49	0.833	-1026.98
123	50	0.833	-1026.98
123	51	0.833	-1026.98
123	52	0.833	-1026.98
123	53	0.833	-1026.98
123	54	0.833	-1026.98
123	55	0.833	-1026.98
123	56	0.833	-1026.98
123	57	0.833	-1026.98
123	58	0.833	-1026.98
123	59	0.833	-1026.98
123	60	0.833	-1026.98
123	61	0.833	-1026.98
123	62	0.833	-1026.98
123	63	0.833	-1026.98
### BC4-X2
#
124	0	0.833	-1024.44
124	1	0.833	-1024.44
124	2	0.833	-1024.44
124	3	0.833	-1024.44
124	4	0.833	-1024.44
124	5	0.833	-1024.44
124	6	0.833	-1024.44
124	7	0.833	-1024.44
124	8	0.833	-1024.44
124	9	0.833	-1024.44
124	10	0.833	-1024.44
124	11	0.833	-1024.44
124	12	0.833	-1024.44
124	13	0.833	-1024.44
124	14	0.833	-1024.44
124	15	0.833	-1024.44
124	16	0.833	-1024.44
124	17	0.833	-1024.44
124	18	0.833	-1024.44
124	19	0.833	-1024.44
124	20	0.833	-1024.44
124	21	0.833	-1024.44
124	22	0.833	-1024.44
124	23	0.833	-1024.44
124	24	0.833	-1024.44
124	25	0.833	-1024.44
124	26	0.833	-1024.44
124	27	0.833	-1024.44
124	28	0.833	-1024.44
124	29	0.833	-1024.44
124	30	0.833	-1024.44
124	31	0.833	-1024.44
124	32	0.833	-1024.44
124	33	0.833	-1024.44
124	34	0.833	-1024.44
124	35	0.833	-1024.44
124	36	0.833	-1024.44
124	37	0.833	-1024.44
124	38	0.833	-1024.44
124	39	0.833	-1024.44
124	40	0.833	-1024.44
124	41	0.833	-1024.44
124	42	0.833	-1024.44
124	43	0.833	-1024.44
124	44	0.833	-1024.44
124	45	0.833	-1024.44
124	46	0.833	-1024.44
124	47	0.833	-1024.44
124	48	0.833	-1024.44
124	49	0.833	-1024.44
124	50	0.833	-1024.44
124	51	0.833	-1024.44
124	52	0.833	-1024.44
124	53	0.833	-1024.44
124	54	0.833	-1024.44
124	55	0.833	-1024.44
124	56	0.833	-1024.44
124	57	0.833	-1024.44
124	58	0.833	-1024.44
124	59	0.833	-1024.44
124	60	0.833	-1024.44
124	61	0.833	-1024.44
124	62	0.833	-1024.44
124	63	0.833	-1024.44
### SDC1-U1
#
1	0	0.833	-1018.42
1	1	0.833	-1018.42
1	2	0.833	-1018.42
1	3	0.833	-1018.42
1	4	0.833	-1018.42
1	5	0.833	-1018.42
1	6	0.833	-1018.42
1	7	0.833	-1018.42
1	8	0.833	-1018.42
1	9	0.833	-1018.42
1	10	0.833	-1018.42
1	11	0.833	-1018.42
1	12	0.833	-1018.42
1	13	0.833	-1018.42
1	14	0.833	-1018.42
1	15	0.833	-1018.42
1	16	0.833	-1018.42
1	17	0.833	-1018.42
1	18	0.833	-1018.42
1	19	0.833	-1018.42
1	20	0.833	-1018.42
1	21	0.833	-1018.42
1	22	0.833	-1018.42
1	23	0.833	-1018.42
1	24	0.833	-1018.42
1	25	0.833	-1018.42
1	26	0.833	-1018.42
1	27	0.833	-1018.42
1	28	0.833	-1018.42
1	29	0.833	-1018.42
1	30	0.833	-1018.42
1	31	0.833	-1018.42
1	32	0.833	-1018.42
1	33	0.833	-1018.42
1	34	0.833	-1018.42
1	35	0.833	-1018.42
1	36	0.833	-1018.42
1	37	0.833	-1018.42
1	38	0.833	-1018.42
1	39	0.833	-1018.42
1	40	0.833	-1018.42
1	41	0.833	-1018.42
1	42	0.833	-1018.42
1	43	0.833	-1018.42
1	44	0.833	-1018.42
1	45	0.833	-1018.42
1	46	0.833	-1018.42
1	47	0.833	-1018.42
1	48	0.833	-1018.42
1	49	0.833	-1018.42
1	50	0.833	-1018.42
1	51	0.833	-1018.42
1	52	0.833	-1018.42
1	53	0.833	-1018.42
1	54	0.833	-1018.42
1	55	0.833	-1018.42
1	56	0.833	-1018.42
1	57	0.833	-1018.42
1	58	0.833	-1018.42
1	59	0.833	-1018.42
1	60	0.833	-1018.42
1	61	0.833	-1018.42
1	62	0.833	-1018.42
1	63	0.833	-1018.42
### SDC1-U2
#
2	0	0.833	-1018.36
2	1	0.833	-1018.36
2	2	0.833	-1018.36
2	3	0.833	-1018.36
2	4	0.833	-1018.36
2	5	0.833	-1018.36
2	6	0.833	-1018.36
2	7	0.833	-1018.36
2	8	0.833	-1018.36
2	9	0.833	-1018.36
2	10	0.833	-1018.36
2	11	0.833	-1018.36
2	12	0.833	-1018.36
2	13	0.833	-1018.36
2	14	0.833	-1018.36
2	15	0.833	-1018.36
2	16	0.833	-1018.36
2	17	0.833	-1018.36
2	18	0.833	-1018.36
2	19	0.833	-1018.36
2	20	0.833	-1018.36
2	21	0.833	-1018.36
2	22	0.833	-1018.36
2	23	0.833	-1018.36
2	24	0.833	-1018.36
2	25	0.833	-1018.36
2	26	0.833	-1018.36
2	27	0.833	-1018.36
2	28	0.833	-1018.36
2	29	0.833	-1018.36
2	30	0.833	-1018.36
2	31	0.833	-1018.36
2	32	0.833	-1018.36
2	33	0.833	-1018.36
2	34	0.833	-1018.36
2	35	0.833	-1018.36
2	36	0.833	-1018.36
2	37	0.833	-1018.36
2	38	0.833	-1018.36
2	39	0.833	-1018.36
2	40	0.833	-1018.36
2	41	0.833	-1018.36
2	42	0.833	-1018.36
2	43	0.833	-1018.36
2	44	0.833	-1018.36
2	45	0.833	-1018.36
2	46	0.833	-1018.36
2	47	0.833	-1018.36
2	48	0.833	-1018.36
2	49	0.833	-1018.36
2	50	0.833	-1018.36
2	51	0.833	-1018.36
2	52	0.833	-1018.36
2	53	0.833	-1018.36
2	54	0.833	-1018.36
2	55	0.833	-1018.36
2	56	0.833	-1018.36
2	57	0.833	-1018.36
2	58	0.833	-1018.36
2	59	0.833	-1018.36
2	60	0.833	-1018.36
2	61	0.833	-1018.36
2	62	0.833	-1018.36
2	63	0.833	-1018.36
### SDC1-X1
#
3	0	0.833	-1019.48
3	1	0.833	-1019.48
3	2	0.833	-1019.48
3	3	0.833	-1019.48
3	4	0.833	-1019.48
3	5	0.833	-1019.48
3	6	0.833	-1019.48
3	7	0.833	-1019.48
3	8	0.833	-1019.48
3	9	0.833	-1019.48
3	10	0.833	-1019.48
3	11	0.833	-1019.48
3	12	0.833	-1019.48
3	13	0.833	-1019.48
3	14	0.833	-1019.48
3	15	0.833	-1019.48
3	16	0.833	-1019.48
3	17	0.833	-1019.48
3	18	0.833	-1019.48
3	19	0.833	-1019.48
3	20	0.833	-1019.48
3	21	0.833	-1019.48
3	22	0.833	-1019.48
3	23	0.833	-1019.48
3	24	0.833	-1019.48
3	25	0.833	-1019.48
3	26	0.833	-1019.48
3	27	0.833	-1019.48
3	28	0.833	-1019.48
3	29	0.833	-1019.48
3	30	0.833	-1019.48
3	31	0.833	-1019.48
3	32	0.833	-1019.48
3	33	0.833	-1019.48
3	34	0.833	-1019.48
3	35	0.833	-1019.48
3	36	0.833	-1019.48
3	37	0.833	-1019.48
3	38	0.833	-1019.48
3	39	0.833	-1019.48
3	40	0.833	-1019.48
3	41	0.833	-1019.48
3	42	0.833	-1019.48
3	43	0.833	-1019.48
3	44	0.833	-1019.48
3	45	0.833	-1019.48
3	46	0.833	-1019.48
3	47	0.833	-1019.48
3	48	0.833	-1019.48
3	49	0.833	-1019.48
3	50	0.833	-1019.48
3	51	0.833	-1019.48
3	52	0.833	-1019.48
3	53	0.833	-1019.48
3	54	0.833	-1019.48
3	55	0.833	-1019.48
3	56	0.833	-1019.48
3	57	0.833	-1019.48
3	58	0.833	-1019.48
3	59	0.833	-1019.48
3	60	0.833	-1019.48
3	61	0.833	-1019.48
3	62	0.833	-1019.48
3	63	0.833	-1019.48
### SDC1-X2
#
4	0	0.833	-1019.84
4	1	0.833	-1019.84
4	2	0.833	-1019.84
4	3	0.833	-1019.84
4	4	0.833	-1019.84
4	5	0.833	-1019.84
4	6	0.833	-1019.84
4	7	0.833	-1019.84
4	8	0.833	-1019.84
4	9	0.833	-1019.84
4	10	0.833	-1019.84
4	11	0.833	-1019.84
4	12	0.833	-1019.84
4	13	0.833	-1019.84
4	14	0.833	-1019.84
4	15	0.833	-1019.84
4	16	0.833	-1019.84
4	17	0.833	-1019.84
4	18	0.833	-1019.84
4	19	0.833	-1019.84
4	20	0.833	-1019.84
4	21	0.833	-1019.84
4	22	0.833	-1019.84
4	23	0.833	-1019.84
4	24	0.833	-1019.84
4	25	0.833	-1019.84
4	26	0.833	-1019.84
4	27	0.833	-1019.84
4	28	0.833	-1019.84
4	29	0.833	-1019.84
4	30	0.833	-1019.84
4	31	0.833	-1019.84
4	32	0.833	-1019.84
4	33	0.833	-1019.84
4	34	0.833	-1019.84
4	35	0.833	-1019.84
4	36	0.833	-1019.84
4	37	0.833	-1019.84
4	38	0.833	-1019.84
4	39	0.833	-1019.84
4	40	0.833	-1019.84
4	41	0.833	-1019.84
4	42	0.833	-1019.84
4	43	0.833	-1019.84
4	44	0.833	-1019.84
4	45	0.833	-1019.84
4	46	0.833	-1019.84
4	47	0.833	-1019.84
4	48	0.833	-1019.84
4	49	0.833	-1019.84
4	50	0.833	-1019.84
4	51	0.833	-1019.84
4	52	0.833	-1019.84
4	53	0.833	-1019.84
4	54	0.833	-1019.84
4	55	0.833	-1019.84
4	56	0.833	-1019.84
4	57	0.833	-1019.84
4	58	0.833	-1019.84
4	59	0.833	-1019.84
4	60	0.833	-1019.84
4	61	0.833	-1019.84
4	62	0.833	-1019.84
4	63	0.833	-1019.84
### SDC1-V1
#
5	0	0.833	-1019.19
5	1	0.833	-1019.19
5	2	0.833	-1019.19
5	3	0.833	-1019.19
5	4	0.833	-1019.19
5	5	0.833	-1019.19
5	6	0.833	-1019.19
5	7	0.833	-1019.19
5	8	0.833	-1019.19
5	9	0.833	-1019.19
5	10	0.833	-1019.19
5	11	0.833	-1019.19
5	12	0.833	-1019.19
5	13	0.833	-1019.19
5	14	0.833	-1019.19
5	15	0.833	-1019.19
5	16	0.833	-1019.19
5	17	0.833	-1019.19
5	18	0.833	-1019.19
5	19	0.833	-1019.19
5	20	0.833	-1019.19
5	21	0.833	-1019.19
5	22	0.833	-1019.19
5	23	0.833	-1019.19
5	24	0.833	-1019.19
5	25	0.833	-1019.19
5	26	0.833	-1019.19
5	27	0.833	-1019.19
5	28	0.833	-1019.19
5	29	0.833	-1019.19
5	30	0.833	-1019.19
5	31	0.833	-1019.19
5	32	0.833	-1019.19
5	33	0.833	-1019.19
5	34	0.833	-1019.19
5	35	0.833	-1019.19
5	36	0.833	-1019.19
5	37	0.833	-1019.19
5	38	0.833	-1019.19
5	39	0.833	-1019.19
5	40	0.833	-1019.19
5	41	0.833	-1019.19
5	42	0.833	-1019.19
5	43	0.833	-1019.19
5	44	0.833	-1019.19
5	45	0.833	-1019.19
5	46	0.833	-1019.19
5	47	0.833	-1019.19
5	48	0.833	-1019.19
5	49	0.833	-1019.19
5	50	0.833	-1019.19
5	51	0.833	-1019.19
5	52	0.833	-1019.19
5	53	0.833	-1019.19
5	54	0.833	-1019.19
5	55	0.833	-1019.19
5	56	0.833	-1019.19
5	57	0.833	-1019.19
5	58	0.833	-1019.19
5	59	0.833	-1019.19
5	60	0.833	-1019.19
5	61	0.833	-1019.19
5	62	0.833	-1019.19
5	63	0.833	-1019.19
### SDC1-V2
#
6	0	0.833	-1018.41
6	1	0.833	-1018.41
6	2	0.833	-1018.41
6	3	0.833	-1018.41
6	4	0.833	-1018.41
6	5	0.833	-1018.41
6	6	0.833	-1018.41
6	7	0.833	-1018.41
6	8	0.833	-1018.41
6	9	0.833	-1018.41
6	10	0.833	-1018.41
6	11	0.833	-1018.41
6	12	0.833	-1018.41
6	13	0.833	-1018.41
6	14	0.833	-1018.41
6	15	0.833	-1018.41
6	16	0.833	-1018.41
6	17	0.833	-1018.41
6	18	0.833	-1018.41
6	19	0.833	-1018.41
6	20	0.833	-1018.41
6	21	0.833	-1018.41
6	22	0.833	-1018.41
6	23	0.833	-1018.41
6	24	0.833	-1018.41
6	25	0.833	-1018.41
6	26	0.833	-1018.41
6	27	0.833	-1018.41
6	28	0.833	-1018.41
6	29	0.833	-1018.41
6	30	0.833	-1018.41
6	31	0.833	-1018.41
6	32	0.833	-1018.41
6	33	0.833	-1018.41
6	34	0.833	-1018.41
6	35	0.833	-1018.41
6	36	0.833	-1018.41
6	37	0.833	-1018.41
6	38	0.833	-1018.41
6	39	0.833	-1018.41
6	40	0.833	-1018.41
6	41	0.833	-1018.41
6	42	0.833	-1018.41
6	43	0.833	-1018.41
6	44	0.833	-1018.41
6	45	0.833	-1018.41
6	46	0.833	-1018.41
6	47	0.833	-1018.41
6	48	0.833	-1018.41
6	49	0.833	-1018.41
6	50	0.833	-1018.41
6	51	0.833	-1018.41
6	52	0.833	-1018.41
6	53	0.833	-1018.41
6	54	0.833	-1018.41
6	55	0.833	-1018.41
6	56	0.833	-1018.41
6	57	0.833	-1018.41
6	58	0.833	-1018.41
6	59	0.833	-1018.41
6	60	0.833	-1018.41
6	61	0.833	-1018.41
6	62	0.833	-1018.41
6	63	0.833	-1018.41
### SDC2-V1
#
7	0	0.833	-1022.28
7	1	0.833	-1022.28
7	2	0.833	-1022.28
7	3	0.833	-1022.28
7	4	0.833	-1022.28
7	5	0.833	-1022.28
7	6	0.833	-1022.28
7	7	0.833	-1022.28
7	8	0.833	-1022.28
7	9	0.833	-1022.28
7	10	0.833	-1022.28
7	11	0.833	-1022.28
7	12	0.833	-1022.28
7	13	0.833	-1022.28
7	14	0.833	-1022.28
7	15	0.833	-1022.28
7	16	0.833	-1022.28
7	17	0.833	-1022.28
7	18	0.833	-1022.28
7	19	0.833	-1022.28
7	20	0.833	-1022.28
7	21	0.833	-1022.28
7	22	0.833	-1022.28
7	23	0.833	-1022.28
7	24	0.833	-1022.28
7	25	0.833	-1022.28
7	26	0.833	-1022.28
7	27	0.833	-1022.28
7	28	0.833	-1022.28
7	29	0.833	-1022.28
7	30	0.833	-1022.28
7	31	0.833	-1022.28
7	32	0.833	-1022.28
7	33	0.833	-1022.28
7	34	0.833	-1022.28
7	35	0.833	-1022.28
7	36	0.833	-1022.28
7	37	0.833	-1022.28
7	38	0.833	-1022.28
7	39	0.833	-1022.28
7	40	0.833	-1022.28
7	41	0.833	-1022.28
7	42	0.833	-1022.28
7	43	0.833	-1022.28
### SDC2-V2
#
8	0	0.833	-1019.94
8	1	0.833	-1019.94
8	2	0.833	-1019.94
8	3	0.833	-1019.94
8	4	0.833	-1019.94
8	5	0.833	-1019.94
8	6	0.833	-1019.94
8	7	0.833	-1019.94
8	8	0.833	-1019.94
8	9	0.833	-1019.94
8	10	0.833	-1019.94
8	11	0.833	-1019.94
8	12	0.833	-1019.94
8	13	0.833	-1019.94
8	14	0.833	-1019.94
8	15	0.833	-1019.94
8	16	0.833	-1019.94
8	17	0.833	-1019.94
8	18	0.833	-1019.94
8	19	0.833	-1019.94
8	20	0.833	-1019.94
8	21	0.833	-1019.94
8	22	0.833	-1019.94
8	23	0.833	-1019.94
8	24	0.833	-1019.94
8	25	0.833	-1019.94
8	26	0.833	-1019.94
8	27	0.833	-1019.94
8	28	0.833	-1019.94
8	29	0.833	-1019.94
8	30	0.833	-1019.94
8	31	0.833	-1019.94
8	32	0.833	-1019.94
8	33	0.833	-1019.94
8	34	0.833	-1019.94
8	35	0.833	-1019.94
8	36	0.833	-1019.94
8	37	0.833	-1019.94
8	38	0.833	-1019.94
8	39	0.833	-1019.94
8	40	0.833	-1019.94
8	41	0.833	-1019.94
8	42	0.833	-1019.94
8	43	0.833	-1019.94
### SDC2-U1
#
9	0	0.833	-1022.15
9	1	0.833	-1022.15
9	2	0.833	-1022.15
9	3	0.833	-1022.15
9	4	0.833	-1022.15
9	5	0.833	-1022.15
9	6	0.833	-1022.15
9	7	0.833	-1022.15
9	8	0.833	-1022.15
9	9	0.833	-1022.15
9	10	0.833	-1022.15
9	11	0.833	-1022.15
9	12	0.833	-1022.15
9	13	0.833	-1022.15
9	14	0.833	-1022.15
9	15	0.833	-1022.15
9	16	0.833	-1022.15
9	17	0.833	-1022.15
9	18	0.833	-1022.15
9	19	0.833	-1022.15
9	20	0.833	-1022.15
9	21	0.833	-1022.15
9	22	0.833	-1022.15
9	23	0.833	-1022.15
9	24	0.833	-1022.15
9	25	0.833	-1022.15
9	26	0.833	-1022.15
9	27	0.833	-1022.15
9	28	0.833	-1022.15
9	29	0.833	-1022.15
9	30	0.833	-1022.15
9	31	0.833	-1022.15
9	32	0.833	-1022.15
9	33	0.833	-1022.15
9	34	0.833	-1022.15
9	35	0.833	-1022.15
9	36	0.833	-1022.15
9	37	0.833	-1022.15
9	38	0.833	-1022.15
9	39	0.833	-1022.15
9	40	0.833	-1022.15
9	41	0.833	-1022.15
9	42	0.833	-1022.15
9	43	0.833	-1022.15
### SDC2-U2
#
10	0	0.833	-1020.45
10	1	0.833	-1020.45
10	2	0.833	-1020.45
10	3	0.833	-1020.45
10	4	0.833	-1020.45
10	5	0.833	-1020.45
10	6	0.833	-1020.45
10	7	0.833	-1020.45
10	8	0.833	-1020.45
10	9	0.833	-1020.45
10	10	0.833	-1020.45
10	11	0.833	-1020.45
10	12	0.833	-1020.45
10	13	0.833	-1020.45
10	14	0.833	-1020.45
10	15	0.833	-1020.45
10	16	0.833	-1020.45
10	17	0.833	-1020.45
10	18	0.833	-1020.45
10	19	0.833	-1020.45
10	20	0.833	-1020.45
10	21	0.833	-1020.45
10	22	0.833	-1020.45
10	23	0.833	-1020.45
10	24	0.833	-1020.45
10	25	0.833	-1020.45
10	26	0.833	-1020.45
10	27	0.833	-1020.45
10	28	0.833	-1020.45
10	29	0.833	-1020.45
10	30	0.833	-1020.45
10	31	0.833	-1020.45
10	32	0.833	-1020.45
10	33	0.833	-1020.45
10	34	0.833	-1020.45
10	35	0.833	-1020.45
10	36	0.833	-1020.45
10	37	0.833	-1020.45
10	38	0.833	-1020.45
10	39	0.833	-1020.45
10	40	0.833	-1020.45
10	41	0.833	-1020.45
10	42	0.833	-1020.45
10	43	0.833	-1020.45
### SDC3-X1
#
31	0	0.833	-865.236
31	1	0.833	-865.236
31	2	0.833	-865.236
31	3	0.833	-865.236
31	4	0.833	-865.236
31	5	0.833	-865.236
31	6	0.833	-865.236
31	7	0.833	-865.236
31	8	0.833	-865.236
31	9	0.833	-865.236
31	10	0.833	-865.236
31	11	0.833	-865.236
31	12	0.833	-865.236
31	13	0.833	-865.236
31	14	0.833	-865.236
31	15	0.833	-865.236
31	16	0.833	-865.236
31	17	0.833	-865.236
31	18	0.833	-865.236
31	19	0.833	-865.236
31	20	0.833	-865.236
31	21	0.833	-865.236
31	22	0.833	-865.236
31	23	0.833	-865.236
31	24	0.833	-865.236
31	25	0.833	-865.236
31	26	0.833	-865.236
31	27	0.833	-865.236
31	28	0.833	-865.236
31	29	0.833	-865.236
31	30	0.833	-865.236
31	31	0.833	-865.236
31	32	0.833	-865.236
31	33	0.833	-865.236
31	34	0.833	-865.236
31	35	0.833	-865.236
31	36	0.833	-865.236
31	37	0.833	-865.236
31	38	0.833	-865.236
31	39	0.833	-865.236
31	40	0.833	-865.236
31	41	0.833	-865.236
31	42	0.833	-865.236
31	43	0.833	-865.236
31	44	0.833	-865.236
31	45	0.833	-865.236
31	46	0.833	-865.236
31	47	0.833	-865.236
31	48	0.833	-865.236
31	49	0.833	-865.236
31	50	0.833	-865.236
31	51	0.833	-865.236
31	52	0.833	-865.236
31	53	0.833	-865.236
31	54	0.833	-865.236
31	55	0.833	-865.236
31	56	0.833	-865.236
31	57	0.833	-865.236
31	58	0.833	-865.236
31	59	0.833	-865.236
31	60	0.833	-865.236
31	61	0.833	-865.236
31	62	0.833	-865.236
31	63	0.833	-865.236
31	64	0.833	-865.236
31	65	0.833	-865.236
31	66	0.833	-865.236
31	67	0.833	-865.236
31	68	0.833	-865.236
31	69	0.833	-865.236
31	70	0.833	-865.236
31	71	0.833	-865.236
31	72	0.833	-865.236
31	73	0.833	-865.236
31	74	0.833	-865.236
31	75	0.833	-865.236
31	76	0.833	-865.236
31	77	0.833	-865.236
31	78	0.833	-865.236
31	79	0.833	-865.236
31	80	0.833	-865.236
31	81	0.833	-865.236
31	82	0.833	-865.236
31	83	0.833	-865.236
31	84	0.833	-865.236
31	85	0.833	-865.236
31	86	0.833	-865.236
31	87	0.833	-865.236
31	88	0.833	-865.236
31	89	0.833	-865.236
31	90	0.833	-865.236
31	91	0.833	-865.236
31	92	0.833	-865.236
31	93	0.833	-865.236
31	94	0.833	-865.236
31	95	0.833	-865.236
31	96	0.833	-865.236
31	97	0.833	-865.236
31	98	0.833	-865.236
31	99	0.833	-865.236
31	100	0.833	-865.236
31	101	0.833	-865.236
31	102	0.833	-865.236
31	103	0.833	-865.236
31	104	0.833	-865.236
31	105	0.833	-865.236
31	106	0.833	-865.236
31	107	0.833	-865.236
31	108	0.833	-865.236
31	109	0.833	-865.236
31	110	0.833	-865.236
31	111	0.833	-865.236
31	112	0.833	-865.236
31	113	0.833	-865.236
31	114	0.833	-865.236
31	115	0.833	-865.236
31	116	0.833	-865.236
31	117	0.833	-865.236
31	118	0.833	-865.236
31	119	0.833	-865.236
31	120	0.833	-865.236
31	121	0.833	-865.236
31	122	0.833	-865.236
31	123	0.833	-865.236
31	124	0.833	-865.236
31	125	0.833	-865.236
31	126	0.833	-865.236
31	127	0.833	-865.236
### SDC3-X2
#
32	0	0.833	-864.222
32	1	0.833	-864.222
32	2	0.833	-864.222
32	3	0.833	-864.222
32	4	0.833	-864.222
32	5	0.833	-864.222
32	6	0.833	-864.222
32	7	0.833	-864.222
32	8	0.833	-864.222
32	9	0.833	-864.222
32	10	0.833	-864.222
32	11	0.833	-864.222
32	12	0.833	-864.222
32	13	0.833	-864.222
32	14	0.833	-864.222
32	15	0.833	-864.222
32	16	0.833	-864.222
32	17	0.833	-864.222
32	18	0.833	-864.222
32	19	0.833	-864.222
32	20	0.833	-864.222
32	21	0.833	-864.222
32	22	0.833	-864.222
32	23	0.833	-864.222
32	24	0.833	-864.222
32	25	0.833	-864.222
32	26	0.833	-864.222
32	27	0.833	-864.222
32	28	0.833	-864.222
32	29	0.833	-864.222
32	30	0.833	-864.222
32	31	0.833	-864.222
32	32	0.833	-864.222
32	33	0.833	-864.222
32	34	0.833	-864.222
32	35	0.833	-864.222
32	36	0.833	-864.222
32	37	0.833	-864.222
32	38	0.833	-864.222
32	39	0.833	-864.222
32	40	0.833	-864.222
32	41	0.833	-864.222
32	42	0.833	-864.222
32	43	0.833	-864.222
32	44	0.833	-864.222
32	45	0.833	-864.222
32	46	0.833	-864.222
32	47	0.833	-864.222
32	48	0.833	-864.222
32	49	0.833	-864.222
32	50	0.833	-864.222
32	51	0.833	-864.222
32	52	0.833	-864.222
32	53	0.833	-864.222
32	54	0.833	-864.222
32	55	0.833	-864.222
32	56	0.833	-864.222
32	57	0.833	-864.222
32	58	0.833	-864.222
32	59	0.833	-864.222
32	60	0.833	-864.222
32	61	0.833	-864.222
32	62	0.833	-864.222
32	63	0.833	-864.222
32	64	0.833	-864.222
32	65	0.833	-864.222
32	66	0.833	-864.222
32	67	0.833	-864.222
32	68	0.833	-864.222
32	69	0.833	-864.222
32	70	0.833	-864.222
32	71	0.833	-864.222
32	72	0.833	-864.222
32	73	0.833	-864.222
32	74	0.833	-864.222
32	75	0.833	-864.222
32	76	0.833	-864.222
32	77	0.833	-864.222
32	78	0.833	-864.222
32	79	0.833	-864.222
32	80	0.833	-864.222
32	81	0.833	-864.222
32	82	0.833	-864.222
32	83	0.833	-864.222
32	84	0.833	-864.222
32	85	0.833	-864.222
32	86	0.833	-864.222
32	87	0.833	-864.222
32	88	0.833	-864.222
32	89	0.833	-864.222
32	90	0.833	-864.222
32	91	0.833	-864.222
32	92	0.833	-864.222
32	93	0.833	-864.222
32	94	0.833	-864.222
32	95	0.833	-864.222
32	96	0.833	-864.222
32	97	0.833	-864.222
32	98	0.833	-864.222
32	99	0.833	-864.222
32	100	0.833	-864.222
32	101	0.833	-864.222
32	102	0.833	-864.222
32	103	0.833	-864.222
32	104	0.833	-864.222
32	105	0.833	-864.222
32	106	0.833	-864.222
32	107	0.833	-864.222
32	108	0.833	-864.222
32	109	0.833	-864.222
32	110	0.833	-864.222
32	111	0.833	-864.222
32	112	0.833	-864.222
32	113	0.833	-864.222
32	114	0.833	-864.222
32	115	0.833	-864.222
32	116	0.833	-864.222
32	117	0.833	-864.222
32	118	0.833	-864.222
32	119	0.833	-864.222
32	120	0.833	-864.222
32	121	0.833	-864.222
32	122	0.833	-864.222
32	123	0.833	-864.222
32	124	0.833	-864.222
32	125	0.833	-864.222
32	126	0.833	-864.222
32	127	0.833	-864.222
### SDC3-Y1
#
33	0	0.833	-865.894
33	1	0.833	-865.894
33	2	0.833	-865.894
33	3	0.833	-865.894
33	4	0.833	-865.894
33	5	0.833	-865.894
33	6	0.833	-865.894
33	7	0.833	-865.894
33	8	0.833	-865.894
33	9	0.833	-865.894
33	10	0.833	-865.894
33	11	0.833	-865.894
33	12	0.833	-865.894
33	13	0.833	-865.894
33	14	0.833	-865.894
33	15	0.833	-865.894
33	16	0.833	-865.894
33	17	0.833	-865.894
33	18	0.833	-865.894
33	19	0.833	-865.894
33	20	0.833	-865.894
33	21	0.833	-865.894
33	22	0.833	-865.894
33	23	0.833	-865.894
33	24	0.833	-865.894
33	25	0.833	-865.894
33	26	0.833	-865.894
33	27	0.833	-865.894
33	28	0.833	-865.894
33	29	0.833	-865.894
33	30	0.833	-865.894
33	31	0.833	-865.894
33	32	0.833	-865.894
33	33	0.833	-865.894
33	34	0.833	-865.894
33	35	0.833	-865.894
33	36	0.833	-865.894
33	37	0.833	-865.894
33	38	0.833	-865.894
33	39	0.833	-865.894
33	40	0.833	-865.894
33	41	0.833	-865.894
33	42	0.833	-865.894
33	43	0.833	-865.894
33	44	0.833	-865.894
33	45	0.833	-865.894
33	46	0.833	-865.894
33	47	0.833	-865.894
33	48	0.833	-865.894
33	49	0.833	-865.894
33	50	0.833	-865.894
33	51	0.833	-865.894
33	52	0.833	-865.894
33	53	0.833	-865.894
33	54	0.833	-865.894
33	55	0.833	-865.894
33	56	0.833	-865.894
33	57	0.833	-865.894
33	58	0.833	-865.894
33	59	0.833	-865.894
33	60	0.833	-865.894
33	61	0.833	-865.894
33	62	0.833	-865.894
33	63	0.833	-865.894
33	64	0.833	-865.894
33	65	0.833	-865.894
33	66	0.833	-865.894
33	67	0.833	-865.894
33	68	0.833	-865.894
33	69	0.833	-865.894
33	70	0.833	-865.894
33	71	0.833	-865.894
33	72	0.833	-865.894
33	73	0.833	-865.894
33	74	0.833	-865.894
33	75	0.833	-865.894
33	76	0.833	-865.894
33	77	0.833	-865.894
33	78	0.833	-865.894
33	79	0.833	-865.894
33	80	0.833	-865.894
33	81	0.833	-865.894
33	82	0.833	-865.894
33	83	0.833	-865.894
33	84	0.833	-865.894
33	85	0.833	-865.894
33	86	0.833	-865.894
33	87	0.833	-865.894
33	88	0.833	-865.894
33	89	0.833	-865.894
33	90	0.833	-865.894
33	91	0.833	-865.894
33	92	0.833	-865.894
33	93	0.833	-865.894
33	94	0.833	-865.894
33	95	0.833	-865.894
33	96	0.833	-865.894
33	97	0.833	-865.894
33	98	0.833	-865.894
33	99	0.833	-865.894
33	100	0.833	-865.894
33	101	0.833	-865.894
33	102	0.833	-865.894
33	103	0.833	-865.894
33	104	0.833	-865.894
33	105	0.833	-865.894
33	106	0.833	-865.894
33	107	0.833	-865.894
33	108	0.833	-865.894
33	109	0.833	-865.894
33	110	0.833	-865.894
33	111	0.833	-865.894
33	112	0.833	-865.894
33	113	0.833	-865.894
33	114	0.833	-865.894
33	115	0.833	-865.894
33	116	0.833	-865.894
33	117	0.833	-865.894
33	118	0.833	-865.894
33	119	0.833	-865.894
33	120	0.833	-865.894
33	121	0.833	-865.894
33	122	0.833	-865.894
33	123	0.833	-865.894
33	124	0.833	-865.894
33	125	0.833	-865.894
33	126	0.833	-865.894
33	127	0.833	-865.894
### SDC3-Y2
#
34	0	0.833	-866.015
34	1	0.833	-866.015
34	2	0.833	-866.015
34	3	0.833	-866.015
34	4	0.833	-866.015
34	5	0.833	-866.015
34	6	0.833	-866.015
34	7	0.833	-866.015
34	8	0.833	-866.015
34	9	0.833	-866.015
34	10	0.833	-866.015
34	11	0.833	-866.015
34	12	0.833	-866.015
34	13	0.833	-866.015
34	14	0.833	-866.015
34	15	0.833	-866.015
34	16	0.833	-866.015
34	17	0.833	-866.015
34	18	0.833	-866.015
34	19	0.833	-866.015
34	20	0.833	-866.015
34	21	0.833	-866.015
34	22	0.833	-866.015
34	23	0.833	-866.015
34	24	0.833	-866.015
34	25	0.833	-866.015
34	26	0.833	-866.015
34	27	0.833	-866.015
34	28	0.833	-866.015
34	29	0.833	-866.015
34	30	0.833	-866.015
34	31	0.833	-866.015
34	32	0.833	-866.015
34	33	0.833	-866.015
34	34	0.833	-866.015
34	35	0.833	-866.015
34	36	0.833	-866.015
34	37	0.833	-866.015
34	38	0.833	-866.015
34	39	0.833	-866.015
34	40	0.833	-866.015
34	41	0.833	-866.015
34	42	0.833	-866.015
34	43	0.833	-866.015
34	44	0.833	-866.015
34	45	0.833	-866.015
34	46	0.833	-866.015
34	47	0.833	-866.015
34	48	0.833	-866.015
34	49	0.833	-866.015
34	50	0.833	-866.015
34	51	0.833	-866.015
34	52	0.833	-866.015
34	53	0.833	-866.015
34	54	0.833	-866.015
34	55	0.833	-866.015
34	56	0.833	-866.015
34	57	0.833	-866.015
34	58	0.833	-866.015
34	59	0.833	-866.015
34	60	0.833	-866.015
34	61	0.833	-866.015
34	62	0.833	-866.015
34	63	0.833	-866.015
34	64	0.833	-866.015
34	65	0.833	-866.015
34	66	0.833	-866.015
34	67	0.833	-866.015
34	68	0.833	-866.015
34	69	0.833	-866.015
34	70	0.833	-866.015
34	71	0.833	-866.015
34	72	0.833	-866.015
34	73	0.833	-866.015
34	74	0.833	-866.015
34	75	0.833	-866.015
34	76	0.833	-866.015
34	77	0.833	-866.015
34	78	0.833	-866.015
34	79	0.833	-866.015
34	80	0.833	-866.015
34	81	0.833	-866.015
34	82	0.833	-866.015
34	83	0.833	-866.015
34	84	0.833	-866.015
34	85	0.833	-866.015
34	86	0.833	-866.015
34	87	0.833	-866.015
34	88	0.833	-866.015
34	89	0.833	-866.015
34	90	0.833	-866.015
34	91	0.833	-866.015
34	92	0.833	-866.015
34	93	0.833	-866.015
34	94	0.833	-866.015
34	95	0.833	-866.015
34	96	0.833	-866.015
34	97	0.833	-866.015
34	98	0.833	-866.015
34	99	0.833	-866.015
34	100	0.833	-866.015
34	101	0.833	-866.015
34	102	0.833	-866.015
34	103	0.833	-866.015
34	104	0.833	-866.015
34	105	0.833	-866.015
34	106	0.833	-866.015
34	107	0.833	-866.015
34	108	0.833	-866.015
34	109	0.833	-866.015
34	110	0.833	-866.015
34	111	0.833	-866.015
34	112	0.833	-866.015
34	113	0.833	-866.015
34	114	0.833	-866.015
34	115	0.833	-866.015
34	116	0.833	-866.015
34	117	0.833	-866.015
34	118	0.833	-866.015
34	119	0.833	-866.015
34	120	0.833	-866.015
34	121	0.833	-866.015
34	122	0.833	-866.015
34	123	0.833	-866.015
34	124	0.833	-866.015
34	125	0.833	-866.015
34	126	0.833	-866.015
34	127	0.833	-866.015
### SDC4-Y1
#
35	0	0.833	-862.159
35	1	0.833	-862.159
35	2	0.833	-862.159
35	3	0.833	-862.159
35	4	0.833	-862.159
35	5	0.833	-862.159
35	6	0.833	-862.159
35	7	0.833	-862.159
35	8	0.833	-862.159
35	9	0.833	-862.159
35	10	0.833	-862.159
35	11	0.833	-862.159
35	12	0.833	-862.159
35	13	0.833	-862.159
35	14	0.833	-862.159
35	15	0.833	-862.159
35	16	0.833	-862.159
35	17	0.833	-862.159
35	18	0.833	-862.159
35	19	0.833	-862.159
35	20	0.833	-862.159
35	21	0.833	-862.159
35	22	0.833	-862.159
35	23	0.833	-862.159
35	24	0.833	-862.159
35	25	0.833	-862.159
35	26	0.833	-862.159
35	27	0.833	-862.159
35	28	0.833	-862.159
35	29	0.833	-862.159
35	30	0.833	-862.159
35	31	0.833	-862.159
35	32	0.833	-862.159
35	33	0.833	-862.159
35	34	0.833	-862.159
35	35	0.833	-862.159
35	36	0.833	-862.159
35	37	0.833	-862.159
35	38	0.833	-862.159
35	39	0.833	-862.159
35	40	0.833	-862.159
35	41	0.833	-862.159
35	42	0.833	-862.159
35	43	0.833	-862.159
35	44	0.833	-862.159
35	45	0.833	-862.159
35	46	0.833	-862.159
35	47	0.833	-862.159
35	48	0.833	-862.159
35	49	0.833	-862.159
35	50	0.833	-862.159
35	51	0.833	-862.159
35	52	0.833	-862.159
35	53	0.833	-862.159
35	54	0.833	-862.159
35	55	0.833	-862.159
35	56	0.833	-862.159
35	57	0.833	-862.159
35	58	0.833	-862.159
35	59	0.833	-862.159
35	60	0.833	-862.159
35	61	0.833	-862.159
35	62	0.833	-862.159
35	63	0.833	-862.159
35	64	0.833	-862.159
35	65	0.833	-862.159
35	66	0.833	-862.159
35	67	0.833	-862.159
35	68	0.833	-862.159
35	69	0.833	-862.159
35	70	0.833	-862.159
35	71	0.833	-862.159
35	72	0.833	-862.159
35	73	0.833	-862.159
35	74	0.833	-862.159
35	75	0.833	-862.159
35	76	0.833	-862.159
35	77	0.833	-862.159
35	78	0.833	-862.159
35	79	0.833	-862.159
35	80	0.833	-862.159
35	81	0.833	-862.159
35	82	0.833	-862.159
35	83	0.833	-862.159
35	84	0.833	-862.159
35	85	0.833	-862.159
35	86	0.833	-862.159
35	87	0.833	-862.159
35	88	0.833	-862.159
35	89	0.833	-862.159
35	90	0.833	-862.159
35	91	0.833	-862.159
35	92	0.833	-862.159
35	93	0.833	-862.159
35	94	0.833	-862.159
35	95	0.833	-862.159
35	96	0.833	-862.159
35	97	0.833	-862.159
35	98	0.833	-862.159
35	99	0.833	-862.159
35	100	0.833	-862.159
35	101	0.833	-862.159
35	102	0.833	-862.159
35	103	0.833	-862.159
35	104	0.833	-862.159
35	105	0.833	-862.159
35	106	0.833	-862.159
35	107	0.833	-862.159
35	108	0.833	-862.159
35	109	0.833	-862.159
35	110	0.833	-862.159
35	111	0.833	-862.159
35	112	0.833	-862.159
35	113	0.833	-862.159
35	114	0.833	-862.159
35	115	0.833	-862.159
35	116	0.833	-862.159
35	117	0.833	-862.159
35	118	0.833	-862.159
35	119	0.833	-862.159
35	120	0.833	-862.159
35	121	0.833	-862.159
35	122	0.833	-862.159
35	123	0.833	-862.159
35	124	0.833	-862.159
35	125	0.833	-862.159
35	126	0.833	-862.159
35	127	0.833	-862.159
### SDC4-Y2
#
36	0	0.833	-862.298
36	1	0.833	-862.298
36	2	0.833	-862.298
36	3	0.833	-862.298
36	4	0.833	-862.298
36	5	0.833	-862.298
36	6	0.833	-862.298
36	7	0.833	-862.298
36	8	0.833	-862.298
36	9	0.833	-862.298
36	10	0.833	-862.298
36	11	0.833	-862.298
36	12	0.833	-862.298
36	13	0.833	-862.298
36	14	0.833	-862.298
36	15	0.833	-862.298
36	16	0.833	-862.298
36	17	0.833	-862.298
36	18	0.833	-862.298
36	19	0.833	-862.298
36	20	0.833	-862.298
36	21	0.833	-862.298
36	22	0.833	-862.298
36	23	0.833	-862.298
36	24	0.833	-862.298
36	25	0.833	-862.298
36	26	0.833	-862.298
36	27	0.833	-862.298
36	28	0.833	-862.298
36	29	0.833	-862.298
36	30	0.833	-862.298
36	31	0.833	-862.298
36	32	0.833	-862.298
36	33	0.833	-862.298
36	34	0.833	-862.298
36	35	0.833	-862.298
36	36	0.833	-862.298
36	37	0.833	-862.298
36	38	0.833	-862.298
36	39	0.833	-862.298
36	40	0.833	-862.298
36	41	0.833	-862.298
36	42	0.833	-862.298
36	43	0.833	-862.298
36	44	0.833	-862.298
36	45	0.833	-862.298
36	46	0.833	-862.298
36	47	0.833	-862.298
36	48	0.833	-862.298
36	49	0.833	-862.298
36	50	0.833	-862.298
36	51	0.833	-862.298
36	52	0.833	-862.298
36	53	0.833	-862.298
36	54	0.833	-862.298
36	55	0.833	-862.298
36	56	0.833	-862.298
36	57	0.833	-862.298
36	58	0.833	-862.298
36	59	0.833	-862.298
36	60	0.833	-862.298
36	61	0.833	-862.298
36	62	0.833	-862.298
36	63	0.833	-862.298
36	64	0.833	-862.298
36	65	0.833	-862.298
36	66	0.833	-862.298
36	67	0.833	-862.298
36	68	0.833	-862.298
36	69	0.833	-862.298
36	70	0.833	-862.298
36	71	0.833	-862.298
36	72	0.833	-862.298
36	73	0.833	-862.298
36	74	0.833	-862.298
36	75	0.833	-862.298
36	76	0.833	-862.298
36	77	0.833	-862.298
36	78	0.833	-862.298
36	79	0.833	-862.298
36	80	0.833	-862.298
36	81	0.833	-862.298
36	82	0.833	-862.298
36	83	0.833	-862.298
36	84	0.833	-862.298
36	85	0.833	-862.298
36	86	0.833	-862.298
36	87	0.833	-862.298
36	88	0.833	-862.298
36	89	0.833	-862.298
36	90	0.833	-862.298
36	91	0.833	-862.298
36	92	0.833	-862.298
36	93	0.833	-862.298
36	94	0.833	-862.298
36	95	0.833	-862.298
36	96	0.833	-862.298
36	97	0.833	-862.298
36	98	0.833	-862.298
36	99	0.833	-862.298
36	100	0.833	-862.298
36	101	0.833	-862.298
36	102	0.833	-862.298
36	103	0.833	-862.298
36	104	0.833	-862.298
36	105	0.833	-862.298
36	106	0.833	-862.298
36	107	0.833	-862.298
36	108	0.833	-862.298
36	109	0.833	-862.298
36	110	0.833	-862.298
36	111	0.833	-862.298
36	112	0.833	-862.298
36	113	0.833	-862.298
36	114	0.833	-862.298
36	115	0.833	-862.298
36	116	0.833	-862.298
36	117	0.833	-862.298
36	118	0.833	-862.298
36	119	0.833	-862.298
36	120	0.833	-862.298
36	121	0.833	-862.298
36	122	0.833	-862.298
36	123	0.833	-862.298
36	124	0.833	-862.298
36	125	0.833	-862.298
36	126	0.833	-862.298
36	127	0.833	-862.298
### SDC4-X1
#
37	0	0.833	-860.196
37	1	0.833	-860.196
37	2	0.833	-860.196
37	3	0.833	-860.196
37	4	0.833	-860.196
37	5	0.833	-860.196
37	6	0.833	-860.196
37	7	0.833	-860.196
37	8	0.833	-860.196
37	9	0.833	-860.196
37	10	0.833	-860.196
37	11	0.833	-860.196
37	12	0.833	-860.196
37	13	0.833	-860.196
37	14	0.833	-860.196
37	15	0.833	-860.196
37	16	0.833	-860.196
37	17	0.833	-860.196
37	18	0.833	-860.196
37	19	0.833	-860.196
37	20	0.833	-860.196
37	21	0.833	-860.196
37	22	0.833	-860.196
37	23	0.833	-860.196
37	24	0.833	-860.196
37	25	0.833	-860.196
37	26	0.833	-860.196
37	27	0.833	-860.196
37	28	0.833	-860.196
37	29	0.833	-860.196
37	30	0.833	-860.196
37	31	0.833	-860.196
37	32	0.833	-860.196
37	33	0.833	-860.196
37	34	0.833	-860.196
37	35	0.833	-860.196
37	36	0.833	-860.196
37	37	0.833	-860.196
37	38	0.833	-860.196
37	39	0.833	-860.196
37	40	0.833	-860.196
37	41	0.833	-860.196
37	42	0.833	-860.196
37	43	0.833	-860.196
37	44	0.833	-860.196
37	45	0.833	-860.196
37	46	0.833	-860.196
37	47	0.833	-860.196
37	48	0.833	-860.196
37	49	0.833	-860.196
37	50	0.833	-860.196
37	51	0.833	-860.196
37	52	0.833	-860.196
37	53	0.833	-860.196
37	54	0.833	-860.196
37	55	0.833	-860.196
37	56	0.833	-860.196
37	57	0.833	-860.196
37	58	0.833	-860.196
37	59	0.833	-860.196
37	60	0.833	-860.196
37	61	0.833	-860.196
37	62	0.833	-860.196
37	63	0.833	-860.196
37	64	0.833	-860.196
37	65	0.833	-860.196
37	66	0.833	-860.196
37	67	0.833	-860.196
37	68	0.833	-860.196
37	69	0.833	-860.196
37	70	0.833	-860.196
37	71	0.833	-860.196
37	72	0.833	-860.196
37	73	0.833	-860.196
37	74	0.833	-860.196
37	75	0.833	-860.196
37	76	0.833	-860.196
37	77	0.833	-860.196
37	78	0.833	-860.196
37	79	0.833	-860.196
37	80	0.833	-860.196
37	81	0.833	-860.196
37	82	0.833	-860.196
37	83	0.833	-860.196
37	84	0.833	-860.196
37	85	0.833	-860.196
37	86	0.833	-860.196
37	87	0.833	-860.196
37	88	0.833	-860.196
37	89	0.833	-860.196
37	90	0.833	-860.196
37	91	0.833	-860.196
37	92	0.833	-860.196
37	93	0.833	-860.196
37	94	0.833	-860.196
37	95	0.833	-860.196
37	96	0.833	-860.196
37	97	0.833	-860.196
37	98	0.833	-860.196
37	99	0.833	-860.196
37	100	0.833	-860.196
37	101	0.833	-860.196
37	102	0.833	-860.196
37	103	0.833	-860.196
37	104	0.833	-860.196
37	105	0.833	-860.196
37	106	0.833	-860.196
37	107	0.833	-860.196
37	108	0.833	-860.196
37	109	0.833	-860.196
37	110	0.833	-860.196
37	111	0.833	-860.196
37	112	0.833	-860.196
37	113	0.833	-860.196
37	114	0.833	-860.196
37	115	0.833	-860.196
37	116	0.833	-860.196
37	117	0.833	-860.196
37	118	0.833	-860.196
37	119	0.833	-860.196
37	120	0.833	-860.196
37	121	0.833	-860.196
37	122	0.833	-860.196
37	123	0.833	-860.196
37	124	0.833	-860.196
37	125	0.833	-860.196
37	126	0.833	-860.196
37	127	0.833	-860.196
### SDC4-X2
#
38	0	0.833	-859.743
38	1	0.833	-859.743
38	2	0.833	-859.743
38	3	0.833	-859.743
38	4	0.833	-859.743
38	5	0.833	-859.743
38	6	0.833	-859.743
38	7	0.833	-859.743
38	8	0.833	-859.743
38	9	0.833	-859.743
38	10	0.833	-859.743
38	11	0.833	-859.743
38	12	0.833	-859.743
38	13	0.833	-859.743
38	14	0.833	-859.743
38	15	0.833	-859.743
38	16	0.833	-859.743
38	17	0.833	-859.743
38	18	0.833	-859.743
38	19	0.833	-859.743
38	20	0.833	-859.743
38	21	0.833	-859.743
38	22	0.833	-859.743
38	23	0.833	-859.743
38	24	0.833	-859.743
38	25	0.833	-859.743
38	26	0.833	-859.743
38	27	0.833	-859.743
38	28	0.833	-859.743
38	29	0.833	-859.743
38	30	0.833	-859.743
38	31	0.833	-859.743
38	32	0.833	-859.743
38	33	0.833	-859.743
38	34	0.833	-859.743
38	35	0.833	-859.743
38	36	0.833	-859.743
38	37	0.833	-859.743
38	38	0.833	-859.743
38	39	0.833	-859.743
38	40	0.833	-859.743
38	41	0.833	-859.743
38	42	0.833	-859.743
38	43	0.833	-859.743
38	44	0.833	-859.743
38	45	0.833	-859.743
38	46	0.833	-859.743
38	47	0.833	-859.743
38	48	0.833	-859.743
38	49	0.833	-859.743
38	50	0.833	-859.743
38	51	0.833	-859.743
38	52	0.833	-859.743
38	53	0.833	-859.743
38	54	0.833	-859.743
38	55	0.833	-859.743
38	56	0.833	-859.743
38	57	0.833	-859.743
38	58	0.833	-859.743
38	59	0.833	-859.743
38	60	0.833	-859.743
38	61	0.833	-859.743
38	62	0.833	-859.743
38	63	0.833	-859.743
38	64	0.833	-859.743
38	65	0.833	-859.743
38	66	0.833	-859.743
38	67	0.833	-859.743
38	68	0.833	-859.743
38	69	0.833	-859.743
38	70	0.833	-859.743
38	71	0.833	-859.743
38	72	0.833	-859.743
38	73	0.833	-859.743
38	74	0.833	-859.743
38	75	0.833	-859.743
38	76	0.833	-859.743
38	77	0.833	-859.743
38	78	0.833	-859.743
38	79	0.833	-859.743
38	80	0.833	-859.743
38	81	0.833	-859.743
38	82	0.833	-859.743
38	83	0.833	-859.743
38	84	0.833	-859.743
38	85	0.833	-859.743
38	86	0.833	-859.743
38	87	0.833	-859.743
38	88	0.833	-859.743
38	89	0.833	-859.743
38	90	0.833	-859.743
38	91	0.833	-859.743
38	92	0.833	-859.743
38	93	0.833	-859.743
38	94	0.833	-859.743
38	95	0.833	-859.743
38	96	0.833	-859.743
38	97	0.833	-859.743
38	98	0.833	-859.743
38	99	0.833	-859.743
38	100	0.833	-859.743
38	101	0.833	-859.743
38	102	0.833	-859.743
38	103	0.833	-859.743
38	104	0.833	-859.743
38	105	0.833	-859.743
38	106	0.833	-859.743
38	107	0.833	-859.743
38	108	0.833	-859.743
38	109	0.833	-859.743
38	110	0.833	-859.743
38	111	0.833	-859.743
38	112	0.833	-859.743
38	113	0.833	-859.743
38	114	0.833	-859.743
38	115	0.833	-859.743
38	116	0.833	-859.743
38	117	0.833	-859.743
38	118	0.833	-859.743
38	119	0.833	-859.743
38	120	0.833	-859.743
38	121	0.833	-859.743
38	122	0.833	-859.743
38	123	0.833	-859.743
38	124	0.833	-859.743
38	125	0.833	-859.743
38	126	0.833	-859.743
38	127	0.833	-859.743
### SDC5-Y1
#
39	0	0.833	-860.692
39	1	0.833	-860.692
39	2	0.833	-860.692
39	3	0.833	-860.692
39	4	0.833	-860.692
39	5	0.833	-860.692
39	6	0.833	-860.692
39	7	0.833	-860.692
39	8	0.833	-860.692
39	9	0.833	-860.692
39	10	0.833	-860.692
39	11	0.833	-860.692
39	12	0.833	-860.692
39	13	0.833	-860.692
39	14	0.833	-860.692
39	15	0.833	-860.692
39	16	0.833	-860.692
39	17	0.833	-860.692
39	18	0.833	-860.692
39	19	0.833	-860.692
39	20	0.833	-860.692
39	21	0.833	-860.692
39	22	0.833	-860.692
39	23	0.833	-860.692
39	24	0.833	-860.692
39	25	0.833	-860.692
39	26	0.833	-860.692
39	27	0.833	-860.692
39	28	0.833	-860.692
39	29	0.833	-860.692
39	30	0.833	-860.692
39	31	0.833	-860.692
39	32	0.833	-860.692
39	33	0.833	-860.692
39	34	0.833	-860.692
39	35	0.833	-860.692
39	36	0.833	-860.692
39	37	0.833	-860.692
39	38	0.833	-860.692
39	39	0.833	-860.692
39	40	0.833	-860.692
39	41	0.833	-860.692
39	42	0.833	-860.692
39	43	0.833	-860.692
39	44	0.833	-860.692
39	45	0.833	-860.692
39	46	0.833	-860.692
39	47	0.833	-860.692
39	48	0.833	-860.692
39	49	0.833	-860.692
39	50	0.833	-860.692
39	51	0.833	-860.692
39	52	0.833	-860.692
39	53	0.833	-860.692
39	54	0.833	-860.692
39	55	0.833	-860.692
39	56	0.833	-860.692
39	57	0.833	-860.692
39	58	0.833	-860.692
39	59	0.833	-860.692
39	60	0.833	-860.692
39	61	0.833	-860.692
39	62	0.833	-860.692
39	63	0.833	-860.692
39	64	0.833	-860.692
39	65	0.833	-860.692
39	66	0.833	-860.692
39	67	0.833	-860.692
39	68	0.833	-860.692
39	69	0.833	-860.692
39	70	0.833	-860.692
39	71	0.833	-860.692
39	72	0.833	-860.692
39	73	0.833	-860.692
39	74	0.833	-860.692
39	75	0.833	-860.692
39	76	0.833	-860.692
39	77	0.833	-860.692
39	78	0.833	-860.692
39	79	0.833	-860.692
39	80	0.833	-860.692
39	81	0.833	-860.692
39	82	0.833	-860.692
39	83	0.833	-860.692
39	84	0.833	-860.692
39	85	0.833	-860.692
39	86	0.833	-860.692
39	87	0.833	-860.692
39	88	0.833	-860.692
39	89	0.833	-860.692
39	90	0.833	-860.692
39	91	0.833	-860.692
39	92	0.833	-860.692
39	93	0.833	-860.692
39	94	0.833	-860.692
39	95	0.833	-860.692
### SDC5-Y2
#
40	0	0.833	-859.351
40	1	0.833	-859.351
40	2	0.833	-859.351
40	3	0.833	-859.351
40	4	0.833	-859.351
40	5	0.833	-859.351
40	6	0.833	-859.351
40	7	0.833	-859.351
40	8	0.833	-859.351
40	9	0.833	-859.351
40	10	0.833	-859.351
40	11	0.833	-859.351
40	12	0.833	-859.351
40	13	0.833	-859.351
40	14	0.833	-859.351
40	15	0.833	-859.351
40	16	0.833	-859.351
40	17	0.833	-859.351
40	18	0.833	-859.351
40	19	0.833	-859.351
40	20	0.833	-859.351
40	21	0.833	-859.351
40	22	0.833	-859.351
40	23	0.833	-859.351
40	24	0.833	-859.351
40	25	0.833	-859.351
40	26	0.833	-859.351
40	27	0.833	-859.351
40	28	0.833	-859.351
40	29	0.833	-859.351
40	30	0.833	-859.351
40	31	0.833	-859.351
40	32	0.833	-859.351
40	33	0.833	-859.351
40	34	0.833	-859.351
40	35	0.833	-859.351
40	36	0.833	-859.351
40	37	0.833	-859.351
40	38	0.833	-859.351
40	39	0.833	-859.351
40	40	0.833	-859.351
40	41	0.833	-859.351
40	42	0.833	-859.351
40	43	0.833	-859.351
40	44	0.833	-859.351
40	45	0.833	-859.351
40	46	0.833	-859.351
40	47	0.833	-859.351
40	48	0.833	-859.351
40	49	0.833	-859.351
40	50	0.833	-859.351
40	51	0.833	-859.351
40	52	0.833	-859.351
40	53	0.833	-859.351
40	54	0.833	-859.351
40	55	0.833	-859.351
40	56	0.833	-859.351
40	57	0.833	-859.351
40	58	0.833	-859.351
40	59	0.833	-859.351
40	60	0.833	-859.351
40	61	0.833	-859.351
40	62	0.833	-859.351
40	63	0.833	-859.351
40	64	0.833	-859.351
40	65	0.833	-859.351
40	66	0.833	-859.351
40	67	0.833	-859.351
40	68	0.833	-859.351
40	69	0.833	-859.351
40	70	0.833	-859.351
40	71	0.833	-859.351
40	72	0.833	-859.351
40	73	0.833	-859.351
40	74	0.833	-859.351
40	75	0.833	-859.351
40	76	0.833	-859.351
40	77	0.833	-859.351
40	78	0.833	-859.351
40	79	0.833	-859.351
40	80	0.833	-859.351
40	81	0.833	-859.351
40	82	0.833	-859.351
40	83	0.833	-859.351
40	84	0.833	-859.351
40	85	0.833	-859.351
40	86	0.833	-859.351
40	87	0.833	-859.351
40	88	0.833	-859.351
40	89	0.833	-859.351
40	90	0.833	-859.351
40	91	0.833	-859.351
40	92	0.833	-859.351
40	93	0.833	-859.351
40	94	0.833	-859.351
40	95	0.833	-859.351
### SDC5-X1
#
41	0	0.833	-860.134
41	1	0.833	-860.134
41	2	0.833	-860.134
41	3	0.833	-860.134
41	4	0.833	-860.134
41	5	0.833	-860.134
41	6	0.833	-860.134
41	7	0.833	-860.134
41	8	0.833	-860.134
41	9	0.833	-860.134
41	10	0.833	-860.134
41	11	0.833	-860.134
41	12	0.833	-860.134
41	13	0.833	-860.134
41	14	0.833	-860.134
41	15	0.833	-860.134
41	16	0.833	-860.134
41	17	0.833	-860.134
41	18	0.833	-860.134
41	19	0.833	-860.134
41	20	0.833	-860.134
41	21	0.833	-860.134
41	22	0.833	-860.134
41	23	0.833	-860.134
41	24	0.833	-860.134
41	25	0.833	-860.134
41	26	0.833	-860.134
41	27	0.833	-860.134
41	28	0.833	-860.134
41	29	0.833	-860.134
41	30	0.833	-860.134
41	31	0.833	-860.134
41	32	0.833	-860.134
41	33	0.833	-860.134
41	34	0.833	-860.134
41	35	0.833	-860.134
41	36	0.833	-860.134
41	37	0.833	-860.134
41	38	0.833	-860.134
41	39	0.833	-860.134
41	40	0.833	-860.134
41	41	0.833	-860.134
41	42	0.833	-860.134
41	43	0.833	-860.134
41	44	0.833	-860.134
41	45	0.833	-860.134
41	46	0.833	-860.134
41	47	0.833	-860.134
41	48	0.833	-860.134
41	49	0.833	-860.134
41	50	0.833	-860.134
41	51	0.833	-860.134
41	52	0.833	-860.134
41	53	0.833	-860.134
41	54	0.833	-860.134
41	55	0.833	-860.134
41	56	0.833	-860.134
41	57	0.833	-860.134
41	58	0.833	-860.134
41	59	0.833	-860.134
41	60	0.833	-860.134
41	61	0.833	-860.134
41	62	0.833	-860.134
41	63	0.833	-860.134
41	64	0.833	-860.134
41	65	0.833	-860.134
41	66	0.833	-860.134
41	67	0.833	-860.134
41	68	0.833	-860.134
41	69	0.833	-860.134
41	70	0.833	-860.134
41	71	0.833	-860.134
41	72	0.833	-860.134
41	73	0.833	-860.134
41	74	0.833	-860.134
41	75	0.833	-860.134
41	76	0.833	-860.134
41	77	0.833	-860.134
41	78	0.833	-860.134
41	79	0.833	-860.134
41	80	0.833	-860.134
41	81	0.833	-860.134
41	82	0.833	-860.134
41	83	0.833	-860.134
41	84	0.833	-860.134
41	85	0.833	-860.134
41	86	0.833	-860.134
41	87	0.833	-860.134
41	88	0.833	-860.134
41	89	0.833	-860.134
41	90	0.833	-860.134
41	91	0.833	-860.134
41	92	0.833	-860.134
41	93	0.833	-860.134
41	94	0.833	-860.134
41	95	0.833	-860.134
41	96	0.833	-860.134
41	97	0.833	-860.134
41	98	0.833	-860.134
41	99	0.833	-860.134
41	100	0.833	-860.134
41	101	0.833	-860.134
41	102	0.833	-860.134
41	103	0.833	-860.134
41	104	0.833	-860.134
41	105	0.833	-860.134
41	106	0.833	-860.134
41	107	0.833	-860.134
41	108	0.833	-860.134
41	109	0.833	-860.134
41	110	0.833	-860.134
41	111	0.833	-860.134
41	112	0.833	-860.134
41	113	0.833	-860.134
41	114	0.833	-860.134
41	115	0.833	-860.134
41	116	0.833	-860.134
41	117	0.833	-860.134
41	118	0.833	-860.134
41	119	0.833	-860.134
41	120	0.833	-860.134
41	121	0.833	-860.134
41	122	0.833	-860.134
41	123	0.833	-860.134
41	124	0.833	-860.134
41	125	0.833	-860.134
41	126	0.833	-860.134
41	127	0.833	-860.134
### SDC5-X2
#
42	0	0.833	-860.316
42	1	0.833	-860.316
42	2	0.833	-860.316
42	3	0.833	-860.316
42	4	0.833	-860.316
42	5	0.833	-860.316
42	6	0.833	-860.316
42	7	0.833	-860.316
42	8	0.833	-860.316
42	9	0.833	-860.316
42	10	0.833	-860.316
42	11	0.833	-860.316
42	12	0.833	-860.316
42	13	0.833	-860.316
42	14	0.833	-860.316
42	15	0.833	-860.316
42	16	0.833	-860.316
42	17	0.833	-860.316
42	18	0.833	-860.316
42	19	0.833	-860.316
42	20	0.833	-860.316
42	21	0.833	-860.316
42	22	0.833	-860.316
42	23	0.833	-860.316
42	24	0.833	-860.316
42	25	0.833	-860.316
42	26	0.833	-860.316
42	27	0.833	-860.316
42	28	0.833	-860.316
42	29	0.833	-860.316
42	30	0.833	-860.316
42	31	0.833	-860.316
42	32	0.833	-860.316
42	33	0.833	-860.316
42	34	0.833	-860.316
42	35	0.833	-860.316
42	36	0.833	-860.316
42	37	0.833	-860.316
42	38	0.833	-860.316
42	39	0.833	-860.316
42	40	0.833	-860.316
42	41	0.833	-860.316
42	42	0.833	-860.316
42	43	0.833	-860.316
42	44	0.833	-860.316
42	45	0.833	-860.316
42	46	0.833	-860.316
42	47	0.833	-860.316
42	48	0.833	-860.316
42	49	0.833	-860.316
42	50	0.833	-860.316
42	51	0.833	-860.316
42	52	0.833	-860.316
42	53	0.833	-860.316
42	54	0.833	-860.316
42	55	0.833	-860.316
42	56	0.833	-860.316
42	57	0.833	-860.316
42	58	0.833	-860.316
42	59	0.833	-860.316
42	60	0.833	-860.316
42	61	0.833	-860.316
42	62	0.833	-860.316
42	63	0.833	-860.316
42	64	0.833	-860.316
42	65	0.833	-860.316
42	66	0.833	-860.316
42	67	0.833	-860.316
42	68	0.833	-860.316
42	69	0.833	-860.316
42	70	0.833	-860.316
42	71	0.833	-860.316
42	72	0.833	-860.316
42	73	0.833	-860.316
42	74	0.833	-860.316
42	75	0.833	-860.316
42	76	0.833	-860.316
42	77	0.833	-860.316
42	78	0.833	-860.316
42	79	0.833	-860.316
42	80	0.833	-860.316
42	81	0.833	-860.316
42	82	0.833	-860.316
42	83	0.833	-860.316
42	84	0.833	-860.316
42	85	0.833	-860.316
42	86	0.833	-860.316
42	87	0.833	-860.316
42	88	0.833	-860.316
42	89	0.833	-860.316
42	90	0.833	-860.316
42	91	0.833	-860.316
42	92	0.833	-860.316
42	93	0.833	-860.316
42	94	0.833	-860.316
42	95	0.833	-860.316
42	96	0.833	-860.316
42	97	0.833	-860.316
42	98	0.833	-860.316
42	99	0.833	-860.316
42	100	0.833	-860.316
42	101	0.833	-860.316
42	102	0.833	-860.316
42	103	0.833	-860.316
42	104	0.833	-860.316
42	105	0.833	-860.316
42	106	0.833	-860.316
42	107	0.833	-860.316
42	108	0.833	-860.316
42	109	0.833	-860.316
42	110	0.833	-860.316
42	111	0.833	-860.316
42	112	0.833	-860.316
42	113	0.833	-860.316
42	114	0.833	-860.316
42	115	0.833	-860.316
42	116	0.833	-860.316
42	117	0.833	-860.316
42	118	0.833	-860.316
42	119	0.833	-860.316
42	120	0.833	-860.316
42	121	0.833	-860.316
42	122	0.833	-860.316
42	123	0.833	-860.316
42	124	0.833	-860.316
42	125	0.833	-860.316
42	126	0.833	-860.316
42	127	0.833	-860.316
