##
#  file: HodoPHCParam_Dummy
#  date: 2016.06.15
#  note: first version
#
#
#######################################################################
# CId	PlId	Seg	UorD	Type	nParam	p0	p1	...
#
#	Type=0 no correction will be performed
#	Type=1 ct=t-p[0]/sqrt(a-p[1])+p[2]
#	Type=2 ct=p[0]*a*a + p[1]*a + p[2] for Fiber
#
#######################################################################
# BH1 Up                                                              #
#######################################################################
1	0	0	0	1	3	-1.01539e+00	-1.46682e-01	-1.02710e+00
1	0	1	0	1	3	-2.12292e+00	-8.11187e-01	-1.65165e+00
1	0	2	0	1	3	-3.07946e+00	-1.24311e+00	-2.08378e+00
1	0	3	0	1	3	-1.50318e+00	-2.97448e-01	-1.33033e+00
1	0	4	0	1	3	-4.99351e+02	-7.08504e+01	-5.89024e+01
1	0	5	0	1	3	-5.76157e+02	-6.61906e+01	-7.02812e+01
1	0	6	0	1	3	-2.36302e+02	-3.97254e+01	-3.70166e+01
1	0	7	0	1	3	-6.58536e+02	-7.32035e+01	-7.64267e+01
1	0	8	0	1	3	-3.21769e+02	-5.71743e+01	-4.21391e+01
1	0	9	0	1	3	-4.28902e+02	-6.01255e+01	-5.48114e+01
1	0	10	0	1	3	-3.48391e+00	-1.43354e+00	-2.18256e+00
#######################################################################
# BH1 Down                                                            #
#######################################################################
1	0	0	1	1	3	-1.18348e+00	-2.96695e-01	-1.11124e+00
1	0	1	1	1	3	-1.99951e+01	-6.92044e+00	-7.18220e+00
1	0	2	1	1	3	-9.88618e+00	-4.38256e+00	-4.26728e+00
1	0	3	1	1	3	-3.34125e+02	-6.46261e+01	-4.12306e+01
1	0	4	1	1	3	-2.06675e+02	-3.62442e+01	-3.38331e+01
1	0	5	1	1	3	-5.37409e+02	-6.16678e+01	-6.78499e+01
1	0	6	1	1	3	-7.93129e+02	-8.96171e+01	-8.32993e+01
1	0	7	1	1	3	-5.26667e+02	-6.21065e+01	-6.62392e+01
1	0	8	1	1	3	-1.61566e+00	-6.81559e-01	-1.19497e+00
1	0	9	1	1	3	-3.34478e+02	-4.93005e+01	-4.71141e+01
1	0	10	1	1	3	-4.59380e+02	-7.23396e+01	-5.35748e+01
#######################################################################
# BH2 Up                                                              #
#######################################################################
2	0	0	0	1	3	-1.63782e+01	-8.32566e+00	-5.39976e+00
2	0	1	0	1	3	-1.76233e+02	-4.05612e+01	-2.73514e+01
2	0	2	0	1	3	-4.87219e+02	-8.60963e+01	-5.22287e+01
2	0	3	0	1	3	-4.60680e+02	-7.82690e+01	-5.17613e+01
2	0	4	0	1	3	-8.32162e-01	-1.21456e-02	-8.61044e-01
2	0	5	0	1	3	-1.10172e+02	-3.11757e+01	-1.94026e+01
2	0	6	0	1	3	-4.42966e+01	-1.55059e+01	-1.08233e+01
2	0	7	0	1	3	-4.45874e+02	-8.82802e+01	-4.71052e+01
#######################################################################
# BH2 Down                                                            #
#######################################################################
2	0	0	1	1	3	-1.63782e+01	-8.32566e+00	-5.39976e+00
2	0	1	1	1	3	-1.76233e+02	-4.05612e+01	-2.73514e+01
2	0	2	1	1	3	-4.87219e+02	-8.60963e+01	-5.22287e+01
2	0	3	1	1	3	-4.60680e+02	-7.82690e+01	-5.17613e+01
2	0	4	1	1	3	-8.32162e-01	-1.21456e-02	-8.61044e-01
2	0	5	1	1	3	-1.10172e+02	-3.11757e+01	-1.94026e+01
2	0	6	1	1	3	-4.42966e+01	-1.55059e+01	-1.08233e+01
2	0	7	1	1	3	-4.45874e+02	-8.82802e+01	-4.71052e+01
#######################################################################
# BAC                                                                 #
#######################################################################
3	0	0	0	1	3	0.00000e+00	0.00000e+00	0.00000e+00
3	0	1	0	1	3	0.00000e+00	0.00000e+00	0.00000e+00
#######################################################################
# FBH Up                                                              #
#######################################################################
4	0	0	0	2	3	-5.62952e-03	8.96903e-01	-3.53273e+01
4	0	1	0	2	3	-4.29399e-03	7.37975e-01	-3.00049e+01
4	0	2	0	2	3	-5.26894e-03	8.67305e-01	-3.38992e+01
4	0	3	0	2	3	-3.80183e-03	6.69237e-01	-2.72260e+01
4	0	4	0	2	3	-4.35014e-03	7.35785e-01	-2.92008e+01
4	0	5	0	2	3	-4.02541e-03	6.86907e-01	-2.70312e+01
4	0	6	0	2	3	-4.16660e-03	7.08229e-01	-2.81512e+01
4	0	7	0	2	3	-3.93117e-03	6.84759e-01	-2.69101e+01
4	0	8	0	2	3	-4.14423e-03	6.96902e-01	-2.65883e+01
4	0	9	0	2	3	-2.83372e-03	5.62925e-01	-2.20787e+01
4	0	10	0	2	3	-4.07944e-03	7.09420e-01	-2.75603e+01
4	0	11	0	2	3	-3.50961e-03	6.50113e-01	-2.64167e+01
4	0	12	0	2	3	-3.52415e-03	6.49734e-01	-2.67232e+01
4	0	13	0	2	3	-4.13420e-03	7.26957e-01	-2.99675e+01
4	0	14	0	2	3	-4.90315e-03	8.27563e-01	-3.35630e+01
4	0	15	0	2	3	-4.73048e-03	8.13189e-01	-3.31901e+01
#######################################################################
# FBH Down                                                            #
#######################################################################
4	0	0	1	2	3	-5.62952e-03	8.96903e-01	-3.53273e+01
4	0	1	1	2	3	-4.29399e-03	7.37975e-01	-3.00049e+01
4	0	2	1	2	3	-5.26894e-03	8.67305e-01	-3.38992e+01
4	0	3	1	2	3	-3.80183e-03	6.69237e-01	-2.72260e+01
4	0	4	1	2	3	-4.35014e-03	7.35785e-01	-2.92008e+01
4	0	5	1	2	3	-4.02541e-03	6.86907e-01	-2.70312e+01
4	0	6	1	2	3	-4.16660e-03	7.08229e-01	-2.81512e+01
4	0	7	1	2	3	-3.93117e-03	6.84759e-01	-2.69101e+01
4	0	8	1	2	3	-4.14423e-03	6.96902e-01	-2.65883e+01
4	0	9	1	2	3	-2.83372e-03	5.62925e-01	-2.20787e+01
4	0	10	1	2	3	-4.07944e-03	7.09420e-01	-2.75603e+01
4	0	11	1	2	3	-3.50961e-03	6.50113e-01	-2.64167e+01
4	0	12	1	2	3	-3.52415e-03	6.49734e-01	-2.67232e+01
4	0	13	1	2	3	-4.13420e-03	7.26957e-01	-2.99675e+01
4	0	14	1	2	3	-4.90315e-03	8.27563e-01	-3.35630e+01
4	0	15	1	2	3	-4.73048e-03	8.13189e-01	-3.31901e+01
#######################################################################
# PVAC                                                                #
#######################################################################
5	0	0	0	1	3	0.00000e+00	0.00000e+00	0.00000e+00
#######################################################################
# FAC                                                                 #
#######################################################################
6	0	0	0	1	3	0.00000e+00	0.00000e+00	0.00000e+00
#######################################################################
# SCH                                                                 #
#######################################################################
#7	0	0	0	2	3	-0.00500000	0.821213	-32.185321
#7	0	1	0	2	3	-0.00500000	0.830248	-32.269563
#7	0	2	0	2	3	-0.00500000	0.793073	-29.315934
#7	0	3	0	2	3	-0.00500000	0.772144	-28.276705
#7	0	4	0	2	3	-0.00500000	0.801968	-30.687167
#7	0	5	0	2	3	-0.00500000	0.778300	-28.439251
#7	0	6	0	2	3	-0.00500000	0.765872	-27.918181
#7	0	7	0	2	3	-0.00500000	0.738459	-26.016797
#7	0	8	0	2	3	-0.00500000	0.778318	-28.676371
#7	0	9	0	2	3	-0.00500000	0.776670	-28.892887
#7	0	10	0	2	3	-0.00500000	0.764278	-28.122474
#7	0	11	0	2	3	-0.00500000	0.790742	-29.423647
#7	0	12	0	2	3	-0.00500000	0.811330	-30.487019
#7	0	13	0	2	3	-0.00500000	0.818750	-30.891512
#7	0	14	0	2	3	-0.00500000	0.802541	-30.009136
#7	0	15	0	2	3	-0.00500000	0.809525	-30.751746
#7	0	16	0	2	3	-0.00500000	0.802597	-30.845509
#7	0	17	0	2	3	-0.00500000	0.835028	-32.780792
#7	0	18	0	2	3	-0.00500000	0.859176	-33.938731
#7	0	19	0	2	3	-0.00500000	0.814851	-31.445396
#7	0	20	0	2	3	-0.00500000	0.809426	-30.781087
#7	0	21	0	2	3	-0.00500000	0.780678	-28.888756
#7	0	22	0	2	3	-0.00500000	0.808206	-30.719604
#7	0	23	0	2	3	-0.00500000	0.774024	-27.858339
#7	0	24	0	2	3	-0.00500000	0.794308	-29.022101
#7	0	25	0	2	3	-0.00500000	0.775649	-27.980186
#7	0	26	0	2	3	-0.00500000	0.788483	-28.687567
#7	0	27	0	2	3	-0.00466315	0.771386	-29.253260
#7	0	28	0	2	3	-0.00483132	0.790854	-28.637741
#7	0	29	0	2	3	-0.00497049	0.812994	-30.786914
#7	0	30	0	2	3	-0.00500000	0.787793	-28.362716
#7	0	31	0	2	3	-0.00500000	0.790759	-28.876812
#7	0	32	0	2	3	-0.00500000	0.824826	-31.655285
#7	0	33	0	2	3	-0.00500000	0.845304	-33.407765
#7	0	34	0	2	3	-0.00500000	0.832263	-32.939799
#7	0	35	0	2	3	-0.00500000	0.820631	-31.695372
#7	0	36	0	2	3	-0.00500000	0.836997	-33.200590
#7	0	37	0	2	3	-0.00500000	0.819690	-32.097193
#7	0	38	0	2	3	-0.00500000	0.808109	-31.263214
#7	0	39	0	2	3	-0.00500000	0.815224	-31.135523
#7	0	40	0	2	3	-0.00500000	0.803398	-29.897923
#7	0	41	0	2	3	-0.00500000	0.815685	-31.165519
#7	0	42	0	2	3	-0.00500000	0.812980	-30.737261
#7	0	43	0	2	3	-0.00500000	0.829418	-32.693307
#7	0	44	0	2	3	-0.00500000	0.789530	-29.464920
#7	0	45	0	2	3	-0.00500000	0.804789	-31.208151
#7	0	46	0	2	3	-0.00500000	0.830106	-32.806514
#7	0	47	0	2	3	-0.00500000	0.819206	-31.373242
#7	0	48	0	2	3	-0.00500000	0.816165	-31.709319
#7	0	49	0	2	3	-0.00500000	0.798496	-30.201709
#7	0	50	0	2	3	-0.00500000	0.812167	-31.795745
#7	0	51	0	2	3	-0.00500000	0.810749	-31.375226
#7	0	52	0	2	3	-0.00500000	0.803385	-31.372512
#7	0	53	0	2	3	-0.00500000	0.777405	-29.262831
#7	0	54	0	2	3	-0.00500000	0.783954	-29.763410
#7	0	55	0	2	3	-0.00500000	0.789443	-29.976449
#7	0	56	0	2	3	-0.00500000	0.838828	-33.261086
#7	0	57	0	2	3	-0.00500000	0.804421	-30.573195
#7	0	58	0	2	3	-0.00500000	0.773283	-29.111048
#7	0	59	0	2	3	-0.00500000	0.811789	-31.449459
#7	0	60	0	2	3	-0.00500000	0.759724	-28.110014
#7	0	61	0	2	3	-0.00500000	0.810884	-31.379063
#7	0	62	0	2	3	-0.00500000	0.771910	-28.435006
#7	0	63	0	2	3	-0.00500000	0.796658	-30.511906
#######################################################################
# TOF Up                                                              #
#######################################################################
7	0	0	0	1	3	5.24830e+00	-1.96630e+00	2.96170e+00
7	0	1	0	1	3	5.24830e+00	-1.96630e+00	2.96170e+00
7	0	2	0	1	3	5.24830e+00	-1.96630e+00	2.96170e+00
7	0	3	0	1	3	5.24830e+00	-1.96630e+00	2.96170e+00
7	0	4	0	1	3	5.24830e+00	-1.96630e+00	2.96170e+00
7	0	5	0	1	3	5.24830e+00	-1.96630e+00	2.96170e+00
7	0	6	0	1	3	6.97090e+00	-3.03520e+00	3.39910e+00
7	0	7	0	1	3	4.05450e+00	-1.96150e+00	2.30360e+00
7	0	8	0	1	3	1.16940e+02	-2.98600e+01	2.09880e+01
7	0	9	0	1	3	5.24830e+00	-1.96630e+00	2.96170e+00
7	0	10	0	1	3	5.24830e+00	-1.96630e+00	2.96170e+00
7	0	11	0	1	3	5.24830e+00	-1.96630e+00	2.96170e+00
7	0	12	0	1	3	5.24830e+00	-1.96630e+00	2.96170e+00
7	0	13	0	1	3	5.24830e+00	-1.96630e+00	2.96170e+00
7	0	14	0	1	3	5.24830e+00	-1.96630e+00	2.96170e+00
7	0	15	0	1	3	5.24830e+00	-1.96630e+00	2.96170e+00
7	0	16	0	1	3	5.24830e+00	-1.96630e+00	2.96170e+00
7	0	17	0	1	3	5.24830e+00	-1.96630e+00	2.96170e+00
7	0	18	0	1	3	5.24830e+00	-1.96630e+00	2.96170e+00
7	0	19	0	1	3	7.11491e-01	1.85180e-03	5.82402e-01
7	0	20	0	1	3	5.59404e-01	-1.73810e-03	4.50716e-01
7	0	21	0	1	3	8.92499e-01	1.99900e-03	7.37364e-01
7	0	22	0	1	3	6.37553e-01	1.99960e-03	5.45449e-01
7	0	23	0	1	3	1.19210e+00	1.98920e-03	9.99994e-01
#######################################################################
# TOF Down                                                            #
#######################################################################
7	0	0	1	1	3	5.84300e+00	-2.30730e+00	3.11320e+00
7	0	1	1	1	3	5.84300e+00	-2.30730e+00	3.11320e+00
7	0	2	1	1	3	5.84300e+00	-2.30730e+00	3.11320e+00
7	0	3	1	1	3	5.84300e+00	-2.30730e+00	3.11320e+00
7	0	4	1	1	3	5.84300e+00	-2.30730e+00	3.11320e+00
7	0	5	1	1	3	5.84300e+00	-2.30730e+00	3.11320e+00
7	0	6	1	1	3	1.41330e+01	-5.81170e+00	5.32680e+00
7	0	7	1	1	3	7.84850e+01	-2.02870e+01	1.69500e+01
7	0	8	1	1	3	2.20240e+02	-3.62440e+01	3.60080e+01
7	0	9	1	1	3	5.84300e+00	-2.30730e+00	3.11320e+00
7	0	10	1	1	3	5.84300e+00	-2.30730e+00	3.11320e+00
7	0	11	1	1	3	5.84300e+00	-2.30730e+00	3.11320e+00
7	0	12	1	1	3	5.84300e+00	-2.30730e+00	3.11320e+00
7	0	13	1	1	3	5.84300e+00	-2.30730e+00	3.11320e+00
7	0	14	1	1	3	5.84300e+00	-2.30730e+00	3.11320e+00
7	0	15	1	1	3	5.84300e+00	-2.30730e+00	3.11320e+00
7	0	16	1	1	3	5.84300e+00	-2.30730e+00	3.11320e+00
7	0	17	1	1	3	5.84300e+00	-2.30730e+00	3.11320e+00
7	0	18	1	1	3	5.84300e+00	-2.30730e+00	3.11320e+00
7	0	19	1	1	3	6.18741e-01	1.99860e-03	4.90831e-01
7	0	20	1	1	3	5.75901e-01	1.04210e-03	4.72509e-01
7	0	21	1	1	3	9.41046e-01	1.99890e-03	7.79357e-01
7	0	22	1	1	3	4.84266e-01	-1.95590e-03	3.99786e-01
7	0	23	1	1	3	8.97714e-01	1.99860e-03	7.56300e-01
#######################################################################
# BFT U                                                               #
#######################################################################
110	0	0	0	2	3	-4.63927e-03	1.02015e-01	4.30375e+00
110	0	1	0	2	3	-4.22367e-03	1.23090e-01	2.98597e+00
110	0	2	0	2	3	-5.96559e-03	1.66649e-01	3.92609e+00
110	0	3	0	2	3	1.07880e-02	-1.04613e+00	2.36413e+01
110	0	4	0	2	3	-2.12885e-03	-1.37580e-01	9.26880e+00
110	0	5	0	2	3	-4.69748e-04	-2.42460e-01	1.12806e+01
110	0	6	0	2	3	3.88821e-03	-5.91005e-01	1.71441e+01
110	0	7	0	2	3	9.02595e-04	-3.40725e-01	1.19108e+01
110	0	8	0	2	3	4.32293e-03	-6.01111e-01	1.70157e+01
110	0	9	0	2	3	-5.45552e-03	1.17354e-01	4.68310e+00
110	0	10	0	2	3	2.62924e-03	-4.83438e-01	1.42687e+01
110	0	11	0	2	3	-5.69074e-03	1.33627e-01	4.28726e+00
110	0	12	0	2	3	2.69625e-03	-4.79675e-01	1.34094e+01
110	0	13	0	2	3	4.57961e-03	-6.08610e-01	1.74506e+01
110	0	14	0	2	3	4.33677e-03	-6.09188e-01	1.66260e+01
110	0	15	0	2	3	6.06594e-03	-7.08327e-01	1.90604e+01
110	0	16	0	2	3	3.11168e-03	-4.86721e-01	1.37187e+01
110	0	17	0	2	3	3.29790e-03	-5.23977e-01	1.57190e+01
110	0	18	0	2	3	3.66074e-03	-5.44955e-01	1.50498e+01
110	0	19	0	2	3	3.49437e-03	-5.45495e-01	1.41255e+01
110	0	20	0	2	3	4.62824e-03	-6.13741e-01	1.67372e+01
110	0	21	0	2	3	3.58108e-03	-5.46897e-01	1.64246e+01
110	0	22	0	2	3	4.32753e-03	-5.97331e-01	1.64623e+01
110	0	23	0	2	3	5.13590e-03	-6.46826e-01	1.77094e+01
110	0	24	0	2	3	2.96591e-03	-4.96320e-01	1.50757e+01
110	0	25	0	2	3	2.92447e-03	-4.85945e-01	1.43731e+01
110	0	26	0	2	3	3.61971e-03	-5.48447e-01	1.56555e+01
110	0	27	0	2	3	4.07143e-03	-5.62438e-01	1.59641e+01
110	0	28	0	2	3	3.24544e-03	-5.14492e-01	1.35227e+01
110	0	29	0	2	3	3.94055e-03	-5.55955e-01	1.55439e+01
110	0	30	0	2	3	3.98274e-03	-5.76165e-01	1.60435e+01
110	0	31	0	2	3	5.22475e-03	-6.52079e-01	1.76730e+01
110	0	32	0	2	3	2.62692e-03	-4.89748e-01	1.49954e+01
110	0	33	0	2	3	4.60745e-03	-5.95595e-01	1.40414e+01
110	0	34	0	2	3	3.90198e-03	-5.66409e-01	1.58662e+01
110	0	35	0	2	3	5.52685e-03	-6.83667e-01	1.83432e+01
110	0	36	0	2	3	2.70756e-03	-4.83173e-01	1.34027e+01
110	0	37	0	2	3	3.94918e-03	-5.71368e-01	1.73709e+01
110	0	38	0	2	3	4.59343e-03	-6.08417e-01	1.59045e+01
110	0	39	0	2	3	4.16458e-03	-5.82649e-01	1.63195e+01
110	0	40	0	2	3	3.95855e-03	-5.60664e-01	1.44343e+01
110	0	41	0	2	3	4.39621e-03	-5.94313e-01	1.75090e+01
110	0	42	0	2	3	4.03551e-03	-5.70567e-01	1.52395e+01
110	0	43	0	2	3	4.19025e-03	-5.92126e-01	1.72129e+01
110	0	44	0	2	3	3.68675e-03	-5.48130e-01	1.54387e+01
110	0	45	0	2	3	3.60689e-03	-5.32878e-01	1.59118e+01
110	0	46	0	2	3	3.84412e-03	-5.72311e-01	1.61887e+01
110	0	47	0	2	3	5.11971e-03	-6.56320e-01	1.83387e+01
110	0	48	0	2	3	3.74026e-03	-5.49793e-01	1.44478e+01
110	0	49	0	2	3	4.83357e-03	-6.30764e-01	1.72752e+01
110	0	50	0	2	3	4.89686e-03	-6.33124e-01	1.72983e+01
110	0	51	0	2	3	4.05392e-03	-5.73554e-01	1.61222e+01
110	0	52	0	2	3	3.64695e-03	-5.43779e-01	1.49478e+01
110	0	53	0	2	3	4.17954e-03	-5.76542e-01	1.59759e+01
110	0	54	0	2	3	4.14503e-03	-5.83552e-01	1.61221e+01
110	0	55	0	2	3	4.94815e-03	-6.33581e-01	1.70074e+01
110	0	56	0	2	3	4.51370e-03	-6.17423e-01	1.66983e+01
110	0	57	0	2	3	4.86287e-03	-6.29293e-01	1.76126e+01
110	0	58	0	2	3	3.77143e-03	-5.61043e-01	1.58609e+01
110	0	59	0	2	3	4.59997e-03	-6.25277e-01	1.79701e+01
110	0	60	0	2	3	3.88744e-03	-5.71720e-01	1.56632e+01
110	0	61	0	2	3	3.44647e-03	-5.29263e-01	1.56214e+01
110	0	62	0	2	3	4.44867e-03	-6.07521e-01	1.65059e+01
110	0	63	0	2	3	4.16992e-03	-5.81527e-01	1.64192e+01
110	0	64	0	2	3	4.10949e-03	-5.85320e-01	1.64771e+01
110	0	65	0	2	3	3.60021e-03	-5.45092e-01	1.59294e+01
110	0	66	0	2	3	4.40338e-03	-6.19455e-01	1.74120e+01
110	0	67	0	2	3	3.63868e-03	-5.53624e-01	1.63431e+01
110	0	68	0	2	3	3.73338e-03	-5.72651e-01	1.59573e+01
110	0	69	0	2	3	4.27862e-03	-5.91983e-01	1.62989e+01
110	0	70	0	2	3	4.68416e-03	-6.43508e-01	1.71675e+01
110	0	71	0	2	3	4.04961e-03	-5.80622e-01	1.65215e+01
110	0	72	0	2	3	3.65929e-03	-5.61580e-01	1.55453e+01
110	0	73	0	2	3	4.55416e-03	-6.16860e-01	1.65685e+01
110	0	74	0	2	3	4.27043e-03	-6.14650e-01	1.66922e+01
110	0	75	0	2	3	3.90799e-03	-5.66977e-01	1.59291e+01
110	0	76	0	2	3	3.57125e-03	-5.50871e-01	1.54635e+01
110	0	77	0	2	3	3.90693e-03	-5.66124e-01	1.62538e+01
110	0	78	0	2	3	3.85324e-03	-5.77594e-01	1.62690e+01
110	0	79	0	2	3	4.23536e-03	-5.89860e-01	1.62978e+01
110	0	80	0	2	3	4.07645e-03	-5.82372e-01	1.60262e+01
110	0	81	0	2	3	3.88075e-03	-5.60540e-01	1.58787e+01
110	0	82	0	2	3	4.71907e-03	-6.28905e-01	1.74181e+01
110	0	83	0	2	3	4.19779e-03	-5.92626e-01	1.63253e+01
110	0	84	0	2	3	3.70564e-03	-5.52306e-01	1.59175e+01
110	0	85	0	2	3	2.96321e-03	-4.99421e-01	1.51810e+01
110	0	86	0	2	3	4.58435e-03	-6.35239e-01	1.73424e+01
110	0	87	0	2	3	4.27340e-03	-6.07598e-01	1.74690e+01
110	0	88	0	2	3	3.28483e-03	-5.21235e-01	1.47741e+01
110	0	89	0	2	3	4.39132e-03	-6.02605e-01	1.65551e+01
110	0	90	0	2	3	4.44047e-03	-6.14924e-01	1.67248e+01
110	0	91	0	2	3	4.97707e-03	-6.54861e-01	1.71582e+01
110	0	92	0	2	3	4.22164e-03	-6.04888e-01	1.73708e+01
110	0	93	0	2	3	3.59702e-03	-5.41903e-01	1.51995e+01
110	0	94	0	2	3	3.79758e-03	-5.84730e-01	1.70759e+01
110	0	95	0	2	3	4.51848e-03	-6.21687e-01	1.74351e+01
110	0	96	0	2	3	3.84561e-03	-5.75519e-01	1.64663e+01
110	0	97	0	2	3	3.49214e-03	-5.34603e-01	1.58748e+01
110	0	98	0	2	3	3.75624e-03	-5.73505e-01	1.64597e+01
110	0	99	0	2	3	4.44022e-03	-6.03935e-01	1.67884e+01
110	0	100	0	2	3	3.98618e-03	-5.81281e-01	1.61084e+01
110	0	101	0	2	3	3.53160e-03	-5.38435e-01	1.58784e+01
110	0	102	0	2	3	4.21458e-03	-6.02461e-01	1.68120e+01
110	0	103	0	2	3	4.89703e-03	-6.41943e-01	1.73353e+01
110	0	104	0	2	3	2.80793e-03	-5.07662e-01	1.51877e+01
110	0	105	0	2	3	3.66200e-03	-5.51829e-01	1.56657e+01
110	0	106	0	2	3	4.23639e-03	-6.01345e-01	1.67219e+01
110	0	107	0	2	3	3.83686e-03	-5.59236e-01	1.52316e+01
110	0	108	0	2	3	3.55451e-03	-5.52155e-01	1.55879e+01
110	0	109	0	2	3	4.41472e-03	-6.08073e-01	1.65955e+01
110	0	110	0	2	3	3.75388e-03	-5.71332e-01	1.60933e+01
110	0	111	0	2	3	5.70281e-03	-7.11552e-01	1.86675e+01
110	0	112	0	2	3	3.45660e-03	-5.36640e-01	1.50384e+01
110	0	113	0	2	3	3.36368e-03	-5.28520e-01	1.51828e+01
110	0	114	0	2	3	4.33814e-03	-6.13086e-01	1.79372e+01
110	0	115	0	2	3	4.72579e-03	-6.27956e-01	1.68963e+01
110	0	116	0	2	3	3.39437e-03	-5.40793e-01	1.60708e+01
110	0	117	0	2	3	3.83811e-03	-5.58807e-01	1.65371e+01
110	0	118	0	2	3	4.24703e-03	-6.05121e-01	1.69136e+01
110	0	119	0	2	3	4.47572e-03	-6.06686e-01	1.56190e+01
110	0	120	0	2	3	4.44068e-03	-6.15626e-01	1.74734e+01
110	0	121	0	2	3	3.23244e-03	-5.16061e-01	1.36194e+01
110	0	122	0	2	3	3.57207e-03	-5.63352e-01	1.68969e+01
110	0	123	0	2	3	3.37259e-03	-5.29272e-01	1.54623e+01
110	0	124	0	2	3	3.97436e-03	-5.80538e-01	1.65039e+01
110	0	125	0	2	3	4.25230e-03	-5.76724e-01	1.38574e+01
110	0	126	0	2	3	1.79935e-03	-4.27566e-01	1.32446e+01
110	0	127	0	2	3	2.73124e-03	-4.93497e-01	1.48068e+01
110	0	128	0	2	3	2.80583e-03	-5.18574e-01	1.59280e+01
110	0	129	0	2	3	2.62904e-03	-5.07967e-01	1.56426e+01
110	0	130	0	2	3	2.18405e-03	-4.79820e-01	1.64116e+01
110	0	131	0	2	3	2.70685e-03	-4.89720e-01	1.50859e+01
110	0	132	0	2	3	-6.81494e-04	-2.47341e-01	1.11696e+01
110	0	133	0	2	3	3.04537e-03	-5.19375e-01	1.57249e+01
110	0	134	0	2	3	1.46610e-03	-4.23639e-01	1.41716e+01
110	0	135	0	2	3	1.84410e-03	-4.36178e-01	1.46462e+01
110	0	136	0	2	3	2.05502e-03	-4.53107e-01	1.38654e+01
110	0	137	0	2	3	3.38398e-03	-5.49191e-01	1.66353e+01
110	0	138	0	2	3	1.85049e-03	-4.53494e-01	1.50373e+01
110	0	139	0	2	3	2.66170e-03	-5.00747e-01	1.53125e+01
110	0	140	0	2	3	1.89340e-03	-4.45437e-01	1.49268e+01
110	0	141	0	2	3	3.71139e-03	-5.76132e-01	1.59890e+01
110	0	142	0	2	3	3.31896e-03	-5.41676e-01	1.67772e+01
110	0	143	0	2	3	3.58956e-03	-5.58573e-01	1.58503e+01
110	0	144	0	2	3	2.02482e-03	-4.68030e-01	1.50879e+01
110	0	145	0	2	3	4.24868e-03	-5.99783e-01	1.68038e+01
110	0	146	0	2	3	1.61499e-03	-4.44366e-01	1.45676e+01
110	0	147	0	2	3	3.13820e-03	-5.21709e-01	1.47235e+01
110	0	148	0	2	3	4.10838e-03	-6.06188e-01	1.75705e+01
110	0	149	0	2	3	4.65416e-03	-6.25628e-01	1.72678e+01
110	0	150	0	2	3	4.54657e-04	-3.49835e-01	1.30435e+01
110	0	151	0	2	3	1.93436e-03	-4.57126e-01	1.47112e+01
110	0	152	0	2	3	4.21643e-03	-6.12837e-01	1.77986e+01
110	0	153	0	2	3	3.15965e-03	-5.41462e-01	1.63487e+01
110	0	154	0	2	3	3.32964e-03	-5.42175e-01	1.53733e+01
110	0	155	0	2	3	2.99279e-03	-5.30317e-01	1.54026e+01
110	0	156	0	2	3	-6.67392e-03	2.12550e-01	2.89619e+00
110	0	157	0	2	3	-1.49351e-02	6.79786e-01	-3.41416e+00
110	0	158	0	2	3	2.38621e-03	-4.55793e-01	1.45171e+01
110	0	159	0	2	3	-8.61166e-03	2.98030e-01	2.28691e+00
#######################################################################
# BFT D                                                               #
#######################################################################
110	1	0	0	2	3	-7.84841e-03	2.65667e-01	3.33088e+00
110	1	1	0	2	3	-5.99449e-03	1.06080e-01	6.05297e+00
110	1	2	0	2	3	-1.00372e-03	-2.29642e-01	1.09400e+01
110	1	3	0	2	3	8.96702e-04	-3.37605e-01	1.24983e+01
110	1	4	0	2	3	-1.58155e-03	-2.20224e-01	1.08990e+01
110	1	5	0	2	3	-9.46902e-03	4.19520e-01	-5.45262e-01
110	1	6	0	2	3	-2.93539e-04	-2.93809e-01	1.17917e+01
110	1	7	0	2	3	5.56396e-03	-6.71825e-01	1.84474e+01
110	1	8	0	2	3	3.25608e-03	-5.16096e-01	1.55980e+01
110	1	9	0	2	3	-4.00180e-03	1.61628e-02	6.60726e+00
110	1	10	0	2	3	5.41053e-03	-6.78746e-01	1.74165e+01
110	1	11	0	2	3	4.66961e-03	-6.18716e-01	1.73872e+01
110	1	12	0	2	3	4.05072e-03	-5.82840e-01	1.59570e+01
110	1	13	0	2	3	1.37939e-04	-3.15037e-01	1.22864e+01
110	1	14	0	2	3	3.60409e-03	-5.71135e-01	1.59820e+01
110	1	15	0	2	3	3.07322e-03	-5.19391e-01	1.56246e+01
110	1	16	0	2	3	3.02231e-03	-5.13436e-01	1.48940e+01
110	1	17	0	2	3	-6.92692e-03	2.28498e-01	1.99227e+00
110	1	18	0	2	3	5.01230e-03	-6.59522e-01	1.69230e+01
110	1	19	0	2	3	3.18017e-03	-5.19015e-01	1.59805e+01
110	1	20	0	2	3	4.19084e-03	-6.00790e-01	1.67959e+01
110	1	21	0	2	3	6.33803e-04	-3.25188e-01	1.23511e+01
110	1	22	0	2	3	4.81713e-03	-6.29486e-01	1.66538e+01
110	1	23	0	2	3	2.69458e-03	-4.80785e-01	1.45382e+01
110	1	24	0	2	3	4.05251e-03	-5.82049e-01	1.69344e+01
110	1	25	0	2	3	3.65822e-03	-5.52570e-01	1.59673e+01
110	1	26	0	2	3	4.00207e-03	-5.87775e-01	1.70870e+01
110	1	27	0	2	3	3.34290e-03	-5.19904e-01	1.58728e+01
110	1	28	0	2	3	3.73768e-03	-5.63515e-01	1.54908e+01
110	1	29	0	2	3	2.80914e-03	-4.88721e-01	1.49402e+01
110	1	30	0	2	3	4.76295e-03	-6.38849e-01	1.71875e+01
110	1	31	0	2	3	4.78286e-03	-6.42104e-01	1.78932e+01
110	1	32	0	2	3	5.21955e-03	-6.74407e-01	1.90779e+01
110	1	33	0	2	3	3.51107e-03	-5.53901e-01	1.52058e+01
110	1	34	0	2	3	3.47990e-03	-5.39656e-01	1.49320e+01
110	1	35	0	2	3	4.16143e-03	-6.08933e-01	1.85261e+01
110	1	36	0	2	3	4.25619e-03	-5.99630e-01	1.63252e+01
110	1	37	0	2	3	3.48539e-03	-5.37613e-01	1.50235e+01
110	1	38	0	2	3	3.57832e-03	-5.52198e-01	1.56659e+01
110	1	39	0	2	3	3.13725e-03	-5.14226e-01	1.56228e+01
110	1	40	0	2	3	3.48049e-03	-5.42654e-01	1.51513e+01
110	1	41	0	2	3	3.70258e-03	-5.55134e-01	1.57762e+01
110	1	42	0	2	3	3.85807e-03	-5.62727e-01	1.49058e+01
110	1	43	0	2	3	4.31397e-03	-5.97900e-01	1.72592e+01
110	1	44	0	2	3	3.45689e-03	-5.46591e-01	1.53944e+01
110	1	45	0	2	3	4.04193e-03	-5.83909e-01	1.65544e+01
110	1	46	0	2	3	4.11862e-03	-5.97908e-01	1.63127e+01
110	1	47	0	2	3	4.36729e-03	-6.25013e-01	1.82838e+01
110	1	48	0	2	3	3.58907e-03	-5.51160e-01	1.61214e+01
110	1	49	0	2	3	3.53497e-03	-5.36837e-01	1.58250e+01
110	1	50	0	2	3	4.52318e-03	-6.18861e-01	1.62536e+01
110	1	51	0	2	3	4.51158e-03	-6.12772e-01	1.78776e+01
110	1	52	0	2	3	3.87689e-03	-5.80601e-01	1.59117e+01
110	1	53	0	2	3	4.02237e-03	-5.78279e-01	1.66109e+01
110	1	54	0	2	3	4.29117e-03	-6.07290e-01	1.72924e+01
110	1	55	0	2	3	3.74683e-03	-5.60791e-01	1.71592e+01
110	1	56	0	2	3	4.25398e-03	-6.09641e-01	1.74416e+01
110	1	57	0	2	3	4.08890e-03	-5.87502e-01	1.73874e+01
110	1	58	0	2	3	4.40834e-03	-6.28024e-01	1.88148e+01
110	1	59	0	2	3	3.97846e-03	-5.89061e-01	1.77523e+01
110	1	60	0	2	3	4.24931e-03	-6.03525e-01	1.71046e+01
110	1	61	0	2	3	3.69267e-03	-5.43449e-01	1.60495e+01
110	1	62	0	2	3	3.98466e-03	-5.81325e-01	1.56663e+01
110	1	63	0	2	3	4.19609e-03	-5.96130e-01	1.68750e+01
110	1	64	0	2	3	3.97926e-03	-5.89822e-01	1.73270e+01
110	1	65	0	2	3	4.41793e-03	-6.07400e-01	1.63284e+01
110	1	66	0	2	3	4.88428e-03	-6.56050e-01	1.71512e+01
110	1	67	0	2	3	4.51490e-03	-6.23410e-01	1.68428e+01
110	1	68	0	2	3	3.15497e-03	-5.15790e-01	1.42962e+01
110	1	69	0	2	3	3.72198e-03	-5.63367e-01	1.57526e+01
110	1	70	0	2	3	4.00295e-03	-5.87151e-01	1.70205e+01
110	1	71	0	2	3	3.76179e-03	-5.71894e-01	1.61426e+01
110	1	72	0	2	3	3.85312e-03	-5.75084e-01	1.63961e+01
110	1	73	0	2	3	4.48896e-03	-6.24699e-01	1.76229e+01
110	1	74	0	2	3	4.67271e-03	-6.27162e-01	1.63301e+01
110	1	75	0	2	3	4.22561e-03	-6.06626e-01	1.62343e+01
110	1	76	0	2	3	3.62703e-03	-5.55091e-01	1.57895e+01
110	1	77	0	2	3	3.29642e-03	-5.42907e-01	1.62396e+01
110	1	78	0	2	3	4.29367e-03	-6.06302e-01	1.60714e+01
110	1	79	0	2	3	4.16623e-03	-5.94031e-01	1.58544e+01
110	1	80	0	2	3	3.81016e-03	-5.64594e-01	1.58360e+01
110	1	81	0	2	3	4.08433e-03	-5.81724e-01	1.58792e+01
110	1	82	0	2	3	4.20770e-03	-5.96956e-01	1.73373e+01
110	1	83	0	2	3	4.58124e-03	-6.07311e-01	1.65567e+01
110	1	84	0	2	3	2.81412e-03	-4.89736e-01	1.40702e+01
110	1	85	0	2	3	3.56764e-03	-5.46546e-01	1.56102e+01
110	1	86	0	2	3	3.86471e-03	-5.73209e-01	1.57333e+01
110	1	87	0	2	3	4.22942e-03	-5.91370e-01	1.51733e+01
110	1	88	0	2	3	3.68693e-03	-5.58448e-01	1.62285e+01
110	1	89	0	2	3	3.75769e-03	-5.67452e-01	1.57321e+01
110	1	90	0	2	3	4.04013e-03	-5.83558e-01	1.58183e+01
110	1	91	0	2	3	3.97304e-03	-5.78493e-01	1.57649e+01
110	1	92	0	2	3	3.51118e-03	-5.41048e-01	1.55037e+01
110	1	93	0	2	3	3.71056e-03	-5.55498e-01	1.59565e+01
110	1	94	0	2	3	4.13243e-03	-5.99749e-01	1.64417e+01
110	1	95	0	2	3	4.22239e-03	-6.01305e-01	1.65424e+01
110	1	96	0	2	3	3.64462e-03	-5.53395e-01	1.54477e+01
110	1	97	0	2	3	3.60882e-03	-5.48889e-01	1.52976e+01
110	1	98	0	2	3	4.01878e-03	-5.96764e-01	1.75635e+01
110	1	99	0	2	3	4.14571e-03	-5.86829e-01	1.63011e+01
110	1	100	0	2	3	3.25190e-03	-5.16813e-01	1.53391e+01
110	1	101	0	2	3	3.53594e-03	-5.49342e-01	1.53289e+01
110	1	102	0	2	3	4.31666e-03	-6.21781e-01	1.74012e+01
110	1	103	0	2	3	3.73102e-03	-5.65309e-01	1.60052e+01
110	1	104	0	2	3	3.20049e-03	-5.22691e-01	1.54652e+01
110	1	105	0	2	3	3.82358e-03	-5.68558e-01	1.53733e+01
110	1	106	0	2	3	4.01038e-03	-5.86075e-01	1.63635e+01
110	1	107	0	2	3	4.83290e-03	-6.39334e-01	1.63736e+01
110	1	108	0	2	3	2.35914e-03	-4.71738e-01	1.54748e+01
110	1	109	0	2	3	3.71361e-03	-5.57863e-01	1.56927e+01
110	1	110	0	2	3	3.73791e-03	-5.67782e-01	1.62961e+01
110	1	111	0	2	3	3.41575e-03	-5.50703e-01	1.63115e+01
110	1	112	0	2	3	3.67827e-03	-5.52127e-01	1.57201e+01
110	1	113	0	2	3	3.76993e-03	-5.59345e-01	1.62492e+01
110	1	114	0	2	3	4.23088e-03	-5.98881e-01	1.63968e+01
110	1	115	0	2	3	4.68801e-03	-6.25945e-01	1.71257e+01
110	1	116	0	2	3	3.96199e-03	-5.80995e-01	1.65355e+01
110	1	117	0	2	3	4.19377e-03	-5.96044e-01	1.59454e+01
110	1	118	0	2	3	4.50875e-03	-6.20412e-01	1.63526e+01
110	1	119	0	2	3	4.04301e-03	-5.81021e-01	1.57655e+01
110	1	120	0	2	3	3.75430e-03	-5.64387e-01	1.59798e+01
110	1	121	0	2	3	4.68421e-03	-6.20755e-01	1.70344e+01
110	1	122	0	2	3	5.41325e-03	-6.84684e-01	1.93842e+01
110	1	123	0	2	3	-5.19373e-03	1.00544e-01	5.48760e+00
110	1	124	0	2	3	3.74988e-03	-5.51468e-01	1.52974e+01
110	1	125	0	2	3	3.05196e-03	-5.13088e-01	1.56366e+01
110	1	126	0	2	3	3.99614e-03	-5.83112e-01	1.57166e+01
110	1	127	0	2	3	4.54351e-03	-6.16095e-01	1.72466e+01
110	1	128	0	2	3	3.91403e-03	-6.05089e-01	1.79145e+01
110	1	129	0	2	3	3.44680e-03	-5.61834e-01	1.69841e+01
110	1	130	0	2	3	3.02855e-03	-5.38522e-01	1.57622e+01
110	1	131	0	2	3	4.18782e-03	-5.98716e-01	1.70005e+01
110	1	132	0	2	3	3.79738e-03	-5.87459e-01	1.76002e+01
110	1	133	0	2	3	4.46719e-03	-6.16374e-01	1.70459e+01
110	1	134	0	2	3	3.43695e-03	-5.72240e-01	1.64620e+01
110	1	135	0	2	3	3.56613e-03	-5.60919e-01	1.56614e+01
110	1	136	0	2	3	3.46056e-03	-5.79004e-01	1.79591e+01
110	1	137	0	2	3	4.73382e-03	-6.44193e-01	1.71266e+01
110	1	138	0	2	3	3.66372e-03	-5.70308e-01	1.65119e+01
110	1	139	0	2	3	2.60788e-03	-4.83247e-01	1.42418e+01
110	1	140	0	2	3	4.82590e-03	-6.51521e-01	1.77527e+01
110	1	141	0	2	3	5.36879e-03	-6.80970e-01	1.79993e+01
110	1	142	0	2	3	3.14510e-03	-5.36974e-01	1.56376e+01
110	1	143	0	2	3	1.70683e-03	-4.31006e-01	1.47242e+01
110	1	144	0	2	3	4.18511e-03	-6.06269e-01	1.71252e+01
110	1	145	0	2	3	4.31664e-03	-5.93102e-01	1.65957e+01
110	1	146	0	2	3	3.65248e-03	-5.75790e-01	1.65909e+01
110	1	147	0	2	3	5.03753e-03	-6.55930e-01	1.70052e+01
110	1	148	0	2	3	4.64385e-03	-6.50481e-01	1.74691e+01
110	1	149	0	2	3	3.78453e-03	-5.74229e-01	1.60932e+01
110	1	150	0	2	3	4.27255e-03	-6.14429e-01	1.67475e+01
110	1	151	0	2	3	4.61976e-03	-6.24738e-01	1.71731e+01
110	1	152	0	2	3	4.22546e-03	-6.14358e-01	1.82563e+01
110	1	153	0	2	3	4.08275e-03	-5.94669e-01	1.77455e+01
110	1	154	0	2	3	4.02655e-03	-6.13430e-01	1.69414e+01
110	1	155	0	2	3	5.40682e-03	-6.81446e-01	1.80964e+01
110	1	156	0	2	3	-8.29830e-04	-2.34271e-01	1.04771e+01
110	1	157	0	2	3	3.62012e-03	-5.61419e-01	1.73787e+01
110	1	158	0	2	3	-8.56275e-03	3.05807e-01	1.94132e+00
110	1	159	0	2	3	-1.21010e-03	-2.38877e-01	1.22019e+01
