##
#  file: HodoPHCParam_Dummy
#  date: 2016.06.15
#  note: first version
#
#
#######################################################################
# CId	PlId	Seg	UorD	Type	nParam	p0	p1	...
#
#	Type=0 no correction will be performed
#	Type=1 ct=t-p[0]/sqrt(a-p[1])+p[2]
#	Type=2 ct=p[0]*a*a + p[1]*a + p[2] for Fiber
#
#######################################################################
# BH1 Up                                                              #
#######################################################################
1	0	0	0	1	3	5.08705e+00	-1.98362e+00	2.93454e+00
1	0	1	0	1	3	6.69706e-01	2.91546e-01	8.10244e-01
1	0	2	0	1	3	5.01779e-01	3.94271e-01	6.64278e-01
1	0	3	0	1	3	7.45330e-01	1.66754e-01	8.56036e-01
1	0	4	0	1	3	8.52890e-01	8.60054e-02	9.27134e-01
1	0	5	0	1	3	1.69981e+00	-1.50393e-01	1.62794e+00
1	0	6	0	1	3	1.58582e+00	-2.35346e-01	1.46587e+00
1	0	7	0	1	3	1.61970e+00	-1.46184e-01	1.54504e+00
1	0	8	0	1	3	1.37546e+00	-2.52696e-01	1.28233e+00
1	0	9	0	1	3	1.74814e+00	-2.76223e-01	1.64100e+00
1	0	10	0	1	3	1.60339e+01	-4.62629e+00	6.81205e+00
#######################################################################
# BH1 Down                                                            #
#######################################################################
1	0	0	1	1	3	1.33519e+00	-9.13138e-02	1.27257e+00
1	0	1	1	1	3	6.24909e-01	2.88647e-01	7.65429e-01
1	0	2	1	1	3	6.68954e-01	2.21542e-01	7.45264e-01
1	0	3	1	1	3	1.32364e+00	-4.57464e-01	1.08318e+00
1	0	4	1	1	3	1.18002e+00	-7.91080e-02	1.17008e+00
1	0	5	1	1	3	2.07299e+00	-4.79828e-01	1.70935e+00
1	0	6	1	1	3	1.96000e+00	-5.20196e-01	1.63958e+00
1	0	7	1	1	3	1.89852e+00	-4.50289e-01	1.60743e+00
1	0	8	1	1	3	1.02469e+00	-6.73213e-02	1.04734e+00
1	0	9	1	1	3	1.64894e+00	-1.85977e-01	1.61292e+00
1	0	10	1	1	3	7.15603e-01	2.22738e-01	8.54972e-01
#######################################################################
# BH2 Up                                                              #
#######################################################################
2	0	0	0	1	3	1.43047e-01	2.98695e-01	2.00085e-01
2	0	1	0	1	3	8.79554e-01	-2.31747e-01	7.85839e-01
2	0	2	0	1	3	5.94572e-01	-4.97541e-01	4.68956e-01
2	0	3	0	1	3	1.91725e-01	3.94747e-02	1.91115e-01
2	0	4	0	1	3	3.31184e-01	-9.38469e-02	3.15823e-01
2	0	5	0	1	3	1.99769e-01	2.70254e-01	2.37321e-01
2	0	6	0	1	3	2.58948e-01	2.41832e-01	3.10133e-01
2	0	7	0	1	3	3.50426e-01	8.80094e-02	3.70898e-01
#######################################################################
# BH2 Down                                                            #
#######################################################################
2	0	0	1	1	3	3.94607e-01	-1.85207e-01	3.84440e-01
2	0	1	1	1	3	9.92155e-01	-3.85817e-01	8.32122e-01
2	0	2	1	1	3	4.10986e-01	-9.27803e-02	3.90143e-01
2	0	3	1	1	3	1.76416e-01	4.84160e-02	1.75490e-01
2	0	4	1	1	3	2.42956e-01	1.23979e-01	2.64593e-01
2	0	5	1	1	3	3.57967e-01	4.32013e-02	3.63973e-01
2	0	6	1	1	3	1.22093e+00	-6.67168e-01	9.30075e-01
2	0	7	1	1	3	2.92156e-01	-4.36810e-03	2.98702e-01
#######################################################################
# BAC                                                                 #
#######################################################################
3	0	0	0	1	3	0.00000e+00	0.00000e+00	0.00000e+00
3	0	1	0	1	3	0.00000e+00	0.00000e+00	0.00000e+00
#######################################################################
# FBH Up                                                              #
#######################################################################
4	0	0	0	2	3	-5.62952e-03	8.96903e-01	-3.53273e+01
4	0	1	0	2	3	-4.29399e-03	7.37975e-01	-3.00049e+01
4	0	2	0	2	3	-5.26894e-03	8.67305e-01	-3.38992e+01
4	0	3	0	2	3	-3.80183e-03	6.69237e-01	-2.72260e+01
4	0	4	0	2	3	-4.35014e-03	7.35785e-01	-2.92008e+01
4	0	5	0	2	3	-4.02541e-03	6.86907e-01	-2.70312e+01
4	0	6	0	2	3	-4.16660e-03	7.08229e-01	-2.81512e+01
4	0	7	0	2	3	-3.93117e-03	6.84759e-01	-2.69101e+01
4	0	8	0	2	3	-4.14423e-03	6.96902e-01	-2.65883e+01
4	0	9	0	2	3	-2.83372e-03	5.62925e-01	-2.20787e+01
4	0	10	0	2	3	-4.07944e-03	7.09420e-01	-2.75603e+01
4	0	11	0	2	3	-3.50961e-03	6.50113e-01	-2.64167e+01
4	0	12	0	2	3	-3.52415e-03	6.49734e-01	-2.67232e+01
4	0	13	0	2	3	-4.13420e-03	7.26957e-01	-2.99675e+01
4	0	14	0	2	3	-4.90315e-03	8.27563e-01	-3.35630e+01
4	0	15	0	2	3	-4.73048e-03	8.13189e-01	-3.31901e+01
#######################################################################
# FBH Down                                                            #
#######################################################################
4	0	0	1	2	3	-5.62952e-03	8.96903e-01	-3.53273e+01
4	0	1	1	2	3	-4.29399e-03	7.37975e-01	-3.00049e+01
4	0	2	1	2	3	-5.26894e-03	8.67305e-01	-3.38992e+01
4	0	3	1	2	3	-3.80183e-03	6.69237e-01	-2.72260e+01
4	0	4	1	2	3	-4.35014e-03	7.35785e-01	-2.92008e+01
4	0	5	1	2	3	-4.02541e-03	6.86907e-01	-2.70312e+01
4	0	6	1	2	3	-4.16660e-03	7.08229e-01	-2.81512e+01
4	0	7	1	2	3	-3.93117e-03	6.84759e-01	-2.69101e+01
4	0	8	1	2	3	-4.14423e-03	6.96902e-01	-2.65883e+01
4	0	9	1	2	3	-2.83372e-03	5.62925e-01	-2.20787e+01
4	0	10	1	2	3	-4.07944e-03	7.09420e-01	-2.75603e+01
4	0	11	1	2	3	-3.50961e-03	6.50113e-01	-2.64167e+01
4	0	12	1	2	3	-3.52415e-03	6.49734e-01	-2.67232e+01
4	0	13	1	2	3	-4.13420e-03	7.26957e-01	-2.99675e+01
4	0	14	1	2	3	-4.90315e-03	8.27563e-01	-3.35630e+01
4	0	15	1	2	3	-4.73048e-03	8.13189e-01	-3.31901e+01
#######################################################################
# PVAC                                                                #
#######################################################################
5	0	0	0	1	3	0.00000e+00	0.00000e+00	0.00000e+00
#######################################################################
# FAC                                                                 #
#######################################################################
6	0	0	0	1	3	0.00000e+00	0.00000e+00	0.00000e+00
#######################################################################
# SCH                                                                 #
#######################################################################
#7	0	0	0	2	3	-0.00500000	0.821213	-32.185321
#7	0	1	0	2	3	-0.00500000	0.830248	-32.269563
#7	0	2	0	2	3	-0.00500000	0.793073	-29.315934
#7	0	3	0	2	3	-0.00500000	0.772144	-28.276705
#7	0	4	0	2	3	-0.00500000	0.801968	-30.687167
#7	0	5	0	2	3	-0.00500000	0.778300	-28.439251
#7	0	6	0	2	3	-0.00500000	0.765872	-27.918181
#7	0	7	0	2	3	-0.00500000	0.738459	-26.016797
#7	0	8	0	2	3	-0.00500000	0.778318	-28.676371
#7	0	9	0	2	3	-0.00500000	0.776670	-28.892887
#7	0	10	0	2	3	-0.00500000	0.764278	-28.122474
#7	0	11	0	2	3	-0.00500000	0.790742	-29.423647
#7	0	12	0	2	3	-0.00500000	0.811330	-30.487019
#7	0	13	0	2	3	-0.00500000	0.818750	-30.891512
#7	0	14	0	2	3	-0.00500000	0.802541	-30.009136
#7	0	15	0	2	3	-0.00500000	0.809525	-30.751746
#7	0	16	0	2	3	-0.00500000	0.802597	-30.845509
#7	0	17	0	2	3	-0.00500000	0.835028	-32.780792
#7	0	18	0	2	3	-0.00500000	0.859176	-33.938731
#7	0	19	0	2	3	-0.00500000	0.814851	-31.445396
#7	0	20	0	2	3	-0.00500000	0.809426	-30.781087
#7	0	21	0	2	3	-0.00500000	0.780678	-28.888756
#7	0	22	0	2	3	-0.00500000	0.808206	-30.719604
#7	0	23	0	2	3	-0.00500000	0.774024	-27.858339
#7	0	24	0	2	3	-0.00500000	0.794308	-29.022101
#7	0	25	0	2	3	-0.00500000	0.775649	-27.980186
#7	0	26	0	2	3	-0.00500000	0.788483	-28.687567
#7	0	27	0	2	3	-0.00466315	0.771386	-29.253260
#7	0	28	0	2	3	-0.00483132	0.790854	-28.637741
#7	0	29	0	2	3	-0.00497049	0.812994	-30.786914
#7	0	30	0	2	3	-0.00500000	0.787793	-28.362716
#7	0	31	0	2	3	-0.00500000	0.790759	-28.876812
#7	0	32	0	2	3	-0.00500000	0.824826	-31.655285
#7	0	33	0	2	3	-0.00500000	0.845304	-33.407765
#7	0	34	0	2	3	-0.00500000	0.832263	-32.939799
#7	0	35	0	2	3	-0.00500000	0.820631	-31.695372
#7	0	36	0	2	3	-0.00500000	0.836997	-33.200590
#7	0	37	0	2	3	-0.00500000	0.819690	-32.097193
#7	0	38	0	2	3	-0.00500000	0.808109	-31.263214
#7	0	39	0	2	3	-0.00500000	0.815224	-31.135523
#7	0	40	0	2	3	-0.00500000	0.803398	-29.897923
#7	0	41	0	2	3	-0.00500000	0.815685	-31.165519
#7	0	42	0	2	3	-0.00500000	0.812980	-30.737261
#7	0	43	0	2	3	-0.00500000	0.829418	-32.693307
#7	0	44	0	2	3	-0.00500000	0.789530	-29.464920
#7	0	45	0	2	3	-0.00500000	0.804789	-31.208151
#7	0	46	0	2	3	-0.00500000	0.830106	-32.806514
#7	0	47	0	2	3	-0.00500000	0.819206	-31.373242
#7	0	48	0	2	3	-0.00500000	0.816165	-31.709319
#7	0	49	0	2	3	-0.00500000	0.798496	-30.201709
#7	0	50	0	2	3	-0.00500000	0.812167	-31.795745
#7	0	51	0	2	3	-0.00500000	0.810749	-31.375226
#7	0	52	0	2	3	-0.00500000	0.803385	-31.372512
#7	0	53	0	2	3	-0.00500000	0.777405	-29.262831
#7	0	54	0	2	3	-0.00500000	0.783954	-29.763410
#7	0	55	0	2	3	-0.00500000	0.789443	-29.976449
#7	0	56	0	2	3	-0.00500000	0.838828	-33.261086
#7	0	57	0	2	3	-0.00500000	0.804421	-30.573195
#7	0	58	0	2	3	-0.00500000	0.773283	-29.111048
#7	0	59	0	2	3	-0.00500000	0.811789	-31.449459
#7	0	60	0	2	3	-0.00500000	0.759724	-28.110014
#7	0	61	0	2	3	-0.00500000	0.810884	-31.379063
#7	0	62	0	2	3	-0.00500000	0.771910	-28.435006
#7	0	63	0	2	3	-0.00500000	0.796658	-30.511906
#######################################################################
# TOF Up                                                              #
#######################################################################
7	0	0	0	1	3	5.24830e+00	-1.96630e+00	2.96170e+00
7	0	1	0	1	3	5.24830e+00	-1.96630e+00	2.96170e+00
7	0	2	0	1	3	5.24830e+00	-1.96630e+00	2.96170e+00
7	0	3	0	1	3	5.24830e+00	-1.96630e+00	2.96170e+00
7	0	4	0	1	3	5.24830e+00	-1.96630e+00	2.96170e+00
7	0	5	0	1	3	5.24830e+00	-1.96630e+00	2.96170e+00
7	0	6	0	1	3	6.97090e+00	-3.03520e+00	3.39910e+00
7	0	7	0	1	3	4.05450e+00	-1.96150e+00	2.30360e+00
7	0	8	0	1	3	1.16940e+02	-2.98600e+01	2.09880e+01
7	0	9	0	1	3	5.24830e+00	-1.96630e+00	2.96170e+00
7	0	10	0	1	3	5.24830e+00	-1.96630e+00	2.96170e+00
7	0	11	0	1	3	5.24830e+00	-1.96630e+00	2.96170e+00
7	0	12	0	1	3	5.24830e+00	-1.96630e+00	2.96170e+00
7	0	13	0	1	3	5.24830e+00	-1.96630e+00	2.96170e+00
7	0	14	0	1	3	5.24830e+00	-1.96630e+00	2.96170e+00
7	0	15	0	1	3	5.24830e+00	-1.96630e+00	2.96170e+00
7	0	16	0	1	3	5.24830e+00	-1.96630e+00	2.96170e+00
7	0	17	0	1	3	5.24830e+00	-1.96630e+00	2.96170e+00
7	0	18	0	1	3	5.24830e+00	-1.96630e+00	2.96170e+00
7	0	19	0	1	3	7.11491e-01	1.85180e-03	5.82402e-01
7	0	20	0	1	3	5.59404e-01	-1.73810e-03	4.50716e-01
7	0	21	0	1	3	8.92499e-01	1.99900e-03	7.37364e-01
7	0	22	0	1	3	6.37553e-01	1.99960e-03	5.45449e-01
7	0	23	0	1	3	1.19210e+00	1.98920e-03	9.99994e-01
#######################################################################
# TOF Down                                                            #
#######################################################################
7	0	0	1	1	3	5.84300e+00	-2.30730e+00	3.11320e+00
7	0	1	1	1	3	5.84300e+00	-2.30730e+00	3.11320e+00
7	0	2	1	1	3	5.84300e+00	-2.30730e+00	3.11320e+00
7	0	3	1	1	3	5.84300e+00	-2.30730e+00	3.11320e+00
7	0	4	1	1	3	5.84300e+00	-2.30730e+00	3.11320e+00
7	0	5	1	1	3	5.84300e+00	-2.30730e+00	3.11320e+00
7	0	6	1	1	3	1.41330e+01	-5.81170e+00	5.32680e+00
7	0	7	1	1	3	7.84850e+01	-2.02870e+01	1.69500e+01
7	0	8	1	1	3	2.20240e+02	-3.62440e+01	3.60080e+01
7	0	9	1	1	3	5.84300e+00	-2.30730e+00	3.11320e+00
7	0	10	1	1	3	5.84300e+00	-2.30730e+00	3.11320e+00
7	0	11	1	1	3	5.84300e+00	-2.30730e+00	3.11320e+00
7	0	12	1	1	3	5.84300e+00	-2.30730e+00	3.11320e+00
7	0	13	1	1	3	5.84300e+00	-2.30730e+00	3.11320e+00
7	0	14	1	1	3	5.84300e+00	-2.30730e+00	3.11320e+00
7	0	15	1	1	3	5.84300e+00	-2.30730e+00	3.11320e+00
7	0	16	1	1	3	5.84300e+00	-2.30730e+00	3.11320e+00
7	0	17	1	1	3	5.84300e+00	-2.30730e+00	3.11320e+00
7	0	18	1	1	3	5.84300e+00	-2.30730e+00	3.11320e+00
7	0	19	1	1	3	6.18741e-01	1.99860e-03	4.90831e-01
7	0	20	1	1	3	5.75901e-01	1.04210e-03	4.72509e-01
7	0	21	1	1	3	9.41046e-01	1.99890e-03	7.79357e-01
7	0	22	1	1	3	4.84266e-01	-1.95590e-03	3.99786e-01
7	0	23	1	1	3	8.97714e-01	1.99860e-03	7.56300e-01
#######################################################################
# BFT U                                                               #
#######################################################################
110	0	0	0	2	3	3.16195e-03	-5.07012e-01	1.38819e+01
110	0	1	0	2	3	4.47863e-03	-5.88427e-01	1.50952e+01
110	0	2	0	2	3	4.34484e-03	-5.99095e-01	1.54383e+01
110	0	3	0	2	3	3.23785e-03	-5.18488e-01	1.31681e+01
110	0	4	0	2	3	4.21493e-03	-5.84713e-01	1.54803e+01
110	0	5	0	2	3	4.33808e-03	-5.86783e-01	1.58123e+01
110	0	6	0	2	3	4.34307e-03	-6.07674e-01	1.53898e+01
110	0	7	0	2	3	3.25884e-03	-5.09866e-01	1.41794e+01
110	0	8	0	2	3	3.58248e-03	-5.47642e-01	1.44361e+01
110	0	9	0	2	3	3.98950e-03	-5.63740e-01	1.60019e+01
110	0	10	0	2	3	3.55013e-03	-5.45670e-01	1.36238e+01
110	0	11	0	2	3	4.33298e-03	-5.92339e-01	1.66066e+01
110	0	12	0	2	3	3.17998e-03	-5.19843e-01	1.34999e+01
110	0	13	0	2	3	2.40965e-03	-4.47912e-01	1.38396e+01
110	0	14	0	2	3	4.23749e-03	-5.90083e-01	1.44840e+01
110	0	15	0	2	3	4.36188e-03	-6.00470e-01	1.67984e+01
110	0	16	0	2	3	3.62311e-03	-5.42176e-01	1.35185e+01
110	0	17	0	2	3	3.14725e-03	-4.98972e-01	1.43270e+01
110	0	18	0	2	3	4.13334e-03	-5.87432e-01	1.43414e+01
110	0	19	0	2	3	3.93021e-03	-5.73788e-01	1.39924e+01
110	0	20	0	2	3	3.46814e-03	-5.32587e-01	1.38343e+01
110	0	21	0	2	3	3.39056e-03	-5.20737e-01	1.61041e+01
110	0	22	0	2	3	4.24115e-03	-5.95072e-01	1.49386e+01
110	0	23	0	2	3	4.13225e-03	-5.71634e-01	1.57707e+01
110	0	24	0	2	3	3.90799e-03	-5.66104e-01	1.47779e+01
110	0	25	0	2	3	4.69652e-03	-6.12325e-01	1.69838e+01
110	0	26	0	2	3	4.43061e-03	-6.07543e-01	1.61717e+01
110	0	27	0	2	3	4.67526e-03	-6.04120e-01	1.60985e+01
110	0	28	0	2	3	3.58353e-03	-5.42719e-01	1.24891e+01
110	0	29	0	2	3	4.04751e-03	-5.63854e-01	1.50685e+01
110	0	30	0	2	3	4.07086e-03	-5.82748e-01	1.45794e+01
110	0	31	0	2	3	4.74198e-03	-6.21700e-01	1.66648e+01
110	0	32	0	2	3	4.09961e-03	-5.86526e-01	1.49573e+01
110	0	33	0	2	3	4.51390e-03	-5.81484e-01	1.40287e+01
110	0	34	0	2	3	4.32872e-03	-5.97276e-01	1.48208e+01
110	0	35	0	2	3	5.08391e-03	-6.55571e-01	1.73693e+01
110	0	36	0	2	3	3.86987e-03	-5.54698e-01	1.38750e+01
110	0	37	0	2	3	4.24171e-03	-5.89544e-01	1.70571e+01
110	0	38	0	2	3	4.49636e-03	-6.01442e-01	1.42134e+01
110	0	39	0	2	3	4.61474e-03	-6.08589e-01	1.60243e+01
110	0	40	0	2	3	3.71198e-03	-5.45239e-01	1.36325e+01
110	0	41	0	2	3	4.15412e-03	-5.72283e-01	1.64192e+01
110	0	42	0	2	3	4.19907e-03	-5.80279e-01	1.47802e+01
110	0	43	0	2	3	4.51500e-03	-6.12309e-01	1.68973e+01
110	0	44	0	2	3	3.91114e-03	-5.66269e-01	1.42021e+01
110	0	45	0	2	3	4.57619e-03	-6.00174e-01	1.64498e+01
110	0	46	0	2	3	4.33634e-03	-6.08399e-01	1.52444e+01
110	0	47	0	2	3	4.31662e-03	-5.99299e-01	1.77192e+01
110	0	48	0	2	3	3.82822e-03	-5.54782e-01	1.29062e+01
110	0	49	0	2	3	4.44345e-03	-5.98397e-01	1.69857e+01
110	0	50	0	2	3	4.53346e-03	-6.08275e-01	1.52774e+01
110	0	51	0	2	3	4.60511e-03	-6.10220e-01	1.60564e+01
110	0	52	0	2	3	3.52246e-03	-5.32891e-01	1.31113e+01
110	0	53	0	2	3	4.59787e-03	-6.07074e-01	1.58998e+01
110	0	54	0	2	3	4.35391e-03	-5.98881e-01	1.47619e+01
110	0	55	0	2	3	4.89683e-03	-6.30551e-01	1.72970e+01
110	0	56	0	2	3	3.83175e-03	-5.71362e-01	1.53285e+01
110	0	57	0	2	3	4.31809e-03	-5.89074e-01	1.62396e+01
110	0	58	0	2	3	4.13208e-03	-5.87296e-01	1.56876e+01
110	0	59	0	2	3	4.37484e-03	-6.07701e-01	1.69487e+01
110	0	60	0	2	3	3.87207e-03	-5.69290e-01	1.39340e+01
110	0	61	0	2	3	3.67484e-03	-5.43746e-01	1.51632e+01
110	0	62	0	2	3	4.72005e-03	-6.23308e-01	1.50603e+01
110	0	63	0	2	3	4.28397e-03	-5.90912e-01	1.49392e+01
110	0	64	0	2	3	3.83090e-03	-5.66807e-01	1.45076e+01
110	0	65	0	2	3	3.99436e-03	-5.69925e-01	1.55992e+01
110	0	66	0	2	3	4.53855e-03	-6.28125e-01	1.68670e+01
110	0	67	0	2	3	3.63414e-03	-5.47443e-01	1.54032e+01
110	0	68	0	2	3	3.88854e-03	-5.81385e-01	1.53759e+01
110	0	69	0	2	3	3.96337e-03	-5.62940e-01	1.49450e+01
110	0	70	0	2	3	4.54443e-03	-6.32463e-01	1.52388e+01
110	0	71	0	2	3	4.35642e-03	-6.00945e-01	1.61101e+01
110	0	72	0	2	3	3.88303e-03	-5.74110e-01	1.39753e+01
110	0	73	0	2	3	4.13959e-03	-5.86221e-01	1.52555e+01
110	0	74	0	2	3	4.54654e-03	-6.26427e-01	1.59720e+01
110	0	75	0	2	3	4.35021e-03	-5.94397e-01	1.55852e+01
110	0	76	0	2	3	3.60282e-03	-5.48276e-01	1.35803e+01
110	0	77	0	2	3	3.87717e-03	-5.63549e-01	1.54065e+01
110	0	78	0	2	3	4.07661e-03	-5.92712e-01	1.47407e+01
110	0	79	0	2	3	4.29212e-03	-5.92663e-01	1.55427e+01
110	0	80	0	2	3	4.27983e-03	-5.95755e-01	1.54457e+01
110	0	81	0	2	3	4.37154e-03	-5.89176e-01	1.54319e+01
110	0	82	0	2	3	4.42871e-03	-6.04041e-01	1.51033e+01
110	0	83	0	2	3	4.74215e-03	-6.28690e-01	1.60961e+01
110	0	84	0	2	3	4.07267e-03	-5.79517e-01	1.46003e+01
110	0	85	0	2	3	4.01595e-03	-5.72347e-01	1.55557e+01
110	0	86	0	2	3	4.64174e-03	-6.35223e-01	1.54779e+01
110	0	87	0	2	3	4.32077e-03	-6.02513e-01	1.63557e+01
110	0	88	0	2	3	3.65884e-03	-5.48348e-01	1.44385e+01
110	0	89	0	2	3	4.18993e-03	-5.88408e-01	1.54528e+01
110	0	90	0	2	3	4.24904e-03	-6.00737e-01	1.46006e+01
110	0	91	0	2	3	4.87171e-03	-6.43196e-01	1.59795e+01
110	0	92	0	2	3	3.86452e-03	-5.75765e-01	1.49235e+01
110	0	93	0	2	3	3.94302e-03	-5.68435e-01	1.48250e+01
110	0	94	0	2	3	4.60267e-03	-6.42558e-01	1.72207e+01
110	0	95	0	2	3	4.58032e-03	-6.20204e-01	1.64002e+01
110	0	96	0	2	3	4.05464e-03	-5.93654e-01	1.49797e+01
110	0	97	0	2	3	4.02650e-03	-5.73704e-01	1.56582e+01
110	0	98	0	2	3	4.32719e-03	-6.15502e-01	1.53462e+01
110	0	99	0	2	3	4.40457e-03	-5.97851e-01	1.57122e+01
110	0	100	0	2	3	4.47929e-03	-6.14991e-01	1.57818e+01
110	0	101	0	2	3	4.29164e-03	-5.92826e-01	1.59101e+01
110	0	102	0	2	3	4.66211e-03	-6.32939e-01	1.63827e+01
110	0	103	0	2	3	4.98642e-03	-6.51090e-01	1.65928e+01
110	0	104	0	2	3	4.16525e-03	-5.92564e-01	1.44816e+01
110	0	105	0	2	3	4.08364e-03	-5.78377e-01	1.51094e+01
110	0	106	0	2	3	4.88389e-03	-6.47852e-01	1.65992e+01
110	0	107	0	2	3	4.69533e-03	-6.19841e-01	1.52942e+01
110	0	108	0	2	3	3.94707e-03	-5.83495e-01	1.52648e+01
110	0	109	0	2	3	4.33601e-03	-5.99026e-01	1.53849e+01
110	0	110	0	2	3	4.31152e-03	-6.06449e-01	1.56083e+01
110	0	111	0	2	3	4.90794e-03	-6.47525e-01	1.63909e+01
110	0	112	0	2	3	4.34913e-03	-5.97682e-01	1.40991e+01
110	0	113	0	2	3	4.10896e-03	-5.79104e-01	1.49775e+01
110	0	114	0	2	3	4.72171e-03	-6.35712e-01	1.62262e+01
110	0	115	0	2	3	4.41222e-03	-6.06779e-01	1.55602e+01
110	0	116	0	2	3	3.90147e-03	-5.79106e-01	1.48104e+01
110	0	117	0	2	3	3.95207e-03	-5.73346e-01	1.59498e+01
110	0	118	0	2	3	4.74861e-03	-6.43103e-01	1.66186e+01
110	0	119	0	2	3	4.18481e-03	-5.81555e-01	1.40850e+01
110	0	120	0	2	3	3.95170e-03	-5.89171e-01	1.51402e+01
110	0	121	0	2	3	4.43788e-03	-5.99250e-01	1.39315e+01
110	0	122	0	2	3	4.22148e-03	-6.02984e-01	1.64641e+01
110	0	123	0	2	3	4.67628e-03	-6.25959e-01	1.61999e+01
110	0	124	0	2	3	4.00086e-03	-5.77869e-01	1.53053e+01
110	0	125	0	2	3	4.16036e-03	-5.66733e-01	1.25981e+01
110	0	126	0	2	3	4.16792e-03	-5.93057e-01	1.50409e+01
110	0	127	0	2	3	4.93314e-03	-6.30157e-01	1.57267e+01
110	0	128	0	2	3	4.25820e-03	-6.30422e-01	1.70072e+01
110	0	129	0	2	3	3.07901e-03	-5.41297e-01	1.51340e+01
110	0	130	0	2	3	2.66422e-03	-5.16529e-01	1.50718e+01
110	0	131	0	2	3	3.04545e-03	-5.05775e-01	1.41217e+01
110	0	132	0	2	3	3.72170e-03	-5.78885e-01	1.62522e+01
110	0	133	0	2	3	3.67306e-03	-5.54245e-01	1.50751e+01
110	0	134	0	2	3	3.82240e-03	-5.97883e-01	1.62575e+01
110	0	135	0	2	3	4.66001e-03	-6.22379e-01	1.55350e+01
110	0	136	0	2	3	3.45852e-03	-5.41941e-01	1.41806e+01
110	0	137	0	2	3	3.77410e-03	-5.82576e-01	1.62674e+01
110	0	138	0	2	3	5.00615e-03	-6.72601e-01	1.76605e+01
110	0	139	0	2	3	1.94269e-03	-4.48006e-01	1.23771e+01
110	0	140	0	2	3	3.98275e-03	-6.18394e-01	1.73927e+01
110	0	141	0	2	3	3.46494e-03	-5.61799e-01	1.47850e+01
110	0	142	0	2	3	-6.40920e-04	-2.34685e-01	8.91641e+00
110	0	143	0	2	3	2.46197e-03	-4.86306e-01	1.37099e+01
110	0	144	0	2	3	2.19531e-03	-4.66846e-01	1.28596e+01
110	0	145	0	2	3	3.17463e-03	-5.17077e-01	1.33398e+01
110	0	146	0	2	3	-1.93688e-03	-1.65011e-01	8.14808e+00
110	0	147	0	2	3	4.34383e-03	-6.06906e-01	1.62844e+01
110	0	148	0	2	3	4.32149e-03	-6.08535e-01	1.53185e+01
110	0	149	0	2	3	5.47319e-03	-6.98862e-01	1.79343e+01
110	0	150	0	2	3	5.33380e-03	-6.92454e-01	1.79127e+01
110	0	151	0	2	3	4.02649e-03	-5.94356e-01	1.58979e+01
110	0	152	0	2	3	-3.63483e-03	-3.13285e-02	6.26224e+00
110	0	153	0	2	3	8.66702e-04	-3.78173e-01	1.25256e+01
110	0	154	0	2	3	3.02380e-03	-4.96107e-01	1.31686e+01
110	0	155	0	2	3	5.41993e-04	-3.49410e-01	1.01695e+01
110	0	156	0	2	3	-2.72375e-02	1.79821e+00	-2.92921e+01
110	0	157	0	2	3	-8.12923e-04	-2.09099e-01	8.75137e+00
110	0	158	0	2	3	-2.10349e-03	-1.23495e-01	6.62063e+00
110	0	159	0	2	3	1.09502e-03	-3.63816e-01	1.12210e+01
#######################################################################
# BFT D                                                               #
#######################################################################
110	1	0	0	2	3	3.49793e-03	-5.38874e-01	1.60865e+01
110	1	1	0	2	3	4.29153e-03	-5.91813e-01	1.64819e+01
110	1	2	0	2	3	3.33354e-03	-5.48238e-01	1.57010e+01
110	1	3	0	2	3	2.72984e-03	-4.89016e-01	1.53218e+01
110	1	4	0	2	3	3.78206e-03	-5.66161e-01	1.57366e+01
110	1	5	0	2	3	3.09332e-03	-5.16769e-01	1.58816e+01
110	1	6	0	2	3	3.66931e-03	-5.62352e-01	1.46050e+01
110	1	7	0	2	3	3.19998e-03	-5.08089e-01	1.49012e+01
110	1	8	0	2	3	3.74007e-03	-5.65402e-01	1.60725e+01
110	1	9	0	2	3	3.39511e-03	-5.45360e-01	1.74272e+01
110	1	10	0	2	3	3.47554e-03	-5.47050e-01	1.55368e+01
110	1	11	0	2	3	3.99583e-03	-5.81140e-01	1.63229e+01
110	1	12	0	2	3	3.59841e-03	-5.54528e-01	1.49279e+01
110	1	13	0	2	3	3.23324e-03	-5.23619e-01	1.60019e+01
110	1	14	0	2	3	3.47571e-03	-5.50094e-01	1.46942e+01
110	1	15	0	2	3	3.44663e-03	-5.38286e-01	1.61535e+01
110	1	16	0	2	3	3.48377e-03	-5.41913e-01	1.47385e+01
110	1	17	0	2	3	3.74099e-03	-5.53778e-01	1.55936e+01
110	1	18	0	2	3	4.38786e-03	-6.05962e-01	1.52470e+01
110	1	19	0	2	3	3.65728e-03	-5.54398e-01	1.60783e+01
110	1	20	0	2	3	3.67415e-03	-5.64744e-01	1.56014e+01
110	1	21	0	2	3	1.95092e-03	-4.35731e-01	1.50091e+01
110	1	22	0	2	3	3.52533e-03	-5.43425e-01	1.46910e+01
110	1	23	0	2	3	3.71520e-03	-5.49392e-01	1.60337e+01
110	1	24	0	2	3	3.36977e-03	-5.41164e-01	1.57456e+01
110	1	25	0	2	3	3.46765e-03	-5.36924e-01	1.60532e+01
110	1	26	0	2	3	4.13823e-03	-5.98419e-01	1.56606e+01
110	1	27	0	2	3	4.19528e-03	-5.87402e-01	1.75855e+01
110	1	28	0	2	3	3.81521e-03	-5.72482e-01	1.61793e+01
110	1	29	0	2	3	3.99670e-03	-5.69190e-01	1.66349e+01
110	1	30	0	2	3	3.54799e-03	-5.56607e-01	1.52677e+01
110	1	31	0	2	3	3.72960e-03	-5.65222e-01	1.69032e+01
110	1	32	0	2	3	3.78959e-03	-5.70058e-01	1.66318e+01
110	1	33	0	2	3	3.17914e-03	-5.25437e-01	1.50280e+01
110	1	34	0	2	3	4.03706e-03	-5.82774e-01	1.51613e+01
110	1	35	0	2	3	3.87720e-03	-5.77538e-01	1.71112e+01
110	1	36	0	2	3	3.70032e-03	-5.56697e-01	1.59002e+01
110	1	37	0	2	3	3.59971e-03	-5.45106e-01	1.44916e+01
110	1	38	0	2	3	3.73434e-03	-5.62446e-01	1.62058e+01
110	1	39	0	2	3	4.07414e-03	-5.77467e-01	1.60367e+01
110	1	40	0	2	3	3.86572e-03	-5.65296e-01	1.48451e+01
110	1	41	0	2	3	3.84332e-03	-5.60558e-01	1.61319e+01
110	1	42	0	2	3	3.83788e-03	-5.63840e-01	1.53806e+01
110	1	43	0	2	3	3.72707e-03	-5.56632e-01	1.69195e+01
110	1	44	0	2	3	3.99235e-03	-5.82574e-01	1.53735e+01
110	1	45	0	2	3	3.55662e-03	-5.45068e-01	1.61734e+01
110	1	46	0	2	3	4.19465e-03	-5.96912e-01	1.55548e+01
110	1	47	0	2	3	4.42988e-03	-6.25905e-01	1.85782e+01
110	1	48	0	2	3	3.70429e-03	-5.57006e-01	1.55558e+01
110	1	49	0	2	3	3.63380e-03	-5.45086e-01	1.63586e+01
110	1	50	0	2	3	4.42578e-03	-6.08955e-01	1.54116e+01
110	1	51	0	2	3	4.24648e-03	-5.96062e-01	1.70046e+01
110	1	52	0	2	3	4.22050e-03	-6.04107e-01	1.56586e+01
110	1	53	0	2	3	3.43294e-03	-5.35564e-01	1.61976e+01
110	1	54	0	2	3	4.01096e-03	-5.88338e-01	1.63239e+01
110	1	55	0	2	3	3.95653e-03	-5.74446e-01	1.67098e+01
110	1	56	0	2	3	4.20696e-03	-6.06969e-01	1.57685e+01
110	1	57	0	2	3	3.99397e-03	-5.77218e-01	1.64594e+01
110	1	58	0	2	3	4.30722e-03	-6.18961e-01	1.79438e+01
110	1	59	0	2	3	4.08430e-03	-5.93677e-01	1.80755e+01
110	1	60	0	2	3	3.92305e-03	-5.79534e-01	1.59955e+01
110	1	61	0	2	3	4.08025e-03	-5.71433e-01	1.58408e+01
110	1	62	0	2	3	4.07223e-03	-5.85814e-01	1.50261e+01
110	1	63	0	2	3	3.80913e-03	-5.65738e-01	1.65909e+01
110	1	64	0	2	3	4.11604e-03	-5.95679e-01	1.66629e+01
110	1	65	0	2	3	4.07942e-03	-5.84163e-01	1.62073e+01
110	1	66	0	2	3	4.59526e-03	-6.36558e-01	1.61219e+01
110	1	67	0	2	3	4.36611e-03	-6.09445e-01	1.57975e+01
110	1	68	0	2	3	3.45963e-03	-5.36259e-01	1.39369e+01
110	1	69	0	2	3	3.89380e-03	-5.71628e-01	1.60836e+01
110	1	70	0	2	3	4.30101e-03	-6.06904e-01	1.66217e+01
110	1	71	0	2	3	4.16098e-03	-6.00507e-01	1.68831e+01
110	1	72	0	2	3	3.81878e-03	-5.67477e-01	1.53981e+01
110	1	73	0	2	3	4.28772e-03	-6.04918e-01	1.73897e+01
110	1	74	0	2	3	4.14691e-03	-5.91875e-01	1.50003e+01
110	1	75	0	2	3	4.26848e-03	-6.05602e-01	1.63729e+01
110	1	76	0	2	3	3.56000e-03	-5.48881e-01	1.49017e+01
110	1	77	0	2	3	4.14334e-03	-5.95635e-01	1.61902e+01
110	1	78	0	2	3	4.34901e-03	-6.09464e-01	1.53273e+01
110	1	79	0	2	3	4.11346e-03	-5.90488e-01	1.59877e+01
110	1	80	0	2	3	3.86396e-03	-5.66645e-01	1.50600e+01
110	1	81	0	2	3	4.10179e-03	-5.82655e-01	1.50668e+01
110	1	82	0	2	3	4.61188e-03	-6.25647e-01	1.70299e+01
110	1	83	0	2	3	4.05436e-03	-5.74083e-01	1.52336e+01
110	1	84	0	2	3	3.54404e-03	-5.37450e-01	1.40044e+01
110	1	85	0	2	3	3.67668e-03	-5.52766e-01	1.48371e+01
110	1	86	0	2	3	4.14560e-03	-5.92953e-01	1.62279e+01
110	1	87	0	2	3	4.31466e-03	-5.92862e-01	1.42550e+01
110	1	88	0	2	3	3.78055e-03	-5.67253e-01	1.55674e+01
110	1	89	0	2	3	3.66209e-03	-5.60453e-01	1.47444e+01
110	1	90	0	2	3	3.97448e-03	-5.79939e-01	1.48977e+01
110	1	91	0	2	3	4.28618e-03	-5.96825e-01	1.61416e+01
110	1	92	0	2	3	3.88445e-03	-5.65844e-01	1.50248e+01
110	1	93	0	2	3	3.94662e-03	-5.72506e-01	1.53667e+01
110	1	94	0	2	3	4.12592e-03	-5.94043e-01	1.63294e+01
110	1	95	0	2	3	4.19696e-03	-5.98038e-01	1.55610e+01
110	1	96	0	2	3	3.90228e-03	-5.75039e-01	1.49950e+01
110	1	97	0	2	3	4.26981e-03	-5.95440e-01	1.61665e+01
110	1	98	0	2	3	4.52742e-03	-6.36361e-01	1.74285e+01
110	1	99	0	2	3	4.21053e-03	-5.95782e-01	1.55877e+01
110	1	100	0	2	3	3.55584e-03	-5.38525e-01	1.47838e+01
110	1	101	0	2	3	3.50872e-03	-5.44744e-01	1.52268e+01
110	1	102	0	2	3	4.59747e-03	-6.32706e-01	1.64798e+01
110	1	103	0	2	3	4.29686e-03	-6.01371e-01	1.56036e+01
110	1	104	0	2	3	4.42601e-03	-6.07975e-01	1.59472e+01
110	1	105	0	2	3	4.23380e-03	-5.92602e-01	1.57524e+01
110	1	106	0	2	3	4.13222e-03	-5.97085e-01	1.66451e+01
110	1	107	0	2	3	4.53293e-03	-6.17606e-01	1.59977e+01
110	1	108	0	2	3	3.76222e-03	-5.64686e-01	1.60005e+01
110	1	109	0	2	3	3.66040e-03	-5.56722e-01	1.57094e+01
110	1	110	0	2	3	4.18063e-03	-5.98691e-01	1.58603e+01
110	1	111	0	2	3	4.33317e-03	-6.11658e-01	1.72417e+01
110	1	112	0	2	3	3.87722e-03	-5.71184e-01	1.51657e+01
110	1	113	0	2	3	3.96134e-03	-5.79343e-01	1.56964e+01
110	1	114	0	2	3	4.24250e-03	-6.03879e-01	1.55521e+01
110	1	115	0	2	3	4.33257e-03	-6.05527e-01	1.58307e+01
110	1	116	0	2	3	4.37024e-03	-6.10819e-01	1.60775e+01
110	1	117	0	2	3	4.14429e-03	-5.89207e-01	1.57403e+01
110	1	118	0	2	3	4.30039e-03	-6.04019e-01	1.50064e+01
110	1	119	0	2	3	4.70711e-03	-6.27559e-01	1.65034e+01
110	1	120	0	2	3	3.73606e-03	-5.60241e-01	1.48141e+01
110	1	121	0	2	3	4.23326e-03	-5.94868e-01	1.56394e+01
110	1	122	0	2	3	5.12500e-03	-6.72987e-01	1.83122e+01
110	1	123	0	2	3	4.00375e-03	-5.92225e-01	1.72705e+01
110	1	124	0	2	3	4.44712e-03	-6.02937e-01	1.51554e+01
110	1	125	0	2	3	3.82670e-03	-5.67682e-01	1.54928e+01
110	1	126	0	2	3	4.29188e-03	-5.99255e-01	1.58147e+01
110	1	127	0	2	3	4.06339e-03	-5.82161e-01	1.55397e+01
110	1	128	0	2	3	4.17584e-03	-6.16205e-01	1.68777e+01
110	1	129	0	2	3	3.96250e-03	-6.08047e-01	1.68511e+01
110	1	130	0	2	3	4.15754e-03	-6.18092e-01	1.60603e+01
110	1	131	0	2	3	3.36944e-03	-5.38053e-01	1.47879e+01
110	1	132	0	2	3	3.96627e-03	-5.93741e-01	1.65021e+01
110	1	133	0	2	3	5.30397e-03	-6.67597e-01	1.66717e+01
110	1	134	0	2	3	4.12724e-03	-6.08897e-01	1.67714e+01
110	1	135	0	2	3	4.08220e-03	-5.87952e-01	1.58718e+01
110	1	136	0	2	3	2.68451e-03	-5.02777e-01	1.50902e+01
110	1	137	0	2	3	5.31516e-03	-6.86472e-01	1.77875e+01
110	1	138	0	2	3	4.77484e-03	-6.48594e-01	1.68591e+01
110	1	139	0	2	3	3.61694e-03	-5.61057e-01	1.56166e+01
110	1	140	0	2	3	5.88892e-03	-7.40079e-01	1.85660e+01
110	1	141	0	2	3	5.21732e-03	-6.77609e-01	1.70489e+01
110	1	142	0	2	3	2.97898e-03	-5.20438e-01	1.42065e+01
110	1	143	0	2	3	-8.76882e-03	3.53264e-01	-7.82128e-01
110	1	144	0	2	3	4.33443e-03	-6.20571e-01	1.74759e+01
110	1	145	0	2	3	3.28198e-03	-5.36927e-01	1.49347e+01
110	1	146	0	2	3	4.46996e-03	-6.35403e-01	1.67151e+01
110	1	147	0	2	3	5.19727e-03	-6.66321e-01	1.61883e+01
110	1	148	0	2	3	9.02380e-04	-3.78983e-01	1.16968e+01
110	1	149	0	2	3	5.61185e-03	-6.74514e-01	1.73082e+01
110	1	150	0	2	3	3.79416e-03	-5.72319e-01	1.59485e+01
110	1	151	0	2	3	4.80313e-03	-6.29379e-01	1.61222e+01
110	1	152	0	2	3	3.03964e-03	-4.90860e-01	1.43768e+01
110	1	153	0	2	3	1.98468e-03	-4.38247e-01	1.37901e+01
110	1	154	0	2	3	4.21722e-03	-6.04433e-01	1.63482e+01
110	1	155	0	2	3	7.87388e-03	-8.77451e-01	2.00008e+01
110	1	156	0	2	3	4.57672e-03	-6.36786e-01	1.70200e+01
110	1	157	0	2	3	5.68239e-03	-7.12950e-01	1.88548e+01
110	1	158	0	2	3	-1.66263e-03	-1.73861e-01	8.98938e+00
110	1	159	0	2	3	3.00924e-03	-5.11692e-01	1.53927e+01
