##
#  file: HodoPHCParam_Dummy
#  date: 2016.06.15
#  note: first version
#
#
#######################################################################
# CId	PlId	Seg	UorD	Type	nParam	p0	p1	...
#
#	Type=0 no correction will be performed
#	Type=1 ct=t-p[0]/sqrt(a-p[1])+p[2]
#	Type=2 ct=p[0]*a*a + p[1]*a + p[2] for Fiber
#
#######################################################################
# BH1 Up                                                              #
#######################################################################
1	0	0	0	1	3	5.08705e+00	-1.98362e+00	2.93454e+00
1	0	1	0	1	3	6.69706e-01	2.91546e-01	8.10244e-01
1	0	2	0	1	3	5.01779e-01	3.94271e-01	6.64278e-01
1	0	3	0	1	3	7.45330e-01	1.66754e-01	8.56036e-01
1	0	4	0	1	3	8.52890e-01	8.60054e-02	9.27134e-01
1	0	5	0	1	3	1.69981e+00	-1.50393e-01	1.62794e+00
1	0	6	0	1	3	1.58582e+00	-2.35346e-01	1.46587e+00
1	0	7	0	1	3	1.61970e+00	-1.46184e-01	1.54504e+00
1	0	8	0	1	3	1.37546e+00	-2.52696e-01	1.28233e+00
1	0	9	0	1	3	1.74814e+00	-2.76223e-01	1.64100e+00
1	0	10	0	1	3	1.60339e+01	-4.62629e+00	6.81205e+00
#######################################################################
# BH1 Down                                                            #
#######################################################################
1	0	0	1	1	3	1.33519e+00	-9.13138e-02	1.27257e+00
1	0	1	1	1	3	6.24909e-01	2.88647e-01	7.65429e-01
1	0	2	1	1	3	6.68954e-01	2.21542e-01	7.45264e-01
1	0	3	1	1	3	1.32364e+00	-4.57464e-01	1.08318e+00
1	0	4	1	1	3	1.18002e+00	-7.91080e-02	1.17008e+00
1	0	5	1	1	3	2.07299e+00	-4.79828e-01	1.70935e+00
1	0	6	1	1	3	1.96000e+00	-5.20196e-01	1.63958e+00
1	0	7	1	1	3	1.89852e+00	-4.50289e-01	1.60743e+00
1	0	8	1	1	3	1.02469e+00	-6.73213e-02	1.04734e+00
1	0	9	1	1	3	1.64894e+00	-1.85977e-01	1.61292e+00
1	0	10	1	1	3	7.15603e-01	2.22738e-01	8.54972e-01
#######################################################################
# BH2 Up                                                              #
#######################################################################
2	0	0	0	1	3	1.43047e-01	2.98695e-01	2.00085e-01
2	0	1	0	1	3	8.79554e-01	-2.31747e-01	7.85839e-01
2	0	2	0	1	3	5.94572e-01	-4.97541e-01	4.68956e-01
2	0	3	0	1	3	1.91725e-01	3.94747e-02	1.91115e-01
2	0	4	0	1	3	3.31184e-01	-9.38469e-02	3.15823e-01
2	0	5	0	1	3	1.99769e-01	2.70254e-01	2.37321e-01
2	0	6	0	1	3	2.58948e-01	2.41832e-01	3.10133e-01
2	0	7	0	1	3	3.50426e-01	8.80094e-02	3.70898e-01
#######################################################################
# BH2 Down                                                            #
#######################################################################
2	0	0	1	1	3	3.94607e-01	-1.85207e-01	3.84440e-01
2	0	1	1	1	3	9.92155e-01	-3.85817e-01	8.32122e-01
2	0	2	1	1	3	4.10986e-01	-9.27803e-02	3.90143e-01
2	0	3	1	1	3	1.76416e-01	4.84160e-02	1.75490e-01
2	0	4	1	1	3	2.42956e-01	1.23979e-01	2.64593e-01
2	0	5	1	1	3	3.57967e-01	4.32013e-02	3.63973e-01
2	0	6	1	1	3	1.22093e+00	-6.67168e-01	9.30075e-01
2	0	7	1	1	3	2.92156e-01	-4.36810e-03	2.98702e-01
#######################################################################
# BAC                                                                 #
#######################################################################
3	0	0	0	1	3	0.00000e+00	0.00000e+00	0.00000e+00
3	0	1	0	1	3	0.00000e+00	0.00000e+00	0.00000e+00
#######################################################################
# FBH Up                                                              #
#######################################################################
4	0	0	0	2	3	-5.62952e-03	8.96903e-01	-3.53273e+01
4	0	1	0	2	3	-4.29399e-03	7.37975e-01	-3.00049e+01
4	0	2	0	2	3	-5.26894e-03	8.67305e-01	-3.38992e+01
4	0	3	0	2	3	-3.80183e-03	6.69237e-01	-2.72260e+01
4	0	4	0	2	3	-4.35014e-03	7.35785e-01	-2.92008e+01
4	0	5	0	2	3	-4.02541e-03	6.86907e-01	-2.70312e+01
4	0	6	0	2	3	-4.16660e-03	7.08229e-01	-2.81512e+01
4	0	7	0	2	3	-3.93117e-03	6.84759e-01	-2.69101e+01
4	0	8	0	2	3	-4.14423e-03	6.96902e-01	-2.65883e+01
4	0	9	0	2	3	-2.83372e-03	5.62925e-01	-2.20787e+01
4	0	10	0	2	3	-4.07944e-03	7.09420e-01	-2.75603e+01
4	0	11	0	2	3	-3.50961e-03	6.50113e-01	-2.64167e+01
4	0	12	0	2	3	-3.52415e-03	6.49734e-01	-2.67232e+01
4	0	13	0	2	3	-4.13420e-03	7.26957e-01	-2.99675e+01
4	0	14	0	2	3	-4.90315e-03	8.27563e-01	-3.35630e+01
4	0	15	0	2	3	-4.73048e-03	8.13189e-01	-3.31901e+01
#######################################################################
# FBH Down                                                            #
#######################################################################
4	0	0	1	2	3	-5.62952e-03	8.96903e-01	-3.53273e+01
4	0	1	1	2	3	-4.29399e-03	7.37975e-01	-3.00049e+01
4	0	2	1	2	3	-5.26894e-03	8.67305e-01	-3.38992e+01
4	0	3	1	2	3	-3.80183e-03	6.69237e-01	-2.72260e+01
4	0	4	1	2	3	-4.35014e-03	7.35785e-01	-2.92008e+01
4	0	5	1	2	3	-4.02541e-03	6.86907e-01	-2.70312e+01
4	0	6	1	2	3	-4.16660e-03	7.08229e-01	-2.81512e+01
4	0	7	1	2	3	-3.93117e-03	6.84759e-01	-2.69101e+01
4	0	8	1	2	3	-4.14423e-03	6.96902e-01	-2.65883e+01
4	0	9	1	2	3	-2.83372e-03	5.62925e-01	-2.20787e+01
4	0	10	1	2	3	-4.07944e-03	7.09420e-01	-2.75603e+01
4	0	11	1	2	3	-3.50961e-03	6.50113e-01	-2.64167e+01
4	0	12	1	2	3	-3.52415e-03	6.49734e-01	-2.67232e+01
4	0	13	1	2	3	-4.13420e-03	7.26957e-01	-2.99675e+01
4	0	14	1	2	3	-4.90315e-03	8.27563e-01	-3.35630e+01
4	0	15	1	2	3	-4.73048e-03	8.13189e-01	-3.31901e+01
#######################################################################
# PVAC                                                                #
#######################################################################
5	0	0	0	1	3	0.00000e+00	0.00000e+00	0.00000e+00
#######################################################################
# FAC                                                                 #
#######################################################################
6	0	0	0	1	3	0.00000e+00	0.00000e+00	0.00000e+00
#######################################################################
# SCH                                                                 #
#######################################################################
#7	0	0	0	2	3	-0.00500000	0.821213	-32.185321
#7	0	1	0	2	3	-0.00500000	0.830248	-32.269563
#7	0	2	0	2	3	-0.00500000	0.793073	-29.315934
#7	0	3	0	2	3	-0.00500000	0.772144	-28.276705
#7	0	4	0	2	3	-0.00500000	0.801968	-30.687167
#7	0	5	0	2	3	-0.00500000	0.778300	-28.439251
#7	0	6	0	2	3	-0.00500000	0.765872	-27.918181
#7	0	7	0	2	3	-0.00500000	0.738459	-26.016797
#7	0	8	0	2	3	-0.00500000	0.778318	-28.676371
#7	0	9	0	2	3	-0.00500000	0.776670	-28.892887
#7	0	10	0	2	3	-0.00500000	0.764278	-28.122474
#7	0	11	0	2	3	-0.00500000	0.790742	-29.423647
#7	0	12	0	2	3	-0.00500000	0.811330	-30.487019
#7	0	13	0	2	3	-0.00500000	0.818750	-30.891512
#7	0	14	0	2	3	-0.00500000	0.802541	-30.009136
#7	0	15	0	2	3	-0.00500000	0.809525	-30.751746
#7	0	16	0	2	3	-0.00500000	0.802597	-30.845509
#7	0	17	0	2	3	-0.00500000	0.835028	-32.780792
#7	0	18	0	2	3	-0.00500000	0.859176	-33.938731
#7	0	19	0	2	3	-0.00500000	0.814851	-31.445396
#7	0	20	0	2	3	-0.00500000	0.809426	-30.781087
#7	0	21	0	2	3	-0.00500000	0.780678	-28.888756
#7	0	22	0	2	3	-0.00500000	0.808206	-30.719604
#7	0	23	0	2	3	-0.00500000	0.774024	-27.858339
#7	0	24	0	2	3	-0.00500000	0.794308	-29.022101
#7	0	25	0	2	3	-0.00500000	0.775649	-27.980186
#7	0	26	0	2	3	-0.00500000	0.788483	-28.687567
#7	0	27	0	2	3	-0.00466315	0.771386	-29.253260
#7	0	28	0	2	3	-0.00483132	0.790854	-28.637741
#7	0	29	0	2	3	-0.00497049	0.812994	-30.786914
#7	0	30	0	2	3	-0.00500000	0.787793	-28.362716
#7	0	31	0	2	3	-0.00500000	0.790759	-28.876812
#7	0	32	0	2	3	-0.00500000	0.824826	-31.655285
#7	0	33	0	2	3	-0.00500000	0.845304	-33.407765
#7	0	34	0	2	3	-0.00500000	0.832263	-32.939799
#7	0	35	0	2	3	-0.00500000	0.820631	-31.695372
#7	0	36	0	2	3	-0.00500000	0.836997	-33.200590
#7	0	37	0	2	3	-0.00500000	0.819690	-32.097193
#7	0	38	0	2	3	-0.00500000	0.808109	-31.263214
#7	0	39	0	2	3	-0.00500000	0.815224	-31.135523
#7	0	40	0	2	3	-0.00500000	0.803398	-29.897923
#7	0	41	0	2	3	-0.00500000	0.815685	-31.165519
#7	0	42	0	2	3	-0.00500000	0.812980	-30.737261
#7	0	43	0	2	3	-0.00500000	0.829418	-32.693307
#7	0	44	0	2	3	-0.00500000	0.789530	-29.464920
#7	0	45	0	2	3	-0.00500000	0.804789	-31.208151
#7	0	46	0	2	3	-0.00500000	0.830106	-32.806514
#7	0	47	0	2	3	-0.00500000	0.819206	-31.373242
#7	0	48	0	2	3	-0.00500000	0.816165	-31.709319
#7	0	49	0	2	3	-0.00500000	0.798496	-30.201709
#7	0	50	0	2	3	-0.00500000	0.812167	-31.795745
#7	0	51	0	2	3	-0.00500000	0.810749	-31.375226
#7	0	52	0	2	3	-0.00500000	0.803385	-31.372512
#7	0	53	0	2	3	-0.00500000	0.777405	-29.262831
#7	0	54	0	2	3	-0.00500000	0.783954	-29.763410
#7	0	55	0	2	3	-0.00500000	0.789443	-29.976449
#7	0	56	0	2	3	-0.00500000	0.838828	-33.261086
#7	0	57	0	2	3	-0.00500000	0.804421	-30.573195
#7	0	58	0	2	3	-0.00500000	0.773283	-29.111048
#7	0	59	0	2	3	-0.00500000	0.811789	-31.449459
#7	0	60	0	2	3	-0.00500000	0.759724	-28.110014
#7	0	61	0	2	3	-0.00500000	0.810884	-31.379063
#7	0	62	0	2	3	-0.00500000	0.771910	-28.435006
#7	0	63	0	2	3	-0.00500000	0.796658	-30.511906
#######################################################################
# TOF Up                                                              #
#######################################################################
7	0	0	0	1	3	5.24830e+00	-1.96630e+00	2.96170e+00
7	0	1	0	1	3	5.24830e+00	-1.96630e+00	2.96170e+00
7	0	2	0	1	3	5.24830e+00	-1.96630e+00	2.96170e+00
7	0	3	0	1	3	5.24830e+00	-1.96630e+00	2.96170e+00
7	0	4	0	1	3	5.24830e+00	-1.96630e+00	2.96170e+00
7	0	5	0	1	3	5.24830e+00	-1.96630e+00	2.96170e+00
7	0	6	0	1	3	6.97090e+00	-3.03520e+00	3.39910e+00
7	0	7	0	1	3	4.05450e+00	-1.96150e+00	2.30360e+00
7	0	8	0	1	3	1.16940e+02	-2.98600e+01	2.09880e+01
7	0	9	0	1	3	5.24830e+00	-1.96630e+00	2.96170e+00
7	0	10	0	1	3	5.24830e+00	-1.96630e+00	2.96170e+00
7	0	11	0	1	3	5.24830e+00	-1.96630e+00	2.96170e+00
7	0	12	0	1	3	5.24830e+00	-1.96630e+00	2.96170e+00
7	0	13	0	1	3	5.24830e+00	-1.96630e+00	2.96170e+00
7	0	14	0	1	3	5.24830e+00	-1.96630e+00	2.96170e+00
7	0	15	0	1	3	5.24830e+00	-1.96630e+00	2.96170e+00
7	0	16	0	1	3	5.24830e+00	-1.96630e+00	2.96170e+00
7	0	17	0	1	3	5.24830e+00	-1.96630e+00	2.96170e+00
7	0	18	0	1	3	5.24830e+00	-1.96630e+00	2.96170e+00
7	0	19	0	1	3	7.11491e-01	1.85180e-03	5.82402e-01
7	0	20	0	1	3	5.59404e-01	-1.73810e-03	4.50716e-01
7	0	21	0	1	3	8.92499e-01	1.99900e-03	7.37364e-01
7	0	22	0	1	3	6.37553e-01	1.99960e-03	5.45449e-01
7	0	23	0	1	3	1.19210e+00	1.98920e-03	9.99994e-01
#######################################################################
# TOF Down                                                            #
#######################################################################
7	0	0	1	1	3	5.84300e+00	-2.30730e+00	3.11320e+00
7	0	1	1	1	3	5.84300e+00	-2.30730e+00	3.11320e+00
7	0	2	1	1	3	5.84300e+00	-2.30730e+00	3.11320e+00
7	0	3	1	1	3	5.84300e+00	-2.30730e+00	3.11320e+00
7	0	4	1	1	3	5.84300e+00	-2.30730e+00	3.11320e+00
7	0	5	1	1	3	5.84300e+00	-2.30730e+00	3.11320e+00
7	0	6	1	1	3	1.41330e+01	-5.81170e+00	5.32680e+00
7	0	7	1	1	3	7.84850e+01	-2.02870e+01	1.69500e+01
7	0	8	1	1	3	2.20240e+02	-3.62440e+01	3.60080e+01
7	0	9	1	1	3	5.84300e+00	-2.30730e+00	3.11320e+00
7	0	10	1	1	3	5.84300e+00	-2.30730e+00	3.11320e+00
7	0	11	1	1	3	5.84300e+00	-2.30730e+00	3.11320e+00
7	0	12	1	1	3	5.84300e+00	-2.30730e+00	3.11320e+00
7	0	13	1	1	3	5.84300e+00	-2.30730e+00	3.11320e+00
7	0	14	1	1	3	5.84300e+00	-2.30730e+00	3.11320e+00
7	0	15	1	1	3	5.84300e+00	-2.30730e+00	3.11320e+00
7	0	16	1	1	3	5.84300e+00	-2.30730e+00	3.11320e+00
7	0	17	1	1	3	5.84300e+00	-2.30730e+00	3.11320e+00
7	0	18	1	1	3	5.84300e+00	-2.30730e+00	3.11320e+00
7	0	19	1	1	3	6.18741e-01	1.99860e-03	4.90831e-01
7	0	20	1	1	3	5.75901e-01	1.04210e-03	4.72509e-01
7	0	21	1	1	3	9.41046e-01	1.99890e-03	7.79357e-01
7	0	22	1	1	3	4.84266e-01	-1.95590e-03	3.99786e-01
7	0	23	1	1	3	8.97714e-01	1.99860e-03	7.56300e-01
#######################################################################
# BFT U                                                               #
#######################################################################
110	0	0	0	2	3	2.19845e-03	-4.34616e-01	1.24054e+01
110	0	1	0	2	3	6.12922e-03	-7.07728e-01	1.69648e+01
110	0	2	0	2	3	5.05513e-03	-6.50302e-01	1.60724e+01
110	0	3	0	2	3	3.96858e-03	-5.70690e-01	1.37345e+01
110	0	4	0	2	3	3.36150e-03	-5.32447e-01	1.44533e+01
110	0	5	0	2	3	3.93610e-03	-5.59028e-01	1.51246e+01
110	0	6	0	2	3	3.92311e-03	-5.77800e-01	1.46007e+01
110	0	7	0	2	3	4.29191e-03	-5.86566e-01	1.53319e+01
110	0	8	0	2	3	3.22523e-03	-5.20106e-01	1.36902e+01
110	0	9	0	2	3	2.64185e-03	-4.66861e-01	1.40293e+01
110	0	10	0	2	3	4.02390e-03	-5.79816e-01	1.40002e+01
110	0	11	0	2	3	4.81147e-03	-6.24289e-01	1.68002e+01
110	0	12	0	2	3	3.28177e-03	-5.17311e-01	1.30286e+01
110	0	13	0	2	3	4.28293e-03	-5.91269e-01	1.62539e+01
110	0	14	0	2	3	3.64529e-03	-5.48942e-01	1.35094e+01
110	0	15	0	2	3	4.65180e-03	-6.19062e-01	1.68562e+01
110	0	16	0	2	3	3.34356e-03	-5.21966e-01	1.29005e+01
110	0	17	0	2	3	4.53570e-03	-6.03997e-01	1.60501e+01
110	0	18	0	2	3	4.12797e-03	-5.82991e-01	1.39559e+01
110	0	19	0	2	3	4.17512e-03	-5.86382e-01	1.39053e+01
110	0	20	0	2	3	3.38446e-03	-5.23373e-01	1.33514e+01
110	0	21	0	2	3	3.58926e-03	-5.35288e-01	1.61031e+01
110	0	22	0	2	3	4.91510e-03	-6.39117e-01	1.53339e+01
110	0	23	0	2	3	4.32522e-03	-5.84890e-01	1.57273e+01
110	0	24	0	2	3	3.70447e-03	-5.50375e-01	1.42206e+01
110	0	25	0	2	3	4.36915e-03	-5.89737e-01	1.63630e+01
110	0	26	0	2	3	3.74870e-03	-5.60010e-01	1.50879e+01
110	0	27	0	2	3	4.29195e-03	-5.77480e-01	1.54007e+01
110	0	28	0	2	3	3.47718e-03	-5.36276e-01	1.21723e+01
110	0	29	0	2	3	4.51966e-03	-5.92393e-01	1.52187e+01
110	0	30	0	2	3	3.79398e-03	-5.61615e-01	1.39012e+01
110	0	31	0	2	3	3.96896e-03	-5.63396e-01	1.53417e+01
110	0	32	0	2	3	3.91283e-03	-5.74374e-01	1.44910e+01
110	0	33	0	2	3	5.02410e-03	-6.14418e-01	1.43281e+01
110	0	34	0	2	3	4.28793e-03	-5.97200e-01	1.45970e+01
110	0	35	0	2	3	4.15661e-03	-5.83496e-01	1.57451e+01
110	0	36	0	2	3	4.08852e-03	-5.65802e-01	1.37207e+01
110	0	37	0	2	3	3.89700e-03	-5.60387e-01	1.61632e+01
110	0	38	0	2	3	4.15755e-03	-5.79750e-01	1.36090e+01
110	0	39	0	2	3	5.00473e-03	-6.39783e-01	1.63624e+01
110	0	40	0	2	3	3.66587e-03	-5.41633e-01	1.32901e+01
110	0	41	0	2	3	4.15086e-03	-5.74129e-01	1.62195e+01
110	0	42	0	2	3	4.26626e-03	-5.85342e-01	1.46279e+01
110	0	43	0	2	3	4.30121e-03	-5.98787e-01	1.64481e+01
110	0	44	0	2	3	4.03779e-03	-5.78441e-01	1.42109e+01
110	0	45	0	2	3	4.21148e-03	-5.76024e-01	1.57964e+01
110	0	46	0	2	3	4.26148e-03	-6.00405e-01	1.47853e+01
110	0	47	0	2	3	4.91783e-03	-6.42391e-01	1.82220e+01
110	0	48	0	2	3	3.92416e-03	-5.61162e-01	1.27527e+01
110	0	49	0	2	3	4.75608e-03	-6.21964e-01	1.71562e+01
110	0	50	0	2	3	4.68025e-03	-6.19368e-01	1.52165e+01
110	0	51	0	2	3	4.33577e-03	-5.90486e-01	1.54452e+01
110	0	52	0	2	3	3.71065e-03	-5.46166e-01	1.30726e+01
110	0	53	0	2	3	4.47166e-03	-5.96511e-01	1.54150e+01
110	0	54	0	2	3	4.33922e-03	-5.96804e-01	1.44598e+01
110	0	55	0	2	3	4.73462e-03	-6.21304e-01	1.69356e+01
110	0	56	0	2	3	3.89804e-03	-5.73997e-01	1.50645e+01
110	0	57	0	2	3	4.30088e-03	-5.88710e-01	1.59950e+01
110	0	58	0	2	3	4.01166e-03	-5.77687e-01	1.52310e+01
110	0	59	0	2	3	4.39822e-03	-6.14933e-01	1.69282e+01
110	0	60	0	2	3	3.97669e-03	-5.73171e-01	1.36666e+01
110	0	61	0	2	3	3.43525e-03	-5.24413e-01	1.45090e+01
110	0	62	0	2	3	4.90000e-03	-6.34585e-01	1.49695e+01
110	0	63	0	2	3	4.08529e-03	-5.76067e-01	1.44019e+01
110	0	64	0	2	3	3.99720e-03	-5.78717e-01	1.44535e+01
110	0	65	0	2	3	4.09256e-03	-5.78696e-01	1.55276e+01
110	0	66	0	2	3	4.82736e-03	-6.48293e-01	1.69442e+01
110	0	67	0	2	3	3.95433e-03	-5.71344e-01	1.55919e+01
110	0	68	0	2	3	3.81272e-03	-5.75598e-01	1.50027e+01
110	0	69	0	2	3	4.15603e-03	-5.80085e-01	1.50413e+01
110	0	70	0	2	3	4.47596e-03	-6.28309e-01	1.49134e+01
110	0	71	0	2	3	4.29377e-03	-5.96780e-01	1.57978e+01
110	0	72	0	2	3	3.80926e-03	-5.67884e-01	1.35866e+01
110	0	73	0	2	3	4.46956e-03	-6.07219e-01	1.53314e+01
110	0	74	0	2	3	4.42337e-03	-6.19939e-01	1.56478e+01
110	0	75	0	2	3	4.25025e-03	-5.86198e-01	1.51585e+01
110	0	76	0	2	3	3.51114e-03	-5.40887e-01	1.31654e+01
110	0	77	0	2	3	4.19657e-03	-5.86602e-01	1.55687e+01
110	0	78	0	2	3	4.25545e-03	-6.04923e-01	1.46651e+01
110	0	79	0	2	3	4.51774e-03	-6.06835e-01	1.54972e+01
110	0	80	0	2	3	4.04806e-03	-5.78878e-01	1.48663e+01
110	0	81	0	2	3	4.42131e-03	-5.94585e-01	1.53099e+01
110	0	82	0	2	3	4.25513e-03	-5.94368e-01	1.47140e+01
110	0	83	0	2	3	4.34588e-03	-6.00874e-01	1.53611e+01
110	0	84	0	2	3	3.96840e-03	-5.75333e-01	1.43147e+01
110	0	85	0	2	3	4.02456e-03	-5.73239e-01	1.53299e+01
110	0	86	0	2	3	4.58905e-03	-6.31848e-01	1.51366e+01
110	0	87	0	2	3	4.35380e-03	-6.09119e-01	1.63069e+01
110	0	88	0	2	3	3.90644e-03	-5.65299e-01	1.44594e+01
110	0	89	0	2	3	4.17196e-03	-5.87169e-01	1.51719e+01
110	0	90	0	2	3	4.44839e-03	-6.12147e-01	1.44673e+01
110	0	91	0	2	3	5.03634e-03	-6.56439e-01	1.59951e+01
110	0	92	0	2	3	4.02847e-03	-5.92298e-01	1.50329e+01
110	0	93	0	2	3	3.76681e-03	-5.55816e-01	1.43617e+01
110	0	94	0	2	3	4.05484e-03	-5.99079e-01	1.61057e+01
110	0	95	0	2	3	4.36962e-03	-6.05767e-01	1.59157e+01
110	0	96	0	2	3	4.50717e-03	-6.23409e-01	1.51703e+01
110	0	97	0	2	3	3.96561e-03	-5.70567e-01	1.53656e+01
110	0	98	0	2	3	4.56083e-03	-6.30039e-01	1.52829e+01
110	0	99	0	2	3	4.66094e-03	-6.18712e-01	1.58845e+01
110	0	100	0	2	3	3.89445e-03	-5.72961e-01	1.47767e+01
110	0	101	0	2	3	3.96833e-03	-5.72390e-01	1.53166e+01
110	0	102	0	2	3	4.33443e-03	-6.12433e-01	1.58065e+01
110	0	103	0	2	3	4.99863e-03	-6.51864e-01	1.63540e+01
110	0	104	0	2	3	3.88643e-03	-5.74388e-01	1.39245e+01
110	0	105	0	2	3	4.27777e-03	-5.91684e-01	1.50941e+01
110	0	106	0	2	3	4.93525e-03	-6.51627e-01	1.63732e+01
110	0	107	0	2	3	4.30217e-03	-5.97354e-01	1.47654e+01
110	0	108	0	2	3	4.08240e-03	-5.90613e-01	1.50989e+01
110	0	109	0	2	3	4.07738e-03	-5.82417e-01	1.48843e+01
110	0	110	0	2	3	4.33091e-03	-6.09431e-01	1.54331e+01
110	0	111	0	2	3	4.66834e-03	-6.36131e-01	1.60577e+01
110	0	112	0	2	3	4.07035e-03	-5.80100e-01	1.35682e+01
110	0	113	0	2	3	4.33491e-03	-5.92897e-01	1.49320e+01
110	0	114	0	2	3	3.82550e-03	-5.68302e-01	1.47322e+01
110	0	115	0	2	3	5.53930e-03	-6.85264e-01	1.66526e+01
110	0	116	0	2	3	3.65982e-03	-5.64835e-01	1.43745e+01
110	0	117	0	2	3	4.17518e-03	-5.89111e-01	1.59729e+01
110	0	118	0	2	3	4.75564e-03	-6.41496e-01	1.62841e+01
110	0	119	0	2	3	4.89714e-03	-6.29813e-01	1.46417e+01
110	0	120	0	2	3	3.88387e-03	-5.87795e-01	1.49555e+01
110	0	121	0	2	3	4.68531e-03	-6.11295e-01	1.37892e+01
110	0	122	0	2	3	5.07306e-03	-6.69344e-01	1.74472e+01
110	0	123	0	2	3	4.28227e-03	-5.97843e-01	1.54351e+01
110	0	124	0	2	3	3.78161e-03	-5.51744e-01	1.44115e+01
110	0	125	0	2	3	3.18330e-03	-5.04623e-01	1.13518e+01
110	0	126	0	2	3	2.59585e-03	-4.75194e-01	1.26181e+01
110	0	127	0	2	3	3.84802e-03	-5.54352e-01	1.41554e+01
110	0	128	0	2	3	3.90557e-03	-6.00157e-01	1.60779e+01
110	0	129	0	2	3	2.37670e-03	-4.88897e-01	1.39238e+01
110	0	130	0	2	3	4.59001e-03	-6.48851e-01	1.70461e+01
110	0	131	0	2	3	3.27170e-03	-5.26768e-01	1.43191e+01
110	0	132	0	2	3	4.57580e-03	-6.48972e-01	1.74038e+01
110	0	133	0	2	3	1.84778e-03	-4.29142e-01	1.27423e+01
110	0	134	0	2	3	2.34797e-03	-4.79763e-01	1.37172e+01
110	0	135	0	2	3	4.70755e-03	-6.20708e-01	1.51222e+01
110	0	136	0	2	3	4.35300e-03	-6.10791e-01	1.52027e+01
110	0	137	0	2	3	3.40443e-03	-5.65190e-01	1.59121e+01
110	0	138	0	2	3	1.93936e-03	-4.38022e-01	1.30417e+01
110	0	139	0	2	3	2.08150e-03	-4.62642e-01	1.24572e+01
110	0	140	0	2	3	1.03901e-03	-3.79535e-01	1.24597e+01
110	0	141	0	2	3	8.17373e-03	-8.79312e-01	1.96520e+01
110	0	142	0	2	3	6.13238e-05	-3.33709e-01	1.14172e+01
110	0	143	0	2	3	4.56058e-03	-6.42528e-01	1.62997e+01
110	0	144	0	2	3	-2.33261e-03	-1.20870e-01	6.07361e+00
110	0	145	0	2	3	6.08879e-03	-7.31374e-01	1.68588e+01
110	0	146	0	2	3	3.18812e-03	-5.18638e-01	1.39888e+01
110	0	147	0	2	3	-4.37258e-04	-2.82262e-01	1.06600e+01
110	0	148	0	2	3	5.35653e-03	-6.81104e-01	1.63475e+01
110	0	149	0	2	3	5.80774e-03	-7.40827e-01	1.88078e+01
110	0	150	0	2	3	-3.66206e-03	-2.86820e-02	5.57497e+00
110	0	151	0	2	3	-2.17724e-03	-1.09780e-01	6.25595e+00
110	0	152	0	2	3	1.51613e-03	-4.26708e-01	1.35256e+01
110	0	153	0	2	3	3.79279e-03	-6.14587e-01	1.70310e+01
110	0	154	0	2	3	3.06716e-03	-5.05913e-01	1.31860e+01
110	0	155	0	2	3	7.91462e-04	-3.78045e-01	1.06057e+01
110	0	156	0	2	3	-2.65010e-03	-6.41931e-02	5.22634e+00
110	0	157	0	2	3	-1.01243e-02	4.52890e-01	-3.08678e+00
110	0	158	0	2	3	7.62161e-03	-8.56175e-01	1.99521e+01
110	0	159	0	2	3	7.43367e-03	-8.25993e-01	1.91916e+01
#######################################################################
# BFT D                                                               #
#######################################################################
110	1	0	0	2	3	2.26031e-06	-2.86333e-01	1.13386e+01
110	1	1	0	2	3	5.91077e-04	-3.21308e-01	1.13893e+01
110	1	2	0	2	3	4.18985e-03	-6.01563e-01	1.62457e+01
110	1	3	0	2	3	7.47151e-04	-3.22776e-01	1.15954e+01
110	1	4	0	2	3	3.92246e-03	-5.73209e-01	1.55598e+01
110	1	5	0	2	3	3.16336e-03	-5.28092e-01	1.60126e+01
110	1	6	0	2	3	2.76073e-03	-4.98233e-01	1.32097e+01
110	1	7	0	2	3	2.29365e-03	-4.46687e-01	1.36426e+01
110	1	8	0	2	3	3.21747e-03	-5.27355e-01	1.51363e+01
110	1	9	0	2	3	2.53844e-03	-4.75755e-01	1.57346e+01
110	1	10	0	2	3	4.35394e-03	-6.07235e-01	1.62729e+01
110	1	11	0	2	3	2.43134e-03	-4.67146e-01	1.40284e+01
110	1	12	0	2	3	2.82507e-03	-4.98169e-01	1.37185e+01
110	1	13	0	2	3	3.63781e-03	-5.52433e-01	1.62268e+01
110	1	14	0	2	3	3.88572e-03	-5.74828e-01	1.47719e+01
110	1	15	0	2	3	3.05096e-03	-5.09483e-01	1.53481e+01
110	1	16	0	2	3	3.88386e-03	-5.74580e-01	1.51322e+01
110	1	17	0	2	3	3.94822e-03	-5.70568e-01	1.56401e+01
110	1	18	0	2	3	4.21762e-03	-5.99949e-01	1.50091e+01
110	1	19	0	2	3	4.08740e-03	-5.87191e-01	1.64393e+01
110	1	20	0	2	3	4.38808e-03	-6.10053e-01	1.60213e+01
110	1	21	0	2	3	3.57184e-03	-5.50442e-01	1.67329e+01
110	1	22	0	2	3	3.74739e-03	-5.60275e-01	1.47686e+01
110	1	23	0	2	3	3.33896e-03	-5.21565e-01	1.52715e+01
110	1	24	0	2	3	3.46089e-03	-5.44498e-01	1.55052e+01
110	1	25	0	2	3	3.95161e-03	-5.69921e-01	1.63234e+01
110	1	26	0	2	3	4.50676e-03	-6.25790e-01	1.59068e+01
110	1	27	0	2	3	4.09237e-03	-5.83328e-01	1.73413e+01
110	1	28	0	2	3	4.24310e-03	-6.05661e-01	1.65397e+01
110	1	29	0	2	3	3.39129e-03	-5.29460e-01	1.57660e+01
110	1	30	0	2	3	4.10258e-03	-5.90122e-01	1.54580e+01
110	1	31	0	2	3	4.08461e-03	-5.90113e-01	1.70794e+01
110	1	32	0	2	3	3.46941e-03	-5.45663e-01	1.58869e+01
110	1	33	0	2	3	3.15698e-03	-5.23927e-01	1.47309e+01
110	1	34	0	2	3	4.78540e-03	-6.31083e-01	1.56518e+01
110	1	35	0	2	3	3.95584e-03	-5.86880e-01	1.70915e+01
110	1	36	0	2	3	4.11265e-03	-5.84354e-01	1.60874e+01
110	1	37	0	2	3	3.49092e-03	-5.34628e-01	1.40091e+01
110	1	38	0	2	3	4.42858e-03	-6.11101e-01	1.67841e+01
110	1	39	0	2	3	4.04906e-03	-5.76333e-01	1.57680e+01
110	1	40	0	2	3	3.92943e-03	-5.72634e-01	1.47752e+01
110	1	41	0	2	3	3.46477e-03	-5.34305e-01	1.54430e+01
110	1	42	0	2	3	4.17732e-03	-5.84248e-01	1.54159e+01
110	1	43	0	2	3	4.25739e-03	-5.93707e-01	1.73045e+01
110	1	44	0	2	3	3.88979e-03	-5.74403e-01	1.49230e+01
110	1	45	0	2	3	3.31784e-03	-5.26494e-01	1.55649e+01
110	1	46	0	2	3	4.12776e-03	-5.93246e-01	1.52637e+01
110	1	47	0	2	3	4.41263e-03	-6.26119e-01	1.83720e+01
110	1	48	0	2	3	3.82966e-03	-5.66233e-01	1.54459e+01
110	1	49	0	2	3	3.63445e-03	-5.44906e-01	1.60924e+01
110	1	50	0	2	3	4.25782e-03	-5.99374e-01	1.50114e+01
110	1	51	0	2	3	3.80808e-03	-5.66853e-01	1.62868e+01
110	1	52	0	2	3	4.02647e-03	-5.92191e-01	1.52211e+01
110	1	53	0	2	3	3.42442e-03	-5.34941e-01	1.59328e+01
110	1	54	0	2	3	4.25773e-03	-6.07802e-01	1.64371e+01
110	1	55	0	2	3	4.04098e-03	-5.80796e-01	1.65642e+01
110	1	56	0	2	3	3.94000e-03	-5.91639e-01	1.53064e+01
110	1	57	0	2	3	4.01146e-03	-5.79834e-01	1.62903e+01
110	1	58	0	2	3	4.27304e-03	-6.17497e-01	1.76883e+01
110	1	59	0	2	3	4.10475e-03	-5.96894e-01	1.79116e+01
110	1	60	0	2	3	4.04441e-03	-5.87138e-01	1.58449e+01
110	1	61	0	2	3	4.11112e-03	-5.72610e-01	1.55809e+01
110	1	62	0	2	3	4.04651e-03	-5.82665e-01	1.46877e+01
110	1	63	0	2	3	3.95227e-03	-5.78884e-01	1.66232e+01
110	1	64	0	2	3	3.86158e-03	-5.77126e-01	1.60753e+01
110	1	65	0	2	3	4.04123e-03	-5.84353e-01	1.60245e+01
110	1	66	0	2	3	4.75879e-03	-6.46582e-01	1.60069e+01
110	1	67	0	2	3	4.31781e-03	-6.05513e-01	1.54781e+01
110	1	68	0	2	3	3.29554e-03	-5.25992e-01	1.35213e+01
110	1	69	0	2	3	3.95650e-03	-5.75795e-01	1.58938e+01
110	1	70	0	2	3	4.42514e-03	-6.15131e-01	1.64986e+01
110	1	71	0	2	3	4.39887e-03	-6.16427e-01	1.68800e+01
110	1	72	0	2	3	3.90998e-03	-5.76142e-01	1.53250e+01
110	1	73	0	2	3	4.17823e-03	-5.98730e-01	1.70579e+01
110	1	74	0	2	3	4.26857e-03	-6.00353e-01	1.48895e+01
110	1	75	0	2	3	4.32574e-03	-6.08754e-01	1.61426e+01
110	1	76	0	2	3	3.86641e-03	-5.70781e-01	1.50182e+01
110	1	77	0	2	3	4.06233e-03	-5.90579e-01	1.58611e+01
110	1	78	0	2	3	4.09421e-03	-5.92569e-01	1.47793e+01
110	1	79	0	2	3	4.11494e-03	-5.88706e-01	1.56550e+01
110	1	80	0	2	3	4.04733e-03	-5.79795e-01	1.50156e+01
110	1	81	0	2	3	3.96839e-03	-5.76309e-01	1.47677e+01
110	1	82	0	2	3	4.50717e-03	-6.19936e-01	1.66977e+01
110	1	83	0	2	3	4.38853e-03	-5.98176e-01	1.54005e+01
110	1	84	0	2	3	3.59036e-03	-5.39471e-01	1.37586e+01
110	1	85	0	2	3	3.78236e-03	-5.62202e-01	1.47881e+01
110	1	86	0	2	3	4.50724e-03	-6.19501e-01	1.64443e+01
110	1	87	0	2	3	4.31093e-03	-5.88554e-01	1.38521e+01
110	1	88	0	2	3	3.92783e-03	-5.77301e-01	1.54769e+01
110	1	89	0	2	3	4.24974e-03	-5.98447e-01	1.50682e+01
110	1	90	0	2	3	4.06901e-03	-5.89532e-01	1.48651e+01
110	1	91	0	2	3	4.22988e-03	-5.93450e-01	1.58424e+01
110	1	92	0	2	3	4.10394e-03	-5.82123e-01	1.50720e+01
110	1	93	0	2	3	3.69706e-03	-5.54398e-01	1.47783e+01
110	1	94	0	2	3	4.17100e-03	-6.02777e-01	1.63587e+01
110	1	95	0	2	3	4.36852e-03	-6.11873e-01	1.55784e+01
110	1	96	0	2	3	3.78924e-03	-5.62986e-01	1.44365e+01
110	1	97	0	2	3	3.80745e-03	-5.65049e-01	1.54286e+01
110	1	98	0	2	3	4.24317e-03	-6.19749e-01	1.69321e+01
110	1	99	0	2	3	4.14718e-03	-5.92781e-01	1.53063e+01
110	1	100	0	2	3	3.66080e-03	-5.47531e-01	1.46951e+01
110	1	101	0	2	3	3.64865e-03	-5.49596e-01	1.49801e+01
110	1	102	0	2	3	4.56978e-03	-6.34090e-01	1.62819e+01
110	1	103	0	2	3	4.58657e-03	-6.19173e-01	1.55720e+01
110	1	104	0	2	3	4.32979e-03	-6.03702e-01	1.56588e+01
110	1	105	0	2	3	3.91646e-03	-5.69801e-01	1.50975e+01
110	1	106	0	2	3	4.66289e-03	-6.34339e-01	1.70042e+01
110	1	107	0	2	3	5.00773e-03	-6.49029e-01	1.62495e+01
110	1	108	0	2	3	4.01278e-03	-5.82163e-01	1.60426e+01
110	1	109	0	2	3	3.24198e-03	-5.27155e-01	1.49633e+01
110	1	110	0	2	3	4.56244e-03	-6.29930e-01	1.62255e+01
110	1	111	0	2	3	3.77228e-03	-5.72719e-01	1.63238e+01
110	1	112	0	2	3	4.26617e-03	-6.01980e-01	1.54918e+01
110	1	113	0	2	3	3.74923e-03	-5.63551e-01	1.51619e+01
110	1	114	0	2	3	4.53405e-03	-6.23245e-01	1.55980e+01
110	1	115	0	2	3	4.90679e-03	-6.39242e-01	1.60430e+01
110	1	116	0	2	3	3.76420e-03	-5.74753e-01	1.53508e+01
110	1	117	0	2	3	3.32951e-03	-5.31089e-01	1.44714e+01
110	1	118	0	2	3	4.28649e-03	-6.05337e-01	1.48307e+01
110	1	119	0	2	3	4.33540e-03	-5.99320e-01	1.57398e+01
110	1	120	0	2	3	4.67248e-03	-6.28281e-01	1.57580e+01
110	1	121	0	2	3	5.07137e-03	-6.54227e-01	1.64053e+01
110	1	122	0	2	3	2.55159e-03	-4.84756e-01	1.46879e+01
110	1	123	0	2	3	4.57591e-03	-6.30950e-01	1.76230e+01
110	1	124	0	2	3	3.93804e-03	-5.74597e-01	1.45260e+01
110	1	125	0	2	3	3.88097e-03	-5.73638e-01	1.53958e+01
110	1	126	0	2	3	5.34729e-03	-6.75332e-01	1.68994e+01
110	1	127	0	2	3	3.44090e-03	-5.41261e-01	1.46609e+01
110	1	128	0	2	3	4.42232e-03	-6.31773e-01	1.68627e+01
110	1	129	0	2	3	4.62349e-03	-6.48719e-01	1.72088e+01
110	1	130	0	2	3	5.79010e-03	-7.28887e-01	1.76603e+01
110	1	131	0	2	3	3.33957e-03	-5.38525e-01	1.45899e+01
110	1	132	0	2	3	3.93632e-03	-5.99987e-01	1.65872e+01
110	1	133	0	2	3	5.20317e-03	-6.72062e-01	1.67882e+01
110	1	134	0	2	3	3.84958e-03	-5.98010e-01	1.64976e+01
110	1	135	0	2	3	4.69992e-03	-6.27680e-01	1.62525e+01
110	1	136	0	2	3	-4.96080e-03	7.03376e-02	4.29096e+00
110	1	137	0	2	3	2.69992e-03	-4.93099e-01	1.39776e+01
110	1	138	0	2	3	5.15831e-03	-6.59766e-01	1.65170e+01
110	1	139	0	2	3	3.79124e-03	-5.68952e-01	1.54546e+01
110	1	140	0	2	3	5.22106e-03	-6.91043e-01	1.74582e+01
110	1	141	0	2	3	3.70031e-03	-5.68748e-01	1.48227e+01
110	1	142	0	2	3	5.20915e-03	-6.53200e-01	1.58502e+01
110	1	143	0	2	3	8.84630e-03	-9.60708e-01	2.30952e+01
110	1	144	0	2	3	2.87686e-03	-5.02244e-01	1.48871e+01
110	1	145	0	2	3	5.48102e-03	-6.97532e-01	1.75735e+01
110	1	146	0	2	3	6.21234e-03	-7.24981e-01	1.73666e+01
110	1	147	0	2	3	5.96878e-03	-7.29139e-01	1.73059e+01
110	1	148	0	2	3	3.18243e-03	-5.58037e-01	1.49265e+01
110	1	149	0	2	3	6.31346e-03	-7.60733e-01	1.92703e+01
110	1	150	0	2	3	-1.85014e-02	1.06166e+00	-1.37995e+01
110	1	151	0	2	3	4.86938e-03	-6.58370e-01	1.69441e+01
110	1	152	0	2	3	-1.01302e-03	-2.11958e-01	9.37200e+00
110	1	153	0	2	3	-7.72990e-03	3.24301e-01	-1.11139e+00
110	1	154	0	2	3	8.01882e-03	-8.93609e-01	2.15361e+01
110	1	155	0	2	3	6.26212e-03	-7.51753e-01	1.72472e+01
110	1	156	0	2	3	-1.74386e-03	-1.93562e-01	9.26041e+00
110	1	157	0	2	3	1.15134e-03	-3.97428e-01	1.33926e+01
110	1	158	0	2	3	1.66056e-03	-4.37239e-01	1.38582e+01
110	1	159	0	2	3	5.71782e-03	-6.91879e-01	1.79320e+01
