##
#  file: HodoPHCParam_Dummy
#  date: 2016.06.15
#  note: first version
#
#
#######################################################################
# CId	PlId	Seg	UorD	Type	nParam	p0	p1	...
#
#	Type=0 no correction will be performed
#	Type=1 ct=t-p[0]/sqrt(a-p[1])+p[2]
#	Type=2 ct=p[0]*a*a + p[1]*a + p[2] for Fiber
#
#######################################################################
# BH1 Up                                                              #
#######################################################################
1	0	0	0	1	3	9.72882e+01	-2.42381e+01	1.93388e+01
1	0	1	0	1	3	8.39811e-01	2.30870e-01	9.07677e-01
1	0	2	0	1	3	7.96271e-01	2.02772e-01	8.76313e-01
1	0	3	0	1	3	1.24269e+00	-1.47574e-01	1.19840e+00
1	0	4	0	1	3	1.09931e+00	-7.72769e-02	1.08260e+00
1	0	5	0	1	3	1.05845e+00	1.40683e-01	1.18835e+00
1	0	6	0	1	3	1.24845e+00	-7.32092e-02	1.22011e+00
1	0	7	0	1	3	1.38494e+00	-1.69323e-01	1.29113e+00
1	0	8	0	1	3	1.12943e+00	-1.85789e-01	1.05048e+00
1	0	9	0	1	3	1.39270e+00	-1.82072e-01	1.30041e+00
1	0	10	0	1	3	1.71493e+02	-3.15885e+01	3.00372e+01
#######################################################################
# BH1 Down                                                            #
#######################################################################
1	0	0	1	1	3	1.69589e+00	-2.63702e-01	1.46458e+00
1	0	1	1	1	3	6.65147e-01	3.06785e-01	7.74182e-01
1	0	2	1	1	3	1.69164e+00	-4.50471e-01	1.36238e+00
1	0	3	1	1	3	7.14482e+01	-2.23619e+01	1.47724e+01
1	0	4	1	1	3	1.42431e+00	-1.84323e-01	1.31423e+00
1	0	5	1	1	3	1.48351e+00	-1.17877e-01	1.40777e+00
1	0	6	1	1	3	1.64799e+00	-3.01989e-01	1.48452e+00
1	0	7	1	1	3	1.48685e+00	-1.75507e-01	1.38619e+00
1	0	8	1	1	3	5.71792e-01	2.68423e-01	6.99614e-01
1	0	9	1	1	3	1.07020e+00	4.47097e-02	1.11772e+00
1	0	10	1	1	3	5.19525e-01	3.65790e-01	6.45791e-01
#######################################################################
# BH2 Up                                                              #
#######################################################################
2	0	0	0	1	3	-4.31170e+02	-8.56302e+01	-4.63660e+01
2	0	1	0	1	3	-1.76884e+02	-4.15866e+01	-2.71341e+01
2	0	2	0	1	3	-1.33111e+02	-3.52642e+01	-2.21371e+01
2	0	3	0	1	3	-4.48438e+02	-7.76050e+01	-5.06053e+01
2	0	4	0	1	3	-4.84802e+02	-8.45319e+01	-5.24584e+01
2	0	5	0	1	3	-4.24921e+02	-8.04286e+01	-4.70913e+01
2	0	6	0	1	3	-2.20020e+02	-4.97073e+01	-3.08620e+01
2	0	7	0	1	3	-2.66272e+02	-6.32346e+01	-3.31827e+01
#######################################################################
# BH2 Down                                                            #
#######################################################################
2	0	0	1	1	3	-4.31170e+02	-8.56302e+01	-4.63660e+01
2	0	1	1	1	3	-1.76884e+02	-4.15866e+01	-2.71341e+01
2	0	2	1	1	3	-1.33111e+02	-3.52642e+01	-2.21371e+01
2	0	3	1	1	3	-4.48438e+02	-7.76050e+01	-5.06053e+01
2	0	4	1	1	3	-4.84802e+02	-8.45319e+01	-5.24584e+01
2	0	5	1	1	3	-4.24921e+02	-8.04286e+01	-4.70913e+01
2	0	6	1	1	3	-2.20020e+02	-4.97073e+01	-3.08620e+01
2	0	7	1	1	3	-2.66272e+02	-6.32346e+01	-3.31827e+01
#######################################################################
# BAC                                                                 #
#######################################################################
3	0	0	0	1	3	0.00000e+00	0.00000e+00	0.00000e+00
3	0	1	0	1	3	0.00000e+00	0.00000e+00	0.00000e+00
#######################################################################
# FBH Up                                                              #
#######################################################################
4	0	0	0	2	3	-5.62952e-03	8.96903e-01	-3.53273e+01
4	0	1	0	2	3	-4.29399e-03	7.37975e-01	-3.00049e+01
4	0	2	0	2	3	-5.26894e-03	8.67305e-01	-3.38992e+01
4	0	3	0	2	3	-3.80183e-03	6.69237e-01	-2.72260e+01
4	0	4	0	2	3	-4.35014e-03	7.35785e-01	-2.92008e+01
4	0	5	0	2	3	-4.02541e-03	6.86907e-01	-2.70312e+01
4	0	6	0	2	3	-4.16660e-03	7.08229e-01	-2.81512e+01
4	0	7	0	2	3	-3.93117e-03	6.84759e-01	-2.69101e+01
4	0	8	0	2	3	-4.14423e-03	6.96902e-01	-2.65883e+01
4	0	9	0	2	3	-2.83372e-03	5.62925e-01	-2.20787e+01
4	0	10	0	2	3	-4.07944e-03	7.09420e-01	-2.75603e+01
4	0	11	0	2	3	-3.50961e-03	6.50113e-01	-2.64167e+01
4	0	12	0	2	3	-3.52415e-03	6.49734e-01	-2.67232e+01
4	0	13	0	2	3	-4.13420e-03	7.26957e-01	-2.99675e+01
4	0	14	0	2	3	-4.90315e-03	8.27563e-01	-3.35630e+01
4	0	15	0	2	3	-4.73048e-03	8.13189e-01	-3.31901e+01
#######################################################################
# FBH Down                                                            #
#######################################################################
4	0	0	1	2	3	-5.62952e-03	8.96903e-01	-3.53273e+01
4	0	1	1	2	3	-4.29399e-03	7.37975e-01	-3.00049e+01
4	0	2	1	2	3	-5.26894e-03	8.67305e-01	-3.38992e+01
4	0	3	1	2	3	-3.80183e-03	6.69237e-01	-2.72260e+01
4	0	4	1	2	3	-4.35014e-03	7.35785e-01	-2.92008e+01
4	0	5	1	2	3	-4.02541e-03	6.86907e-01	-2.70312e+01
4	0	6	1	2	3	-4.16660e-03	7.08229e-01	-2.81512e+01
4	0	7	1	2	3	-3.93117e-03	6.84759e-01	-2.69101e+01
4	0	8	1	2	3	-4.14423e-03	6.96902e-01	-2.65883e+01
4	0	9	1	2	3	-2.83372e-03	5.62925e-01	-2.20787e+01
4	0	10	1	2	3	-4.07944e-03	7.09420e-01	-2.75603e+01
4	0	11	1	2	3	-3.50961e-03	6.50113e-01	-2.64167e+01
4	0	12	1	2	3	-3.52415e-03	6.49734e-01	-2.67232e+01
4	0	13	1	2	3	-4.13420e-03	7.26957e-01	-2.99675e+01
4	0	14	1	2	3	-4.90315e-03	8.27563e-01	-3.35630e+01
4	0	15	1	2	3	-4.73048e-03	8.13189e-01	-3.31901e+01
#######################################################################
# PVAC                                                                #
#######################################################################
5	0	0	0	1	3	0.00000e+00	0.00000e+00	0.00000e+00
#######################################################################
# FAC                                                                 #
#######################################################################
6	0	0	0	1	3	0.00000e+00	0.00000e+00	0.00000e+00
#######################################################################
# SCH                                                                 #
#######################################################################
#7	0	0	0	2	3	-0.00500000	0.821213	-32.185321
#7	0	1	0	2	3	-0.00500000	0.830248	-32.269563
#7	0	2	0	2	3	-0.00500000	0.793073	-29.315934
#7	0	3	0	2	3	-0.00500000	0.772144	-28.276705
#7	0	4	0	2	3	-0.00500000	0.801968	-30.687167
#7	0	5	0	2	3	-0.00500000	0.778300	-28.439251
#7	0	6	0	2	3	-0.00500000	0.765872	-27.918181
#7	0	7	0	2	3	-0.00500000	0.738459	-26.016797
#7	0	8	0	2	3	-0.00500000	0.778318	-28.676371
#7	0	9	0	2	3	-0.00500000	0.776670	-28.892887
#7	0	10	0	2	3	-0.00500000	0.764278	-28.122474
#7	0	11	0	2	3	-0.00500000	0.790742	-29.423647
#7	0	12	0	2	3	-0.00500000	0.811330	-30.487019
#7	0	13	0	2	3	-0.00500000	0.818750	-30.891512
#7	0	14	0	2	3	-0.00500000	0.802541	-30.009136
#7	0	15	0	2	3	-0.00500000	0.809525	-30.751746
#7	0	16	0	2	3	-0.00500000	0.802597	-30.845509
#7	0	17	0	2	3	-0.00500000	0.835028	-32.780792
#7	0	18	0	2	3	-0.00500000	0.859176	-33.938731
#7	0	19	0	2	3	-0.00500000	0.814851	-31.445396
#7	0	20	0	2	3	-0.00500000	0.809426	-30.781087
#7	0	21	0	2	3	-0.00500000	0.780678	-28.888756
#7	0	22	0	2	3	-0.00500000	0.808206	-30.719604
#7	0	23	0	2	3	-0.00500000	0.774024	-27.858339
#7	0	24	0	2	3	-0.00500000	0.794308	-29.022101
#7	0	25	0	2	3	-0.00500000	0.775649	-27.980186
#7	0	26	0	2	3	-0.00500000	0.788483	-28.687567
#7	0	27	0	2	3	-0.00466315	0.771386	-29.253260
#7	0	28	0	2	3	-0.00483132	0.790854	-28.637741
#7	0	29	0	2	3	-0.00497049	0.812994	-30.786914
#7	0	30	0	2	3	-0.00500000	0.787793	-28.362716
#7	0	31	0	2	3	-0.00500000	0.790759	-28.876812
#7	0	32	0	2	3	-0.00500000	0.824826	-31.655285
#7	0	33	0	2	3	-0.00500000	0.845304	-33.407765
#7	0	34	0	2	3	-0.00500000	0.832263	-32.939799
#7	0	35	0	2	3	-0.00500000	0.820631	-31.695372
#7	0	36	0	2	3	-0.00500000	0.836997	-33.200590
#7	0	37	0	2	3	-0.00500000	0.819690	-32.097193
#7	0	38	0	2	3	-0.00500000	0.808109	-31.263214
#7	0	39	0	2	3	-0.00500000	0.815224	-31.135523
#7	0	40	0	2	3	-0.00500000	0.803398	-29.897923
#7	0	41	0	2	3	-0.00500000	0.815685	-31.165519
#7	0	42	0	2	3	-0.00500000	0.812980	-30.737261
#7	0	43	0	2	3	-0.00500000	0.829418	-32.693307
#7	0	44	0	2	3	-0.00500000	0.789530	-29.464920
#7	0	45	0	2	3	-0.00500000	0.804789	-31.208151
#7	0	46	0	2	3	-0.00500000	0.830106	-32.806514
#7	0	47	0	2	3	-0.00500000	0.819206	-31.373242
#7	0	48	0	2	3	-0.00500000	0.816165	-31.709319
#7	0	49	0	2	3	-0.00500000	0.798496	-30.201709
#7	0	50	0	2	3	-0.00500000	0.812167	-31.795745
#7	0	51	0	2	3	-0.00500000	0.810749	-31.375226
#7	0	52	0	2	3	-0.00500000	0.803385	-31.372512
#7	0	53	0	2	3	-0.00500000	0.777405	-29.262831
#7	0	54	0	2	3	-0.00500000	0.783954	-29.763410
#7	0	55	0	2	3	-0.00500000	0.789443	-29.976449
#7	0	56	0	2	3	-0.00500000	0.838828	-33.261086
#7	0	57	0	2	3	-0.00500000	0.804421	-30.573195
#7	0	58	0	2	3	-0.00500000	0.773283	-29.111048
#7	0	59	0	2	3	-0.00500000	0.811789	-31.449459
#7	0	60	0	2	3	-0.00500000	0.759724	-28.110014
#7	0	61	0	2	3	-0.00500000	0.810884	-31.379063
#7	0	62	0	2	3	-0.00500000	0.771910	-28.435006
#7	0	63	0	2	3	-0.00500000	0.796658	-30.511906
#######################################################################
# TOF Up                                                              #
#######################################################################
7	0	0	0	1	3	5.24830e+00	-1.96630e+00	2.96170e+00
7	0	1	0	1	3	5.24830e+00	-1.96630e+00	2.96170e+00
7	0	2	0	1	3	5.24830e+00	-1.96630e+00	2.96170e+00
7	0	3	0	1	3	5.24830e+00	-1.96630e+00	2.96170e+00
7	0	4	0	1	3	5.24830e+00	-1.96630e+00	2.96170e+00
7	0	5	0	1	3	5.24830e+00	-1.96630e+00	2.96170e+00
7	0	6	0	1	3	6.97090e+00	-3.03520e+00	3.39910e+00
7	0	7	0	1	3	4.05450e+00	-1.96150e+00	2.30360e+00
7	0	8	0	1	3	1.16940e+02	-2.98600e+01	2.09880e+01
7	0	9	0	1	3	5.24830e+00	-1.96630e+00	2.96170e+00
7	0	10	0	1	3	5.24830e+00	-1.96630e+00	2.96170e+00
7	0	11	0	1	3	5.24830e+00	-1.96630e+00	2.96170e+00
7	0	12	0	1	3	5.24830e+00	-1.96630e+00	2.96170e+00
7	0	13	0	1	3	5.24830e+00	-1.96630e+00	2.96170e+00
7	0	14	0	1	3	5.24830e+00	-1.96630e+00	2.96170e+00
7	0	15	0	1	3	5.24830e+00	-1.96630e+00	2.96170e+00
7	0	16	0	1	3	5.24830e+00	-1.96630e+00	2.96170e+00
7	0	17	0	1	3	5.24830e+00	-1.96630e+00	2.96170e+00
7	0	18	0	1	3	5.24830e+00	-1.96630e+00	2.96170e+00
7	0	19	0	1	3	7.11491e-01	1.85180e-03	5.82402e-01
7	0	20	0	1	3	5.59404e-01	-1.73810e-03	4.50716e-01
7	0	21	0	1	3	8.92499e-01	1.99900e-03	7.37364e-01
7	0	22	0	1	3	6.37553e-01	1.99960e-03	5.45449e-01
7	0	23	0	1	3	1.19210e+00	1.98920e-03	9.99994e-01
#######################################################################
# TOF Down                                                            #
#######################################################################
7	0	0	1	1	3	5.84300e+00	-2.30730e+00	3.11320e+00
7	0	1	1	1	3	5.84300e+00	-2.30730e+00	3.11320e+00
7	0	2	1	1	3	5.84300e+00	-2.30730e+00	3.11320e+00
7	0	3	1	1	3	5.84300e+00	-2.30730e+00	3.11320e+00
7	0	4	1	1	3	5.84300e+00	-2.30730e+00	3.11320e+00
7	0	5	1	1	3	5.84300e+00	-2.30730e+00	3.11320e+00
7	0	6	1	1	3	1.41330e+01	-5.81170e+00	5.32680e+00
7	0	7	1	1	3	7.84850e+01	-2.02870e+01	1.69500e+01
7	0	8	1	1	3	2.20240e+02	-3.62440e+01	3.60080e+01
7	0	9	1	1	3	5.84300e+00	-2.30730e+00	3.11320e+00
7	0	10	1	1	3	5.84300e+00	-2.30730e+00	3.11320e+00
7	0	11	1	1	3	5.84300e+00	-2.30730e+00	3.11320e+00
7	0	12	1	1	3	5.84300e+00	-2.30730e+00	3.11320e+00
7	0	13	1	1	3	5.84300e+00	-2.30730e+00	3.11320e+00
7	0	14	1	1	3	5.84300e+00	-2.30730e+00	3.11320e+00
7	0	15	1	1	3	5.84300e+00	-2.30730e+00	3.11320e+00
7	0	16	1	1	3	5.84300e+00	-2.30730e+00	3.11320e+00
7	0	17	1	1	3	5.84300e+00	-2.30730e+00	3.11320e+00
7	0	18	1	1	3	5.84300e+00	-2.30730e+00	3.11320e+00
7	0	19	1	1	3	6.18741e-01	1.99860e-03	4.90831e-01
7	0	20	1	1	3	5.75901e-01	1.04210e-03	4.72509e-01
7	0	21	1	1	3	9.41046e-01	1.99890e-03	7.79357e-01
7	0	22	1	1	3	4.84266e-01	-1.95590e-03	3.99786e-01
7	0	23	1	1	3	8.97714e-01	1.99860e-03	7.56300e-01
#######################################################################
# BFT U                                                               #
#######################################################################
110	0	0	0	2	3	-5.27352e-03	1.82403e-01	1.41735e+00
110	0	1	0	2	3	2.63732e-03	-3.75064e-01	1.20615e+01
110	0	2	0	2	3	7.07397e-04	-3.15357e-01	1.17680e+01
110	0	3	0	2	3	-1.18531e-04	-2.52818e-01	9.76082e+00
110	0	4	0	2	3	-2.42820e-03	-8.69059e-02	8.16632e+00
110	0	5	0	2	3	9.52266e-04	-3.10717e-01	1.12327e+01
110	0	6	0	2	3	3.93794e-03	-5.71121e-01	1.65369e+01
110	0	7	0	2	3	2.84930e-03	-4.81050e-01	1.46879e+01
110	0	8	0	2	3	4.41738e-03	-6.03648e-01	1.73865e+01
110	0	9	0	2	3	-7.31420e-04	-2.09182e-01	1.04755e+01
110	0	10	0	2	3	2.38054e-03	-4.48903e-01	1.36673e+01
110	0	11	0	2	3	4.20422e-03	-5.69712e-01	1.59311e+01
110	0	12	0	2	3	2.63952e-03	-4.75315e-01	1.35212e+01
110	0	13	0	2	3	3.97259e-03	-5.87049e-01	1.79345e+01
110	0	14	0	2	3	4.98665e-03	-6.50383e-01	1.75886e+01
110	0	15	0	2	3	-1.06793e-02	5.24059e-01	-3.04946e+00
110	0	16	0	2	3	3.91566e-03	-5.61183e-01	1.46924e+01
110	0	17	0	2	3	3.12953e-03	-4.99013e-01	1.53336e+01
110	0	18	0	2	3	5.32113e-03	-6.66977e-01	1.75479e+01
110	0	19	0	2	3	3.88143e-03	-5.67415e-01	1.47738e+01
110	0	20	0	2	3	3.27874e-03	-5.30716e-01	1.49326e+01
110	0	21	0	2	3	3.33101e-03	-5.13840e-01	1.58830e+01
110	0	22	0	2	3	3.87080e-03	-5.57180e-01	1.59063e+01
110	0	23	0	2	3	4.33359e-03	-5.96382e-01	1.73174e+01
110	0	24	0	2	3	3.27762e-03	-5.12627e-01	1.45648e+01
110	0	25	0	2	3	4.32504e-03	-5.85567e-01	1.64463e+01
110	0	26	0	2	3	4.00482e-03	-5.80298e-01	1.66438e+01
110	0	27	0	2	3	4.21365e-03	-5.79043e-01	1.57592e+01
110	0	28	0	2	3	3.65983e-03	-5.45363e-01	1.44013e+01
110	0	29	0	2	3	3.97388e-03	-5.59888e-01	1.59890e+01
110	0	30	0	2	3	4.04196e-03	-5.81229e-01	1.64518e+01
110	0	31	0	2	3	4.42238e-03	-5.98175e-01	1.72129e+01
110	0	32	0	2	3	4.01976e-03	-5.83429e-01	1.68589e+01
110	0	33	0	2	3	4.44840e-03	-5.76154e-01	1.39083e+01
110	0	34	0	2	3	4.31018e-03	-5.97068e-01	1.67505e+01
110	0	35	0	2	3	3.98587e-03	-5.78294e-01	1.69816e+01
110	0	36	0	2	3	3.39998e-03	-5.29155e-01	1.44736e+01
110	0	37	0	2	3	3.70449e-03	-5.50381e-01	1.63103e+01
110	0	38	0	2	3	4.66243e-03	-6.14293e-01	1.63527e+01
110	0	39	0	2	3	4.88708e-03	-6.30260e-01	1.74023e+01
110	0	40	0	2	3	3.77642e-03	-5.51122e-01	1.46627e+01
110	0	41	0	2	3	4.35637e-03	-5.92727e-01	1.68824e+01
110	0	42	0	2	3	4.35623e-03	-5.93885e-01	1.59926e+01
110	0	43	0	2	3	4.09152e-03	-5.86721e-01	1.75158e+01
110	0	44	0	2	3	3.73525e-03	-5.59968e-01	1.51259e+01
110	0	45	0	2	3	3.72381e-03	-5.45381e-01	1.65815e+01
110	0	46	0	2	3	3.80374e-03	-5.70122e-01	1.64917e+01
110	0	47	0	2	3	5.15476e-03	-6.66354e-01	1.90404e+01
110	0	48	0	2	3	3.92349e-03	-5.60864e-01	1.49454e+01
110	0	49	0	2	3	4.97010e-03	-6.39919e-01	1.77973e+01
110	0	50	0	2	3	4.09124e-03	-5.77574e-01	1.66749e+01
110	0	51	0	2	3	3.94344e-03	-5.64017e-01	1.62616e+01
110	0	52	0	2	3	3.87952e-03	-5.58285e-01	1.54758e+01
110	0	53	0	2	3	3.86837e-03	-5.56982e-01	1.60365e+01
110	0	54	0	2	3	4.37741e-03	-5.98598e-01	1.66772e+01
110	0	55	0	2	3	4.62047e-03	-6.16141e-01	1.71735e+01
110	0	56	0	2	3	4.03106e-03	-5.81422e-01	1.63809e+01
110	0	57	0	2	3	3.99302e-03	-5.66854e-01	1.68954e+01
110	0	58	0	2	3	3.99239e-03	-5.77867e-01	1.65061e+01
110	0	59	0	2	3	3.80043e-03	-5.68791e-01	1.73312e+01
110	0	60	0	2	3	4.13591e-03	-5.87709e-01	1.52116e+01
110	0	61	0	2	3	3.67188e-03	-5.43562e-01	1.61912e+01
110	0	62	0	2	3	4.75406e-03	-6.28287e-01	1.71885e+01
110	0	63	0	2	3	4.07147e-03	-5.75315e-01	1.56762e+01
110	0	64	0	2	3	3.85162e-03	-5.68470e-01	1.65198e+01
110	0	65	0	2	3	4.12570e-03	-5.81839e-01	1.68783e+01
110	0	66	0	2	3	4.89050e-03	-6.54018e-01	1.83180e+01
110	0	67	0	2	3	3.58379e-03	-5.46207e-01	1.54925e+01
110	0	68	0	2	3	3.71296e-03	-5.68964e-01	1.61579e+01
110	0	69	0	2	3	4.37834e-03	-5.97999e-01	1.67254e+01
110	0	70	0	2	3	4.48428e-03	-6.27156e-01	1.71502e+01
110	0	71	0	2	3	4.26814e-03	-5.96542e-01	1.71436e+01
110	0	72	0	2	3	3.91068e-03	-5.79961e-01	1.61957e+01
110	0	73	0	2	3	4.16130e-03	-5.90350e-01	1.64577e+01
110	0	74	0	2	3	4.45290e-03	-6.23936e-01	1.70450e+01
110	0	75	0	2	3	4.74266e-03	-6.24832e-01	1.72391e+01
110	0	76	0	2	3	3.45880e-03	-5.39033e-01	1.54963e+01
110	0	77	0	2	3	3.64114e-03	-5.48396e-01	1.62973e+01
110	0	78	0	2	3	4.22440e-03	-6.03454e-01	1.70024e+01
110	0	79	0	2	3	4.05567e-03	-5.79136e-01	1.65032e+01
110	0	80	0	2	3	4.22437e-03	-5.96324e-01	1.66361e+01
110	0	81	0	2	3	3.94442e-03	-5.63395e-01	1.62108e+01
110	0	82	0	2	3	4.72270e-03	-6.27555e-01	1.76735e+01
110	0	83	0	2	3	4.62541e-03	-6.22713e-01	1.72020e+01
110	0	84	0	2	3	3.06489e-03	-5.07822e-01	1.54678e+01
110	0	85	0	2	3	4.03640e-03	-5.73993e-01	1.67718e+01
110	0	86	0	2	3	4.44875e-03	-6.23508e-01	1.74537e+01
110	0	87	0	2	3	4.23721e-03	-6.02674e-01	1.76761e+01
110	0	88	0	2	3	3.90678e-03	-5.65166e-01	1.58577e+01
110	0	89	0	2	3	4.09254e-03	-5.82971e-01	1.65869e+01
110	0	90	0	2	3	4.37344e-03	-6.08829e-01	1.68790e+01
110	0	91	0	2	3	4.42496e-03	-6.12164e-01	1.66701e+01
110	0	92	0	2	3	3.63833e-03	-5.65651e-01	1.70594e+01
110	0	93	0	2	3	3.72969e-03	-5.54815e-01	1.58479e+01
110	0	94	0	2	3	4.48786e-03	-6.38479e-01	1.84158e+01
110	0	95	0	2	3	3.95436e-03	-5.78311e-01	1.69468e+01
110	0	96	0	2	3	3.30446e-03	-5.39030e-01	1.61959e+01
110	0	97	0	2	3	4.39952e-03	-6.00492e-01	1.73581e+01
110	0	98	0	2	3	4.43055e-03	-6.26320e-01	1.78135e+01
110	0	99	0	2	3	3.99810e-03	-5.72575e-01	1.55947e+01
110	0	100	0	2	3	3.91925e-03	-5.79806e-01	1.64817e+01
110	0	101	0	2	3	3.53851e-03	-5.42966e-01	1.63527e+01
110	0	102	0	2	3	4.67174e-03	-6.35785e-01	1.76880e+01
110	0	103	0	2	3	4.71853e-03	-6.30388e-01	1.74750e+01
110	0	104	0	2	3	4.01413e-03	-5.85329e-01	1.66693e+01
110	0	105	0	2	3	3.52555e-03	-5.44405e-01	1.59337e+01
110	0	106	0	2	3	4.92566e-03	-6.51820e-01	1.79038e+01
110	0	107	0	2	3	4.34896e-03	-6.00828e-01	1.63886e+01
110	0	108	0	2	3	4.08379e-03	-5.93322e-01	1.67166e+01
110	0	109	0	2	3	4.40686e-03	-6.05640e-01	1.68667e+01
110	0	110	0	2	3	4.05791e-03	-5.93965e-01	1.67867e+01
110	0	111	0	2	3	5.43260e-03	-6.90849e-01	1.85780e+01
110	0	112	0	2	3	4.31044e-03	-5.95098e-01	1.63415e+01
110	0	113	0	2	3	4.45847e-03	-6.11355e-01	1.70363e+01
110	0	114	0	2	3	4.20418e-03	-6.00544e-01	1.69735e+01
110	0	115	0	2	3	5.09370e-03	-6.57083e-01	1.78324e+01
110	0	116	0	2	3	3.59272e-03	-5.53584e-01	1.65860e+01
110	0	117	0	2	3	4.18757e-03	-5.87345e-01	1.64946e+01
110	0	118	0	2	3	4.35409e-03	-6.17050e-01	1.75344e+01
110	0	119	0	2	3	4.65965e-03	-6.13575e-01	1.59922e+01
110	0	120	0	2	3	3.98244e-03	-5.90850e-01	1.74851e+01
110	0	121	0	2	3	4.38933e-03	-5.91157e-01	1.50735e+01
110	0	122	0	2	3	4.99500e-03	-6.63994e-01	1.89737e+01
110	0	123	0	2	3	4.55276e-03	-6.13061e-01	1.72695e+01
110	0	124	0	2	3	4.82586e-03	-6.41387e-01	1.78952e+01
110	0	125	0	2	3	4.49162e-03	-5.83621e-01	1.41594e+01
110	0	126	0	2	3	4.25093e-03	-5.90646e-01	1.61677e+01
110	0	127	0	2	3	3.85753e-03	-5.66528e-01	1.62763e+01
110	0	128	0	2	3	3.85453e-03	-6.04202e-01	1.80225e+01
110	0	129	0	2	3	2.66425e-03	-5.03215e-01	1.57209e+01
110	0	130	0	2	3	3.35542e-03	-5.64806e-01	1.82635e+01
110	0	131	0	2	3	3.89214e-03	-5.74850e-01	1.68712e+01
110	0	132	0	2	3	2.62958e-03	-5.03029e-01	1.64158e+01
110	0	133	0	2	3	3.64902e-03	-5.60736e-01	1.67809e+01
110	0	134	0	2	3	3.68013e-03	-5.88016e-01	1.74822e+01
110	0	135	0	2	3	1.81201e-03	-4.38204e-01	1.50295e+01
110	0	136	0	2	3	2.91112e-03	-5.04859e-01	1.49654e+01
110	0	137	0	2	3	3.79682e-03	-5.87119e-01	1.77948e+01
110	0	138	0	2	3	2.19544e-03	-4.71008e-01	1.55293e+01
110	0	139	0	2	3	3.66678e-03	-5.74023e-01	1.69552e+01
110	0	140	0	2	3	3.13125e-03	-5.45136e-01	1.72147e+01
110	0	141	0	2	3	4.30831e-03	-6.18473e-01	1.70376e+01
110	0	142	0	2	3	-7.30779e-03	2.53853e-01	2.44273e+00
110	0	143	0	2	3	4.06930e-03	-5.94295e-01	1.67876e+01
110	0	144	0	2	3	4.77461e-03	-6.54922e-01	1.85225e+01
110	0	145	0	2	3	4.22030e-03	-5.92697e-01	1.69523e+01
110	0	146	0	2	3	2.45105e-03	-4.89887e-01	1.54482e+01
110	0	147	0	2	3	3.70639e-03	-5.65897e-01	1.59236e+01
110	0	148	0	2	3	2.68619e-03	-4.92628e-01	1.56542e+01
110	0	149	0	2	3	3.44124e-03	-5.46531e-01	1.64163e+01
110	0	150	0	2	3	3.12623e-03	-5.27496e-01	1.61450e+01
110	0	151	0	2	3	3.88830e-03	-5.84379e-01	1.70106e+01
110	0	152	0	2	3	3.27804e-03	-5.43088e-01	1.69003e+01
110	0	153	0	2	3	3.41126e-03	-5.62929e-01	1.71202e+01
110	0	154	0	2	3	3.23880e-03	-5.41425e-01	1.57784e+01
110	0	155	0	2	3	2.96223e-03	-5.12098e-01	1.50416e+01
110	0	156	0	2	3	2.77345e-03	-5.01858e-01	1.66110e+01
110	0	157	0	2	3	-3.24578e-03	-5.60754e-02	7.70306e+00
110	0	158	0	2	3	3.56546e-03	-5.45180e-01	1.65613e+01
110	0	159	0	2	3	5.52203e-03	-6.84504e-01	1.89578e+01
#######################################################################
# BFT D                                                               #
#######################################################################
110	1	0	0	2	3	-1.62545e-02	8.15360e-01	-5.10148e+00
110	1	1	0	2	3	-1.00341e-02	3.75877e-01	2.23057e+00
110	1	2	0	2	3	-2.35851e-02	1.40814e+00	-1.81742e+01
110	1	3	0	2	3	-2.56041e-03	-9.78745e-02	9.12665e+00
110	1	4	0	2	3	2.94930e-03	-4.85784e-01	1.48138e+01
110	1	5	0	2	3	2.92229e-03	-5.12057e-01	1.69558e+01
110	1	6	0	2	3	1.65384e-03	-4.21096e-01	1.41619e+01
110	1	7	0	2	3	2.71030e-03	-4.68192e-01	1.51048e+01
110	1	8	0	2	3	-1.25460e-03	-1.97925e-01	1.04492e+01
110	1	9	0	2	3	4.46102e-03	-6.26124e-01	1.89848e+01
110	1	10	0	2	3	2.30588e-03	-4.70336e-01	1.42679e+01
110	1	11	0	2	3	5.80159e-03	-7.15330e-01	1.97811e+01
110	1	12	0	2	3	4.33641e-03	-6.06889e-01	1.68028e+01
110	1	13	0	2	3	2.85914e-03	-4.83771e-01	1.50446e+01
110	1	14	0	2	3	3.34016e-03	-5.47422e-01	1.57517e+01
110	1	15	0	2	3	4.14339e-03	-5.97659e-01	1.73670e+01
110	1	16	0	2	3	4.23506e-03	-5.95319e-01	1.66279e+01
110	1	17	0	2	3	3.62409e-03	-5.44592e-01	1.63975e+01
110	1	18	0	2	3	3.64353e-03	-5.63146e-01	1.56250e+01
110	1	19	0	2	3	3.41355e-03	-5.39128e-01	1.68034e+01
110	1	20	0	2	3	3.25675e-03	-5.33010e-01	1.58464e+01
110	1	21	0	2	3	3.62242e-03	-5.54515e-01	1.70261e+01
110	1	22	0	2	3	3.18864e-03	-5.24248e-01	1.53698e+01
110	1	23	0	2	3	4.00993e-03	-5.70365e-01	1.63689e+01
110	1	24	0	2	3	3.78776e-03	-5.69701e-01	1.71375e+01
110	1	25	0	2	3	3.24714e-03	-5.24482e-01	1.58182e+01
110	1	26	0	2	3	4.49335e-03	-6.16106e-01	1.67217e+01
110	1	27	0	2	3	2.69524e-03	-4.78563e-01	1.56230e+01
110	1	28	0	2	3	4.00526e-03	-5.87976e-01	1.63911e+01
110	1	29	0	2	3	2.36743e-03	-4.56963e-01	1.47248e+01
110	1	30	0	2	3	4.98653e-03	-6.52445e-01	1.77103e+01
110	1	31	0	2	3	4.48070e-03	-6.18771e-01	1.78325e+01
110	1	32	0	2	3	4.57270e-03	-6.33724e-01	1.88277e+01
110	1	33	0	2	3	3.36224e-03	-5.36398e-01	1.51385e+01
110	1	34	0	2	3	3.81031e-03	-5.64123e-01	1.57119e+01
110	1	35	0	2	3	3.15743e-03	-5.24861e-01	1.71314e+01
110	1	36	0	2	3	4.74916e-03	-6.32765e-01	1.71613e+01
110	1	37	0	2	3	3.84850e-03	-5.60169e-01	1.56768e+01
110	1	38	0	2	3	3.75672e-03	-5.65029e-01	1.62040e+01
110	1	39	0	2	3	3.70961e-03	-5.50990e-01	1.65262e+01
110	1	40	0	2	3	3.53986e-03	-5.42056e-01	1.54063e+01
110	1	41	0	2	3	3.80826e-03	-5.60181e-01	1.61717e+01
110	1	42	0	2	3	4.01387e-03	-5.71718e-01	1.53727e+01
110	1	43	0	2	3	3.93653e-03	-5.69667e-01	1.70849e+01
110	1	44	0	2	3	3.87109e-03	-5.73437e-01	1.61394e+01
110	1	45	0	2	3	4.17276e-03	-5.92027e-01	1.70337e+01
110	1	46	0	2	3	3.99789e-03	-5.85091e-01	1.63356e+01
110	1	47	0	2	3	4.82336e-03	-6.56397e-01	1.91277e+01
110	1	48	0	2	3	3.66332e-03	-5.55182e-01	1.64954e+01
110	1	49	0	2	3	3.79022e-03	-5.57299e-01	1.65794e+01
110	1	50	0	2	3	4.09150e-03	-5.88867e-01	1.60761e+01
110	1	51	0	2	3	3.65773e-03	-5.55799e-01	1.73395e+01
110	1	52	0	2	3	4.04486e-03	-5.94558e-01	1.64992e+01
110	1	53	0	2	3	3.80532e-03	-5.63035e-01	1.66972e+01
110	1	54	0	2	3	4.23731e-03	-6.06871e-01	1.76604e+01
110	1	55	0	2	3	4.03657e-03	-5.83653e-01	1.69427e+01
110	1	56	0	2	3	4.03800e-03	-5.98782e-01	1.66747e+01
110	1	57	0	2	3	3.69326e-03	-5.56494e-01	1.71410e+01
110	1	58	0	2	3	4.46038e-03	-6.30752e-01	1.91627e+01
110	1	59	0	2	3	3.99429e-03	-5.89046e-01	1.80522e+01
110	1	60	0	2	3	3.75624e-03	-5.69853e-01	1.68671e+01
110	1	61	0	2	3	3.63847e-03	-5.42399e-01	1.64150e+01
110	1	62	0	2	3	3.54647e-03	-5.48782e-01	1.54177e+01
110	1	63	0	2	3	3.60269e-03	-5.55790e-01	1.65548e+01
110	1	64	0	2	3	3.90638e-03	-5.78543e-01	1.73180e+01
110	1	65	0	2	3	3.99413e-03	-5.80292e-01	1.62284e+01
110	1	66	0	2	3	4.66010e-03	-6.40216e-01	1.71707e+01
110	1	67	0	2	3	4.57402e-03	-6.25636e-01	1.71646e+01
110	1	68	0	2	3	3.64167e-03	-5.47351e-01	1.50962e+01
110	1	69	0	2	3	3.91647e-03	-5.73647e-01	1.62007e+01
110	1	70	0	2	3	4.47110e-03	-6.19852e-01	1.69061e+01
110	1	71	0	2	3	4.12780e-03	-5.98301e-01	1.69338e+01
110	1	72	0	2	3	3.91356e-03	-5.76996e-01	1.66676e+01
110	1	73	0	2	3	3.74162e-03	-5.65459e-01	1.67875e+01
110	1	74	0	2	3	4.18202e-03	-5.93101e-01	1.60821e+01
110	1	75	0	2	3	4.44742e-03	-6.19747e-01	1.67386e+01
110	1	76	0	2	3	3.59774e-03	-5.48396e-01	1.59069e+01
110	1	77	0	2	3	3.95992e-03	-5.81986e-01	1.70619e+01
110	1	78	0	2	3	4.22752e-03	-6.00855e-01	1.62583e+01
110	1	79	0	2	3	4.19066e-03	-5.97480e-01	1.62631e+01
110	1	80	0	2	3	3.83979e-03	-5.67904e-01	1.62252e+01
110	1	81	0	2	3	3.65351e-03	-5.53388e-01	1.57628e+01
110	1	82	0	2	3	4.34306e-03	-6.06741e-01	1.78603e+01
110	1	83	0	2	3	3.99549e-03	-5.67737e-01	1.52382e+01
110	1	84	0	2	3	3.75966e-03	-5.49544e-01	1.52971e+01
110	1	85	0	2	3	3.64164e-03	-5.52394e-01	1.60349e+01
110	1	86	0	2	3	4.00392e-03	-5.85291e-01	1.63125e+01
110	1	87	0	2	3	4.33340e-03	-5.98202e-01	1.55935e+01
110	1	88	0	2	3	4.21100e-03	-6.00969e-01	1.73986e+01
110	1	89	0	2	3	3.92061e-03	-5.80535e-01	1.63120e+01
110	1	90	0	2	3	4.08238e-03	-5.90689e-01	1.63212e+01
110	1	91	0	2	3	4.30381e-03	-5.98973e-01	1.64188e+01
110	1	92	0	2	3	3.48183e-03	-5.38562e-01	1.57860e+01
110	1	93	0	2	3	3.81082e-03	-5.65395e-01	1.55240e+01
110	1	94	0	2	3	4.12173e-03	-5.96034e-01	1.66242e+01
110	1	95	0	2	3	3.97868e-03	-5.81974e-01	1.65111e+01
110	1	96	0	2	3	3.37993e-03	-5.33942e-01	1.54183e+01
110	1	97	0	2	3	3.85029e-03	-5.66313e-01	1.59352e+01
110	1	98	0	2	3	4.50007e-03	-6.38633e-01	1.77864e+01
110	1	99	0	2	3	4.48921e-03	-6.12030e-01	1.70576e+01
110	1	100	0	2	3	3.29902e-03	-5.17672e-01	1.46330e+01
110	1	101	0	2	3	3.52272e-03	-5.44277e-01	1.54803e+01
110	1	102	0	2	3	4.67182e-03	-6.39359e-01	1.78512e+01
110	1	103	0	2	3	4.32387e-03	-6.04129e-01	1.69273e+01
110	1	104	0	2	3	3.45595e-03	-5.43238e-01	1.61859e+01
110	1	105	0	2	3	3.92209e-03	-5.74955e-01	1.58259e+01
110	1	106	0	2	3	4.19617e-03	-6.00810e-01	1.69508e+01
110	1	107	0	2	3	4.71120e-03	-6.29103e-01	1.64673e+01
110	1	108	0	2	3	3.86723e-03	-5.74202e-01	1.65027e+01
110	1	109	0	2	3	3.48240e-03	-5.44395e-01	1.58701e+01
110	1	110	0	2	3	4.57791e-03	-6.27275e-01	1.76417e+01
110	1	111	0	2	3	3.98189e-03	-5.91466e-01	1.73324e+01
110	1	112	0	2	3	3.13732e-03	-5.19792e-01	1.55837e+01
110	1	113	0	2	3	3.87783e-03	-5.68944e-01	1.67904e+01
110	1	114	0	2	3	4.02978e-03	-5.85968e-01	1.65234e+01
110	1	115	0	2	3	4.42160e-03	-6.10331e-01	1.72418e+01
110	1	116	0	2	3	4.07030e-03	-5.85283e-01	1.68806e+01
110	1	117	0	2	3	3.97092e-03	-5.75721e-01	1.58228e+01
110	1	118	0	2	3	4.64384e-03	-6.20557e-01	1.55283e+01
110	1	119	0	2	3	3.75230e-03	-5.58325e-01	1.56184e+01
110	1	120	0	2	3	3.46383e-03	-5.48118e-01	1.61226e+01
110	1	121	0	2	3	3.39980e-03	-5.41967e-01	1.62577e+01
110	1	122	0	2	3	2.91420e-03	-5.12529e-01	1.68523e+01
110	1	123	0	2	3	3.94854e-03	-5.87425e-01	1.76028e+01
110	1	124	0	2	3	4.88322e-03	-6.43367e-01	1.73958e+01
110	1	125	0	2	3	3.77383e-03	-5.71966e-01	1.61450e+01
110	1	126	0	2	3	3.56119e-03	-5.53201e-01	1.55237e+01
110	1	127	0	2	3	3.56660e-03	-5.50206e-01	1.54587e+01
110	1	128	0	2	3	2.55294e-03	-5.06872e-01	1.65204e+01
110	1	129	0	2	3	3.78935e-03	-5.93187e-01	1.80040e+01
110	1	130	0	2	3	3.70751e-03	-5.79318e-01	1.66873e+01
110	1	131	0	2	3	3.83052e-03	-5.73244e-01	1.68656e+01
110	1	132	0	2	3	3.76494e-03	-5.82689e-01	1.77872e+01
110	1	133	0	2	3	3.86469e-03	-5.82208e-01	1.69629e+01
110	1	134	0	2	3	4.24768e-03	-6.24311e-01	1.75709e+01
110	1	135	0	2	3	4.29772e-03	-6.09566e-01	1.67770e+01
110	1	136	0	2	3	3.56669e-03	-5.71964e-01	1.78951e+01
110	1	137	0	2	3	4.93760e-03	-6.53813e-01	1.74895e+01
110	1	138	0	2	3	4.64187e-03	-6.41459e-01	1.81374e+01
110	1	139	0	2	3	4.50592e-03	-6.19839e-01	1.69696e+01
110	1	140	0	2	3	4.65532e-03	-6.44760e-01	1.80851e+01
110	1	141	0	2	3	4.68605e-03	-6.32871e-01	1.75202e+01
110	1	142	0	2	3	3.81755e-03	-5.83881e-01	1.67599e+01
110	1	143	0	2	3	4.59928e-03	-6.42406e-01	1.88300e+01
110	1	144	0	2	3	2.92425e-03	-5.31672e-01	1.64410e+01
110	1	145	0	2	3	4.51120e-03	-6.15278e-01	1.64832e+01
110	1	146	0	2	3	5.10547e-03	-6.79201e-01	1.87573e+01
110	1	147	0	2	3	4.29627e-03	-6.00488e-01	1.63334e+01
110	1	148	0	2	3	4.96589e-03	-6.61963e-01	1.78056e+01
110	1	149	0	2	3	2.87318e-03	-5.08178e-01	1.52571e+01
110	1	150	0	2	3	2.27889e-03	-4.70880e-01	1.45590e+01
110	1	151	0	2	3	4.96679e-03	-6.47627e-01	1.78229e+01
110	1	152	0	2	3	3.27233e-03	-5.49305e-01	1.75006e+01
110	1	153	0	2	3	-1.58344e-03	-1.62106e-01	9.90797e+00
110	1	154	0	2	3	4.36355e-03	-6.24945e-01	1.72257e+01
110	1	155	0	2	3	2.08448e-03	-4.61155e-01	1.49055e+01
110	1	156	0	2	3	3.01275e-03	-5.29601e-01	1.63999e+01
110	1	157	0	2	3	5.59149e-03	-7.46968e-01	2.15131e+01
110	1	158	0	2	3	2.01853e-03	-4.83747e-01	1.66281e+01
110	1	159	0	2	3	-1.67442e-02	9.23431e-01	-8.98992e+00
