##
#  file: HodoPHCParam_Dummy
#  date: 2016.06.15
#  note: first version
#
#
#######################################################################
# CId	PlId	Seg	UorD	Type	nParam	p0	p1	...
#
#	Type=0 no correction will be performed
#	Type=1 ct=t-p[0]/sqrt(a-p[1])+p[2]
#	Type=2 ct=p[0]*a*a + p[1]*a + p[2] for Fiber
#
#######################################################################
# BH1 Up                                                              #
#######################################################################
1	0	0	0	1	3	5.08705e+00	-1.98362e+00	2.93454e+00
1	0	1	0	1	3	6.69706e-01	2.91546e-01	8.10244e-01
1	0	2	0	1	3	5.01779e-01	3.94271e-01	6.64278e-01
1	0	3	0	1	3	7.45330e-01	1.66754e-01	8.56036e-01
1	0	4	0	1	3	8.52890e-01	8.60054e-02	9.27134e-01
1	0	5	0	1	3	1.69981e+00	-1.50393e-01	1.62794e+00
1	0	6	0	1	3	1.58582e+00	-2.35346e-01	1.46587e+00
1	0	7	0	1	3	1.61970e+00	-1.46184e-01	1.54504e+00
1	0	8	0	1	3	1.37546e+00	-2.52696e-01	1.28233e+00
1	0	9	0	1	3	1.74814e+00	-2.76223e-01	1.64100e+00
1	0	10	0	1	3	1.60339e+01	-4.62629e+00	6.81205e+00
#######################################################################
# BH1 Down                                                            #
#######################################################################
1	0	0	1	1	3	1.33519e+00	-9.13138e-02	1.27257e+00
1	0	1	1	1	3	6.24909e-01	2.88647e-01	7.65429e-01
1	0	2	1	1	3	6.68954e-01	2.21542e-01	7.45264e-01
1	0	3	1	1	3	1.32364e+00	-4.57464e-01	1.08318e+00
1	0	4	1	1	3	1.18002e+00	-7.91080e-02	1.17008e+00
1	0	5	1	1	3	2.07299e+00	-4.79828e-01	1.70935e+00
1	0	6	1	1	3	1.96000e+00	-5.20196e-01	1.63958e+00
1	0	7	1	1	3	1.89852e+00	-4.50289e-01	1.60743e+00
1	0	8	1	1	3	1.02469e+00	-6.73213e-02	1.04734e+00
1	0	9	1	1	3	1.64894e+00	-1.85977e-01	1.61292e+00
1	0	10	1	1	3	7.15603e-01	2.22738e-01	8.54972e-01
#######################################################################
# BH2 Up                                                              #
#######################################################################
2	0	0	0	1	3	1.43047e-01	2.98695e-01	2.00085e-01
2	0	1	0	1	3	8.79554e-01	-2.31747e-01	7.85839e-01
2	0	2	0	1	3	5.94572e-01	-4.97541e-01	4.68956e-01
2	0	3	0	1	3	1.91725e-01	3.94747e-02	1.91115e-01
2	0	4	0	1	3	3.31184e-01	-9.38469e-02	3.15823e-01
2	0	5	0	1	3	1.99769e-01	2.70254e-01	2.37321e-01
2	0	6	0	1	3	2.58948e-01	2.41832e-01	3.10133e-01
2	0	7	0	1	3	3.50426e-01	8.80094e-02	3.70898e-01
#######################################################################
# BH2 Down                                                            #
#######################################################################
2	0	0	1	1	3	3.94607e-01	-1.85207e-01	3.84440e-01
2	0	1	1	1	3	9.92155e-01	-3.85817e-01	8.32122e-01
2	0	2	1	1	3	4.10986e-01	-9.27803e-02	3.90143e-01
2	0	3	1	1	3	1.76416e-01	4.84160e-02	1.75490e-01
2	0	4	1	1	3	2.42956e-01	1.23979e-01	2.64593e-01
2	0	5	1	1	3	3.57967e-01	4.32013e-02	3.63973e-01
2	0	6	1	1	3	1.22093e+00	-6.67168e-01	9.30075e-01
2	0	7	1	1	3	2.92156e-01	-4.36810e-03	2.98702e-01
#######################################################################
# BAC                                                                 #
#######################################################################
3	0	0	0	1	3	0.00000e+00	0.00000e+00	0.00000e+00
3	0	1	0	1	3	0.00000e+00	0.00000e+00	0.00000e+00
#######################################################################
# FBH Up                                                              #
#######################################################################
4	0	0	0	2	3	-5.62952e-03	8.96903e-01	-3.53273e+01
4	0	1	0	2	3	-4.29399e-03	7.37975e-01	-3.00049e+01
4	0	2	0	2	3	-5.26894e-03	8.67305e-01	-3.38992e+01
4	0	3	0	2	3	-3.80183e-03	6.69237e-01	-2.72260e+01
4	0	4	0	2	3	-4.35014e-03	7.35785e-01	-2.92008e+01
4	0	5	0	2	3	-4.02541e-03	6.86907e-01	-2.70312e+01
4	0	6	0	2	3	-4.16660e-03	7.08229e-01	-2.81512e+01
4	0	7	0	2	3	-3.93117e-03	6.84759e-01	-2.69101e+01
4	0	8	0	2	3	-4.14423e-03	6.96902e-01	-2.65883e+01
4	0	9	0	2	3	-2.83372e-03	5.62925e-01	-2.20787e+01
4	0	10	0	2	3	-4.07944e-03	7.09420e-01	-2.75603e+01
4	0	11	0	2	3	-3.50961e-03	6.50113e-01	-2.64167e+01
4	0	12	0	2	3	-3.52415e-03	6.49734e-01	-2.67232e+01
4	0	13	0	2	3	-4.13420e-03	7.26957e-01	-2.99675e+01
4	0	14	0	2	3	-4.90315e-03	8.27563e-01	-3.35630e+01
4	0	15	0	2	3	-4.73048e-03	8.13189e-01	-3.31901e+01
#######################################################################
# FBH Down                                                            #
#######################################################################
4	0	0	1	2	3	-5.62952e-03	8.96903e-01	-3.53273e+01
4	0	1	1	2	3	-4.29399e-03	7.37975e-01	-3.00049e+01
4	0	2	1	2	3	-5.26894e-03	8.67305e-01	-3.38992e+01
4	0	3	1	2	3	-3.80183e-03	6.69237e-01	-2.72260e+01
4	0	4	1	2	3	-4.35014e-03	7.35785e-01	-2.92008e+01
4	0	5	1	2	3	-4.02541e-03	6.86907e-01	-2.70312e+01
4	0	6	1	2	3	-4.16660e-03	7.08229e-01	-2.81512e+01
4	0	7	1	2	3	-3.93117e-03	6.84759e-01	-2.69101e+01
4	0	8	1	2	3	-4.14423e-03	6.96902e-01	-2.65883e+01
4	0	9	1	2	3	-2.83372e-03	5.62925e-01	-2.20787e+01
4	0	10	1	2	3	-4.07944e-03	7.09420e-01	-2.75603e+01
4	0	11	1	2	3	-3.50961e-03	6.50113e-01	-2.64167e+01
4	0	12	1	2	3	-3.52415e-03	6.49734e-01	-2.67232e+01
4	0	13	1	2	3	-4.13420e-03	7.26957e-01	-2.99675e+01
4	0	14	1	2	3	-4.90315e-03	8.27563e-01	-3.35630e+01
4	0	15	1	2	3	-4.73048e-03	8.13189e-01	-3.31901e+01
#######################################################################
# PVAC                                                                #
#######################################################################
5	0	0	0	1	3	0.00000e+00	0.00000e+00	0.00000e+00
#######################################################################
# FAC                                                                 #
#######################################################################
6	0	0	0	1	3	0.00000e+00	0.00000e+00	0.00000e+00
#######################################################################
# SCH                                                                 #
#######################################################################
#7	0	0	0	2	3	-0.00500000	0.821213	-32.185321
#7	0	1	0	2	3	-0.00500000	0.830248	-32.269563
#7	0	2	0	2	3	-0.00500000	0.793073	-29.315934
#7	0	3	0	2	3	-0.00500000	0.772144	-28.276705
#7	0	4	0	2	3	-0.00500000	0.801968	-30.687167
#7	0	5	0	2	3	-0.00500000	0.778300	-28.439251
#7	0	6	0	2	3	-0.00500000	0.765872	-27.918181
#7	0	7	0	2	3	-0.00500000	0.738459	-26.016797
#7	0	8	0	2	3	-0.00500000	0.778318	-28.676371
#7	0	9	0	2	3	-0.00500000	0.776670	-28.892887
#7	0	10	0	2	3	-0.00500000	0.764278	-28.122474
#7	0	11	0	2	3	-0.00500000	0.790742	-29.423647
#7	0	12	0	2	3	-0.00500000	0.811330	-30.487019
#7	0	13	0	2	3	-0.00500000	0.818750	-30.891512
#7	0	14	0	2	3	-0.00500000	0.802541	-30.009136
#7	0	15	0	2	3	-0.00500000	0.809525	-30.751746
#7	0	16	0	2	3	-0.00500000	0.802597	-30.845509
#7	0	17	0	2	3	-0.00500000	0.835028	-32.780792
#7	0	18	0	2	3	-0.00500000	0.859176	-33.938731
#7	0	19	0	2	3	-0.00500000	0.814851	-31.445396
#7	0	20	0	2	3	-0.00500000	0.809426	-30.781087
#7	0	21	0	2	3	-0.00500000	0.780678	-28.888756
#7	0	22	0	2	3	-0.00500000	0.808206	-30.719604
#7	0	23	0	2	3	-0.00500000	0.774024	-27.858339
#7	0	24	0	2	3	-0.00500000	0.794308	-29.022101
#7	0	25	0	2	3	-0.00500000	0.775649	-27.980186
#7	0	26	0	2	3	-0.00500000	0.788483	-28.687567
#7	0	27	0	2	3	-0.00466315	0.771386	-29.253260
#7	0	28	0	2	3	-0.00483132	0.790854	-28.637741
#7	0	29	0	2	3	-0.00497049	0.812994	-30.786914
#7	0	30	0	2	3	-0.00500000	0.787793	-28.362716
#7	0	31	0	2	3	-0.00500000	0.790759	-28.876812
#7	0	32	0	2	3	-0.00500000	0.824826	-31.655285
#7	0	33	0	2	3	-0.00500000	0.845304	-33.407765
#7	0	34	0	2	3	-0.00500000	0.832263	-32.939799
#7	0	35	0	2	3	-0.00500000	0.820631	-31.695372
#7	0	36	0	2	3	-0.00500000	0.836997	-33.200590
#7	0	37	0	2	3	-0.00500000	0.819690	-32.097193
#7	0	38	0	2	3	-0.00500000	0.808109	-31.263214
#7	0	39	0	2	3	-0.00500000	0.815224	-31.135523
#7	0	40	0	2	3	-0.00500000	0.803398	-29.897923
#7	0	41	0	2	3	-0.00500000	0.815685	-31.165519
#7	0	42	0	2	3	-0.00500000	0.812980	-30.737261
#7	0	43	0	2	3	-0.00500000	0.829418	-32.693307
#7	0	44	0	2	3	-0.00500000	0.789530	-29.464920
#7	0	45	0	2	3	-0.00500000	0.804789	-31.208151
#7	0	46	0	2	3	-0.00500000	0.830106	-32.806514
#7	0	47	0	2	3	-0.00500000	0.819206	-31.373242
#7	0	48	0	2	3	-0.00500000	0.816165	-31.709319
#7	0	49	0	2	3	-0.00500000	0.798496	-30.201709
#7	0	50	0	2	3	-0.00500000	0.812167	-31.795745
#7	0	51	0	2	3	-0.00500000	0.810749	-31.375226
#7	0	52	0	2	3	-0.00500000	0.803385	-31.372512
#7	0	53	0	2	3	-0.00500000	0.777405	-29.262831
#7	0	54	0	2	3	-0.00500000	0.783954	-29.763410
#7	0	55	0	2	3	-0.00500000	0.789443	-29.976449
#7	0	56	0	2	3	-0.00500000	0.838828	-33.261086
#7	0	57	0	2	3	-0.00500000	0.804421	-30.573195
#7	0	58	0	2	3	-0.00500000	0.773283	-29.111048
#7	0	59	0	2	3	-0.00500000	0.811789	-31.449459
#7	0	60	0	2	3	-0.00500000	0.759724	-28.110014
#7	0	61	0	2	3	-0.00500000	0.810884	-31.379063
#7	0	62	0	2	3	-0.00500000	0.771910	-28.435006
#7	0	63	0	2	3	-0.00500000	0.796658	-30.511906
#######################################################################
# TOF Up                                                              #
#######################################################################
7	0	0	0	1	3	5.24830e+00	-1.96630e+00	2.96170e+00
7	0	1	0	1	3	5.24830e+00	-1.96630e+00	2.96170e+00
7	0	2	0	1	3	5.24830e+00	-1.96630e+00	2.96170e+00
7	0	3	0	1	3	5.24830e+00	-1.96630e+00	2.96170e+00
7	0	4	0	1	3	5.24830e+00	-1.96630e+00	2.96170e+00
7	0	5	0	1	3	5.24830e+00	-1.96630e+00	2.96170e+00
7	0	6	0	1	3	6.97090e+00	-3.03520e+00	3.39910e+00
7	0	7	0	1	3	4.05450e+00	-1.96150e+00	2.30360e+00
7	0	8	0	1	3	1.16940e+02	-2.98600e+01	2.09880e+01
7	0	9	0	1	3	5.24830e+00	-1.96630e+00	2.96170e+00
7	0	10	0	1	3	5.24830e+00	-1.96630e+00	2.96170e+00
7	0	11	0	1	3	5.24830e+00	-1.96630e+00	2.96170e+00
7	0	12	0	1	3	5.24830e+00	-1.96630e+00	2.96170e+00
7	0	13	0	1	3	5.24830e+00	-1.96630e+00	2.96170e+00
7	0	14	0	1	3	5.24830e+00	-1.96630e+00	2.96170e+00
7	0	15	0	1	3	5.24830e+00	-1.96630e+00	2.96170e+00
7	0	16	0	1	3	5.24830e+00	-1.96630e+00	2.96170e+00
7	0	17	0	1	3	5.24830e+00	-1.96630e+00	2.96170e+00
7	0	18	0	1	3	5.24830e+00	-1.96630e+00	2.96170e+00
7	0	19	0	1	3	7.11491e-01	1.85180e-03	5.82402e-01
7	0	20	0	1	3	5.59404e-01	-1.73810e-03	4.50716e-01
7	0	21	0	1	3	8.92499e-01	1.99900e-03	7.37364e-01
7	0	22	0	1	3	6.37553e-01	1.99960e-03	5.45449e-01
7	0	23	0	1	3	1.19210e+00	1.98920e-03	9.99994e-01
#######################################################################
# TOF Down                                                            #
#######################################################################
7	0	0	1	1	3	5.84300e+00	-2.30730e+00	3.11320e+00
7	0	1	1	1	3	5.84300e+00	-2.30730e+00	3.11320e+00
7	0	2	1	1	3	5.84300e+00	-2.30730e+00	3.11320e+00
7	0	3	1	1	3	5.84300e+00	-2.30730e+00	3.11320e+00
7	0	4	1	1	3	5.84300e+00	-2.30730e+00	3.11320e+00
7	0	5	1	1	3	5.84300e+00	-2.30730e+00	3.11320e+00
7	0	6	1	1	3	1.41330e+01	-5.81170e+00	5.32680e+00
7	0	7	1	1	3	7.84850e+01	-2.02870e+01	1.69500e+01
7	0	8	1	1	3	2.20240e+02	-3.62440e+01	3.60080e+01
7	0	9	1	1	3	5.84300e+00	-2.30730e+00	3.11320e+00
7	0	10	1	1	3	5.84300e+00	-2.30730e+00	3.11320e+00
7	0	11	1	1	3	5.84300e+00	-2.30730e+00	3.11320e+00
7	0	12	1	1	3	5.84300e+00	-2.30730e+00	3.11320e+00
7	0	13	1	1	3	5.84300e+00	-2.30730e+00	3.11320e+00
7	0	14	1	1	3	5.84300e+00	-2.30730e+00	3.11320e+00
7	0	15	1	1	3	5.84300e+00	-2.30730e+00	3.11320e+00
7	0	16	1	1	3	5.84300e+00	-2.30730e+00	3.11320e+00
7	0	17	1	1	3	5.84300e+00	-2.30730e+00	3.11320e+00
7	0	18	1	1	3	5.84300e+00	-2.30730e+00	3.11320e+00
7	0	19	1	1	3	6.18741e-01	1.99860e-03	4.90831e-01
7	0	20	1	1	3	5.75901e-01	1.04210e-03	4.72509e-01
7	0	21	1	1	3	9.41046e-01	1.99890e-03	7.79357e-01
7	0	22	1	1	3	4.84266e-01	-1.95590e-03	3.99786e-01
7	0	23	1	1	3	8.97714e-01	1.99860e-03	7.56300e-01
#######################################################################
# BFT U                                                               #
#######################################################################
110	0	0	0	2	3	5.40556e-04	-3.15437e-01	1.02864e+01
110	0	1	0	2	3	2.78251e-03	-4.81931e-01	1.33250e+01
110	0	2	0	2	3	4.28386e-03	-5.97453e-01	1.52532e+01
110	0	3	0	2	3	4.69362e-03	-6.12691e-01	1.43384e+01
110	0	4	0	2	3	4.01935e-03	-5.77744e-01	1.52726e+01
110	0	5	0	2	3	4.40576e-03	-5.89653e-01	1.56206e+01
110	0	6	0	2	3	3.89985e-03	-5.70476e-01	1.44418e+01
110	0	7	0	2	3	1.93775e-03	-4.15299e-01	1.23160e+01
110	0	8	0	2	3	3.57365e-03	-5.45583e-01	1.41952e+01
110	0	9	0	2	3	4.00573e-03	-5.72125e-01	1.60841e+01
110	0	10	0	2	3	3.85970e-03	-5.66283e-01	1.37520e+01
110	0	11	0	2	3	4.32897e-03	-5.84975e-01	1.60891e+01
110	0	12	0	2	3	3.25893e-03	-5.16330e-01	1.30401e+01
110	0	13	0	2	3	4.13034e-03	-5.76728e-01	1.60124e+01
110	0	14	0	2	3	3.99375e-03	-5.69732e-01	1.38414e+01
110	0	15	0	2	3	4.38460e-03	-5.98903e-01	1.65084e+01
110	0	16	0	2	3	2.62216e-03	-4.73939e-01	1.21623e+01
110	0	17	0	2	3	3.74441e-03	-5.48670e-01	1.51377e+01
110	0	18	0	2	3	4.04945e-03	-5.81946e-01	1.40527e+01
110	0	19	0	2	3	4.83800e-03	-6.29740e-01	1.46280e+01
110	0	20	0	2	3	4.06560e-03	-5.70184e-01	1.42038e+01
110	0	21	0	2	3	4.15385e-03	-5.76167e-01	1.68935e+01
110	0	22	0	2	3	3.68689e-03	-5.56383e-01	1.40540e+01
110	0	23	0	2	3	4.06412e-03	-5.67668e-01	1.55208e+01
110	0	24	0	2	3	4.17888e-03	-5.79553e-01	1.47114e+01
110	0	25	0	2	3	3.78221e-03	-5.41716e-01	1.54532e+01
110	0	26	0	2	3	4.56363e-03	-6.21633e-01	1.62929e+01
110	0	27	0	2	3	3.98753e-03	-5.58451e-01	1.51603e+01
110	0	28	0	2	3	3.65502e-03	-5.47038e-01	1.23644e+01
110	0	29	0	2	3	3.99866e-03	-5.57545e-01	1.47084e+01
110	0	30	0	2	3	4.22157e-03	-5.95951e-01	1.46374e+01
110	0	31	0	2	3	3.94748e-03	-5.64008e-01	1.54368e+01
110	0	32	0	2	3	4.23282e-03	-5.96938e-01	1.49273e+01
110	0	33	0	2	3	4.24541e-03	-5.65463e-01	1.36464e+01
110	0	34	0	2	3	4.33244e-03	-5.99153e-01	1.46607e+01
110	0	35	0	2	3	4.57956e-03	-6.20264e-01	1.65633e+01
110	0	36	0	2	3	3.95930e-03	-5.61412e-01	1.37810e+01
110	0	37	0	2	3	4.07603e-03	-5.75153e-01	1.65181e+01
110	0	38	0	2	3	4.10597e-03	-5.76667e-01	1.36239e+01
110	0	39	0	2	3	4.19114e-03	-5.83446e-01	1.54661e+01
110	0	40	0	2	3	3.87756e-03	-5.57350e-01	1.36285e+01
110	0	41	0	2	3	4.09847e-03	-5.72166e-01	1.62869e+01
110	0	42	0	2	3	4.09951e-03	-5.74907e-01	1.45093e+01
110	0	43	0	2	3	4.02948e-03	-5.77739e-01	1.60779e+01
110	0	44	0	2	3	3.75101e-03	-5.56979e-01	1.38562e+01
110	0	45	0	2	3	4.17940e-03	-5.73191e-01	1.57833e+01
110	0	46	0	2	3	4.44746e-03	-6.14467e-01	1.50972e+01
110	0	47	0	2	3	4.59919e-03	-6.20350e-01	1.79108e+01
110	0	48	0	2	3	3.70280e-03	-5.48125e-01	1.26053e+01
110	0	49	0	2	3	4.54097e-03	-6.04348e-01	1.68528e+01
110	0	50	0	2	3	4.58076e-03	-6.10755e-01	1.50948e+01
110	0	51	0	2	3	4.68424e-03	-6.15469e-01	1.59353e+01
110	0	52	0	2	3	3.87296e-03	-5.56252e-01	1.32743e+01
110	0	53	0	2	3	4.52821e-03	-6.01192e-01	1.55463e+01
110	0	54	0	2	3	4.46850e-03	-6.07728e-01	1.47410e+01
110	0	55	0	2	3	4.66943e-03	-6.17261e-01	1.69163e+01
110	0	56	0	2	3	3.96665e-03	-5.79807e-01	1.52374e+01
110	0	57	0	2	3	4.48747e-03	-6.01676e-01	1.62519e+01
110	0	58	0	2	3	4.08241e-03	-5.83507e-01	1.54005e+01
110	0	59	0	2	3	4.45492e-03	-6.16396e-01	1.69554e+01
110	0	60	0	2	3	3.96634e-03	-5.75414e-01	1.38055e+01
110	0	61	0	2	3	3.77577e-03	-5.48981e-01	1.50094e+01
110	0	62	0	2	3	4.76769e-03	-6.26184e-01	1.48885e+01
110	0	63	0	2	3	4.37739e-03	-5.97717e-01	1.48419e+01
110	0	64	0	2	3	3.95710e-03	-5.75715e-01	1.44370e+01
110	0	65	0	2	3	4.04509e-03	-5.73715e-01	1.54512e+01
110	0	66	0	2	3	4.55578e-03	-6.29359e-01	1.66782e+01
110	0	67	0	2	3	3.70914e-03	-5.54351e-01	1.53532e+01
110	0	68	0	2	3	3.73752e-03	-5.69916e-01	1.49371e+01
110	0	69	0	2	3	4.13477e-03	-5.79698e-01	1.51182e+01
110	0	70	0	2	3	4.42871e-03	-6.23955e-01	1.48677e+01
110	0	71	0	2	3	4.26778e-03	-5.93812e-01	1.57630e+01
110	0	72	0	2	3	3.80763e-03	-5.70278e-01	1.37259e+01
110	0	73	0	2	3	4.32992e-03	-6.00510e-01	1.53156e+01
110	0	74	0	2	3	4.47275e-03	-6.23565e-01	1.57539e+01
110	0	75	0	2	3	4.54324e-03	-6.09439e-01	1.56598e+01
110	0	76	0	2	3	3.68416e-03	-5.52901e-01	1.34233e+01
110	0	77	0	2	3	3.85505e-03	-5.60529e-01	1.51221e+01
110	0	78	0	2	3	4.26731e-03	-6.06617e-01	1.47667e+01
110	0	79	0	2	3	4.21000e-03	-5.87585e-01	1.52528e+01
110	0	80	0	2	3	4.32895e-03	-5.99556e-01	1.52969e+01
110	0	81	0	2	3	4.24570e-03	-5.80799e-01	1.50897e+01
110	0	82	0	2	3	4.54045e-03	-6.11319e-01	1.50067e+01
110	0	83	0	2	3	4.76811e-03	-6.31838e-01	1.59696e+01
110	0	84	0	2	3	3.78377e-03	-5.61763e-01	1.41248e+01
110	0	85	0	2	3	4.40881e-03	-5.97700e-01	1.57396e+01
110	0	86	0	2	3	4.55108e-03	-6.27802e-01	1.51036e+01
110	0	87	0	2	3	4.31935e-03	-6.05205e-01	1.62367e+01
110	0	88	0	2	3	3.80456e-03	-5.56000e-01	1.42959e+01
110	0	89	0	2	3	3.93308e-03	-5.69408e-01	1.48994e+01
110	0	90	0	2	3	4.31768e-03	-6.03616e-01	1.43855e+01
110	0	91	0	2	3	4.34517e-03	-6.08535e-01	1.52472e+01
110	0	92	0	2	3	4.00567e-03	-5.85803e-01	1.48808e+01
110	0	93	0	2	3	4.03608e-03	-5.72879e-01	1.46519e+01
110	0	94	0	2	3	4.26853e-03	-6.21517e-01	1.66885e+01
110	0	95	0	2	3	3.68196e-03	-5.60720e-01	1.52201e+01
110	0	96	0	2	3	3.92542e-03	-5.81910e-01	1.44998e+01
110	0	97	0	2	3	4.07639e-03	-5.80374e-01	1.56180e+01
110	0	98	0	2	3	4.35282e-03	-6.16729e-01	1.51320e+01
110	0	99	0	2	3	4.39108e-03	-5.98058e-01	1.55223e+01
110	0	100	0	2	3	4.10221e-03	-5.87641e-01	1.50710e+01
110	0	101	0	2	3	4.02792e-03	-5.75766e-01	1.54091e+01
110	0	102	0	2	3	4.85582e-03	-6.49275e-01	1.64820e+01
110	0	103	0	2	3	4.71629e-03	-6.29485e-01	1.59417e+01
110	0	104	0	2	3	3.99542e-03	-5.82800e-01	1.41490e+01
110	0	105	0	2	3	4.21935e-03	-5.86512e-01	1.50320e+01
110	0	106	0	2	3	4.74552e-03	-6.35580e-01	1.61038e+01
110	0	107	0	2	3	4.83784e-03	-6.29106e-01	1.52395e+01
110	0	108	0	2	3	3.87348e-03	-5.75013e-01	1.48332e+01
110	0	109	0	2	3	4.27559e-03	-5.96674e-01	1.51803e+01
110	0	110	0	2	3	4.46814e-03	-6.18279e-01	1.56009e+01
110	0	111	0	2	3	4.66296e-03	-6.34737e-01	1.60548e+01
110	0	112	0	2	3	3.95466e-03	-5.70949e-01	1.34458e+01
110	0	113	0	2	3	4.46088e-03	-6.03438e-01	1.51940e+01
110	0	114	0	2	3	4.67073e-03	-6.33636e-01	1.60060e+01
110	0	115	0	2	3	4.87516e-03	-6.34679e-01	1.57487e+01
110	0	116	0	2	3	4.24213e-03	-5.97504e-01	1.47967e+01
110	0	117	0	2	3	4.40471e-03	-6.03866e-01	1.62474e+01
110	0	118	0	2	3	5.03506e-03	-6.59242e-01	1.66212e+01
110	0	119	0	2	3	4.26305e-03	-5.89317e-01	1.40909e+01
110	0	120	0	2	3	4.45969e-03	-6.22974e-01	1.54736e+01
110	0	121	0	2	3	4.23211e-03	-5.85494e-01	1.35243e+01
110	0	122	0	2	3	3.89427e-03	-5.75101e-01	1.57018e+01
110	0	123	0	2	3	4.25172e-03	-5.98040e-01	1.55636e+01
110	0	124	0	2	3	3.21023e-03	-5.15627e-01	1.38888e+01
110	0	125	0	2	3	4.16678e-03	-5.74353e-01	1.26431e+01
110	0	126	0	2	3	3.74975e-03	-5.57938e-01	1.41109e+01
110	0	127	0	2	3	4.31898e-03	-5.93094e-01	1.50196e+01
110	0	128	0	2	3	4.42321e-03	-6.38622e-01	1.68827e+01
110	0	129	0	2	3	3.78442e-03	-5.88170e-01	1.57240e+01
110	0	130	0	2	3	4.77262e-03	-6.67923e-01	1.75753e+01
110	0	131	0	2	3	5.17575e-03	-6.55734e-01	1.64966e+01
110	0	132	0	2	3	-3.88582e-04	-2.62484e-01	1.00345e+01
110	0	133	0	2	3	3.64822e-03	-5.52757e-01	1.48947e+01
110	0	134	0	2	3	3.90088e-03	-6.02657e-01	1.60901e+01
110	0	135	0	2	3	3.05473e-03	-5.25764e-01	1.40118e+01
110	0	136	0	2	3	3.59631e-03	-5.54945e-01	1.42201e+01
110	0	137	0	2	3	3.96719e-03	-5.90653e-01	1.61644e+01
110	0	138	0	2	3	2.99573e-03	-5.29001e-01	1.49904e+01
110	0	139	0	2	3	3.14827e-03	-5.28461e-01	1.34332e+01
110	0	140	0	2	3	-3.38323e-03	-4.43291e-02	6.18329e+00
110	0	141	0	2	3	3.89041e-03	-5.81992e-01	1.46873e+01
110	0	142	0	2	3	7.55301e-03	-8.65456e-01	2.08120e+01
110	0	143	0	2	3	5.03354e-03	-6.81136e-01	1.71928e+01
110	0	144	0	2	3	4.93035e-04	-3.49934e-01	1.07052e+01
110	0	145	0	2	3	9.77419e-04	-3.70591e-01	1.08198e+01
110	0	146	0	2	3	6.43709e-03	-7.76842e-01	1.90159e+01
110	0	147	0	2	3	2.89131e-03	-5.12783e-01	1.45406e+01
110	0	148	0	2	3	-1.19227e-03	-2.21293e-01	8.56996e+00
110	0	149	0	2	3	3.97707e-03	-5.79524e-01	1.53380e+01
110	0	150	0	2	3	-3.76315e-04	-2.67854e-01	9.93223e+00
110	0	151	0	2	3	4.16505e-03	-5.91967e-01	1.54152e+01
110	0	152	0	2	3	1.22736e-03	-3.68015e-01	1.17803e+01
110	0	153	0	2	3	2.64504e-03	-5.14322e-01	1.48838e+01
110	0	154	0	2	3	1.86829e-03	-4.49131e-01	1.28927e+01
110	0	155	0	2	3	3.31351e-03	-5.35488e-01	1.29989e+01
110	0	156	0	2	3	-4.50095e-03	4.38464e-02	3.97420e+00
110	0	157	0	2	3	4.05350e-03	-6.15389e-01	1.68238e+01
110	0	158	0	2	3	-1.34403e-02	7.02979e-01	-8.44731e+00
110	0	159	0	2	3	6.46640e-03	-7.67586e-01	1.83606e+01
#######################################################################
# BFT D                                                               #
#######################################################################
110	1	0	0	2	3	3.69604e-03	-5.58663e-01	1.63384e+01
110	1	1	0	2	3	1.40010e-03	-3.74552e-01	1.22511e+01
110	1	2	0	2	3	3.74111e-03	-5.69564e-01	1.57200e+01
110	1	3	0	2	3	2.33622e-03	-4.61912e-01	1.46401e+01
110	1	4	0	2	3	3.10366e-03	-5.23087e-01	1.49011e+01
110	1	5	0	2	3	3.33021e-03	-5.30940e-01	1.59086e+01
110	1	6	0	2	3	3.72361e-03	-5.66876e-01	1.44346e+01
110	1	7	0	2	3	3.91512e-03	-5.67165e-01	1.58752e+01
110	1	8	0	2	3	3.02848e-03	-5.14485e-01	1.49613e+01
110	1	9	0	2	3	-1.46291e-03	-1.74493e-01	1.02120e+01
110	1	10	0	2	3	3.55610e-03	-5.51764e-01	1.54015e+01
110	1	11	0	2	3	2.63311e-03	-4.75183e-01	1.40847e+01
110	1	12	0	2	3	3.44796e-03	-5.44575e-01	1.45876e+01
110	1	13	0	2	3	3.57034e-03	-5.44703e-01	1.60794e+01
110	1	14	0	2	3	4.16422e-03	-6.03309e-01	1.55227e+01
110	1	15	0	2	3	3.86496e-03	-5.69069e-01	1.65039e+01
110	1	16	0	2	3	4.03466e-03	-5.85658e-01	1.53804e+01
110	1	17	0	2	3	3.86380e-03	-5.65966e-01	1.56500e+01
110	1	18	0	2	3	4.44502e-03	-6.04260e-01	1.49321e+01
110	1	19	0	2	3	4.50589e-03	-6.13839e-01	1.68943e+01
110	1	20	0	2	3	3.91985e-03	-5.84972e-01	1.57856e+01
110	1	21	0	2	3	3.38505e-03	-5.37008e-01	1.65291e+01
110	1	22	0	2	3	4.06744e-03	-5.85095e-01	1.52879e+01
110	1	23	0	2	3	4.78971e-03	-6.20837e-01	1.69952e+01
110	1	24	0	2	3	4.24892e-03	-5.99542e-01	1.64837e+01
110	1	25	0	2	3	3.62092e-03	-5.52448e-01	1.61985e+01
110	1	26	0	2	3	3.71629e-03	-5.66279e-01	1.48584e+01
110	1	27	0	2	3	4.76006e-03	-6.34243e-01	1.83293e+01
110	1	28	0	2	3	3.91165e-03	-5.82003e-01	1.61809e+01
110	1	29	0	2	3	3.74584e-03	-5.60896e-01	1.64578e+01
110	1	30	0	2	3	3.99153e-03	-5.83856e-01	1.54299e+01
110	1	31	0	2	3	4.41145e-03	-6.10562e-01	1.74235e+01
110	1	32	0	2	3	4.04246e-03	-5.88225e-01	1.67356e+01
110	1	33	0	2	3	3.57188e-03	-5.51964e-01	1.52276e+01
110	1	34	0	2	3	4.24308e-03	-5.93660e-01	1.50740e+01
110	1	35	0	2	3	3.91305e-03	-5.82410e-01	1.70409e+01
110	1	36	0	2	3	3.87380e-03	-5.68393e-01	1.58750e+01
110	1	37	0	2	3	3.89834e-03	-5.64016e-01	1.45567e+01
110	1	38	0	2	3	4.38598e-03	-6.10056e-01	1.68457e+01
110	1	39	0	2	3	3.93821e-03	-5.68291e-01	1.56747e+01
110	1	40	0	2	3	3.96100e-03	-5.71286e-01	1.47289e+01
110	1	41	0	2	3	4.04344e-03	-5.76661e-01	1.62558e+01
110	1	42	0	2	3	4.00899e-03	-5.72247e-01	1.52456e+01
110	1	43	0	2	3	4.38070e-03	-6.02774e-01	1.74971e+01
110	1	44	0	2	3	3.94188e-03	-5.80988e-01	1.51597e+01
110	1	45	0	2	3	3.41672e-03	-5.33489e-01	1.57343e+01
110	1	46	0	2	3	4.46025e-03	-6.16555e-01	1.57081e+01
110	1	47	0	2	3	4.05807e-03	-5.98205e-01	1.78645e+01
110	1	48	0	2	3	4.04122e-03	-5.81205e-01	1.57600e+01
110	1	49	0	2	3	3.55919e-03	-5.38964e-01	1.60148e+01
110	1	50	0	2	3	4.15397e-03	-5.90803e-01	1.48856e+01
110	1	51	0	2	3	4.48891e-03	-6.15040e-01	1.71505e+01
110	1	52	0	2	3	4.25311e-03	-6.07103e-01	1.55159e+01
110	1	53	0	2	3	3.69277e-03	-5.54602e-01	1.63344e+01
110	1	54	0	2	3	4.33310e-03	-6.10173e-01	1.64716e+01
110	1	55	0	2	3	4.40517e-03	-6.06569e-01	1.70556e+01
110	1	56	0	2	3	3.97753e-03	-5.93796e-01	1.53869e+01
110	1	57	0	2	3	4.05705e-03	-5.84922e-01	1.64592e+01
110	1	58	0	2	3	4.35818e-03	-6.18860e-01	1.76573e+01
110	1	59	0	2	3	4.47196e-03	-6.25284e-01	1.85126e+01
110	1	60	0	2	3	3.82868e-03	-5.75128e-01	1.57553e+01
110	1	61	0	2	3	4.07172e-03	-5.73166e-01	1.57130e+01
110	1	62	0	2	3	3.86121e-03	-5.72573e-01	1.46139e+01
110	1	63	0	2	3	4.11692e-03	-5.90690e-01	1.68856e+01
110	1	64	0	2	3	3.91299e-03	-5.80668e-01	1.61843e+01
110	1	65	0	2	3	4.30147e-03	-5.99888e-01	1.62667e+01
110	1	66	0	2	3	4.71409e-03	-6.45719e-01	1.60761e+01
110	1	67	0	2	3	4.66854e-03	-6.28075e-01	1.58627e+01
110	1	68	0	2	3	3.55093e-03	-5.43263e-01	1.38482e+01
110	1	69	0	2	3	4.28123e-03	-5.98809e-01	1.63337e+01
110	1	70	0	2	3	4.37525e-03	-6.12190e-01	1.65002e+01
110	1	71	0	2	3	4.52642e-03	-6.26168e-01	1.71197e+01
110	1	72	0	2	3	3.93034e-03	-5.75480e-01	1.53334e+01
110	1	73	0	2	3	4.14307e-03	-5.96451e-01	1.70818e+01
110	1	74	0	2	3	4.49157e-03	-6.15946e-01	1.51925e+01
110	1	75	0	2	3	4.33726e-03	-6.09657e-01	1.62207e+01
110	1	76	0	2	3	3.90656e-03	-5.76430e-01	1.52229e+01
110	1	77	0	2	3	4.23234e-03	-6.02906e-01	1.61281e+01
110	1	78	0	2	3	4.22254e-03	-6.00269e-01	1.49386e+01
110	1	79	0	2	3	4.20177e-03	-5.94243e-01	1.58034e+01
110	1	80	0	2	3	3.97836e-03	-5.76204e-01	1.50182e+01
110	1	81	0	2	3	4.13510e-03	-5.85707e-01	1.49187e+01
110	1	82	0	2	3	4.72536e-03	-6.31580e-01	1.68863e+01
110	1	83	0	2	3	4.25896e-03	-5.89637e-01	1.53158e+01
110	1	84	0	2	3	3.70177e-03	-5.48923e-01	1.39963e+01
110	1	85	0	2	3	3.85077e-03	-5.66123e-01	1.48639e+01
110	1	86	0	2	3	4.45925e-03	-6.20087e-01	1.65724e+01
110	1	87	0	2	3	4.46889e-03	-6.04712e-01	1.42628e+01
110	1	88	0	2	3	3.83335e-03	-5.70334e-01	1.53919e+01
110	1	89	0	2	3	4.10076e-03	-5.89804e-01	1.49707e+01
110	1	90	0	2	3	4.04143e-03	-5.87272e-01	1.48625e+01
110	1	91	0	2	3	4.04259e-03	-5.81305e-01	1.56910e+01
110	1	92	0	2	3	3.87705e-03	-5.67232e-01	1.48703e+01
110	1	93	0	2	3	4.26625e-03	-5.96363e-01	1.55709e+01
110	1	94	0	2	3	3.50486e-03	-5.52364e-01	1.54528e+01
110	1	95	0	2	3	4.12985e-03	-5.94347e-01	1.53070e+01
110	1	96	0	2	3	3.72446e-03	-5.57958e-01	1.43797e+01
110	1	97	0	2	3	3.92477e-03	-5.69015e-01	1.54568e+01
110	1	98	0	2	3	4.08950e-03	-6.07918e-01	1.67721e+01
110	1	99	0	2	3	4.38947e-03	-6.09226e-01	1.56284e+01
110	1	100	0	2	3	3.83627e-03	-5.55888e-01	1.48161e+01
110	1	101	0	2	3	3.27624e-03	-5.25321e-01	1.46501e+01
110	1	102	0	2	3	4.51403e-03	-6.26691e-01	1.61459e+01
110	1	103	0	2	3	4.29682e-03	-6.02277e-01	1.54057e+01
110	1	104	0	2	3	4.09190e-03	-5.86692e-01	1.54257e+01
110	1	105	0	2	3	4.00300e-03	-5.78071e-01	1.53083e+01
110	1	106	0	2	3	4.52952e-03	-6.25367e-01	1.69179e+01
110	1	107	0	2	3	4.44255e-03	-6.12241e-01	1.57283e+01
110	1	108	0	2	3	3.92103e-03	-5.74701e-01	1.59304e+01
110	1	109	0	2	3	3.87712e-03	-5.72337e-01	1.57809e+01
110	1	110	0	2	3	4.37607e-03	-6.16050e-01	1.60171e+01
110	1	111	0	2	3	4.75446e-03	-6.44320e-01	1.76546e+01
110	1	112	0	2	3	4.37073e-03	-6.07479e-01	1.55717e+01
110	1	113	0	2	3	4.28961e-03	-6.00133e-01	1.57991e+01
110	1	114	0	2	3	4.28311e-03	-6.11978e-01	1.55897e+01
110	1	115	0	2	3	4.70203e-03	-6.27122e-01	1.59109e+01
110	1	116	0	2	3	4.06798e-03	-5.90945e-01	1.55347e+01
110	1	117	0	2	3	4.18976e-03	-5.92230e-01	1.55860e+01
110	1	118	0	2	3	4.59672e-03	-6.26590e-01	1.52274e+01
110	1	119	0	2	3	4.52324e-03	-6.16200e-01	1.61492e+01
110	1	120	0	2	3	3.63859e-03	-5.58302e-01	1.46456e+01
110	1	121	0	2	3	3.93242e-03	-5.76300e-01	1.51834e+01
110	1	122	0	2	3	4.19236e-03	-6.05077e-01	1.68930e+01
110	1	123	0	2	3	3.96021e-03	-5.85399e-01	1.68591e+01
110	1	124	0	2	3	3.98621e-03	-5.72271e-01	1.44156e+01
110	1	125	0	2	3	3.62670e-03	-5.57407e-01	1.51906e+01
110	1	126	0	2	3	4.53882e-03	-6.14412e-01	1.58467e+01
110	1	127	0	2	3	3.83673e-03	-5.70358e-01	1.51901e+01
110	1	128	0	2	3	4.18938e-03	-6.25043e-01	1.69701e+01
110	1	129	0	2	3	3.63624e-03	-5.80797e-01	1.60891e+01
110	1	130	0	2	3	3.50703e-03	-5.64085e-01	1.47608e+01
110	1	131	0	2	3	3.09636e-03	-5.19323e-01	1.41953e+01
110	1	132	0	2	3	3.53242e-03	-5.67074e-01	1.59132e+01
110	1	133	0	2	3	5.10300e-03	-6.62105e-01	1.65503e+01
110	1	134	0	2	3	4.26634e-03	-6.23759e-01	1.69214e+01
110	1	135	0	2	3	3.70907e-03	-5.57663e-01	1.50499e+01
110	1	136	0	2	3	1.96687e-03	-4.51399e-01	1.40220e+01
110	1	137	0	2	3	5.07099e-03	-6.66678e-01	1.70915e+01
110	1	138	0	2	3	3.21131e-03	-5.39242e-01	1.48179e+01
110	1	139	0	2	3	5.81704e-03	-7.17514e-01	1.81946e+01
110	1	140	0	2	3	5.03310e-03	-6.51722e-01	1.62750e+01
110	1	141	0	2	3	3.72965e-03	-5.78188e-01	1.53067e+01
110	1	142	0	2	3	3.48989e-03	-5.39705e-01	1.40388e+01
110	1	143	0	2	3	-1.77220e-02	1.05471e+00	-1.46361e+01
110	1	144	0	2	3	3.52433e-03	-5.63353e-01	1.61751e+01
110	1	145	0	2	3	5.25108e-03	-6.59935e-01	1.66331e+01
110	1	146	0	2	3	3.36815e-03	-5.60289e-01	1.52744e+01
110	1	147	0	2	3	5.54853e-03	-7.10150e-01	1.71924e+01
110	1	148	0	2	3	5.77158e-03	-7.07244e-01	1.68935e+01
110	1	149	0	2	3	-1.66348e-03	-1.61889e-01	8.24395e+00
110	1	150	0	2	3	-4.95671e-04	-2.79097e-01	1.07686e+01
110	1	151	0	2	3	5.26355e-03	-6.61898e-01	1.64680e+01
110	1	152	0	2	3	2.84800e-03	-5.15157e-01	1.54903e+01
110	1	153	0	2	3	-7.41674e-03	2.73917e-01	3.57759e-01
110	1	154	0	2	3	3.69219e-03	-5.83984e-01	1.61973e+01
110	1	155	0	2	3	5.03066e-03	-6.62229e-01	1.56966e+01
110	1	156	0	2	3	4.59307e-03	-6.45178e-01	1.70570e+01
110	1	157	0	2	3	3.01107e-05	-3.11857e-01	1.17265e+01
110	1	158	0	2	3	-9.00747e-03	3.87652e-01	-1.81838e+00
110	1	159	0	2	3	-5.12106e-03	1.07973e-01	3.44324e+00
