##
#  file: HodoPHCParam_Dummy
#  date: 2016.06.15
#  note: first version
#
#
#######################################################################
# CId	PlId	Seg	UorD	Type	nParam	p0	p1	...
#
#	Type=0 no correction will be performed
#	Type=1 ct=t-p[0]/sqrt(a-p[1])+p[2]
#	Type=2 ct=p[0]*a*a + p[1]*a + p[2] for Fiber
#
#######################################################################
# BH1 Up                                                              #
#######################################################################
1	0	0	0	1	3	5.08705e+00	-1.98362e+00	2.93454e+00
1	0	1	0	1	3	6.69706e-01	2.91546e-01	8.10244e-01
1	0	2	0	1	3	5.01779e-01	3.94271e-01	6.64278e-01
1	0	3	0	1	3	7.45330e-01	1.66754e-01	8.56036e-01
1	0	4	0	1	3	8.52890e-01	8.60054e-02	9.27134e-01
1	0	5	0	1	3	1.69981e+00	-1.50393e-01	1.62794e+00
1	0	6	0	1	3	1.58582e+00	-2.35346e-01	1.46587e+00
1	0	7	0	1	3	1.61970e+00	-1.46184e-01	1.54504e+00
1	0	8	0	1	3	1.37546e+00	-2.52696e-01	1.28233e+00
1	0	9	0	1	3	1.74814e+00	-2.76223e-01	1.64100e+00
1	0	10	0	1	3	1.60339e+01	-4.62629e+00	6.81205e+00
#######################################################################
# BH1 Down                                                            #
#######################################################################
1	0	0	1	1	3	1.33519e+00	-9.13138e-02	1.27257e+00
1	0	1	1	1	3	6.24909e-01	2.88647e-01	7.65429e-01
1	0	2	1	1	3	6.68954e-01	2.21542e-01	7.45264e-01
1	0	3	1	1	3	1.32364e+00	-4.57464e-01	1.08318e+00
1	0	4	1	1	3	1.18002e+00	-7.91080e-02	1.17008e+00
1	0	5	1	1	3	2.07299e+00	-4.79828e-01	1.70935e+00
1	0	6	1	1	3	1.96000e+00	-5.20196e-01	1.63958e+00
1	0	7	1	1	3	1.89852e+00	-4.50289e-01	1.60743e+00
1	0	8	1	1	3	1.02469e+00	-6.73213e-02	1.04734e+00
1	0	9	1	1	3	1.64894e+00	-1.85977e-01	1.61292e+00
1	0	10	1	1	3	7.15603e-01	2.22738e-01	8.54972e-01
#######################################################################
# BH2 Up                                                              #
#######################################################################
2	0	0	0	1	3	1.43047e-01	2.98695e-01	2.00085e-01
2	0	1	0	1	3	8.79554e-01	-2.31747e-01	7.85839e-01
2	0	2	0	1	3	5.94572e-01	-4.97541e-01	4.68956e-01
2	0	3	0	1	3	1.91725e-01	3.94747e-02	1.91115e-01
2	0	4	0	1	3	3.31184e-01	-9.38469e-02	3.15823e-01
2	0	5	0	1	3	1.99769e-01	2.70254e-01	2.37321e-01
2	0	6	0	1	3	2.58948e-01	2.41832e-01	3.10133e-01
2	0	7	0	1	3	3.50426e-01	8.80094e-02	3.70898e-01
#######################################################################
# BH2 Down                                                            #
#######################################################################
2	0	0	1	1	3	3.94607e-01	-1.85207e-01	3.84440e-01
2	0	1	1	1	3	9.92155e-01	-3.85817e-01	8.32122e-01
2	0	2	1	1	3	4.10986e-01	-9.27803e-02	3.90143e-01
2	0	3	1	1	3	1.76416e-01	4.84160e-02	1.75490e-01
2	0	4	1	1	3	2.42956e-01	1.23979e-01	2.64593e-01
2	0	5	1	1	3	3.57967e-01	4.32013e-02	3.63973e-01
2	0	6	1	1	3	1.22093e+00	-6.67168e-01	9.30075e-01
2	0	7	1	1	3	2.92156e-01	-4.36810e-03	2.98702e-01
#######################################################################
# BAC                                                                 #
#######################################################################
3	0	0	0	1	3	0.00000e+00	0.00000e+00	0.00000e+00
3	0	1	0	1	3	0.00000e+00	0.00000e+00	0.00000e+00
#######################################################################
# FBH Up                                                              #
#######################################################################
4	0	0	0	2	3	-5.62952e-03	8.96903e-01	-3.53273e+01
4	0	1	0	2	3	-4.29399e-03	7.37975e-01	-3.00049e+01
4	0	2	0	2	3	-5.26894e-03	8.67305e-01	-3.38992e+01
4	0	3	0	2	3	-3.80183e-03	6.69237e-01	-2.72260e+01
4	0	4	0	2	3	-4.35014e-03	7.35785e-01	-2.92008e+01
4	0	5	0	2	3	-4.02541e-03	6.86907e-01	-2.70312e+01
4	0	6	0	2	3	-4.16660e-03	7.08229e-01	-2.81512e+01
4	0	7	0	2	3	-3.93117e-03	6.84759e-01	-2.69101e+01
4	0	8	0	2	3	-4.14423e-03	6.96902e-01	-2.65883e+01
4	0	9	0	2	3	-2.83372e-03	5.62925e-01	-2.20787e+01
4	0	10	0	2	3	-4.07944e-03	7.09420e-01	-2.75603e+01
4	0	11	0	2	3	-3.50961e-03	6.50113e-01	-2.64167e+01
4	0	12	0	2	3	-3.52415e-03	6.49734e-01	-2.67232e+01
4	0	13	0	2	3	-4.13420e-03	7.26957e-01	-2.99675e+01
4	0	14	0	2	3	-4.90315e-03	8.27563e-01	-3.35630e+01
4	0	15	0	2	3	-4.73048e-03	8.13189e-01	-3.31901e+01
#######################################################################
# FBH Down                                                            #
#######################################################################
4	0	0	1	2	3	-5.62952e-03	8.96903e-01	-3.53273e+01
4	0	1	1	2	3	-4.29399e-03	7.37975e-01	-3.00049e+01
4	0	2	1	2	3	-5.26894e-03	8.67305e-01	-3.38992e+01
4	0	3	1	2	3	-3.80183e-03	6.69237e-01	-2.72260e+01
4	0	4	1	2	3	-4.35014e-03	7.35785e-01	-2.92008e+01
4	0	5	1	2	3	-4.02541e-03	6.86907e-01	-2.70312e+01
4	0	6	1	2	3	-4.16660e-03	7.08229e-01	-2.81512e+01
4	0	7	1	2	3	-3.93117e-03	6.84759e-01	-2.69101e+01
4	0	8	1	2	3	-4.14423e-03	6.96902e-01	-2.65883e+01
4	0	9	1	2	3	-2.83372e-03	5.62925e-01	-2.20787e+01
4	0	10	1	2	3	-4.07944e-03	7.09420e-01	-2.75603e+01
4	0	11	1	2	3	-3.50961e-03	6.50113e-01	-2.64167e+01
4	0	12	1	2	3	-3.52415e-03	6.49734e-01	-2.67232e+01
4	0	13	1	2	3	-4.13420e-03	7.26957e-01	-2.99675e+01
4	0	14	1	2	3	-4.90315e-03	8.27563e-01	-3.35630e+01
4	0	15	1	2	3	-4.73048e-03	8.13189e-01	-3.31901e+01
#######################################################################
# PVAC                                                                #
#######################################################################
5	0	0	0	1	3	0.00000e+00	0.00000e+00	0.00000e+00
#######################################################################
# FAC                                                                 #
#######################################################################
6	0	0	0	1	3	0.00000e+00	0.00000e+00	0.00000e+00
#######################################################################
# SCH                                                                 #
#######################################################################
#7	0	0	0	2	3	-0.00500000	0.821213	-32.185321
#7	0	1	0	2	3	-0.00500000	0.830248	-32.269563
#7	0	2	0	2	3	-0.00500000	0.793073	-29.315934
#7	0	3	0	2	3	-0.00500000	0.772144	-28.276705
#7	0	4	0	2	3	-0.00500000	0.801968	-30.687167
#7	0	5	0	2	3	-0.00500000	0.778300	-28.439251
#7	0	6	0	2	3	-0.00500000	0.765872	-27.918181
#7	0	7	0	2	3	-0.00500000	0.738459	-26.016797
#7	0	8	0	2	3	-0.00500000	0.778318	-28.676371
#7	0	9	0	2	3	-0.00500000	0.776670	-28.892887
#7	0	10	0	2	3	-0.00500000	0.764278	-28.122474
#7	0	11	0	2	3	-0.00500000	0.790742	-29.423647
#7	0	12	0	2	3	-0.00500000	0.811330	-30.487019
#7	0	13	0	2	3	-0.00500000	0.818750	-30.891512
#7	0	14	0	2	3	-0.00500000	0.802541	-30.009136
#7	0	15	0	2	3	-0.00500000	0.809525	-30.751746
#7	0	16	0	2	3	-0.00500000	0.802597	-30.845509
#7	0	17	0	2	3	-0.00500000	0.835028	-32.780792
#7	0	18	0	2	3	-0.00500000	0.859176	-33.938731
#7	0	19	0	2	3	-0.00500000	0.814851	-31.445396
#7	0	20	0	2	3	-0.00500000	0.809426	-30.781087
#7	0	21	0	2	3	-0.00500000	0.780678	-28.888756
#7	0	22	0	2	3	-0.00500000	0.808206	-30.719604
#7	0	23	0	2	3	-0.00500000	0.774024	-27.858339
#7	0	24	0	2	3	-0.00500000	0.794308	-29.022101
#7	0	25	0	2	3	-0.00500000	0.775649	-27.980186
#7	0	26	0	2	3	-0.00500000	0.788483	-28.687567
#7	0	27	0	2	3	-0.00466315	0.771386	-29.253260
#7	0	28	0	2	3	-0.00483132	0.790854	-28.637741
#7	0	29	0	2	3	-0.00497049	0.812994	-30.786914
#7	0	30	0	2	3	-0.00500000	0.787793	-28.362716
#7	0	31	0	2	3	-0.00500000	0.790759	-28.876812
#7	0	32	0	2	3	-0.00500000	0.824826	-31.655285
#7	0	33	0	2	3	-0.00500000	0.845304	-33.407765
#7	0	34	0	2	3	-0.00500000	0.832263	-32.939799
#7	0	35	0	2	3	-0.00500000	0.820631	-31.695372
#7	0	36	0	2	3	-0.00500000	0.836997	-33.200590
#7	0	37	0	2	3	-0.00500000	0.819690	-32.097193
#7	0	38	0	2	3	-0.00500000	0.808109	-31.263214
#7	0	39	0	2	3	-0.00500000	0.815224	-31.135523
#7	0	40	0	2	3	-0.00500000	0.803398	-29.897923
#7	0	41	0	2	3	-0.00500000	0.815685	-31.165519
#7	0	42	0	2	3	-0.00500000	0.812980	-30.737261
#7	0	43	0	2	3	-0.00500000	0.829418	-32.693307
#7	0	44	0	2	3	-0.00500000	0.789530	-29.464920
#7	0	45	0	2	3	-0.00500000	0.804789	-31.208151
#7	0	46	0	2	3	-0.00500000	0.830106	-32.806514
#7	0	47	0	2	3	-0.00500000	0.819206	-31.373242
#7	0	48	0	2	3	-0.00500000	0.816165	-31.709319
#7	0	49	0	2	3	-0.00500000	0.798496	-30.201709
#7	0	50	0	2	3	-0.00500000	0.812167	-31.795745
#7	0	51	0	2	3	-0.00500000	0.810749	-31.375226
#7	0	52	0	2	3	-0.00500000	0.803385	-31.372512
#7	0	53	0	2	3	-0.00500000	0.777405	-29.262831
#7	0	54	0	2	3	-0.00500000	0.783954	-29.763410
#7	0	55	0	2	3	-0.00500000	0.789443	-29.976449
#7	0	56	0	2	3	-0.00500000	0.838828	-33.261086
#7	0	57	0	2	3	-0.00500000	0.804421	-30.573195
#7	0	58	0	2	3	-0.00500000	0.773283	-29.111048
#7	0	59	0	2	3	-0.00500000	0.811789	-31.449459
#7	0	60	0	2	3	-0.00500000	0.759724	-28.110014
#7	0	61	0	2	3	-0.00500000	0.810884	-31.379063
#7	0	62	0	2	3	-0.00500000	0.771910	-28.435006
#7	0	63	0	2	3	-0.00500000	0.796658	-30.511906
#######################################################################
# TOF Up                                                              #
#######################################################################
7	0	0	0	1	3	5.24830e+00	-1.96630e+00	2.96170e+00
7	0	1	0	1	3	5.24830e+00	-1.96630e+00	2.96170e+00
7	0	2	0	1	3	5.24830e+00	-1.96630e+00	2.96170e+00
7	0	3	0	1	3	5.24830e+00	-1.96630e+00	2.96170e+00
7	0	4	0	1	3	5.24830e+00	-1.96630e+00	2.96170e+00
7	0	5	0	1	3	5.24830e+00	-1.96630e+00	2.96170e+00
7	0	6	0	1	3	6.97090e+00	-3.03520e+00	3.39910e+00
7	0	7	0	1	3	4.05450e+00	-1.96150e+00	2.30360e+00
7	0	8	0	1	3	1.16940e+02	-2.98600e+01	2.09880e+01
7	0	9	0	1	3	5.24830e+00	-1.96630e+00	2.96170e+00
7	0	10	0	1	3	5.24830e+00	-1.96630e+00	2.96170e+00
7	0	11	0	1	3	5.24830e+00	-1.96630e+00	2.96170e+00
7	0	12	0	1	3	5.24830e+00	-1.96630e+00	2.96170e+00
7	0	13	0	1	3	5.24830e+00	-1.96630e+00	2.96170e+00
7	0	14	0	1	3	5.24830e+00	-1.96630e+00	2.96170e+00
7	0	15	0	1	3	5.24830e+00	-1.96630e+00	2.96170e+00
7	0	16	0	1	3	5.24830e+00	-1.96630e+00	2.96170e+00
7	0	17	0	1	3	5.24830e+00	-1.96630e+00	2.96170e+00
7	0	18	0	1	3	5.24830e+00	-1.96630e+00	2.96170e+00
7	0	19	0	1	3	7.11491e-01	1.85180e-03	5.82402e-01
7	0	20	0	1	3	5.59404e-01	-1.73810e-03	4.50716e-01
7	0	21	0	1	3	8.92499e-01	1.99900e-03	7.37364e-01
7	0	22	0	1	3	6.37553e-01	1.99960e-03	5.45449e-01
7	0	23	0	1	3	1.19210e+00	1.98920e-03	9.99994e-01
#######################################################################
# TOF Down                                                            #
#######################################################################
7	0	0	1	1	3	5.84300e+00	-2.30730e+00	3.11320e+00
7	0	1	1	1	3	5.84300e+00	-2.30730e+00	3.11320e+00
7	0	2	1	1	3	5.84300e+00	-2.30730e+00	3.11320e+00
7	0	3	1	1	3	5.84300e+00	-2.30730e+00	3.11320e+00
7	0	4	1	1	3	5.84300e+00	-2.30730e+00	3.11320e+00
7	0	5	1	1	3	5.84300e+00	-2.30730e+00	3.11320e+00
7	0	6	1	1	3	1.41330e+01	-5.81170e+00	5.32680e+00
7	0	7	1	1	3	7.84850e+01	-2.02870e+01	1.69500e+01
7	0	8	1	1	3	2.20240e+02	-3.62440e+01	3.60080e+01
7	0	9	1	1	3	5.84300e+00	-2.30730e+00	3.11320e+00
7	0	10	1	1	3	5.84300e+00	-2.30730e+00	3.11320e+00
7	0	11	1	1	3	5.84300e+00	-2.30730e+00	3.11320e+00
7	0	12	1	1	3	5.84300e+00	-2.30730e+00	3.11320e+00
7	0	13	1	1	3	5.84300e+00	-2.30730e+00	3.11320e+00
7	0	14	1	1	3	5.84300e+00	-2.30730e+00	3.11320e+00
7	0	15	1	1	3	5.84300e+00	-2.30730e+00	3.11320e+00
7	0	16	1	1	3	5.84300e+00	-2.30730e+00	3.11320e+00
7	0	17	1	1	3	5.84300e+00	-2.30730e+00	3.11320e+00
7	0	18	1	1	3	5.84300e+00	-2.30730e+00	3.11320e+00
7	0	19	1	1	3	6.18741e-01	1.99860e-03	4.90831e-01
7	0	20	1	1	3	5.75901e-01	1.04210e-03	4.72509e-01
7	0	21	1	1	3	9.41046e-01	1.99890e-03	7.79357e-01
7	0	22	1	1	3	4.84266e-01	-1.95590e-03	3.99786e-01
7	0	23	1	1	3	8.97714e-01	1.99860e-03	7.56300e-01
#######################################################################
# BFT U                                                               #
#######################################################################
110	0	0	0	2	3	-4.84774e-03	7.06043e-02	4.71255e+00
110	0	1	0	2	3	2.26433e-03	-4.36645e-01	1.36022e+01
110	0	2	0	2	3	4.42249e-03	-6.01663e-01	1.63782e+01
110	0	3	0	2	3	3.74652e-03	-5.71853e-01	1.54268e+01
110	0	4	0	2	3	3.66164e-03	-5.43704e-01	1.57224e+01
110	0	5	0	2	3	3.70492e-03	-5.35850e-01	1.58424e+01
110	0	6	0	2	3	3.70429e-03	-5.61538e-01	1.55841e+01
110	0	7	0	2	3	5.64254e-03	-6.89659e-01	1.85692e+01
110	0	8	0	2	3	3.34924e-03	-5.28132e-01	1.50678e+01
110	0	9	0	2	3	1.26635e-03	-3.60348e-01	1.32565e+01
110	0	10	0	2	3	3.49095e-03	-5.35269e-01	1.53658e+01
110	0	11	0	2	3	3.08593e-03	-4.91712e-01	1.46039e+01
110	0	12	0	2	3	2.04710e-03	-4.41862e-01	1.31957e+01
110	0	13	0	2	3	2.96397e-03	-4.91314e-01	1.46992e+01
110	0	14	0	2	3	4.00839e-03	-5.81341e-01	1.64884e+01
110	0	15	0	2	3	4.19795e-03	-5.78505e-01	1.62556e+01
110	0	16	0	2	3	4.38157e-03	-5.91514e-01	1.52978e+01
110	0	17	0	2	3	3.62124e-03	-5.34629e-01	1.60399e+01
110	0	18	0	2	3	4.20093e-03	-5.88415e-01	1.53327e+01
110	0	19	0	2	3	4.54014e-03	-6.14627e-01	1.56967e+01
110	0	20	0	2	3	3.52578e-03	-5.36870e-01	1.49559e+01
110	0	21	0	2	3	3.28381e-03	-5.07231e-01	1.57707e+01
110	0	22	0	2	3	4.41418e-03	-6.05292e-01	1.60812e+01
110	0	23	0	2	3	2.57326e-03	-4.70396e-01	1.42133e+01
110	0	24	0	2	3	4.59899e-03	-6.10678e-01	1.64803e+01
110	0	25	0	2	3	3.06660e-03	-4.87932e-01	1.46713e+01
110	0	26	0	2	3	3.22249e-03	-5.19554e-01	1.56014e+01
110	0	27	0	2	3	4.66523e-03	-6.04312e-01	1.61546e+01
110	0	28	0	2	3	3.36379e-03	-5.26318e-01	1.42083e+01
110	0	29	0	2	3	4.05312e-03	-5.61076e-01	1.60156e+01
110	0	30	0	2	3	3.90991e-03	-5.69479e-01	1.63260e+01
110	0	31	0	2	3	4.10260e-03	-5.72635e-01	1.67885e+01
110	0	32	0	2	3	4.04793e-03	-5.84453e-01	1.59535e+01
110	0	33	0	2	3	4.09320e-03	-5.51364e-01	1.35525e+01
110	0	34	0	2	3	4.67386e-03	-6.18523e-01	1.71295e+01
110	0	35	0	2	3	4.35824e-03	-5.97159e-01	1.72178e+01
110	0	36	0	2	3	3.70306e-03	-5.44763e-01	1.47417e+01
110	0	37	0	2	3	4.15579e-03	-5.84613e-01	1.70209e+01
110	0	38	0	2	3	4.38387e-03	-5.91285e-01	1.60084e+01
110	0	39	0	2	3	4.52163e-03	-6.04074e-01	1.70100e+01
110	0	40	0	2	3	4.09002e-03	-5.72208e-01	1.51156e+01
110	0	41	0	2	3	4.20971e-03	-5.81646e-01	1.67264e+01
110	0	42	0	2	3	4.31257e-03	-5.87050e-01	1.58951e+01
110	0	43	0	2	3	4.39085e-03	-6.06356e-01	1.78784e+01
110	0	44	0	2	3	3.83618e-03	-5.60504e-01	1.51101e+01
110	0	45	0	2	3	4.11244e-03	-5.69247e-01	1.59580e+01
110	0	46	0	2	3	4.17141e-03	-5.92204e-01	1.68916e+01
110	0	47	0	2	3	4.58418e-03	-6.19750e-01	1.81350e+01
110	0	48	0	2	3	3.73602e-03	-5.48595e-01	1.48250e+01
110	0	49	0	2	3	4.59691e-03	-6.08912e-01	1.71832e+01
110	0	50	0	2	3	4.54795e-03	-6.08716e-01	1.62897e+01
110	0	51	0	2	3	4.55137e-03	-6.04090e-01	1.69322e+01
110	0	52	0	2	3	3.86413e-03	-5.54412e-01	1.54595e+01
110	0	53	0	2	3	4.33259e-03	-5.86906e-01	1.65283e+01
110	0	54	0	2	3	4.10184e-03	-5.81720e-01	1.65224e+01
110	0	55	0	2	3	4.42467e-03	-5.98877e-01	1.68214e+01
110	0	56	0	2	3	4.34412e-03	-6.06271e-01	1.69165e+01
110	0	57	0	2	3	4.42447e-03	-5.96081e-01	1.73714e+01
110	0	58	0	2	3	3.79422e-03	-5.61945e-01	1.62446e+01
110	0	59	0	2	3	4.22771e-03	-5.98924e-01	1.78729e+01
110	0	60	0	2	3	3.87705e-03	-5.69862e-01	1.49575e+01
110	0	61	0	2	3	4.01109e-03	-5.68475e-01	1.66314e+01
110	0	62	0	2	3	4.64513e-03	-6.16003e-01	1.59259e+01
110	0	63	0	2	3	4.41082e-03	-6.00948e-01	1.61607e+01
110	0	64	0	2	3	3.96069e-03	-5.74167e-01	1.56172e+01
110	0	65	0	2	3	4.06528e-03	-5.77433e-01	1.58021e+01
110	0	66	0	2	3	5.06719e-03	-6.67674e-01	1.86054e+01
110	0	67	0	2	3	3.66168e-03	-5.50411e-01	1.55018e+01
110	0	68	0	2	3	4.25276e-03	-6.04205e-01	1.67137e+01
110	0	69	0	2	3	4.20159e-03	-5.81640e-01	1.63320e+01
110	0	70	0	2	3	4.18070e-03	-6.09614e-01	1.68982e+01
110	0	71	0	2	3	4.50797e-03	-6.12146e-01	1.73384e+01
110	0	72	0	2	3	3.91022e-03	-5.76300e-01	1.60366e+01
110	0	73	0	2	3	3.99213e-03	-5.73417e-01	1.60033e+01
110	0	74	0	2	3	4.11541e-03	-5.96311e-01	1.64895e+01
110	0	75	0	2	3	4.25331e-03	-5.89024e-01	1.65492e+01
110	0	76	0	2	3	3.77630e-03	-5.59045e-01	1.57540e+01
110	0	77	0	2	3	3.93834e-03	-5.65323e-01	1.64114e+01
110	0	78	0	2	3	4.37328e-03	-6.11355e-01	1.70283e+01
110	0	79	0	2	3	4.48505e-03	-6.07064e-01	1.68133e+01
110	0	80	0	2	3	3.76778e-03	-5.61332e-01	1.58903e+01
110	0	81	0	2	3	4.02315e-03	-5.64669e-01	1.60214e+01
110	0	82	0	2	3	4.24243e-03	-5.93424e-01	1.60107e+01
110	0	83	0	2	3	4.42504e-03	-6.06952e-01	1.67387e+01
110	0	84	0	2	3	4.03456e-03	-5.74325e-01	1.64647e+01
110	0	85	0	2	3	3.81528e-03	-5.57462e-01	1.63104e+01
110	0	86	0	2	3	4.45573e-03	-6.24614e-01	1.73577e+01
110	0	87	0	2	3	3.70572e-03	-5.60848e-01	1.67134e+01
110	0	88	0	2	3	3.64558e-03	-5.41722e-01	1.52174e+01
110	0	89	0	2	3	3.92504e-03	-5.71224e-01	1.62286e+01
110	0	90	0	2	3	4.31615e-03	-6.03296e-01	1.66156e+01
110	0	91	0	2	3	4.69568e-03	-6.30920e-01	1.67834e+01
110	0	92	0	2	3	4.12574e-03	-5.95015e-01	1.72978e+01
110	0	93	0	2	3	3.90275e-03	-5.65358e-01	1.57987e+01
110	0	94	0	2	3	4.23456e-03	-6.19795e-01	1.79113e+01
110	0	95	0	2	3	3.91110e-03	-5.73026e-01	1.66003e+01
110	0	96	0	2	3	3.77711e-03	-5.73129e-01	1.66260e+01
110	0	97	0	2	3	4.29690e-03	-5.92228e-01	1.69793e+01
110	0	98	0	2	3	4.48264e-03	-6.25146e-01	1.75004e+01
110	0	99	0	2	3	4.62585e-03	-6.19831e-01	1.62555e+01
110	0	100	0	2	3	3.83792e-03	-5.69679e-01	1.60154e+01
110	0	101	0	2	3	3.49623e-03	-5.37311e-01	1.59585e+01
110	0	102	0	2	3	4.34800e-03	-6.11592e-01	1.70256e+01
110	0	103	0	2	3	4.30626e-03	-6.00343e-01	1.66680e+01
110	0	104	0	2	3	4.00616e-03	-5.82972e-01	1.63609e+01
110	0	105	0	2	3	4.17802e-03	-5.81234e-01	1.61069e+01
110	0	106	0	2	3	4.73205e-03	-6.35107e-01	1.73529e+01
110	0	107	0	2	3	4.27678e-03	-5.92472e-01	1.59088e+01
110	0	108	0	2	3	4.37800e-03	-6.11459e-01	1.67043e+01
110	0	109	0	2	3	4.01750e-03	-5.80807e-01	1.61822e+01
110	0	110	0	2	3	4.13125e-03	-5.96527e-01	1.64934e+01
110	0	111	0	2	3	4.76469e-03	-6.37857e-01	1.72505e+01
110	0	112	0	2	3	4.25407e-03	-5.89555e-01	1.59457e+01
110	0	113	0	2	3	4.20509e-03	-5.83459e-01	1.60258e+01
110	0	114	0	2	3	4.42191e-03	-6.11118e-01	1.77504e+01
110	0	115	0	2	3	5.37008e-03	-6.71214e-01	1.76273e+01
110	0	116	0	2	3	3.22426e-03	-5.30125e-01	1.59636e+01
110	0	117	0	2	3	3.40364e-03	-5.34808e-01	1.63163e+01
110	0	118	0	2	3	4.76051e-03	-6.43187e-01	1.76267e+01
110	0	119	0	2	3	4.03316e-03	-5.75133e-01	1.50871e+01
110	0	120	0	2	3	4.27647e-03	-6.08015e-01	1.74111e+01
110	0	121	0	2	3	4.29417e-03	-5.88682e-01	1.57787e+01
110	0	122	0	2	3	5.25088e-03	-6.83543e-01	1.90422e+01
110	0	123	0	2	3	4.01605e-03	-5.79345e-01	1.64304e+01
110	0	124	0	2	3	4.84612e-03	-6.43694e-01	1.75721e+01
110	0	125	0	2	3	4.32215e-03	-5.77831e-01	1.37870e+01
110	0	126	0	2	3	3.84569e-03	-5.67979e-01	1.55323e+01
110	0	127	0	2	3	4.81410e-03	-6.25925e-01	1.67376e+01
110	0	128	0	2	3	5.06989e-03	-6.88047e-01	1.89760e+01
110	0	129	0	2	3	2.86946e-03	-5.14270e-01	1.54234e+01
110	0	130	0	2	3	6.72114e-03	-8.16730e-01	2.25446e+01
110	0	131	0	2	3	-4.74941e-03	6.83226e-02	5.64416e+00
110	0	132	0	2	3	3.86881e-03	-5.82993e-01	1.72112e+01
110	0	133	0	2	3	3.27274e-03	-5.38446e-01	1.60913e+01
110	0	134	0	2	3	2.25691e-03	-4.77915e-01	1.50075e+01
110	0	135	0	2	3	3.36776e-03	-5.34476e-01	1.60558e+01
110	0	136	0	2	3	3.26310e-03	-5.38237e-01	1.53325e+01
110	0	137	0	2	3	2.51468e-03	-4.75211e-01	1.50348e+01
110	0	138	0	2	3	1.17765e-03	-3.79542e-01	1.41493e+01
110	0	139	0	2	3	1.56041e-03	-4.29193e-01	1.41460e+01
110	0	140	0	2	3	-8.11190e-03	3.17264e-01	5.60143e-01
110	0	141	0	2	3	3.43018e-03	-5.37161e-01	1.49134e+01
110	0	142	0	2	3	-6.34265e-03	1.55763e-01	4.60433e+00
110	0	143	0	2	3	1.73037e-03	-4.15648e-01	1.30522e+01
110	0	144	0	2	3	5.34859e-04	-3.39852e-01	1.25114e+01
110	0	145	0	2	3	4.06755e-03	-5.69751e-01	1.60167e+01
110	0	146	0	2	3	3.97806e-03	-6.17156e-01	1.77997e+01
110	0	147	0	2	3	1.03113e-03	-3.81938e-01	1.35835e+01
110	0	148	0	2	3	-9.46186e-03	3.88660e-01	-3.19275e-01
110	0	149	0	2	3	6.00087e-03	-7.01632e-01	1.82717e+01
110	0	150	0	2	3	-2.11082e-02	1.28289e+00	-1.74450e+01
110	0	151	0	2	3	-1.35417e-02	6.94885e-01	-6.34771e+00
110	0	152	0	2	3	1.45591e-03	-4.20450e-01	1.47381e+01
110	0	153	0	2	3	-3.68900e-03	-4.46086e-02	7.52861e+00
110	0	154	0	2	3	4.97961e-03	-6.69658e-01	1.78600e+01
110	0	155	0	2	3	4.66839e-03	-6.17090e-01	1.64477e+01
110	0	156	0	2	3	-8.46503e-05	-2.68598e-01	1.07004e+01
110	0	157	0	2	3	6.63932e-03	-7.24680e-01	1.84200e+01
110	0	158	0	2	3	4.23644e-03	-6.01159e-01	1.64888e+01
110	0	159	0	2	3	-5.24226e-03	7.02116e-02	5.10774e+00
#######################################################################
# BFT D                                                               #
#######################################################################
110	1	0	0	2	3	-3.02843e-03	-8.41071e-02	8.49674e+00
110	1	1	0	2	3	1.78151e-03	-4.21996e-01	1.47598e+01
110	1	2	0	2	3	3.65802e-03	-5.57422e-01	1.56120e+01
110	1	3	0	2	3	-4.41481e-03	6.31040e-02	4.74456e+00
110	1	4	0	2	3	2.20715e-03	-4.62649e-01	1.41193e+01
110	1	5	0	2	3	1.24774e-03	-3.78053e-01	1.33496e+01
110	1	6	0	2	3	3.75568e-03	-5.65467e-01	1.56274e+01
110	1	7	0	2	3	4.94778e-03	-6.50754e-01	1.76992e+01
110	1	8	0	2	3	3.74564e-03	-5.65332e-01	1.60691e+01
110	1	9	0	2	3	2.79500e-03	-5.05975e-01	1.68423e+01
110	1	10	0	2	3	2.31463e-03	-4.62795e-01	1.40527e+01
110	1	11	0	2	3	-8.31604e-04	-2.14499e-01	1.04685e+01
110	1	12	0	2	3	3.17008e-03	-5.20766e-01	1.53292e+01
110	1	13	0	2	3	3.36865e-03	-5.34426e-01	1.62365e+01
110	1	14	0	2	3	4.19051e-03	-6.06122e-01	1.68385e+01
110	1	15	0	2	3	3.93287e-03	-5.72550e-01	1.67501e+01
110	1	16	0	2	3	3.30203e-03	-5.29511e-01	1.55123e+01
110	1	17	0	2	3	2.69715e-03	-4.71140e-01	1.49632e+01
110	1	18	0	2	3	3.69585e-03	-5.63190e-01	1.56412e+01
110	1	19	0	2	3	3.56436e-03	-5.45479e-01	1.68690e+01
110	1	20	0	2	3	4.16437e-03	-5.97687e-01	1.71417e+01
110	1	21	0	2	3	3.26921e-03	-5.24934e-01	1.64840e+01
110	1	22	0	2	3	3.87198e-03	-5.69069e-01	1.62203e+01
110	1	23	0	2	3	4.13640e-03	-5.77202e-01	1.65249e+01
110	1	24	0	2	3	3.42585e-03	-5.44674e-01	1.58258e+01
110	1	25	0	2	3	2.75794e-03	-4.81220e-01	1.49784e+01
110	1	26	0	2	3	4.65103e-03	-6.32671e-01	1.72541e+01
110	1	27	0	2	3	4.39560e-03	-5.98090e-01	1.77131e+01
110	1	28	0	2	3	3.46373e-03	-5.48522e-01	1.57992e+01
110	1	29	0	2	3	3.27100e-03	-5.24581e-01	1.60425e+01
110	1	30	0	2	3	4.06577e-03	-5.88282e-01	1.67446e+01
110	1	31	0	2	3	4.00572e-03	-5.91216e-01	1.74973e+01
110	1	32	0	2	3	3.71898e-03	-5.65106e-01	1.65616e+01
110	1	33	0	2	3	3.61497e-03	-5.52273e-01	1.54180e+01
110	1	34	0	2	3	4.03022e-03	-5.78503e-01	1.50351e+01
110	1	35	0	2	3	4.23024e-03	-6.03185e-01	1.75762e+01
110	1	36	0	2	3	3.41585e-03	-5.31951e-01	1.53841e+01
110	1	37	0	2	3	3.61744e-03	-5.46277e-01	1.55350e+01
110	1	38	0	2	3	4.30290e-03	-6.00205e-01	1.68324e+01
110	1	39	0	2	3	3.64016e-03	-5.42424e-01	1.63573e+01
110	1	40	0	2	3	4.30517e-03	-5.94984e-01	1.63644e+01
110	1	41	0	2	3	3.36643e-03	-5.26299e-01	1.55837e+01
110	1	42	0	2	3	4.04980e-03	-5.75401e-01	1.55505e+01
110	1	43	0	2	3	3.78293e-03	-5.56916e-01	1.68624e+01
110	1	44	0	2	3	3.87062e-03	-5.72928e-01	1.61998e+01
110	1	45	0	2	3	4.21789e-03	-5.95531e-01	1.71401e+01
110	1	46	0	2	3	4.17385e-03	-5.92717e-01	1.64520e+01
110	1	47	0	2	3	3.77391e-03	-5.76002e-01	1.76589e+01
110	1	48	0	2	3	3.80449e-03	-5.61391e-01	1.56064e+01
110	1	49	0	2	3	3.70151e-03	-5.46721e-01	1.63441e+01
110	1	50	0	2	3	3.99235e-03	-5.78376e-01	1.59078e+01
110	1	51	0	2	3	4.27612e-03	-5.97479e-01	1.70316e+01
110	1	52	0	2	3	3.62121e-03	-5.63406e-01	1.60126e+01
110	1	53	0	2	3	3.15435e-03	-5.14282e-01	1.58355e+01
110	1	54	0	2	3	4.37582e-03	-6.14565e-01	1.68041e+01
110	1	55	0	2	3	4.07045e-03	-5.81319e-01	1.68074e+01
110	1	56	0	2	3	3.82451e-03	-5.81564e-01	1.63841e+01
110	1	57	0	2	3	3.79880e-03	-5.65173e-01	1.63130e+01
110	1	58	0	2	3	4.18389e-03	-6.08040e-01	1.77311e+01
110	1	59	0	2	3	4.31062e-03	-6.08503e-01	1.83216e+01
110	1	60	0	2	3	3.81569e-03	-5.72185e-01	1.58978e+01
110	1	61	0	2	3	3.74752e-03	-5.46640e-01	1.64091e+01
110	1	62	0	2	3	3.83973e-03	-5.68067e-01	1.57233e+01
110	1	63	0	2	3	4.30809e-03	-6.04116e-01	1.73487e+01
110	1	64	0	2	3	3.88335e-03	-5.78599e-01	1.73728e+01
110	1	65	0	2	3	4.19464e-03	-5.93661e-01	1.64217e+01
110	1	66	0	2	3	4.53062e-03	-6.30180e-01	1.69946e+01
110	1	67	0	2	3	4.25203e-03	-6.00984e-01	1.66744e+01
110	1	68	0	2	3	3.45534e-03	-5.33682e-01	1.48731e+01
110	1	69	0	2	3	4.03134e-03	-5.82902e-01	1.63257e+01
110	1	70	0	2	3	4.12740e-03	-5.94300e-01	1.64102e+01
110	1	71	0	2	3	4.29813e-03	-6.10736e-01	1.70989e+01
110	1	72	0	2	3	3.99693e-03	-5.81176e-01	1.66811e+01
110	1	73	0	2	3	4.25394e-03	-6.01481e-01	1.73300e+01
110	1	74	0	2	3	4.10796e-03	-5.87936e-01	1.59378e+01
110	1	75	0	2	3	4.23414e-03	-6.03417e-01	1.63610e+01
110	1	76	0	2	3	3.37611e-03	-5.35836e-01	1.56920e+01
110	1	77	0	2	3	3.87830e-03	-5.76399e-01	1.68575e+01
110	1	78	0	2	3	4.10267e-03	-5.92716e-01	1.60505e+01
110	1	79	0	2	3	4.19464e-03	-5.94247e-01	1.60308e+01
110	1	80	0	2	3	3.78255e-03	-5.63848e-01	1.60985e+01
110	1	81	0	2	3	4.07780e-03	-5.79822e-01	1.60271e+01
110	1	82	0	2	3	4.04394e-03	-5.83028e-01	1.72718e+01
110	1	83	0	2	3	4.11403e-03	-5.76907e-01	1.62713e+01
110	1	84	0	2	3	3.54031e-03	-5.35495e-01	1.49522e+01
110	1	85	0	2	3	3.89678e-03	-5.65890e-01	1.60230e+01
110	1	86	0	2	3	4.01990e-03	-5.84866e-01	1.61424e+01
110	1	87	0	2	3	4.56556e-03	-6.11607e-01	1.56043e+01
110	1	88	0	2	3	3.82260e-03	-5.66993e-01	1.65199e+01
110	1	89	0	2	3	3.67314e-03	-5.60485e-01	1.57485e+01
110	1	90	0	2	3	4.00855e-03	-5.82141e-01	1.59509e+01
110	1	91	0	2	3	3.89616e-03	-5.69023e-01	1.56681e+01
110	1	92	0	2	3	3.61817e-03	-5.44749e-01	1.56438e+01
110	1	93	0	2	3	3.81715e-03	-5.64789e-01	1.62736e+01
110	1	94	0	2	3	3.48612e-03	-5.52801e-01	1.57594e+01
110	1	95	0	2	3	4.20686e-03	-5.97649e-01	1.65625e+01
110	1	96	0	2	3	3.43462e-03	-5.39966e-01	1.53582e+01
110	1	97	0	2	3	3.81666e-03	-5.60339e-01	1.55178e+01
110	1	98	0	2	3	3.89230e-03	-5.92990e-01	1.77200e+01
110	1	99	0	2	3	4.27769e-03	-6.01443e-01	1.67221e+01
110	1	100	0	2	3	3.44427e-03	-5.29761e-01	1.56493e+01
110	1	101	0	2	3	3.43868e-03	-5.34911e-01	1.49771e+01
110	1	102	0	2	3	4.32691e-03	-6.13447e-01	1.71739e+01
110	1	103	0	2	3	4.35233e-03	-6.01586e-01	1.65255e+01
110	1	104	0	2	3	3.51229e-03	-5.46028e-01	1.59658e+01
110	1	105	0	2	3	3.95656e-03	-5.73707e-01	1.54427e+01
110	1	106	0	2	3	4.57166e-03	-6.33402e-01	1.73787e+01
110	1	107	0	2	3	4.73098e-03	-6.30105e-01	1.61855e+01
110	1	108	0	2	3	3.52379e-03	-5.46850e-01	1.67036e+01
110	1	109	0	2	3	3.85733e-03	-5.72129e-01	1.60603e+01
110	1	110	0	2	3	4.72141e-03	-6.37493e-01	1.75780e+01
110	1	111	0	2	3	3.69496e-03	-5.67098e-01	1.65178e+01
110	1	112	0	2	3	4.18548e-03	-5.90258e-01	1.64248e+01
110	1	113	0	2	3	3.28357e-03	-5.25203e-01	1.56504e+01
110	1	114	0	2	3	3.87894e-03	-5.78911e-01	1.61672e+01
110	1	115	0	2	3	4.63847e-03	-6.26507e-01	1.71955e+01
110	1	116	0	2	3	4.41810e-03	-6.16206e-01	1.72175e+01
110	1	117	0	2	3	3.95470e-03	-5.70290e-01	1.63492e+01
110	1	118	0	2	3	3.48050e-03	-5.45159e-01	1.50519e+01
110	1	119	0	2	3	4.56302e-03	-6.18344e-01	1.73934e+01
110	1	120	0	2	3	4.21527e-03	-5.90614e-01	1.63166e+01
110	1	121	0	2	3	4.05456e-03	-5.78936e-01	1.63054e+01
110	1	122	0	2	3	3.79616e-03	-5.77698e-01	1.76638e+01
110	1	123	0	2	3	3.60051e-03	-5.62682e-01	1.77988e+01
110	1	124	0	2	3	3.68245e-03	-5.48632e-01	1.51892e+01
110	1	125	0	2	3	4.19503e-03	-5.95133e-01	1.70138e+01
110	1	126	0	2	3	3.71491e-03	-5.50213e-01	1.58119e+01
110	1	127	0	2	3	3.91369e-03	-5.67689e-01	1.61813e+01
110	1	128	0	2	3	4.19680e-03	-6.22625e-01	1.81017e+01
110	1	129	0	2	3	2.85733e-03	-5.26663e-01	1.63590e+01
110	1	130	0	2	3	4.87204e-03	-6.72609e-01	1.81578e+01
110	1	131	0	2	3	4.00184e-03	-5.82191e-01	1.64754e+01
110	1	132	0	2	3	2.71875e-03	-4.98700e-01	1.57807e+01
110	1	133	0	2	3	3.00884e-03	-4.90305e-01	1.43371e+01
110	1	134	0	2	3	6.49686e-04	-3.52802e-01	1.31488e+01
110	1	135	0	2	3	4.96659e-03	-6.53792e-01	1.70097e+01
110	1	136	0	2	3	-3.20815e-03	-6.28376e-02	8.04716e+00
110	1	137	0	2	3	6.19013e-03	-7.55594e-01	2.00875e+01
110	1	138	0	2	3	5.08292e-03	-6.60629e-01	1.78637e+01
110	1	139	0	2	3	4.58146e-03	-6.29755e-01	1.68536e+01
110	1	140	0	2	3	2.13981e-03	-4.45799e-01	1.38519e+01
110	1	141	0	2	3	3.06658e-03	-5.25603e-01	1.54783e+01
110	1	142	0	2	3	8.74627e-04	-3.70177e-01	1.27203e+01
110	1	143	0	2	3	-1.92373e-04	-2.80098e-01	1.17119e+01
110	1	144	0	2	3	3.66318e-03	-5.54945e-01	1.59788e+01
110	1	145	0	2	3	3.89433e-03	-5.45681e-01	1.54138e+01
110	1	146	0	2	3	4.53865e-03	-6.47956e-01	1.81337e+01
110	1	147	0	2	3	3.09985e-03	-5.24299e-01	1.49160e+01
110	1	148	0	2	3	-1.28674e-03	-1.99104e-01	1.00345e+01
110	1	149	0	2	3	2.77551e-04	-3.15474e-01	1.23310e+01
110	1	150	0	2	3	4.58190e-03	-6.43663e-01	1.74886e+01
110	1	151	0	2	3	6.51840e-03	-7.42608e-01	1.90025e+01
110	1	152	0	2	3	-1.15268e-02	6.05081e-01	-5.05388e+00
110	1	153	0	2	3	1.87515e-03	-4.12998e-01	1.40770e+01
110	1	154	0	2	3	1.45321e-03	-4.50146e-01	1.45504e+01
110	1	155	0	2	3	4.83013e-03	-6.71031e-01	1.85231e+01
110	1	156	0	2	3	-1.84518e-03	-1.05880e-01	6.89949e+00
110	1	157	0	2	3	5.91821e-03	-7.43803e-01	1.96313e+01
110	1	158	0	2	3	2.21679e-03	-4.56081e-01	1.49658e+01
110	1	159	0	2	3	9.04093e-04	-3.64605e-01	1.29307e+01
