##
#  file: HodoPHCParam_Dummy
#  date: 2016.06.15
#  note: first version
#
#
#######################################################################
# CId	PlId	Seg	UorD	Type	nParam	p0	p1	...
#
#	Type=0 no correction will be performed
#	Type=1 ct=t-p[0]/sqrt(a-p[1])+p[2]
#	Type=2 ct=p[0]*a*a + p[1]*a + p[2] for Fiber
#
#######################################################################
# BH1 Up                                                              #
#######################################################################
1	0	0	0	1	3	9.72882e+01	-2.42381e+01	1.93388e+01
1	0	1	0	1	3	8.39811e-01	2.30870e-01	9.07677e-01
1	0	2	0	1	3	7.96271e-01	2.02772e-01	8.76313e-01
1	0	3	0	1	3	1.24269e+00	-1.47574e-01	1.19840e+00
1	0	4	0	1	3	1.09931e+00	-7.72769e-02	1.08260e+00
1	0	5	0	1	3	1.05845e+00	1.40683e-01	1.18835e+00
1	0	6	0	1	3	1.24845e+00	-7.32092e-02	1.22011e+00
1	0	7	0	1	3	1.38494e+00	-1.69323e-01	1.29113e+00
1	0	8	0	1	3	1.12943e+00	-1.85789e-01	1.05048e+00
1	0	9	0	1	3	1.39270e+00	-1.82072e-01	1.30041e+00
1	0	10	0	1	3	1.71493e+02	-3.15885e+01	3.00372e+01
#######################################################################
# BH1 Down                                                            #
#######################################################################
1	0	0	1	1	3	1.69589e+00	-2.63702e-01	1.46458e+00
1	0	1	1	1	3	6.65147e-01	3.06785e-01	7.74182e-01
1	0	2	1	1	3	1.69164e+00	-4.50471e-01	1.36238e+00
1	0	3	1	1	3	7.14482e+01	-2.23619e+01	1.47724e+01
1	0	4	1	1	3	1.42431e+00	-1.84323e-01	1.31423e+00
1	0	5	1	1	3	1.48351e+00	-1.17877e-01	1.40777e+00
1	0	6	1	1	3	1.64799e+00	-3.01989e-01	1.48452e+00
1	0	7	1	1	3	1.48685e+00	-1.75507e-01	1.38619e+00
1	0	8	1	1	3	5.71792e-01	2.68423e-01	6.99614e-01
1	0	9	1	1	3	1.07020e+00	4.47097e-02	1.11772e+00
1	0	10	1	1	3	5.19525e-01	3.65790e-01	6.45791e-01
#######################################################################
# BH2 Up                                                              #
#######################################################################
2	0	0	0	1	3	-7.91192e-01	-8.85814e-02	-8.07011e-01
2	0	1	0	1	3	-2.18114e+01	-8.39950e+00	-7.14631e+00
2	0	2	0	1	3	-1.46198e+01	-6.79278e+00	-5.27897e+00
2	0	3	0	1	3	-9.82456e-01	-1.04837e-01	-9.54620e-01
2	0	4	0	1	3	-2.02156e+02	-4.45349e+01	-3.00444e+01
2	0	5	0	1	3	-8.33989e-01	-9.59313e-02	-8.08163e-01
2	0	6	0	1	3	-5.41838e+01	-1.62888e+01	-1.29415e+01
2	0	7	0	1	3	-2.18181e+02	-4.95768e+01	-3.06039e+01
#######################################################################
# BH2 Down                                                            #
#######################################################################
2	0	0	1	1	3	-7.91192e-01	-8.85814e-02	-8.07011e-01
2	0	1	1	1	3	-2.18114e+01	-8.39950e+00	-7.14631e+00
2	0	2	1	1	3	-1.46198e+01	-6.79278e+00	-5.27897e+00
2	0	3	1	1	3	-9.82456e-01	-1.04837e-01	-9.54620e-01
2	0	4	1	1	3	-2.02156e+02	-4.45349e+01	-3.00444e+01
2	0	5	1	1	3	-8.33989e-01	-9.59313e-02	-8.08163e-01
2	0	6	1	1	3	-5.41838e+01	-1.62888e+01	-1.29415e+01
2	0	7	1	1	3	-2.18181e+02	-4.95768e+01	-3.06039e+01
#######################################################################
# BAC                                                                 #
#######################################################################
3	0	0	0	1	3	0.00000e+00	0.00000e+00	0.00000e+00
3	0	1	0	1	3	0.00000e+00	0.00000e+00	0.00000e+00
#######################################################################
# FBH Up                                                              #
#######################################################################
4	0	0	0	2	3	-5.62952e-03	8.96903e-01	-3.53273e+01
4	0	1	0	2	3	-4.29399e-03	7.37975e-01	-3.00049e+01
4	0	2	0	2	3	-5.26894e-03	8.67305e-01	-3.38992e+01
4	0	3	0	2	3	-3.80183e-03	6.69237e-01	-2.72260e+01
4	0	4	0	2	3	-4.35014e-03	7.35785e-01	-2.92008e+01
4	0	5	0	2	3	-4.02541e-03	6.86907e-01	-2.70312e+01
4	0	6	0	2	3	-4.16660e-03	7.08229e-01	-2.81512e+01
4	0	7	0	2	3	-3.93117e-03	6.84759e-01	-2.69101e+01
4	0	8	0	2	3	-4.14423e-03	6.96902e-01	-2.65883e+01
4	0	9	0	2	3	-2.83372e-03	5.62925e-01	-2.20787e+01
4	0	10	0	2	3	-4.07944e-03	7.09420e-01	-2.75603e+01
4	0	11	0	2	3	-3.50961e-03	6.50113e-01	-2.64167e+01
4	0	12	0	2	3	-3.52415e-03	6.49734e-01	-2.67232e+01
4	0	13	0	2	3	-4.13420e-03	7.26957e-01	-2.99675e+01
4	0	14	0	2	3	-4.90315e-03	8.27563e-01	-3.35630e+01
4	0	15	0	2	3	-4.73048e-03	8.13189e-01	-3.31901e+01
#######################################################################
# FBH Down                                                            #
#######################################################################
4	0	0	1	2	3	-5.62952e-03	8.96903e-01	-3.53273e+01
4	0	1	1	2	3	-4.29399e-03	7.37975e-01	-3.00049e+01
4	0	2	1	2	3	-5.26894e-03	8.67305e-01	-3.38992e+01
4	0	3	1	2	3	-3.80183e-03	6.69237e-01	-2.72260e+01
4	0	4	1	2	3	-4.35014e-03	7.35785e-01	-2.92008e+01
4	0	5	1	2	3	-4.02541e-03	6.86907e-01	-2.70312e+01
4	0	6	1	2	3	-4.16660e-03	7.08229e-01	-2.81512e+01
4	0	7	1	2	3	-3.93117e-03	6.84759e-01	-2.69101e+01
4	0	8	1	2	3	-4.14423e-03	6.96902e-01	-2.65883e+01
4	0	9	1	2	3	-2.83372e-03	5.62925e-01	-2.20787e+01
4	0	10	1	2	3	-4.07944e-03	7.09420e-01	-2.75603e+01
4	0	11	1	2	3	-3.50961e-03	6.50113e-01	-2.64167e+01
4	0	12	1	2	3	-3.52415e-03	6.49734e-01	-2.67232e+01
4	0	13	1	2	3	-4.13420e-03	7.26957e-01	-2.99675e+01
4	0	14	1	2	3	-4.90315e-03	8.27563e-01	-3.35630e+01
4	0	15	1	2	3	-4.73048e-03	8.13189e-01	-3.31901e+01
#######################################################################
# PVAC                                                                #
#######################################################################
5	0	0	0	1	3	0.00000e+00	0.00000e+00	0.00000e+00
#######################################################################
# FAC                                                                 #
#######################################################################
6	0	0	0	1	3	0.00000e+00	0.00000e+00	0.00000e+00
#######################################################################
# SCH                                                                 #
#######################################################################
#7	0	0	0	2	3	-0.00500000	0.821213	-32.185321
#7	0	1	0	2	3	-0.00500000	0.830248	-32.269563
#7	0	2	0	2	3	-0.00500000	0.793073	-29.315934
#7	0	3	0	2	3	-0.00500000	0.772144	-28.276705
#7	0	4	0	2	3	-0.00500000	0.801968	-30.687167
#7	0	5	0	2	3	-0.00500000	0.778300	-28.439251
#7	0	6	0	2	3	-0.00500000	0.765872	-27.918181
#7	0	7	0	2	3	-0.00500000	0.738459	-26.016797
#7	0	8	0	2	3	-0.00500000	0.778318	-28.676371
#7	0	9	0	2	3	-0.00500000	0.776670	-28.892887
#7	0	10	0	2	3	-0.00500000	0.764278	-28.122474
#7	0	11	0	2	3	-0.00500000	0.790742	-29.423647
#7	0	12	0	2	3	-0.00500000	0.811330	-30.487019
#7	0	13	0	2	3	-0.00500000	0.818750	-30.891512
#7	0	14	0	2	3	-0.00500000	0.802541	-30.009136
#7	0	15	0	2	3	-0.00500000	0.809525	-30.751746
#7	0	16	0	2	3	-0.00500000	0.802597	-30.845509
#7	0	17	0	2	3	-0.00500000	0.835028	-32.780792
#7	0	18	0	2	3	-0.00500000	0.859176	-33.938731
#7	0	19	0	2	3	-0.00500000	0.814851	-31.445396
#7	0	20	0	2	3	-0.00500000	0.809426	-30.781087
#7	0	21	0	2	3	-0.00500000	0.780678	-28.888756
#7	0	22	0	2	3	-0.00500000	0.808206	-30.719604
#7	0	23	0	2	3	-0.00500000	0.774024	-27.858339
#7	0	24	0	2	3	-0.00500000	0.794308	-29.022101
#7	0	25	0	2	3	-0.00500000	0.775649	-27.980186
#7	0	26	0	2	3	-0.00500000	0.788483	-28.687567
#7	0	27	0	2	3	-0.00466315	0.771386	-29.253260
#7	0	28	0	2	3	-0.00483132	0.790854	-28.637741
#7	0	29	0	2	3	-0.00497049	0.812994	-30.786914
#7	0	30	0	2	3	-0.00500000	0.787793	-28.362716
#7	0	31	0	2	3	-0.00500000	0.790759	-28.876812
#7	0	32	0	2	3	-0.00500000	0.824826	-31.655285
#7	0	33	0	2	3	-0.00500000	0.845304	-33.407765
#7	0	34	0	2	3	-0.00500000	0.832263	-32.939799
#7	0	35	0	2	3	-0.00500000	0.820631	-31.695372
#7	0	36	0	2	3	-0.00500000	0.836997	-33.200590
#7	0	37	0	2	3	-0.00500000	0.819690	-32.097193
#7	0	38	0	2	3	-0.00500000	0.808109	-31.263214
#7	0	39	0	2	3	-0.00500000	0.815224	-31.135523
#7	0	40	0	2	3	-0.00500000	0.803398	-29.897923
#7	0	41	0	2	3	-0.00500000	0.815685	-31.165519
#7	0	42	0	2	3	-0.00500000	0.812980	-30.737261
#7	0	43	0	2	3	-0.00500000	0.829418	-32.693307
#7	0	44	0	2	3	-0.00500000	0.789530	-29.464920
#7	0	45	0	2	3	-0.00500000	0.804789	-31.208151
#7	0	46	0	2	3	-0.00500000	0.830106	-32.806514
#7	0	47	0	2	3	-0.00500000	0.819206	-31.373242
#7	0	48	0	2	3	-0.00500000	0.816165	-31.709319
#7	0	49	0	2	3	-0.00500000	0.798496	-30.201709
#7	0	50	0	2	3	-0.00500000	0.812167	-31.795745
#7	0	51	0	2	3	-0.00500000	0.810749	-31.375226
#7	0	52	0	2	3	-0.00500000	0.803385	-31.372512
#7	0	53	0	2	3	-0.00500000	0.777405	-29.262831
#7	0	54	0	2	3	-0.00500000	0.783954	-29.763410
#7	0	55	0	2	3	-0.00500000	0.789443	-29.976449
#7	0	56	0	2	3	-0.00500000	0.838828	-33.261086
#7	0	57	0	2	3	-0.00500000	0.804421	-30.573195
#7	0	58	0	2	3	-0.00500000	0.773283	-29.111048
#7	0	59	0	2	3	-0.00500000	0.811789	-31.449459
#7	0	60	0	2	3	-0.00500000	0.759724	-28.110014
#7	0	61	0	2	3	-0.00500000	0.810884	-31.379063
#7	0	62	0	2	3	-0.00500000	0.771910	-28.435006
#7	0	63	0	2	3	-0.00500000	0.796658	-30.511906
#######################################################################
# TOF Up                                                              #
#######################################################################
7	0	0	0	1	3	5.24830e+00	-1.96630e+00	2.96170e+00
7	0	1	0	1	3	5.24830e+00	-1.96630e+00	2.96170e+00
7	0	2	0	1	3	5.24830e+00	-1.96630e+00	2.96170e+00
7	0	3	0	1	3	5.24830e+00	-1.96630e+00	2.96170e+00
7	0	4	0	1	3	5.24830e+00	-1.96630e+00	2.96170e+00
7	0	5	0	1	3	5.24830e+00	-1.96630e+00	2.96170e+00
7	0	6	0	1	3	6.97090e+00	-3.03520e+00	3.39910e+00
7	0	7	0	1	3	4.05450e+00	-1.96150e+00	2.30360e+00
7	0	8	0	1	3	1.16940e+02	-2.98600e+01	2.09880e+01
7	0	9	0	1	3	5.24830e+00	-1.96630e+00	2.96170e+00
7	0	10	0	1	3	5.24830e+00	-1.96630e+00	2.96170e+00
7	0	11	0	1	3	5.24830e+00	-1.96630e+00	2.96170e+00
7	0	12	0	1	3	5.24830e+00	-1.96630e+00	2.96170e+00
7	0	13	0	1	3	5.24830e+00	-1.96630e+00	2.96170e+00
7	0	14	0	1	3	5.24830e+00	-1.96630e+00	2.96170e+00
7	0	15	0	1	3	5.24830e+00	-1.96630e+00	2.96170e+00
7	0	16	0	1	3	5.24830e+00	-1.96630e+00	2.96170e+00
7	0	17	0	1	3	5.24830e+00	-1.96630e+00	2.96170e+00
7	0	18	0	1	3	5.24830e+00	-1.96630e+00	2.96170e+00
7	0	19	0	1	3	7.11491e-01	1.85180e-03	5.82402e-01
7	0	20	0	1	3	5.59404e-01	-1.73810e-03	4.50716e-01
7	0	21	0	1	3	8.92499e-01	1.99900e-03	7.37364e-01
7	0	22	0	1	3	6.37553e-01	1.99960e-03	5.45449e-01
7	0	23	0	1	3	1.19210e+00	1.98920e-03	9.99994e-01
#######################################################################
# TOF Down                                                            #
#######################################################################
7	0	0	1	1	3	5.84300e+00	-2.30730e+00	3.11320e+00
7	0	1	1	1	3	5.84300e+00	-2.30730e+00	3.11320e+00
7	0	2	1	1	3	5.84300e+00	-2.30730e+00	3.11320e+00
7	0	3	1	1	3	5.84300e+00	-2.30730e+00	3.11320e+00
7	0	4	1	1	3	5.84300e+00	-2.30730e+00	3.11320e+00
7	0	5	1	1	3	5.84300e+00	-2.30730e+00	3.11320e+00
7	0	6	1	1	3	1.41330e+01	-5.81170e+00	5.32680e+00
7	0	7	1	1	3	7.84850e+01	-2.02870e+01	1.69500e+01
7	0	8	1	1	3	2.20240e+02	-3.62440e+01	3.60080e+01
7	0	9	1	1	3	5.84300e+00	-2.30730e+00	3.11320e+00
7	0	10	1	1	3	5.84300e+00	-2.30730e+00	3.11320e+00
7	0	11	1	1	3	5.84300e+00	-2.30730e+00	3.11320e+00
7	0	12	1	1	3	5.84300e+00	-2.30730e+00	3.11320e+00
7	0	13	1	1	3	5.84300e+00	-2.30730e+00	3.11320e+00
7	0	14	1	1	3	5.84300e+00	-2.30730e+00	3.11320e+00
7	0	15	1	1	3	5.84300e+00	-2.30730e+00	3.11320e+00
7	0	16	1	1	3	5.84300e+00	-2.30730e+00	3.11320e+00
7	0	17	1	1	3	5.84300e+00	-2.30730e+00	3.11320e+00
7	0	18	1	1	3	5.84300e+00	-2.30730e+00	3.11320e+00
7	0	19	1	1	3	6.18741e-01	1.99860e-03	4.90831e-01
7	0	20	1	1	3	5.75901e-01	1.04210e-03	4.72509e-01
7	0	21	1	1	3	9.41046e-01	1.99890e-03	7.79357e-01
7	0	22	1	1	3	4.84266e-01	-1.95590e-03	3.99786e-01
7	0	23	1	1	3	8.97714e-01	1.99860e-03	7.56300e-01
#######################################################################
# BFT U                                                               #
#######################################################################
110	0	0	0	2	3	-4.25814e-03	1.37963e-01	1.89208e+00
110	0	1	0	2	3	1.13479e-02	-1.05078e+00	2.52412e+01
110	0	2	0	2	3	3.01061e-03	-5.06059e-01	1.58780e+01
110	0	3	0	2	3	2.90568e-03	-5.01849e-01	1.51427e+01
110	0	4	0	2	3	-1.93855e-03	3.83859e-02	1.71130e+00
110	0	5	0	2	3	1.88242e-03	-4.17001e-01	1.44211e+01
110	0	6	0	2	3	4.07996e-03	-5.85544e-01	1.73756e+01
110	0	7	0	2	3	3.24369e-03	-5.07778e-01	1.57810e+01
110	0	8	0	2	3	3.91875e-03	-5.68332e-01	1.62994e+01
110	0	9	0	2	3	2.11343e-03	-4.39445e-01	1.46283e+01
110	0	10	0	2	3	4.36365e-03	-6.01572e-01	1.70890e+01
110	0	11	0	2	3	5.78946e-04	-2.97827e-01	1.13517e+01
110	0	12	0	2	3	4.15596e-03	-5.65832e-01	1.53469e+01
110	0	13	0	2	3	4.94968e-03	-6.46156e-01	1.81588e+01
110	0	14	0	2	3	3.89554e-03	-5.56115e-01	1.61752e+01
110	0	15	0	2	3	1.73334e-04	-2.89520e-01	1.15916e+01
110	0	16	0	2	3	3.85796e-03	-5.55845e-01	1.51761e+01
110	0	17	0	2	3	3.63327e-03	-5.38811e-01	1.55942e+01
110	0	18	0	2	3	3.18979e-03	-5.16840e-01	1.45269e+01
110	0	19	0	2	3	5.71459e-03	-6.85694e-01	1.71330e+01
110	0	20	0	2	3	3.88386e-03	-5.61347e-01	1.57816e+01
110	0	21	0	2	3	3.87498e-03	-5.62892e-01	1.74833e+01
110	0	22	0	2	3	3.73477e-03	-5.60702e-01	1.57926e+01
110	0	23	0	2	3	3.02011e-03	-5.04251e-01	1.52672e+01
110	0	24	0	2	3	4.05727e-03	-5.78173e-01	1.64365e+01
110	0	25	0	2	3	2.60780e-03	-4.56070e-01	1.45708e+01
110	0	26	0	2	3	3.96778e-03	-5.82026e-01	1.73308e+01
110	0	27	0	2	3	4.53837e-03	-5.96423e-01	1.64967e+01
110	0	28	0	2	3	3.59336e-03	-5.35406e-01	1.47064e+01
110	0	29	0	2	3	4.60213e-03	-6.08333e-01	1.64289e+01
110	0	30	0	2	3	3.71530e-03	-5.60633e-01	1.67137e+01
110	0	31	0	2	3	4.22148e-03	-5.80003e-01	1.63293e+01
110	0	32	0	2	3	3.93136e-03	-5.80037e-01	1.64220e+01
110	0	33	0	2	3	4.14675e-03	-5.60862e-01	1.32902e+01
110	0	34	0	2	3	4.36221e-03	-5.98938e-01	1.63073e+01
110	0	35	0	2	3	5.24553e-03	-6.66726e-01	1.80660e+01
110	0	36	0	2	3	3.59286e-03	-5.33992e-01	1.49331e+01
110	0	37	0	2	3	4.28567e-03	-5.95151e-01	1.76774e+01
110	0	38	0	2	3	4.51065e-03	-6.02933e-01	1.57303e+01
110	0	39	0	2	3	4.67997e-03	-6.13470e-01	1.76001e+01
110	0	40	0	2	3	3.61235e-03	-5.40711e-01	1.50744e+01
110	0	41	0	2	3	4.62026e-03	-6.09813e-01	1.76445e+01
110	0	42	0	2	3	4.25798e-03	-5.84146e-01	1.63250e+01
110	0	43	0	2	3	3.80680e-03	-5.63048e-01	1.65894e+01
110	0	44	0	2	3	4.26332e-03	-5.91002e-01	1.60953e+01
110	0	45	0	2	3	4.08330e-03	-5.68404e-01	1.64614e+01
110	0	46	0	2	3	4.30108e-03	-6.04240e-01	1.66340e+01
110	0	47	0	2	3	4.11140e-03	-5.83081e-01	1.79429e+01
110	0	48	0	2	3	3.80755e-03	-5.52683e-01	1.43512e+01
110	0	49	0	2	3	3.70179e-03	-5.44799e-01	1.65588e+01
110	0	50	0	2	3	4.29972e-03	-5.91153e-01	1.64857e+01
110	0	51	0	2	3	4.45134e-03	-6.02237e-01	1.75300e+01
110	0	52	0	2	3	3.98167e-03	-5.65753e-01	1.51898e+01
110	0	53	0	2	3	4.31579e-03	-5.87252e-01	1.60721e+01
110	0	54	0	2	3	4.57290e-03	-6.14471e-01	1.65528e+01
110	0	55	0	2	3	4.81756e-03	-6.30098e-01	1.79513e+01
110	0	56	0	2	3	3.65239e-03	-5.58316e-01	1.65952e+01
110	0	57	0	2	3	4.84391e-03	-6.28539e-01	1.75234e+01
110	0	58	0	2	3	3.69310e-03	-5.51976e-01	1.65070e+01
110	0	59	0	2	3	3.95079e-03	-5.80114e-01	1.71067e+01
110	0	60	0	2	3	4.45105e-03	-6.07832e-01	1.60760e+01
110	0	61	0	2	3	3.52117e-03	-5.38776e-01	1.57782e+01
110	0	62	0	2	3	4.83372e-03	-6.35724e-01	1.69195e+01
110	0	63	0	2	3	4.66907e-03	-6.21217e-01	1.70882e+01
110	0	64	0	2	3	3.75570e-03	-5.63942e-01	1.60701e+01
110	0	65	0	2	3	3.89979e-03	-5.65784e-01	1.61861e+01
110	0	66	0	2	3	4.02507e-03	-5.93253e-01	1.68645e+01
110	0	67	0	2	3	3.52741e-03	-5.42989e-01	1.59843e+01
110	0	68	0	2	3	3.92969e-03	-5.83381e-01	1.69532e+01
110	0	69	0	2	3	4.10984e-03	-5.77074e-01	1.68982e+01
110	0	70	0	2	3	4.82468e-03	-6.51028e-01	1.81369e+01
110	0	71	0	2	3	4.16175e-03	-5.89901e-01	1.66194e+01
110	0	72	0	2	3	3.91020e-03	-5.79141e-01	1.67333e+01
110	0	73	0	2	3	3.99304e-03	-5.79041e-01	1.68437e+01
110	0	74	0	2	3	4.38677e-03	-6.17723e-01	1.75097e+01
110	0	75	0	2	3	3.96368e-03	-5.70724e-01	1.59029e+01
110	0	76	0	2	3	3.98571e-03	-5.76158e-01	1.57254e+01
110	0	77	0	2	3	3.55532e-03	-5.41732e-01	1.57288e+01
110	0	78	0	2	3	4.54108e-03	-6.28131e-01	1.70502e+01
110	0	79	0	2	3	4.32327e-03	-5.98555e-01	1.63918e+01
110	0	80	0	2	3	3.99888e-03	-5.78078e-01	1.68439e+01
110	0	81	0	2	3	4.14961e-03	-5.73858e-01	1.58698e+01
110	0	82	0	2	3	4.17192e-03	-5.87671e-01	1.65338e+01
110	0	83	0	2	3	4.57443e-03	-6.18187e-01	1.66540e+01
110	0	84	0	2	3	3.51534e-03	-5.40061e-01	1.56159e+01
110	0	85	0	2	3	4.27586e-03	-5.90580e-01	1.66106e+01
110	0	86	0	2	3	3.88174e-03	-5.83172e-01	1.62906e+01
110	0	87	0	2	3	4.62691e-03	-6.28541e-01	1.76572e+01
110	0	88	0	2	3	3.23916e-03	-5.16102e-01	1.55404e+01
110	0	89	0	2	3	4.11080e-03	-5.83456e-01	1.61193e+01
110	0	90	0	2	3	4.23253e-03	-5.99432e-01	1.63217e+01
110	0	91	0	2	3	4.46550e-03	-6.14634e-01	1.72517e+01
110	0	92	0	2	3	3.77169e-03	-5.73246e-01	1.67051e+01
110	0	93	0	2	3	4.13118e-03	-5.85723e-01	1.69803e+01
110	0	94	0	2	3	4.84263e-03	-6.63725e-01	1.94340e+01
110	0	95	0	2	3	4.87538e-03	-6.46687e-01	1.77588e+01
110	0	96	0	2	3	4.41967e-03	-6.18228e-01	1.71410e+01
110	0	97	0	2	3	4.22854e-03	-5.93109e-01	1.68879e+01
110	0	98	0	2	3	4.41916e-03	-6.23987e-01	1.72806e+01
110	0	99	0	2	3	4.32523e-03	-5.95246e-01	1.65298e+01
110	0	100	0	2	3	3.83736e-03	-5.72064e-01	1.68840e+01
110	0	101	0	2	3	3.09101e-03	-5.10272e-01	1.53169e+01
110	0	102	0	2	3	4.38843e-03	-6.19441e-01	1.70536e+01
110	0	103	0	2	3	4.59408e-03	-6.20580e-01	1.78499e+01
110	0	104	0	2	3	4.58644e-03	-6.26448e-01	1.69676e+01
110	0	105	0	2	3	3.89093e-03	-5.68643e-01	1.58612e+01
110	0	106	0	2	3	4.25682e-03	-6.05374e-01	1.67344e+01
110	0	107	0	2	3	4.36614e-03	-5.97197e-01	1.67894e+01
110	0	108	0	2	3	3.91009e-03	-5.74783e-01	1.67942e+01
110	0	109	0	2	3	4.69962e-03	-6.26587e-01	1.77568e+01
110	0	110	0	2	3	3.77626e-03	-5.75227e-01	1.70635e+01
110	0	111	0	2	3	3.87031e-03	-5.73066e-01	1.69539e+01
110	0	112	0	2	3	3.47734e-03	-5.44060e-01	1.51790e+01
110	0	113	0	2	3	4.50938e-03	-6.02678e-01	1.71686e+01
110	0	114	0	2	3	4.83639e-03	-6.47957e-01	1.84035e+01
110	0	115	0	2	3	4.99697e-03	-6.48444e-01	1.71714e+01
110	0	116	0	2	3	3.45586e-03	-5.45338e-01	1.60247e+01
110	0	117	0	2	3	4.74147e-03	-6.27908e-01	1.77717e+01
110	0	118	0	2	3	4.29562e-03	-6.06784e-01	1.77900e+01
110	0	119	0	2	3	5.58449e-03	-6.76886e-01	1.76006e+01
110	0	120	0	2	3	3.64743e-03	-5.68440e-01	1.67036e+01
110	0	121	0	2	3	3.80524e-03	-5.60307e-01	1.53264e+01
110	0	122	0	2	3	2.33770e-03	-4.66379e-01	1.50122e+01
110	0	123	0	2	3	5.30255e-03	-6.74228e-01	1.80505e+01
110	0	124	0	2	3	2.50067e-03	-4.65904e-01	1.51876e+01
110	0	125	0	2	3	4.30723e-03	-5.79527e-01	1.38120e+01
110	0	126	0	2	3	3.99766e-03	-5.79603e-01	1.67056e+01
110	0	127	0	2	3	3.93431e-03	-5.73999e-01	1.60214e+01
110	0	128	0	2	3	3.48222e-03	-5.78662e-01	1.81537e+01
110	0	129	0	2	3	3.19108e-03	-5.46165e-01	1.61134e+01
110	0	130	0	2	3	2.45732e-03	-4.86701e-01	1.61816e+01
110	0	131	0	2	3	2.74293e-03	-4.91120e-01	1.59649e+01
110	0	132	0	2	3	2.47907e-03	-4.93978e-01	1.58237e+01
110	0	133	0	2	3	4.53263e-03	-6.19792e-01	1.72898e+01
110	0	134	0	2	3	3.55318e-03	-5.80727e-01	1.80140e+01
110	0	135	0	2	3	3.86311e-03	-5.72715e-01	1.67249e+01
110	0	136	0	2	3	3.38690e-03	-5.46648e-01	1.63788e+01
110	0	137	0	2	3	4.16021e-03	-6.10323e-01	1.76707e+01
110	0	138	0	2	3	3.95094e-03	-6.01228e-01	1.84274e+01
110	0	139	0	2	3	3.80858e-03	-5.91466e-01	1.69319e+01
110	0	140	0	2	3	2.45058e-03	-4.94212e-01	1.58559e+01
110	0	141	0	2	3	3.32705e-03	-5.43567e-01	1.61803e+01
110	0	142	0	2	3	2.09827e-03	-4.53055e-01	1.50686e+01
110	0	143	0	2	3	3.32089e-03	-5.42051e-01	1.64753e+01
110	0	144	0	2	3	3.14393e-03	-5.31264e-01	1.57943e+01
110	0	145	0	2	3	3.64873e-03	-5.48949e-01	1.56857e+01
110	0	146	0	2	3	2.80903e-03	-5.18011e-01	1.65564e+01
110	0	147	0	2	3	3.15248e-03	-5.27825e-01	1.57646e+01
110	0	148	0	2	3	3.81776e-03	-5.87697e-01	1.71913e+01
110	0	149	0	2	3	4.06842e-03	-5.92775e-01	1.67521e+01
110	0	150	0	2	3	3.68380e-03	-5.70308e-01	1.74970e+01
110	0	151	0	2	3	2.75724e-03	-5.00629e-01	1.60563e+01
110	0	152	0	2	3	-2.80385e-03	-1.05008e-01	8.72036e+00
110	0	153	0	2	3	2.87661e-03	-5.25346e-01	1.60256e+01
110	0	154	0	2	3	2.85621e-03	-5.06111e-01	1.56444e+01
110	0	155	0	2	3	1.14546e-03	-3.90431e-01	1.36632e+01
110	0	156	0	2	3	-1.86274e-03	-1.77557e-01	1.05714e+01
110	0	157	0	2	3	-2.07238e-03	-1.49904e-01	1.00407e+01
110	0	158	0	2	3	3.23450e-03	-5.23088e-01	1.66771e+01
110	0	159	0	2	3	-3.80804e-03	5.23900e-03	6.93909e+00
#######################################################################
# BFT D                                                               #
#######################################################################
110	1	0	0	2	3	-1.09294e-02	3.98408e-01	2.21911e+00
110	1	1	0	2	3	-2.64137e-03	-1.29518e-01	9.98113e+00
110	1	2	0	2	3	-1.22358e-02	6.80996e-01	-7.20657e+00
110	1	3	0	2	3	-1.89457e-02	1.14759e+00	-1.39468e+01
110	1	4	0	2	3	-6.37714e-03	2.08485e-01	2.62798e+00
110	1	5	0	2	3	-2.14183e-05	-3.41025e-01	1.44163e+01
110	1	6	0	2	3	5.17467e-03	-6.50855e-01	1.72663e+01
110	1	7	0	2	3	2.58764e-03	-4.88840e-01	1.56308e+01
110	1	8	0	2	3	3.12177e-04	-3.10437e-01	1.19974e+01
110	1	9	0	2	3	-9.92138e-03	4.61287e-01	-8.66744e-01
110	1	10	0	2	3	4.06965e-03	-5.92687e-01	1.68414e+01
110	1	11	0	2	3	6.10463e-04	-3.38622e-01	1.25070e+01
110	1	12	0	2	3	1.40102e-03	-3.91772e-01	1.35766e+01
110	1	13	0	2	3	3.46940e-03	-5.46095e-01	1.60511e+01
110	1	14	0	2	3	4.21579e-03	-6.01608e-01	1.70676e+01
110	1	15	0	2	3	3.31351e-03	-5.23340e-01	1.62448e+01
110	1	16	0	2	3	3.20385e-03	-5.20928e-01	1.58875e+01
110	1	17	0	2	3	3.77305e-03	-5.57721e-01	1.61954e+01
110	1	18	0	2	3	4.11880e-03	-5.84917e-01	1.62947e+01
110	1	19	0	2	3	2.89704e-03	-4.98735e-01	1.55525e+01
110	1	20	0	2	3	3.41387e-03	-5.42997e-01	1.65846e+01
110	1	21	0	2	3	3.98191e-03	-5.76790e-01	1.78386e+01
110	1	22	0	2	3	2.20643e-03	-4.61944e-01	1.49906e+01
110	1	23	0	2	3	-2.62992e-03	-8.16297e-02	8.05316e+00
110	1	24	0	2	3	4.28215e-03	-6.07245e-01	1.74072e+01
110	1	25	0	2	3	3.39986e-03	-5.36025e-01	1.56311e+01
110	1	26	0	2	3	3.34456e-03	-5.41949e-01	1.61540e+01
110	1	27	0	2	3	3.26717e-03	-5.17839e-01	1.58170e+01
110	1	28	0	2	3	3.65235e-03	-5.59017e-01	1.63792e+01
110	1	29	0	2	3	3.55080e-03	-5.41549e-01	1.57438e+01
110	1	30	0	2	3	2.90976e-03	-5.07253e-01	1.58150e+01
110	1	31	0	2	3	3.70779e-03	-5.66891e-01	1.65249e+01
110	1	32	0	2	3	4.21363e-03	-6.03875e-01	1.77804e+01
110	1	33	0	2	3	3.41710e-03	-5.41769e-01	1.58266e+01
110	1	34	0	2	3	4.18467e-03	-5.89676e-01	1.57163e+01
110	1	35	0	2	3	4.03160e-03	-5.89441e-01	1.78442e+01
110	1	36	0	2	3	4.12797e-03	-5.89486e-01	1.70135e+01
110	1	37	0	2	3	3.16256e-03	-5.15280e-01	1.44980e+01
110	1	38	0	2	3	4.33521e-03	-6.00875e-01	1.72819e+01
110	1	39	0	2	3	3.97424e-03	-5.71513e-01	1.64621e+01
110	1	40	0	2	3	4.45004e-03	-6.08453e-01	1.71349e+01
110	1	41	0	2	3	3.80477e-03	-5.63891e-01	1.58727e+01
110	1	42	0	2	3	4.07052e-03	-5.78434e-01	1.61070e+01
110	1	43	0	2	3	4.27466e-03	-5.96321e-01	1.71691e+01
110	1	44	0	2	3	3.56811e-03	-5.52337e-01	1.63434e+01
110	1	45	0	2	3	3.64365e-03	-5.51099e-01	1.58269e+01
110	1	46	0	2	3	3.59539e-03	-5.58178e-01	1.64692e+01
110	1	47	0	2	3	3.77326e-03	-5.81312e-01	1.84033e+01
110	1	48	0	2	3	3.79296e-03	-5.62926e-01	1.61548e+01
110	1	49	0	2	3	3.81895e-03	-5.62739e-01	1.63078e+01
110	1	50	0	2	3	4.18018e-03	-5.93459e-01	1.66929e+01
110	1	51	0	2	3	3.83714e-03	-5.64854e-01	1.69794e+01
110	1	52	0	2	3	3.92031e-03	-5.82979e-01	1.68258e+01
110	1	53	0	2	3	3.55701e-03	-5.45973e-01	1.59649e+01
110	1	54	0	2	3	4.12405e-03	-5.99844e-01	1.71321e+01
110	1	55	0	2	3	3.74203e-03	-5.62213e-01	1.71123e+01
110	1	56	0	2	3	3.63889e-03	-5.69248e-01	1.67123e+01
110	1	57	0	2	3	3.85176e-03	-5.72286e-01	1.70604e+01
110	1	58	0	2	3	3.89658e-03	-5.91784e-01	1.80773e+01
110	1	59	0	2	3	3.99058e-03	-5.89863e-01	1.86685e+01
110	1	60	0	2	3	3.85558e-03	-5.79179e-01	1.66496e+01
110	1	61	0	2	3	4.16554e-03	-5.80754e-01	1.66878e+01
110	1	62	0	2	3	3.52521e-03	-5.49214e-01	1.50145e+01
110	1	63	0	2	3	2.92944e-03	-5.02083e-01	1.60823e+01
110	1	64	0	2	3	3.62551e-03	-5.63038e-01	1.67455e+01
110	1	65	0	2	3	3.73264e-03	-5.63100e-01	1.65435e+01
110	1	66	0	2	3	4.49593e-03	-6.27754e-01	1.75505e+01
110	1	67	0	2	3	4.23594e-03	-5.99772e-01	1.62502e+01
110	1	68	0	2	3	3.29698e-03	-5.27791e-01	1.54605e+01
110	1	69	0	2	3	4.21398e-03	-5.97684e-01	1.72396e+01
110	1	70	0	2	3	3.87977e-03	-5.75927e-01	1.66790e+01
110	1	71	0	2	3	3.89859e-03	-5.84811e-01	1.73398e+01
110	1	72	0	2	3	3.90970e-03	-5.76124e-01	1.62277e+01
110	1	73	0	2	3	4.47867e-03	-6.23716e-01	1.84998e+01
110	1	74	0	2	3	4.08190e-03	-5.87714e-01	1.55892e+01
110	1	75	0	2	3	3.88113e-03	-5.80148e-01	1.66468e+01
110	1	76	0	2	3	3.96852e-03	-5.75454e-01	1.59793e+01
110	1	77	0	2	3	3.73953e-03	-5.71116e-01	1.65385e+01
110	1	78	0	2	3	4.05829e-03	-5.91794e-01	1.67537e+01
110	1	79	0	2	3	4.40803e-03	-6.08494e-01	1.69401e+01
110	1	80	0	2	3	3.96301e-03	-5.74694e-01	1.58999e+01
110	1	81	0	2	3	3.74903e-03	-5.60143e-01	1.54523e+01
110	1	82	0	2	3	4.36900e-03	-6.06641e-01	1.73892e+01
110	1	83	0	2	3	4.00254e-03	-5.71765e-01	1.59280e+01
110	1	84	0	2	3	3.56094e-03	-5.37893e-01	1.47292e+01
110	1	85	0	2	3	4.04579e-03	-5.81913e-01	1.61297e+01
110	1	86	0	2	3	4.10458e-03	-5.91876e-01	1.69759e+01
110	1	87	0	2	3	4.40536e-03	-5.95927e-01	1.49975e+01
110	1	88	0	2	3	3.56356e-03	-5.54234e-01	1.61464e+01
110	1	89	0	2	3	3.82122e-03	-5.72755e-01	1.57262e+01
110	1	90	0	2	3	3.93195e-03	-5.80497e-01	1.57337e+01
110	1	91	0	2	3	4.15477e-03	-5.87960e-01	1.57782e+01
110	1	92	0	2	3	4.45732e-03	-6.06010e-01	1.65019e+01
110	1	93	0	2	3	3.91952e-03	-5.72336e-01	1.61596e+01
110	1	94	0	2	3	3.81811e-03	-5.77565e-01	1.69242e+01
110	1	95	0	2	3	4.31918e-03	-6.10175e-01	1.66384e+01
110	1	96	0	2	3	3.95773e-03	-5.78544e-01	1.58276e+01
110	1	97	0	2	3	3.92980e-03	-5.76823e-01	1.67759e+01
110	1	98	0	2	3	4.29292e-03	-6.20241e-01	1.79701e+01
110	1	99	0	2	3	3.80284e-03	-5.65543e-01	1.58730e+01
110	1	100	0	2	3	3.49412e-03	-5.37775e-01	1.56447e+01
110	1	101	0	2	3	3.61587e-03	-5.50465e-01	1.51217e+01
110	1	102	0	2	3	4.15376e-03	-5.99196e-01	1.66517e+01
110	1	103	0	2	3	4.11658e-03	-5.85218e-01	1.61109e+01
110	1	104	0	2	3	4.31166e-03	-6.04472e-01	1.68299e+01
110	1	105	0	2	3	3.15230e-03	-5.21800e-01	1.55063e+01
110	1	106	0	2	3	4.46223e-03	-6.22261e-01	1.79669e+01
110	1	107	0	2	3	4.53601e-03	-6.19842e-01	1.69533e+01
110	1	108	0	2	3	3.04351e-03	-5.17091e-01	1.61085e+01
110	1	109	0	2	3	3.82807e-03	-5.66855e-01	1.57191e+01
110	1	110	0	2	3	3.75010e-03	-5.71647e-01	1.63055e+01
110	1	111	0	2	3	4.10055e-03	-5.92924e-01	1.77746e+01
110	1	112	0	2	3	4.00415e-03	-5.76916e-01	1.60669e+01
110	1	113	0	2	3	4.29153e-03	-5.96355e-01	1.67725e+01
110	1	114	0	2	3	4.05987e-03	-5.97700e-01	1.64812e+01
110	1	115	0	2	3	3.98595e-03	-5.77158e-01	1.61723e+01
110	1	116	0	2	3	4.20480e-03	-6.04061e-01	1.69593e+01
110	1	117	0	2	3	3.40596e-03	-5.39029e-01	1.58738e+01
110	1	118	0	2	3	5.39705e-03	-6.76849e-01	1.71334e+01
110	1	119	0	2	3	3.66990e-03	-5.54967e-01	1.61899e+01
110	1	120	0	2	3	3.66571e-03	-5.61524e-01	1.69059e+01
110	1	121	0	2	3	4.00102e-03	-5.79491e-01	1.63783e+01
110	1	122	0	2	3	3.93383e-03	-5.92871e-01	1.79867e+01
110	1	123	0	2	3	3.64357e-03	-5.57659e-01	1.75114e+01
110	1	124	0	2	3	4.09959e-03	-5.81432e-01	1.57895e+01
110	1	125	0	2	3	2.77406e-03	-4.99110e-01	1.53754e+01
110	1	126	0	2	3	3.76548e-03	-5.54038e-01	1.58234e+01
110	1	127	0	2	3	4.66930e-03	-6.21972e-01	1.71581e+01
110	1	128	0	2	3	4.28488e-03	-6.30399e-01	1.82360e+01
110	1	129	0	2	3	3.80789e-03	-5.92652e-01	1.74842e+01
110	1	130	0	2	3	3.61637e-03	-5.73575e-01	1.61522e+01
110	1	131	0	2	3	3.36191e-03	-5.34370e-01	1.56747e+01
110	1	132	0	2	3	4.52104e-03	-6.41959e-01	1.85386e+01
110	1	133	0	2	3	4.55787e-03	-6.21549e-01	1.69959e+01
110	1	134	0	2	3	4.19833e-03	-6.17042e-01	1.79414e+01
110	1	135	0	2	3	4.36498e-03	-6.06715e-01	1.61224e+01
110	1	136	0	2	3	5.00596e-03	-6.74879e-01	1.92097e+01
110	1	137	0	2	3	5.28806e-03	-6.92172e-01	1.90304e+01
110	1	138	0	2	3	4.02636e-03	-5.93623e-01	1.67907e+01
110	1	139	0	2	3	4.42426e-03	-6.22310e-01	1.77194e+01
110	1	140	0	2	3	4.52390e-03	-6.25768e-01	1.71112e+01
110	1	141	0	2	3	4.02564e-03	-6.02691e-01	1.68582e+01
110	1	142	0	2	3	2.00928e-03	-4.52795e-01	1.39942e+01
110	1	143	0	2	3	3.59230e-03	-5.55416e-01	1.65287e+01
110	1	144	0	2	3	3.96572e-03	-5.94835e-01	1.78760e+01
110	1	145	0	2	3	4.07792e-03	-5.86268e-01	1.65669e+01
110	1	146	0	2	3	4.73940e-03	-6.55737e-01	1.79725e+01
110	1	147	0	2	3	4.78674e-03	-6.37758e-01	1.76028e+01
110	1	148	0	2	3	3.71200e-03	-5.77085e-01	1.69785e+01
110	1	149	0	2	3	4.01202e-03	-5.88856e-01	1.72205e+01
110	1	150	0	2	3	4.96291e-03	-6.57314e-01	1.82674e+01
110	1	151	0	2	3	4.24541e-03	-6.15515e-01	1.72639e+01
110	1	152	0	2	3	3.91013e-03	-5.88131e-01	1.76750e+01
110	1	153	0	2	3	3.17189e-03	-5.24382e-01	1.63033e+01
110	1	154	0	2	3	3.14919e-03	-5.50714e-01	1.67401e+01
110	1	155	0	2	3	2.74472e-03	-4.94075e-01	1.47408e+01
110	1	156	0	2	3	1.09669e-03	-4.05340e-01	1.41495e+01
110	1	157	0	2	3	2.91352e-03	-5.36194e-01	1.68708e+01
110	1	158	0	2	3	4.84565e-03	-6.69314e-01	2.00487e+01
110	1	159	0	2	3	2.93652e-03	-4.90327e-01	1.62263e+01
