##
#  file: HodoPHCParam_Dummy
#  date: 2016.06.15
#  note: first version
#
#
#######################################################################
# CId	PlId	Seg	UorD	Type	nParam	p0	p1	...
#
#	Type=0 no correction will be performed
#	Type=1 ct=t-p[0]/sqrt(a-p[1])+p[2]
#	Type=2 ct=p[0]*a*a + p[1]*a + p[2] for Fiber
#
#######################################################################
# BH1 Up                                                              #
#######################################################################
1	0	0	0	1	3	9.72882e+01	-2.42381e+01	1.93388e+01
1	0	1	0	1	3	8.39811e-01	2.30870e-01	9.07677e-01
1	0	2	0	1	3	7.96271e-01	2.02772e-01	8.76313e-01
1	0	3	0	1	3	1.24269e+00	-1.47574e-01	1.19840e+00
1	0	4	0	1	3	1.09931e+00	-7.72769e-02	1.08260e+00
1	0	5	0	1	3	1.05845e+00	1.40683e-01	1.18835e+00
1	0	6	0	1	3	1.24845e+00	-7.32092e-02	1.22011e+00
1	0	7	0	1	3	1.38494e+00	-1.69323e-01	1.29113e+00
1	0	8	0	1	3	1.12943e+00	-1.85789e-01	1.05048e+00
1	0	9	0	1	3	1.39270e+00	-1.82072e-01	1.30041e+00
1	0	10	0	1	3	1.71493e+02	-3.15885e+01	3.00372e+01
#######################################################################
# BH1 Down                                                            #
#######################################################################
1	0	0	1	1	3	1.69589e+00	-2.63702e-01	1.46458e+00
1	0	1	1	1	3	6.65147e-01	3.06785e-01	7.74182e-01
1	0	2	1	1	3	1.69164e+00	-4.50471e-01	1.36238e+00
1	0	3	1	1	3	7.14482e+01	-2.23619e+01	1.47724e+01
1	0	4	1	1	3	1.42431e+00	-1.84323e-01	1.31423e+00
1	0	5	1	1	3	1.48351e+00	-1.17877e-01	1.40777e+00
1	0	6	1	1	3	1.64799e+00	-3.01989e-01	1.48452e+00
1	0	7	1	1	3	1.48685e+00	-1.75507e-01	1.38619e+00
1	0	8	1	1	3	5.71792e-01	2.68423e-01	6.99614e-01
1	0	9	1	1	3	1.07020e+00	4.47097e-02	1.11772e+00
1	0	10	1	1	3	5.19525e-01	3.65790e-01	6.45791e-01
#######################################################################
# BH2 Up                                                              #
#######################################################################
2	0	0	0	1	3	1.29001e-01	2.98332e-01	1.57839e-01
2	0	1	0	1	3	4.62980e-01	2.16784e-02	4.71869e-01
2	0	2	0	1	3	3.74998e-01	7.99116e-02	3.87016e-01
2	0	3	0	1	3	4.30370e-01	-8.96057e-03	4.36642e-01
2	0	4	0	1	3	2.72595e-01	1.26530e-01	3.10496e-01
2	0	5	0	1	3	1.56565e-01	3.15610e-01	2.16721e-01
2	0	6	0	1	3	1.88473e-01	2.24076e-01	2.30865e-01
2	0	7	0	1	3	2.09647e-01	2.08189e-01	2.44057e-01
#######################################################################
# BH2 Down                                                            #
#######################################################################
2	0	0	1	1	3	1.75327e-01	2.47440e-01	2.07385e-01
2	0	1	1	1	3	3.44575e-01	9.99107e-02	3.58831e-01
2	0	2	1	1	3	4.13055e-01	3.67846e-02	4.12589e-01
2	0	3	1	1	3	4.84039e-01	-2.08834e-01	4.31843e-01
2	0	4	1	1	3	3.87023e-01	-3.31804e-02	3.72202e-01
2	0	5	1	1	3	3.01381e-01	9.17332e-02	3.13451e-01
2	0	6	1	1	3	4.32018e-01	-7.33437e-03	4.09283e-01
2	0	7	1	1	3	2.12262e-01	7.10527e-02	2.18719e-01
#######################################################################
# BAC                                                                 #
#######################################################################
3	0	0	0	1	3	0.00000e+00	0.00000e+00	0.00000e+00
3	0	1	0	1	3	0.00000e+00	0.00000e+00	0.00000e+00
#######################################################################
# FBH Up                                                              #
#######################################################################
4	0	0	0	2	3	-5.62952e-03	8.96903e-01	-3.53273e+01
4	0	1	0	2	3	-4.29399e-03	7.37975e-01	-3.00049e+01
4	0	2	0	2	3	-5.26894e-03	8.67305e-01	-3.38992e+01
4	0	3	0	2	3	-3.80183e-03	6.69237e-01	-2.72260e+01
4	0	4	0	2	3	-4.35014e-03	7.35785e-01	-2.92008e+01
4	0	5	0	2	3	-4.02541e-03	6.86907e-01	-2.70312e+01
4	0	6	0	2	3	-4.16660e-03	7.08229e-01	-2.81512e+01
4	0	7	0	2	3	-3.93117e-03	6.84759e-01	-2.69101e+01
4	0	8	0	2	3	-4.14423e-03	6.96902e-01	-2.65883e+01
4	0	9	0	2	3	-2.83372e-03	5.62925e-01	-2.20787e+01
4	0	10	0	2	3	-4.07944e-03	7.09420e-01	-2.75603e+01
4	0	11	0	2	3	-3.50961e-03	6.50113e-01	-2.64167e+01
4	0	12	0	2	3	-3.52415e-03	6.49734e-01	-2.67232e+01
4	0	13	0	2	3	-4.13420e-03	7.26957e-01	-2.99675e+01
4	0	14	0	2	3	-4.90315e-03	8.27563e-01	-3.35630e+01
4	0	15	0	2	3	-4.73048e-03	8.13189e-01	-3.31901e+01
#######################################################################
# FBH Down                                                            #
#######################################################################
4	0	0	1	2	3	-5.62952e-03	8.96903e-01	-3.53273e+01
4	0	1	1	2	3	-4.29399e-03	7.37975e-01	-3.00049e+01
4	0	2	1	2	3	-5.26894e-03	8.67305e-01	-3.38992e+01
4	0	3	1	2	3	-3.80183e-03	6.69237e-01	-2.72260e+01
4	0	4	1	2	3	-4.35014e-03	7.35785e-01	-2.92008e+01
4	0	5	1	2	3	-4.02541e-03	6.86907e-01	-2.70312e+01
4	0	6	1	2	3	-4.16660e-03	7.08229e-01	-2.81512e+01
4	0	7	1	2	3	-3.93117e-03	6.84759e-01	-2.69101e+01
4	0	8	1	2	3	-4.14423e-03	6.96902e-01	-2.65883e+01
4	0	9	1	2	3	-2.83372e-03	5.62925e-01	-2.20787e+01
4	0	10	1	2	3	-4.07944e-03	7.09420e-01	-2.75603e+01
4	0	11	1	2	3	-3.50961e-03	6.50113e-01	-2.64167e+01
4	0	12	1	2	3	-3.52415e-03	6.49734e-01	-2.67232e+01
4	0	13	1	2	3	-4.13420e-03	7.26957e-01	-2.99675e+01
4	0	14	1	2	3	-4.90315e-03	8.27563e-01	-3.35630e+01
4	0	15	1	2	3	-4.73048e-03	8.13189e-01	-3.31901e+01
#######################################################################
# PVAC                                                                #
#######################################################################
5	0	0	0	1	3	0.00000e+00	0.00000e+00	0.00000e+00
#######################################################################
# FAC                                                                 #
#######################################################################
6	0	0	0	1	3	0.00000e+00	0.00000e+00	0.00000e+00
#######################################################################
# SCH                                                                 #
#######################################################################
#7	0	0	0	2	3	-0.00500000	0.821213	-32.185321
#7	0	1	0	2	3	-0.00500000	0.830248	-32.269563
#7	0	2	0	2	3	-0.00500000	0.793073	-29.315934
#7	0	3	0	2	3	-0.00500000	0.772144	-28.276705
#7	0	4	0	2	3	-0.00500000	0.801968	-30.687167
#7	0	5	0	2	3	-0.00500000	0.778300	-28.439251
#7	0	6	0	2	3	-0.00500000	0.765872	-27.918181
#7	0	7	0	2	3	-0.00500000	0.738459	-26.016797
#7	0	8	0	2	3	-0.00500000	0.778318	-28.676371
#7	0	9	0	2	3	-0.00500000	0.776670	-28.892887
#7	0	10	0	2	3	-0.00500000	0.764278	-28.122474
#7	0	11	0	2	3	-0.00500000	0.790742	-29.423647
#7	0	12	0	2	3	-0.00500000	0.811330	-30.487019
#7	0	13	0	2	3	-0.00500000	0.818750	-30.891512
#7	0	14	0	2	3	-0.00500000	0.802541	-30.009136
#7	0	15	0	2	3	-0.00500000	0.809525	-30.751746
#7	0	16	0	2	3	-0.00500000	0.802597	-30.845509
#7	0	17	0	2	3	-0.00500000	0.835028	-32.780792
#7	0	18	0	2	3	-0.00500000	0.859176	-33.938731
#7	0	19	0	2	3	-0.00500000	0.814851	-31.445396
#7	0	20	0	2	3	-0.00500000	0.809426	-30.781087
#7	0	21	0	2	3	-0.00500000	0.780678	-28.888756
#7	0	22	0	2	3	-0.00500000	0.808206	-30.719604
#7	0	23	0	2	3	-0.00500000	0.774024	-27.858339
#7	0	24	0	2	3	-0.00500000	0.794308	-29.022101
#7	0	25	0	2	3	-0.00500000	0.775649	-27.980186
#7	0	26	0	2	3	-0.00500000	0.788483	-28.687567
#7	0	27	0	2	3	-0.00466315	0.771386	-29.253260
#7	0	28	0	2	3	-0.00483132	0.790854	-28.637741
#7	0	29	0	2	3	-0.00497049	0.812994	-30.786914
#7	0	30	0	2	3	-0.00500000	0.787793	-28.362716
#7	0	31	0	2	3	-0.00500000	0.790759	-28.876812
#7	0	32	0	2	3	-0.00500000	0.824826	-31.655285
#7	0	33	0	2	3	-0.00500000	0.845304	-33.407765
#7	0	34	0	2	3	-0.00500000	0.832263	-32.939799
#7	0	35	0	2	3	-0.00500000	0.820631	-31.695372
#7	0	36	0	2	3	-0.00500000	0.836997	-33.200590
#7	0	37	0	2	3	-0.00500000	0.819690	-32.097193
#7	0	38	0	2	3	-0.00500000	0.808109	-31.263214
#7	0	39	0	2	3	-0.00500000	0.815224	-31.135523
#7	0	40	0	2	3	-0.00500000	0.803398	-29.897923
#7	0	41	0	2	3	-0.00500000	0.815685	-31.165519
#7	0	42	0	2	3	-0.00500000	0.812980	-30.737261
#7	0	43	0	2	3	-0.00500000	0.829418	-32.693307
#7	0	44	0	2	3	-0.00500000	0.789530	-29.464920
#7	0	45	0	2	3	-0.00500000	0.804789	-31.208151
#7	0	46	0	2	3	-0.00500000	0.830106	-32.806514
#7	0	47	0	2	3	-0.00500000	0.819206	-31.373242
#7	0	48	0	2	3	-0.00500000	0.816165	-31.709319
#7	0	49	0	2	3	-0.00500000	0.798496	-30.201709
#7	0	50	0	2	3	-0.00500000	0.812167	-31.795745
#7	0	51	0	2	3	-0.00500000	0.810749	-31.375226
#7	0	52	0	2	3	-0.00500000	0.803385	-31.372512
#7	0	53	0	2	3	-0.00500000	0.777405	-29.262831
#7	0	54	0	2	3	-0.00500000	0.783954	-29.763410
#7	0	55	0	2	3	-0.00500000	0.789443	-29.976449
#7	0	56	0	2	3	-0.00500000	0.838828	-33.261086
#7	0	57	0	2	3	-0.00500000	0.804421	-30.573195
#7	0	58	0	2	3	-0.00500000	0.773283	-29.111048
#7	0	59	0	2	3	-0.00500000	0.811789	-31.449459
#7	0	60	0	2	3	-0.00500000	0.759724	-28.110014
#7	0	61	0	2	3	-0.00500000	0.810884	-31.379063
#7	0	62	0	2	3	-0.00500000	0.771910	-28.435006
#7	0	63	0	2	3	-0.00500000	0.796658	-30.511906
#######################################################################
# TOF Up                                                              #
#######################################################################
7	0	0	0	1	3	5.24830e+00	-1.96630e+00	2.96170e+00
7	0	1	0	1	3	5.24830e+00	-1.96630e+00	2.96170e+00
7	0	2	0	1	3	5.24830e+00	-1.96630e+00	2.96170e+00
7	0	3	0	1	3	5.24830e+00	-1.96630e+00	2.96170e+00
7	0	4	0	1	3	5.24830e+00	-1.96630e+00	2.96170e+00
7	0	5	0	1	3	5.24830e+00	-1.96630e+00	2.96170e+00
7	0	6	0	1	3	6.97090e+00	-3.03520e+00	3.39910e+00
7	0	7	0	1	3	4.05450e+00	-1.96150e+00	2.30360e+00
7	0	8	0	1	3	1.16940e+02	-2.98600e+01	2.09880e+01
7	0	9	0	1	3	5.24830e+00	-1.96630e+00	2.96170e+00
7	0	10	0	1	3	5.24830e+00	-1.96630e+00	2.96170e+00
7	0	11	0	1	3	5.24830e+00	-1.96630e+00	2.96170e+00
7	0	12	0	1	3	5.24830e+00	-1.96630e+00	2.96170e+00
7	0	13	0	1	3	5.24830e+00	-1.96630e+00	2.96170e+00
7	0	14	0	1	3	5.24830e+00	-1.96630e+00	2.96170e+00
7	0	15	0	1	3	5.24830e+00	-1.96630e+00	2.96170e+00
7	0	16	0	1	3	5.24830e+00	-1.96630e+00	2.96170e+00
7	0	17	0	1	3	5.24830e+00	-1.96630e+00	2.96170e+00
7	0	18	0	1	3	5.24830e+00	-1.96630e+00	2.96170e+00
7	0	19	0	1	3	7.11491e-01	1.85180e-03	5.82402e-01
7	0	20	0	1	3	5.59404e-01	-1.73810e-03	4.50716e-01
7	0	21	0	1	3	8.92499e-01	1.99900e-03	7.37364e-01
7	0	22	0	1	3	6.37553e-01	1.99960e-03	5.45449e-01
7	0	23	0	1	3	1.19210e+00	1.98920e-03	9.99994e-01
#######################################################################
# TOF Down                                                            #
#######################################################################
7	0	0	1	1	3	5.84300e+00	-2.30730e+00	3.11320e+00
7	0	1	1	1	3	5.84300e+00	-2.30730e+00	3.11320e+00
7	0	2	1	1	3	5.84300e+00	-2.30730e+00	3.11320e+00
7	0	3	1	1	3	5.84300e+00	-2.30730e+00	3.11320e+00
7	0	4	1	1	3	5.84300e+00	-2.30730e+00	3.11320e+00
7	0	5	1	1	3	5.84300e+00	-2.30730e+00	3.11320e+00
7	0	6	1	1	3	1.41330e+01	-5.81170e+00	5.32680e+00
7	0	7	1	1	3	7.84850e+01	-2.02870e+01	1.69500e+01
7	0	8	1	1	3	2.20240e+02	-3.62440e+01	3.60080e+01
7	0	9	1	1	3	5.84300e+00	-2.30730e+00	3.11320e+00
7	0	10	1	1	3	5.84300e+00	-2.30730e+00	3.11320e+00
7	0	11	1	1	3	5.84300e+00	-2.30730e+00	3.11320e+00
7	0	12	1	1	3	5.84300e+00	-2.30730e+00	3.11320e+00
7	0	13	1	1	3	5.84300e+00	-2.30730e+00	3.11320e+00
7	0	14	1	1	3	5.84300e+00	-2.30730e+00	3.11320e+00
7	0	15	1	1	3	5.84300e+00	-2.30730e+00	3.11320e+00
7	0	16	1	1	3	5.84300e+00	-2.30730e+00	3.11320e+00
7	0	17	1	1	3	5.84300e+00	-2.30730e+00	3.11320e+00
7	0	18	1	1	3	5.84300e+00	-2.30730e+00	3.11320e+00
7	0	19	1	1	3	6.18741e-01	1.99860e-03	4.90831e-01
7	0	20	1	1	3	5.75901e-01	1.04210e-03	4.72509e-01
7	0	21	1	1	3	9.41046e-01	1.99890e-03	7.79357e-01
7	0	22	1	1	3	4.84266e-01	-1.95590e-03	3.99786e-01
7	0	23	1	1	3	8.97714e-01	1.99860e-03	7.56300e-01
#######################################################################
# BFT U                                                               #
#######################################################################
110	0	0	0	2	3	7.47321e-03	-8.23109e-01	1.81825e+01
110	0	1	0	2	3	4.43364e-03	-5.93703e-01	1.42883e+01
110	0	2	0	2	3	1.99098e-03	-4.31660e-01	1.13460e+01
110	0	3	0	2	3	-1.38197e-03	-9.83046e-02	2.73925e+00
110	0	4	0	2	3	1.10022e-03	-3.42044e-01	9.70348e+00
110	0	5	0	2	3	-9.97346e-03	4.68705e-01	-4.24339e+00
110	0	6	0	2	3	3.47365e-03	-5.21957e-01	1.24459e+01
110	0	7	0	2	3	-1.24744e-02	6.39628e-01	-7.38222e+00
110	0	8	0	2	3	5.55696e-03	-6.83924e-01	1.58199e+01
110	0	9	0	2	3	-6.72372e-04	-2.29604e-01	9.22393e+00
110	0	10	0	2	3	3.19212e-03	-5.20518e-01	1.22545e+01
110	0	11	0	2	3	2.42754e-04	-2.93653e-01	1.02358e+01
110	0	12	0	2	3	4.99535e-03	-6.39041e-01	1.44096e+01
110	0	13	0	2	3	4.38753e-03	-6.02004e-01	1.58978e+01
110	0	14	0	2	3	3.67651e-03	-5.47576e-01	1.26380e+01
110	0	15	0	2	3	3.62594e-03	-5.51709e-01	1.50894e+01
110	0	16	0	2	3	4.01131e-03	-5.73104e-01	1.30055e+01
110	0	17	0	2	3	3.33752e-03	-5.15320e-01	1.36890e+01
110	0	18	0	2	3	3.54573e-03	-5.50108e-01	1.27556e+01
110	0	19	0	2	3	3.89852e-03	-5.80880e-01	1.32497e+01
110	0	20	0	2	3	4.24206e-03	-5.81759e-01	1.35386e+01
110	0	21	0	2	3	4.11003e-03	-5.67150e-01	1.57781e+01
110	0	22	0	2	3	3.45607e-03	-5.39709e-01	1.29084e+01
110	0	23	0	2	3	4.37101e-03	-5.92828e-01	1.51899e+01
110	0	24	0	2	3	3.80404e-03	-5.65002e-01	1.38509e+01
110	0	25	0	2	3	4.77781e-03	-6.22278e-01	1.62572e+01
110	0	26	0	2	3	3.73670e-03	-5.58655e-01	1.42363e+01
110	0	27	0	2	3	4.41184e-03	-5.97184e-01	1.52144e+01
110	0	28	0	2	3	3.94872e-03	-5.66684e-01	1.18667e+01
110	0	29	0	2	3	4.16228e-03	-5.72546e-01	1.42292e+01
110	0	30	0	2	3	4.32027e-03	-5.98119e-01	1.37445e+01
110	0	31	0	2	3	4.18607e-03	-5.84159e-01	1.50771e+01
110	0	32	0	2	3	3.44445e-03	-5.44522e-01	1.32651e+01
110	0	33	0	2	3	3.58491e-03	-5.27524e-01	1.23524e+01
110	0	34	0	2	3	4.60734e-03	-6.20963e-01	1.42521e+01
110	0	35	0	2	3	4.20509e-03	-5.90221e-01	1.51784e+01
110	0	36	0	2	3	3.83630e-03	-5.54607e-01	1.28886e+01
110	0	37	0	2	3	3.90139e-03	-5.60761e-01	1.54608e+01
110	0	38	0	2	3	4.52300e-03	-6.01229e-01	1.31279e+01
110	0	39	0	2	3	3.77213e-03	-5.60591e-01	1.44473e+01
110	0	40	0	2	3	3.90040e-03	-5.61291e-01	1.29031e+01
110	0	41	0	2	3	4.28631e-03	-5.84005e-01	1.56785e+01
110	0	42	0	2	3	4.73916e-03	-6.21298e-01	1.45350e+01
110	0	43	0	2	3	3.98289e-03	-5.78246e-01	1.54034e+01
110	0	44	0	2	3	4.08519e-03	-5.74813e-01	1.32682e+01
110	0	45	0	2	3	4.16033e-03	-5.75899e-01	1.51322e+01
110	0	46	0	2	3	4.18921e-03	-5.93520e-01	1.38853e+01
110	0	47	0	2	3	4.31266e-03	-6.03517e-01	1.69213e+01
110	0	48	0	2	3	3.68316e-03	-5.46653e-01	1.17853e+01
110	0	49	0	2	3	4.40898e-03	-5.93386e-01	1.58801e+01
110	0	50	0	2	3	4.58752e-03	-6.12217e-01	1.43283e+01
110	0	51	0	2	3	4.94548e-03	-6.36426e-01	1.55860e+01
110	0	52	0	2	3	3.48852e-03	-5.33191e-01	1.21545e+01
110	0	53	0	2	3	4.07785e-03	-5.71454e-01	1.43389e+01
110	0	54	0	2	3	4.09824e-03	-5.85737e-01	1.36507e+01
110	0	55	0	2	3	4.51201e-03	-6.08021e-01	1.60350e+01
110	0	56	0	2	3	3.85978e-03	-5.72844e-01	1.43731e+01
110	0	57	0	2	3	4.40859e-03	-5.97453e-01	1.54841e+01
110	0	58	0	2	3	4.29931e-03	-5.99049e-01	1.49031e+01
110	0	59	0	2	3	4.16843e-03	-5.98064e-01	1.59658e+01
110	0	60	0	2	3	4.02033e-03	-5.82001e-01	1.32225e+01
110	0	61	0	2	3	3.60037e-03	-5.39906e-01	1.41917e+01
110	0	62	0	2	3	4.69455e-03	-6.24715e-01	1.41891e+01
110	0	63	0	2	3	4.13851e-03	-5.85815e-01	1.40366e+01
110	0	64	0	2	3	3.96138e-03	-5.76825e-01	1.37443e+01
110	0	65	0	2	3	3.99682e-03	-5.71559e-01	1.47392e+01
110	0	66	0	2	3	4.65103e-03	-6.36688e-01	1.60663e+01
110	0	67	0	2	3	3.80991e-03	-5.63487e-01	1.48375e+01
110	0	68	0	2	3	4.15069e-03	-6.01171e-01	1.47871e+01
110	0	69	0	2	3	4.03584e-03	-5.75174e-01	1.44024e+01
110	0	70	0	2	3	4.55121e-03	-6.31979e-01	1.42831e+01
110	0	71	0	2	3	3.95719e-03	-5.73426e-01	1.47755e+01
110	0	72	0	2	3	3.78460e-03	-5.68373e-01	1.29861e+01
110	0	73	0	2	3	4.17578e-03	-5.91650e-01	1.45485e+01
110	0	74	0	2	3	4.26706e-03	-6.07985e-01	1.47936e+01
110	0	75	0	2	3	4.65797e-03	-6.18997e-01	1.52175e+01
110	0	76	0	2	3	3.72881e-03	-5.55657e-01	1.27916e+01
110	0	77	0	2	3	4.18727e-03	-5.86802e-01	1.49923e+01
110	0	78	0	2	3	4.23889e-03	-6.08187e-01	1.42202e+01
110	0	79	0	2	3	4.11800e-03	-5.80690e-01	1.45101e+01
110	0	80	0	2	3	3.88379e-03	-5.70430e-01	1.42040e+01
110	0	81	0	2	3	4.10706e-03	-5.74582e-01	1.44340e+01
110	0	82	0	2	3	4.16742e-03	-5.92627e-01	1.42046e+01
110	0	83	0	2	3	4.24256e-03	-5.92978e-01	1.46595e+01
110	0	84	0	2	3	3.85261e-03	-5.65336e-01	1.35431e+01
110	0	85	0	2	3	4.11767e-03	-5.80235e-01	1.49420e+01
110	0	86	0	2	3	4.73012e-03	-6.43244e-01	1.48389e+01
110	0	87	0	2	3	3.95512e-03	-5.83303e-01	1.53952e+01
110	0	88	0	2	3	4.07963e-03	-5.76778e-01	1.41027e+01
110	0	89	0	2	3	3.95758e-03	-5.71750e-01	1.44064e+01
110	0	90	0	2	3	4.55255e-03	-6.20599e-01	1.41479e+01
110	0	91	0	2	3	4.78081e-03	-6.38121e-01	1.51838e+01
110	0	92	0	2	3	4.19180e-03	-6.01781e-01	1.46791e+01
110	0	93	0	2	3	3.82829e-03	-5.58167e-01	1.38677e+01
110	0	94	0	2	3	5.08657e-03	-6.80041e-01	1.71683e+01
110	0	95	0	2	3	4.28019e-03	-6.03288e-01	1.54632e+01
110	0	96	0	2	3	4.51771e-03	-6.25209e-01	1.47607e+01
110	0	97	0	2	3	4.41442e-03	-6.06029e-01	1.56067e+01
110	0	98	0	2	3	4.11532e-03	-6.00525e-01	1.43315e+01
110	0	99	0	2	3	4.37099e-03	-6.02002e-01	1.52134e+01
110	0	100	0	2	3	4.18979e-03	-5.93644e-01	1.46824e+01
110	0	101	0	2	3	3.34909e-03	-5.35208e-01	1.44016e+01
110	0	102	0	2	3	4.39791e-03	-6.15552e-01	1.53720e+01
110	0	103	0	2	3	4.98158e-03	-6.50080e-01	1.58937e+01
110	0	104	0	2	3	4.43394e-03	-6.10495e-01	1.40966e+01
110	0	105	0	2	3	3.98645e-03	-5.73302e-01	1.44080e+01
110	0	106	0	2	3	4.49177e-03	-6.22929e-01	1.55332e+01
110	0	107	0	2	3	4.21201e-03	-5.90920e-01	1.42489e+01
110	0	108	0	2	3	3.90498e-03	-5.76743e-01	1.44174e+01
110	0	109	0	2	3	3.94719e-03	-5.72416e-01	1.43026e+01
110	0	110	0	2	3	4.84932e-03	-6.39767e-01	1.53914e+01
110	0	111	0	2	3	5.19582e-03	-6.72261e-01	1.62747e+01
110	0	112	0	2	3	3.60067e-03	-5.52539e-01	1.27892e+01
110	0	113	0	2	3	4.36459e-03	-6.00482e-01	1.47895e+01
110	0	114	0	2	3	4.79920e-03	-6.39736e-01	1.56158e+01
110	0	115	0	2	3	4.13488e-03	-5.81214e-01	1.43602e+01
110	0	116	0	2	3	4.11705e-03	-5.97160e-01	1.45590e+01
110	0	117	0	2	3	4.21641e-03	-5.93426e-01	1.57235e+01
110	0	118	0	2	3	4.28017e-03	-6.09589e-01	1.53866e+01
110	0	119	0	2	3	4.65980e-03	-6.07057e-01	1.38132e+01
110	0	120	0	2	3	4.37943e-03	-6.18020e-01	1.50029e+01
110	0	121	0	2	3	3.62450e-03	-5.43658e-01	1.24550e+01
110	0	122	0	2	3	4.17621e-03	-6.02038e-01	1.58703e+01
110	0	123	0	2	3	4.97668e-03	-6.47427e-01	1.59985e+01
110	0	124	0	2	3	3.32897e-03	-5.29421e-01	1.38670e+01
110	0	125	0	2	3	4.02258e-03	-5.69310e-01	1.22076e+01
110	0	126	0	2	3	3.54788e-03	-5.50101e-01	1.37375e+01
110	0	127	0	2	3	3.48313e-03	-5.34774e-01	1.36459e+01
110	0	128	0	2	3	3.48602e-03	-5.80945e-01	1.56870e+01
110	0	129	0	2	3	3.68569e-03	-5.77834e-01	1.50925e+01
110	0	130	0	2	3	3.54738e-03	-5.88715e-01	1.59642e+01
110	0	131	0	2	3	3.41190e-03	-5.38873e-01	1.42897e+01
110	0	132	0	2	3	3.46100e-03	-5.58309e-01	1.53240e+01
110	0	133	0	2	3	3.60791e-03	-5.61669e-01	1.49531e+01
110	0	134	0	2	3	2.81084e-03	-5.24102e-01	1.43426e+01
110	0	135	0	2	3	2.64964e-03	-4.91585e-01	1.29550e+01
110	0	136	0	2	3	5.42465e-03	-6.82822e-01	1.60435e+01
110	0	137	0	2	3	3.34810e-03	-5.63068e-01	1.56153e+01
110	0	138	0	2	3	4.56993e-03	-6.37969e-01	1.63788e+01
110	0	139	0	2	3	3.14942e-03	-5.35856e-01	1.33336e+01
110	0	140	0	2	3	3.11480e-03	-5.46040e-01	1.53173e+01
110	0	141	0	2	3	3.72752e-03	-5.73128e-01	1.42150e+01
110	0	142	0	2	3	2.34082e-03	-4.85376e-01	1.34635e+01
110	0	143	0	2	3	3.84257e-03	-5.89577e-01	1.50035e+01
110	0	144	0	2	3	4.14654e-03	-6.02311e-01	1.44408e+01
110	0	145	0	2	3	2.62308e-03	-4.80223e-01	1.20335e+01
110	0	146	0	2	3	4.85785e-03	-6.50325e-01	1.60723e+01
110	0	147	0	2	3	3.77570e-03	-5.61846e-01	1.47046e+01
110	0	148	0	2	3	2.62834e-03	-4.97065e-01	1.29813e+01
110	0	149	0	2	3	4.79071e-03	-6.43781e-01	1.61303e+01
110	0	150	0	2	3	3.27646e-03	-5.41064e-01	1.45404e+01
110	0	151	0	2	3	3.13817e-03	-5.43904e-01	1.46105e+01
110	0	152	0	2	3	3.01329e-03	-5.26224e-01	1.46970e+01
110	0	153	0	2	3	3.53168e-03	-5.78286e-01	1.55487e+01
110	0	154	0	2	3	5.23740e-03	-6.87728e-01	1.65544e+01
110	0	155	0	2	3	2.75632e-03	-5.06761e-01	1.22197e+01
110	0	156	0	2	3	5.08186e-03	-6.55724e-01	1.62709e+01
110	0	157	0	2	3	9.22128e-04	-3.47166e-01	1.08007e+01
110	0	158	0	2	3	-8.12448e-03	2.88050e-01	-9.31419e-01
110	0	159	0	2	3	8.55580e-04	-3.31987e-01	9.39450e+00
#######################################################################
# BFT D                                                               #
#######################################################################
110	1	0	0	2	3	5.20012e-03	-6.44643e-01	1.63521e+01
110	1	1	0	2	3	7.05382e-03	-7.27824e-01	1.60804e+01
110	1	2	0	2	3	-2.02843e-03	-9.95382e-02	5.46065e+00
110	1	3	0	2	3	-1.10026e-03	-2.17424e-01	9.50486e+00
110	1	4	0	2	3	6.23049e-03	-7.23752e-01	1.70962e+01
110	1	5	0	2	3	-1.74623e-03	-1.42790e-01	7.77925e+00
110	1	6	0	2	3	3.94130e-03	-5.86316e-01	1.42064e+01
110	1	7	0	2	3	4.30903e-03	-5.97232e-01	1.57704e+01
110	1	8	0	2	3	2.45952e-03	-4.57354e-01	1.29077e+01
110	1	9	0	2	3	2.21461e-03	-4.57780e-01	1.49310e+01
110	1	10	0	2	3	3.94626e-03	-5.79020e-01	1.50820e+01
110	1	11	0	2	3	4.48478e-03	-6.15293e-01	1.59075e+01
110	1	12	0	2	3	3.19113e-03	-5.32743e-01	1.36957e+01
110	1	13	0	2	3	3.89172e-03	-5.83274e-01	1.63321e+01
110	1	14	0	2	3	4.07002e-03	-5.99193e-01	1.46903e+01
110	1	15	0	2	3	5.30811e-03	-6.90414e-01	1.82060e+01
110	1	16	0	2	3	2.89652e-03	-5.09102e-01	1.32489e+01
110	1	17	0	2	3	3.82263e-03	-5.75718e-01	1.52961e+01
110	1	18	0	2	3	4.02402e-03	-5.79495e-01	1.38003e+01
110	1	19	0	2	3	3.80738e-03	-5.57118e-01	1.49485e+01
110	1	20	0	2	3	3.23712e-03	-5.34299e-01	1.40642e+01
110	1	21	0	2	3	2.38149e-03	-4.55284e-01	1.40679e+01
110	1	22	0	2	3	4.73566e-03	-6.26419e-01	1.50567e+01
110	1	23	0	2	3	4.62962e-03	-6.12694e-01	1.60833e+01
110	1	24	0	2	3	3.30896e-03	-5.40486e-01	1.47722e+01
110	1	25	0	2	3	3.50432e-03	-5.48007e-01	1.53962e+01
110	1	26	0	2	3	4.08856e-03	-5.95343e-01	1.45758e+01
110	1	27	0	2	3	3.91025e-03	-5.68578e-01	1.63031e+01
110	1	28	0	2	3	3.79269e-03	-5.69016e-01	1.50258e+01
110	1	29	0	2	3	4.14530e-03	-5.86363e-01	1.60804e+01
110	1	30	0	2	3	4.04115e-03	-5.89941e-01	1.47736e+01
110	1	31	0	2	3	4.24260e-03	-6.02267e-01	1.65658e+01
110	1	32	0	2	3	3.90951e-03	-5.80867e-01	1.58474e+01
110	1	33	0	2	3	3.00172e-03	-5.10416e-01	1.37247e+01
110	1	34	0	2	3	3.60655e-03	-5.58473e-01	1.38217e+01
110	1	35	0	2	3	3.42423e-03	-5.44633e-01	1.55323e+01
110	1	36	0	2	3	3.85003e-03	-5.65322e-01	1.49832e+01
110	1	37	0	2	3	3.60680e-03	-5.47515e-01	1.35905e+01
110	1	38	0	2	3	3.88989e-03	-5.72247e-01	1.53265e+01
110	1	39	0	2	3	4.07322e-03	-5.79942e-01	1.51511e+01
110	1	40	0	2	3	3.96828e-03	-5.70712e-01	1.39075e+01
110	1	41	0	2	3	3.47870e-03	-5.37192e-01	1.47969e+01
110	1	42	0	2	3	3.44304e-03	-5.34971e-01	1.38644e+01
110	1	43	0	2	3	3.72275e-03	-5.60696e-01	1.61067e+01
110	1	44	0	2	3	3.47630e-03	-5.47362e-01	1.37792e+01
110	1	45	0	2	3	3.66573e-03	-5.51674e-01	1.52970e+01
110	1	46	0	2	3	3.76657e-03	-5.70400e-01	1.41662e+01
110	1	47	0	2	3	4.19807e-03	-6.09604e-01	1.73248e+01
110	1	48	0	2	3	3.77231e-03	-5.62895e-01	1.46538e+01
110	1	49	0	2	3	3.96896e-03	-5.71589e-01	1.59121e+01
110	1	50	0	2	3	3.92512e-03	-5.79446e-01	1.40172e+01
110	1	51	0	2	3	4.33333e-03	-6.04835e-01	1.62486e+01
110	1	52	0	2	3	3.91441e-03	-5.86175e-01	1.44409e+01
110	1	53	0	2	3	3.49550e-03	-5.39505e-01	1.53078e+01
110	1	54	0	2	3	4.31925e-03	-6.14272e-01	1.58822e+01
110	1	55	0	2	3	4.41310e-03	-6.08119e-01	1.63695e+01
110	1	56	0	2	3	3.90583e-03	-5.88277e-01	1.45281e+01
110	1	57	0	2	3	3.84623e-03	-5.71156e-01	1.55098e+01
110	1	58	0	2	3	4.06038e-03	-6.01049e-01	1.66720e+01
110	1	59	0	2	3	4.84570e-03	-6.53481e-01	1.83086e+01
110	1	60	0	2	3	4.08016e-03	-5.90568e-01	1.52361e+01
110	1	61	0	2	3	3.96038e-03	-5.66652e-01	1.49048e+01
110	1	62	0	2	3	3.83451e-03	-5.76845e-01	1.40824e+01
110	1	63	0	2	3	3.83347e-03	-5.69966e-01	1.58247e+01
110	1	64	0	2	3	3.90501e-03	-5.80068e-01	1.54576e+01
110	1	65	0	2	3	4.20280e-03	-5.94525e-01	1.55233e+01
110	1	66	0	2	3	4.54422e-03	-6.35487e-01	1.52133e+01
110	1	67	0	2	3	4.35215e-03	-6.12834e-01	1.50498e+01
110	1	68	0	2	3	3.37922e-03	-5.31486e-01	1.29559e+01
110	1	69	0	2	3	4.01666e-03	-5.82767e-01	1.54376e+01
110	1	70	0	2	3	4.24230e-03	-6.04657e-01	1.57151e+01
110	1	71	0	2	3	4.06439e-03	-5.95304e-01	1.59733e+01
110	1	72	0	2	3	3.39033e-03	-5.38852e-01	1.40438e+01
110	1	73	0	2	3	4.45418e-03	-6.20753e-01	1.69149e+01
110	1	74	0	2	3	4.36695e-03	-6.08179e-01	1.44281e+01
110	1	75	0	2	3	3.88115e-03	-5.81019e-01	1.51616e+01
110	1	76	0	2	3	4.01685e-03	-5.79969e-01	1.45443e+01
110	1	77	0	2	3	3.95294e-03	-5.82426e-01	1.51397e+01
110	1	78	0	2	3	3.98089e-03	-5.86702e-01	1.41453e+01
110	1	79	0	2	3	4.05842e-03	-5.88870e-01	1.51797e+01
110	1	80	0	2	3	3.89202e-03	-5.69441e-01	1.42609e+01
110	1	81	0	2	3	3.98099e-03	-5.77571e-01	1.42562e+01
110	1	82	0	2	3	4.55612e-03	-6.22025e-01	1.61766e+01
110	1	83	0	2	3	4.11300e-03	-5.80151e-01	1.45736e+01
110	1	84	0	2	3	3.78899e-03	-5.55006e-01	1.35131e+01
110	1	85	0	2	3	3.76361e-03	-5.63018e-01	1.43149e+01
110	1	86	0	2	3	4.19960e-03	-5.98748e-01	1.55830e+01
110	1	87	0	2	3	3.82703e-03	-5.63021e-01	1.30608e+01
110	1	88	0	2	3	3.81100e-03	-5.70734e-01	1.48968e+01
110	1	89	0	2	3	4.39613e-03	-6.05894e-01	1.46433e+01
110	1	90	0	2	3	3.75331e-03	-5.67561e-01	1.39841e+01
110	1	91	0	2	3	3.90115e-03	-5.73065e-01	1.50640e+01
110	1	92	0	2	3	3.79085e-03	-5.60674e-01	1.42160e+01
110	1	93	0	2	3	4.15251e-03	-5.88488e-01	1.49281e+01
110	1	94	0	2	3	4.14974e-03	-5.98776e-01	1.57381e+01
110	1	95	0	2	3	4.15098e-03	-5.93620e-01	1.47518e+01
110	1	96	0	2	3	4.38613e-03	-6.02039e-01	1.45923e+01
110	1	97	0	2	3	4.18847e-03	-5.90084e-01	1.53741e+01
110	1	98	0	2	3	4.36870e-03	-6.23827e-01	1.64917e+01
110	1	99	0	2	3	3.96602e-03	-5.81901e-01	1.47215e+01
110	1	100	0	2	3	4.25658e-03	-5.85317e-01	1.48495e+01
110	1	101	0	2	3	3.83228e-03	-5.66670e-01	1.49302e+01
110	1	102	0	2	3	4.06468e-03	-5.96684e-01	1.51958e+01
110	1	103	0	2	3	4.66047e-03	-6.26037e-01	1.53180e+01
110	1	104	0	2	3	4.05711e-03	-5.83601e-01	1.48979e+01
110	1	105	0	2	3	4.12719e-03	-5.88014e-01	1.50917e+01
110	1	106	0	2	3	4.80974e-03	-6.45709e-01	1.68032e+01
110	1	107	0	2	3	4.23185e-03	-5.97640e-01	1.50488e+01
110	1	108	0	2	3	4.20013e-03	-5.98304e-01	1.59655e+01
110	1	109	0	2	3	3.43070e-03	-5.39714e-01	1.48093e+01
110	1	110	0	2	3	4.54763e-03	-6.27549e-01	1.57425e+01
110	1	111	0	2	3	4.86466e-03	-6.56049e-01	1.75469e+01
110	1	112	0	2	3	3.66402e-03	-5.58871e-01	1.43502e+01
110	1	113	0	2	3	3.85793e-03	-5.71141e-01	1.49145e+01
110	1	114	0	2	3	3.95913e-03	-5.86771e-01	1.46911e+01
110	1	115	0	2	3	5.01351e-03	-6.52932e-01	1.60464e+01
110	1	116	0	2	3	3.63630e-03	-5.59463e-01	1.45925e+01
110	1	117	0	2	3	3.74587e-03	-5.60155e-01	1.46860e+01
110	1	118	0	2	3	3.96680e-03	-5.80389e-01	1.40246e+01
110	1	119	0	2	3	4.34517e-03	-6.07325e-01	1.57160e+01
110	1	120	0	2	3	3.56124e-03	-5.48654e-01	1.40515e+01
110	1	121	0	2	3	4.15791e-03	-5.88676e-01	1.49879e+01
110	1	122	0	2	3	4.49479e-03	-6.35038e-01	1.72497e+01
110	1	123	0	2	3	4.64345e-03	-6.41952e-01	1.76939e+01
110	1	124	0	2	3	3.00805e-03	-5.01791e-01	1.28272e+01
110	1	125	0	2	3	3.24616e-03	-5.28809e-01	1.43185e+01
110	1	126	0	2	3	4.54356e-03	-6.17880e-01	1.55558e+01
110	1	127	0	2	3	4.07427e-03	-5.82101e-01	1.49800e+01
110	1	128	0	2	3	4.35206e-03	-6.29962e-01	1.65825e+01
110	1	129	0	2	3	4.99586e-03	-6.78710e-01	1.75202e+01
110	1	130	0	2	3	3.20914e-03	-5.46575e-01	1.42245e+01
110	1	131	0	2	3	3.58179e-03	-5.63027e-01	1.48556e+01
110	1	132	0	2	3	4.57403e-03	-6.39664e-01	1.68187e+01
110	1	133	0	2	3	3.72000e-03	-5.72323e-01	1.48427e+01
110	1	134	0	2	3	4.20751e-03	-6.25592e-01	1.67103e+01
110	1	135	0	2	3	3.45305e-03	-5.50632e-01	1.47732e+01
110	1	136	0	2	3	5.39835e-03	-7.08457e-01	1.83626e+01
110	1	137	0	2	3	4.81759e-03	-6.53339e-01	1.66474e+01
110	1	138	0	2	3	4.22705e-03	-6.10853e-01	1.56378e+01
110	1	139	0	2	3	4.47804e-03	-6.24656e-01	1.62045e+01
110	1	140	0	2	3	3.46996e-03	-5.56371e-01	1.45099e+01
110	1	141	0	2	3	4.90093e-03	-6.55793e-01	1.61068e+01
110	1	142	0	2	3	3.70726e-03	-5.68363e-01	1.43771e+01
110	1	143	0	2	3	5.11191e-03	-6.79717e-01	1.74810e+01
110	1	144	0	2	3	5.44454e-03	-6.95943e-01	1.80123e+01
110	1	145	0	2	3	3.95341e-03	-5.72109e-01	1.47116e+01
110	1	146	0	2	3	3.65113e-03	-5.71367e-01	1.48361e+01
110	1	147	0	2	3	4.62808e-03	-6.32172e-01	1.50497e+01
110	1	148	0	2	3	3.97000e-03	-5.98047e-01	1.49321e+01
110	1	149	0	2	3	3.89104e-03	-5.76756e-01	1.53827e+01
110	1	150	0	2	3	4.43598e-03	-6.24459e-01	1.62413e+01
110	1	151	0	2	3	4.51322e-03	-6.17678e-01	1.53543e+01
110	1	152	0	2	3	3.05985e-03	-5.37900e-01	1.54571e+01
110	1	153	0	2	3	3.93734e-03	-5.89319e-01	1.61349e+01
110	1	154	0	2	3	3.84262e-03	-5.86602e-01	1.55576e+01
110	1	155	0	2	3	5.14184e-03	-6.74017e-01	1.55460e+01
110	1	156	0	2	3	4.82670e-03	-6.31496e-01	1.57050e+01
110	1	157	0	2	3	6.95509e-03	-8.16955e-01	2.02474e+01
110	1	158	0	2	3	2.55350e-03	-5.31127e-01	1.54439e+01
110	1	159	0	2	3	1.47089e-03	-4.65493e-01	1.48930e+01
