##
#  file: HodoPHCParam_Dummy
#  date: 2016.06.15
#  note: first version
#
#
#######################################################################
# CId	PlId	Seg	UorD	Type	nParam	p0	p1	...
#
#	Type=0 no correction will be performed
#	Type=1 ct=t-p[0]/sqrt(a-p[1])+p[2]
#	Type=2 ct=p[0]*a*a + p[1]*a + p[2] for Fiber
#
#######################################################################
# BH1 Up                                                              #
#######################################################################
1	0	0	0	1	3	5.08705e+00	-1.98362e+00	2.93454e+00
1	0	1	0	1	3	6.69706e-01	2.91546e-01	8.10244e-01
1	0	2	0	1	3	5.01779e-01	3.94271e-01	6.64278e-01
1	0	3	0	1	3	7.45330e-01	1.66754e-01	8.56036e-01
1	0	4	0	1	3	8.52890e-01	8.60054e-02	9.27134e-01
1	0	5	0	1	3	1.69981e+00	-1.50393e-01	1.62794e+00
1	0	6	0	1	3	1.58582e+00	-2.35346e-01	1.46587e+00
1	0	7	0	1	3	1.61970e+00	-1.46184e-01	1.54504e+00
1	0	8	0	1	3	1.37546e+00	-2.52696e-01	1.28233e+00
1	0	9	0	1	3	1.74814e+00	-2.76223e-01	1.64100e+00
1	0	10	0	1	3	1.60339e+01	-4.62629e+00	6.81205e+00
#######################################################################
# BH1 Down                                                            #
#######################################################################
1	0	0	1	1	3	1.33519e+00	-9.13138e-02	1.27257e+00
1	0	1	1	1	3	6.24909e-01	2.88647e-01	7.65429e-01
1	0	2	1	1	3	6.68954e-01	2.21542e-01	7.45264e-01
1	0	3	1	1	3	1.32364e+00	-4.57464e-01	1.08318e+00
1	0	4	1	1	3	1.18002e+00	-7.91080e-02	1.17008e+00
1	0	5	1	1	3	2.07299e+00	-4.79828e-01	1.70935e+00
1	0	6	1	1	3	1.96000e+00	-5.20196e-01	1.63958e+00
1	0	7	1	1	3	1.89852e+00	-4.50289e-01	1.60743e+00
1	0	8	1	1	3	1.02469e+00	-6.73213e-02	1.04734e+00
1	0	9	1	1	3	1.64894e+00	-1.85977e-01	1.61292e+00
1	0	10	1	1	3	7.15603e-01	2.22738e-01	8.54972e-01
#######################################################################
# BH2 Up                                                              #
#######################################################################
2	0	0	0	1	3	1.43047e-01	2.98695e-01	2.00085e-01
2	0	1	0	1	3	8.79554e-01	-2.31747e-01	7.85839e-01
2	0	2	0	1	3	5.94572e-01	-4.97541e-01	4.68956e-01
2	0	3	0	1	3	1.91725e-01	3.94747e-02	1.91115e-01
2	0	4	0	1	3	3.31184e-01	-9.38469e-02	3.15823e-01
2	0	5	0	1	3	1.99769e-01	2.70254e-01	2.37321e-01
2	0	6	0	1	3	2.58948e-01	2.41832e-01	3.10133e-01
2	0	7	0	1	3	3.50426e-01	8.80094e-02	3.70898e-01
#######################################################################
# BH2 Down                                                            #
#######################################################################
2	0	0	1	1	3	3.94607e-01	-1.85207e-01	3.84440e-01
2	0	1	1	1	3	9.92155e-01	-3.85817e-01	8.32122e-01
2	0	2	1	1	3	4.10986e-01	-9.27803e-02	3.90143e-01
2	0	3	1	1	3	1.76416e-01	4.84160e-02	1.75490e-01
2	0	4	1	1	3	2.42956e-01	1.23979e-01	2.64593e-01
2	0	5	1	1	3	3.57967e-01	4.32013e-02	3.63973e-01
2	0	6	1	1	3	1.22093e+00	-6.67168e-01	9.30075e-01
2	0	7	1	1	3	2.92156e-01	-4.36810e-03	2.98702e-01
#######################################################################
# BAC                                                                 #
#######################################################################
3	0	0	0	1	3	0.00000e+00	0.00000e+00	0.00000e+00
3	0	1	0	1	3	0.00000e+00	0.00000e+00	0.00000e+00
#######################################################################
# FBH Up                                                              #
#######################################################################
4	0	0	0	2	3	-5.62952e-03	8.96903e-01	-3.53273e+01
4	0	1	0	2	3	-4.29399e-03	7.37975e-01	-3.00049e+01
4	0	2	0	2	3	-5.26894e-03	8.67305e-01	-3.38992e+01
4	0	3	0	2	3	-3.80183e-03	6.69237e-01	-2.72260e+01
4	0	4	0	2	3	-4.35014e-03	7.35785e-01	-2.92008e+01
4	0	5	0	2	3	-4.02541e-03	6.86907e-01	-2.70312e+01
4	0	6	0	2	3	-4.16660e-03	7.08229e-01	-2.81512e+01
4	0	7	0	2	3	-3.93117e-03	6.84759e-01	-2.69101e+01
4	0	8	0	2	3	-4.14423e-03	6.96902e-01	-2.65883e+01
4	0	9	0	2	3	-2.83372e-03	5.62925e-01	-2.20787e+01
4	0	10	0	2	3	-4.07944e-03	7.09420e-01	-2.75603e+01
4	0	11	0	2	3	-3.50961e-03	6.50113e-01	-2.64167e+01
4	0	12	0	2	3	-3.52415e-03	6.49734e-01	-2.67232e+01
4	0	13	0	2	3	-4.13420e-03	7.26957e-01	-2.99675e+01
4	0	14	0	2	3	-4.90315e-03	8.27563e-01	-3.35630e+01
4	0	15	0	2	3	-4.73048e-03	8.13189e-01	-3.31901e+01
#######################################################################
# FBH Down                                                            #
#######################################################################
4	0	0	1	2	3	-5.62952e-03	8.96903e-01	-3.53273e+01
4	0	1	1	2	3	-4.29399e-03	7.37975e-01	-3.00049e+01
4	0	2	1	2	3	-5.26894e-03	8.67305e-01	-3.38992e+01
4	0	3	1	2	3	-3.80183e-03	6.69237e-01	-2.72260e+01
4	0	4	1	2	3	-4.35014e-03	7.35785e-01	-2.92008e+01
4	0	5	1	2	3	-4.02541e-03	6.86907e-01	-2.70312e+01
4	0	6	1	2	3	-4.16660e-03	7.08229e-01	-2.81512e+01
4	0	7	1	2	3	-3.93117e-03	6.84759e-01	-2.69101e+01
4	0	8	1	2	3	-4.14423e-03	6.96902e-01	-2.65883e+01
4	0	9	1	2	3	-2.83372e-03	5.62925e-01	-2.20787e+01
4	0	10	1	2	3	-4.07944e-03	7.09420e-01	-2.75603e+01
4	0	11	1	2	3	-3.50961e-03	6.50113e-01	-2.64167e+01
4	0	12	1	2	3	-3.52415e-03	6.49734e-01	-2.67232e+01
4	0	13	1	2	3	-4.13420e-03	7.26957e-01	-2.99675e+01
4	0	14	1	2	3	-4.90315e-03	8.27563e-01	-3.35630e+01
4	0	15	1	2	3	-4.73048e-03	8.13189e-01	-3.31901e+01
#######################################################################
# PVAC                                                                #
#######################################################################
5	0	0	0	1	3	0.00000e+00	0.00000e+00	0.00000e+00
#######################################################################
# FAC                                                                 #
#######################################################################
6	0	0	0	1	3	0.00000e+00	0.00000e+00	0.00000e+00
#######################################################################
# SCH                                                                 #
#######################################################################
#7	0	0	0	2	3	-0.00500000	0.821213	-32.185321
#7	0	1	0	2	3	-0.00500000	0.830248	-32.269563
#7	0	2	0	2	3	-0.00500000	0.793073	-29.315934
#7	0	3	0	2	3	-0.00500000	0.772144	-28.276705
#7	0	4	0	2	3	-0.00500000	0.801968	-30.687167
#7	0	5	0	2	3	-0.00500000	0.778300	-28.439251
#7	0	6	0	2	3	-0.00500000	0.765872	-27.918181
#7	0	7	0	2	3	-0.00500000	0.738459	-26.016797
#7	0	8	0	2	3	-0.00500000	0.778318	-28.676371
#7	0	9	0	2	3	-0.00500000	0.776670	-28.892887
#7	0	10	0	2	3	-0.00500000	0.764278	-28.122474
#7	0	11	0	2	3	-0.00500000	0.790742	-29.423647
#7	0	12	0	2	3	-0.00500000	0.811330	-30.487019
#7	0	13	0	2	3	-0.00500000	0.818750	-30.891512
#7	0	14	0	2	3	-0.00500000	0.802541	-30.009136
#7	0	15	0	2	3	-0.00500000	0.809525	-30.751746
#7	0	16	0	2	3	-0.00500000	0.802597	-30.845509
#7	0	17	0	2	3	-0.00500000	0.835028	-32.780792
#7	0	18	0	2	3	-0.00500000	0.859176	-33.938731
#7	0	19	0	2	3	-0.00500000	0.814851	-31.445396
#7	0	20	0	2	3	-0.00500000	0.809426	-30.781087
#7	0	21	0	2	3	-0.00500000	0.780678	-28.888756
#7	0	22	0	2	3	-0.00500000	0.808206	-30.719604
#7	0	23	0	2	3	-0.00500000	0.774024	-27.858339
#7	0	24	0	2	3	-0.00500000	0.794308	-29.022101
#7	0	25	0	2	3	-0.00500000	0.775649	-27.980186
#7	0	26	0	2	3	-0.00500000	0.788483	-28.687567
#7	0	27	0	2	3	-0.00466315	0.771386	-29.253260
#7	0	28	0	2	3	-0.00483132	0.790854	-28.637741
#7	0	29	0	2	3	-0.00497049	0.812994	-30.786914
#7	0	30	0	2	3	-0.00500000	0.787793	-28.362716
#7	0	31	0	2	3	-0.00500000	0.790759	-28.876812
#7	0	32	0	2	3	-0.00500000	0.824826	-31.655285
#7	0	33	0	2	3	-0.00500000	0.845304	-33.407765
#7	0	34	0	2	3	-0.00500000	0.832263	-32.939799
#7	0	35	0	2	3	-0.00500000	0.820631	-31.695372
#7	0	36	0	2	3	-0.00500000	0.836997	-33.200590
#7	0	37	0	2	3	-0.00500000	0.819690	-32.097193
#7	0	38	0	2	3	-0.00500000	0.808109	-31.263214
#7	0	39	0	2	3	-0.00500000	0.815224	-31.135523
#7	0	40	0	2	3	-0.00500000	0.803398	-29.897923
#7	0	41	0	2	3	-0.00500000	0.815685	-31.165519
#7	0	42	0	2	3	-0.00500000	0.812980	-30.737261
#7	0	43	0	2	3	-0.00500000	0.829418	-32.693307
#7	0	44	0	2	3	-0.00500000	0.789530	-29.464920
#7	0	45	0	2	3	-0.00500000	0.804789	-31.208151
#7	0	46	0	2	3	-0.00500000	0.830106	-32.806514
#7	0	47	0	2	3	-0.00500000	0.819206	-31.373242
#7	0	48	0	2	3	-0.00500000	0.816165	-31.709319
#7	0	49	0	2	3	-0.00500000	0.798496	-30.201709
#7	0	50	0	2	3	-0.00500000	0.812167	-31.795745
#7	0	51	0	2	3	-0.00500000	0.810749	-31.375226
#7	0	52	0	2	3	-0.00500000	0.803385	-31.372512
#7	0	53	0	2	3	-0.00500000	0.777405	-29.262831
#7	0	54	0	2	3	-0.00500000	0.783954	-29.763410
#7	0	55	0	2	3	-0.00500000	0.789443	-29.976449
#7	0	56	0	2	3	-0.00500000	0.838828	-33.261086
#7	0	57	0	2	3	-0.00500000	0.804421	-30.573195
#7	0	58	0	2	3	-0.00500000	0.773283	-29.111048
#7	0	59	0	2	3	-0.00500000	0.811789	-31.449459
#7	0	60	0	2	3	-0.00500000	0.759724	-28.110014
#7	0	61	0	2	3	-0.00500000	0.810884	-31.379063
#7	0	62	0	2	3	-0.00500000	0.771910	-28.435006
#7	0	63	0	2	3	-0.00500000	0.796658	-30.511906
#######################################################################
# TOF Up                                                              #
#######################################################################
7	0	0	0	1	3	5.24830e+00	-1.96630e+00	2.96170e+00
7	0	1	0	1	3	5.24830e+00	-1.96630e+00	2.96170e+00
7	0	2	0	1	3	5.24830e+00	-1.96630e+00	2.96170e+00
7	0	3	0	1	3	5.24830e+00	-1.96630e+00	2.96170e+00
7	0	4	0	1	3	5.24830e+00	-1.96630e+00	2.96170e+00
7	0	5	0	1	3	5.24830e+00	-1.96630e+00	2.96170e+00
7	0	6	0	1	3	6.97090e+00	-3.03520e+00	3.39910e+00
7	0	7	0	1	3	4.05450e+00	-1.96150e+00	2.30360e+00
7	0	8	0	1	3	1.16940e+02	-2.98600e+01	2.09880e+01
7	0	9	0	1	3	5.24830e+00	-1.96630e+00	2.96170e+00
7	0	10	0	1	3	5.24830e+00	-1.96630e+00	2.96170e+00
7	0	11	0	1	3	5.24830e+00	-1.96630e+00	2.96170e+00
7	0	12	0	1	3	5.24830e+00	-1.96630e+00	2.96170e+00
7	0	13	0	1	3	5.24830e+00	-1.96630e+00	2.96170e+00
7	0	14	0	1	3	5.24830e+00	-1.96630e+00	2.96170e+00
7	0	15	0	1	3	5.24830e+00	-1.96630e+00	2.96170e+00
7	0	16	0	1	3	5.24830e+00	-1.96630e+00	2.96170e+00
7	0	17	0	1	3	5.24830e+00	-1.96630e+00	2.96170e+00
7	0	18	0	1	3	5.24830e+00	-1.96630e+00	2.96170e+00
7	0	19	0	1	3	7.11491e-01	1.85180e-03	5.82402e-01
7	0	20	0	1	3	5.59404e-01	-1.73810e-03	4.50716e-01
7	0	21	0	1	3	8.92499e-01	1.99900e-03	7.37364e-01
7	0	22	0	1	3	6.37553e-01	1.99960e-03	5.45449e-01
7	0	23	0	1	3	1.19210e+00	1.98920e-03	9.99994e-01
#######################################################################
# TOF Down                                                            #
#######################################################################
7	0	0	1	1	3	5.84300e+00	-2.30730e+00	3.11320e+00
7	0	1	1	1	3	5.84300e+00	-2.30730e+00	3.11320e+00
7	0	2	1	1	3	5.84300e+00	-2.30730e+00	3.11320e+00
7	0	3	1	1	3	5.84300e+00	-2.30730e+00	3.11320e+00
7	0	4	1	1	3	5.84300e+00	-2.30730e+00	3.11320e+00
7	0	5	1	1	3	5.84300e+00	-2.30730e+00	3.11320e+00
7	0	6	1	1	3	1.41330e+01	-5.81170e+00	5.32680e+00
7	0	7	1	1	3	7.84850e+01	-2.02870e+01	1.69500e+01
7	0	8	1	1	3	2.20240e+02	-3.62440e+01	3.60080e+01
7	0	9	1	1	3	5.84300e+00	-2.30730e+00	3.11320e+00
7	0	10	1	1	3	5.84300e+00	-2.30730e+00	3.11320e+00
7	0	11	1	1	3	5.84300e+00	-2.30730e+00	3.11320e+00
7	0	12	1	1	3	5.84300e+00	-2.30730e+00	3.11320e+00
7	0	13	1	1	3	5.84300e+00	-2.30730e+00	3.11320e+00
7	0	14	1	1	3	5.84300e+00	-2.30730e+00	3.11320e+00
7	0	15	1	1	3	5.84300e+00	-2.30730e+00	3.11320e+00
7	0	16	1	1	3	5.84300e+00	-2.30730e+00	3.11320e+00
7	0	17	1	1	3	5.84300e+00	-2.30730e+00	3.11320e+00
7	0	18	1	1	3	5.84300e+00	-2.30730e+00	3.11320e+00
7	0	19	1	1	3	6.18741e-01	1.99860e-03	4.90831e-01
7	0	20	1	1	3	5.75901e-01	1.04210e-03	4.72509e-01
7	0	21	1	1	3	9.41046e-01	1.99890e-03	7.79357e-01
7	0	22	1	1	3	4.84266e-01	-1.95590e-03	3.99786e-01
7	0	23	1	1	3	8.97714e-01	1.99860e-03	7.56300e-01
#######################################################################
# BFT U                                                               #
#######################################################################
110	0	0	0	2	3	3.78441e-03	-5.72761e-01	1.54179e+01
110	0	1	0	2	3	4.15038e-03	-5.63687e-01	1.45881e+01
110	0	2	0	2	3	4.49524e-03	-6.08651e-01	1.55052e+01
110	0	3	0	2	3	3.76285e-03	-5.63737e-01	1.39867e+01
110	0	4	0	2	3	4.27252e-03	-5.89077e-01	1.54836e+01
110	0	5	0	2	3	4.64080e-03	-6.08081e-01	1.61434e+01
110	0	6	0	2	3	3.07563e-03	-5.16605e-01	1.36787e+01
110	0	7	0	2	3	3.78418e-03	-5.47712e-01	1.47971e+01
110	0	8	0	2	3	4.17425e-03	-5.91835e-01	1.52092e+01
110	0	9	0	2	3	3.90730e-03	-5.60212e-01	1.59104e+01
110	0	10	0	2	3	3.13512e-03	-5.21714e-01	1.32378e+01
110	0	11	0	2	3	4.51125e-03	-5.98160e-01	1.64548e+01
110	0	12	0	2	3	3.24407e-03	-5.23003e-01	1.34549e+01
110	0	13	0	2	3	4.21603e-03	-5.80069e-01	1.61557e+01
110	0	14	0	2	3	3.16321e-03	-5.15805e-01	1.31067e+01
110	0	15	0	2	3	4.38043e-03	-5.97719e-01	1.65889e+01
110	0	16	0	2	3	3.96623e-03	-5.66541e-01	1.38256e+01
110	0	17	0	2	3	4.37701e-03	-5.91245e-01	1.59608e+01
110	0	18	0	2	3	3.68722e-03	-5.56902e-01	1.37508e+01
110	0	19	0	2	3	4.25699e-03	-5.93131e-01	1.42069e+01
110	0	20	0	2	3	3.16733e-03	-5.13331e-01	1.34632e+01
110	0	21	0	2	3	4.26547e-03	-5.86911e-01	1.72549e+01
110	0	22	0	2	3	3.49869e-03	-5.46623e-01	1.40941e+01
110	0	23	0	2	3	4.72997e-03	-6.16717e-01	1.65073e+01
110	0	24	0	2	3	3.43668e-03	-5.32187e-01	1.40918e+01
110	0	25	0	2	3	4.31063e-03	-5.82026e-01	1.63414e+01
110	0	26	0	2	3	3.79860e-03	-5.64744e-01	1.54033e+01
110	0	27	0	2	3	4.57909e-03	-5.99550e-01	1.60028e+01
110	0	28	0	2	3	3.11722e-03	-5.15972e-01	1.20628e+01
110	0	29	0	2	3	3.87355e-03	-5.52590e-01	1.48195e+01
110	0	30	0	2	3	3.62983e-03	-5.52837e-01	1.40105e+01
110	0	31	0	2	3	4.28727e-03	-5.87533e-01	1.59686e+01
110	0	32	0	2	3	3.98881e-03	-5.81041e-01	1.48280e+01
110	0	33	0	2	3	4.62043e-03	-5.92730e-01	1.42382e+01
110	0	34	0	2	3	4.27770e-03	-5.92543e-01	1.46219e+01
110	0	35	0	2	3	5.14686e-03	-6.54536e-01	1.71504e+01
110	0	36	0	2	3	3.65863e-03	-5.40500e-01	1.35505e+01
110	0	37	0	2	3	4.12511e-03	-5.78286e-01	1.67009e+01
110	0	38	0	2	3	4.24448e-03	-5.83514e-01	1.38286e+01
110	0	39	0	2	3	4.61158e-03	-6.08231e-01	1.59421e+01
110	0	40	0	2	3	3.80801e-03	-5.52586e-01	1.36744e+01
110	0	41	0	2	3	4.12823e-03	-5.72324e-01	1.63680e+01
110	0	42	0	2	3	4.27044e-03	-5.88238e-01	1.48892e+01
110	0	43	0	2	3	4.59164e-03	-6.16584e-01	1.68559e+01
110	0	44	0	2	3	3.65113e-03	-5.50546e-01	1.39042e+01
110	0	45	0	2	3	4.20939e-03	-5.76807e-01	1.60049e+01
110	0	46	0	2	3	4.33852e-03	-6.05917e-01	1.50928e+01
110	0	47	0	2	3	4.59292e-03	-6.18001e-01	1.79506e+01
110	0	48	0	2	3	3.45614e-03	-5.31558e-01	1.24916e+01
110	0	49	0	2	3	4.35442e-03	-5.89337e-01	1.66913e+01
110	0	50	0	2	3	4.37808e-03	-5.99922e-01	1.51131e+01
110	0	51	0	2	3	4.75378e-03	-6.22626e-01	1.62314e+01
110	0	52	0	2	3	3.42218e-03	-5.29079e-01	1.30228e+01
110	0	53	0	2	3	4.31476e-03	-5.85151e-01	1.53902e+01
110	0	54	0	2	3	4.40451e-03	-6.02757e-01	1.47768e+01
110	0	55	0	2	3	4.56069e-03	-6.08192e-01	1.68666e+01
110	0	56	0	2	3	3.96688e-03	-5.79491e-01	1.53612e+01
110	0	57	0	2	3	4.70971e-03	-6.16866e-01	1.66451e+01
110	0	58	0	2	3	4.16074e-03	-5.89169e-01	1.56434e+01
110	0	59	0	2	3	4.58821e-03	-6.25525e-01	1.72219e+01
110	0	60	0	2	3	4.03452e-03	-5.82227e-01	1.40979e+01
110	0	61	0	2	3	3.62495e-03	-5.38546e-01	1.49595e+01
110	0	62	0	2	3	4.58412e-03	-6.14161e-01	1.48432e+01
110	0	63	0	2	3	3.96979e-03	-5.69790e-01	1.44997e+01
110	0	64	0	2	3	3.87342e-03	-5.68824e-01	1.44498e+01
110	0	65	0	2	3	3.99494e-03	-5.69895e-01	1.55170e+01
110	0	66	0	2	3	4.52339e-03	-6.26278e-01	1.67560e+01
110	0	67	0	2	3	3.74739e-03	-5.56345e-01	1.54968e+01
110	0	68	0	2	3	3.89175e-03	-5.81448e-01	1.53116e+01
110	0	69	0	2	3	4.02817e-03	-5.68313e-01	1.49858e+01
110	0	70	0	2	3	4.49374e-03	-6.27473e-01	1.50556e+01
110	0	71	0	2	3	4.35697e-03	-6.01126e-01	1.60469e+01
110	0	72	0	2	3	4.05111e-03	-5.84651e-01	1.40701e+01
110	0	73	0	2	3	3.98626e-03	-5.76222e-01	1.50280e+01
110	0	74	0	2	3	4.58140e-03	-6.31052e-01	1.60317e+01
110	0	75	0	2	3	4.49532e-03	-6.05327e-01	1.57031e+01
110	0	76	0	2	3	3.75876e-03	-5.59492e-01	1.37194e+01
110	0	77	0	2	3	3.73013e-03	-5.51628e-01	1.50984e+01
110	0	78	0	2	3	4.27434e-03	-6.08036e-01	1.49518e+01
110	0	79	0	2	3	4.20993e-03	-5.86371e-01	1.53481e+01
110	0	80	0	2	3	4.12926e-03	-5.87438e-01	1.52726e+01
110	0	81	0	2	3	3.97303e-03	-5.62751e-01	1.49315e+01
110	0	82	0	2	3	4.18315e-03	-5.89755e-01	1.48450e+01
110	0	83	0	2	3	4.56246e-03	-6.16390e-01	1.58202e+01
110	0	84	0	2	3	3.74579e-03	-5.57299e-01	1.41480e+01
110	0	85	0	2	3	3.77200e-03	-5.52984e-01	1.51267e+01
110	0	86	0	2	3	4.46651e-03	-6.25695e-01	1.52928e+01
110	0	87	0	2	3	4.23670e-03	-6.00011e-01	1.63163e+01
110	0	88	0	2	3	3.89706e-03	-5.63632e-01	1.46014e+01
110	0	89	0	2	3	4.33367e-03	-5.96209e-01	1.54791e+01
110	0	90	0	2	3	4.23243e-03	-5.97596e-01	1.44409e+01
110	0	91	0	2	3	4.27444e-03	-6.02845e-01	1.52519e+01
110	0	92	0	2	3	3.94325e-03	-5.83461e-01	1.50446e+01
110	0	93	0	2	3	4.02970e-03	-5.71458e-01	1.47557e+01
110	0	94	0	2	3	4.62079e-03	-6.41478e-01	1.70806e+01
110	0	95	0	2	3	4.41405e-03	-6.09952e-01	1.61786e+01
110	0	96	0	2	3	3.87120e-03	-5.80339e-01	1.46588e+01
110	0	97	0	2	3	3.76108e-03	-5.57333e-01	1.53438e+01
110	0	98	0	2	3	4.37753e-03	-6.17989e-01	1.52899e+01
110	0	99	0	2	3	4.46808e-03	-6.06506e-01	1.58597e+01
110	0	100	0	2	3	3.81119e-03	-5.66507e-01	1.48335e+01
110	0	101	0	2	3	3.56246e-03	-5.42156e-01	1.49620e+01
110	0	102	0	2	3	4.39613e-03	-6.15543e-01	1.60346e+01
110	0	103	0	2	3	4.52129e-03	-6.14400e-01	1.58056e+01
110	0	104	0	2	3	4.01733e-03	-5.84828e-01	1.43292e+01
110	0	105	0	2	3	4.44827e-03	-6.02162e-01	1.54237e+01
110	0	106	0	2	3	4.14535e-03	-5.97448e-01	1.56872e+01
110	0	107	0	2	3	5.16722e-03	-6.52294e-01	1.57773e+01
110	0	108	0	2	3	4.09124e-03	-5.89230e-01	1.52173e+01
110	0	109	0	2	3	4.26033e-03	-5.95825e-01	1.53112e+01
110	0	110	0	2	3	4.51030e-03	-6.20005e-01	1.57810e+01
110	0	111	0	2	3	5.03752e-03	-6.57489e-01	1.65296e+01
110	0	112	0	2	3	4.24546e-03	-5.92691e-01	1.39914e+01
110	0	113	0	2	3	4.20793e-03	-5.85511e-01	1.50202e+01
110	0	114	0	2	3	4.54418e-03	-6.22999e-01	1.59566e+01
110	0	115	0	2	3	4.69539e-03	-6.22192e-01	1.56532e+01
110	0	116	0	2	3	3.59995e-03	-5.57416e-01	1.43457e+01
110	0	117	0	2	3	4.35275e-03	-5.96726e-01	1.61731e+01
110	0	118	0	2	3	4.32567e-03	-6.12153e-01	1.59994e+01
110	0	119	0	2	3	4.49888e-03	-6.05425e-01	1.44834e+01
110	0	120	0	2	3	4.45693e-03	-6.25817e-01	1.57527e+01
110	0	121	0	2	3	3.90561e-03	-5.64889e-01	1.33314e+01
110	0	122	0	2	3	4.93062e-03	-6.57855e-01	1.74114e+01
110	0	123	0	2	3	4.86968e-03	-6.35174e-01	1.61762e+01
110	0	124	0	2	3	4.13796e-03	-5.86438e-01	1.53901e+01
110	0	125	0	2	3	4.65997e-03	-6.02114e-01	1.31390e+01
110	0	126	0	2	3	3.29990e-03	-5.28675e-01	1.37927e+01
110	0	127	0	2	3	4.35623e-03	-5.97213e-01	1.52108e+01
110	0	128	0	2	3	4.15413e-03	-6.21315e-01	1.67261e+01
110	0	129	0	2	3	3.37625e-03	-5.53454e-01	1.50937e+01
110	0	130	0	2	3	4.37557e-03	-6.36096e-01	1.70382e+01
110	0	131	0	2	3	3.46088e-03	-5.48662e-01	1.50077e+01
110	0	132	0	2	3	4.05331e-03	-5.95825e-01	1.63246e+01
110	0	133	0	2	3	4.02341e-03	-5.87796e-01	1.57616e+01
110	0	134	0	2	3	3.11865e-03	-5.37433e-01	1.49330e+01
110	0	135	0	2	3	3.72136e-03	-5.63169e-01	1.45928e+01
110	0	136	0	2	3	3.75450e-03	-5.67614e-01	1.46073e+01
110	0	137	0	2	3	4.18094e-03	-6.08847e-01	1.66012e+01
110	0	138	0	2	3	4.66653e-03	-6.56556e-01	1.75159e+01
110	0	139	0	2	3	3.87988e-03	-5.85068e-01	1.46621e+01
110	0	140	0	2	3	3.82801e-03	-5.87703e-01	1.63869e+01
110	0	141	0	2	3	3.46968e-03	-5.51577e-01	1.43217e+01
110	0	142	0	2	3	3.28868e-03	-5.53743e-01	1.52121e+01
110	0	143	0	2	3	4.29411e-03	-6.14480e-01	1.57984e+01
110	0	144	0	2	3	3.95482e-03	-5.94907e-01	1.50793e+01
110	0	145	0	2	3	3.37608e-03	-5.43553e-01	1.39640e+01
110	0	146	0	2	3	6.46574e-04	-3.56206e-01	1.16831e+01
110	0	147	0	2	3	3.69181e-03	-5.61728e-01	1.53141e+01
110	0	148	0	2	3	-9.59685e-03	4.00787e-01	-2.62578e+00
110	0	149	0	2	3	4.31785e-03	-6.00584e-01	1.58347e+01
110	0	150	0	2	3	4.19918e-03	-6.20838e-01	1.68319e+01
110	0	151	0	2	3	3.85653e-03	-5.86347e-01	1.58085e+01
110	0	152	0	2	3	4.86106e-03	-6.81080e-01	1.84011e+01
110	0	153	0	2	3	5.72287e-03	-7.34799e-01	1.87909e+01
110	0	154	0	2	3	2.21274e-03	-4.62660e-01	1.30597e+01
110	0	155	0	2	3	2.88385e-03	-5.22990e-01	1.31396e+01
110	0	156	0	2	3	-1.76208e-03	-1.67025e-01	8.25963e+00
110	0	157	0	2	3	1.84907e-03	-4.37145e-01	1.33615e+01
110	0	158	0	2	3	-1.00560e-02	4.33642e-01	-2.90302e+00
110	0	159	0	2	3	4.98380e-03	-6.19645e-01	1.52502e+01
#######################################################################
# BFT D                                                               #
#######################################################################
110	1	0	0	2	3	3.04136e-03	-5.15237e-01	1.58095e+01
110	1	1	0	2	3	3.51955e-03	-5.37639e-01	1.54609e+01
110	1	2	0	2	3	3.51794e-03	-5.58888e-01	1.57363e+01
110	1	3	0	2	3	3.88117e-03	-5.67553e-01	1.65256e+01
110	1	4	0	2	3	2.71026e-03	-4.91678e-01	1.44095e+01
110	1	5	0	2	3	3.41270e-03	-5.35902e-01	1.61069e+01
110	1	6	0	2	3	4.43911e-03	-6.12634e-01	1.52929e+01
110	1	7	0	2	3	3.52272e-03	-5.37472e-01	1.54601e+01
110	1	8	0	2	3	3.66671e-03	-5.57346e-01	1.57834e+01
110	1	9	0	2	3	3.07880e-03	-5.19846e-01	1.68297e+01
110	1	10	0	2	3	3.87815e-03	-5.80779e-01	1.61220e+01
110	1	11	0	2	3	3.98596e-03	-5.78827e-01	1.61643e+01
110	1	12	0	2	3	3.20464e-03	-5.26447e-01	1.44062e+01
110	1	13	0	2	3	2.83556e-03	-5.02029e-01	1.56834e+01
110	1	14	0	2	3	3.71300e-03	-5.73463e-01	1.51801e+01
110	1	15	0	2	3	3.45737e-03	-5.38268e-01	1.60480e+01
110	1	16	0	2	3	3.07105e-03	-5.21366e-01	1.45004e+01
110	1	17	0	2	3	3.60589e-03	-5.47926e-01	1.54812e+01
110	1	18	0	2	3	3.62780e-03	-5.59894e-01	1.45022e+01
110	1	19	0	2	3	4.13422e-03	-5.89597e-01	1.66284e+01
110	1	20	0	2	3	3.55285e-03	-5.62117e-01	1.56263e+01
110	1	21	0	2	3	3.17294e-03	-5.18587e-01	1.63015e+01
110	1	22	0	2	3	3.94697e-03	-5.71286e-01	1.51059e+01
110	1	23	0	2	3	3.79983e-03	-5.56794e-01	1.61162e+01
110	1	24	0	2	3	3.44089e-03	-5.48074e-01	1.58382e+01
110	1	25	0	2	3	3.54302e-03	-5.41934e-01	1.60506e+01
110	1	26	0	2	3	4.19706e-03	-6.01369e-01	1.56172e+01
110	1	27	0	2	3	4.17982e-03	-5.86325e-01	1.74875e+01
110	1	28	0	2	3	3.83612e-03	-5.78120e-01	1.62618e+01
110	1	29	0	2	3	3.77565e-03	-5.60143e-01	1.65458e+01
110	1	30	0	2	3	3.90083e-03	-5.76809e-01	1.54501e+01
110	1	31	0	2	3	4.22925e-03	-6.02702e-01	1.75240e+01
110	1	32	0	2	3	3.15820e-03	-5.26989e-01	1.58513e+01
110	1	33	0	2	3	3.30419e-03	-5.36060e-01	1.51705e+01
110	1	34	0	2	3	4.14255e-03	-5.85937e-01	1.50395e+01
110	1	35	0	2	3	4.09388e-03	-5.98158e-01	1.74943e+01
110	1	36	0	2	3	3.77622e-03	-5.59630e-01	1.58249e+01
110	1	37	0	2	3	3.32481e-03	-5.26774e-01	1.41114e+01
110	1	38	0	2	3	4.18365e-03	-5.92936e-01	1.66419e+01
110	1	39	0	2	3	4.05947e-03	-5.76763e-01	1.59601e+01
110	1	40	0	2	3	3.91741e-03	-5.67820e-01	1.47927e+01
110	1	41	0	2	3	3.38486e-03	-5.31534e-01	1.56383e+01
110	1	42	0	2	3	3.56730e-03	-5.45513e-01	1.50016e+01
110	1	43	0	2	3	4.17223e-03	-5.85829e-01	1.72952e+01
110	1	44	0	2	3	3.72986e-03	-5.65800e-01	1.50186e+01
110	1	45	0	2	3	3.67768e-03	-5.51701e-01	1.61711e+01
110	1	46	0	2	3	4.11803e-03	-5.93509e-01	1.54742e+01
110	1	47	0	2	3	3.99175e-03	-5.93685e-01	1.79149e+01
110	1	48	0	2	3	3.97085e-03	-5.76186e-01	1.58075e+01
110	1	49	0	2	3	3.38274e-03	-5.27260e-01	1.59688e+01
110	1	50	0	2	3	4.23469e-03	-5.96273e-01	1.51244e+01
110	1	51	0	2	3	4.06751e-03	-5.80667e-01	1.66036e+01
110	1	52	0	2	3	3.94641e-03	-5.87456e-01	1.53454e+01
110	1	53	0	2	3	3.51980e-03	-5.39045e-01	1.61253e+01
110	1	54	0	2	3	4.31713e-03	-6.12126e-01	1.67011e+01
110	1	55	0	2	3	4.18532e-03	-5.90381e-01	1.68958e+01
110	1	56	0	2	3	4.00418e-03	-5.94507e-01	1.55175e+01
110	1	57	0	2	3	3.94903e-03	-5.74272e-01	1.63467e+01
110	1	58	0	2	3	4.35177e-03	-6.21332e-01	1.78971e+01
110	1	59	0	2	3	4.56710e-03	-6.30996e-01	1.87147e+01
110	1	60	0	2	3	3.86245e-03	-5.76501e-01	1.58879e+01
110	1	61	0	2	3	3.93508e-03	-5.61644e-01	1.56049e+01
110	1	62	0	2	3	3.94445e-03	-5.80000e-01	1.49093e+01
110	1	63	0	2	3	4.03754e-03	-5.83309e-01	1.68541e+01
110	1	64	0	2	3	4.11555e-03	-5.95080e-01	1.65788e+01
110	1	65	0	2	3	3.79486e-03	-5.65751e-01	1.58473e+01
110	1	66	0	2	3	4.56059e-03	-6.32737e-01	1.59611e+01
110	1	67	0	2	3	4.32464e-03	-6.07208e-01	1.56978e+01
110	1	68	0	2	3	3.40520e-03	-5.34888e-01	1.38808e+01
110	1	69	0	2	3	4.08285e-03	-5.85659e-01	1.62577e+01
110	1	70	0	2	3	4.00091e-03	-5.85904e-01	1.61905e+01
110	1	71	0	2	3	4.05464e-03	-5.92250e-01	1.66641e+01
110	1	72	0	2	3	3.58298e-03	-5.51505e-01	1.50630e+01
110	1	73	0	2	3	3.91025e-03	-5.80110e-01	1.69344e+01
110	1	74	0	2	3	4.20376e-03	-5.97026e-01	1.50326e+01
110	1	75	0	2	3	4.18865e-03	-6.03022e-01	1.63142e+01
110	1	76	0	2	3	3.62033e-03	-5.53467e-01	1.49179e+01
110	1	77	0	2	3	4.16548e-03	-5.97184e-01	1.61405e+01
110	1	78	0	2	3	4.25913e-03	-6.05235e-01	1.52112e+01
110	1	79	0	2	3	4.17786e-03	-5.95106e-01	1.59999e+01
110	1	80	0	2	3	3.83312e-03	-5.66921e-01	1.50296e+01
110	1	81	0	2	3	3.75008e-03	-5.62753e-01	1.47560e+01
110	1	82	0	2	3	4.40492e-03	-6.11255e-01	1.67269e+01
110	1	83	0	2	3	4.44928e-03	-6.00013e-01	1.55565e+01
110	1	84	0	2	3	3.66645e-03	-5.49208e-01	1.41880e+01
110	1	85	0	2	3	3.69518e-03	-5.56508e-01	1.48793e+01
110	1	86	0	2	3	3.86744e-03	-5.72218e-01	1.57773e+01
110	1	87	0	2	3	4.30922e-03	-5.96721e-01	1.43197e+01
110	1	88	0	2	3	3.81055e-03	-5.66130e-01	1.54235e+01
110	1	89	0	2	3	3.90255e-03	-5.74806e-01	1.48491e+01
110	1	90	0	2	3	3.97782e-03	-5.81737e-01	1.48888e+01
110	1	91	0	2	3	4.10413e-03	-5.83054e-01	1.58136e+01
110	1	92	0	2	3	3.75353e-03	-5.59765e-01	1.48959e+01
110	1	93	0	2	3	3.87146e-03	-5.69214e-01	1.52636e+01
110	1	94	0	2	3	4.18534e-03	-6.01154e-01	1.64539e+01
110	1	95	0	2	3	3.62999e-03	-5.60997e-01	1.49064e+01
110	1	96	0	2	3	3.51623e-03	-5.44227e-01	1.43068e+01
110	1	97	0	2	3	3.65887e-03	-5.56048e-01	1.54935e+01
110	1	98	0	2	3	4.30065e-03	-6.21458e-01	1.71051e+01
110	1	99	0	2	3	4.34213e-03	-6.03695e-01	1.56271e+01
110	1	100	0	2	3	3.64143e-03	-5.43262e-01	1.47639e+01
110	1	101	0	2	3	3.74439e-03	-5.60786e-01	1.54202e+01
110	1	102	0	2	3	4.55899e-03	-6.31726e-01	1.64260e+01
110	1	103	0	2	3	4.45397e-03	-6.11927e-01	1.56760e+01
110	1	104	0	2	3	3.87171e-03	-5.73169e-01	1.53749e+01
110	1	105	0	2	3	4.01369e-03	-5.79526e-01	1.54965e+01
110	1	106	0	2	3	4.56901e-03	-6.28076e-01	1.71136e+01
110	1	107	0	2	3	4.45203e-03	-6.14280e-01	1.59152e+01
110	1	108	0	2	3	3.71169e-03	-5.61118e-01	1.58732e+01
110	1	109	0	2	3	3.54367e-03	-5.47652e-01	1.54673e+01
110	1	110	0	2	3	4.06227e-03	-5.93584e-01	1.57453e+01
110	1	111	0	2	3	4.56179e-03	-6.27075e-01	1.74086e+01
110	1	112	0	2	3	3.65057e-03	-5.59061e-01	1.49475e+01
110	1	113	0	2	3	3.58428e-03	-5.49589e-01	1.50421e+01
110	1	114	0	2	3	4.44242e-03	-6.19536e-01	1.57817e+01
110	1	115	0	2	3	4.55396e-03	-6.21564e-01	1.60463e+01
110	1	116	0	2	3	4.43295e-03	-6.12647e-01	1.60039e+01
110	1	117	0	2	3	3.65442e-03	-5.55595e-01	1.51127e+01
110	1	118	0	2	3	4.26239e-03	-6.03046e-01	1.49747e+01
110	1	119	0	2	3	4.41769e-03	-6.08767e-01	1.61770e+01
110	1	120	0	2	3	3.49566e-03	-5.51570e-01	1.47465e+01
110	1	121	0	2	3	3.70793e-03	-5.59666e-01	1.49823e+01
110	1	122	0	2	3	5.18051e-03	-6.77854e-01	1.83660e+01
110	1	123	0	2	3	4.78018e-03	-6.48370e-01	1.82123e+01
110	1	124	0	2	3	4.21953e-03	-5.90583e-01	1.49359e+01
110	1	125	0	2	3	3.49152e-03	-5.46162e-01	1.50801e+01
110	1	126	0	2	3	4.20760e-03	-5.99785e-01	1.58548e+01
110	1	127	0	2	3	3.89645e-03	-5.70523e-01	1.52526e+01
110	1	128	0	2	3	3.98907e-03	-6.13554e-01	1.69503e+01
110	1	129	0	2	3	5.46752e-03	-7.13279e-01	1.85932e+01
110	1	130	0	2	3	3.80728e-03	-5.83507e-01	1.52175e+01
110	1	131	0	2	3	2.61727e-03	-4.89758e-01	1.39741e+01
110	1	132	0	2	3	4.70231e-03	-6.49681e-01	1.74538e+01
110	1	133	0	2	3	4.95978e-03	-6.55009e-01	1.66262e+01
110	1	134	0	2	3	3.45543e-03	-5.67026e-01	1.60979e+01
110	1	135	0	2	3	4.80295e-03	-6.31127e-01	1.63776e+01
110	1	136	0	2	3	2.98487e-03	-5.33658e-01	1.58347e+01
110	1	137	0	2	3	5.44446e-03	-6.88310e-01	1.75519e+01
110	1	138	0	2	3	5.05852e-03	-6.60929e-01	1.68627e+01
110	1	139	0	2	3	3.82096e-03	-5.71310e-01	1.56973e+01
110	1	140	0	2	3	5.17296e-03	-6.67533e-01	1.67567e+01
110	1	141	0	2	3	4.57261e-03	-6.40392e-01	1.64345e+01
110	1	142	0	2	3	3.47255e-03	-5.47687e-01	1.45288e+01
110	1	143	0	2	3	-5.17938e-03	7.34313e-02	4.53956e+00
110	1	144	0	2	3	3.25633e-03	-5.37455e-01	1.57949e+01
110	1	145	0	2	3	4.81668e-03	-6.34225e-01	1.63903e+01
110	1	146	0	2	3	9.75357e-04	-3.63308e-01	1.14187e+01
110	1	147	0	2	3	2.35417e-03	-4.85873e-01	1.33495e+01
110	1	148	0	2	3	6.40376e-03	-7.45492e-01	1.75026e+01
110	1	149	0	2	3	6.20182e-03	-7.49668e-01	1.91656e+01
110	1	150	0	2	3	4.57543e-03	-6.37451e-01	1.71272e+01
110	1	151	0	2	3	4.53201e-03	-6.31944e-01	1.64774e+01
110	1	152	0	2	3	3.19188e-03	-5.34170e-01	1.57433e+01
110	1	153	0	2	3	2.99169e-03	-5.12801e-01	1.51500e+01
110	1	154	0	2	3	3.80760e-03	-5.73785e-01	1.56994e+01
110	1	155	0	2	3	5.52983e-03	-7.00738e-01	1.65715e+01
110	1	156	0	2	3	2.75182e-03	-5.04563e-01	1.46018e+01
110	1	157	0	2	3	8.66967e-04	-3.62279e-01	1.24639e+01
110	1	158	0	2	3	1.41990e-03	-4.07899e-01	1.32950e+01
110	1	159	0	2	3	1.79766e-03	-4.45297e-01	1.45656e+01
