##
#  file: HodoPHCParam_Dummy
#  date: 2016.06.15
#  note: first version
#
#
#######################################################################
# CId	PlId	Seg	UorD	Type	nParam	p0	p1	...
#
#	Type=0 no correction will be performed
#	Type=1 ct=t-p[0]/sqrt(a-p[1])+p[2]
#	Type=2 ct=p[0]*a*a + p[1]*a + p[2] for Fiber
#
#######################################################################
# BH1 Up                                                              #
#######################################################################
1	0	0	0	1	3	5.08705e+00	-1.98362e+00	2.93454e+00
1	0	1	0	1	3	6.69706e-01	2.91546e-01	8.10244e-01
1	0	2	0	1	3	5.01779e-01	3.94271e-01	6.64278e-01
1	0	3	0	1	3	7.45330e-01	1.66754e-01	8.56036e-01
1	0	4	0	1	3	8.52890e-01	8.60054e-02	9.27134e-01
1	0	5	0	1	3	1.69981e+00	-1.50393e-01	1.62794e+00
1	0	6	0	1	3	1.58582e+00	-2.35346e-01	1.46587e+00
1	0	7	0	1	3	1.61970e+00	-1.46184e-01	1.54504e+00
1	0	8	0	1	3	1.37546e+00	-2.52696e-01	1.28233e+00
1	0	9	0	1	3	1.74814e+00	-2.76223e-01	1.64100e+00
1	0	10	0	1	3	1.60339e+01	-4.62629e+00	6.81205e+00
#######################################################################
# BH1 Down                                                            #
#######################################################################
1	0	0	1	1	3	1.33519e+00	-9.13138e-02	1.27257e+00
1	0	1	1	1	3	6.24909e-01	2.88647e-01	7.65429e-01
1	0	2	1	1	3	6.68954e-01	2.21542e-01	7.45264e-01
1	0	3	1	1	3	1.32364e+00	-4.57464e-01	1.08318e+00
1	0	4	1	1	3	1.18002e+00	-7.91080e-02	1.17008e+00
1	0	5	1	1	3	2.07299e+00	-4.79828e-01	1.70935e+00
1	0	6	1	1	3	1.96000e+00	-5.20196e-01	1.63958e+00
1	0	7	1	1	3	1.89852e+00	-4.50289e-01	1.60743e+00
1	0	8	1	1	3	1.02469e+00	-6.73213e-02	1.04734e+00
1	0	9	1	1	3	1.64894e+00	-1.85977e-01	1.61292e+00
1	0	10	1	1	3	7.15603e-01	2.22738e-01	8.54972e-01
#######################################################################
# BH2 Up                                                              #
#######################################################################
2	0	0	0	1	3	1.43047e-01	2.98695e-01	2.00085e-01
2	0	1	0	1	3	8.79554e-01	-2.31747e-01	7.85839e-01
2	0	2	0	1	3	5.94572e-01	-4.97541e-01	4.68956e-01
2	0	3	0	1	3	1.91725e-01	3.94747e-02	1.91115e-01
2	0	4	0	1	3	3.31184e-01	-9.38469e-02	3.15823e-01
2	0	5	0	1	3	1.99769e-01	2.70254e-01	2.37321e-01
2	0	6	0	1	3	2.58948e-01	2.41832e-01	3.10133e-01
2	0	7	0	1	3	3.50426e-01	8.80094e-02	3.70898e-01
#######################################################################
# BH2 Down                                                            #
#######################################################################
2	0	0	1	1	3	3.94607e-01	-1.85207e-01	3.84440e-01
2	0	1	1	1	3	9.92155e-01	-3.85817e-01	8.32122e-01
2	0	2	1	1	3	4.10986e-01	-9.27803e-02	3.90143e-01
2	0	3	1	1	3	1.76416e-01	4.84160e-02	1.75490e-01
2	0	4	1	1	3	2.42956e-01	1.23979e-01	2.64593e-01
2	0	5	1	1	3	3.57967e-01	4.32013e-02	3.63973e-01
2	0	6	1	1	3	1.22093e+00	-6.67168e-01	9.30075e-01
2	0	7	1	1	3	2.92156e-01	-4.36810e-03	2.98702e-01
#######################################################################
# BAC                                                                 #
#######################################################################
3	0	0	0	1	3	0.00000e+00	0.00000e+00	0.00000e+00
3	0	1	0	1	3	0.00000e+00	0.00000e+00	0.00000e+00
#######################################################################
# FBH Up                                                              #
#######################################################################
4	0	0	0	2	3	-5.62952e-03	8.96903e-01	-3.53273e+01
4	0	1	0	2	3	-4.29399e-03	7.37975e-01	-3.00049e+01
4	0	2	0	2	3	-5.26894e-03	8.67305e-01	-3.38992e+01
4	0	3	0	2	3	-3.80183e-03	6.69237e-01	-2.72260e+01
4	0	4	0	2	3	-4.35014e-03	7.35785e-01	-2.92008e+01
4	0	5	0	2	3	-4.02541e-03	6.86907e-01	-2.70312e+01
4	0	6	0	2	3	-4.16660e-03	7.08229e-01	-2.81512e+01
4	0	7	0	2	3	-3.93117e-03	6.84759e-01	-2.69101e+01
4	0	8	0	2	3	-4.14423e-03	6.96902e-01	-2.65883e+01
4	0	9	0	2	3	-2.83372e-03	5.62925e-01	-2.20787e+01
4	0	10	0	2	3	-4.07944e-03	7.09420e-01	-2.75603e+01
4	0	11	0	2	3	-3.50961e-03	6.50113e-01	-2.64167e+01
4	0	12	0	2	3	-3.52415e-03	6.49734e-01	-2.67232e+01
4	0	13	0	2	3	-4.13420e-03	7.26957e-01	-2.99675e+01
4	0	14	0	2	3	-4.90315e-03	8.27563e-01	-3.35630e+01
4	0	15	0	2	3	-4.73048e-03	8.13189e-01	-3.31901e+01
#######################################################################
# FBH Down                                                            #
#######################################################################
4	0	0	1	2	3	-5.62952e-03	8.96903e-01	-3.53273e+01
4	0	1	1	2	3	-4.29399e-03	7.37975e-01	-3.00049e+01
4	0	2	1	2	3	-5.26894e-03	8.67305e-01	-3.38992e+01
4	0	3	1	2	3	-3.80183e-03	6.69237e-01	-2.72260e+01
4	0	4	1	2	3	-4.35014e-03	7.35785e-01	-2.92008e+01
4	0	5	1	2	3	-4.02541e-03	6.86907e-01	-2.70312e+01
4	0	6	1	2	3	-4.16660e-03	7.08229e-01	-2.81512e+01
4	0	7	1	2	3	-3.93117e-03	6.84759e-01	-2.69101e+01
4	0	8	1	2	3	-4.14423e-03	6.96902e-01	-2.65883e+01
4	0	9	1	2	3	-2.83372e-03	5.62925e-01	-2.20787e+01
4	0	10	1	2	3	-4.07944e-03	7.09420e-01	-2.75603e+01
4	0	11	1	2	3	-3.50961e-03	6.50113e-01	-2.64167e+01
4	0	12	1	2	3	-3.52415e-03	6.49734e-01	-2.67232e+01
4	0	13	1	2	3	-4.13420e-03	7.26957e-01	-2.99675e+01
4	0	14	1	2	3	-4.90315e-03	8.27563e-01	-3.35630e+01
4	0	15	1	2	3	-4.73048e-03	8.13189e-01	-3.31901e+01
#######################################################################
# PVAC                                                                #
#######################################################################
5	0	0	0	1	3	0.00000e+00	0.00000e+00	0.00000e+00
#######################################################################
# FAC                                                                 #
#######################################################################
6	0	0	0	1	3	0.00000e+00	0.00000e+00	0.00000e+00
#######################################################################
# SCH                                                                 #
#######################################################################
#7	0	0	0	2	3	-0.00500000	0.821213	-32.185321
#7	0	1	0	2	3	-0.00500000	0.830248	-32.269563
#7	0	2	0	2	3	-0.00500000	0.793073	-29.315934
#7	0	3	0	2	3	-0.00500000	0.772144	-28.276705
#7	0	4	0	2	3	-0.00500000	0.801968	-30.687167
#7	0	5	0	2	3	-0.00500000	0.778300	-28.439251
#7	0	6	0	2	3	-0.00500000	0.765872	-27.918181
#7	0	7	0	2	3	-0.00500000	0.738459	-26.016797
#7	0	8	0	2	3	-0.00500000	0.778318	-28.676371
#7	0	9	0	2	3	-0.00500000	0.776670	-28.892887
#7	0	10	0	2	3	-0.00500000	0.764278	-28.122474
#7	0	11	0	2	3	-0.00500000	0.790742	-29.423647
#7	0	12	0	2	3	-0.00500000	0.811330	-30.487019
#7	0	13	0	2	3	-0.00500000	0.818750	-30.891512
#7	0	14	0	2	3	-0.00500000	0.802541	-30.009136
#7	0	15	0	2	3	-0.00500000	0.809525	-30.751746
#7	0	16	0	2	3	-0.00500000	0.802597	-30.845509
#7	0	17	0	2	3	-0.00500000	0.835028	-32.780792
#7	0	18	0	2	3	-0.00500000	0.859176	-33.938731
#7	0	19	0	2	3	-0.00500000	0.814851	-31.445396
#7	0	20	0	2	3	-0.00500000	0.809426	-30.781087
#7	0	21	0	2	3	-0.00500000	0.780678	-28.888756
#7	0	22	0	2	3	-0.00500000	0.808206	-30.719604
#7	0	23	0	2	3	-0.00500000	0.774024	-27.858339
#7	0	24	0	2	3	-0.00500000	0.794308	-29.022101
#7	0	25	0	2	3	-0.00500000	0.775649	-27.980186
#7	0	26	0	2	3	-0.00500000	0.788483	-28.687567
#7	0	27	0	2	3	-0.00466315	0.771386	-29.253260
#7	0	28	0	2	3	-0.00483132	0.790854	-28.637741
#7	0	29	0	2	3	-0.00497049	0.812994	-30.786914
#7	0	30	0	2	3	-0.00500000	0.787793	-28.362716
#7	0	31	0	2	3	-0.00500000	0.790759	-28.876812
#7	0	32	0	2	3	-0.00500000	0.824826	-31.655285
#7	0	33	0	2	3	-0.00500000	0.845304	-33.407765
#7	0	34	0	2	3	-0.00500000	0.832263	-32.939799
#7	0	35	0	2	3	-0.00500000	0.820631	-31.695372
#7	0	36	0	2	3	-0.00500000	0.836997	-33.200590
#7	0	37	0	2	3	-0.00500000	0.819690	-32.097193
#7	0	38	0	2	3	-0.00500000	0.808109	-31.263214
#7	0	39	0	2	3	-0.00500000	0.815224	-31.135523
#7	0	40	0	2	3	-0.00500000	0.803398	-29.897923
#7	0	41	0	2	3	-0.00500000	0.815685	-31.165519
#7	0	42	0	2	3	-0.00500000	0.812980	-30.737261
#7	0	43	0	2	3	-0.00500000	0.829418	-32.693307
#7	0	44	0	2	3	-0.00500000	0.789530	-29.464920
#7	0	45	0	2	3	-0.00500000	0.804789	-31.208151
#7	0	46	0	2	3	-0.00500000	0.830106	-32.806514
#7	0	47	0	2	3	-0.00500000	0.819206	-31.373242
#7	0	48	0	2	3	-0.00500000	0.816165	-31.709319
#7	0	49	0	2	3	-0.00500000	0.798496	-30.201709
#7	0	50	0	2	3	-0.00500000	0.812167	-31.795745
#7	0	51	0	2	3	-0.00500000	0.810749	-31.375226
#7	0	52	0	2	3	-0.00500000	0.803385	-31.372512
#7	0	53	0	2	3	-0.00500000	0.777405	-29.262831
#7	0	54	0	2	3	-0.00500000	0.783954	-29.763410
#7	0	55	0	2	3	-0.00500000	0.789443	-29.976449
#7	0	56	0	2	3	-0.00500000	0.838828	-33.261086
#7	0	57	0	2	3	-0.00500000	0.804421	-30.573195
#7	0	58	0	2	3	-0.00500000	0.773283	-29.111048
#7	0	59	0	2	3	-0.00500000	0.811789	-31.449459
#7	0	60	0	2	3	-0.00500000	0.759724	-28.110014
#7	0	61	0	2	3	-0.00500000	0.810884	-31.379063
#7	0	62	0	2	3	-0.00500000	0.771910	-28.435006
#7	0	63	0	2	3	-0.00500000	0.796658	-30.511906
#######################################################################
# TOF Up                                                              #
#######################################################################
7	0	0	0	1	3	5.24830e+00	-1.96630e+00	2.96170e+00
7	0	1	0	1	3	5.24830e+00	-1.96630e+00	2.96170e+00
7	0	2	0	1	3	5.24830e+00	-1.96630e+00	2.96170e+00
7	0	3	0	1	3	5.24830e+00	-1.96630e+00	2.96170e+00
7	0	4	0	1	3	5.24830e+00	-1.96630e+00	2.96170e+00
7	0	5	0	1	3	5.24830e+00	-1.96630e+00	2.96170e+00
7	0	6	0	1	3	6.97090e+00	-3.03520e+00	3.39910e+00
7	0	7	0	1	3	4.05450e+00	-1.96150e+00	2.30360e+00
7	0	8	0	1	3	1.16940e+02	-2.98600e+01	2.09880e+01
7	0	9	0	1	3	5.24830e+00	-1.96630e+00	2.96170e+00
7	0	10	0	1	3	5.24830e+00	-1.96630e+00	2.96170e+00
7	0	11	0	1	3	5.24830e+00	-1.96630e+00	2.96170e+00
7	0	12	0	1	3	5.24830e+00	-1.96630e+00	2.96170e+00
7	0	13	0	1	3	5.24830e+00	-1.96630e+00	2.96170e+00
7	0	14	0	1	3	5.24830e+00	-1.96630e+00	2.96170e+00
7	0	15	0	1	3	5.24830e+00	-1.96630e+00	2.96170e+00
7	0	16	0	1	3	5.24830e+00	-1.96630e+00	2.96170e+00
7	0	17	0	1	3	5.24830e+00	-1.96630e+00	2.96170e+00
7	0	18	0	1	3	5.24830e+00	-1.96630e+00	2.96170e+00
7	0	19	0	1	3	7.11491e-01	1.85180e-03	5.82402e-01
7	0	20	0	1	3	5.59404e-01	-1.73810e-03	4.50716e-01
7	0	21	0	1	3	8.92499e-01	1.99900e-03	7.37364e-01
7	0	22	0	1	3	6.37553e-01	1.99960e-03	5.45449e-01
7	0	23	0	1	3	1.19210e+00	1.98920e-03	9.99994e-01
#######################################################################
# TOF Down                                                            #
#######################################################################
7	0	0	1	1	3	5.84300e+00	-2.30730e+00	3.11320e+00
7	0	1	1	1	3	5.84300e+00	-2.30730e+00	3.11320e+00
7	0	2	1	1	3	5.84300e+00	-2.30730e+00	3.11320e+00
7	0	3	1	1	3	5.84300e+00	-2.30730e+00	3.11320e+00
7	0	4	1	1	3	5.84300e+00	-2.30730e+00	3.11320e+00
7	0	5	1	1	3	5.84300e+00	-2.30730e+00	3.11320e+00
7	0	6	1	1	3	1.41330e+01	-5.81170e+00	5.32680e+00
7	0	7	1	1	3	7.84850e+01	-2.02870e+01	1.69500e+01
7	0	8	1	1	3	2.20240e+02	-3.62440e+01	3.60080e+01
7	0	9	1	1	3	5.84300e+00	-2.30730e+00	3.11320e+00
7	0	10	1	1	3	5.84300e+00	-2.30730e+00	3.11320e+00
7	0	11	1	1	3	5.84300e+00	-2.30730e+00	3.11320e+00
7	0	12	1	1	3	5.84300e+00	-2.30730e+00	3.11320e+00
7	0	13	1	1	3	5.84300e+00	-2.30730e+00	3.11320e+00
7	0	14	1	1	3	5.84300e+00	-2.30730e+00	3.11320e+00
7	0	15	1	1	3	5.84300e+00	-2.30730e+00	3.11320e+00
7	0	16	1	1	3	5.84300e+00	-2.30730e+00	3.11320e+00
7	0	17	1	1	3	5.84300e+00	-2.30730e+00	3.11320e+00
7	0	18	1	1	3	5.84300e+00	-2.30730e+00	3.11320e+00
7	0	19	1	1	3	6.18741e-01	1.99860e-03	4.90831e-01
7	0	20	1	1	3	5.75901e-01	1.04210e-03	4.72509e-01
7	0	21	1	1	3	9.41046e-01	1.99890e-03	7.79357e-01
7	0	22	1	1	3	4.84266e-01	-1.95590e-03	3.99786e-01
7	0	23	1	1	3	8.97714e-01	1.99860e-03	7.56300e-01
#######################################################################
# BFT U                                                               #
#######################################################################
110	0	0	0	2	3	-5.03763e-03	6.51326e-02	3.90663e+00
110	0	1	0	2	3	2.18117e-03	-4.26256e-01	1.20022e+01
110	0	2	0	2	3	3.45866e-03	-5.33190e-01	1.39827e+01
110	0	3	0	2	3	3.32737e-03	-5.20295e-01	1.27970e+01
110	0	4	0	2	3	4.37300e-03	-5.94095e-01	1.53554e+01
110	0	5	0	2	3	2.51500e-03	-4.48303e-01	1.30547e+01
110	0	6	0	2	3	4.17918e-03	-5.88453e-01	1.46745e+01
110	0	7	0	2	3	3.04531e-03	-4.91918e-01	1.35967e+01
110	0	8	0	2	3	4.22612e-03	-5.93604e-01	1.50215e+01
110	0	9	0	2	3	2.99766e-03	-4.93427e-01	1.45571e+01
110	0	10	0	2	3	3.96163e-03	-5.71419e-01	1.38260e+01
110	0	11	0	2	3	3.68849e-03	-5.41180e-01	1.53404e+01
110	0	12	0	2	3	3.20569e-03	-5.20375e-01	1.32609e+01
110	0	13	0	2	3	2.62973e-03	-4.65528e-01	1.40019e+01
110	0	14	0	2	3	3.86059e-03	-5.69116e-01	1.39791e+01
110	0	15	0	2	3	4.81478e-03	-6.31813e-01	1.71328e+01
110	0	16	0	2	3	3.78197e-03	-5.57749e-01	1.36185e+01
110	0	17	0	2	3	3.93319e-03	-5.61129e-01	1.53460e+01
110	0	18	0	2	3	4.36959e-03	-6.03998e-01	1.44065e+01
110	0	19	0	2	3	4.69108e-03	-6.21587e-01	1.45067e+01
110	0	20	0	2	3	4.18757e-03	-5.83635e-01	1.45039e+01
110	0	21	0	2	3	4.47722e-03	-6.06831e-01	1.75857e+01
110	0	22	0	2	3	4.70369e-03	-6.25488e-01	1.51797e+01
110	0	23	0	2	3	4.42866e-03	-5.92717e-01	1.58962e+01
110	0	24	0	2	3	4.22183e-03	-5.86074e-01	1.48688e+01
110	0	25	0	2	3	3.93607e-03	-5.53239e-01	1.56339e+01
110	0	26	0	2	3	3.83696e-03	-5.69502e-01	1.53705e+01
110	0	27	0	2	3	4.09301e-03	-5.64611e-01	1.52560e+01
110	0	28	0	2	3	3.67554e-03	-5.45268e-01	1.22642e+01
110	0	29	0	2	3	4.49655e-03	-5.93152e-01	1.53097e+01
110	0	30	0	2	3	4.57914e-03	-6.19784e-01	1.50027e+01
110	0	31	0	2	3	4.60999e-03	-6.11075e-01	1.62553e+01
110	0	32	0	2	3	3.87834e-03	-5.72725e-01	1.45026e+01
110	0	33	0	2	3	4.97045e-03	-6.08291e-01	1.42088e+01
110	0	34	0	2	3	4.35771e-03	-6.02085e-01	1.47290e+01
110	0	35	0	2	3	4.62147e-03	-6.20926e-01	1.65132e+01
110	0	36	0	2	3	3.67805e-03	-5.40402e-01	1.33839e+01
110	0	37	0	2	3	4.81048e-03	-6.29720e-01	1.75055e+01
110	0	38	0	2	3	4.16685e-03	-5.78945e-01	1.36019e+01
110	0	39	0	2	3	4.73653e-03	-6.19215e-01	1.60293e+01
110	0	40	0	2	3	3.95966e-03	-5.57408e-01	1.35166e+01
110	0	41	0	2	3	4.13251e-03	-5.74398e-01	1.62998e+01
110	0	42	0	2	3	4.28270e-03	-5.85978e-01	1.46536e+01
110	0	43	0	2	3	4.84690e-03	-6.39545e-01	1.72267e+01
110	0	44	0	2	3	4.04130e-03	-5.75842e-01	1.41416e+01
110	0	45	0	2	3	4.26634e-03	-5.81797e-01	1.59628e+01
110	0	46	0	2	3	4.49002e-03	-6.18315e-01	1.51756e+01
110	0	47	0	2	3	4.75443e-03	-6.33026e-01	1.81535e+01
110	0	48	0	2	3	4.08339e-03	-5.70073e-01	1.29114e+01
110	0	49	0	2	3	4.36837e-03	-5.92905e-01	1.66664e+01
110	0	50	0	2	3	4.64031e-03	-6.16320e-01	1.51981e+01
110	0	51	0	2	3	4.40885e-03	-5.96283e-01	1.56028e+01
110	0	52	0	2	3	3.69160e-03	-5.44112e-01	1.30636e+01
110	0	53	0	2	3	4.37649e-03	-5.88287e-01	1.52801e+01
110	0	54	0	2	3	4.36042e-03	-5.98388e-01	1.45274e+01
110	0	55	0	2	3	4.78004e-03	-6.26069e-01	1.70881e+01
110	0	56	0	2	3	4.01639e-03	-5.84229e-01	1.53210e+01
110	0	57	0	2	3	4.49152e-03	-6.02082e-01	1.62615e+01
110	0	58	0	2	3	3.96669e-03	-5.72138e-01	1.51317e+01
110	0	59	0	2	3	4.30351e-03	-6.05187e-01	1.67449e+01
110	0	60	0	2	3	4.13234e-03	-5.87730e-01	1.40173e+01
110	0	61	0	2	3	3.96647e-03	-5.66464e-01	1.53736e+01
110	0	62	0	2	3	4.76027e-03	-6.24450e-01	1.48348e+01
110	0	63	0	2	3	4.06930e-03	-5.75369e-01	1.44338e+01
110	0	64	0	2	3	3.80511e-03	-5.63398e-01	1.41934e+01
110	0	65	0	2	3	4.13082e-03	-5.80240e-01	1.55727e+01
110	0	66	0	2	3	4.26869e-03	-6.08444e-01	1.62873e+01
110	0	67	0	2	3	4.03004e-03	-5.76845e-01	1.57354e+01
110	0	68	0	2	3	4.06165e-03	-5.91744e-01	1.52781e+01
110	0	69	0	2	3	4.00436e-03	-5.67679e-01	1.48521e+01
110	0	70	0	2	3	4.44093e-03	-6.24893e-01	1.48613e+01
110	0	71	0	2	3	4.30097e-03	-5.96000e-01	1.57929e+01
110	0	72	0	2	3	3.79949e-03	-5.70139e-01	1.37229e+01
110	0	73	0	2	3	4.27607e-03	-5.96012e-01	1.52242e+01
110	0	74	0	2	3	5.04954e-03	-6.62520e-01	1.63956e+01
110	0	75	0	2	3	4.53852e-03	-6.08332e-01	1.56218e+01
110	0	76	0	2	3	3.73080e-03	-5.56482e-01	1.34756e+01
110	0	77	0	2	3	4.08856e-03	-5.78051e-01	1.54381e+01
110	0	78	0	2	3	4.34372e-03	-6.12170e-01	1.48440e+01
110	0	79	0	2	3	4.46488e-03	-6.04849e-01	1.55214e+01
110	0	80	0	2	3	4.14023e-03	-5.86570e-01	1.50653e+01
110	0	81	0	2	3	4.19179e-03	-5.77637e-01	1.50299e+01
110	0	82	0	2	3	4.53405e-03	-6.12995e-01	1.50587e+01
110	0	83	0	2	3	4.51168e-03	-6.12050e-01	1.55859e+01
110	0	84	0	2	3	3.65323e-03	-5.49580e-01	1.38437e+01
110	0	85	0	2	3	4.08571e-03	-5.74389e-01	1.53114e+01
110	0	86	0	2	3	4.56726e-03	-6.30478e-01	1.51822e+01
110	0	87	0	2	3	4.13165e-03	-5.93813e-01	1.60905e+01
110	0	88	0	2	3	4.15753e-03	-5.82853e-01	1.47986e+01
110	0	89	0	2	3	4.41073e-03	-6.02004e-01	1.54244e+01
110	0	90	0	2	3	4.25040e-03	-5.98235e-01	1.42644e+01
110	0	91	0	2	3	4.61993e-03	-6.25577e-01	1.54688e+01
110	0	92	0	2	3	3.83383e-03	-5.76507e-01	1.47681e+01
110	0	93	0	2	3	3.81869e-03	-5.57676e-01	1.43828e+01
110	0	94	0	2	3	4.27180e-03	-6.20438e-01	1.66202e+01
110	0	95	0	2	3	4.69864e-03	-6.31152e-01	1.64253e+01
110	0	96	0	2	3	4.15658e-03	-5.98731e-01	1.47873e+01
110	0	97	0	2	3	4.36669e-03	-6.02636e-01	1.60334e+01
110	0	98	0	2	3	4.77677e-03	-6.46694e-01	1.56445e+01
110	0	99	0	2	3	4.42765e-03	-6.01760e-01	1.56083e+01
110	0	100	0	2	3	3.85746e-03	-5.70728e-01	1.47830e+01
110	0	101	0	2	3	4.01851e-03	-5.73871e-01	1.53418e+01
110	0	102	0	2	3	4.42054e-03	-6.18196e-01	1.59423e+01
110	0	103	0	2	3	4.91862e-03	-6.46174e-01	1.62935e+01
110	0	104	0	2	3	3.97224e-03	-5.80856e-01	1.40880e+01
110	0	105	0	2	3	4.18712e-03	-5.86736e-01	1.50683e+01
110	0	106	0	2	3	4.64500e-03	-6.30927e-01	1.60593e+01
110	0	107	0	2	3	5.36174e-03	-6.70857e-01	1.60426e+01
110	0	108	0	2	3	3.52229e-03	-5.48984e-01	1.43512e+01
110	0	109	0	2	3	4.25712e-03	-5.93483e-01	1.50852e+01
110	0	110	0	2	3	4.07949e-03	-5.91709e-01	1.51584e+01
110	0	111	0	2	3	4.87157e-03	-6.48630e-01	1.62956e+01
110	0	112	0	2	3	4.50215e-03	-6.07278e-01	1.39987e+01
110	0	113	0	2	3	4.09728e-03	-5.78384e-01	1.47475e+01
110	0	114	0	2	3	4.49156e-03	-6.21463e-01	1.58068e+01
110	0	115	0	2	3	4.78201e-03	-6.26675e-01	1.55474e+01
110	0	116	0	2	3	3.51493e-03	-5.49838e-01	1.40089e+01
110	0	117	0	2	3	3.93569e-03	-5.73291e-01	1.57448e+01
110	0	118	0	2	3	4.59749e-03	-6.31505e-01	1.61969e+01
110	0	119	0	2	3	4.63490e-03	-6.15062e-01	1.45108e+01
110	0	120	0	2	3	4.46726e-03	-6.27635e-01	1.56392e+01
110	0	121	0	2	3	4.37140e-03	-5.93821e-01	1.36391e+01
110	0	122	0	2	3	4.36658e-03	-6.26523e-01	1.68989e+01
110	0	123	0	2	3	4.67366e-03	-6.30479e-01	1.61596e+01
110	0	124	0	2	3	4.02423e-03	-5.80706e-01	1.51727e+01
110	0	125	0	2	3	3.76246e-03	-5.41125e-01	1.20428e+01
110	0	126	0	2	3	4.24259e-03	-5.96629e-01	1.48015e+01
110	0	127	0	2	3	5.30794e-03	-6.63867e-01	1.62605e+01
110	0	128	0	2	3	4.00853e-03	-6.18237e-01	1.66640e+01
110	0	129	0	2	3	4.39247e-03	-6.24361e-01	1.61870e+01
110	0	130	0	2	3	3.84616e-03	-5.94470e-01	1.60864e+01
110	0	131	0	2	3	1.74230e-03	-4.08195e-01	1.20798e+01
110	0	132	0	2	3	3.53682e-03	-5.63206e-01	1.57168e+01
110	0	133	0	2	3	2.02314e-03	-4.41706e-01	1.30299e+01
110	0	134	0	2	3	3.37350e-03	-5.56357e-01	1.51525e+01
110	0	135	0	2	3	3.63656e-03	-5.66258e-01	1.46315e+01
110	0	136	0	2	3	2.22661e-03	-4.58180e-01	1.25857e+01
110	0	137	0	2	3	2.96835e-03	-5.31495e-01	1.53031e+01
110	0	138	0	2	3	1.29734e-03	-4.00496e-01	1.25524e+01
110	0	139	0	2	3	4.09753e-03	-6.16107e-01	1.53088e+01
110	0	140	0	2	3	-1.44130e-04	-2.81648e-01	1.04506e+01
110	0	141	0	2	3	4.84554e-03	-6.47458e-01	1.58317e+01
110	0	142	0	2	3	-2.56138e-03	-1.10755e-01	6.85380e+00
110	0	143	0	2	3	-7.35031e-03	2.44921e-01	1.08795e-01
110	0	144	0	2	3	-1.45190e-03	-1.79987e-01	7.11173e+00
110	0	145	0	2	3	2.40353e-03	-4.75125e-01	1.25891e+01
110	0	146	0	2	3	2.55857e-03	-4.90666e-01	1.37965e+01
110	0	147	0	2	3	5.29960e-03	-6.68463e-01	1.69572e+01
110	0	148	0	2	3	2.73845e-03	-4.99549e-01	1.34387e+01
110	0	149	0	2	3	3.35271e-03	-5.38746e-01	1.47060e+01
110	0	150	0	2	3	-4.19833e-03	3.73890e-02	3.89095e+00
110	0	151	0	2	3	5.51284e-03	-6.82445e-01	1.69253e+01
110	0	152	0	2	3	1.66294e-03	-3.98618e-01	1.23027e+01
110	0	153	0	2	3	2.22472e-03	-4.53834e-01	1.31460e+01
110	0	154	0	2	3	4.01342e-03	-5.90974e-01	1.51083e+01
110	0	155	0	2	3	1.79554e-03	-4.15419e-01	1.05971e+01
110	0	156	0	2	3	6.90703e-03	-8.11180e-01	1.98306e+01
110	0	157	0	2	3	-2.33654e-03	-1.09284e-01	6.81159e+00
110	0	158	0	2	3	2.96229e-03	-4.99938e-01	1.32819e+01
110	0	159	0	2	3	-2.31169e-03	-1.09568e-01	6.33430e+00
#######################################################################
# BFT D                                                               #
#######################################################################
110	1	0	0	2	3	3.41869e-03	-5.33150e-01	1.57743e+01
110	1	1	0	2	3	3.32112e-03	-5.27473e-01	1.52617e+01
110	1	2	0	2	3	3.91272e-03	-5.80582e-01	1.58815e+01
110	1	3	0	2	3	3.09608e-03	-5.07986e-01	1.52696e+01
110	1	4	0	2	3	2.68841e-03	-4.84947e-01	1.40392e+01
110	1	5	0	2	3	2.56174e-03	-4.77460e-01	1.50473e+01
110	1	6	0	2	3	3.21779e-03	-5.24465e-01	1.36015e+01
110	1	7	0	2	3	4.86345e-03	-6.43584e-01	1.74184e+01
110	1	8	0	2	3	3.85259e-03	-5.73712e-01	1.59621e+01
110	1	9	0	2	3	2.96165e-03	-5.13010e-01	1.65768e+01
110	1	10	0	2	3	4.01360e-03	-5.82718e-01	1.58494e+01
110	1	11	0	2	3	4.05837e-03	-5.94251e-01	1.65199e+01
110	1	12	0	2	3	4.07080e-03	-5.86548e-01	1.52529e+01
110	1	13	0	2	3	2.63608e-03	-4.80746e-01	1.50225e+01
110	1	14	0	2	3	4.47145e-03	-6.19968e-01	1.57161e+01
110	1	15	0	2	3	2.77994e-03	-4.91616e-01	1.51307e+01
110	1	16	0	2	3	3.66059e-03	-5.54830e-01	1.47434e+01
110	1	17	0	2	3	4.03833e-03	-5.78927e-01	1.58624e+01
110	1	18	0	2	3	3.62225e-03	-5.55396e-01	1.42439e+01
110	1	19	0	2	3	4.42402e-03	-6.06650e-01	1.67357e+01
110	1	20	0	2	3	3.82938e-03	-5.74099e-01	1.55394e+01
110	1	21	0	2	3	3.38367e-03	-5.43124e-01	1.67766e+01
110	1	22	0	2	3	3.51534e-03	-5.45023e-01	1.45655e+01
110	1	23	0	2	3	3.96500e-03	-5.68302e-01	1.61800e+01
110	1	24	0	2	3	3.74219e-03	-5.64683e-01	1.58991e+01
110	1	25	0	2	3	3.68379e-03	-5.52349e-01	1.61077e+01
110	1	26	0	2	3	3.98606e-03	-5.84122e-01	1.51614e+01
110	1	27	0	2	3	4.18515e-03	-5.85871e-01	1.73230e+01
110	1	28	0	2	3	3.83660e-03	-5.77103e-01	1.60925e+01
110	1	29	0	2	3	3.70901e-03	-5.54536e-01	1.62710e+01
110	1	30	0	2	3	3.92717e-03	-5.73789e-01	1.51348e+01
110	1	31	0	2	3	3.52399e-03	-5.51510e-01	1.64727e+01
110	1	32	0	2	3	3.85399e-03	-5.71649e-01	1.63647e+01
110	1	33	0	2	3	3.55072e-03	-5.49670e-01	1.51596e+01
110	1	34	0	2	3	3.96653e-03	-5.73132e-01	1.46846e+01
110	1	35	0	2	3	4.26235e-03	-6.12254e-01	1.76581e+01
110	1	36	0	2	3	3.74460e-03	-5.57963e-01	1.56537e+01
110	1	37	0	2	3	3.32663e-03	-5.27866e-01	1.40058e+01
110	1	38	0	2	3	4.09338e-03	-5.86413e-01	1.63690e+01
110	1	39	0	2	3	4.17523e-03	-5.87033e-01	1.60385e+01
110	1	40	0	2	3	3.71808e-03	-5.54707e-01	1.44295e+01
110	1	41	0	2	3	4.01296e-03	-5.71818e-01	1.61156e+01
110	1	42	0	2	3	3.81643e-03	-5.56693e-01	1.49377e+01
110	1	43	0	2	3	4.21014e-03	-5.91357e-01	1.73068e+01
110	1	44	0	2	3	3.71146e-03	-5.62955e-01	1.48062e+01
110	1	45	0	2	3	3.77248e-03	-5.59465e-01	1.61736e+01
110	1	46	0	2	3	4.29768e-03	-6.06376e-01	1.55357e+01
110	1	47	0	2	3	4.61808e-03	-6.37749e-01	1.85310e+01
110	1	48	0	2	3	4.12669e-03	-5.86390e-01	1.58124e+01
110	1	49	0	2	3	3.71381e-03	-5.50704e-01	1.62310e+01
110	1	50	0	2	3	4.37928e-03	-6.07526e-01	1.51824e+01
110	1	51	0	2	3	3.86073e-03	-5.67444e-01	1.62721e+01
110	1	52	0	2	3	3.92170e-03	-5.84324e-01	1.51216e+01
110	1	53	0	2	3	3.44796e-03	-5.36794e-01	1.60021e+01
110	1	54	0	2	3	4.10454e-03	-5.97900e-01	1.63157e+01
110	1	55	0	2	3	4.37793e-03	-6.06552e-01	1.70962e+01
110	1	56	0	2	3	3.80833e-03	-5.80615e-01	1.51111e+01
110	1	57	0	2	3	3.77030e-03	-5.62666e-01	1.60174e+01
110	1	58	0	2	3	4.27422e-03	-6.15692e-01	1.76465e+01
110	1	59	0	2	3	4.16992e-03	-6.02758e-01	1.80932e+01
110	1	60	0	2	3	4.05565e-03	-5.89519e-01	1.59645e+01
110	1	61	0	2	3	3.87337e-03	-5.55962e-01	1.53480e+01
110	1	62	0	2	3	3.99278e-03	-5.81092e-01	1.47399e+01
110	1	63	0	2	3	4.09078e-03	-5.89018e-01	1.68525e+01
110	1	64	0	2	3	4.03953e-03	-5.91976e-01	1.64066e+01
110	1	65	0	2	3	4.34234e-03	-6.03668e-01	1.63389e+01
110	1	66	0	2	3	4.70234e-03	-6.43194e-01	1.59992e+01
110	1	67	0	2	3	4.47917e-03	-6.16486e-01	1.56918e+01
110	1	68	0	2	3	3.58223e-03	-5.45221e-01	1.38710e+01
110	1	69	0	2	3	4.13401e-03	-5.86726e-01	1.60675e+01
110	1	70	0	2	3	4.37534e-03	-6.13539e-01	1.65340e+01
110	1	71	0	2	3	4.13361e-03	-5.97834e-01	1.66195e+01
110	1	72	0	2	3	3.97378e-03	-5.79972e-01	1.54268e+01
110	1	73	0	2	3	4.20379e-03	-6.00110e-01	1.71174e+01
110	1	74	0	2	3	4.44328e-03	-6.11362e-01	1.50907e+01
110	1	75	0	2	3	4.30700e-03	-6.08308e-01	1.61927e+01
110	1	76	0	2	3	3.76436e-03	-5.63467e-01	1.49369e+01
110	1	77	0	2	3	3.93971e-03	-5.81267e-01	1.57179e+01
110	1	78	0	2	3	4.09434e-03	-5.92301e-01	1.48120e+01
110	1	79	0	2	3	4.12415e-03	-5.91999e-01	1.58031e+01
110	1	80	0	2	3	4.08479e-03	-5.83384e-01	1.51283e+01
110	1	81	0	2	3	4.05058e-03	-5.80707e-01	1.48517e+01
110	1	82	0	2	3	4.28955e-03	-6.04451e-01	1.64863e+01
110	1	83	0	2	3	4.36343e-03	-5.93655e-01	1.53045e+01
110	1	84	0	2	3	3.69752e-03	-5.49501e-01	1.40094e+01
110	1	85	0	2	3	4.08904e-03	-5.82231e-01	1.51341e+01
110	1	86	0	2	3	4.48514e-03	-6.17813e-01	1.64503e+01
110	1	87	0	2	3	4.21883e-03	-5.84435e-01	1.38719e+01
110	1	88	0	2	3	4.41628e-03	-6.11891e-01	1.61184e+01
110	1	89	0	2	3	3.91149e-03	-5.72725e-01	1.46101e+01
110	1	90	0	2	3	3.98053e-03	-5.81727e-01	1.47226e+01
110	1	91	0	2	3	4.39202e-03	-6.03075e-01	1.59954e+01
110	1	92	0	2	3	4.04018e-03	-5.77457e-01	1.50055e+01
110	1	93	0	2	3	3.90899e-03	-5.73465e-01	1.52213e+01
110	1	94	0	2	3	3.98855e-03	-5.88346e-01	1.60992e+01
110	1	95	0	2	3	4.24608e-03	-6.01824e-01	1.53999e+01
110	1	96	0	2	3	3.99079e-03	-5.80119e-01	1.48190e+01
110	1	97	0	2	3	4.21984e-03	-5.95703e-01	1.60167e+01
110	1	98	0	2	3	4.05143e-03	-6.04370e-01	1.66728e+01
110	1	99	0	2	3	4.23064e-03	-5.93708e-01	1.52627e+01
110	1	100	0	2	3	3.98007e-03	-5.65493e-01	1.49421e+01
110	1	101	0	2	3	3.91619e-03	-5.70523e-01	1.53970e+01
110	1	102	0	2	3	4.62943e-03	-6.33823e-01	1.62471e+01
110	1	103	0	2	3	4.34571e-03	-6.06340e-01	1.54841e+01
110	1	104	0	2	3	4.01729e-03	-5.80682e-01	1.52914e+01
110	1	105	0	2	3	4.41678e-03	-6.07914e-01	1.58430e+01
110	1	106	0	2	3	4.44847e-03	-6.19426e-01	1.67994e+01
110	1	107	0	2	3	4.88746e-03	-6.39651e-01	1.61029e+01
110	1	108	0	2	3	3.88899e-03	-5.76220e-01	1.60318e+01
110	1	109	0	2	3	3.78334e-03	-5.65528e-01	1.56604e+01
110	1	110	0	2	3	4.59423e-03	-6.28427e-01	1.61442e+01
110	1	111	0	2	3	4.76677e-03	-6.44127e-01	1.76334e+01
110	1	112	0	2	3	3.99885e-03	-5.82931e-01	1.51755e+01
110	1	113	0	2	3	3.76812e-03	-5.65064e-01	1.52297e+01
110	1	114	0	2	3	4.51854e-03	-6.25537e-01	1.57623e+01
110	1	115	0	2	3	4.63883e-03	-6.21481e-01	1.57932e+01
110	1	116	0	2	3	4.01359e-03	-5.86364e-01	1.54349e+01
110	1	117	0	2	3	4.55449e-03	-6.15156e-01	1.59311e+01
110	1	118	0	2	3	4.87779e-03	-6.42095e-01	1.53893e+01
110	1	119	0	2	3	4.28211e-03	-6.00653e-01	1.59016e+01
110	1	120	0	2	3	3.38420e-03	-5.36940e-01	1.42429e+01
110	1	121	0	2	3	3.82051e-03	-5.65995e-01	1.49337e+01
110	1	122	0	2	3	4.07437e-03	-5.94846e-01	1.66942e+01
110	1	123	0	2	3	4.45626e-03	-6.20764e-01	1.74782e+01
110	1	124	0	2	3	3.41752e-03	-5.30998e-01	1.36912e+01
110	1	125	0	2	3	3.62285e-03	-5.62355e-01	1.54018e+01
110	1	126	0	2	3	4.43669e-03	-6.09792e-01	1.57397e+01
110	1	127	0	2	3	4.69849e-03	-6.25262e-01	1.60353e+01
110	1	128	0	2	3	4.09198e-03	-6.11098e-01	1.66171e+01
110	1	129	0	2	3	3.98739e-03	-6.08046e-01	1.66146e+01
110	1	130	0	2	3	2.74527e-03	-5.12828e-01	1.39602e+01
110	1	131	0	2	3	1.94242e-03	-4.39451e-01	1.28799e+01
110	1	132	0	2	3	3.66731e-03	-5.71021e-01	1.58981e+01
110	1	133	0	2	3	4.13153e-03	-5.85163e-01	1.50529e+01
110	1	134	0	2	3	2.67496e-03	-5.13226e-01	1.50555e+01
110	1	135	0	2	3	4.00896e-03	-5.85512e-01	1.56131e+01
110	1	136	0	2	3	4.87226e-03	-6.68869e-01	1.80074e+01
110	1	137	0	2	3	2.64764e-03	-5.02412e-01	1.44944e+01
110	1	138	0	2	3	3.74718e-03	-5.65125e-01	1.49686e+01
110	1	139	0	2	3	4.66296e-03	-6.27733e-01	1.65190e+01
110	1	140	0	2	3	4.99564e-03	-6.65418e-01	1.67926e+01
110	1	141	0	2	3	6.85967e-03	-7.83597e-01	1.84172e+01
110	1	142	0	2	3	-6.61429e-04	-2.38971e-01	8.61682e+00
110	1	143	0	2	3	6.40022e-03	-7.71122e-01	1.94829e+01
110	1	144	0	2	3	-1.19977e-02	5.95654e-01	-5.06751e+00
110	1	145	0	2	3	5.26060e-03	-6.81360e-01	1.73393e+01
110	1	146	0	2	3	6.17149e-03	-7.73335e-01	1.92310e+01
110	1	147	0	2	3	4.01592e-03	-5.91861e-01	1.48385e+01
110	1	148	0	2	3	2.16963e-03	-4.57826e-01	1.25782e+01
110	1	149	0	2	3	-9.57689e-04	-2.05201e-01	8.87379e+00
110	1	150	0	2	3	2.12046e-03	-4.27981e-01	1.26425e+01
110	1	151	0	2	3	6.41559e-03	-7.50219e-01	1.81472e+01
110	1	152	0	2	3	-1.14674e-02	5.84507e-01	-5.53272e+00
110	1	153	0	2	3	-7.33594e-03	3.03411e-01	-1.02968e+00
110	1	154	0	2	3	2.89480e-03	-5.01472e-01	1.42025e+01
110	1	155	0	2	3	7.18244e-03	-8.03595e-01	1.79165e+01
110	1	156	0	2	3	4.48660e-03	-6.29865e-01	1.65887e+01
110	1	157	0	2	3	-7.59434e-03	3.35103e-01	-1.80040e+00
110	1	158	0	2	3	3.72704e-03	-5.75995e-01	1.60540e+01
110	1	159	0	2	3	-3.53903e-03	-5.63917e-02	7.62317e+00
