##
#  file: HodoPHCParam_Dummy
#  date: 2016.06.15
#  note: first version
#
#
#######################################################################
# CId	PlId	Seg	UorD	Type	nParam	p0	p1	...
#
#	Type=0 no correction will be performed
#	Type=1 ct=t-p[0]/sqrt(a-p[1])+p[2]
#	Type=2 ct=p[0]*a*a + p[1]*a + p[2] for Fiber
#
#######################################################################
# BH1 Up                                                              #
#######################################################################
1	0	0	0	1	3	9.72882e+01	-2.42381e+01	1.93388e+01
1	0	1	0	1	3	8.39811e-01	2.30870e-01	9.07677e-01
1	0	2	0	1	3	7.96271e-01	2.02772e-01	8.76313e-01
1	0	3	0	1	3	1.24269e+00	-1.47574e-01	1.19840e+00
1	0	4	0	1	3	1.09931e+00	-7.72769e-02	1.08260e+00
1	0	5	0	1	3	1.05845e+00	1.40683e-01	1.18835e+00
1	0	6	0	1	3	1.24845e+00	-7.32092e-02	1.22011e+00
1	0	7	0	1	3	1.38494e+00	-1.69323e-01	1.29113e+00
1	0	8	0	1	3	1.12943e+00	-1.85789e-01	1.05048e+00
1	0	9	0	1	3	1.39270e+00	-1.82072e-01	1.30041e+00
1	0	10	0	1	3	1.71493e+02	-3.15885e+01	3.00372e+01
#######################################################################
# BH1 Down                                                            #
#######################################################################
1	0	0	1	1	3	1.69589e+00	-2.63702e-01	1.46458e+00
1	0	1	1	1	3	6.65147e-01	3.06785e-01	7.74182e-01
1	0	2	1	1	3	1.69164e+00	-4.50471e-01	1.36238e+00
1	0	3	1	1	3	7.14482e+01	-2.23619e+01	1.47724e+01
1	0	4	1	1	3	1.42431e+00	-1.84323e-01	1.31423e+00
1	0	5	1	1	3	1.48351e+00	-1.17877e-01	1.40777e+00
1	0	6	1	1	3	1.64799e+00	-3.01989e-01	1.48452e+00
1	0	7	1	1	3	1.48685e+00	-1.75507e-01	1.38619e+00
1	0	8	1	1	3	5.71792e-01	2.68423e-01	6.99614e-01
1	0	9	1	1	3	1.07020e+00	4.47097e-02	1.11772e+00
1	0	10	1	1	3	5.19525e-01	3.65790e-01	6.45791e-01
#######################################################################
# BH2 Up                                                              #
#######################################################################
2	0	0	0	1	3	1.12115e-01	3.35357e-01	1.33957e-01
2	0	1	0	1	3	4.23202e-01	6.01088e-02	4.32756e-01
2	0	2	0	1	3	4.01076e-01	4.56070e-02	4.03148e-01
2	0	3	0	1	3	3.85284e-01	5.67440e-02	3.98101e-01
2	0	4	0	1	3	2.66200e-01	1.48660e-01	2.92941e-01
2	0	5	0	1	3	1.66891e-01	2.88043e-01	2.06447e-01
2	0	6	0	1	3	1.71542e-01	2.55850e-01	2.12138e-01
2	0	7	0	1	3	1.96083e-01	2.29490e-01	2.30246e-01
#######################################################################
# BH2 Down                                                            #
#######################################################################
2	0	0	1	1	3	1.86082e-01	2.04597e-01	2.06299e-01
2	0	1	1	1	3	3.69447e-01	6.07075e-02	3.67987e-01
2	0	2	1	1	3	4.36704e-01	5.29092e-03	4.17610e-01
2	0	3	1	1	3	5.05110e-01	-2.36197e-01	4.33924e-01
2	0	4	1	1	3	3.34198e-01	6.07922e-02	3.30964e-01
2	0	5	1	1	3	2.71316e-01	1.29618e-01	2.74971e-01
2	0	6	1	1	3	4.51400e-01	-3.05140e-02	4.20447e-01
2	0	7	1	1	3	2.11967e-01	8.42464e-02	2.22906e-01
#######################################################################
# BAC                                                                 #
#######################################################################
3	0	0	0	1	3	0.00000e+00	0.00000e+00	0.00000e+00
3	0	1	0	1	3	0.00000e+00	0.00000e+00	0.00000e+00
#######################################################################
# FBH Up                                                              #
#######################################################################
4	0	0	0	2	3	-5.62952e-03	8.96903e-01	-3.53273e+01
4	0	1	0	2	3	-4.29399e-03	7.37975e-01	-3.00049e+01
4	0	2	0	2	3	-5.26894e-03	8.67305e-01	-3.38992e+01
4	0	3	0	2	3	-3.80183e-03	6.69237e-01	-2.72260e+01
4	0	4	0	2	3	-4.35014e-03	7.35785e-01	-2.92008e+01
4	0	5	0	2	3	-4.02541e-03	6.86907e-01	-2.70312e+01
4	0	6	0	2	3	-4.16660e-03	7.08229e-01	-2.81512e+01
4	0	7	0	2	3	-3.93117e-03	6.84759e-01	-2.69101e+01
4	0	8	0	2	3	-4.14423e-03	6.96902e-01	-2.65883e+01
4	0	9	0	2	3	-2.83372e-03	5.62925e-01	-2.20787e+01
4	0	10	0	2	3	-4.07944e-03	7.09420e-01	-2.75603e+01
4	0	11	0	2	3	-3.50961e-03	6.50113e-01	-2.64167e+01
4	0	12	0	2	3	-3.52415e-03	6.49734e-01	-2.67232e+01
4	0	13	0	2	3	-4.13420e-03	7.26957e-01	-2.99675e+01
4	0	14	0	2	3	-4.90315e-03	8.27563e-01	-3.35630e+01
4	0	15	0	2	3	-4.73048e-03	8.13189e-01	-3.31901e+01
#######################################################################
# FBH Down                                                            #
#######################################################################
4	0	0	1	2	3	-5.62952e-03	8.96903e-01	-3.53273e+01
4	0	1	1	2	3	-4.29399e-03	7.37975e-01	-3.00049e+01
4	0	2	1	2	3	-5.26894e-03	8.67305e-01	-3.38992e+01
4	0	3	1	2	3	-3.80183e-03	6.69237e-01	-2.72260e+01
4	0	4	1	2	3	-4.35014e-03	7.35785e-01	-2.92008e+01
4	0	5	1	2	3	-4.02541e-03	6.86907e-01	-2.70312e+01
4	0	6	1	2	3	-4.16660e-03	7.08229e-01	-2.81512e+01
4	0	7	1	2	3	-3.93117e-03	6.84759e-01	-2.69101e+01
4	0	8	1	2	3	-4.14423e-03	6.96902e-01	-2.65883e+01
4	0	9	1	2	3	-2.83372e-03	5.62925e-01	-2.20787e+01
4	0	10	1	2	3	-4.07944e-03	7.09420e-01	-2.75603e+01
4	0	11	1	2	3	-3.50961e-03	6.50113e-01	-2.64167e+01
4	0	12	1	2	3	-3.52415e-03	6.49734e-01	-2.67232e+01
4	0	13	1	2	3	-4.13420e-03	7.26957e-01	-2.99675e+01
4	0	14	1	2	3	-4.90315e-03	8.27563e-01	-3.35630e+01
4	0	15	1	2	3	-4.73048e-03	8.13189e-01	-3.31901e+01
#######################################################################
# PVAC                                                                #
#######################################################################
5	0	0	0	1	3	0.00000e+00	0.00000e+00	0.00000e+00
#######################################################################
# FAC                                                                 #
#######################################################################
6	0	0	0	1	3	0.00000e+00	0.00000e+00	0.00000e+00
#######################################################################
# SCH                                                                 #
#######################################################################
#7	0	0	0	2	3	-0.00500000	0.821213	-32.185321
#7	0	1	0	2	3	-0.00500000	0.830248	-32.269563
#7	0	2	0	2	3	-0.00500000	0.793073	-29.315934
#7	0	3	0	2	3	-0.00500000	0.772144	-28.276705
#7	0	4	0	2	3	-0.00500000	0.801968	-30.687167
#7	0	5	0	2	3	-0.00500000	0.778300	-28.439251
#7	0	6	0	2	3	-0.00500000	0.765872	-27.918181
#7	0	7	0	2	3	-0.00500000	0.738459	-26.016797
#7	0	8	0	2	3	-0.00500000	0.778318	-28.676371
#7	0	9	0	2	3	-0.00500000	0.776670	-28.892887
#7	0	10	0	2	3	-0.00500000	0.764278	-28.122474
#7	0	11	0	2	3	-0.00500000	0.790742	-29.423647
#7	0	12	0	2	3	-0.00500000	0.811330	-30.487019
#7	0	13	0	2	3	-0.00500000	0.818750	-30.891512
#7	0	14	0	2	3	-0.00500000	0.802541	-30.009136
#7	0	15	0	2	3	-0.00500000	0.809525	-30.751746
#7	0	16	0	2	3	-0.00500000	0.802597	-30.845509
#7	0	17	0	2	3	-0.00500000	0.835028	-32.780792
#7	0	18	0	2	3	-0.00500000	0.859176	-33.938731
#7	0	19	0	2	3	-0.00500000	0.814851	-31.445396
#7	0	20	0	2	3	-0.00500000	0.809426	-30.781087
#7	0	21	0	2	3	-0.00500000	0.780678	-28.888756
#7	0	22	0	2	3	-0.00500000	0.808206	-30.719604
#7	0	23	0	2	3	-0.00500000	0.774024	-27.858339
#7	0	24	0	2	3	-0.00500000	0.794308	-29.022101
#7	0	25	0	2	3	-0.00500000	0.775649	-27.980186
#7	0	26	0	2	3	-0.00500000	0.788483	-28.687567
#7	0	27	0	2	3	-0.00466315	0.771386	-29.253260
#7	0	28	0	2	3	-0.00483132	0.790854	-28.637741
#7	0	29	0	2	3	-0.00497049	0.812994	-30.786914
#7	0	30	0	2	3	-0.00500000	0.787793	-28.362716
#7	0	31	0	2	3	-0.00500000	0.790759	-28.876812
#7	0	32	0	2	3	-0.00500000	0.824826	-31.655285
#7	0	33	0	2	3	-0.00500000	0.845304	-33.407765
#7	0	34	0	2	3	-0.00500000	0.832263	-32.939799
#7	0	35	0	2	3	-0.00500000	0.820631	-31.695372
#7	0	36	0	2	3	-0.00500000	0.836997	-33.200590
#7	0	37	0	2	3	-0.00500000	0.819690	-32.097193
#7	0	38	0	2	3	-0.00500000	0.808109	-31.263214
#7	0	39	0	2	3	-0.00500000	0.815224	-31.135523
#7	0	40	0	2	3	-0.00500000	0.803398	-29.897923
#7	0	41	0	2	3	-0.00500000	0.815685	-31.165519
#7	0	42	0	2	3	-0.00500000	0.812980	-30.737261
#7	0	43	0	2	3	-0.00500000	0.829418	-32.693307
#7	0	44	0	2	3	-0.00500000	0.789530	-29.464920
#7	0	45	0	2	3	-0.00500000	0.804789	-31.208151
#7	0	46	0	2	3	-0.00500000	0.830106	-32.806514
#7	0	47	0	2	3	-0.00500000	0.819206	-31.373242
#7	0	48	0	2	3	-0.00500000	0.816165	-31.709319
#7	0	49	0	2	3	-0.00500000	0.798496	-30.201709
#7	0	50	0	2	3	-0.00500000	0.812167	-31.795745
#7	0	51	0	2	3	-0.00500000	0.810749	-31.375226
#7	0	52	0	2	3	-0.00500000	0.803385	-31.372512
#7	0	53	0	2	3	-0.00500000	0.777405	-29.262831
#7	0	54	0	2	3	-0.00500000	0.783954	-29.763410
#7	0	55	0	2	3	-0.00500000	0.789443	-29.976449
#7	0	56	0	2	3	-0.00500000	0.838828	-33.261086
#7	0	57	0	2	3	-0.00500000	0.804421	-30.573195
#7	0	58	0	2	3	-0.00500000	0.773283	-29.111048
#7	0	59	0	2	3	-0.00500000	0.811789	-31.449459
#7	0	60	0	2	3	-0.00500000	0.759724	-28.110014
#7	0	61	0	2	3	-0.00500000	0.810884	-31.379063
#7	0	62	0	2	3	-0.00500000	0.771910	-28.435006
#7	0	63	0	2	3	-0.00500000	0.796658	-30.511906
#######################################################################
# TOF Up                                                              #
#######################################################################
7	0	0	0	1	3	5.24830e+00	-1.96630e+00	2.96170e+00
7	0	1	0	1	3	5.24830e+00	-1.96630e+00	2.96170e+00
7	0	2	0	1	3	5.24830e+00	-1.96630e+00	2.96170e+00
7	0	3	0	1	3	5.24830e+00	-1.96630e+00	2.96170e+00
7	0	4	0	1	3	5.24830e+00	-1.96630e+00	2.96170e+00
7	0	5	0	1	3	5.24830e+00	-1.96630e+00	2.96170e+00
7	0	6	0	1	3	6.97090e+00	-3.03520e+00	3.39910e+00
7	0	7	0	1	3	4.05450e+00	-1.96150e+00	2.30360e+00
7	0	8	0	1	3	1.16940e+02	-2.98600e+01	2.09880e+01
7	0	9	0	1	3	5.24830e+00	-1.96630e+00	2.96170e+00
7	0	10	0	1	3	5.24830e+00	-1.96630e+00	2.96170e+00
7	0	11	0	1	3	5.24830e+00	-1.96630e+00	2.96170e+00
7	0	12	0	1	3	5.24830e+00	-1.96630e+00	2.96170e+00
7	0	13	0	1	3	5.24830e+00	-1.96630e+00	2.96170e+00
7	0	14	0	1	3	5.24830e+00	-1.96630e+00	2.96170e+00
7	0	15	0	1	3	5.24830e+00	-1.96630e+00	2.96170e+00
7	0	16	0	1	3	5.24830e+00	-1.96630e+00	2.96170e+00
7	0	17	0	1	3	5.24830e+00	-1.96630e+00	2.96170e+00
7	0	18	0	1	3	5.24830e+00	-1.96630e+00	2.96170e+00
7	0	19	0	1	3	7.11491e-01	1.85180e-03	5.82402e-01
7	0	20	0	1	3	5.59404e-01	-1.73810e-03	4.50716e-01
7	0	21	0	1	3	8.92499e-01	1.99900e-03	7.37364e-01
7	0	22	0	1	3	6.37553e-01	1.99960e-03	5.45449e-01
7	0	23	0	1	3	1.19210e+00	1.98920e-03	9.99994e-01
#######################################################################
# TOF Down                                                            #
#######################################################################
7	0	0	1	1	3	5.84300e+00	-2.30730e+00	3.11320e+00
7	0	1	1	1	3	5.84300e+00	-2.30730e+00	3.11320e+00
7	0	2	1	1	3	5.84300e+00	-2.30730e+00	3.11320e+00
7	0	3	1	1	3	5.84300e+00	-2.30730e+00	3.11320e+00
7	0	4	1	1	3	5.84300e+00	-2.30730e+00	3.11320e+00
7	0	5	1	1	3	5.84300e+00	-2.30730e+00	3.11320e+00
7	0	6	1	1	3	1.41330e+01	-5.81170e+00	5.32680e+00
7	0	7	1	1	3	7.84850e+01	-2.02870e+01	1.69500e+01
7	0	8	1	1	3	2.20240e+02	-3.62440e+01	3.60080e+01
7	0	9	1	1	3	5.84300e+00	-2.30730e+00	3.11320e+00
7	0	10	1	1	3	5.84300e+00	-2.30730e+00	3.11320e+00
7	0	11	1	1	3	5.84300e+00	-2.30730e+00	3.11320e+00
7	0	12	1	1	3	5.84300e+00	-2.30730e+00	3.11320e+00
7	0	13	1	1	3	5.84300e+00	-2.30730e+00	3.11320e+00
7	0	14	1	1	3	5.84300e+00	-2.30730e+00	3.11320e+00
7	0	15	1	1	3	5.84300e+00	-2.30730e+00	3.11320e+00
7	0	16	1	1	3	5.84300e+00	-2.30730e+00	3.11320e+00
7	0	17	1	1	3	5.84300e+00	-2.30730e+00	3.11320e+00
7	0	18	1	1	3	5.84300e+00	-2.30730e+00	3.11320e+00
7	0	19	1	1	3	6.18741e-01	1.99860e-03	4.90831e-01
7	0	20	1	1	3	5.75901e-01	1.04210e-03	4.72509e-01
7	0	21	1	1	3	9.41046e-01	1.99890e-03	7.79357e-01
7	0	22	1	1	3	4.84266e-01	-1.95590e-03	3.99786e-01
7	0	23	1	1	3	8.97714e-01	1.99860e-03	7.56300e-01
#######################################################################
# BFT U                                                               #
#######################################################################
110	0	0	0	2	3	-1.56312e-02	8.48425e-01	-8.71892e+00
110	0	1	0	2	3	-2.17551e-02	1.28114e+00	-1.51830e+01
110	0	2	0	2	3	1.46032e-03	-3.76485e-01	1.28249e+01
110	0	3	0	2	3	4.26328e-03	-6.02099e-01	1.60598e+01
110	0	4	0	2	3	1.40097e-03	-3.78709e-01	1.35566e+01
110	0	5	0	2	3	2.41603e-03	-4.41674e-01	1.39577e+01
110	0	6	0	2	3	6.23880e-03	-7.26577e-01	1.90573e+01
110	0	7	0	2	3	-1.48760e-02	8.35065e-01	-9.44085e+00
110	0	8	0	2	3	2.14257e-03	-4.42552e-01	1.45120e+01
110	0	9	0	2	3	-1.01167e-02	4.86197e-01	-2.38673e+00
110	0	10	0	2	3	2.83889e-03	-4.96028e-01	1.47003e+01
110	0	11	0	2	3	1.96555e-03	-4.28971e-01	1.37536e+01
110	0	12	0	2	3	2.86707e-03	-4.90535e-01	1.37272e+01
110	0	13	0	2	3	3.04571e-03	-4.88117e-01	1.53483e+01
110	0	14	0	2	3	5.49877e-03	-6.83126e-01	1.80142e+01
110	0	15	0	2	3	3.19959e-03	-5.22882e-01	1.64248e+01
110	0	16	0	2	3	3.90566e-03	-5.65524e-01	1.58039e+01
110	0	17	0	2	3	2.25330e-03	-4.45033e-01	1.43991e+01
110	0	18	0	2	3	4.53917e-03	-6.09355e-01	1.64109e+01
110	0	19	0	2	3	4.64603e-03	-6.20667e-01	1.55624e+01
110	0	20	0	2	3	4.01528e-03	-5.67192e-01	1.51640e+01
110	0	21	0	2	3	-3.16272e-03	-2.21247e-02	6.59588e+00
110	0	22	0	2	3	4.23023e-03	-5.95132e-01	1.67682e+01
110	0	23	0	2	3	5.14311e-03	-6.46970e-01	1.79448e+01
110	0	24	0	2	3	3.17920e-03	-5.12075e-01	1.45759e+01
110	0	25	0	2	3	4.83992e-03	-6.30032e-01	1.72798e+01
110	0	26	0	2	3	4.68524e-03	-6.23231e-01	1.71874e+01
110	0	27	0	2	3	4.66751e-03	-6.10652e-01	1.71855e+01
110	0	28	0	2	3	4.04038e-03	-5.72190e-01	1.47695e+01
110	0	29	0	2	3	4.60027e-03	-6.01750e-01	1.65446e+01
110	0	30	0	2	3	4.47804e-03	-6.10744e-01	1.68343e+01
110	0	31	0	2	3	4.30265e-03	-5.93475e-01	1.70995e+01
110	0	32	0	2	3	3.30998e-03	-5.33558e-01	1.58816e+01
110	0	33	0	2	3	3.54044e-03	-5.22083e-01	1.30625e+01
110	0	34	0	2	3	4.03111e-03	-5.77285e-01	1.63037e+01
110	0	35	0	2	3	4.41395e-03	-6.08283e-01	1.73777e+01
110	0	36	0	2	3	4.22846e-03	-5.78257e-01	1.50693e+01
110	0	37	0	2	3	3.04164e-03	-4.97709e-01	1.61616e+01
110	0	38	0	2	3	4.12754e-03	-5.76629e-01	1.55991e+01
110	0	39	0	2	3	4.24505e-03	-5.86709e-01	1.65892e+01
110	0	40	0	2	3	4.30868e-03	-5.83324e-01	1.50310e+01
110	0	41	0	2	3	5.02974e-03	-6.44418e-01	1.77552e+01
110	0	42	0	2	3	4.56070e-03	-6.06629e-01	1.60878e+01
110	0	43	0	2	3	4.49332e-03	-6.11000e-01	1.77411e+01
110	0	44	0	2	3	4.00943e-03	-5.74368e-01	1.61777e+01
110	0	45	0	2	3	4.06534e-03	-5.66671e-01	1.67837e+01
110	0	46	0	2	3	4.53227e-03	-6.21575e-01	1.73071e+01
110	0	47	0	2	3	4.86574e-03	-6.44034e-01	1.85090e+01
110	0	48	0	2	3	3.96540e-03	-5.66660e-01	1.50060e+01
110	0	49	0	2	3	4.00611e-03	-5.68798e-01	1.63825e+01
110	0	50	0	2	3	4.38499e-03	-6.01794e-01	1.70912e+01
110	0	51	0	2	3	4.32318e-03	-5.92269e-01	1.66825e+01
110	0	52	0	2	3	3.98292e-03	-5.63199e-01	1.54348e+01
110	0	53	0	2	3	4.16635e-03	-5.76113e-01	1.62257e+01
110	0	54	0	2	3	3.94788e-03	-5.70728e-01	1.61597e+01
110	0	55	0	2	3	4.51878e-03	-6.07621e-01	1.68738e+01
110	0	56	0	2	3	4.07550e-03	-5.88339e-01	1.64782e+01
110	0	57	0	2	3	4.26615e-03	-5.87010e-01	1.71552e+01
110	0	58	0	2	3	4.14554e-03	-5.86130e-01	1.64818e+01
110	0	59	0	2	3	3.39440e-03	-5.40144e-01	1.67413e+01
110	0	60	0	2	3	3.86698e-03	-5.71558e-01	1.58925e+01
110	0	61	0	2	3	3.15068e-03	-5.09319e-01	1.55416e+01
110	0	62	0	2	3	4.90528e-03	-6.35053e-01	1.71516e+01
110	0	63	0	2	3	3.83655e-03	-5.59118e-01	1.53014e+01
110	0	64	0	2	3	3.60421e-03	-5.50606e-01	1.61281e+01
110	0	65	0	2	3	3.91956e-03	-5.67304e-01	1.65379e+01
110	0	66	0	2	3	4.43963e-03	-6.23861e-01	1.77748e+01
110	0	67	0	2	3	3.98338e-03	-5.75513e-01	1.68970e+01
110	0	68	0	2	3	3.70193e-03	-5.68232e-01	1.60906e+01
110	0	69	0	2	3	4.09782e-03	-5.75776e-01	1.61941e+01
110	0	70	0	2	3	4.28418e-03	-6.14104e-01	1.68593e+01
110	0	71	0	2	3	4.31492e-03	-5.99707e-01	1.70868e+01
110	0	72	0	2	3	3.74788e-03	-5.65129e-01	1.58056e+01
110	0	73	0	2	3	4.35491e-03	-6.05445e-01	1.66532e+01
110	0	74	0	2	3	4.24577e-03	-6.11058e-01	1.67998e+01
110	0	75	0	2	3	4.30293e-03	-5.96411e-01	1.67246e+01
110	0	76	0	2	3	3.64378e-03	-5.53706e-01	1.57201e+01
110	0	77	0	2	3	3.92704e-03	-5.71205e-01	1.66455e+01
110	0	78	0	2	3	4.28445e-03	-6.09892e-01	1.70905e+01
110	0	79	0	2	3	4.31148e-03	-5.97280e-01	1.67069e+01
110	0	80	0	2	3	4.09826e-03	-5.87460e-01	1.63955e+01
110	0	81	0	2	3	4.23702e-03	-5.80864e-01	1.63437e+01
110	0	82	0	2	3	4.42368e-03	-6.09714e-01	1.73583e+01
110	0	83	0	2	3	4.41174e-03	-6.10505e-01	1.69354e+01
110	0	84	0	2	3	3.68996e-03	-5.58036e-01	1.63843e+01
110	0	85	0	2	3	3.76481e-03	-5.52177e-01	1.62364e+01
110	0	86	0	2	3	4.51398e-03	-6.26785e-01	1.73922e+01
110	0	87	0	2	3	4.18865e-03	-5.94670e-01	1.73361e+01
110	0	88	0	2	3	3.44702e-03	-5.35663e-01	1.53216e+01
110	0	89	0	2	3	4.31605e-03	-5.96727e-01	1.66730e+01
110	0	90	0	2	3	4.01554e-03	-5.82530e-01	1.63279e+01
110	0	91	0	2	3	4.67644e-03	-6.33273e-01	1.70142e+01
110	0	92	0	2	3	3.73747e-03	-5.68747e-01	1.69345e+01
110	0	93	0	2	3	3.95497e-03	-5.68328e-01	1.59229e+01
110	0	94	0	2	3	4.27682e-03	-6.20536e-01	1.79673e+01
110	0	95	0	2	3	4.57108e-03	-6.20857e-01	1.75378e+01
110	0	96	0	2	3	3.86353e-03	-5.81007e-01	1.68723e+01
110	0	97	0	2	3	4.09733e-03	-5.77711e-01	1.68324e+01
110	0	98	0	2	3	4.52868e-03	-6.30272e-01	1.77117e+01
110	0	99	0	2	3	4.37521e-03	-6.00717e-01	1.60026e+01
110	0	100	0	2	3	3.68719e-03	-5.56772e-01	1.58610e+01
110	0	101	0	2	3	3.96935e-03	-5.71966e-01	1.67241e+01
110	0	102	0	2	3	4.40226e-03	-6.17721e-01	1.73306e+01
110	0	103	0	2	3	4.63991e-03	-6.27434e-01	1.73914e+01
110	0	104	0	2	3	4.39653e-03	-6.08914e-01	1.69169e+01
110	0	105	0	2	3	4.39950e-03	-5.98505e-01	1.66040e+01
110	0	106	0	2	3	4.10167e-03	-5.90874e-01	1.67471e+01
110	0	107	0	2	3	5.46632e-03	-6.71132e-01	1.73416e+01
110	0	108	0	2	3	3.66918e-03	-5.62422e-01	1.60534e+01
110	0	109	0	2	3	3.63061e-03	-5.50608e-01	1.58159e+01
110	0	110	0	2	3	3.85821e-03	-5.73045e-01	1.61782e+01
110	0	111	0	2	3	4.70649e-03	-6.40228e-01	1.76023e+01
110	0	112	0	2	3	3.52812e-03	-5.37080e-01	1.52181e+01
110	0	113	0	2	3	4.66246e-03	-6.15932e-01	1.68416e+01
110	0	114	0	2	3	4.03641e-03	-5.86883e-01	1.76185e+01
110	0	115	0	2	3	4.68839e-03	-6.22210e-01	1.69878e+01
110	0	116	0	2	3	3.86126e-03	-5.75007e-01	1.69417e+01
110	0	117	0	2	3	3.42624e-03	-5.36978e-01	1.65756e+01
110	0	118	0	2	3	4.34868e-03	-6.16884e-01	1.74636e+01
110	0	119	0	2	3	4.27557e-03	-5.91184e-01	1.55843e+01
110	0	120	0	2	3	3.33802e-03	-5.41355e-01	1.64802e+01
110	0	121	0	2	3	4.37400e-03	-5.95496e-01	1.51689e+01
110	0	122	0	2	3	3.97836e-03	-5.90407e-01	1.76018e+01
110	0	123	0	2	3	4.04748e-03	-5.79019e-01	1.66035e+01
110	0	124	0	2	3	4.62025e-03	-6.30066e-01	1.76680e+01
110	0	125	0	2	3	4.10322e-03	-5.71645e-01	1.41333e+01
110	0	126	0	2	3	3.86590e-03	-5.71047e-01	1.59154e+01
110	0	127	0	2	3	3.83915e-03	-5.66036e-01	1.61991e+01
110	0	128	0	2	3	3.23781e-03	-5.62762e-01	1.72129e+01
110	0	129	0	2	3	5.09905e-03	-6.75094e-01	1.85562e+01
110	0	130	0	2	3	1.15377e-03	-4.02275e-01	1.52707e+01
110	0	131	0	2	3	1.38879e-03	-3.83023e-01	1.31659e+01
110	0	132	0	2	3	3.03679e-03	-5.26973e-01	1.66538e+01
110	0	133	0	2	3	2.25640e-03	-4.60581e-01	1.48901e+01
110	0	134	0	2	3	3.48783e-03	-5.62528e-01	1.67618e+01
110	0	135	0	2	3	2.81791e-03	-5.00082e-01	1.58401e+01
110	0	136	0	2	3	4.08632e-03	-5.91845e-01	1.64260e+01
110	0	137	0	2	3	4.05145e-03	-6.03470e-01	1.80075e+01
110	0	138	0	2	3	3.70162e-03	-5.84152e-01	1.75443e+01
110	0	139	0	2	3	3.90508e-03	-5.83111e-01	1.68544e+01
110	0	140	0	2	3	7.12570e-04	-3.67305e-01	1.39081e+01
110	0	141	0	2	3	3.69438e-03	-5.68670e-01	1.59391e+01
110	0	142	0	2	3	1.95603e-03	-4.52801e-01	1.56974e+01
110	0	143	0	2	3	2.79140e-03	-5.10792e-01	1.53952e+01
110	0	144	0	2	3	4.10330e-03	-6.08072e-01	1.76421e+01
110	0	145	0	2	3	3.25681e-03	-5.28993e-01	1.58368e+01
110	0	146	0	2	3	4.22777e-03	-6.16455e-01	1.75294e+01
110	0	147	0	2	3	2.34355e-03	-4.68513e-01	1.50893e+01
110	0	148	0	2	3	4.44073e-03	-6.26452e-01	1.81214e+01
110	0	149	0	2	3	4.24122e-03	-5.90353e-01	1.68198e+01
110	0	150	0	2	3	2.78680e-03	-5.16136e-01	1.61647e+01
110	0	151	0	2	3	4.54017e-03	-6.23618e-01	1.74567e+01
110	0	152	0	2	3	2.04329e-03	-4.50173e-01	1.50494e+01
110	0	153	0	2	3	2.45422e-03	-4.87514e-01	1.55583e+01
110	0	154	0	2	3	4.29195e-03	-6.07609e-01	1.66896e+01
110	0	155	0	2	3	5.09269e-03	-6.54742e-01	1.73032e+01
110	0	156	0	2	3	5.61077e-04	-3.47501e-01	1.39197e+01
110	0	157	0	2	3	1.46697e-03	-3.80776e-01	1.31878e+01
110	0	158	0	2	3	-7.06267e-03	1.92802e-01	4.12660e+00
110	0	159	0	2	3	1.43088e-03	-4.01903e-01	1.42148e+01
#######################################################################
# BFT D                                                               #
#######################################################################
110	1	0	0	2	3	1.75159e-03	-3.81845e-01	1.37779e+01
110	1	1	0	2	3	-9.81362e-03	4.63970e-01	-1.55327e+00
110	1	2	0	2	3	-1.48060e-03	-2.20658e-01	1.18773e+01
110	1	3	0	2	3	-1.01685e-02	4.59736e-01	-1.08998e+00
110	1	4	0	2	3	5.09195e-03	-6.42233e-01	1.75334e+01
110	1	5	0	2	3	-1.01122e-02	4.44308e-01	-2.81689e-01
110	1	6	0	2	3	3.04839e-03	-4.95749e-01	1.47931e+01
110	1	7	0	2	3	2.79869e-03	-5.02445e-01	1.61772e+01
110	1	8	0	2	3	2.89795e-03	-4.90774e-01	1.54145e+01
110	1	9	0	2	3	-3.05580e-03	-5.75317e-02	8.25074e+00
110	1	10	0	2	3	3.11428e-03	-5.29022e-01	1.52340e+01
110	1	11	0	2	3	1.08819e-03	-3.71550e-01	1.34601e+01
110	1	12	0	2	3	2.79997e-03	-5.01525e-01	1.50027e+01
110	1	13	0	2	3	9.59188e-04	-3.54491e-01	1.28057e+01
110	1	14	0	2	3	3.91467e-03	-5.83671e-01	1.72130e+01
110	1	15	0	2	3	5.02008e-03	-6.49782e-01	1.79763e+01
110	1	16	0	2	3	3.76950e-03	-5.63115e-01	1.59385e+01
110	1	17	0	2	3	4.59800e-03	-6.22201e-01	1.77329e+01
110	1	18	0	2	3	4.52482e-03	-6.09952e-01	1.60513e+01
110	1	19	0	2	3	3.25841e-03	-5.22911e-01	1.62765e+01
110	1	20	0	2	3	3.86510e-03	-5.72412e-01	1.64564e+01
110	1	21	0	2	3	4.79257e-03	-6.47125e-01	1.87154e+01
110	1	22	0	2	3	4.32731e-03	-6.07502e-01	1.67606e+01
110	1	23	0	2	3	3.97585e-03	-5.69829e-01	1.62956e+01
110	1	24	0	2	3	3.83932e-03	-5.71331e-01	1.70277e+01
110	1	25	0	2	3	3.75904e-03	-5.56178e-01	1.61723e+01
110	1	26	0	2	3	3.29652e-03	-5.38313e-01	1.54639e+01
110	1	27	0	2	3	3.86240e-03	-5.68717e-01	1.71997e+01
110	1	28	0	2	3	3.80767e-03	-5.73959e-01	1.60575e+01
110	1	29	0	2	3	3.53143e-03	-5.39157e-01	1.60224e+01
110	1	30	0	2	3	3.96184e-03	-5.80120e-01	1.63551e+01
110	1	31	0	2	3	4.60737e-03	-6.30777e-01	1.79556e+01
110	1	32	0	2	3	3.44124e-03	-5.44420e-01	1.69814e+01
110	1	33	0	2	3	3.17638e-03	-5.25401e-01	1.48764e+01
110	1	34	0	2	3	4.23714e-03	-5.93111e-01	1.61037e+01
110	1	35	0	2	3	2.95118e-03	-5.09630e-01	1.67265e+01
110	1	36	0	2	3	3.91307e-03	-5.68542e-01	1.68742e+01
110	1	37	0	2	3	2.95393e-03	-5.01771e-01	1.46357e+01
110	1	38	0	2	3	4.80809e-03	-6.35834e-01	1.72396e+01
110	1	39	0	2	3	3.89785e-03	-5.63311e-01	1.66060e+01
110	1	40	0	2	3	3.66671e-03	-5.50018e-01	1.54289e+01
110	1	41	0	2	3	3.85690e-03	-5.64092e-01	1.61310e+01
110	1	42	0	2	3	4.33045e-03	-5.96357e-01	1.57747e+01
110	1	43	0	2	3	3.68555e-03	-5.54803e-01	1.67834e+01
110	1	44	0	2	3	3.76264e-03	-5.64313e-01	1.58588e+01
110	1	45	0	2	3	3.67849e-03	-5.52770e-01	1.61641e+01
110	1	46	0	2	3	3.74366e-03	-5.69500e-01	1.60231e+01
110	1	47	0	2	3	4.34925e-03	-6.20504e-01	1.83768e+01
110	1	48	0	2	3	3.89296e-03	-5.67904e-01	1.65453e+01
110	1	49	0	2	3	4.08216e-03	-5.80771e-01	1.69430e+01
110	1	50	0	2	3	4.15501e-03	-5.90629e-01	1.59715e+01
110	1	51	0	2	3	3.81123e-03	-5.67087e-01	1.74288e+01
110	1	52	0	2	3	3.92762e-03	-5.84487e-01	1.62193e+01
110	1	53	0	2	3	3.69753e-03	-5.55357e-01	1.64705e+01
110	1	54	0	2	3	4.50976e-03	-6.24962e-01	1.78698e+01
110	1	55	0	2	3	4.17538e-03	-5.93294e-01	1.69972e+01
110	1	56	0	2	3	3.77022e-03	-5.77504e-01	1.71692e+01
110	1	57	0	2	3	4.16326e-03	-5.95147e-01	1.78257e+01
110	1	58	0	2	3	4.84034e-03	-6.57332e-01	1.95189e+01
110	1	59	0	2	3	4.67252e-03	-6.35206e-01	1.87222e+01
110	1	60	0	2	3	3.73591e-03	-5.68519e-01	1.67681e+01
110	1	61	0	2	3	3.74180e-03	-5.47851e-01	1.63778e+01
110	1	62	0	2	3	4.11674e-03	-5.92451e-01	1.61226e+01
110	1	63	0	2	3	3.84046e-03	-5.74270e-01	1.68172e+01
110	1	64	0	2	3	3.87759e-03	-5.81982e-01	1.74323e+01
110	1	65	0	2	3	4.31578e-03	-6.02862e-01	1.65323e+01
110	1	66	0	2	3	4.39998e-03	-6.25788e-01	1.69230e+01
110	1	67	0	2	3	4.47495e-03	-6.16563e-01	1.68858e+01
110	1	68	0	2	3	3.73336e-03	-5.57878e-01	1.52870e+01
110	1	69	0	2	3	3.70479e-03	-5.61669e-01	1.59535e+01
110	1	70	0	2	3	3.88238e-03	-5.76623e-01	1.70431e+01
110	1	71	0	2	3	4.11689e-03	-5.99941e-01	1.69173e+01
110	1	72	0	2	3	3.37454e-03	-5.37206e-01	1.58745e+01
110	1	73	0	2	3	3.81870e-03	-5.74093e-01	1.69095e+01
110	1	74	0	2	3	4.14363e-03	-5.91158e-01	1.59786e+01
110	1	75	0	2	3	4.29244e-03	-6.08278e-01	1.74359e+01
110	1	76	0	2	3	3.48289e-03	-5.45696e-01	1.58804e+01
110	1	77	0	2	3	4.30140e-03	-6.08189e-01	1.74523e+01
110	1	78	0	2	3	3.97123e-03	-5.84979e-01	1.59586e+01
110	1	79	0	2	3	4.17606e-03	-5.95427e-01	1.61000e+01
110	1	80	0	2	3	4.00032e-03	-5.81651e-01	1.64494e+01
110	1	81	0	2	3	3.70494e-03	-5.55083e-01	1.56402e+01
110	1	82	0	2	3	4.73696e-03	-6.35033e-01	1.82619e+01
110	1	83	0	2	3	4.19422e-03	-5.84620e-01	1.64912e+01
110	1	84	0	2	3	3.36328e-03	-5.26152e-01	1.48932e+01
110	1	85	0	2	3	3.42326e-03	-5.38680e-01	1.57421e+01
110	1	86	0	2	3	4.31397e-03	-6.06965e-01	1.65823e+01
110	1	87	0	2	3	4.37778e-03	-6.03167e-01	1.56075e+01
110	1	88	0	2	3	4.10311e-03	-5.90568e-01	1.70830e+01
110	1	89	0	2	3	3.92967e-03	-5.76796e-01	1.60750e+01
110	1	90	0	2	3	4.28496e-03	-6.02650e-01	1.64153e+01
110	1	91	0	2	3	3.54460e-03	-5.47304e-01	1.54328e+01
110	1	92	0	2	3	3.29298e-03	-5.27610e-01	1.55504e+01
110	1	93	0	2	3	3.84500e-03	-5.68201e-01	1.64673e+01
110	1	94	0	2	3	4.04350e-03	-5.91682e-01	1.64871e+01
110	1	95	0	2	3	4.34277e-03	-6.10962e-01	1.69737e+01
110	1	96	0	2	3	3.52099e-03	-5.49932e-01	1.57349e+01
110	1	97	0	2	3	3.60974e-03	-5.50551e-01	1.56004e+01
110	1	98	0	2	3	4.24685e-03	-6.17967e-01	1.82953e+01
110	1	99	0	2	3	3.92540e-03	-5.74865e-01	1.63748e+01
110	1	100	0	2	3	3.69739e-03	-5.47961e-01	1.61047e+01
110	1	101	0	2	3	3.76020e-03	-5.58314e-01	1.55742e+01
110	1	102	0	2	3	3.92629e-03	-5.84027e-01	1.67988e+01
110	1	103	0	2	3	4.20460e-03	-5.91419e-01	1.65424e+01
110	1	104	0	2	3	3.85536e-03	-5.66587e-01	1.63846e+01
110	1	105	0	2	3	3.76920e-03	-5.59512e-01	1.53798e+01
110	1	106	0	2	3	4.91914e-03	-6.53273e-01	1.77925e+01
110	1	107	0	2	3	4.19046e-03	-5.92503e-01	1.57683e+01
110	1	108	0	2	3	3.72351e-03	-5.63572e-01	1.72248e+01
110	1	109	0	2	3	3.15193e-03	-5.21838e-01	1.53813e+01
110	1	110	0	2	3	4.64933e-03	-6.34740e-01	1.77530e+01
110	1	111	0	2	3	4.34069e-03	-6.17398e-01	1.76891e+01
110	1	112	0	2	3	3.94223e-03	-5.79842e-01	1.65928e+01
110	1	113	0	2	3	4.38991e-03	-6.09503e-01	1.74816e+01
110	1	114	0	2	3	4.07203e-03	-5.95596e-01	1.67301e+01
110	1	115	0	2	3	4.51361e-03	-6.20140e-01	1.73945e+01
110	1	116	0	2	3	4.37804e-03	-6.12768e-01	1.73905e+01
110	1	117	0	2	3	4.04339e-03	-5.79130e-01	1.58078e+01
110	1	118	0	2	3	3.82852e-03	-5.67023e-01	1.55684e+01
110	1	119	0	2	3	3.55759e-03	-5.51679e-01	1.55785e+01
110	1	120	0	2	3	3.38982e-03	-5.41492e-01	1.59050e+01
110	1	121	0	2	3	3.48135e-03	-5.40735e-01	1.59814e+01
110	1	122	0	2	3	2.63876e-03	-4.91918e-01	1.64113e+01
110	1	123	0	2	3	4.47825e-03	-6.26263e-01	1.82028e+01
110	1	124	0	2	3	3.80745e-03	-5.64806e-01	1.59125e+01
110	1	125	0	2	3	2.84823e-03	-5.02865e-01	1.57559e+01
110	1	126	0	2	3	3.89441e-03	-5.73446e-01	1.56938e+01
110	1	127	0	2	3	3.78521e-03	-5.67335e-01	1.67001e+01
110	1	128	0	2	3	3.04496e-03	-5.34274e-01	1.67517e+01
110	1	129	0	2	3	2.48926e-03	-5.02272e-01	1.63522e+01
110	1	130	0	2	3	4.63838e-03	-6.43216e-01	1.76720e+01
110	1	131	0	2	3	3.86111e-03	-5.69265e-01	1.65582e+01
110	1	132	0	2	3	5.35787e-03	-6.99169e-01	1.97976e+01
110	1	133	0	2	3	4.39538e-03	-6.10626e-01	1.71867e+01
110	1	134	0	2	3	3.43039e-03	-5.63259e-01	1.63962e+01
110	1	135	0	2	3	4.03243e-03	-5.75942e-01	1.58405e+01
110	1	136	0	2	3	3.42489e-03	-5.55822e-01	1.73887e+01
110	1	137	0	2	3	5.66279e-03	-7.18263e-01	1.87541e+01
110	1	138	0	2	3	4.04457e-03	-5.95784e-01	1.72320e+01
110	1	139	0	2	3	4.87149e-03	-6.56123e-01	1.77121e+01
110	1	140	0	2	3	4.00660e-03	-5.93447e-01	1.69537e+01
110	1	141	0	2	3	3.78083e-03	-5.66280e-01	1.62139e+01
110	1	142	0	2	3	3.57533e-03	-5.56933e-01	1.60353e+01
110	1	143	0	2	3	4.20999e-03	-6.05572e-01	1.78923e+01
110	1	144	0	2	3	3.58729e-03	-5.70955e-01	1.68636e+01
110	1	145	0	2	3	5.65782e-03	-6.85506e-01	1.83916e+01
110	1	146	0	2	3	3.25848e-03	-5.41980e-01	1.61349e+01
110	1	147	0	2	3	3.62714e-03	-5.50752e-01	1.53216e+01
110	1	148	0	2	3	4.64639e-03	-6.39386e-01	1.72993e+01
110	1	149	0	2	3	4.25062e-03	-6.11993e-01	1.80856e+01
110	1	150	0	2	3	2.99378e-03	-5.25746e-01	1.55013e+01
110	1	151	0	2	3	3.04893e-03	-5.21866e-01	1.57629e+01
110	1	152	0	2	3	6.35718e-04	-3.62277e-01	1.41572e+01
110	1	153	0	2	3	4.76747e-03	-6.56484e-01	1.93282e+01
110	1	154	0	2	3	2.78568e-03	-5.15022e-01	1.52298e+01
110	1	155	0	2	3	3.12234e-03	-5.19172e-01	1.55072e+01
110	1	156	0	2	3	4.11205e-03	-6.16780e-01	1.82686e+01
110	1	157	0	2	3	-1.16276e-02	5.31386e-01	-1.79669e+00
110	1	158	0	2	3	-1.61198e-02	8.92518e-01	-9.18846e+00
110	1	159	0	2	3	-1.04594e-02	4.52720e-01	-6.96834e-01
