##
#  file: HodoPHCParam_Dummy
#  date: 2016.06.15
#  note: first version
#
#
#######################################################################
# CId	PlId	Seg	UorD	Type	nParam	p0	p1	...
#
#	Type=0 no correction will be performed
#	Type=1 ct=t-p[0]/sqrt(a-p[1])+p[2]
#	Type=2 ct=p[0]*a*a + p[1]*a + p[2] for Fiber
#
#######################################################################
# BH1 Up                                                              #
#######################################################################
1	0	0	0	1	3	5.08705e+00	-1.98362e+00	2.93454e+00
1	0	1	0	1	3	6.69706e-01	2.91546e-01	8.10244e-01
1	0	2	0	1	3	5.01779e-01	3.94271e-01	6.64278e-01
1	0	3	0	1	3	7.45330e-01	1.66754e-01	8.56036e-01
1	0	4	0	1	3	8.52890e-01	8.60054e-02	9.27134e-01
1	0	5	0	1	3	1.69981e+00	-1.50393e-01	1.62794e+00
1	0	6	0	1	3	1.58582e+00	-2.35346e-01	1.46587e+00
1	0	7	0	1	3	1.61970e+00	-1.46184e-01	1.54504e+00
1	0	8	0	1	3	1.37546e+00	-2.52696e-01	1.28233e+00
1	0	9	0	1	3	1.74814e+00	-2.76223e-01	1.64100e+00
1	0	10	0	1	3	1.60339e+01	-4.62629e+00	6.81205e+00
#######################################################################
# BH1 Down                                                            #
#######################################################################
1	0	0	1	1	3	1.33519e+00	-9.13138e-02	1.27257e+00
1	0	1	1	1	3	6.24909e-01	2.88647e-01	7.65429e-01
1	0	2	1	1	3	6.68954e-01	2.21542e-01	7.45264e-01
1	0	3	1	1	3	1.32364e+00	-4.57464e-01	1.08318e+00
1	0	4	1	1	3	1.18002e+00	-7.91080e-02	1.17008e+00
1	0	5	1	1	3	2.07299e+00	-4.79828e-01	1.70935e+00
1	0	6	1	1	3	1.96000e+00	-5.20196e-01	1.63958e+00
1	0	7	1	1	3	1.89852e+00	-4.50289e-01	1.60743e+00
1	0	8	1	1	3	1.02469e+00	-6.73213e-02	1.04734e+00
1	0	9	1	1	3	1.64894e+00	-1.85977e-01	1.61292e+00
1	0	10	1	1	3	7.15603e-01	2.22738e-01	8.54972e-01
#######################################################################
# BH2 Up                                                              #
#######################################################################
2	0	0	0	1	3	1.43047e-01	2.98695e-01	2.00085e-01
2	0	1	0	1	3	8.79554e-01	-2.31747e-01	7.85839e-01
2	0	2	0	1	3	5.94572e-01	-4.97541e-01	4.68956e-01
2	0	3	0	1	3	1.91725e-01	3.94747e-02	1.91115e-01
2	0	4	0	1	3	3.31184e-01	-9.38469e-02	3.15823e-01
2	0	5	0	1	3	1.99769e-01	2.70254e-01	2.37321e-01
2	0	6	0	1	3	2.58948e-01	2.41832e-01	3.10133e-01
2	0	7	0	1	3	3.50426e-01	8.80094e-02	3.70898e-01
#######################################################################
# BH2 Down                                                            #
#######################################################################
2	0	0	1	1	3	3.94607e-01	-1.85207e-01	3.84440e-01
2	0	1	1	1	3	9.92155e-01	-3.85817e-01	8.32122e-01
2	0	2	1	1	3	4.10986e-01	-9.27803e-02	3.90143e-01
2	0	3	1	1	3	1.76416e-01	4.84160e-02	1.75490e-01
2	0	4	1	1	3	2.42956e-01	1.23979e-01	2.64593e-01
2	0	5	1	1	3	3.57967e-01	4.32013e-02	3.63973e-01
2	0	6	1	1	3	1.22093e+00	-6.67168e-01	9.30075e-01
2	0	7	1	1	3	2.92156e-01	-4.36810e-03	2.98702e-01
#######################################################################
# BAC                                                                 #
#######################################################################
3	0	0	0	1	3	0.00000e+00	0.00000e+00	0.00000e+00
3	0	1	0	1	3	0.00000e+00	0.00000e+00	0.00000e+00
#######################################################################
# FBH Up                                                              #
#######################################################################
4	0	0	0	2	3	-5.62952e-03	8.96903e-01	-3.53273e+01
4	0	1	0	2	3	-4.29399e-03	7.37975e-01	-3.00049e+01
4	0	2	0	2	3	-5.26894e-03	8.67305e-01	-3.38992e+01
4	0	3	0	2	3	-3.80183e-03	6.69237e-01	-2.72260e+01
4	0	4	0	2	3	-4.35014e-03	7.35785e-01	-2.92008e+01
4	0	5	0	2	3	-4.02541e-03	6.86907e-01	-2.70312e+01
4	0	6	0	2	3	-4.16660e-03	7.08229e-01	-2.81512e+01
4	0	7	0	2	3	-3.93117e-03	6.84759e-01	-2.69101e+01
4	0	8	0	2	3	-4.14423e-03	6.96902e-01	-2.65883e+01
4	0	9	0	2	3	-2.83372e-03	5.62925e-01	-2.20787e+01
4	0	10	0	2	3	-4.07944e-03	7.09420e-01	-2.75603e+01
4	0	11	0	2	3	-3.50961e-03	6.50113e-01	-2.64167e+01
4	0	12	0	2	3	-3.52415e-03	6.49734e-01	-2.67232e+01
4	0	13	0	2	3	-4.13420e-03	7.26957e-01	-2.99675e+01
4	0	14	0	2	3	-4.90315e-03	8.27563e-01	-3.35630e+01
4	0	15	0	2	3	-4.73048e-03	8.13189e-01	-3.31901e+01
#######################################################################
# FBH Down                                                            #
#######################################################################
4	0	0	1	2	3	-5.62952e-03	8.96903e-01	-3.53273e+01
4	0	1	1	2	3	-4.29399e-03	7.37975e-01	-3.00049e+01
4	0	2	1	2	3	-5.26894e-03	8.67305e-01	-3.38992e+01
4	0	3	1	2	3	-3.80183e-03	6.69237e-01	-2.72260e+01
4	0	4	1	2	3	-4.35014e-03	7.35785e-01	-2.92008e+01
4	0	5	1	2	3	-4.02541e-03	6.86907e-01	-2.70312e+01
4	0	6	1	2	3	-4.16660e-03	7.08229e-01	-2.81512e+01
4	0	7	1	2	3	-3.93117e-03	6.84759e-01	-2.69101e+01
4	0	8	1	2	3	-4.14423e-03	6.96902e-01	-2.65883e+01
4	0	9	1	2	3	-2.83372e-03	5.62925e-01	-2.20787e+01
4	0	10	1	2	3	-4.07944e-03	7.09420e-01	-2.75603e+01
4	0	11	1	2	3	-3.50961e-03	6.50113e-01	-2.64167e+01
4	0	12	1	2	3	-3.52415e-03	6.49734e-01	-2.67232e+01
4	0	13	1	2	3	-4.13420e-03	7.26957e-01	-2.99675e+01
4	0	14	1	2	3	-4.90315e-03	8.27563e-01	-3.35630e+01
4	0	15	1	2	3	-4.73048e-03	8.13189e-01	-3.31901e+01
#######################################################################
# PVAC                                                                #
#######################################################################
5	0	0	0	1	3	0.00000e+00	0.00000e+00	0.00000e+00
#######################################################################
# FAC                                                                 #
#######################################################################
6	0	0	0	1	3	0.00000e+00	0.00000e+00	0.00000e+00
#######################################################################
# SCH                                                                 #
#######################################################################
#7	0	0	0	2	3	-0.00500000	0.821213	-32.185321
#7	0	1	0	2	3	-0.00500000	0.830248	-32.269563
#7	0	2	0	2	3	-0.00500000	0.793073	-29.315934
#7	0	3	0	2	3	-0.00500000	0.772144	-28.276705
#7	0	4	0	2	3	-0.00500000	0.801968	-30.687167
#7	0	5	0	2	3	-0.00500000	0.778300	-28.439251
#7	0	6	0	2	3	-0.00500000	0.765872	-27.918181
#7	0	7	0	2	3	-0.00500000	0.738459	-26.016797
#7	0	8	0	2	3	-0.00500000	0.778318	-28.676371
#7	0	9	0	2	3	-0.00500000	0.776670	-28.892887
#7	0	10	0	2	3	-0.00500000	0.764278	-28.122474
#7	0	11	0	2	3	-0.00500000	0.790742	-29.423647
#7	0	12	0	2	3	-0.00500000	0.811330	-30.487019
#7	0	13	0	2	3	-0.00500000	0.818750	-30.891512
#7	0	14	0	2	3	-0.00500000	0.802541	-30.009136
#7	0	15	0	2	3	-0.00500000	0.809525	-30.751746
#7	0	16	0	2	3	-0.00500000	0.802597	-30.845509
#7	0	17	0	2	3	-0.00500000	0.835028	-32.780792
#7	0	18	0	2	3	-0.00500000	0.859176	-33.938731
#7	0	19	0	2	3	-0.00500000	0.814851	-31.445396
#7	0	20	0	2	3	-0.00500000	0.809426	-30.781087
#7	0	21	0	2	3	-0.00500000	0.780678	-28.888756
#7	0	22	0	2	3	-0.00500000	0.808206	-30.719604
#7	0	23	0	2	3	-0.00500000	0.774024	-27.858339
#7	0	24	0	2	3	-0.00500000	0.794308	-29.022101
#7	0	25	0	2	3	-0.00500000	0.775649	-27.980186
#7	0	26	0	2	3	-0.00500000	0.788483	-28.687567
#7	0	27	0	2	3	-0.00466315	0.771386	-29.253260
#7	0	28	0	2	3	-0.00483132	0.790854	-28.637741
#7	0	29	0	2	3	-0.00497049	0.812994	-30.786914
#7	0	30	0	2	3	-0.00500000	0.787793	-28.362716
#7	0	31	0	2	3	-0.00500000	0.790759	-28.876812
#7	0	32	0	2	3	-0.00500000	0.824826	-31.655285
#7	0	33	0	2	3	-0.00500000	0.845304	-33.407765
#7	0	34	0	2	3	-0.00500000	0.832263	-32.939799
#7	0	35	0	2	3	-0.00500000	0.820631	-31.695372
#7	0	36	0	2	3	-0.00500000	0.836997	-33.200590
#7	0	37	0	2	3	-0.00500000	0.819690	-32.097193
#7	0	38	0	2	3	-0.00500000	0.808109	-31.263214
#7	0	39	0	2	3	-0.00500000	0.815224	-31.135523
#7	0	40	0	2	3	-0.00500000	0.803398	-29.897923
#7	0	41	0	2	3	-0.00500000	0.815685	-31.165519
#7	0	42	0	2	3	-0.00500000	0.812980	-30.737261
#7	0	43	0	2	3	-0.00500000	0.829418	-32.693307
#7	0	44	0	2	3	-0.00500000	0.789530	-29.464920
#7	0	45	0	2	3	-0.00500000	0.804789	-31.208151
#7	0	46	0	2	3	-0.00500000	0.830106	-32.806514
#7	0	47	0	2	3	-0.00500000	0.819206	-31.373242
#7	0	48	0	2	3	-0.00500000	0.816165	-31.709319
#7	0	49	0	2	3	-0.00500000	0.798496	-30.201709
#7	0	50	0	2	3	-0.00500000	0.812167	-31.795745
#7	0	51	0	2	3	-0.00500000	0.810749	-31.375226
#7	0	52	0	2	3	-0.00500000	0.803385	-31.372512
#7	0	53	0	2	3	-0.00500000	0.777405	-29.262831
#7	0	54	0	2	3	-0.00500000	0.783954	-29.763410
#7	0	55	0	2	3	-0.00500000	0.789443	-29.976449
#7	0	56	0	2	3	-0.00500000	0.838828	-33.261086
#7	0	57	0	2	3	-0.00500000	0.804421	-30.573195
#7	0	58	0	2	3	-0.00500000	0.773283	-29.111048
#7	0	59	0	2	3	-0.00500000	0.811789	-31.449459
#7	0	60	0	2	3	-0.00500000	0.759724	-28.110014
#7	0	61	0	2	3	-0.00500000	0.810884	-31.379063
#7	0	62	0	2	3	-0.00500000	0.771910	-28.435006
#7	0	63	0	2	3	-0.00500000	0.796658	-30.511906
#######################################################################
# TOF Up                                                              #
#######################################################################
7	0	0	0	1	3	5.24830e+00	-1.96630e+00	2.96170e+00
7	0	1	0	1	3	5.24830e+00	-1.96630e+00	2.96170e+00
7	0	2	0	1	3	5.24830e+00	-1.96630e+00	2.96170e+00
7	0	3	0	1	3	5.24830e+00	-1.96630e+00	2.96170e+00
7	0	4	0	1	3	5.24830e+00	-1.96630e+00	2.96170e+00
7	0	5	0	1	3	5.24830e+00	-1.96630e+00	2.96170e+00
7	0	6	0	1	3	6.97090e+00	-3.03520e+00	3.39910e+00
7	0	7	0	1	3	4.05450e+00	-1.96150e+00	2.30360e+00
7	0	8	0	1	3	1.16940e+02	-2.98600e+01	2.09880e+01
7	0	9	0	1	3	5.24830e+00	-1.96630e+00	2.96170e+00
7	0	10	0	1	3	5.24830e+00	-1.96630e+00	2.96170e+00
7	0	11	0	1	3	5.24830e+00	-1.96630e+00	2.96170e+00
7	0	12	0	1	3	5.24830e+00	-1.96630e+00	2.96170e+00
7	0	13	0	1	3	5.24830e+00	-1.96630e+00	2.96170e+00
7	0	14	0	1	3	5.24830e+00	-1.96630e+00	2.96170e+00
7	0	15	0	1	3	5.24830e+00	-1.96630e+00	2.96170e+00
7	0	16	0	1	3	5.24830e+00	-1.96630e+00	2.96170e+00
7	0	17	0	1	3	5.24830e+00	-1.96630e+00	2.96170e+00
7	0	18	0	1	3	5.24830e+00	-1.96630e+00	2.96170e+00
7	0	19	0	1	3	7.11491e-01	1.85180e-03	5.82402e-01
7	0	20	0	1	3	5.59404e-01	-1.73810e-03	4.50716e-01
7	0	21	0	1	3	8.92499e-01	1.99900e-03	7.37364e-01
7	0	22	0	1	3	6.37553e-01	1.99960e-03	5.45449e-01
7	0	23	0	1	3	1.19210e+00	1.98920e-03	9.99994e-01
#######################################################################
# TOF Down                                                            #
#######################################################################
7	0	0	1	1	3	5.84300e+00	-2.30730e+00	3.11320e+00
7	0	1	1	1	3	5.84300e+00	-2.30730e+00	3.11320e+00
7	0	2	1	1	3	5.84300e+00	-2.30730e+00	3.11320e+00
7	0	3	1	1	3	5.84300e+00	-2.30730e+00	3.11320e+00
7	0	4	1	1	3	5.84300e+00	-2.30730e+00	3.11320e+00
7	0	5	1	1	3	5.84300e+00	-2.30730e+00	3.11320e+00
7	0	6	1	1	3	1.41330e+01	-5.81170e+00	5.32680e+00
7	0	7	1	1	3	7.84850e+01	-2.02870e+01	1.69500e+01
7	0	8	1	1	3	2.20240e+02	-3.62440e+01	3.60080e+01
7	0	9	1	1	3	5.84300e+00	-2.30730e+00	3.11320e+00
7	0	10	1	1	3	5.84300e+00	-2.30730e+00	3.11320e+00
7	0	11	1	1	3	5.84300e+00	-2.30730e+00	3.11320e+00
7	0	12	1	1	3	5.84300e+00	-2.30730e+00	3.11320e+00
7	0	13	1	1	3	5.84300e+00	-2.30730e+00	3.11320e+00
7	0	14	1	1	3	5.84300e+00	-2.30730e+00	3.11320e+00
7	0	15	1	1	3	5.84300e+00	-2.30730e+00	3.11320e+00
7	0	16	1	1	3	5.84300e+00	-2.30730e+00	3.11320e+00
7	0	17	1	1	3	5.84300e+00	-2.30730e+00	3.11320e+00
7	0	18	1	1	3	5.84300e+00	-2.30730e+00	3.11320e+00
7	0	19	1	1	3	6.18741e-01	1.99860e-03	4.90831e-01
7	0	20	1	1	3	5.75901e-01	1.04210e-03	4.72509e-01
7	0	21	1	1	3	9.41046e-01	1.99890e-03	7.79357e-01
7	0	22	1	1	3	4.84266e-01	-1.95590e-03	3.99786e-01
7	0	23	1	1	3	8.97714e-01	1.99860e-03	7.56300e-01
#######################################################################
# BFT U                                                               #
#######################################################################
110	0	0	0	2	3	4.44021e-03	-6.18136e-01	1.58591e+01
110	0	1	0	2	3	6.55863e-05	-2.73814e-01	9.23153e+00
110	0	2	0	2	3	3.16882e-03	-5.15630e-01	1.35789e+01
110	0	3	0	2	3	5.04461e-03	-6.42033e-01	1.48073e+01
110	0	4	0	2	3	4.76736e-03	-6.28998e-01	1.59395e+01
110	0	5	0	2	3	3.55800e-03	-5.39192e-01	1.47514e+01
110	0	6	0	2	3	3.32515e-03	-5.32958e-01	1.36963e+01
110	0	7	0	2	3	4.30674e-03	-5.81803e-01	1.49890e+01
110	0	8	0	2	3	3.91934e-03	-5.70441e-01	1.44317e+01
110	0	9	0	2	3	5.05718e-03	-6.47075e-01	1.72140e+01
110	0	10	0	2	3	3.45263e-03	-5.40274e-01	1.31878e+01
110	0	11	0	2	3	2.69734e-03	-4.67090e-01	1.38490e+01
110	0	12	0	2	3	3.61722e-03	-5.42669e-01	1.33310e+01
110	0	13	0	2	3	4.06481e-03	-5.74479e-01	1.58708e+01
110	0	14	0	2	3	3.82216e-03	-5.55628e-01	1.33724e+01
110	0	15	0	2	3	4.41796e-03	-6.00175e-01	1.63129e+01
110	0	16	0	2	3	4.06821e-03	-5.75213e-01	1.37239e+01
110	0	17	0	2	3	3.65110e-03	-5.36051e-01	1.46431e+01
110	0	18	0	2	3	3.96075e-03	-5.77360e-01	1.38317e+01
110	0	19	0	2	3	4.38512e-03	-6.04367e-01	1.41114e+01
110	0	20	0	2	3	3.35945e-03	-5.20652e-01	1.31627e+01
110	0	21	0	2	3	2.60990e-03	-4.62959e-01	1.46922e+01
110	0	22	0	2	3	4.57484e-03	-6.17624e-01	1.49151e+01
110	0	23	0	2	3	4.32352e-03	-5.88855e-01	1.57335e+01
110	0	24	0	2	3	3.68330e-03	-5.49105e-01	1.40904e+01
110	0	25	0	2	3	4.29549e-03	-5.84023e-01	1.61239e+01
110	0	26	0	2	3	4.23738e-03	-5.96398e-01	1.56280e+01
110	0	27	0	2	3	4.87776e-03	-6.24619e-01	1.62188e+01
110	0	28	0	2	3	3.94366e-03	-5.62768e-01	1.23709e+01
110	0	29	0	2	3	3.98800e-03	-5.62359e-01	1.47182e+01
110	0	30	0	2	3	4.59190e-03	-6.17709e-01	1.47516e+01
110	0	31	0	2	3	3.83211e-03	-5.54980e-01	1.51029e+01
110	0	32	0	2	3	4.13352e-03	-5.87653e-01	1.45382e+01
110	0	33	0	2	3	4.27750e-03	-5.63357e-01	1.33571e+01
110	0	34	0	2	3	4.00725e-03	-5.73665e-01	1.39922e+01
110	0	35	0	2	3	4.69575e-03	-6.27970e-01	1.64908e+01
110	0	36	0	2	3	3.77997e-03	-5.48590e-01	1.33805e+01
110	0	37	0	2	3	4.12125e-03	-5.81783e-01	1.65446e+01
110	0	38	0	2	3	4.21944e-03	-5.83494e-01	1.35389e+01
110	0	39	0	2	3	4.58727e-03	-6.09967e-01	1.57250e+01
110	0	40	0	2	3	4.16275e-03	-5.74161e-01	1.36718e+01
110	0	41	0	2	3	3.97783e-03	-5.65712e-01	1.60458e+01
110	0	42	0	2	3	4.20342e-03	-5.81417e-01	1.44318e+01
110	0	43	0	2	3	4.79610e-03	-6.36672e-01	1.70240e+01
110	0	44	0	2	3	4.15183e-03	-5.81127e-01	1.40258e+01
110	0	45	0	2	3	4.46332e-03	-5.95659e-01	1.60502e+01
110	0	46	0	2	3	4.57637e-03	-6.25327e-01	1.51549e+01
110	0	47	0	2	3	4.95755e-03	-6.49413e-01	1.83322e+01
110	0	48	0	2	3	3.71110e-03	-5.46166e-01	1.23648e+01
110	0	49	0	2	3	4.81691e-03	-6.24971e-01	1.70548e+01
110	0	50	0	2	3	4.46501e-03	-6.05013e-01	1.48733e+01
110	0	51	0	2	3	4.38415e-03	-5.93651e-01	1.53811e+01
110	0	52	0	2	3	3.56493e-03	-5.37468e-01	1.28274e+01
110	0	53	0	2	3	4.55079e-03	-6.01657e-01	1.53714e+01
110	0	54	0	2	3	4.21092e-03	-5.89191e-01	1.42332e+01
110	0	55	0	2	3	4.85944e-03	-6.31021e-01	1.69970e+01
110	0	56	0	2	3	4.16043e-03	-5.91332e-01	1.52044e+01
110	0	57	0	2	3	4.41760e-03	-5.97363e-01	1.60217e+01
110	0	58	0	2	3	4.33966e-03	-5.98823e-01	1.54330e+01
110	0	59	0	2	3	4.30173e-03	-6.05538e-01	1.66022e+01
110	0	60	0	2	3	4.06604e-03	-5.81759e-01	1.37428e+01
110	0	61	0	2	3	3.61880e-03	-5.41109e-01	1.47600e+01
110	0	62	0	2	3	4.77828e-03	-6.25791e-01	1.46987e+01
110	0	63	0	2	3	4.21827e-03	-5.86538e-01	1.44823e+01
110	0	64	0	2	3	3.84798e-03	-5.67925e-01	1.41369e+01
110	0	65	0	2	3	4.09758e-03	-5.79086e-01	1.54167e+01
110	0	66	0	2	3	4.76904e-03	-6.44308e-01	1.67543e+01
110	0	67	0	2	3	3.88023e-03	-5.68315e-01	1.54782e+01
110	0	68	0	2	3	3.76999e-03	-5.70828e-01	1.47445e+01
110	0	69	0	2	3	4.07945e-03	-5.73872e-01	1.48083e+01
110	0	70	0	2	3	4.74642e-03	-6.46145e-01	1.50628e+01
110	0	71	0	2	3	4.67723e-03	-6.25536e-01	1.62097e+01
110	0	72	0	2	3	3.56225e-03	-5.51943e-01	1.32091e+01
110	0	73	0	2	3	4.60823e-03	-6.21883e-01	1.55493e+01
110	0	74	0	2	3	4.55551e-03	-6.28583e-01	1.56553e+01
110	0	75	0	2	3	4.62591e-03	-6.15938e-01	1.56242e+01
110	0	76	0	2	3	3.80445e-03	-5.62705e-01	1.34430e+01
110	0	77	0	2	3	3.77968e-03	-5.58412e-01	1.49852e+01
110	0	78	0	2	3	4.63819e-03	-6.32376e-01	1.50191e+01
110	0	79	0	2	3	4.34691e-03	-5.97303e-01	1.52532e+01
110	0	80	0	2	3	3.65127e-03	-5.53384e-01	1.43428e+01
110	0	81	0	2	3	4.07553e-03	-5.69253e-01	1.47240e+01
110	0	82	0	2	3	4.54243e-03	-6.15869e-01	1.49953e+01
110	0	83	0	2	3	4.25161e-03	-5.93227e-01	1.50870e+01
110	0	84	0	2	3	3.90246e-03	-5.68960e-01	1.40546e+01
110	0	85	0	2	3	3.56338e-03	-5.38717e-01	1.45804e+01
110	0	86	0	2	3	4.55080e-03	-6.33226e-01	1.51223e+01
110	0	87	0	2	3	4.33466e-03	-6.07843e-01	1.61821e+01
110	0	88	0	2	3	4.14022e-03	-5.80799e-01	1.45689e+01
110	0	89	0	2	3	4.29483e-03	-5.96343e-01	1.52352e+01
110	0	90	0	2	3	4.43126e-03	-6.12067e-01	1.43611e+01
110	0	91	0	2	3	4.19614e-03	-5.99016e-01	1.49228e+01
110	0	92	0	2	3	4.01146e-03	-5.90861e-01	1.48902e+01
110	0	93	0	2	3	4.14622e-03	-5.83084e-01	1.47018e+01
110	0	94	0	2	3	4.50648e-03	-6.37333e-01	1.67761e+01
110	0	95	0	2	3	4.39195e-03	-6.06786e-01	1.57979e+01
110	0	96	0	2	3	4.12047e-03	-5.97218e-01	1.45989e+01
110	0	97	0	2	3	4.26658e-03	-5.95612e-01	1.57603e+01
110	0	98	0	2	3	4.87395e-03	-6.51532e-01	1.55054e+01
110	0	99	0	2	3	4.75141e-03	-6.22413e-01	1.57711e+01
110	0	100	0	2	3	4.19660e-03	-5.97412e-01	1.51100e+01
110	0	101	0	2	3	3.63856e-03	-5.48455e-01	1.47865e+01
110	0	102	0	2	3	4.68746e-03	-6.33155e-01	1.59553e+01
110	0	103	0	2	3	4.80053e-03	-6.34958e-01	1.58625e+01
110	0	104	0	2	3	4.12931e-03	-5.89045e-01	1.40153e+01
110	0	105	0	2	3	4.18403e-03	-5.84697e-01	1.48263e+01
110	0	106	0	2	3	4.57413e-03	-6.24841e-01	1.57633e+01
110	0	107	0	2	3	4.75938e-03	-6.24522e-01	1.50286e+01
110	0	108	0	2	3	3.84447e-03	-5.73803e-01	1.46628e+01
110	0	109	0	2	3	4.03820e-03	-5.77986e-01	1.46613e+01
110	0	110	0	2	3	3.74599e-03	-5.65857e-01	1.44946e+01
110	0	111	0	2	3	4.72204e-03	-6.40232e-01	1.60137e+01
110	0	112	0	2	3	4.60158e-03	-6.17551e-01	1.40697e+01
110	0	113	0	2	3	4.74522e-03	-6.24592e-01	1.53971e+01
110	0	114	0	2	3	4.82054e-03	-6.50071e-01	1.62495e+01
110	0	115	0	2	3	4.64855e-03	-6.21428e-01	1.53862e+01
110	0	116	0	2	3	3.13496e-03	-5.21951e-01	1.33600e+01
110	0	117	0	2	3	4.39344e-03	-6.03333e-01	1.60693e+01
110	0	118	0	2	3	4.44504e-03	-6.22314e-01	1.58776e+01
110	0	119	0	2	3	5.10788e-03	-6.44520e-01	1.47933e+01
110	0	120	0	2	3	4.98816e-03	-6.63735e-01	1.60667e+01
110	0	121	0	2	3	4.48774e-03	-5.99522e-01	1.35235e+01
110	0	122	0	2	3	4.44277e-03	-6.32642e-01	1.68861e+01
110	0	123	0	2	3	4.98232e-03	-6.40112e-01	1.59093e+01
110	0	124	0	2	3	1.90837e-03	-4.07114e-01	1.15076e+01
110	0	125	0	2	3	5.66507e-03	-6.64745e-01	1.38343e+01
110	0	126	0	2	3	4.81760e-03	-6.33080e-01	1.52345e+01
110	0	127	0	2	3	2.72006e-03	-4.78767e-01	1.28188e+01
110	0	128	0	2	3	3.97211e-03	-6.07663e-01	1.61575e+01
110	0	129	0	2	3	4.58463e-03	-6.37600e-01	1.62159e+01
110	0	130	0	2	3	4.72278e-03	-6.66846e-01	1.74048e+01
110	0	131	0	2	3	3.67068e-03	-5.71162e-01	1.53107e+01
110	0	132	0	2	3	7.29088e-04	-3.43605e-01	1.12906e+01
110	0	133	0	2	3	4.60636e-03	-6.36229e-01	1.64638e+01
110	0	134	0	2	3	4.44856e-03	-6.41907e-01	1.66213e+01
110	0	135	0	2	3	2.26227e-03	-4.65610e-01	1.26925e+01
110	0	136	0	2	3	4.47682e-03	-6.26540e-01	1.54442e+01
110	0	137	0	2	3	3.88317e-03	-5.95442e-01	1.62242e+01
110	0	138	0	2	3	9.12094e-05	-3.24722e-01	1.12867e+01
110	0	139	0	2	3	3.94757e-03	-5.65866e-01	1.35028e+01
110	0	140	0	2	3	-4.50070e-03	1.52370e-02	5.34541e+00
110	0	141	0	2	3	2.40410e-03	-4.81345e-01	1.28918e+01
110	0	142	0	2	3	7.42328e-03	-8.49564e-01	2.01641e+01
110	0	143	0	2	3	6.65353e-03	-7.93719e-01	1.89114e+01
110	0	144	0	2	3	4.57428e-03	-6.36847e-01	1.54531e+01
110	0	145	0	2	3	4.39022e-03	-6.12603e-01	1.47070e+01
110	0	146	0	2	3	2.53850e-03	-4.94700e-01	1.37880e+01
110	0	147	0	2	3	7.45408e-03	-8.35780e-01	1.99776e+01
110	0	148	0	2	3	1.26950e-02	-1.27892e+00	2.83718e+01
110	0	149	0	2	3	-8.81539e-03	3.91917e-01	-3.02689e+00
110	0	150	0	2	3	-6.41979e-03	2.22663e-01	-7.60152e-02
110	0	151	0	2	3	4.26986e-03	-6.09828e-01	1.58387e+01
110	0	152	0	2	3	-1.27203e-03	-2.08448e-01	9.17193e+00
110	0	153	0	2	3	-1.00280e-04	-3.22586e-01	1.14548e+01
110	0	154	0	2	3	-1.27851e-03	-1.96641e-01	7.73715e+00
110	0	155	0	2	3	1.76232e-03	-4.26177e-01	1.08768e+01
110	0	156	0	2	3	-1.11538e-02	5.64536e-01	-6.11972e+00
110	0	157	0	2	3	-1.53168e-02	8.91343e-01	-1.23558e+01
110	0	158	0	2	3	-8.87942e-03	3.89336e-01	-3.36435e+00
110	0	159	0	2	3	-1.20875e-03	-1.98110e-01	7.90219e+00
#######################################################################
# BFT D                                                               #
#######################################################################
110	1	0	0	2	3	1.41962e-03	-3.90335e-01	1.31382e+01
110	1	1	0	2	3	2.93660e-03	-4.91650e-01	1.42827e+01
110	1	2	0	2	3	4.39852e-03	-6.12601e-01	1.62360e+01
110	1	3	0	2	3	3.45852e-03	-5.37964e-01	1.57318e+01
110	1	4	0	2	3	3.38281e-03	-5.34370e-01	1.47386e+01
110	1	5	0	2	3	3.64124e-03	-5.57346e-01	1.62912e+01
110	1	6	0	2	3	3.89874e-03	-5.78107e-01	1.45046e+01
110	1	7	0	2	3	3.37692e-03	-5.28866e-01	1.50639e+01
110	1	8	0	2	3	3.08177e-03	-5.20928e-01	1.49550e+01
110	1	9	0	2	3	3.29482e-03	-5.39946e-01	1.69837e+01
110	1	10	0	2	3	3.86306e-03	-5.73636e-01	1.55862e+01
110	1	11	0	2	3	4.58022e-03	-6.21650e-01	1.66311e+01
110	1	12	0	2	3	3.18211e-03	-5.29334e-01	1.42133e+01
110	1	13	0	2	3	3.29847e-03	-5.27078e-01	1.56740e+01
110	1	14	0	2	3	3.35323e-03	-5.41606e-01	1.41932e+01
110	1	15	0	2	3	3.44599e-03	-5.35081e-01	1.56769e+01
110	1	16	0	2	3	3.31692e-03	-5.37588e-01	1.44455e+01
110	1	17	0	2	3	3.64998e-03	-5.47573e-01	1.51199e+01
110	1	18	0	2	3	4.21229e-03	-5.98506e-01	1.48561e+01
110	1	19	0	2	3	4.28193e-03	-6.00436e-01	1.65165e+01
110	1	20	0	2	3	3.51655e-03	-5.58682e-01	1.52333e+01
110	1	21	0	2	3	3.24866e-03	-5.27426e-01	1.62181e+01
110	1	22	0	2	3	4.63599e-03	-6.19141e-01	1.55966e+01
110	1	23	0	2	3	3.98303e-03	-5.68056e-01	1.60280e+01
110	1	24	0	2	3	3.87590e-03	-5.75066e-01	1.59430e+01
110	1	25	0	2	3	3.51996e-03	-5.34426e-01	1.55089e+01
110	1	26	0	2	3	4.33981e-03	-6.11582e-01	1.55076e+01
110	1	27	0	2	3	4.37029e-03	-6.03079e-01	1.75791e+01
110	1	28	0	2	3	3.85330e-03	-5.74306e-01	1.58223e+01
110	1	29	0	2	3	3.80026e-03	-5.61277e-01	1.62491e+01
110	1	30	0	2	3	4.61880e-03	-6.29986e-01	1.61125e+01
110	1	31	0	2	3	4.25723e-03	-6.03652e-01	1.72242e+01
110	1	32	0	2	3	3.63476e-03	-5.61873e-01	1.61626e+01
110	1	33	0	2	3	3.37332e-03	-5.37534e-01	1.48345e+01
110	1	34	0	2	3	4.17626e-03	-5.88356e-01	1.48074e+01
110	1	35	0	2	3	4.30275e-03	-6.11556e-01	1.74090e+01
110	1	36	0	2	3	3.68218e-03	-5.51923e-01	1.53719e+01
110	1	37	0	2	3	3.76094e-03	-5.56078e-01	1.43095e+01
110	1	38	0	2	3	3.82699e-03	-5.67538e-01	1.58973e+01
110	1	39	0	2	3	4.10404e-03	-5.76936e-01	1.56138e+01
110	1	40	0	2	3	3.97820e-03	-5.73838e-01	1.46314e+01
110	1	41	0	2	3	3.99584e-03	-5.71008e-01	1.59585e+01
110	1	42	0	2	3	3.77826e-03	-5.57224e-01	1.48557e+01
110	1	43	0	2	3	3.63497e-03	-5.48564e-01	1.63858e+01
110	1	44	0	2	3	3.84974e-03	-5.73578e-01	1.48556e+01
110	1	45	0	2	3	3.67591e-03	-5.53958e-01	1.59754e+01
110	1	46	0	2	3	3.87289e-03	-5.76453e-01	1.48750e+01
110	1	47	0	2	3	4.16121e-03	-6.05996e-01	1.78463e+01
110	1	48	0	2	3	3.71737e-03	-5.56993e-01	1.51489e+01
110	1	49	0	2	3	3.87618e-03	-5.62484e-01	1.62895e+01
110	1	50	0	2	3	4.21308e-03	-5.95446e-01	1.48340e+01
110	1	51	0	2	3	4.28547e-03	-5.98991e-01	1.66948e+01
110	1	52	0	2	3	4.07263e-03	-5.95627e-01	1.51786e+01
110	1	53	0	2	3	3.58041e-03	-5.45353e-01	1.59872e+01
110	1	54	0	2	3	4.21191e-03	-6.04427e-01	1.62732e+01
110	1	55	0	2	3	4.13425e-03	-5.88814e-01	1.66323e+01
110	1	56	0	2	3	3.95326e-03	-5.90930e-01	1.51476e+01
110	1	57	0	2	3	3.81528e-03	-5.66089e-01	1.59442e+01
110	1	58	0	2	3	4.11725e-03	-6.06257e-01	1.73840e+01
110	1	59	0	2	3	4.30436e-03	-6.12538e-01	1.81197e+01
110	1	60	0	2	3	4.10760e-03	-5.93758e-01	1.59070e+01
110	1	61	0	2	3	4.41908e-03	-5.96202e-01	1.59252e+01
110	1	62	0	2	3	3.91053e-03	-5.74901e-01	1.44763e+01
110	1	63	0	2	3	4.51908e-03	-6.17616e-01	1.71615e+01
110	1	64	0	2	3	4.02741e-03	-5.90615e-01	1.62403e+01
110	1	65	0	2	3	4.17248e-03	-5.92464e-01	1.60345e+01
110	1	66	0	2	3	4.94719e-03	-6.60846e-01	1.61685e+01
110	1	67	0	2	3	4.27900e-03	-6.03929e-01	1.53621e+01
110	1	68	0	2	3	3.51487e-03	-5.41523e-01	1.36756e+01
110	1	69	0	2	3	4.14667e-03	-5.91591e-01	1.61102e+01
110	1	70	0	2	3	4.48348e-03	-6.21295e-01	1.65265e+01
110	1	71	0	2	3	4.26047e-03	-6.08654e-01	1.66863e+01
110	1	72	0	2	3	3.74579e-03	-5.64236e-01	1.50119e+01
110	1	73	0	2	3	4.22240e-03	-6.04488e-01	1.71187e+01
110	1	74	0	2	3	4.54859e-03	-6.19580e-01	1.50964e+01
110	1	75	0	2	3	4.36078e-03	-6.09916e-01	1.60396e+01
110	1	76	0	2	3	3.67566e-03	-5.57949e-01	1.47015e+01
110	1	77	0	2	3	4.12841e-03	-5.93247e-01	1.57621e+01
110	1	78	0	2	3	4.05704e-03	-5.91659e-01	1.46901e+01
110	1	79	0	2	3	4.35302e-03	-6.05905e-01	1.58651e+01
110	1	80	0	2	3	4.08538e-03	-5.81108e-01	1.49033e+01
110	1	81	0	2	3	3.85475e-03	-5.67234e-01	1.44799e+01
110	1	82	0	2	3	4.83043e-03	-6.43158e-01	1.70151e+01
110	1	83	0	2	3	4.33260e-03	-5.93945e-01	1.52110e+01
110	1	84	0	2	3	3.44467e-03	-5.35303e-01	1.36868e+01
110	1	85	0	2	3	3.92986e-03	-5.73375e-01	1.48768e+01
110	1	86	0	2	3	4.24305e-03	-6.01217e-01	1.60272e+01
110	1	87	0	2	3	3.99655e-03	-5.74084e-01	1.36454e+01
110	1	88	0	2	3	4.01893e-03	-5.88199e-01	1.56469e+01
110	1	89	0	2	3	3.87441e-03	-5.74672e-01	1.45916e+01
110	1	90	0	2	3	3.77473e-03	-5.67143e-01	1.43454e+01
110	1	91	0	2	3	4.34442e-03	-5.99376e-01	1.57973e+01
110	1	92	0	2	3	3.90901e-03	-5.69295e-01	1.47566e+01
110	1	93	0	2	3	3.88299e-03	-5.70801e-01	1.50271e+01
110	1	94	0	2	3	4.19296e-03	-6.00622e-01	1.61185e+01
110	1	95	0	2	3	3.84663e-03	-5.74187e-01	1.48084e+01
110	1	96	0	2	3	3.65111e-03	-5.53884e-01	1.41848e+01
110	1	97	0	2	3	3.91154e-03	-5.70920e-01	1.54037e+01
110	1	98	0	2	3	4.46664e-03	-6.33408e-01	1.70358e+01
110	1	99	0	2	3	4.15120e-03	-5.90717e-01	1.51214e+01
110	1	100	0	2	3	3.64438e-03	-5.43232e-01	1.44527e+01
110	1	101	0	2	3	3.64468e-03	-5.53016e-01	1.49891e+01
110	1	102	0	2	3	4.26301e-03	-6.09294e-01	1.57123e+01
110	1	103	0	2	3	4.46080e-03	-6.12134e-01	1.53916e+01
110	1	104	0	2	3	3.88011e-03	-5.74658e-01	1.51132e+01
110	1	105	0	2	3	4.42187e-03	-6.06996e-01	1.56649e+01
110	1	106	0	2	3	4.20929e-03	-6.03582e-01	1.64035e+01
110	1	107	0	2	3	4.71165e-03	-6.31140e-01	1.58778e+01
110	1	108	0	2	3	3.88949e-03	-5.76277e-01	1.58918e+01
110	1	109	0	2	3	4.11415e-03	-5.88255e-01	1.58953e+01
110	1	110	0	2	3	4.78856e-03	-6.44502e-01	1.63182e+01
110	1	111	0	2	3	4.10063e-03	-5.97847e-01	1.67145e+01
110	1	112	0	2	3	3.73487e-03	-5.65748e-01	1.47809e+01
110	1	113	0	2	3	3.84626e-03	-5.64187e-01	1.49335e+01
110	1	114	0	2	3	4.20744e-03	-5.99601e-01	1.50707e+01
110	1	115	0	2	3	4.86321e-03	-6.42708e-01	1.61212e+01
110	1	116	0	2	3	4.22186e-03	-6.00048e-01	1.55331e+01
110	1	117	0	2	3	4.26066e-03	-5.94977e-01	1.54267e+01
110	1	118	0	2	3	5.04710e-03	-6.49049e-01	1.53442e+01
110	1	119	0	2	3	5.18004e-03	-6.58774e-01	1.66399e+01
110	1	120	0	2	3	4.34570e-03	-6.05613e-01	1.52748e+01
110	1	121	0	2	3	4.17489e-03	-5.90457e-01	1.52030e+01
110	1	122	0	2	3	4.40476e-03	-6.17899e-01	1.69115e+01
110	1	123	0	2	3	3.37426e-03	-5.54756e-01	1.64423e+01
110	1	124	0	2	3	3.99153e-03	-5.76115e-01	1.44099e+01
110	1	125	0	2	3	4.25103e-03	-6.10233e-01	1.61179e+01
110	1	126	0	2	3	3.12064e-03	-5.12361e-01	1.38523e+01
110	1	127	0	2	3	3.60374e-03	-5.56286e-01	1.48655e+01
110	1	128	0	2	3	3.10715e-03	-5.43548e-01	1.52987e+01
110	1	129	0	2	3	4.29086e-03	-6.29990e-01	1.68494e+01
110	1	130	0	2	3	3.90594e-03	-5.93444e-01	1.51940e+01
110	1	131	0	2	3	4.41132e-03	-6.15677e-01	1.58394e+01
110	1	132	0	2	3	4.72294e-03	-6.51086e-01	1.72230e+01
110	1	133	0	2	3	4.37627e-03	-6.20950e-01	1.59130e+01
110	1	134	0	2	3	4.91472e-03	-6.78043e-01	1.78826e+01
110	1	135	0	2	3	3.92379e-03	-5.73514e-01	1.51887e+01
110	1	136	0	2	3	4.59887e-03	-6.55834e-01	1.78495e+01
110	1	137	0	2	3	6.05271e-03	-7.42484e-01	1.84236e+01
110	1	138	0	2	3	3.85927e-03	-5.80283e-01	1.51907e+01
110	1	139	0	2	3	3.74490e-03	-5.64258e-01	1.52540e+01
110	1	140	0	2	3	4.11778e-03	-6.13163e-01	1.59027e+01
110	1	141	0	2	3	3.27257e-03	-5.41951e-01	1.43857e+01
110	1	142	0	2	3	5.36848e-03	-6.89668e-01	1.68230e+01
110	1	143	0	2	3	3.87762e-03	-5.76842e-01	1.55993e+01
110	1	144	0	2	3	5.50377e-03	-7.08717e-01	1.87892e+01
110	1	145	0	2	3	2.22934e-03	-4.42622e-01	1.25511e+01
110	1	146	0	2	3	4.89903e-03	-6.76855e-01	1.72934e+01
110	1	147	0	2	3	3.00560e-03	-4.99854e-01	1.27709e+01
110	1	148	0	2	3	5.84727e-03	-7.17296e-01	1.69814e+01
110	1	149	0	2	3	8.43406e-03	-8.98371e-01	2.11433e+01
110	1	150	0	2	3	3.86196e-03	-5.75031e-01	1.55053e+01
110	1	151	0	2	3	3.31015e-03	-5.44691e-01	1.46488e+01
110	1	152	0	2	3	-2.49957e-03	-9.01780e-02	6.95194e+00
110	1	153	0	2	3	3.01731e-03	-5.37959e-01	1.59632e+01
110	1	154	0	2	3	5.45937e-03	-6.95307e-01	1.76478e+01
110	1	155	0	2	3	4.93577e-03	-6.60055e-01	1.56014e+01
110	1	156	0	2	3	4.65968e-03	-6.44935e-01	1.68597e+01
110	1	157	0	2	3	5.29298e-03	-6.89367e-01	1.81424e+01
110	1	158	0	2	3	-6.68436e-04	-2.56453e-01	1.03608e+01
110	1	159	0	2	3	3.47940e-03	-5.40429e-01	1.54287e+01
