##
#  file: HodoPHCParam_Dummy
#  date: 2016.06.15
#  note: first version
#
#
#######################################################################
# CId	PlId	Seg	UorD	Type	nParam	p0	p1	...
#
#	Type=0 no correction will be performed
#	Type=1 ct=t-p[0]/sqrt(a-p[1])+p[2]
#	Type=2 ct=p[0]*a*a + p[1]*a + p[2] for Fiber
#
#######################################################################
# BH1 Up                                                              #
#######################################################################
1	0	0	0	1	3	5.08705e+00	-1.98362e+00	2.93454e+00
1	0	1	0	1	3	6.69706e-01	2.91546e-01	8.10244e-01
1	0	2	0	1	3	5.01779e-01	3.94271e-01	6.64278e-01
1	0	3	0	1	3	7.45330e-01	1.66754e-01	8.56036e-01
1	0	4	0	1	3	8.52890e-01	8.60054e-02	9.27134e-01
1	0	5	0	1	3	1.69981e+00	-1.50393e-01	1.62794e+00
1	0	6	0	1	3	1.58582e+00	-2.35346e-01	1.46587e+00
1	0	7	0	1	3	1.61970e+00	-1.46184e-01	1.54504e+00
1	0	8	0	1	3	1.37546e+00	-2.52696e-01	1.28233e+00
1	0	9	0	1	3	1.74814e+00	-2.76223e-01	1.64100e+00
1	0	10	0	1	3	1.60339e+01	-4.62629e+00	6.81205e+00
#######################################################################
# BH1 Down                                                            #
#######################################################################
1	0	0	1	1	3	1.33519e+00	-9.13138e-02	1.27257e+00
1	0	1	1	1	3	6.24909e-01	2.88647e-01	7.65429e-01
1	0	2	1	1	3	6.68954e-01	2.21542e-01	7.45264e-01
1	0	3	1	1	3	1.32364e+00	-4.57464e-01	1.08318e+00
1	0	4	1	1	3	1.18002e+00	-7.91080e-02	1.17008e+00
1	0	5	1	1	3	2.07299e+00	-4.79828e-01	1.70935e+00
1	0	6	1	1	3	1.96000e+00	-5.20196e-01	1.63958e+00
1	0	7	1	1	3	1.89852e+00	-4.50289e-01	1.60743e+00
1	0	8	1	1	3	1.02469e+00	-6.73213e-02	1.04734e+00
1	0	9	1	1	3	1.64894e+00	-1.85977e-01	1.61292e+00
1	0	10	1	1	3	7.15603e-01	2.22738e-01	8.54972e-01
#######################################################################
# BH2 Up                                                              #
#######################################################################
2	0	0	0	1	3	1.43047e-01	2.98695e-01	2.00085e-01
2	0	1	0	1	3	8.79554e-01	-2.31747e-01	7.85839e-01
2	0	2	0	1	3	5.94572e-01	-4.97541e-01	4.68956e-01
2	0	3	0	1	3	1.91725e-01	3.94747e-02	1.91115e-01
2	0	4	0	1	3	3.31184e-01	-9.38469e-02	3.15823e-01
2	0	5	0	1	3	1.99769e-01	2.70254e-01	2.37321e-01
2	0	6	0	1	3	2.58948e-01	2.41832e-01	3.10133e-01
2	0	7	0	1	3	3.50426e-01	8.80094e-02	3.70898e-01
#######################################################################
# BH2 Down                                                            #
#######################################################################
2	0	0	1	1	3	3.94607e-01	-1.85207e-01	3.84440e-01
2	0	1	1	1	3	9.92155e-01	-3.85817e-01	8.32122e-01
2	0	2	1	1	3	4.10986e-01	-9.27803e-02	3.90143e-01
2	0	3	1	1	3	1.76416e-01	4.84160e-02	1.75490e-01
2	0	4	1	1	3	2.42956e-01	1.23979e-01	2.64593e-01
2	0	5	1	1	3	3.57967e-01	4.32013e-02	3.63973e-01
2	0	6	1	1	3	1.22093e+00	-6.67168e-01	9.30075e-01
2	0	7	1	1	3	2.92156e-01	-4.36810e-03	2.98702e-01
#######################################################################
# BAC                                                                 #
#######################################################################
3	0	0	0	1	3	0.00000e+00	0.00000e+00	0.00000e+00
3	0	1	0	1	3	0.00000e+00	0.00000e+00	0.00000e+00
#######################################################################
# FBH Up                                                              #
#######################################################################
4	0	0	0	2	3	-5.62952e-03	8.96903e-01	-3.53273e+01
4	0	1	0	2	3	-4.29399e-03	7.37975e-01	-3.00049e+01
4	0	2	0	2	3	-5.26894e-03	8.67305e-01	-3.38992e+01
4	0	3	0	2	3	-3.80183e-03	6.69237e-01	-2.72260e+01
4	0	4	0	2	3	-4.35014e-03	7.35785e-01	-2.92008e+01
4	0	5	0	2	3	-4.02541e-03	6.86907e-01	-2.70312e+01
4	0	6	0	2	3	-4.16660e-03	7.08229e-01	-2.81512e+01
4	0	7	0	2	3	-3.93117e-03	6.84759e-01	-2.69101e+01
4	0	8	0	2	3	-4.14423e-03	6.96902e-01	-2.65883e+01
4	0	9	0	2	3	-2.83372e-03	5.62925e-01	-2.20787e+01
4	0	10	0	2	3	-4.07944e-03	7.09420e-01	-2.75603e+01
4	0	11	0	2	3	-3.50961e-03	6.50113e-01	-2.64167e+01
4	0	12	0	2	3	-3.52415e-03	6.49734e-01	-2.67232e+01
4	0	13	0	2	3	-4.13420e-03	7.26957e-01	-2.99675e+01
4	0	14	0	2	3	-4.90315e-03	8.27563e-01	-3.35630e+01
4	0	15	0	2	3	-4.73048e-03	8.13189e-01	-3.31901e+01
#######################################################################
# FBH Down                                                            #
#######################################################################
4	0	0	1	2	3	-5.62952e-03	8.96903e-01	-3.53273e+01
4	0	1	1	2	3	-4.29399e-03	7.37975e-01	-3.00049e+01
4	0	2	1	2	3	-5.26894e-03	8.67305e-01	-3.38992e+01
4	0	3	1	2	3	-3.80183e-03	6.69237e-01	-2.72260e+01
4	0	4	1	2	3	-4.35014e-03	7.35785e-01	-2.92008e+01
4	0	5	1	2	3	-4.02541e-03	6.86907e-01	-2.70312e+01
4	0	6	1	2	3	-4.16660e-03	7.08229e-01	-2.81512e+01
4	0	7	1	2	3	-3.93117e-03	6.84759e-01	-2.69101e+01
4	0	8	1	2	3	-4.14423e-03	6.96902e-01	-2.65883e+01
4	0	9	1	2	3	-2.83372e-03	5.62925e-01	-2.20787e+01
4	0	10	1	2	3	-4.07944e-03	7.09420e-01	-2.75603e+01
4	0	11	1	2	3	-3.50961e-03	6.50113e-01	-2.64167e+01
4	0	12	1	2	3	-3.52415e-03	6.49734e-01	-2.67232e+01
4	0	13	1	2	3	-4.13420e-03	7.26957e-01	-2.99675e+01
4	0	14	1	2	3	-4.90315e-03	8.27563e-01	-3.35630e+01
4	0	15	1	2	3	-4.73048e-03	8.13189e-01	-3.31901e+01
#######################################################################
# PVAC                                                                #
#######################################################################
5	0	0	0	1	3	0.00000e+00	0.00000e+00	0.00000e+00
#######################################################################
# FAC                                                                 #
#######################################################################
6	0	0	0	1	3	0.00000e+00	0.00000e+00	0.00000e+00
#######################################################################
# SCH                                                                 #
#######################################################################
#7	0	0	0	2	3	-0.00500000	0.821213	-32.185321
#7	0	1	0	2	3	-0.00500000	0.830248	-32.269563
#7	0	2	0	2	3	-0.00500000	0.793073	-29.315934
#7	0	3	0	2	3	-0.00500000	0.772144	-28.276705
#7	0	4	0	2	3	-0.00500000	0.801968	-30.687167
#7	0	5	0	2	3	-0.00500000	0.778300	-28.439251
#7	0	6	0	2	3	-0.00500000	0.765872	-27.918181
#7	0	7	0	2	3	-0.00500000	0.738459	-26.016797
#7	0	8	0	2	3	-0.00500000	0.778318	-28.676371
#7	0	9	0	2	3	-0.00500000	0.776670	-28.892887
#7	0	10	0	2	3	-0.00500000	0.764278	-28.122474
#7	0	11	0	2	3	-0.00500000	0.790742	-29.423647
#7	0	12	0	2	3	-0.00500000	0.811330	-30.487019
#7	0	13	0	2	3	-0.00500000	0.818750	-30.891512
#7	0	14	0	2	3	-0.00500000	0.802541	-30.009136
#7	0	15	0	2	3	-0.00500000	0.809525	-30.751746
#7	0	16	0	2	3	-0.00500000	0.802597	-30.845509
#7	0	17	0	2	3	-0.00500000	0.835028	-32.780792
#7	0	18	0	2	3	-0.00500000	0.859176	-33.938731
#7	0	19	0	2	3	-0.00500000	0.814851	-31.445396
#7	0	20	0	2	3	-0.00500000	0.809426	-30.781087
#7	0	21	0	2	3	-0.00500000	0.780678	-28.888756
#7	0	22	0	2	3	-0.00500000	0.808206	-30.719604
#7	0	23	0	2	3	-0.00500000	0.774024	-27.858339
#7	0	24	0	2	3	-0.00500000	0.794308	-29.022101
#7	0	25	0	2	3	-0.00500000	0.775649	-27.980186
#7	0	26	0	2	3	-0.00500000	0.788483	-28.687567
#7	0	27	0	2	3	-0.00466315	0.771386	-29.253260
#7	0	28	0	2	3	-0.00483132	0.790854	-28.637741
#7	0	29	0	2	3	-0.00497049	0.812994	-30.786914
#7	0	30	0	2	3	-0.00500000	0.787793	-28.362716
#7	0	31	0	2	3	-0.00500000	0.790759	-28.876812
#7	0	32	0	2	3	-0.00500000	0.824826	-31.655285
#7	0	33	0	2	3	-0.00500000	0.845304	-33.407765
#7	0	34	0	2	3	-0.00500000	0.832263	-32.939799
#7	0	35	0	2	3	-0.00500000	0.820631	-31.695372
#7	0	36	0	2	3	-0.00500000	0.836997	-33.200590
#7	0	37	0	2	3	-0.00500000	0.819690	-32.097193
#7	0	38	0	2	3	-0.00500000	0.808109	-31.263214
#7	0	39	0	2	3	-0.00500000	0.815224	-31.135523
#7	0	40	0	2	3	-0.00500000	0.803398	-29.897923
#7	0	41	0	2	3	-0.00500000	0.815685	-31.165519
#7	0	42	0	2	3	-0.00500000	0.812980	-30.737261
#7	0	43	0	2	3	-0.00500000	0.829418	-32.693307
#7	0	44	0	2	3	-0.00500000	0.789530	-29.464920
#7	0	45	0	2	3	-0.00500000	0.804789	-31.208151
#7	0	46	0	2	3	-0.00500000	0.830106	-32.806514
#7	0	47	0	2	3	-0.00500000	0.819206	-31.373242
#7	0	48	0	2	3	-0.00500000	0.816165	-31.709319
#7	0	49	0	2	3	-0.00500000	0.798496	-30.201709
#7	0	50	0	2	3	-0.00500000	0.812167	-31.795745
#7	0	51	0	2	3	-0.00500000	0.810749	-31.375226
#7	0	52	0	2	3	-0.00500000	0.803385	-31.372512
#7	0	53	0	2	3	-0.00500000	0.777405	-29.262831
#7	0	54	0	2	3	-0.00500000	0.783954	-29.763410
#7	0	55	0	2	3	-0.00500000	0.789443	-29.976449
#7	0	56	0	2	3	-0.00500000	0.838828	-33.261086
#7	0	57	0	2	3	-0.00500000	0.804421	-30.573195
#7	0	58	0	2	3	-0.00500000	0.773283	-29.111048
#7	0	59	0	2	3	-0.00500000	0.811789	-31.449459
#7	0	60	0	2	3	-0.00500000	0.759724	-28.110014
#7	0	61	0	2	3	-0.00500000	0.810884	-31.379063
#7	0	62	0	2	3	-0.00500000	0.771910	-28.435006
#7	0	63	0	2	3	-0.00500000	0.796658	-30.511906
#######################################################################
# TOF Up                                                              #
#######################################################################
7	0	0	0	1	3	5.24830e+00	-1.96630e+00	2.96170e+00
7	0	1	0	1	3	5.24830e+00	-1.96630e+00	2.96170e+00
7	0	2	0	1	3	5.24830e+00	-1.96630e+00	2.96170e+00
7	0	3	0	1	3	5.24830e+00	-1.96630e+00	2.96170e+00
7	0	4	0	1	3	5.24830e+00	-1.96630e+00	2.96170e+00
7	0	5	0	1	3	5.24830e+00	-1.96630e+00	2.96170e+00
7	0	6	0	1	3	6.97090e+00	-3.03520e+00	3.39910e+00
7	0	7	0	1	3	4.05450e+00	-1.96150e+00	2.30360e+00
7	0	8	0	1	3	1.16940e+02	-2.98600e+01	2.09880e+01
7	0	9	0	1	3	5.24830e+00	-1.96630e+00	2.96170e+00
7	0	10	0	1	3	5.24830e+00	-1.96630e+00	2.96170e+00
7	0	11	0	1	3	5.24830e+00	-1.96630e+00	2.96170e+00
7	0	12	0	1	3	5.24830e+00	-1.96630e+00	2.96170e+00
7	0	13	0	1	3	5.24830e+00	-1.96630e+00	2.96170e+00
7	0	14	0	1	3	5.24830e+00	-1.96630e+00	2.96170e+00
7	0	15	0	1	3	5.24830e+00	-1.96630e+00	2.96170e+00
7	0	16	0	1	3	5.24830e+00	-1.96630e+00	2.96170e+00
7	0	17	0	1	3	5.24830e+00	-1.96630e+00	2.96170e+00
7	0	18	0	1	3	5.24830e+00	-1.96630e+00	2.96170e+00
7	0	19	0	1	3	7.11491e-01	1.85180e-03	5.82402e-01
7	0	20	0	1	3	5.59404e-01	-1.73810e-03	4.50716e-01
7	0	21	0	1	3	8.92499e-01	1.99900e-03	7.37364e-01
7	0	22	0	1	3	6.37553e-01	1.99960e-03	5.45449e-01
7	0	23	0	1	3	1.19210e+00	1.98920e-03	9.99994e-01
#######################################################################
# TOF Down                                                            #
#######################################################################
7	0	0	1	1	3	5.84300e+00	-2.30730e+00	3.11320e+00
7	0	1	1	1	3	5.84300e+00	-2.30730e+00	3.11320e+00
7	0	2	1	1	3	5.84300e+00	-2.30730e+00	3.11320e+00
7	0	3	1	1	3	5.84300e+00	-2.30730e+00	3.11320e+00
7	0	4	1	1	3	5.84300e+00	-2.30730e+00	3.11320e+00
7	0	5	1	1	3	5.84300e+00	-2.30730e+00	3.11320e+00
7	0	6	1	1	3	1.41330e+01	-5.81170e+00	5.32680e+00
7	0	7	1	1	3	7.84850e+01	-2.02870e+01	1.69500e+01
7	0	8	1	1	3	2.20240e+02	-3.62440e+01	3.60080e+01
7	0	9	1	1	3	5.84300e+00	-2.30730e+00	3.11320e+00
7	0	10	1	1	3	5.84300e+00	-2.30730e+00	3.11320e+00
7	0	11	1	1	3	5.84300e+00	-2.30730e+00	3.11320e+00
7	0	12	1	1	3	5.84300e+00	-2.30730e+00	3.11320e+00
7	0	13	1	1	3	5.84300e+00	-2.30730e+00	3.11320e+00
7	0	14	1	1	3	5.84300e+00	-2.30730e+00	3.11320e+00
7	0	15	1	1	3	5.84300e+00	-2.30730e+00	3.11320e+00
7	0	16	1	1	3	5.84300e+00	-2.30730e+00	3.11320e+00
7	0	17	1	1	3	5.84300e+00	-2.30730e+00	3.11320e+00
7	0	18	1	1	3	5.84300e+00	-2.30730e+00	3.11320e+00
7	0	19	1	1	3	6.18741e-01	1.99860e-03	4.90831e-01
7	0	20	1	1	3	5.75901e-01	1.04210e-03	4.72509e-01
7	0	21	1	1	3	9.41046e-01	1.99890e-03	7.79357e-01
7	0	22	1	1	3	4.84266e-01	-1.95590e-03	3.99786e-01
7	0	23	1	1	3	8.97714e-01	1.99860e-03	7.56300e-01
#######################################################################
# BFT U                                                               #
#######################################################################
110	0	0	0	2	3	-3.54509e-03	-4.85704e-02	6.32596e+00
110	0	1	0	2	3	2.97025e-03	-4.86453e-01	1.34203e+01
110	0	2	0	2	3	4.07852e-03	-5.84673e-01	1.52416e+01
110	0	3	0	2	3	4.05433e-03	-5.80630e-01	1.42206e+01
110	0	4	0	2	3	4.11430e-03	-5.81169e-01	1.54690e+01
110	0	5	0	2	3	3.58673e-03	-5.24472e-01	1.45245e+01
110	0	6	0	2	3	3.78641e-03	-5.61851e-01	1.44513e+01
110	0	7	0	2	3	4.25768e-03	-5.81758e-01	1.54030e+01
110	0	8	0	2	3	3.10878e-03	-5.17450e-01	1.39738e+01
110	0	9	0	2	3	4.78658e-03	-6.21141e-01	1.69802e+01
110	0	10	0	2	3	3.21989e-03	-5.20976e-01	1.31720e+01
110	0	11	0	2	3	4.80997e-03	-6.24069e-01	1.70593e+01
110	0	12	0	2	3	2.73786e-03	-4.87284e-01	1.28843e+01
110	0	13	0	2	3	4.86588e-03	-6.28848e-01	1.70819e+01
110	0	14	0	2	3	3.65261e-03	-5.52619e-01	1.38466e+01
110	0	15	0	2	3	4.22121e-03	-5.91722e-01	1.66394e+01
110	0	16	0	2	3	3.69924e-03	-5.49450e-01	1.36060e+01
110	0	17	0	2	3	4.11896e-03	-5.72289e-01	1.56938e+01
110	0	18	0	2	3	4.67094e-03	-6.18433e-01	1.47431e+01
110	0	19	0	2	3	4.54328e-03	-6.10608e-01	1.45058e+01
110	0	20	0	2	3	3.72338e-03	-5.50132e-01	1.41093e+01
110	0	21	0	2	3	4.12306e-03	-5.84029e-01	1.74321e+01
110	0	22	0	2	3	4.27725e-03	-5.95928e-01	1.48725e+01
110	0	23	0	2	3	4.43334e-03	-5.96514e-01	1.62086e+01
110	0	24	0	2	3	4.26713e-03	-5.86619e-01	1.50162e+01
110	0	25	0	2	3	4.07574e-03	-5.64121e-01	1.60591e+01
110	0	26	0	2	3	4.15473e-03	-5.91655e-01	1.59440e+01
110	0	27	0	2	3	3.99939e-03	-5.59052e-01	1.53365e+01
110	0	28	0	2	3	3.93481e-03	-5.65322e-01	1.28282e+01
110	0	29	0	2	3	4.32921e-03	-5.80836e-01	1.52714e+01
110	0	30	0	2	3	4.68042e-03	-6.26155e-01	1.52859e+01
110	0	31	0	2	3	4.13275e-03	-5.78221e-01	1.58925e+01
110	0	32	0	2	3	3.78244e-03	-5.67661e-01	1.46418e+01
110	0	33	0	2	3	4.63424e-03	-5.89937e-01	1.41848e+01
110	0	34	0	2	3	4.04890e-03	-5.76258e-01	1.43896e+01
110	0	35	0	2	3	4.69271e-03	-6.26145e-01	1.67851e+01
110	0	36	0	2	3	3.65279e-03	-5.40485e-01	1.36103e+01
110	0	37	0	2	3	4.44960e-03	-6.00936e-01	1.71320e+01
110	0	38	0	2	3	4.09554e-03	-5.74654e-01	1.37464e+01
110	0	39	0	2	3	4.66370e-03	-6.16149e-01	1.61969e+01
110	0	40	0	2	3	3.78026e-03	-5.49545e-01	1.36630e+01
110	0	41	0	2	3	3.92851e-03	-5.60564e-01	1.62793e+01
110	0	42	0	2	3	4.31052e-03	-5.89420e-01	1.49376e+01
110	0	43	0	2	3	4.77977e-03	-6.30743e-01	1.71690e+01
110	0	44	0	2	3	3.95055e-03	-5.69660e-01	1.42214e+01
110	0	45	0	2	3	4.45364e-03	-5.93138e-01	1.63090e+01
110	0	46	0	2	3	4.50497e-03	-6.17860e-01	1.53283e+01
110	0	47	0	2	3	4.63128e-03	-6.21351e-01	1.80650e+01
110	0	48	0	2	3	3.91753e-03	-5.58910e-01	1.29086e+01
110	0	49	0	2	3	4.07960e-03	-5.70534e-01	1.64263e+01
110	0	50	0	2	3	4.43108e-03	-6.02162e-01	1.51549e+01
110	0	51	0	2	3	4.61712e-03	-6.09973e-01	1.59990e+01
110	0	52	0	2	3	3.63547e-03	-5.39346e-01	1.31541e+01
110	0	53	0	2	3	4.31440e-03	-5.84561e-01	1.54186e+01
110	0	54	0	2	3	4.37305e-03	-6.00028e-01	1.47648e+01
110	0	55	0	2	3	4.61438e-03	-6.12805e-01	1.70108e+01
110	0	56	0	2	3	3.85737e-03	-5.74253e-01	1.53571e+01
110	0	57	0	2	3	4.41461e-03	-5.95118e-01	1.62894e+01
110	0	58	0	2	3	4.10508e-03	-5.83054e-01	1.55203e+01
110	0	59	0	2	3	4.65086e-03	-6.31159e-01	1.73936e+01
110	0	60	0	2	3	3.89560e-03	-5.69985e-01	1.38876e+01
110	0	61	0	2	3	3.80360e-03	-5.53172e-01	1.52977e+01
110	0	62	0	2	3	4.89575e-03	-6.35060e-01	1.52296e+01
110	0	63	0	2	3	4.18726e-03	-5.84614e-01	1.48078e+01
110	0	64	0	2	3	3.92277e-03	-5.72702e-01	1.45691e+01
110	0	65	0	2	3	3.98152e-03	-5.69188e-01	1.55499e+01
110	0	66	0	2	3	4.63075e-03	-6.35226e-01	1.69706e+01
110	0	67	0	2	3	3.86188e-03	-5.63927e-01	1.56607e+01
110	0	68	0	2	3	3.88991e-03	-5.79703e-01	1.52727e+01
110	0	69	0	2	3	4.01280e-03	-5.69067e-01	1.50624e+01
110	0	70	0	2	3	4.55039e-03	-6.29662e-01	1.50881e+01
110	0	71	0	2	3	4.16586e-03	-5.89021e-01	1.59026e+01
110	0	72	0	2	3	3.83788e-03	-5.71815e-01	1.39273e+01
110	0	73	0	2	3	4.42977e-03	-6.06626e-01	1.55775e+01
110	0	74	0	2	3	4.42081e-03	-6.18696e-01	1.58395e+01
110	0	75	0	2	3	4.38182e-03	-5.99564e-01	1.56927e+01
110	0	76	0	2	3	3.63492e-03	-5.50943e-01	1.36076e+01
110	0	77	0	2	3	4.05956e-03	-5.75416e-01	1.55653e+01
110	0	78	0	2	3	4.26744e-03	-6.04754e-01	1.48940e+01
110	0	79	0	2	3	4.24157e-03	-5.88880e-01	1.54380e+01
110	0	80	0	2	3	4.37026e-03	-6.00373e-01	1.54640e+01
110	0	81	0	2	3	3.82705e-03	-5.52623e-01	1.47976e+01
110	0	82	0	2	3	4.34019e-03	-5.97383e-01	1.49597e+01
110	0	83	0	2	3	4.63104e-03	-6.19927e-01	1.58975e+01
110	0	84	0	2	3	3.92880e-03	-5.68887e-01	1.43768e+01
110	0	85	0	2	3	3.94228e-03	-5.63565e-01	1.53165e+01
110	0	86	0	2	3	4.81714e-03	-6.46665e-01	1.56179e+01
110	0	87	0	2	3	4.67191e-03	-6.28794e-01	1.68060e+01
110	0	88	0	2	3	3.86841e-03	-5.61771e-01	1.46127e+01
110	0	89	0	2	3	4.15449e-03	-5.86801e-01	1.54212e+01
110	0	90	0	2	3	4.29862e-03	-6.01552e-01	1.45174e+01
110	0	91	0	2	3	4.72917e-03	-6.33219e-01	1.57911e+01
110	0	92	0	2	3	3.97550e-03	-5.86965e-01	1.51533e+01
110	0	93	0	2	3	3.98308e-03	-5.69938e-01	1.47894e+01
110	0	94	0	2	3	4.77234e-03	-6.53525e-01	1.73415e+01
110	0	95	0	2	3	4.58170e-03	-6.20031e-01	1.63552e+01
110	0	96	0	2	3	4.00758e-03	-5.85055e-01	1.46875e+01
110	0	97	0	2	3	3.88589e-03	-5.63213e-01	1.54336e+01
110	0	98	0	2	3	4.36986e-03	-6.18356e-01	1.53510e+01
110	0	99	0	2	3	4.32497e-03	-5.94439e-01	1.56662e+01
110	0	100	0	2	3	3.63788e-03	-5.55229e-01	1.47058e+01
110	0	101	0	2	3	3.67640e-03	-5.50501e-01	1.51591e+01
110	0	102	0	2	3	4.94457e-03	-6.54108e-01	1.67326e+01
110	0	103	0	2	3	4.68186e-03	-6.26853e-01	1.60944e+01
110	0	104	0	2	3	4.11188e-03	-5.89109e-01	1.44024e+01
110	0	105	0	2	3	4.22821e-03	-5.89660e-01	1.53054e+01
110	0	106	0	2	3	4.72544e-03	-6.36275e-01	1.63425e+01
110	0	107	0	2	3	4.86901e-03	-6.31272e-01	1.54623e+01
110	0	108	0	2	3	3.80586e-03	-5.69999e-01	1.49334e+01
110	0	109	0	2	3	4.31536e-03	-5.98725e-01	1.53710e+01
110	0	110	0	2	3	4.52826e-03	-6.22873e-01	1.58795e+01
110	0	111	0	2	3	4.64254e-03	-6.31878e-01	1.61633e+01
110	0	112	0	2	3	3.99818e-03	-5.73440e-01	1.36653e+01
110	0	113	0	2	3	4.53561e-03	-6.09242e-01	1.54642e+01
110	0	114	0	2	3	4.28821e-03	-6.09286e-01	1.58313e+01
110	0	115	0	2	3	4.61803e-03	-6.15373e-01	1.55532e+01
110	0	116	0	2	3	3.84272e-03	-5.75674e-01	1.47196e+01
110	0	117	0	2	3	4.49010e-03	-6.13180e-01	1.66235e+01
110	0	118	0	2	3	4.82749e-03	-6.44361e-01	1.65235e+01
110	0	119	0	2	3	4.19563e-03	-5.84071e-01	1.41383e+01
110	0	120	0	2	3	4.13974e-03	-5.99855e-01	1.52414e+01
110	0	121	0	2	3	3.40050e-03	-5.29575e-01	1.27572e+01
110	0	122	0	2	3	3.82068e-03	-5.78317e-01	1.60598e+01
110	0	123	0	2	3	5.28918e-03	-6.71182e-01	1.69540e+01
110	0	124	0	2	3	4.06812e-03	-5.80355e-01	1.52950e+01
110	0	125	0	2	3	3.97613e-03	-5.62341e-01	1.26145e+01
110	0	126	0	2	3	4.49354e-03	-6.15027e-01	1.53578e+01
110	0	127	0	2	3	4.67898e-03	-6.19066e-01	1.56622e+01
110	0	128	0	2	3	3.28761e-03	-5.67505e-01	1.60119e+01
110	0	129	0	2	3	3.78187e-03	-5.84152e-01	1.56929e+01
110	0	130	0	2	3	4.39765e-03	-6.46651e-01	1.74468e+01
110	0	131	0	2	3	4.09143e-03	-5.95519e-01	1.59295e+01
110	0	132	0	2	3	3.26506e-03	-5.47222e-01	1.56580e+01
110	0	133	0	2	3	4.08099e-03	-5.80548e-01	1.55143e+01
110	0	134	0	2	3	3.18251e-03	-5.41881e-01	1.50254e+01
110	0	135	0	2	3	2.56741e-03	-4.90737e-01	1.35323e+01
110	0	136	0	2	3	3.28530e-03	-5.42265e-01	1.43920e+01
110	0	137	0	2	3	2.68668e-03	-5.12633e-01	1.51507e+01
110	0	138	0	2	3	3.22560e-03	-5.30029e-01	1.48270e+01
110	0	139	0	2	3	3.63609e-03	-5.65473e-01	1.43798e+01
110	0	140	0	2	3	-7.37878e-03	2.41988e-01	1.25473e+00
110	0	141	0	2	3	1.55723e-03	-4.27145e-01	1.24665e+01
110	0	142	0	2	3	7.33487e-05	-2.98924e-01	1.03011e+01
110	0	143	0	2	3	2.12870e-03	-4.62854e-01	1.33235e+01
110	0	144	0	2	3	-2.99951e-03	-7.74420e-02	5.68389e+00
110	0	145	0	2	3	1.51277e-03	-3.95271e-01	1.11141e+01
110	0	146	0	2	3	-8.03310e-03	2.81419e-01	2.27493e-01
110	0	147	0	2	3	2.65876e-03	-4.73855e-01	1.36083e+01
110	0	148	0	2	3	3.86341e-03	-5.79377e-01	1.48345e+01
110	0	149	0	2	3	2.46855e-03	-4.61987e-01	1.33760e+01
110	0	150	0	2	3	-6.38969e-03	1.84982e-01	1.68035e+00
110	0	151	0	2	3	3.76857e-03	-5.66842e-01	1.52371e+01
110	0	152	0	2	3	5.01094e-03	-6.57724e-01	1.73780e+01
110	0	153	0	2	3	3.37288e-03	-5.52964e-01	1.55029e+01
110	0	154	0	2	3	6.11751e-03	-7.62330e-01	1.86610e+01
110	0	155	0	2	3	3.83749e-03	-5.79685e-01	1.40913e+01
110	0	156	0	2	3	3.26994e-03	-5.33817e-01	1.49187e+01
110	0	157	0	2	3	4.09245e-03	-5.74778e-01	1.53722e+01
110	0	158	0	2	3	-1.48500e-03	-1.83874e-01	7.94556e+00
110	0	159	0	2	3	4.90406e-03	-6.42896e-01	1.62419e+01
#######################################################################
# BFT D                                                               #
#######################################################################
110	1	0	0	2	3	3.93146e-03	-5.66265e-01	1.65077e+01
110	1	1	0	2	3	3.44462e-03	-5.36766e-01	1.55845e+01
110	1	2	0	2	3	3.46053e-03	-5.46680e-01	1.53784e+01
110	1	3	0	2	3	2.96527e-03	-5.06352e-01	1.55676e+01
110	1	4	0	2	3	2.98649e-03	-5.04761e-01	1.45706e+01
110	1	5	0	2	3	3.37352e-03	-5.34211e-01	1.61219e+01
110	1	6	0	2	3	3.44358e-03	-5.49755e-01	1.44153e+01
110	1	7	0	2	3	3.37684e-03	-5.23990e-01	1.51923e+01
110	1	8	0	2	3	3.71874e-03	-5.57367e-01	1.57698e+01
110	1	9	0	2	3	2.43548e-03	-4.76188e-01	1.61605e+01
110	1	10	0	2	3	3.61625e-03	-5.55901e-01	1.56069e+01
110	1	11	0	2	3	4.54888e-03	-6.22970e-01	1.70542e+01
110	1	12	0	2	3	2.58980e-03	-4.91470e-01	1.39700e+01
110	1	13	0	2	3	2.90334e-03	-4.97928e-01	1.54805e+01
110	1	14	0	2	3	3.74521e-03	-5.70652e-01	1.50694e+01
110	1	15	0	2	3	3.65031e-03	-5.49330e-01	1.62108e+01
110	1	16	0	2	3	4.19853e-03	-5.92621e-01	1.55894e+01
110	1	17	0	2	3	2.77308e-03	-4.89209e-01	1.44846e+01
110	1	18	0	2	3	3.59824e-03	-5.55815e-01	1.44732e+01
110	1	19	0	2	3	4.50056e-03	-6.09937e-01	1.68995e+01
110	1	20	0	2	3	3.71936e-03	-5.72805e-01	1.57968e+01
110	1	21	0	2	3	4.54615e-03	-6.19122e-01	1.81200e+01
110	1	22	0	2	3	4.66806e-03	-6.23994e-01	1.60753e+01
110	1	23	0	2	3	4.47451e-03	-5.95829e-01	1.66821e+01
110	1	24	0	2	3	3.53842e-03	-5.50035e-01	1.58329e+01
110	1	25	0	2	3	3.44748e-03	-5.35055e-01	1.59561e+01
110	1	26	0	2	3	4.39011e-03	-6.16405e-01	1.59371e+01
110	1	27	0	2	3	3.85541e-03	-5.66439e-01	1.72525e+01
110	1	28	0	2	3	3.48966e-03	-5.52330e-01	1.58510e+01
110	1	29	0	2	3	3.54996e-03	-5.45715e-01	1.63566e+01
110	1	30	0	2	3	3.87806e-03	-5.74560e-01	1.54126e+01
110	1	31	0	2	3	4.20913e-03	-5.98614e-01	1.74428e+01
110	1	32	0	2	3	3.46237e-03	-5.48743e-01	1.62587e+01
110	1	33	0	2	3	3.11676e-03	-5.21297e-01	1.49151e+01
110	1	34	0	2	3	4.22220e-03	-5.90687e-01	1.51696e+01
110	1	35	0	2	3	3.98296e-03	-5.89707e-01	1.73857e+01
110	1	36	0	2	3	3.80576e-03	-5.62558e-01	1.59269e+01
110	1	37	0	2	3	3.52907e-03	-5.41435e-01	1.44293e+01
110	1	38	0	2	3	4.08574e-03	-5.85843e-01	1.65521e+01
110	1	39	0	2	3	3.84548e-03	-5.58812e-01	1.56141e+01
110	1	40	0	2	3	3.84518e-03	-5.66503e-01	1.48836e+01
110	1	41	0	2	3	4.11454e-03	-5.78933e-01	1.64165e+01
110	1	42	0	2	3	3.64691e-03	-5.46601e-01	1.49920e+01
110	1	43	0	2	3	4.44127e-03	-6.04913e-01	1.76742e+01
110	1	44	0	2	3	3.73776e-03	-5.63401e-01	1.49813e+01
110	1	45	0	2	3	3.53373e-03	-5.40478e-01	1.59862e+01
110	1	46	0	2	3	4.19699e-03	-5.99684e-01	1.56162e+01
110	1	47	0	2	3	4.43983e-03	-6.26639e-01	1.85472e+01
110	1	48	0	2	3	3.78773e-03	-5.61748e-01	1.55668e+01
110	1	49	0	2	3	3.67267e-03	-5.47168e-01	1.63390e+01
110	1	50	0	2	3	4.16730e-03	-5.91786e-01	1.50948e+01
110	1	51	0	2	3	4.07542e-03	-5.82561e-01	1.66971e+01
110	1	52	0	2	3	4.15067e-03	-5.98348e-01	1.55123e+01
110	1	53	0	2	3	3.44097e-03	-5.34261e-01	1.60925e+01
110	1	54	0	2	3	4.65603e-03	-6.35558e-01	1.71390e+01
110	1	55	0	2	3	4.35768e-03	-6.04256e-01	1.72131e+01
110	1	56	0	2	3	3.91569e-03	-5.89243e-01	1.54901e+01
110	1	57	0	2	3	4.05181e-03	-5.83106e-01	1.65732e+01
110	1	58	0	2	3	4.37936e-03	-6.23876e-01	1.79942e+01
110	1	59	0	2	3	4.60955e-03	-6.34811e-01	1.88363e+01
110	1	60	0	2	3	3.91274e-03	-5.78844e-01	1.59499e+01
110	1	61	0	2	3	4.13759e-03	-5.77457e-01	1.59542e+01
110	1	62	0	2	3	4.06802e-03	-5.85375e-01	1.49763e+01
110	1	63	0	2	3	4.16374e-03	-5.93836e-01	1.71063e+01
110	1	64	0	2	3	4.02447e-03	-5.88640e-01	1.64978e+01
110	1	65	0	2	3	3.88076e-03	-5.70962e-01	1.59639e+01
110	1	66	0	2	3	4.63480e-03	-6.41071e-01	1.61999e+01
110	1	67	0	2	3	4.42801e-03	-6.10811e-01	1.57464e+01
110	1	68	0	2	3	3.42702e-03	-5.35503e-01	1.39189e+01
110	1	69	0	2	3	4.02914e-03	-5.81346e-01	1.62128e+01
110	1	70	0	2	3	4.12124e-03	-5.94739e-01	1.63795e+01
110	1	71	0	2	3	4.18712e-03	-6.01660e-01	1.68590e+01
110	1	72	0	2	3	3.82914e-03	-5.70439e-01	1.54747e+01
110	1	73	0	2	3	4.19056e-03	-6.00805e-01	1.73530e+01
110	1	74	0	2	3	4.06069e-03	-5.88346e-01	1.49598e+01
110	1	75	0	2	3	4.30252e-03	-6.08758e-01	1.64032e+01
110	1	76	0	2	3	3.65615e-03	-5.58687e-01	1.50834e+01
110	1	77	0	2	3	4.11550e-03	-5.94188e-01	1.61455e+01
110	1	78	0	2	3	4.31245e-03	-6.06962e-01	1.52457e+01
110	1	79	0	2	3	4.41050e-03	-6.08994e-01	1.62258e+01
110	1	80	0	2	3	3.77225e-03	-5.60881e-01	1.49340e+01
110	1	81	0	2	3	3.94854e-03	-5.73585e-01	1.49198e+01
110	1	82	0	2	3	4.36922e-03	-6.09594e-01	1.67578e+01
110	1	83	0	2	3	4.13385e-03	-5.78554e-01	1.52611e+01
110	1	84	0	2	3	3.70132e-03	-5.49780e-01	1.42039e+01
110	1	85	0	2	3	3.80650e-03	-5.60983e-01	1.49193e+01
110	1	86	0	2	3	4.23683e-03	-6.02452e-01	1.64244e+01
110	1	87	0	2	3	4.08656e-03	-5.80775e-01	1.40846e+01
110	1	88	0	2	3	3.48414e-03	-5.45523e-01	1.51566e+01
110	1	89	0	2	3	3.95108e-03	-5.77306e-01	1.49215e+01
110	1	90	0	2	3	4.09971e-03	-5.90900e-01	1.50883e+01
110	1	91	0	2	3	4.24367e-03	-5.93824e-01	1.60399e+01
110	1	92	0	2	3	3.63948e-03	-5.50382e-01	1.47330e+01
110	1	93	0	2	3	3.89050e-03	-5.69741e-01	1.53110e+01
110	1	94	0	2	3	3.98233e-03	-5.85039e-01	1.61674e+01
110	1	95	0	2	3	4.20267e-03	-5.98374e-01	1.55297e+01
110	1	96	0	2	3	3.54788e-03	-5.48602e-01	1.44747e+01
110	1	97	0	2	3	3.84288e-03	-5.67140e-01	1.56851e+01
110	1	98	0	2	3	4.31356e-03	-6.22772e-01	1.71898e+01
110	1	99	0	2	3	4.32527e-03	-6.01905e-01	1.56233e+01
110	1	100	0	2	3	3.54237e-03	-5.37722e-01	1.47337e+01
110	1	101	0	2	3	3.65823e-03	-5.51882e-01	1.52793e+01
110	1	102	0	2	3	4.46864e-03	-6.23683e-01	1.62886e+01
110	1	103	0	2	3	4.35182e-03	-6.03568e-01	1.55390e+01
110	1	104	0	2	3	4.04436e-03	-5.79919e-01	1.54171e+01
110	1	105	0	2	3	3.77795e-03	-5.62813e-01	1.52564e+01
110	1	106	0	2	3	4.19428e-03	-6.01756e-01	1.66862e+01
110	1	107	0	2	3	4.59317e-03	-6.21804e-01	1.60398e+01
110	1	108	0	2	3	3.38470e-03	-5.38741e-01	1.55470e+01
110	1	109	0	2	3	3.90065e-03	-5.73043e-01	1.59446e+01
110	1	110	0	2	3	4.53849e-03	-6.25007e-01	1.62751e+01
110	1	111	0	2	3	4.66663e-03	-6.32804e-01	1.75236e+01
110	1	112	0	2	3	4.16443e-03	-5.94843e-01	1.55709e+01
110	1	113	0	2	3	4.09518e-03	-5.83815e-01	1.56494e+01
110	1	114	0	2	3	4.44252e-03	-6.18354e-01	1.57727e+01
110	1	115	0	2	3	4.40213e-03	-6.07278e-01	1.57649e+01
110	1	116	0	2	3	4.07453e-03	-5.89794e-01	1.56903e+01
110	1	117	0	2	3	3.53886e-03	-5.44218e-01	1.48905e+01
110	1	118	0	2	3	4.17075e-03	-5.94152e-01	1.48056e+01
110	1	119	0	2	3	4.35949e-03	-6.08855e-01	1.62966e+01
110	1	120	0	2	3	3.70981e-03	-5.65152e-01	1.50064e+01
110	1	121	0	2	3	4.65871e-03	-6.23827e-01	1.60943e+01
110	1	122	0	2	3	4.46943e-03	-6.23365e-01	1.73756e+01
110	1	123	0	2	3	3.74966e-03	-5.73523e-01	1.69285e+01
110	1	124	0	2	3	3.84528e-03	-5.62533e-01	1.44401e+01
110	1	125	0	2	3	4.04455e-03	-5.89934e-01	1.59846e+01
110	1	126	0	2	3	4.87673e-03	-6.42344e-01	1.65535e+01
110	1	127	0	2	3	4.27990e-03	-5.99678e-01	1.58434e+01
110	1	128	0	2	3	4.08101e-03	-6.18088e-01	1.70574e+01
110	1	129	0	2	3	4.75099e-03	-6.62048e-01	1.77095e+01
110	1	130	0	2	3	4.29105e-03	-6.22004e-01	1.60606e+01
110	1	131	0	2	3	4.61896e-03	-6.19886e-01	1.60400e+01
110	1	132	0	2	3	2.80682e-03	-5.10206e-01	1.49758e+01
110	1	133	0	2	3	5.14963e-03	-6.66067e-01	1.68159e+01
110	1	134	0	2	3	4.70769e-03	-6.50119e-01	1.74310e+01
110	1	135	0	2	3	4.22407e-03	-5.87425e-01	1.56128e+01
110	1	136	0	2	3	3.69322e-03	-5.80739e-01	1.66045e+01
110	1	137	0	2	3	5.24852e-03	-6.84753e-01	1.77664e+01
110	1	138	0	2	3	4.64334e-03	-6.44957e-01	1.69094e+01
110	1	139	0	2	3	4.83133e-03	-6.36609e-01	1.67368e+01
110	1	140	0	2	3	4.67719e-03	-6.38425e-01	1.64280e+01
110	1	141	0	2	3	6.22503e-03	-7.44570e-01	1.80542e+01
110	1	142	0	2	3	-3.44781e-03	-4.52514e-02	5.56409e+00
110	1	143	0	2	3	4.32165e-03	-6.08030e-01	1.65918e+01
110	1	144	0	2	3	6.23007e-03	-7.70910e-01	2.03981e+01
110	1	145	0	2	3	4.23434e-03	-5.92386e-01	1.56280e+01
110	1	146	0	2	3	4.43692e-03	-6.22308e-01	1.61685e+01
110	1	147	0	2	3	3.92955e-03	-5.79346e-01	1.47477e+01
110	1	148	0	2	3	4.37048e-03	-6.28032e-01	1.60411e+01
110	1	149	0	2	3	3.44864e-03	-5.32087e-01	1.50065e+01
110	1	150	0	2	3	3.18938e-03	-5.38201e-01	1.53742e+01
110	1	151	0	2	3	5.02940e-03	-6.61158e-01	1.69343e+01
110	1	152	0	2	3	1.46250e-03	-4.01935e-01	1.32725e+01
110	1	153	0	2	3	5.99820e-03	-7.20019e-01	1.87963e+01
110	1	154	0	2	3	5.17084e-03	-6.68041e-01	1.73571e+01
110	1	155	0	2	3	4.74778e-03	-6.30761e-01	1.51575e+01
110	1	156	0	2	3	2.37919e-03	-4.99475e-01	1.48980e+01
110	1	157	0	2	3	8.43079e-03	-9.20100e-01	2.26511e+01
110	1	158	0	2	3	4.65014e-03	-6.11726e-01	1.64144e+01
110	1	159	0	2	3	1.60705e-03	-4.23043e-01	1.40643e+01
