##
#  file: HodoPHCParam_Dummy
#  date: 2016.06.15
#  note: first version
#
#
#######################################################################
# CId	PlId	Seg	UorD	Type	nParam	p0	p1	...
#
#	Type=0 no correction will be performed
#	Type=1 ct=t-p[0]/sqrt(a-p[1])+p[2]
#	Type=2 ct=p[0]*a*a + p[1]*a + p[2] for Fiber
#
#######################################################################
# BH1 Up                                                              #
#######################################################################
1	0	0	0	1	3	5.08705e+00	-1.98362e+00	2.93454e+00
1	0	1	0	1	3	6.69706e-01	2.91546e-01	8.10244e-01
1	0	2	0	1	3	5.01779e-01	3.94271e-01	6.64278e-01
1	0	3	0	1	3	7.45330e-01	1.66754e-01	8.56036e-01
1	0	4	0	1	3	8.52890e-01	8.60054e-02	9.27134e-01
1	0	5	0	1	3	1.69981e+00	-1.50393e-01	1.62794e+00
1	0	6	0	1	3	1.58582e+00	-2.35346e-01	1.46587e+00
1	0	7	0	1	3	1.61970e+00	-1.46184e-01	1.54504e+00
1	0	8	0	1	3	1.37546e+00	-2.52696e-01	1.28233e+00
1	0	9	0	1	3	1.74814e+00	-2.76223e-01	1.64100e+00
1	0	10	0	1	3	1.60339e+01	-4.62629e+00	6.81205e+00
#######################################################################
# BH1 Down                                                            #
#######################################################################
1	0	0	1	1	3	1.33519e+00	-9.13138e-02	1.27257e+00
1	0	1	1	1	3	6.24909e-01	2.88647e-01	7.65429e-01
1	0	2	1	1	3	6.68954e-01	2.21542e-01	7.45264e-01
1	0	3	1	1	3	1.32364e+00	-4.57464e-01	1.08318e+00
1	0	4	1	1	3	1.18002e+00	-7.91080e-02	1.17008e+00
1	0	5	1	1	3	2.07299e+00	-4.79828e-01	1.70935e+00
1	0	6	1	1	3	1.96000e+00	-5.20196e-01	1.63958e+00
1	0	7	1	1	3	1.89852e+00	-4.50289e-01	1.60743e+00
1	0	8	1	1	3	1.02469e+00	-6.73213e-02	1.04734e+00
1	0	9	1	1	3	1.64894e+00	-1.85977e-01	1.61292e+00
1	0	10	1	1	3	7.15603e-01	2.22738e-01	8.54972e-01
#######################################################################
# BH2 Up                                                              #
#######################################################################
2	0	0	0	1	3	1.43047e-01	2.98695e-01	2.00085e-01
2	0	1	0	1	3	8.79554e-01	-2.31747e-01	7.85839e-01
2	0	2	0	1	3	5.94572e-01	-4.97541e-01	4.68956e-01
2	0	3	0	1	3	1.91725e-01	3.94747e-02	1.91115e-01
2	0	4	0	1	3	3.31184e-01	-9.38469e-02	3.15823e-01
2	0	5	0	1	3	1.99769e-01	2.70254e-01	2.37321e-01
2	0	6	0	1	3	2.58948e-01	2.41832e-01	3.10133e-01
2	0	7	0	1	3	3.50426e-01	8.80094e-02	3.70898e-01
#######################################################################
# BH2 Down                                                            #
#######################################################################
2	0	0	1	1	3	3.94607e-01	-1.85207e-01	3.84440e-01
2	0	1	1	1	3	9.92155e-01	-3.85817e-01	8.32122e-01
2	0	2	1	1	3	4.10986e-01	-9.27803e-02	3.90143e-01
2	0	3	1	1	3	1.76416e-01	4.84160e-02	1.75490e-01
2	0	4	1	1	3	2.42956e-01	1.23979e-01	2.64593e-01
2	0	5	1	1	3	3.57967e-01	4.32013e-02	3.63973e-01
2	0	6	1	1	3	1.22093e+00	-6.67168e-01	9.30075e-01
2	0	7	1	1	3	2.92156e-01	-4.36810e-03	2.98702e-01
#######################################################################
# BAC                                                                 #
#######################################################################
3	0	0	0	1	3	0.00000e+00	0.00000e+00	0.00000e+00
3	0	1	0	1	3	0.00000e+00	0.00000e+00	0.00000e+00
#######################################################################
# FBH Up                                                              #
#######################################################################
4	0	0	0	2	3	-5.62952e-03	8.96903e-01	-3.53273e+01
4	0	1	0	2	3	-4.29399e-03	7.37975e-01	-3.00049e+01
4	0	2	0	2	3	-5.26894e-03	8.67305e-01	-3.38992e+01
4	0	3	0	2	3	-3.80183e-03	6.69237e-01	-2.72260e+01
4	0	4	0	2	3	-4.35014e-03	7.35785e-01	-2.92008e+01
4	0	5	0	2	3	-4.02541e-03	6.86907e-01	-2.70312e+01
4	0	6	0	2	3	-4.16660e-03	7.08229e-01	-2.81512e+01
4	0	7	0	2	3	-3.93117e-03	6.84759e-01	-2.69101e+01
4	0	8	0	2	3	-4.14423e-03	6.96902e-01	-2.65883e+01
4	0	9	0	2	3	-2.83372e-03	5.62925e-01	-2.20787e+01
4	0	10	0	2	3	-4.07944e-03	7.09420e-01	-2.75603e+01
4	0	11	0	2	3	-3.50961e-03	6.50113e-01	-2.64167e+01
4	0	12	0	2	3	-3.52415e-03	6.49734e-01	-2.67232e+01
4	0	13	0	2	3	-4.13420e-03	7.26957e-01	-2.99675e+01
4	0	14	0	2	3	-4.90315e-03	8.27563e-01	-3.35630e+01
4	0	15	0	2	3	-4.73048e-03	8.13189e-01	-3.31901e+01
#######################################################################
# FBH Down                                                            #
#######################################################################
4	0	0	1	2	3	-5.62952e-03	8.96903e-01	-3.53273e+01
4	0	1	1	2	3	-4.29399e-03	7.37975e-01	-3.00049e+01
4	0	2	1	2	3	-5.26894e-03	8.67305e-01	-3.38992e+01
4	0	3	1	2	3	-3.80183e-03	6.69237e-01	-2.72260e+01
4	0	4	1	2	3	-4.35014e-03	7.35785e-01	-2.92008e+01
4	0	5	1	2	3	-4.02541e-03	6.86907e-01	-2.70312e+01
4	0	6	1	2	3	-4.16660e-03	7.08229e-01	-2.81512e+01
4	0	7	1	2	3	-3.93117e-03	6.84759e-01	-2.69101e+01
4	0	8	1	2	3	-4.14423e-03	6.96902e-01	-2.65883e+01
4	0	9	1	2	3	-2.83372e-03	5.62925e-01	-2.20787e+01
4	0	10	1	2	3	-4.07944e-03	7.09420e-01	-2.75603e+01
4	0	11	1	2	3	-3.50961e-03	6.50113e-01	-2.64167e+01
4	0	12	1	2	3	-3.52415e-03	6.49734e-01	-2.67232e+01
4	0	13	1	2	3	-4.13420e-03	7.26957e-01	-2.99675e+01
4	0	14	1	2	3	-4.90315e-03	8.27563e-01	-3.35630e+01
4	0	15	1	2	3	-4.73048e-03	8.13189e-01	-3.31901e+01
#######################################################################
# PVAC                                                                #
#######################################################################
5	0	0	0	1	3	0.00000e+00	0.00000e+00	0.00000e+00
#######################################################################
# FAC                                                                 #
#######################################################################
6	0	0	0	1	3	0.00000e+00	0.00000e+00	0.00000e+00
#######################################################################
# SCH                                                                 #
#######################################################################
#7	0	0	0	2	3	-0.00500000	0.821213	-32.185321
#7	0	1	0	2	3	-0.00500000	0.830248	-32.269563
#7	0	2	0	2	3	-0.00500000	0.793073	-29.315934
#7	0	3	0	2	3	-0.00500000	0.772144	-28.276705
#7	0	4	0	2	3	-0.00500000	0.801968	-30.687167
#7	0	5	0	2	3	-0.00500000	0.778300	-28.439251
#7	0	6	0	2	3	-0.00500000	0.765872	-27.918181
#7	0	7	0	2	3	-0.00500000	0.738459	-26.016797
#7	0	8	0	2	3	-0.00500000	0.778318	-28.676371
#7	0	9	0	2	3	-0.00500000	0.776670	-28.892887
#7	0	10	0	2	3	-0.00500000	0.764278	-28.122474
#7	0	11	0	2	3	-0.00500000	0.790742	-29.423647
#7	0	12	0	2	3	-0.00500000	0.811330	-30.487019
#7	0	13	0	2	3	-0.00500000	0.818750	-30.891512
#7	0	14	0	2	3	-0.00500000	0.802541	-30.009136
#7	0	15	0	2	3	-0.00500000	0.809525	-30.751746
#7	0	16	0	2	3	-0.00500000	0.802597	-30.845509
#7	0	17	0	2	3	-0.00500000	0.835028	-32.780792
#7	0	18	0	2	3	-0.00500000	0.859176	-33.938731
#7	0	19	0	2	3	-0.00500000	0.814851	-31.445396
#7	0	20	0	2	3	-0.00500000	0.809426	-30.781087
#7	0	21	0	2	3	-0.00500000	0.780678	-28.888756
#7	0	22	0	2	3	-0.00500000	0.808206	-30.719604
#7	0	23	0	2	3	-0.00500000	0.774024	-27.858339
#7	0	24	0	2	3	-0.00500000	0.794308	-29.022101
#7	0	25	0	2	3	-0.00500000	0.775649	-27.980186
#7	0	26	0	2	3	-0.00500000	0.788483	-28.687567
#7	0	27	0	2	3	-0.00466315	0.771386	-29.253260
#7	0	28	0	2	3	-0.00483132	0.790854	-28.637741
#7	0	29	0	2	3	-0.00497049	0.812994	-30.786914
#7	0	30	0	2	3	-0.00500000	0.787793	-28.362716
#7	0	31	0	2	3	-0.00500000	0.790759	-28.876812
#7	0	32	0	2	3	-0.00500000	0.824826	-31.655285
#7	0	33	0	2	3	-0.00500000	0.845304	-33.407765
#7	0	34	0	2	3	-0.00500000	0.832263	-32.939799
#7	0	35	0	2	3	-0.00500000	0.820631	-31.695372
#7	0	36	0	2	3	-0.00500000	0.836997	-33.200590
#7	0	37	0	2	3	-0.00500000	0.819690	-32.097193
#7	0	38	0	2	3	-0.00500000	0.808109	-31.263214
#7	0	39	0	2	3	-0.00500000	0.815224	-31.135523
#7	0	40	0	2	3	-0.00500000	0.803398	-29.897923
#7	0	41	0	2	3	-0.00500000	0.815685	-31.165519
#7	0	42	0	2	3	-0.00500000	0.812980	-30.737261
#7	0	43	0	2	3	-0.00500000	0.829418	-32.693307
#7	0	44	0	2	3	-0.00500000	0.789530	-29.464920
#7	0	45	0	2	3	-0.00500000	0.804789	-31.208151
#7	0	46	0	2	3	-0.00500000	0.830106	-32.806514
#7	0	47	0	2	3	-0.00500000	0.819206	-31.373242
#7	0	48	0	2	3	-0.00500000	0.816165	-31.709319
#7	0	49	0	2	3	-0.00500000	0.798496	-30.201709
#7	0	50	0	2	3	-0.00500000	0.812167	-31.795745
#7	0	51	0	2	3	-0.00500000	0.810749	-31.375226
#7	0	52	0	2	3	-0.00500000	0.803385	-31.372512
#7	0	53	0	2	3	-0.00500000	0.777405	-29.262831
#7	0	54	0	2	3	-0.00500000	0.783954	-29.763410
#7	0	55	0	2	3	-0.00500000	0.789443	-29.976449
#7	0	56	0	2	3	-0.00500000	0.838828	-33.261086
#7	0	57	0	2	3	-0.00500000	0.804421	-30.573195
#7	0	58	0	2	3	-0.00500000	0.773283	-29.111048
#7	0	59	0	2	3	-0.00500000	0.811789	-31.449459
#7	0	60	0	2	3	-0.00500000	0.759724	-28.110014
#7	0	61	0	2	3	-0.00500000	0.810884	-31.379063
#7	0	62	0	2	3	-0.00500000	0.771910	-28.435006
#7	0	63	0	2	3	-0.00500000	0.796658	-30.511906
#######################################################################
# TOF Up                                                              #
#######################################################################
7	0	0	0	1	3	5.24830e+00	-1.96630e+00	2.96170e+00
7	0	1	0	1	3	5.24830e+00	-1.96630e+00	2.96170e+00
7	0	2	0	1	3	5.24830e+00	-1.96630e+00	2.96170e+00
7	0	3	0	1	3	5.24830e+00	-1.96630e+00	2.96170e+00
7	0	4	0	1	3	5.24830e+00	-1.96630e+00	2.96170e+00
7	0	5	0	1	3	5.24830e+00	-1.96630e+00	2.96170e+00
7	0	6	0	1	3	6.97090e+00	-3.03520e+00	3.39910e+00
7	0	7	0	1	3	4.05450e+00	-1.96150e+00	2.30360e+00
7	0	8	0	1	3	1.16940e+02	-2.98600e+01	2.09880e+01
7	0	9	0	1	3	5.24830e+00	-1.96630e+00	2.96170e+00
7	0	10	0	1	3	5.24830e+00	-1.96630e+00	2.96170e+00
7	0	11	0	1	3	5.24830e+00	-1.96630e+00	2.96170e+00
7	0	12	0	1	3	5.24830e+00	-1.96630e+00	2.96170e+00
7	0	13	0	1	3	5.24830e+00	-1.96630e+00	2.96170e+00
7	0	14	0	1	3	5.24830e+00	-1.96630e+00	2.96170e+00
7	0	15	0	1	3	5.24830e+00	-1.96630e+00	2.96170e+00
7	0	16	0	1	3	5.24830e+00	-1.96630e+00	2.96170e+00
7	0	17	0	1	3	5.24830e+00	-1.96630e+00	2.96170e+00
7	0	18	0	1	3	5.24830e+00	-1.96630e+00	2.96170e+00
7	0	19	0	1	3	7.11491e-01	1.85180e-03	5.82402e-01
7	0	20	0	1	3	5.59404e-01	-1.73810e-03	4.50716e-01
7	0	21	0	1	3	8.92499e-01	1.99900e-03	7.37364e-01
7	0	22	0	1	3	6.37553e-01	1.99960e-03	5.45449e-01
7	0	23	0	1	3	1.19210e+00	1.98920e-03	9.99994e-01
#######################################################################
# TOF Down                                                            #
#######################################################################
7	0	0	1	1	3	5.84300e+00	-2.30730e+00	3.11320e+00
7	0	1	1	1	3	5.84300e+00	-2.30730e+00	3.11320e+00
7	0	2	1	1	3	5.84300e+00	-2.30730e+00	3.11320e+00
7	0	3	1	1	3	5.84300e+00	-2.30730e+00	3.11320e+00
7	0	4	1	1	3	5.84300e+00	-2.30730e+00	3.11320e+00
7	0	5	1	1	3	5.84300e+00	-2.30730e+00	3.11320e+00
7	0	6	1	1	3	1.41330e+01	-5.81170e+00	5.32680e+00
7	0	7	1	1	3	7.84850e+01	-2.02870e+01	1.69500e+01
7	0	8	1	1	3	2.20240e+02	-3.62440e+01	3.60080e+01
7	0	9	1	1	3	5.84300e+00	-2.30730e+00	3.11320e+00
7	0	10	1	1	3	5.84300e+00	-2.30730e+00	3.11320e+00
7	0	11	1	1	3	5.84300e+00	-2.30730e+00	3.11320e+00
7	0	12	1	1	3	5.84300e+00	-2.30730e+00	3.11320e+00
7	0	13	1	1	3	5.84300e+00	-2.30730e+00	3.11320e+00
7	0	14	1	1	3	5.84300e+00	-2.30730e+00	3.11320e+00
7	0	15	1	1	3	5.84300e+00	-2.30730e+00	3.11320e+00
7	0	16	1	1	3	5.84300e+00	-2.30730e+00	3.11320e+00
7	0	17	1	1	3	5.84300e+00	-2.30730e+00	3.11320e+00
7	0	18	1	1	3	5.84300e+00	-2.30730e+00	3.11320e+00
7	0	19	1	1	3	6.18741e-01	1.99860e-03	4.90831e-01
7	0	20	1	1	3	5.75901e-01	1.04210e-03	4.72509e-01
7	0	21	1	1	3	9.41046e-01	1.99890e-03	7.79357e-01
7	0	22	1	1	3	4.84266e-01	-1.95590e-03	3.99786e-01
7	0	23	1	1	3	8.97714e-01	1.99860e-03	7.56300e-01
#######################################################################
# BFT U                                                               #
#######################################################################
110	0	0	0	2	3	5.07741e-03	-6.48385e-01	1.63373e+01
110	0	1	0	2	3	2.20305e-03	-4.29263e-01	1.22184e+01
110	0	2	0	2	3	3.49438e-03	-5.39725e-01	1.41909e+01
110	0	3	0	2	3	4.48117e-03	-6.10791e-01	1.45607e+01
110	0	4	0	2	3	4.17245e-03	-5.88520e-01	1.54642e+01
110	0	5	0	2	3	3.71950e-03	-5.41515e-01	1.48109e+01
110	0	6	0	2	3	4.23438e-03	-5.90486e-01	1.47024e+01
110	0	7	0	2	3	3.93488e-03	-5.60047e-01	1.48861e+01
110	0	8	0	2	3	4.02908e-03	-5.72884e-01	1.45585e+01
110	0	9	0	2	3	4.38420e-03	-5.94289e-01	1.63737e+01
110	0	10	0	2	3	3.83147e-03	-5.59483e-01	1.35608e+01
110	0	11	0	2	3	4.38631e-03	-5.93738e-01	1.63769e+01
110	0	12	0	2	3	3.22838e-03	-5.18692e-01	1.32075e+01
110	0	13	0	2	3	4.09665e-03	-5.74458e-01	1.60042e+01
110	0	14	0	2	3	3.73429e-03	-5.58064e-01	1.37472e+01
110	0	15	0	2	3	5.12537e-03	-6.49988e-01	1.73587e+01
110	0	16	0	2	3	4.10256e-03	-5.73048e-01	1.37607e+01
110	0	17	0	2	3	3.68150e-03	-5.44389e-01	1.50970e+01
110	0	18	0	2	3	4.15034e-03	-5.89163e-01	1.41833e+01
110	0	19	0	2	3	4.76653e-03	-6.28513e-01	1.46592e+01
110	0	20	0	2	3	4.02191e-03	-5.72263e-01	1.43578e+01
110	0	21	0	2	3	4.16509e-03	-5.78967e-01	1.69940e+01
110	0	22	0	2	3	4.09711e-03	-5.80440e-01	1.43893e+01
110	0	23	0	2	3	4.69548e-03	-6.12212e-01	1.62885e+01
110	0	24	0	2	3	4.57024e-03	-6.11829e-01	1.53425e+01
110	0	25	0	2	3	3.93313e-03	-5.55876e-01	1.57633e+01
110	0	26	0	2	3	4.11021e-03	-5.88474e-01	1.56887e+01
110	0	27	0	2	3	4.73994e-03	-6.13237e-01	1.61435e+01
110	0	28	0	2	3	3.46704e-03	-5.36479e-01	1.22373e+01
110	0	29	0	2	3	4.21513e-03	-5.74941e-01	1.50380e+01
110	0	30	0	2	3	4.07216e-03	-5.81651e-01	1.43234e+01
110	0	31	0	2	3	4.47836e-03	-6.01603e-01	1.60892e+01
110	0	32	0	2	3	4.15937e-03	-5.89193e-01	1.47623e+01
110	0	33	0	2	3	4.67139e-03	-5.90128e-01	1.39793e+01
110	0	34	0	2	3	4.19841e-03	-5.88190e-01	1.44517e+01
110	0	35	0	2	3	4.71968e-03	-6.25446e-01	1.65331e+01
110	0	36	0	2	3	3.77379e-03	-5.46509e-01	1.34827e+01
110	0	37	0	2	3	4.14372e-03	-5.79959e-01	1.66108e+01
110	0	38	0	2	3	4.28100e-03	-5.89353e-01	1.38523e+01
110	0	39	0	2	3	4.50153e-03	-6.05182e-01	1.58551e+01
110	0	40	0	2	3	3.84088e-03	-5.54476e-01	1.35741e+01
110	0	41	0	2	3	4.18480e-03	-5.77226e-01	1.63572e+01
110	0	42	0	2	3	4.49236e-03	-5.99031e-01	1.48669e+01
110	0	43	0	2	3	4.41644e-03	-6.07106e-01	1.66341e+01
110	0	44	0	2	3	4.05961e-03	-5.78294e-01	1.42262e+01
110	0	45	0	2	3	4.13215e-03	-5.70449e-01	1.57480e+01
110	0	46	0	2	3	4.56314e-03	-6.22306e-01	1.52303e+01
110	0	47	0	2	3	4.73590e-03	-6.31765e-01	1.81473e+01
110	0	48	0	2	3	3.52377e-03	-5.34673e-01	1.23865e+01
110	0	49	0	2	3	4.51605e-03	-6.06100e-01	1.69657e+01
110	0	50	0	2	3	4.44950e-03	-6.03886e-01	1.50247e+01
110	0	51	0	2	3	4.85045e-03	-6.27837e-01	1.61667e+01
110	0	52	0	2	3	3.89698e-03	-5.58758e-01	1.33342e+01
110	0	53	0	2	3	4.56616e-03	-6.02534e-01	1.55569e+01
110	0	54	0	2	3	4.39272e-03	-6.01758e-01	1.46168e+01
110	0	55	0	2	3	4.65011e-03	-6.16271e-01	1.69148e+01
110	0	56	0	2	3	3.97748e-03	-5.81278e-01	1.52661e+01
110	0	57	0	2	3	4.62543e-03	-6.10678e-01	1.64053e+01
110	0	58	0	2	3	4.37483e-03	-6.03331e-01	1.57296e+01
110	0	59	0	2	3	4.52503e-03	-6.21529e-01	1.70550e+01
110	0	60	0	2	3	3.83597e-03	-5.67096e-01	1.36907e+01
110	0	61	0	2	3	3.36692e-03	-5.19321e-01	1.44818e+01
110	0	62	0	2	3	4.83108e-03	-6.31369e-01	1.49982e+01
110	0	63	0	2	3	4.21765e-03	-5.84077e-01	1.45624e+01
110	0	64	0	2	3	4.00753e-03	-5.79037e-01	1.45006e+01
110	0	65	0	2	3	3.87994e-03	-5.64730e-01	1.53571e+01
110	0	66	0	2	3	4.81693e-03	-6.48089e-01	1.70150e+01
110	0	67	0	2	3	3.78019e-03	-5.58394e-01	1.54024e+01
110	0	68	0	2	3	3.81684e-03	-5.72633e-01	1.49363e+01
110	0	69	0	2	3	3.80812e-03	-5.54300e-01	1.46416e+01
110	0	70	0	2	3	4.29908e-03	-6.15201e-01	1.47300e+01
110	0	71	0	2	3	4.57667e-03	-6.15317e-01	1.61370e+01
110	0	72	0	2	3	3.92166e-03	-5.77536e-01	1.38358e+01
110	0	73	0	2	3	4.24281e-03	-5.94639e-01	1.52373e+01
110	0	74	0	2	3	4.43004e-03	-6.20462e-01	1.57075e+01
110	0	75	0	2	3	4.43635e-03	-6.02602e-01	1.55603e+01
110	0	76	0	2	3	3.88465e-03	-5.68272e-01	1.37130e+01
110	0	77	0	2	3	4.02026e-03	-5.74835e-01	1.54388e+01
110	0	78	0	2	3	4.43992e-03	-6.17372e-01	1.49324e+01
110	0	79	0	2	3	4.34374e-03	-5.96237e-01	1.54022e+01
110	0	80	0	2	3	4.49379e-03	-6.12821e-01	1.55604e+01
110	0	81	0	2	3	4.13627e-03	-5.74811e-01	1.50224e+01
110	0	82	0	2	3	4.32505e-03	-5.97048e-01	1.47848e+01
110	0	83	0	2	3	4.62008e-03	-6.19656e-01	1.57311e+01
110	0	84	0	2	3	3.83415e-03	-5.62507e-01	1.40934e+01
110	0	85	0	2	3	3.89152e-03	-5.60045e-01	1.50824e+01
110	0	86	0	2	3	4.64167e-03	-6.35889e-01	1.52893e+01
110	0	87	0	2	3	4.13455e-03	-5.90555e-01	1.59823e+01
110	0	88	0	2	3	3.77065e-03	-5.52866e-01	1.42256e+01
110	0	89	0	2	3	4.34837e-03	-5.96271e-01	1.53247e+01
110	0	90	0	2	3	4.22580e-03	-5.96892e-01	1.42771e+01
110	0	91	0	2	3	4.55704e-03	-6.21207e-01	1.54206e+01
110	0	92	0	2	3	3.82987e-03	-5.74936e-01	1.47356e+01
110	0	93	0	2	3	4.06911e-03	-5.74697e-01	1.46765e+01
110	0	94	0	2	3	4.12336e-03	-6.08965e-01	1.64406e+01
110	0	95	0	2	3	4.21186e-03	-5.93899e-01	1.57392e+01
110	0	96	0	2	3	3.91640e-03	-5.83124e-01	1.45537e+01
110	0	97	0	2	3	3.93046e-03	-5.70565e-01	1.54702e+01
110	0	98	0	2	3	4.02909e-03	-5.92880e-01	1.47009e+01
110	0	99	0	2	3	4.56870e-03	-6.10555e-01	1.57589e+01
110	0	100	0	2	3	4.37066e-03	-6.05745e-01	1.53633e+01
110	0	101	0	2	3	3.68165e-03	-5.49079e-01	1.49249e+01
110	0	102	0	2	3	4.68426e-03	-6.35290e-01	1.62133e+01
110	0	103	0	2	3	4.90833e-03	-6.42924e-01	1.61853e+01
110	0	104	0	2	3	4.20296e-03	-5.96972e-01	1.43901e+01
110	0	105	0	2	3	4.05461e-03	-5.76045e-01	1.48840e+01
110	0	106	0	2	3	4.24764e-03	-6.03498e-01	1.56111e+01
110	0	107	0	2	3	4.67990e-03	-6.19529e-01	1.51260e+01
110	0	108	0	2	3	3.90128e-03	-5.77331e-01	1.48910e+01
110	0	109	0	2	3	4.59036e-03	-6.20095e-01	1.56226e+01
110	0	110	0	2	3	4.35609e-03	-6.09568e-01	1.54387e+01
110	0	111	0	2	3	4.93265e-03	-6.51966e-01	1.63225e+01
110	0	112	0	2	3	4.42378e-03	-6.01558e-01	1.39504e+01
110	0	113	0	2	3	3.60392e-03	-5.40140e-01	1.40336e+01
110	0	114	0	2	3	4.76255e-03	-6.35591e-01	1.59476e+01
110	0	115	0	2	3	5.03304e-03	-6.45103e-01	1.58999e+01
110	0	116	0	2	3	3.26077e-03	-5.33566e-01	1.37958e+01
110	0	117	0	2	3	4.23253e-03	-5.93623e-01	1.61006e+01
110	0	118	0	2	3	4.49889e-03	-6.23142e-01	1.60228e+01
110	0	119	0	2	3	4.45822e-03	-6.00147e-01	1.42389e+01
110	0	120	0	2	3	3.38951e-03	-5.49159e-01	1.42525e+01
110	0	121	0	2	3	4.17741e-03	-5.77906e-01	1.33299e+01
110	0	122	0	2	3	4.20633e-03	-6.00163e-01	1.61458e+01
110	0	123	0	2	3	5.31348e-03	-6.72176e-01	1.68073e+01
110	0	124	0	2	3	4.15451e-03	-5.90935e-01	1.53818e+01
110	0	125	0	2	3	4.09285e-03	-5.62124e-01	1.23139e+01
110	0	126	0	2	3	3.73518e-03	-5.59898e-01	1.42115e+01
110	0	127	0	2	3	4.36956e-03	-5.97481e-01	1.50932e+01
110	0	128	0	2	3	3.26717e-03	-5.65904e-01	1.57759e+01
110	0	129	0	2	3	3.94815e-03	-5.98507e-01	1.58475e+01
110	0	130	0	2	3	4.21337e-03	-6.16614e-01	1.63892e+01
110	0	131	0	2	3	4.13943e-03	-5.87817e-01	1.54295e+01
110	0	132	0	2	3	4.75765e-03	-6.51131e-01	1.73253e+01
110	0	133	0	2	3	5.24148e-03	-6.68474e-01	1.69257e+01
110	0	134	0	2	3	2.81909e-03	-5.27865e-01	1.49206e+01
110	0	135	0	2	3	4.23717e-03	-6.06525e-01	1.52822e+01
110	0	136	0	2	3	1.99865e-03	-4.46938e-01	1.24476e+01
110	0	137	0	2	3	3.95125e-03	-5.93184e-01	1.61820e+01
110	0	138	0	2	3	1.55427e-03	-4.27949e-01	1.32576e+01
110	0	139	0	2	3	2.20986e-03	-4.61373e-01	1.22629e+01
110	0	140	0	2	3	-1.40174e-02	7.64313e-01	-9.06833e+00
110	0	141	0	2	3	3.68914e-03	-5.81221e-01	1.49509e+01
110	0	142	0	2	3	5.90746e-03	-7.21899e-01	1.76661e+01
110	0	143	0	2	3	2.67583e-03	-4.97665e-01	1.36534e+01
110	0	144	0	2	3	4.36026e-03	-6.15758e-01	1.52015e+01
110	0	145	0	2	3	3.50287e-03	-5.33870e-01	1.33134e+01
110	0	146	0	2	3	-5.86493e-03	1.29955e-01	2.54890e+00
110	0	147	0	2	3	1.60130e-03	-4.06880e-01	1.25114e+01
110	0	148	0	2	3	2.59949e-03	-4.91143e-01	1.31612e+01
110	0	149	0	2	3	3.86712e-03	-5.67553e-01	1.49965e+01
110	0	150	0	2	3	-2.96337e-03	-6.41136e-02	5.96082e+00
110	0	151	0	2	3	3.38064e-03	-5.47324e-01	1.48238e+01
110	0	152	0	2	3	4.60280e-03	-6.54627e-01	1.78154e+01
110	0	153	0	2	3	4.24570e-03	-6.17197e-01	1.64968e+01
110	0	154	0	2	3	6.88416e-03	-7.95966e-01	1.87157e+01
110	0	155	0	2	3	5.26319e-03	-6.99478e-01	1.64233e+01
110	0	156	0	2	3	7.03898e-04	-3.19164e-01	1.03081e+01
110	0	157	0	2	3	2.93213e-03	-5.27489e-01	1.51699e+01
110	0	158	0	2	3	4.14191e-03	-5.94463e-01	1.52069e+01
110	0	159	0	2	3	1.64857e-03	-4.21676e-01	1.23774e+01
#######################################################################
# BFT D                                                               #
#######################################################################
110	1	0	0	2	3	4.72613e-03	-6.32503e-01	1.77075e+01
110	1	1	0	2	3	3.52878e-03	-5.48627e-01	1.57585e+01
110	1	2	0	2	3	3.81875e-03	-5.75631e-01	1.58216e+01
110	1	3	0	2	3	3.05500e-03	-5.08490e-01	1.53559e+01
110	1	4	0	2	3	3.79166e-03	-5.64606e-01	1.54791e+01
110	1	5	0	2	3	2.37277e-03	-4.64081e-01	1.47660e+01
110	1	6	0	2	3	3.52017e-03	-5.45071e-01	1.39787e+01
110	1	7	0	2	3	4.23649e-03	-5.87147e-01	1.61533e+01
110	1	8	0	2	3	3.37388e-03	-5.34235e-01	1.52213e+01
110	1	9	0	2	3	2.93817e-03	-5.09846e-01	1.65286e+01
110	1	10	0	2	3	3.80436e-03	-5.66900e-01	1.55844e+01
110	1	11	0	2	3	3.68803e-03	-5.53383e-01	1.55158e+01
110	1	12	0	2	3	3.47308e-03	-5.48457e-01	1.46848e+01
110	1	13	0	2	3	3.36274e-03	-5.31506e-01	1.59133e+01
110	1	14	0	2	3	3.74785e-03	-5.72229e-01	1.49908e+01
110	1	15	0	2	3	3.87667e-03	-5.66971e-01	1.63944e+01
110	1	16	0	2	3	3.87483e-03	-5.74704e-01	1.52260e+01
110	1	17	0	2	3	3.12752e-03	-5.15763e-01	1.47961e+01
110	1	18	0	2	3	3.67743e-03	-5.61257e-01	1.43952e+01
110	1	19	0	2	3	4.08628e-03	-5.80689e-01	1.62323e+01
110	1	20	0	2	3	3.58637e-03	-5.56169e-01	1.52110e+01
110	1	21	0	2	3	2.75036e-03	-4.88899e-01	1.56719e+01
110	1	22	0	2	3	4.15460e-03	-5.87976e-01	1.52886e+01
110	1	23	0	2	3	3.64942e-03	-5.42718e-01	1.56993e+01
110	1	24	0	2	3	4.12417e-03	-5.91672e-01	1.63916e+01
110	1	25	0	2	3	4.04471e-03	-5.77072e-01	1.65130e+01
110	1	26	0	2	3	4.27881e-03	-6.08946e-01	1.56817e+01
110	1	27	0	2	3	4.15215e-03	-5.87793e-01	1.74649e+01
110	1	28	0	2	3	4.05024e-03	-5.89970e-01	1.62924e+01
110	1	29	0	2	3	3.69606e-03	-5.54013e-01	1.62998e+01
110	1	30	0	2	3	4.29892e-03	-6.01532e-01	1.56475e+01
110	1	31	0	2	3	4.39345e-03	-6.09455e-01	1.74110e+01
110	1	32	0	2	3	4.25774e-03	-6.08619e-01	1.71949e+01
110	1	33	0	2	3	3.61358e-03	-5.54475e-01	1.52816e+01
110	1	34	0	2	3	4.17669e-03	-5.89371e-01	1.50074e+01
110	1	35	0	2	3	4.62175e-03	-6.38245e-01	1.81166e+01
110	1	36	0	2	3	3.72971e-03	-5.59480e-01	1.57479e+01
110	1	37	0	2	3	3.78389e-03	-5.58182e-01	1.45129e+01
110	1	38	0	2	3	4.02609e-03	-5.82420e-01	1.63381e+01
110	1	39	0	2	3	4.33618e-03	-5.95333e-01	1.61167e+01
110	1	40	0	2	3	3.86806e-03	-5.68160e-01	1.47498e+01
110	1	41	0	2	3	3.86359e-03	-5.60282e-01	1.59118e+01
110	1	42	0	2	3	3.92879e-03	-5.65006e-01	1.50899e+01
110	1	43	0	2	3	4.57819e-03	-6.16434e-01	1.77312e+01
110	1	44	0	2	3	4.08897e-03	-5.87360e-01	1.51901e+01
110	1	45	0	2	3	3.74127e-03	-5.60603e-01	1.62761e+01
110	1	46	0	2	3	4.10628e-03	-5.93111e-01	1.53378e+01
110	1	47	0	2	3	4.20608e-03	-6.09665e-01	1.80929e+01
110	1	48	0	2	3	3.94155e-03	-5.73233e-01	1.56034e+01
110	1	49	0	2	3	3.99119e-03	-5.70176e-01	1.65705e+01
110	1	50	0	2	3	4.29913e-03	-6.02107e-01	1.51160e+01
110	1	51	0	2	3	4.16056e-03	-5.89620e-01	1.66768e+01
110	1	52	0	2	3	4.11467e-03	-5.97702e-01	1.53574e+01
110	1	53	0	2	3	3.99636e-03	-5.75145e-01	1.66606e+01
110	1	54	0	2	3	4.53646e-03	-6.26605e-01	1.67995e+01
110	1	55	0	2	3	4.34147e-03	-6.04236e-01	1.70668e+01
110	1	56	0	2	3	4.06258e-03	-5.99053e-01	1.54664e+01
110	1	57	0	2	3	4.09214e-03	-5.86039e-01	1.64493e+01
110	1	58	0	2	3	3.95555e-03	-5.94720e-01	1.73351e+01
110	1	59	0	2	3	4.36401e-03	-6.15124e-01	1.82834e+01
110	1	60	0	2	3	4.08317e-03	-5.91759e-01	1.60209e+01
110	1	61	0	2	3	3.83189e-03	-5.53385e-01	1.53223e+01
110	1	62	0	2	3	4.07324e-03	-5.85444e-01	1.48165e+01
110	1	63	0	2	3	4.26376e-03	-6.01609e-01	1.70911e+01
110	1	64	0	2	3	3.92512e-03	-5.83487e-01	1.62799e+01
110	1	65	0	2	3	4.25528e-03	-5.96844e-01	1.62311e+01
110	1	66	0	2	3	4.44984e-03	-6.25487e-01	1.57109e+01
110	1	67	0	2	3	4.65104e-03	-6.26766e-01	1.58519e+01
110	1	68	0	2	3	3.49445e-03	-5.39420e-01	1.37967e+01
110	1	69	0	2	3	4.27730e-03	-5.98986e-01	1.63418e+01
110	1	70	0	2	3	4.24178e-03	-6.02609e-01	1.63358e+01
110	1	71	0	2	3	4.32886e-03	-6.14008e-01	1.69532e+01
110	1	72	0	2	3	3.86269e-03	-5.69889e-01	1.52208e+01
110	1	73	0	2	3	4.13500e-03	-5.94941e-01	1.70429e+01
110	1	74	0	2	3	4.36679e-03	-6.07244e-01	1.50548e+01
110	1	75	0	2	3	4.20823e-03	-6.01052e-01	1.60832e+01
110	1	76	0	2	3	3.67899e-03	-5.57475e-01	1.48493e+01
110	1	77	0	2	3	3.94314e-03	-5.83500e-01	1.58211e+01
110	1	78	0	2	3	4.33294e-03	-6.07347e-01	1.50471e+01
110	1	79	0	2	3	4.16620e-03	-5.92422e-01	1.57754e+01
110	1	80	0	2	3	4.00054e-03	-5.77655e-01	1.50528e+01
110	1	81	0	2	3	4.19206e-03	-5.88032e-01	1.49409e+01
110	1	82	0	2	3	4.30475e-03	-6.02253e-01	1.63879e+01
110	1	83	0	2	3	4.18822e-03	-5.83171e-01	1.51696e+01
110	1	84	0	2	3	3.40849e-03	-5.29128e-01	1.36696e+01
110	1	85	0	2	3	3.51468e-03	-5.44962e-01	1.45629e+01
110	1	86	0	2	3	4.65981e-03	-6.28867e-01	1.66203e+01
110	1	87	0	2	3	4.41286e-03	-5.98509e-01	1.41269e+01
110	1	88	0	2	3	3.28054e-03	-5.31119e-01	1.47124e+01
110	1	89	0	2	3	3.83049e-03	-5.69360e-01	1.46147e+01
110	1	90	0	2	3	4.14526e-03	-5.92039e-01	1.48949e+01
110	1	91	0	2	3	4.44627e-03	-6.06435e-01	1.60756e+01
110	1	92	0	2	3	3.89830e-03	-5.67946e-01	1.48698e+01
110	1	93	0	2	3	4.13458e-03	-5.85584e-01	1.53821e+01
110	1	94	0	2	3	3.93146e-03	-5.83082e-01	1.60002e+01
110	1	95	0	2	3	4.43698e-03	-6.14495e-01	1.56312e+01
110	1	96	0	2	3	3.78760e-03	-5.65441e-01	1.45847e+01
110	1	97	0	2	3	4.05972e-03	-5.80860e-01	1.57261e+01
110	1	98	0	2	3	4.12443e-03	-6.07766e-01	1.67185e+01
110	1	99	0	2	3	4.38717e-03	-6.08167e-01	1.55887e+01
110	1	100	0	2	3	3.76063e-03	-5.52362e-01	1.48002e+01
110	1	101	0	2	3	3.92700e-03	-5.70280e-01	1.54012e+01
110	1	102	0	2	3	4.58370e-03	-6.30676e-01	1.61993e+01
110	1	103	0	2	3	4.74561e-03	-6.28992e-01	1.57739e+01
110	1	104	0	2	3	3.83489e-03	-5.70029e-01	1.51525e+01
110	1	105	0	2	3	4.09813e-03	-5.81341e-01	1.53090e+01
110	1	106	0	2	3	4.41796e-03	-6.15887e-01	1.67093e+01
110	1	107	0	2	3	4.68909e-03	-6.24513e-01	1.58413e+01
110	1	108	0	2	3	3.43214e-03	-5.41370e-01	1.53958e+01
110	1	109	0	2	3	3.35224e-03	-5.38608e-01	1.52731e+01
110	1	110	0	2	3	4.23553e-03	-6.03815e-01	1.57417e+01
110	1	111	0	2	3	4.56889e-03	-6.30689e-01	1.74189e+01
110	1	112	0	2	3	3.91580e-03	-5.75615e-01	1.50518e+01
110	1	113	0	2	3	3.48183e-03	-5.43041e-01	1.48186e+01
110	1	114	0	2	3	4.36659e-03	-6.18422e-01	1.57059e+01
110	1	115	0	2	3	4.78914e-03	-6.36344e-01	1.61383e+01
110	1	116	0	2	3	3.32589e-03	-5.37597e-01	1.46012e+01
110	1	117	0	2	3	4.39920e-03	-6.04946e-01	1.57649e+01
110	1	118	0	2	3	4.74612e-03	-6.30285e-01	1.51909e+01
110	1	119	0	2	3	4.79102e-03	-6.33395e-01	1.64037e+01
110	1	120	0	2	3	3.64412e-03	-5.53996e-01	1.44964e+01
110	1	121	0	2	3	4.45876e-03	-6.04539e-01	1.54615e+01
110	1	122	0	2	3	4.85833e-03	-6.56925e-01	1.79242e+01
110	1	123	0	2	3	3.17580e-03	-5.37693e-01	1.62198e+01
110	1	124	0	2	3	3.73622e-03	-5.53340e-01	1.41047e+01
110	1	125	0	2	3	4.01618e-03	-5.86310e-01	1.57357e+01
110	1	126	0	2	3	5.97066e-03	-7.15932e-01	1.75859e+01
110	1	127	0	2	3	4.87382e-03	-6.41436e-01	1.63817e+01
110	1	128	0	2	3	2.78536e-03	-5.19200e-01	1.50212e+01
110	1	129	0	2	3	5.47458e-03	-7.09657e-01	1.82886e+01
110	1	130	0	2	3	4.73000e-03	-6.53151e-01	1.64214e+01
110	1	131	0	2	3	5.20375e-03	-6.72431e-01	1.69842e+01
110	1	132	0	2	3	4.55807e-03	-6.51707e-01	1.76873e+01
110	1	133	0	2	3	3.77776e-03	-5.62753e-01	1.46990e+01
110	1	134	0	2	3	3.88103e-03	-6.05816e-01	1.68044e+01
110	1	135	0	2	3	3.07244e-03	-4.99553e-01	1.37850e+01
110	1	136	0	2	3	-7.35916e-03	2.54560e-01	8.38780e-01
110	1	137	0	2	3	5.06587e-03	-6.75998e-01	1.75163e+01
110	1	138	0	2	3	4.74391e-03	-6.55080e-01	1.69780e+01
110	1	139	0	2	3	4.54255e-03	-6.28339e-01	1.66229e+01
110	1	140	0	2	3	5.70754e-04	-3.60940e-01	1.17132e+01
110	1	141	0	2	3	4.48444e-03	-6.26709e-01	1.60142e+01
110	1	142	0	2	3	5.25833e-03	-6.98717e-01	1.75180e+01
110	1	143	0	2	3	5.32004e-03	-6.89295e-01	1.79880e+01
110	1	144	0	2	3	2.30663e-03	-4.77019e-01	1.47598e+01
110	1	145	0	2	3	4.41342e-03	-5.97738e-01	1.54573e+01
110	1	146	0	2	3	1.95260e-03	-4.46220e-01	1.30548e+01
110	1	147	0	2	3	5.10190e-03	-6.61678e-01	1.59227e+01
110	1	148	0	2	3	1.18076e-03	-4.09413e-01	1.21338e+01
110	1	149	0	2	3	2.73628e-03	-5.03947e-01	1.47864e+01
110	1	150	0	2	3	9.26131e-04	-3.63143e-01	1.19328e+01
110	1	151	0	2	3	5.71156e-03	-7.07921e-01	1.75890e+01
110	1	152	0	2	3	-1.68837e-03	-1.90738e-01	9.67922e+00
110	1	153	0	2	3	-6.23017e-03	1.95343e-01	1.62978e+00
110	1	154	0	2	3	4.87385e-03	-6.58661e-01	1.71801e+01
110	1	155	0	2	3	3.91576e-03	-5.96664e-01	1.48321e+01
110	1	156	0	2	3	2.78562e-03	-5.00739e-01	1.41742e+01
110	1	157	0	2	3	5.21003e-04	-3.53406e-01	1.26753e+01
110	1	158	0	2	3	2.47541e-03	-4.88882e-01	1.48571e+01
110	1	159	0	2	3	3.42892e-03	-5.70231e-01	1.68810e+01
