##
#  file: HodoPHCParam_Dummy
#  date: 2016.06.15
#  note: first version
#
#
#######################################################################
# CId	PlId	Seg	UorD	Type	nParam	p0	p1	...
#
#	Type=0 no correction will be performed
#	Type=1 ct=t-p[0]/sqrt(a-p[1])+p[2]
#	Type=2 ct=p[0]*a*a + p[1]*a + p[2] for Fiber
#
#######################################################################
# BH1 Up                                                              #
#######################################################################
1	0	0	0	1	3	9.72882e+01	-2.42381e+01	1.93388e+01
1	0	1	0	1	3	8.39811e-01	2.30870e-01	9.07677e-01
1	0	2	0	1	3	7.96271e-01	2.02772e-01	8.76313e-01
1	0	3	0	1	3	1.24269e+00	-1.47574e-01	1.19840e+00
1	0	4	0	1	3	1.09931e+00	-7.72769e-02	1.08260e+00
1	0	5	0	1	3	1.05845e+00	1.40683e-01	1.18835e+00
1	0	6	0	1	3	1.24845e+00	-7.32092e-02	1.22011e+00
1	0	7	0	1	3	1.38494e+00	-1.69323e-01	1.29113e+00
1	0	8	0	1	3	1.12943e+00	-1.85789e-01	1.05048e+00
1	0	9	0	1	3	1.39270e+00	-1.82072e-01	1.30041e+00
1	0	10	0	1	3	1.71493e+02	-3.15885e+01	3.00372e+01
#######################################################################
# BH1 Down                                                            #
#######################################################################
1	0	0	1	1	3	1.69589e+00	-2.63702e-01	1.46458e+00
1	0	1	1	1	3	6.65147e-01	3.06785e-01	7.74182e-01
1	0	2	1	1	3	1.69164e+00	-4.50471e-01	1.36238e+00
1	0	3	1	1	3	7.14482e+01	-2.23619e+01	1.47724e+01
1	0	4	1	1	3	1.42431e+00	-1.84323e-01	1.31423e+00
1	0	5	1	1	3	1.48351e+00	-1.17877e-01	1.40777e+00
1	0	6	1	1	3	1.64799e+00	-3.01989e-01	1.48452e+00
1	0	7	1	1	3	1.48685e+00	-1.75507e-01	1.38619e+00
1	0	8	1	1	3	5.71792e-01	2.68423e-01	6.99614e-01
1	0	9	1	1	3	1.07020e+00	4.47097e-02	1.11772e+00
1	0	10	1	1	3	5.19525e-01	3.65790e-01	6.45791e-01
#######################################################################
# BH2 Up                                                              #
#######################################################################
2	0	0	0	1	3	-8.18257e-01	-1.05265e-01	-8.30711e-01
2	0	1	0	1	3	-1.11268e+00	-2.30993e-01	-1.04243e+00
2	0	2	0	1	3	-4.86561e+02	-7.92087e+01	-5.43775e+01
2	0	3	0	1	3	-9.76275e-01	-9.27962e-02	-9.55418e-01
2	0	4	0	1	3	-1.06865e+01	-5.37644e+00	-4.32147e+00
2	0	5	0	1	3	-6.01039e+00	-3.12295e+00	-2.96026e+00
2	0	6	0	1	3	-3.49013e+02	-5.97534e+01	-4.46905e+01
2	0	7	0	1	3	-3.06594e+02	-6.20561e+01	-3.85329e+01
#######################################################################
# BH2 Down                                                            #
#######################################################################
2	0	0	1	1	3	-8.18257e-01	-1.05265e-01	-8.30711e-01
2	0	1	1	1	3	-1.11268e+00	-2.30993e-01	-1.04243e+00
2	0	2	1	1	3	-4.86561e+02	-7.92087e+01	-5.43775e+01
2	0	3	1	1	3	-9.76275e-01	-9.27962e-02	-9.55418e-01
2	0	4	1	1	3	-1.06865e+01	-5.37644e+00	-4.32147e+00
2	0	5	1	1	3	-6.01039e+00	-3.12295e+00	-2.96026e+00
2	0	6	1	1	3	-3.49013e+02	-5.97534e+01	-4.46905e+01
2	0	7	1	1	3	-3.06594e+02	-6.20561e+01	-3.85329e+01
#######################################################################
# BAC                                                                 #
#######################################################################
3	0	0	0	1	3	0.00000e+00	0.00000e+00	0.00000e+00
3	0	1	0	1	3	0.00000e+00	0.00000e+00	0.00000e+00
#######################################################################
# FBH Up                                                              #
#######################################################################
4	0	0	0	2	3	-5.62952e-03	8.96903e-01	-3.53273e+01
4	0	1	0	2	3	-4.29399e-03	7.37975e-01	-3.00049e+01
4	0	2	0	2	3	-5.26894e-03	8.67305e-01	-3.38992e+01
4	0	3	0	2	3	-3.80183e-03	6.69237e-01	-2.72260e+01
4	0	4	0	2	3	-4.35014e-03	7.35785e-01	-2.92008e+01
4	0	5	0	2	3	-4.02541e-03	6.86907e-01	-2.70312e+01
4	0	6	0	2	3	-4.16660e-03	7.08229e-01	-2.81512e+01
4	0	7	0	2	3	-3.93117e-03	6.84759e-01	-2.69101e+01
4	0	8	0	2	3	-4.14423e-03	6.96902e-01	-2.65883e+01
4	0	9	0	2	3	-2.83372e-03	5.62925e-01	-2.20787e+01
4	0	10	0	2	3	-4.07944e-03	7.09420e-01	-2.75603e+01
4	0	11	0	2	3	-3.50961e-03	6.50113e-01	-2.64167e+01
4	0	12	0	2	3	-3.52415e-03	6.49734e-01	-2.67232e+01
4	0	13	0	2	3	-4.13420e-03	7.26957e-01	-2.99675e+01
4	0	14	0	2	3	-4.90315e-03	8.27563e-01	-3.35630e+01
4	0	15	0	2	3	-4.73048e-03	8.13189e-01	-3.31901e+01
#######################################################################
# FBH Down                                                            #
#######################################################################
4	0	0	1	2	3	-5.62952e-03	8.96903e-01	-3.53273e+01
4	0	1	1	2	3	-4.29399e-03	7.37975e-01	-3.00049e+01
4	0	2	1	2	3	-5.26894e-03	8.67305e-01	-3.38992e+01
4	0	3	1	2	3	-3.80183e-03	6.69237e-01	-2.72260e+01
4	0	4	1	2	3	-4.35014e-03	7.35785e-01	-2.92008e+01
4	0	5	1	2	3	-4.02541e-03	6.86907e-01	-2.70312e+01
4	0	6	1	2	3	-4.16660e-03	7.08229e-01	-2.81512e+01
4	0	7	1	2	3	-3.93117e-03	6.84759e-01	-2.69101e+01
4	0	8	1	2	3	-4.14423e-03	6.96902e-01	-2.65883e+01
4	0	9	1	2	3	-2.83372e-03	5.62925e-01	-2.20787e+01
4	0	10	1	2	3	-4.07944e-03	7.09420e-01	-2.75603e+01
4	0	11	1	2	3	-3.50961e-03	6.50113e-01	-2.64167e+01
4	0	12	1	2	3	-3.52415e-03	6.49734e-01	-2.67232e+01
4	0	13	1	2	3	-4.13420e-03	7.26957e-01	-2.99675e+01
4	0	14	1	2	3	-4.90315e-03	8.27563e-01	-3.35630e+01
4	0	15	1	2	3	-4.73048e-03	8.13189e-01	-3.31901e+01
#######################################################################
# PVAC                                                                #
#######################################################################
5	0	0	0	1	3	0.00000e+00	0.00000e+00	0.00000e+00
#######################################################################
# FAC                                                                 #
#######################################################################
6	0	0	0	1	3	0.00000e+00	0.00000e+00	0.00000e+00
#######################################################################
# SCH                                                                 #
#######################################################################
#7	0	0	0	2	3	-0.00500000	0.821213	-32.185321
#7	0	1	0	2	3	-0.00500000	0.830248	-32.269563
#7	0	2	0	2	3	-0.00500000	0.793073	-29.315934
#7	0	3	0	2	3	-0.00500000	0.772144	-28.276705
#7	0	4	0	2	3	-0.00500000	0.801968	-30.687167
#7	0	5	0	2	3	-0.00500000	0.778300	-28.439251
#7	0	6	0	2	3	-0.00500000	0.765872	-27.918181
#7	0	7	0	2	3	-0.00500000	0.738459	-26.016797
#7	0	8	0	2	3	-0.00500000	0.778318	-28.676371
#7	0	9	0	2	3	-0.00500000	0.776670	-28.892887
#7	0	10	0	2	3	-0.00500000	0.764278	-28.122474
#7	0	11	0	2	3	-0.00500000	0.790742	-29.423647
#7	0	12	0	2	3	-0.00500000	0.811330	-30.487019
#7	0	13	0	2	3	-0.00500000	0.818750	-30.891512
#7	0	14	0	2	3	-0.00500000	0.802541	-30.009136
#7	0	15	0	2	3	-0.00500000	0.809525	-30.751746
#7	0	16	0	2	3	-0.00500000	0.802597	-30.845509
#7	0	17	0	2	3	-0.00500000	0.835028	-32.780792
#7	0	18	0	2	3	-0.00500000	0.859176	-33.938731
#7	0	19	0	2	3	-0.00500000	0.814851	-31.445396
#7	0	20	0	2	3	-0.00500000	0.809426	-30.781087
#7	0	21	0	2	3	-0.00500000	0.780678	-28.888756
#7	0	22	0	2	3	-0.00500000	0.808206	-30.719604
#7	0	23	0	2	3	-0.00500000	0.774024	-27.858339
#7	0	24	0	2	3	-0.00500000	0.794308	-29.022101
#7	0	25	0	2	3	-0.00500000	0.775649	-27.980186
#7	0	26	0	2	3	-0.00500000	0.788483	-28.687567
#7	0	27	0	2	3	-0.00466315	0.771386	-29.253260
#7	0	28	0	2	3	-0.00483132	0.790854	-28.637741
#7	0	29	0	2	3	-0.00497049	0.812994	-30.786914
#7	0	30	0	2	3	-0.00500000	0.787793	-28.362716
#7	0	31	0	2	3	-0.00500000	0.790759	-28.876812
#7	0	32	0	2	3	-0.00500000	0.824826	-31.655285
#7	0	33	0	2	3	-0.00500000	0.845304	-33.407765
#7	0	34	0	2	3	-0.00500000	0.832263	-32.939799
#7	0	35	0	2	3	-0.00500000	0.820631	-31.695372
#7	0	36	0	2	3	-0.00500000	0.836997	-33.200590
#7	0	37	0	2	3	-0.00500000	0.819690	-32.097193
#7	0	38	0	2	3	-0.00500000	0.808109	-31.263214
#7	0	39	0	2	3	-0.00500000	0.815224	-31.135523
#7	0	40	0	2	3	-0.00500000	0.803398	-29.897923
#7	0	41	0	2	3	-0.00500000	0.815685	-31.165519
#7	0	42	0	2	3	-0.00500000	0.812980	-30.737261
#7	0	43	0	2	3	-0.00500000	0.829418	-32.693307
#7	0	44	0	2	3	-0.00500000	0.789530	-29.464920
#7	0	45	0	2	3	-0.00500000	0.804789	-31.208151
#7	0	46	0	2	3	-0.00500000	0.830106	-32.806514
#7	0	47	0	2	3	-0.00500000	0.819206	-31.373242
#7	0	48	0	2	3	-0.00500000	0.816165	-31.709319
#7	0	49	0	2	3	-0.00500000	0.798496	-30.201709
#7	0	50	0	2	3	-0.00500000	0.812167	-31.795745
#7	0	51	0	2	3	-0.00500000	0.810749	-31.375226
#7	0	52	0	2	3	-0.00500000	0.803385	-31.372512
#7	0	53	0	2	3	-0.00500000	0.777405	-29.262831
#7	0	54	0	2	3	-0.00500000	0.783954	-29.763410
#7	0	55	0	2	3	-0.00500000	0.789443	-29.976449
#7	0	56	0	2	3	-0.00500000	0.838828	-33.261086
#7	0	57	0	2	3	-0.00500000	0.804421	-30.573195
#7	0	58	0	2	3	-0.00500000	0.773283	-29.111048
#7	0	59	0	2	3	-0.00500000	0.811789	-31.449459
#7	0	60	0	2	3	-0.00500000	0.759724	-28.110014
#7	0	61	0	2	3	-0.00500000	0.810884	-31.379063
#7	0	62	0	2	3	-0.00500000	0.771910	-28.435006
#7	0	63	0	2	3	-0.00500000	0.796658	-30.511906
#######################################################################
# TOF Up                                                              #
#######################################################################
7	0	0	0	1	3	5.24830e+00	-1.96630e+00	2.96170e+00
7	0	1	0	1	3	5.24830e+00	-1.96630e+00	2.96170e+00
7	0	2	0	1	3	5.24830e+00	-1.96630e+00	2.96170e+00
7	0	3	0	1	3	5.24830e+00	-1.96630e+00	2.96170e+00
7	0	4	0	1	3	5.24830e+00	-1.96630e+00	2.96170e+00
7	0	5	0	1	3	5.24830e+00	-1.96630e+00	2.96170e+00
7	0	6	0	1	3	6.97090e+00	-3.03520e+00	3.39910e+00
7	0	7	0	1	3	4.05450e+00	-1.96150e+00	2.30360e+00
7	0	8	0	1	3	1.16940e+02	-2.98600e+01	2.09880e+01
7	0	9	0	1	3	5.24830e+00	-1.96630e+00	2.96170e+00
7	0	10	0	1	3	5.24830e+00	-1.96630e+00	2.96170e+00
7	0	11	0	1	3	5.24830e+00	-1.96630e+00	2.96170e+00
7	0	12	0	1	3	5.24830e+00	-1.96630e+00	2.96170e+00
7	0	13	0	1	3	5.24830e+00	-1.96630e+00	2.96170e+00
7	0	14	0	1	3	5.24830e+00	-1.96630e+00	2.96170e+00
7	0	15	0	1	3	5.24830e+00	-1.96630e+00	2.96170e+00
7	0	16	0	1	3	5.24830e+00	-1.96630e+00	2.96170e+00
7	0	17	0	1	3	5.24830e+00	-1.96630e+00	2.96170e+00
7	0	18	0	1	3	5.24830e+00	-1.96630e+00	2.96170e+00
7	0	19	0	1	3	7.11491e-01	1.85180e-03	5.82402e-01
7	0	20	0	1	3	5.59404e-01	-1.73810e-03	4.50716e-01
7	0	21	0	1	3	8.92499e-01	1.99900e-03	7.37364e-01
7	0	22	0	1	3	6.37553e-01	1.99960e-03	5.45449e-01
7	0	23	0	1	3	1.19210e+00	1.98920e-03	9.99994e-01
#######################################################################
# TOF Down                                                            #
#######################################################################
7	0	0	1	1	3	5.84300e+00	-2.30730e+00	3.11320e+00
7	0	1	1	1	3	5.84300e+00	-2.30730e+00	3.11320e+00
7	0	2	1	1	3	5.84300e+00	-2.30730e+00	3.11320e+00
7	0	3	1	1	3	5.84300e+00	-2.30730e+00	3.11320e+00
7	0	4	1	1	3	5.84300e+00	-2.30730e+00	3.11320e+00
7	0	5	1	1	3	5.84300e+00	-2.30730e+00	3.11320e+00
7	0	6	1	1	3	1.41330e+01	-5.81170e+00	5.32680e+00
7	0	7	1	1	3	7.84850e+01	-2.02870e+01	1.69500e+01
7	0	8	1	1	3	2.20240e+02	-3.62440e+01	3.60080e+01
7	0	9	1	1	3	5.84300e+00	-2.30730e+00	3.11320e+00
7	0	10	1	1	3	5.84300e+00	-2.30730e+00	3.11320e+00
7	0	11	1	1	3	5.84300e+00	-2.30730e+00	3.11320e+00
7	0	12	1	1	3	5.84300e+00	-2.30730e+00	3.11320e+00
7	0	13	1	1	3	5.84300e+00	-2.30730e+00	3.11320e+00
7	0	14	1	1	3	5.84300e+00	-2.30730e+00	3.11320e+00
7	0	15	1	1	3	5.84300e+00	-2.30730e+00	3.11320e+00
7	0	16	1	1	3	5.84300e+00	-2.30730e+00	3.11320e+00
7	0	17	1	1	3	5.84300e+00	-2.30730e+00	3.11320e+00
7	0	18	1	1	3	5.84300e+00	-2.30730e+00	3.11320e+00
7	0	19	1	1	3	6.18741e-01	1.99860e-03	4.90831e-01
7	0	20	1	1	3	5.75901e-01	1.04210e-03	4.72509e-01
7	0	21	1	1	3	9.41046e-01	1.99890e-03	7.79357e-01
7	0	22	1	1	3	4.84266e-01	-1.95590e-03	3.99786e-01
7	0	23	1	1	3	8.97714e-01	1.99860e-03	7.56300e-01
#######################################################################
# BFT U                                                               #
#######################################################################
110	0	0	0	2	3	-2.15783e-02	1.26121e+00	-1.48061e+01
110	0	1	0	2	3	9.64627e-04	-2.94196e-01	1.19385e+01
110	0	2	0	2	3	-8.35419e-03	2.63223e-01	3.50064e+00
110	0	3	0	2	3	9.65799e-04	-3.21810e-01	1.10978e+01
110	0	4	0	2	3	-2.47017e-03	-7.59666e-02	7.49979e+00
110	0	5	0	2	3	-6.41414e-04	-2.28164e-01	1.11317e+01
110	0	6	0	2	3	3.42023e-03	-5.33464e-01	1.55997e+01
110	0	7	0	2	3	-7.06591e-03	2.89724e-01	6.84582e-01
110	0	8	0	2	3	4.10308e-03	-5.77285e-01	1.64956e+01
110	0	9	0	2	3	5.64150e-04	-3.08412e-01	1.20743e+01
110	0	10	0	2	3	2.20268e-03	-4.41609e-01	1.44220e+01
110	0	11	0	2	3	-2.86975e-03	-4.96039e-02	7.22277e+00
110	0	12	0	2	3	4.02632e-03	-5.76889e-01	1.61353e+01
110	0	13	0	2	3	4.08464e-04	-2.92299e-01	1.15511e+01
110	0	14	0	2	3	2.59925e-03	-4.82370e-01	1.44997e+01
110	0	15	0	2	3	6.17377e-04	-3.21983e-01	1.24401e+01
110	0	16	0	2	3	3.99671e-03	-5.68135e-01	1.55884e+01
110	0	17	0	2	3	3.31466e-03	-5.18478e-01	1.54944e+01
110	0	18	0	2	3	5.45926e-03	-6.67662e-01	1.71068e+01
110	0	19	0	2	3	3.60179e-03	-5.49533e-01	1.51708e+01
110	0	20	0	2	3	4.13584e-03	-5.76158e-01	1.61612e+01
110	0	21	0	2	3	2.03824e-03	-4.24728e-01	1.40779e+01
110	0	22	0	2	3	3.91739e-03	-5.72857e-01	1.61916e+01
110	0	23	0	2	3	4.37481e-03	-5.78818e-01	1.63181e+01
110	0	24	0	2	3	3.35132e-03	-5.21410e-01	1.55364e+01
110	0	25	0	2	3	3.82777e-03	-5.49360e-01	1.65266e+01
110	0	26	0	2	3	3.75832e-03	-5.59604e-01	1.59672e+01
110	0	27	0	2	3	3.61578e-03	-5.31765e-01	1.55702e+01
110	0	28	0	2	3	3.47832e-03	-5.32131e-01	1.49506e+01
110	0	29	0	2	3	3.36008e-03	-5.11518e-01	1.47891e+01
110	0	30	0	2	3	3.88753e-03	-5.71216e-01	1.60495e+01
110	0	31	0	2	3	4.78832e-03	-6.30498e-01	1.76166e+01
110	0	32	0	2	3	3.32277e-03	-5.32533e-01	1.56842e+01
110	0	33	0	2	3	5.40104e-03	-6.37926e-01	1.46393e+01
110	0	34	0	2	3	4.40621e-03	-6.01724e-01	1.65286e+01
110	0	35	0	2	3	3.74443e-03	-5.59775e-01	1.63613e+01
110	0	36	0	2	3	4.05061e-03	-5.68979e-01	1.58018e+01
110	0	37	0	2	3	3.26825e-03	-5.24221e-01	1.66799e+01
110	0	38	0	2	3	4.03117e-03	-5.67650e-01	1.52564e+01
110	0	39	0	2	3	4.66403e-03	-6.16020e-01	1.69126e+01
110	0	40	0	2	3	3.89965e-03	-5.55583e-01	1.54186e+01
110	0	41	0	2	3	3.63982e-03	-5.35298e-01	1.64557e+01
110	0	42	0	2	3	4.02242e-03	-5.66380e-01	1.51790e+01
110	0	43	0	2	3	3.41030e-03	-5.33193e-01	1.62230e+01
110	0	44	0	2	3	4.19047e-03	-5.88827e-01	1.63178e+01
110	0	45	0	2	3	3.97981e-03	-5.61174e-01	1.65237e+01
110	0	46	0	2	3	4.17405e-03	-5.95694e-01	1.66762e+01
110	0	47	0	2	3	4.12830e-03	-5.89458e-01	1.73750e+01
110	0	48	0	2	3	3.94110e-03	-5.62565e-01	1.47317e+01
110	0	49	0	2	3	5.23907e-03	-6.59588e-01	1.88638e+01
110	0	50	0	2	3	4.37383e-03	-5.97451e-01	1.67853e+01
110	0	51	0	2	3	3.62702e-03	-5.38761e-01	1.64963e+01
110	0	52	0	2	3	3.88239e-03	-5.58212e-01	1.52401e+01
110	0	53	0	2	3	4.36599e-03	-5.87929e-01	1.62448e+01
110	0	54	0	2	3	3.94718e-03	-5.74999e-01	1.61814e+01
110	0	55	0	2	3	4.74188e-03	-6.24392e-01	1.80356e+01
110	0	56	0	2	3	3.97709e-03	-5.81944e-01	1.72079e+01
110	0	57	0	2	3	4.09246e-03	-5.76155e-01	1.68228e+01
110	0	58	0	2	3	3.82121e-03	-5.63418e-01	1.69367e+01
110	0	59	0	2	3	4.49689e-03	-6.22194e-01	1.80779e+01
110	0	60	0	2	3	4.06613e-03	-5.81331e-01	1.58390e+01
110	0	61	0	2	3	3.88030e-03	-5.61500e-01	1.62823e+01
110	0	62	0	2	3	4.85106e-03	-6.31636e-01	1.69190e+01
110	0	63	0	2	3	3.90788e-03	-5.66002e-01	1.63024e+01
110	0	64	0	2	3	4.12353e-03	-5.91721e-01	1.67566e+01
110	0	65	0	2	3	3.90447e-03	-5.69524e-01	1.64917e+01
110	0	66	0	2	3	4.38177e-03	-6.15784e-01	1.73878e+01
110	0	67	0	2	3	3.58997e-03	-5.46028e-01	1.62058e+01
110	0	68	0	2	3	3.81985e-03	-5.75836e-01	1.70118e+01
110	0	69	0	2	3	3.85915e-03	-5.61196e-01	1.68169e+01
110	0	70	0	2	3	4.56916e-03	-6.35550e-01	1.81014e+01
110	0	71	0	2	3	4.26625e-03	-5.98021e-01	1.69600e+01
110	0	72	0	2	3	4.01884e-03	-5.87654e-01	1.60670e+01
110	0	73	0	2	3	3.75520e-03	-5.61386e-01	1.67067e+01
110	0	74	0	2	3	4.81383e-03	-6.47932e-01	1.82131e+01
110	0	75	0	2	3	4.29585e-03	-5.96092e-01	1.65845e+01
110	0	76	0	2	3	3.86398e-03	-5.66667e-01	1.57221e+01
110	0	77	0	2	3	3.62212e-03	-5.47882e-01	1.60263e+01
110	0	78	0	2	3	4.88501e-03	-6.48989e-01	1.75192e+01
110	0	79	0	2	3	4.31437e-03	-5.96687e-01	1.65237e+01
110	0	80	0	2	3	4.37604e-03	-6.04696e-01	1.64850e+01
110	0	81	0	2	3	4.10655e-03	-5.74802e-01	1.61428e+01
110	0	82	0	2	3	4.26583e-03	-5.95466e-01	1.68782e+01
110	0	83	0	2	3	4.15725e-03	-5.90090e-01	1.63759e+01
110	0	84	0	2	3	3.68907e-03	-5.58733e-01	1.62507e+01
110	0	85	0	2	3	3.96279e-03	-5.68682e-01	1.64140e+01
110	0	86	0	2	3	4.49797e-03	-6.25581e-01	1.72169e+01
110	0	87	0	2	3	3.33533e-03	-5.35978e-01	1.62125e+01
110	0	88	0	2	3	3.96816e-03	-5.71134e-01	1.57430e+01
110	0	89	0	2	3	3.81357e-03	-5.61309e-01	1.59027e+01
110	0	90	0	2	3	4.62554e-03	-6.25054e-01	1.68980e+01
110	0	91	0	2	3	4.42528e-03	-6.13284e-01	1.74775e+01
110	0	92	0	2	3	4.13146e-03	-6.00402e-01	1.73939e+01
110	0	93	0	2	3	4.56525e-03	-6.09744e-01	1.64375e+01
110	0	94	0	2	3	4.27230e-03	-6.23715e-01	1.89341e+01
110	0	95	0	2	3	4.18798e-03	-5.93340e-01	1.69176e+01
110	0	96	0	2	3	3.33585e-03	-5.42032e-01	1.60018e+01
110	0	97	0	2	3	3.96111e-03	-5.80403e-01	1.69805e+01
110	0	98	0	2	3	4.06236e-03	-5.95557e-01	1.69467e+01
110	0	99	0	2	3	4.74324e-03	-6.24470e-01	1.72136e+01
110	0	100	0	2	3	3.23523e-03	-5.26746e-01	1.62087e+01
110	0	101	0	2	3	3.33152e-03	-5.30770e-01	1.59356e+01
110	0	102	0	2	3	5.34719e-03	-6.83025e-01	1.82632e+01
110	0	103	0	2	3	3.80201e-03	-5.66150e-01	1.61114e+01
110	0	104	0	2	3	3.50181e-03	-5.52022e-01	1.58956e+01
110	0	105	0	2	3	4.07589e-03	-5.77873e-01	1.61350e+01
110	0	106	0	2	3	3.84889e-03	-5.68496e-01	1.60861e+01
110	0	107	0	2	3	4.97287e-03	-6.44153e-01	1.78593e+01
110	0	108	0	2	3	3.78696e-03	-5.69239e-01	1.69738e+01
110	0	109	0	2	3	4.13872e-03	-5.88590e-01	1.73299e+01
110	0	110	0	2	3	4.32308e-03	-6.03543e-01	1.75009e+01
110	0	111	0	2	3	5.25036e-03	-6.77324e-01	1.80901e+01
110	0	112	0	2	3	4.02841e-03	-5.75668e-01	1.58204e+01
110	0	113	0	2	3	4.40118e-03	-5.97729e-01	1.63267e+01
110	0	114	0	2	3	3.13206e-03	-5.26781e-01	1.64574e+01
110	0	115	0	2	3	4.74522e-03	-6.28103e-01	1.69740e+01
110	0	116	0	2	3	4.34122e-03	-6.09732e-01	1.73857e+01
110	0	117	0	2	3	2.66184e-03	-4.83289e-01	1.54792e+01
110	0	118	0	2	3	3.08581e-03	-5.28117e-01	1.67509e+01
110	0	119	0	2	3	4.53984e-03	-6.02981e-01	1.65084e+01
110	0	120	0	2	3	3.74698e-03	-5.71563e-01	1.68603e+01
110	0	121	0	2	3	4.67323e-03	-6.14914e-01	1.63146e+01
110	0	122	0	2	3	4.08906e-03	-5.91310e-01	1.72876e+01
110	0	123	0	2	3	4.50715e-03	-6.16995e-01	1.72172e+01
110	0	124	0	2	3	3.89464e-03	-5.67238e-01	1.71766e+01
110	0	125	0	2	3	4.57805e-03	-5.93848e-01	1.41884e+01
110	0	126	0	2	3	3.29217e-03	-5.17005e-01	1.55283e+01
110	0	127	0	2	3	3.20736e-03	-5.20124e-01	1.52021e+01
110	0	128	0	2	3	2.26747e-03	-4.92193e-01	1.57964e+01
110	0	129	0	2	3	2.94549e-03	-5.35599e-01	1.62594e+01
110	0	130	0	2	3	2.97069e-03	-5.31448e-01	1.72801e+01
110	0	131	0	2	3	3.07723e-03	-5.14606e-01	1.55257e+01
110	0	132	0	2	3	3.87252e-03	-5.92509e-01	1.77339e+01
110	0	133	0	2	3	3.77178e-03	-5.71980e-01	1.67685e+01
110	0	134	0	2	3	1.18237e-03	-4.03139e-01	1.48695e+01
110	0	135	0	2	3	2.15460e-03	-4.50305e-01	1.47573e+01
110	0	136	0	2	3	2.95531e-03	-5.25203e-01	1.63723e+01
110	0	137	0	2	3	2.28570e-03	-4.80725e-01	1.57357e+01
110	0	138	0	2	3	3.02916e-03	-5.37705e-01	1.75732e+01
110	0	139	0	2	3	4.36732e-03	-6.19027e-01	1.74107e+01
110	0	140	0	2	3	-1.66916e-02	9.44966e-01	-1.05949e+01
110	0	141	0	2	3	4.11502e-03	-6.10226e-01	1.76992e+01
110	0	142	0	2	3	3.85888e-03	-5.83182e-01	1.76016e+01
110	0	143	0	2	3	2.82165e-03	-5.04195e-01	1.59785e+01
110	0	144	0	2	3	3.57127e-03	-5.65703e-01	1.66182e+01
110	0	145	0	2	3	4.55767e-03	-6.19423e-01	1.71977e+01
110	0	146	0	2	3	2.49537e-03	-4.86424e-01	1.59803e+01
110	0	147	0	2	3	2.86721e-03	-5.07145e-01	1.55913e+01
110	0	148	0	2	3	9.19744e-04	-3.87315e-01	1.39767e+01
110	0	149	0	2	3	5.35403e-04	-3.50881e-01	1.29422e+01
110	0	150	0	2	3	2.71829e-03	-5.12722e-01	1.69677e+01
110	0	151	0	2	3	1.39368e-03	-4.17796e-01	1.40790e+01
110	0	152	0	2	3	1.77322e-03	-4.39274e-01	1.49129e+01
110	0	153	0	2	3	2.12775e-03	-4.75640e-01	1.54487e+01
110	0	154	0	2	3	2.68555e-03	-5.04623e-01	1.59603e+01
110	0	155	0	2	3	2.95028e-03	-5.26135e-01	1.53728e+01
110	0	156	0	2	3	-2.08672e-03	-1.05463e-01	8.34956e+00
110	0	157	0	2	3	-7.09380e-03	1.82081e-01	4.09564e+00
110	0	158	0	2	3	5.95155e-03	-8.07521e-01	2.38933e+01
110	0	159	0	2	3	6.28677e-03	-7.65165e-01	2.19006e+01
#######################################################################
# BFT D                                                               #
#######################################################################
110	1	0	0	2	3	2.47078e-03	-3.77719e-01	1.22710e+01
110	1	1	0	2	3	-1.85984e-02	1.10242e+00	-1.29319e+01
110	1	2	0	2	3	-1.23650e-02	5.64341e-01	-2.05881e+00
110	1	3	0	2	3	-6.93771e-03	3.39541e-01	-8.32401e-01
110	1	4	0	2	3	-1.30689e-02	6.34883e-01	-3.53904e+00
110	1	5	0	2	3	-8.92141e-03	3.76583e-01	1.87955e-01
110	1	6	0	2	3	3.79421e-03	-5.69256e-01	1.64339e+01
110	1	7	0	2	3	8.37440e-04	-3.23690e-01	1.20991e+01
110	1	8	0	2	3	3.57641e-03	-5.51556e-01	1.64964e+01
110	1	9	0	2	3	-1.46691e-02	8.35819e-01	-8.76954e+00
110	1	10	0	2	3	5.01073e-03	-6.57022e-01	1.82747e+01
110	1	11	0	2	3	-2.35486e-03	-1.03776e-01	8.15229e+00
110	1	12	0	2	3	4.39765e-04	-3.28362e-01	1.26887e+01
110	1	13	0	2	3	-4.03110e-04	-2.74741e-01	1.16025e+01
110	1	14	0	2	3	3.48146e-03	-5.38514e-01	1.59847e+01
110	1	15	0	2	3	2.59508e-03	-4.73479e-01	1.56109e+01
110	1	16	0	2	3	3.04315e-03	-5.03281e-01	1.55502e+01
110	1	17	0	2	3	2.64791e-03	-4.83755e-01	1.52288e+01
110	1	18	0	2	3	4.33081e-03	-6.04510e-01	1.69087e+01
110	1	19	0	2	3	1.97414e-03	-4.23498e-01	1.42306e+01
110	1	20	0	2	3	3.44216e-03	-5.56142e-01	1.62850e+01
110	1	21	0	2	3	5.29217e-03	-6.81728e-01	1.91420e+01
110	1	22	0	2	3	3.54816e-03	-5.46870e-01	1.54159e+01
110	1	23	0	2	3	3.00359e-03	-5.02396e-01	1.49687e+01
110	1	24	0	2	3	4.44105e-03	-6.20398e-01	1.78521e+01
110	1	25	0	2	3	2.70600e-03	-4.81961e-01	1.47652e+01
110	1	26	0	2	3	3.61877e-03	-5.59915e-01	1.66426e+01
110	1	27	0	2	3	4.26968e-03	-5.96423e-01	1.75191e+01
110	1	28	0	2	3	4.26860e-03	-6.12635e-01	1.77010e+01
110	1	29	0	2	3	3.37383e-03	-5.29975e-01	1.57408e+01
110	1	30	0	2	3	4.22118e-03	-5.99882e-01	1.75814e+01
110	1	31	0	2	3	4.14960e-03	-5.94400e-01	1.70907e+01
110	1	32	0	2	3	2.78917e-03	-4.98786e-01	1.60632e+01
110	1	33	0	2	3	3.67927e-03	-5.58619e-01	1.52388e+01
110	1	34	0	2	3	4.20962e-03	-5.88426e-01	1.58036e+01
110	1	35	0	2	3	3.71321e-03	-5.67216e-01	1.76847e+01
110	1	36	0	2	3	4.51589e-03	-6.10443e-01	1.74179e+01
110	1	37	0	2	3	3.64203e-03	-5.49667e-01	1.52912e+01
110	1	38	0	2	3	4.28669e-03	-5.99164e-01	1.74709e+01
110	1	39	0	2	3	3.57140e-03	-5.41561e-01	1.61324e+01
110	1	40	0	2	3	3.51768e-03	-5.39995e-01	1.61009e+01
110	1	41	0	2	3	3.86947e-03	-5.62902e-01	1.59074e+01
110	1	42	0	2	3	3.96086e-03	-5.69304e-01	1.61046e+01
110	1	43	0	2	3	4.32310e-03	-6.04261e-01	1.75830e+01
110	1	44	0	2	3	3.58660e-03	-5.52983e-01	1.65364e+01
110	1	45	0	2	3	3.54859e-03	-5.44249e-01	1.58817e+01
110	1	46	0	2	3	4.57186e-03	-6.26094e-01	1.68152e+01
110	1	47	0	2	3	4.25270e-03	-6.08437e-01	1.88865e+01
110	1	48	0	2	3	4.11779e-03	-5.87630e-01	1.68097e+01
110	1	49	0	2	3	3.06012e-03	-5.03744e-01	1.53425e+01
110	1	50	0	2	3	4.32971e-03	-6.09413e-01	1.72549e+01
110	1	51	0	2	3	3.60633e-03	-5.54525e-01	1.71014e+01
110	1	52	0	2	3	3.75334e-03	-5.74264e-01	1.69028e+01
110	1	53	0	2	3	3.69249e-03	-5.53794e-01	1.62763e+01
110	1	54	0	2	3	4.48854e-03	-6.26292e-01	1.77833e+01
110	1	55	0	2	3	4.05371e-03	-5.88534e-01	1.78529e+01
110	1	56	0	2	3	3.91900e-03	-5.89718e-01	1.72593e+01
110	1	57	0	2	3	3.94329e-03	-5.76699e-01	1.72776e+01
110	1	58	0	2	3	4.49929e-03	-6.36591e-01	1.90844e+01
110	1	59	0	2	3	4.23417e-03	-6.06817e-01	1.81221e+01
110	1	60	0	2	3	3.68694e-03	-5.62989e-01	1.64498e+01
110	1	61	0	2	3	4.14703e-03	-5.77805e-01	1.67983e+01
110	1	62	0	2	3	4.21780e-03	-5.97536e-01	1.60081e+01
110	1	63	0	2	3	3.69415e-03	-5.59995e-01	1.63440e+01
110	1	64	0	2	3	3.85802e-03	-5.77245e-01	1.71123e+01
110	1	65	0	2	3	4.08118e-03	-5.87861e-01	1.71522e+01
110	1	66	0	2	3	4.96374e-03	-6.64363e-01	1.84197e+01
110	1	67	0	2	3	4.19624e-03	-5.94868e-01	1.63137e+01
110	1	68	0	2	3	3.34630e-03	-5.28405e-01	1.55919e+01
110	1	69	0	2	3	4.00839e-03	-5.80731e-01	1.70817e+01
110	1	70	0	2	3	3.54618e-03	-5.54316e-01	1.65484e+01
110	1	71	0	2	3	4.28414e-03	-6.09039e-01	1.78877e+01
110	1	72	0	2	3	3.99273e-03	-5.79454e-01	1.64367e+01
110	1	73	0	2	3	4.25270e-03	-6.05716e-01	1.83300e+01
110	1	74	0	2	3	4.35485e-03	-6.03130e-01	1.59835e+01
110	1	75	0	2	3	4.15478e-03	-5.97676e-01	1.70916e+01
110	1	76	0	2	3	3.82710e-03	-5.67160e-01	1.60339e+01
110	1	77	0	2	3	4.38098e-03	-6.12981e-01	1.73648e+01
110	1	78	0	2	3	4.06610e-03	-5.91284e-01	1.59047e+01
110	1	79	0	2	3	3.87162e-03	-5.70606e-01	1.64635e+01
110	1	80	0	2	3	3.99508e-03	-5.75451e-01	1.60603e+01
110	1	81	0	2	3	4.49540e-03	-6.10537e-01	1.64338e+01
110	1	82	0	2	3	3.48705e-03	-5.48140e-01	1.66463e+01
110	1	83	0	2	3	4.12474e-03	-5.79706e-01	1.62441e+01
110	1	84	0	2	3	3.60429e-03	-5.43302e-01	1.50597e+01
110	1	85	0	2	3	3.68160e-03	-5.56857e-01	1.59017e+01
110	1	86	0	2	3	4.14506e-03	-5.95146e-01	1.72185e+01
110	1	87	0	2	3	4.50566e-03	-6.03217e-01	1.53322e+01
110	1	88	0	2	3	3.66138e-03	-5.57886e-01	1.63253e+01
110	1	89	0	2	3	3.69395e-03	-5.56452e-01	1.54874e+01
110	1	90	0	2	3	3.70544e-03	-5.63217e-01	1.56144e+01
110	1	91	0	2	3	4.31527e-03	-5.95416e-01	1.60092e+01
110	1	92	0	2	3	3.99205e-03	-5.77570e-01	1.62844e+01
110	1	93	0	2	3	4.05193e-03	-5.83236e-01	1.65646e+01
110	1	94	0	2	3	4.40725e-03	-6.16138e-01	1.77419e+01
110	1	95	0	2	3	3.74786e-03	-5.70470e-01	1.61539e+01
110	1	96	0	2	3	4.10063e-03	-5.84487e-01	1.60228e+01
110	1	97	0	2	3	3.45467e-03	-5.40646e-01	1.52846e+01
110	1	98	0	2	3	4.64212e-03	-6.47951e-01	1.86716e+01
110	1	99	0	2	3	3.74512e-03	-5.63237e-01	1.60652e+01
110	1	100	0	2	3	3.21268e-03	-5.10407e-01	1.52065e+01
110	1	101	0	2	3	3.57430e-03	-5.51766e-01	1.54300e+01
110	1	102	0	2	3	4.38693e-03	-6.19985e-01	1.73131e+01
110	1	103	0	2	3	4.05591e-03	-5.84130e-01	1.63224e+01
110	1	104	0	2	3	3.67229e-03	-5.58351e-01	1.61923e+01
110	1	105	0	2	3	3.47154e-03	-5.45454e-01	1.51070e+01
110	1	106	0	2	3	4.35063e-03	-6.13294e-01	1.79662e+01
110	1	107	0	2	3	4.32011e-03	-6.00954e-01	1.57343e+01
110	1	108	0	2	3	4.18231e-03	-5.92297e-01	1.74937e+01
110	1	109	0	2	3	3.76861e-03	-5.64009e-01	1.59374e+01
110	1	110	0	2	3	3.68912e-03	-5.77022e-01	1.68157e+01
110	1	111	0	2	3	4.18317e-03	-5.99687e-01	1.70982e+01
110	1	112	0	2	3	4.62214e-03	-6.26604e-01	1.72392e+01
110	1	113	0	2	3	3.68803e-03	-5.53578e-01	1.62005e+01
110	1	114	0	2	3	4.50308e-03	-6.25236e-01	1.70550e+01
110	1	115	0	2	3	4.27800e-03	-6.06702e-01	1.70480e+01
110	1	116	0	2	3	4.58869e-03	-6.21079e-01	1.72403e+01
110	1	117	0	2	3	3.46389e-03	-5.44667e-01	1.61678e+01
110	1	118	0	2	3	4.45592e-03	-6.11087e-01	1.61853e+01
110	1	119	0	2	3	4.51678e-03	-6.12669e-01	1.73750e+01
110	1	120	0	2	3	3.34608e-03	-5.33189e-01	1.54705e+01
110	1	121	0	2	3	3.56206e-03	-5.47156e-01	1.59471e+01
110	1	122	0	2	3	3.34004e-03	-5.44167e-01	1.71583e+01
110	1	123	0	2	3	6.07295e-04	-3.40819e-01	1.38492e+01
110	1	124	0	2	3	4.39713e-03	-5.92343e-01	1.59564e+01
110	1	125	0	2	3	4.32246e-03	-6.15180e-01	1.77465e+01
110	1	126	0	2	3	3.45959e-03	-5.36995e-01	1.58212e+01
110	1	127	0	2	3	4.02602e-03	-5.79149e-01	1.66451e+01
110	1	128	0	2	3	4.19588e-03	-6.27074e-01	1.84129e+01
110	1	129	0	2	3	4.06169e-03	-6.15401e-01	1.81346e+01
110	1	130	0	2	3	3.73708e-03	-5.78623e-01	1.63727e+01
110	1	131	0	2	3	4.34045e-03	-6.04141e-01	1.70189e+01
110	1	132	0	2	3	4.70006e-03	-6.46629e-01	1.86475e+01
110	1	133	0	2	3	5.01112e-03	-6.52549e-01	1.76607e+01
110	1	134	0	2	3	5.25252e-03	-6.93966e-01	1.94929e+01
110	1	135	0	2	3	3.91706e-03	-5.75790e-01	1.57787e+01
110	1	136	0	2	3	3.17683e-03	-5.50676e-01	1.73971e+01
110	1	137	0	2	3	4.95445e-03	-6.56094e-01	1.73359e+01
110	1	138	0	2	3	2.92842e-03	-5.16790e-01	1.57161e+01
110	1	139	0	2	3	4.76753e-03	-6.48072e-01	1.73961e+01
110	1	140	0	2	3	4.10702e-03	-6.05003e-01	1.70890e+01
110	1	141	0	2	3	3.40105e-03	-5.50704e-01	1.60201e+01
110	1	142	0	2	3	4.86073e-03	-6.45249e-01	1.73306e+01
110	1	143	0	2	3	3.92259e-03	-5.83013e-01	1.72870e+01
110	1	144	0	2	3	4.71921e-03	-6.50277e-01	1.80676e+01
110	1	145	0	2	3	4.55046e-03	-6.18097e-01	1.72079e+01
110	1	146	0	2	3	4.02947e-03	-6.01872e-01	1.71185e+01
110	1	147	0	2	3	3.82442e-03	-5.76241e-01	1.58664e+01
110	1	148	0	2	3	3.40117e-03	-5.50643e-01	1.66433e+01
110	1	149	0	2	3	2.74410e-03	-4.98421e-01	1.58001e+01
110	1	150	0	2	3	4.08142e-03	-5.94689e-01	1.73733e+01
110	1	151	0	2	3	6.45380e-03	-7.65368e-01	1.99043e+01
110	1	152	0	2	3	5.46567e-03	-7.04903e-01	2.00055e+01
110	1	153	0	2	3	-2.52583e-03	-1.01513e-01	8.75209e+00
110	1	154	0	2	3	3.89624e-03	-5.83709e-01	1.70589e+01
110	1	155	0	2	3	3.95916e-03	-5.79419e-01	1.64565e+01
110	1	156	0	2	3	6.56836e-03	-8.09159e-01	2.17047e+01
110	1	157	0	2	3	-4.40218e-03	3.21861e-02	6.29833e+00
110	1	158	0	2	3	-2.42419e-02	1.47585e+00	-1.85873e+01
110	1	159	0	2	3	-1.40041e-02	7.36430e-01	-6.16437e+00
