##
#  file: HodoPHCParam_Dummy
#  date: 2016.06.15
#  note: first version
#
#
#######################################################################
# CId	PlId	Seg	UorD	Type	nParam	p0	p1	...
#
#	Type=0 no correction will be performed
#	Type=1 ct=t-p[0]/sqrt(a-p[1])+p[2]
#	Type=2 ct=p[0]*a*a + p[1]*a + p[2] for Fiber
#
#######################################################################
# BH1 Up                                                              #
#######################################################################
1	0	0	0	1	3	5.08705e+00	-1.98362e+00	2.93454e+00
1	0	1	0	1	3	6.69706e-01	2.91546e-01	8.10244e-01
1	0	2	0	1	3	5.01779e-01	3.94271e-01	6.64278e-01
1	0	3	0	1	3	7.45330e-01	1.66754e-01	8.56036e-01
1	0	4	0	1	3	8.52890e-01	8.60054e-02	9.27134e-01
1	0	5	0	1	3	1.69981e+00	-1.50393e-01	1.62794e+00
1	0	6	0	1	3	1.58582e+00	-2.35346e-01	1.46587e+00
1	0	7	0	1	3	1.61970e+00	-1.46184e-01	1.54504e+00
1	0	8	0	1	3	1.37546e+00	-2.52696e-01	1.28233e+00
1	0	9	0	1	3	1.74814e+00	-2.76223e-01	1.64100e+00
1	0	10	0	1	3	1.60339e+01	-4.62629e+00	6.81205e+00
#######################################################################
# BH1 Down                                                            #
#######################################################################
1	0	0	1	1	3	1.33519e+00	-9.13138e-02	1.27257e+00
1	0	1	1	1	3	6.24909e-01	2.88647e-01	7.65429e-01
1	0	2	1	1	3	6.68954e-01	2.21542e-01	7.45264e-01
1	0	3	1	1	3	1.32364e+00	-4.57464e-01	1.08318e+00
1	0	4	1	1	3	1.18002e+00	-7.91080e-02	1.17008e+00
1	0	5	1	1	3	2.07299e+00	-4.79828e-01	1.70935e+00
1	0	6	1	1	3	1.96000e+00	-5.20196e-01	1.63958e+00
1	0	7	1	1	3	1.89852e+00	-4.50289e-01	1.60743e+00
1	0	8	1	1	3	1.02469e+00	-6.73213e-02	1.04734e+00
1	0	9	1	1	3	1.64894e+00	-1.85977e-01	1.61292e+00
1	0	10	1	1	3	7.15603e-01	2.22738e-01	8.54972e-01
#######################################################################
# BH2 Up                                                              #
#######################################################################
2	0	0	0	1	3	1.43047e-01	2.98695e-01	2.00085e-01
2	0	1	0	1	3	8.79554e-01	-2.31747e-01	7.85839e-01
2	0	2	0	1	3	5.94572e-01	-4.97541e-01	4.68956e-01
2	0	3	0	1	3	1.91725e-01	3.94747e-02	1.91115e-01
2	0	4	0	1	3	3.31184e-01	-9.38469e-02	3.15823e-01
2	0	5	0	1	3	1.99769e-01	2.70254e-01	2.37321e-01
2	0	6	0	1	3	2.58948e-01	2.41832e-01	3.10133e-01
2	0	7	0	1	3	3.50426e-01	8.80094e-02	3.70898e-01
#######################################################################
# BH2 Down                                                            #
#######################################################################
2	0	0	1	1	3	3.94607e-01	-1.85207e-01	3.84440e-01
2	0	1	1	1	3	9.92155e-01	-3.85817e-01	8.32122e-01
2	0	2	1	1	3	4.10986e-01	-9.27803e-02	3.90143e-01
2	0	3	1	1	3	1.76416e-01	4.84160e-02	1.75490e-01
2	0	4	1	1	3	2.42956e-01	1.23979e-01	2.64593e-01
2	0	5	1	1	3	3.57967e-01	4.32013e-02	3.63973e-01
2	0	6	1	1	3	1.22093e+00	-6.67168e-01	9.30075e-01
2	0	7	1	1	3	2.92156e-01	-4.36810e-03	2.98702e-01
#######################################################################
# BAC                                                                 #
#######################################################################
3	0	0	0	1	3	0.00000e+00	0.00000e+00	0.00000e+00
3	0	1	0	1	3	0.00000e+00	0.00000e+00	0.00000e+00
#######################################################################
# FBH Up                                                              #
#######################################################################
4	0	0	0	2	3	-5.62952e-03	8.96903e-01	-3.53273e+01
4	0	1	0	2	3	-4.29399e-03	7.37975e-01	-3.00049e+01
4	0	2	0	2	3	-5.26894e-03	8.67305e-01	-3.38992e+01
4	0	3	0	2	3	-3.80183e-03	6.69237e-01	-2.72260e+01
4	0	4	0	2	3	-4.35014e-03	7.35785e-01	-2.92008e+01
4	0	5	0	2	3	-4.02541e-03	6.86907e-01	-2.70312e+01
4	0	6	0	2	3	-4.16660e-03	7.08229e-01	-2.81512e+01
4	0	7	0	2	3	-3.93117e-03	6.84759e-01	-2.69101e+01
4	0	8	0	2	3	-4.14423e-03	6.96902e-01	-2.65883e+01
4	0	9	0	2	3	-2.83372e-03	5.62925e-01	-2.20787e+01
4	0	10	0	2	3	-4.07944e-03	7.09420e-01	-2.75603e+01
4	0	11	0	2	3	-3.50961e-03	6.50113e-01	-2.64167e+01
4	0	12	0	2	3	-3.52415e-03	6.49734e-01	-2.67232e+01
4	0	13	0	2	3	-4.13420e-03	7.26957e-01	-2.99675e+01
4	0	14	0	2	3	-4.90315e-03	8.27563e-01	-3.35630e+01
4	0	15	0	2	3	-4.73048e-03	8.13189e-01	-3.31901e+01
#######################################################################
# FBH Down                                                            #
#######################################################################
4	0	0	1	2	3	-5.62952e-03	8.96903e-01	-3.53273e+01
4	0	1	1	2	3	-4.29399e-03	7.37975e-01	-3.00049e+01
4	0	2	1	2	3	-5.26894e-03	8.67305e-01	-3.38992e+01
4	0	3	1	2	3	-3.80183e-03	6.69237e-01	-2.72260e+01
4	0	4	1	2	3	-4.35014e-03	7.35785e-01	-2.92008e+01
4	0	5	1	2	3	-4.02541e-03	6.86907e-01	-2.70312e+01
4	0	6	1	2	3	-4.16660e-03	7.08229e-01	-2.81512e+01
4	0	7	1	2	3	-3.93117e-03	6.84759e-01	-2.69101e+01
4	0	8	1	2	3	-4.14423e-03	6.96902e-01	-2.65883e+01
4	0	9	1	2	3	-2.83372e-03	5.62925e-01	-2.20787e+01
4	0	10	1	2	3	-4.07944e-03	7.09420e-01	-2.75603e+01
4	0	11	1	2	3	-3.50961e-03	6.50113e-01	-2.64167e+01
4	0	12	1	2	3	-3.52415e-03	6.49734e-01	-2.67232e+01
4	0	13	1	2	3	-4.13420e-03	7.26957e-01	-2.99675e+01
4	0	14	1	2	3	-4.90315e-03	8.27563e-01	-3.35630e+01
4	0	15	1	2	3	-4.73048e-03	8.13189e-01	-3.31901e+01
#######################################################################
# PVAC                                                                #
#######################################################################
5	0	0	0	1	3	0.00000e+00	0.00000e+00	0.00000e+00
#######################################################################
# FAC                                                                 #
#######################################################################
6	0	0	0	1	3	0.00000e+00	0.00000e+00	0.00000e+00
#######################################################################
# SCH                                                                 #
#######################################################################
#7	0	0	0	2	3	-0.00500000	0.821213	-32.185321
#7	0	1	0	2	3	-0.00500000	0.830248	-32.269563
#7	0	2	0	2	3	-0.00500000	0.793073	-29.315934
#7	0	3	0	2	3	-0.00500000	0.772144	-28.276705
#7	0	4	0	2	3	-0.00500000	0.801968	-30.687167
#7	0	5	0	2	3	-0.00500000	0.778300	-28.439251
#7	0	6	0	2	3	-0.00500000	0.765872	-27.918181
#7	0	7	0	2	3	-0.00500000	0.738459	-26.016797
#7	0	8	0	2	3	-0.00500000	0.778318	-28.676371
#7	0	9	0	2	3	-0.00500000	0.776670	-28.892887
#7	0	10	0	2	3	-0.00500000	0.764278	-28.122474
#7	0	11	0	2	3	-0.00500000	0.790742	-29.423647
#7	0	12	0	2	3	-0.00500000	0.811330	-30.487019
#7	0	13	0	2	3	-0.00500000	0.818750	-30.891512
#7	0	14	0	2	3	-0.00500000	0.802541	-30.009136
#7	0	15	0	2	3	-0.00500000	0.809525	-30.751746
#7	0	16	0	2	3	-0.00500000	0.802597	-30.845509
#7	0	17	0	2	3	-0.00500000	0.835028	-32.780792
#7	0	18	0	2	3	-0.00500000	0.859176	-33.938731
#7	0	19	0	2	3	-0.00500000	0.814851	-31.445396
#7	0	20	0	2	3	-0.00500000	0.809426	-30.781087
#7	0	21	0	2	3	-0.00500000	0.780678	-28.888756
#7	0	22	0	2	3	-0.00500000	0.808206	-30.719604
#7	0	23	0	2	3	-0.00500000	0.774024	-27.858339
#7	0	24	0	2	3	-0.00500000	0.794308	-29.022101
#7	0	25	0	2	3	-0.00500000	0.775649	-27.980186
#7	0	26	0	2	3	-0.00500000	0.788483	-28.687567
#7	0	27	0	2	3	-0.00466315	0.771386	-29.253260
#7	0	28	0	2	3	-0.00483132	0.790854	-28.637741
#7	0	29	0	2	3	-0.00497049	0.812994	-30.786914
#7	0	30	0	2	3	-0.00500000	0.787793	-28.362716
#7	0	31	0	2	3	-0.00500000	0.790759	-28.876812
#7	0	32	0	2	3	-0.00500000	0.824826	-31.655285
#7	0	33	0	2	3	-0.00500000	0.845304	-33.407765
#7	0	34	0	2	3	-0.00500000	0.832263	-32.939799
#7	0	35	0	2	3	-0.00500000	0.820631	-31.695372
#7	0	36	0	2	3	-0.00500000	0.836997	-33.200590
#7	0	37	0	2	3	-0.00500000	0.819690	-32.097193
#7	0	38	0	2	3	-0.00500000	0.808109	-31.263214
#7	0	39	0	2	3	-0.00500000	0.815224	-31.135523
#7	0	40	0	2	3	-0.00500000	0.803398	-29.897923
#7	0	41	0	2	3	-0.00500000	0.815685	-31.165519
#7	0	42	0	2	3	-0.00500000	0.812980	-30.737261
#7	0	43	0	2	3	-0.00500000	0.829418	-32.693307
#7	0	44	0	2	3	-0.00500000	0.789530	-29.464920
#7	0	45	0	2	3	-0.00500000	0.804789	-31.208151
#7	0	46	0	2	3	-0.00500000	0.830106	-32.806514
#7	0	47	0	2	3	-0.00500000	0.819206	-31.373242
#7	0	48	0	2	3	-0.00500000	0.816165	-31.709319
#7	0	49	0	2	3	-0.00500000	0.798496	-30.201709
#7	0	50	0	2	3	-0.00500000	0.812167	-31.795745
#7	0	51	0	2	3	-0.00500000	0.810749	-31.375226
#7	0	52	0	2	3	-0.00500000	0.803385	-31.372512
#7	0	53	0	2	3	-0.00500000	0.777405	-29.262831
#7	0	54	0	2	3	-0.00500000	0.783954	-29.763410
#7	0	55	0	2	3	-0.00500000	0.789443	-29.976449
#7	0	56	0	2	3	-0.00500000	0.838828	-33.261086
#7	0	57	0	2	3	-0.00500000	0.804421	-30.573195
#7	0	58	0	2	3	-0.00500000	0.773283	-29.111048
#7	0	59	0	2	3	-0.00500000	0.811789	-31.449459
#7	0	60	0	2	3	-0.00500000	0.759724	-28.110014
#7	0	61	0	2	3	-0.00500000	0.810884	-31.379063
#7	0	62	0	2	3	-0.00500000	0.771910	-28.435006
#7	0	63	0	2	3	-0.00500000	0.796658	-30.511906
#######################################################################
# TOF Up                                                              #
#######################################################################
7	0	0	0	1	3	5.24830e+00	-1.96630e+00	2.96170e+00
7	0	1	0	1	3	5.24830e+00	-1.96630e+00	2.96170e+00
7	0	2	0	1	3	5.24830e+00	-1.96630e+00	2.96170e+00
7	0	3	0	1	3	5.24830e+00	-1.96630e+00	2.96170e+00
7	0	4	0	1	3	5.24830e+00	-1.96630e+00	2.96170e+00
7	0	5	0	1	3	5.24830e+00	-1.96630e+00	2.96170e+00
7	0	6	0	1	3	6.97090e+00	-3.03520e+00	3.39910e+00
7	0	7	0	1	3	4.05450e+00	-1.96150e+00	2.30360e+00
7	0	8	0	1	3	1.16940e+02	-2.98600e+01	2.09880e+01
7	0	9	0	1	3	5.24830e+00	-1.96630e+00	2.96170e+00
7	0	10	0	1	3	5.24830e+00	-1.96630e+00	2.96170e+00
7	0	11	0	1	3	5.24830e+00	-1.96630e+00	2.96170e+00
7	0	12	0	1	3	5.24830e+00	-1.96630e+00	2.96170e+00
7	0	13	0	1	3	5.24830e+00	-1.96630e+00	2.96170e+00
7	0	14	0	1	3	5.24830e+00	-1.96630e+00	2.96170e+00
7	0	15	0	1	3	5.24830e+00	-1.96630e+00	2.96170e+00
7	0	16	0	1	3	5.24830e+00	-1.96630e+00	2.96170e+00
7	0	17	0	1	3	5.24830e+00	-1.96630e+00	2.96170e+00
7	0	18	0	1	3	5.24830e+00	-1.96630e+00	2.96170e+00
7	0	19	0	1	3	7.11491e-01	1.85180e-03	5.82402e-01
7	0	20	0	1	3	5.59404e-01	-1.73810e-03	4.50716e-01
7	0	21	0	1	3	8.92499e-01	1.99900e-03	7.37364e-01
7	0	22	0	1	3	6.37553e-01	1.99960e-03	5.45449e-01
7	0	23	0	1	3	1.19210e+00	1.98920e-03	9.99994e-01
#######################################################################
# TOF Down                                                            #
#######################################################################
7	0	0	1	1	3	5.84300e+00	-2.30730e+00	3.11320e+00
7	0	1	1	1	3	5.84300e+00	-2.30730e+00	3.11320e+00
7	0	2	1	1	3	5.84300e+00	-2.30730e+00	3.11320e+00
7	0	3	1	1	3	5.84300e+00	-2.30730e+00	3.11320e+00
7	0	4	1	1	3	5.84300e+00	-2.30730e+00	3.11320e+00
7	0	5	1	1	3	5.84300e+00	-2.30730e+00	3.11320e+00
7	0	6	1	1	3	1.41330e+01	-5.81170e+00	5.32680e+00
7	0	7	1	1	3	7.84850e+01	-2.02870e+01	1.69500e+01
7	0	8	1	1	3	2.20240e+02	-3.62440e+01	3.60080e+01
7	0	9	1	1	3	5.84300e+00	-2.30730e+00	3.11320e+00
7	0	10	1	1	3	5.84300e+00	-2.30730e+00	3.11320e+00
7	0	11	1	1	3	5.84300e+00	-2.30730e+00	3.11320e+00
7	0	12	1	1	3	5.84300e+00	-2.30730e+00	3.11320e+00
7	0	13	1	1	3	5.84300e+00	-2.30730e+00	3.11320e+00
7	0	14	1	1	3	5.84300e+00	-2.30730e+00	3.11320e+00
7	0	15	1	1	3	5.84300e+00	-2.30730e+00	3.11320e+00
7	0	16	1	1	3	5.84300e+00	-2.30730e+00	3.11320e+00
7	0	17	1	1	3	5.84300e+00	-2.30730e+00	3.11320e+00
7	0	18	1	1	3	5.84300e+00	-2.30730e+00	3.11320e+00
7	0	19	1	1	3	6.18741e-01	1.99860e-03	4.90831e-01
7	0	20	1	1	3	5.75901e-01	1.04210e-03	4.72509e-01
7	0	21	1	1	3	9.41046e-01	1.99890e-03	7.79357e-01
7	0	22	1	1	3	4.84266e-01	-1.95590e-03	3.99786e-01
7	0	23	1	1	3	8.97714e-01	1.99860e-03	7.56300e-01
#######################################################################
# BFT U                                                               #
#######################################################################
110	0	0	0	2	3	4.89397e-03	-6.59823e-01	1.67555e+01
110	0	1	0	2	3	2.97343e-03	-4.99844e-01	1.35586e+01
110	0	2	0	2	3	4.59537e-03	-6.17875e-01	1.53718e+01
110	0	3	0	2	3	4.07566e-03	-5.75027e-01	1.36194e+01
110	0	4	0	2	3	4.34153e-03	-5.95752e-01	1.53313e+01
110	0	5	0	2	3	3.93611e-03	-5.54259e-01	1.48020e+01
110	0	6	0	2	3	4.17855e-03	-5.95344e-01	1.47596e+01
110	0	7	0	2	3	4.29951e-03	-5.82728e-01	1.50225e+01
110	0	8	0	2	3	3.40629e-03	-5.33086e-01	1.37472e+01
110	0	9	0	2	3	5.93465e-03	-7.12028e-01	1.83976e+01
110	0	10	0	2	3	3.83969e-03	-5.65945e-01	1.35735e+01
110	0	11	0	2	3	3.59633e-03	-5.28730e-01	1.48306e+01
110	0	12	0	2	3	3.75699e-03	-5.57498e-01	1.36690e+01
110	0	13	0	2	3	2.59218e-03	-4.64448e-01	1.38219e+01
110	0	14	0	2	3	3.56942e-03	-5.41613e-01	1.31983e+01
110	0	15	0	2	3	4.06019e-03	-5.80772e-01	1.60857e+01
110	0	16	0	2	3	4.31513e-03	-5.85750e-01	1.37624e+01
110	0	17	0	2	3	3.62677e-03	-5.35695e-01	1.46270e+01
110	0	18	0	2	3	3.75684e-03	-5.59545e-01	1.34608e+01
110	0	19	0	2	3	4.24033e-03	-5.90573e-01	1.37885e+01
110	0	20	0	2	3	3.25940e-03	-5.18465e-01	1.32041e+01
110	0	21	0	2	3	3.66264e-03	-5.36304e-01	1.59126e+01
110	0	22	0	2	3	4.45672e-03	-6.04500e-01	1.45772e+01
110	0	23	0	2	3	4.45805e-03	-5.99636e-01	1.59546e+01
110	0	24	0	2	3	4.08138e-03	-5.75176e-01	1.44935e+01
110	0	25	0	2	3	3.28952e-03	-5.06973e-01	1.46461e+01
110	0	26	0	2	3	4.17267e-03	-5.90025e-01	1.54787e+01
110	0	27	0	2	3	4.25482e-03	-5.76464e-01	1.52715e+01
110	0	28	0	2	3	3.25173e-03	-5.20007e-01	1.17287e+01
110	0	29	0	2	3	4.32373e-03	-5.82006e-01	1.49592e+01
110	0	30	0	2	3	4.25865e-03	-5.95458e-01	1.43858e+01
110	0	31	0	2	3	4.19855e-03	-5.83805e-01	1.56399e+01
110	0	32	0	2	3	3.69983e-03	-5.57151e-01	1.40109e+01
110	0	33	0	2	3	4.84593e-03	-6.03351e-01	1.40201e+01
110	0	34	0	2	3	4.16759e-03	-5.86274e-01	1.42426e+01
110	0	35	0	2	3	4.94685e-03	-6.43976e-01	1.67302e+01
110	0	36	0	2	3	3.70464e-03	-5.43904e-01	1.32857e+01
110	0	37	0	2	3	4.13971e-03	-5.82894e-01	1.65428e+01
110	0	38	0	2	3	4.22160e-03	-5.82428e-01	1.34696e+01
110	0	39	0	2	3	4.37739e-03	-5.91974e-01	1.53481e+01
110	0	40	0	2	3	3.70046e-03	-5.41344e-01	1.31037e+01
110	0	41	0	2	3	4.47780e-03	-5.94384e-01	1.63701e+01
110	0	42	0	2	3	4.16005e-03	-5.77413e-01	1.43373e+01
110	0	43	0	2	3	4.51119e-03	-6.15882e-01	1.66451e+01
110	0	44	0	2	3	3.89613e-03	-5.67415e-01	1.38550e+01
110	0	45	0	2	3	4.11113e-03	-5.67508e-01	1.54778e+01
110	0	46	0	2	3	4.12790e-03	-5.93015e-01	1.45640e+01
110	0	47	0	2	3	4.85248e-03	-6.40642e-01	1.81332e+01
110	0	48	0	2	3	3.63932e-03	-5.42139e-01	1.23004e+01
110	0	49	0	2	3	4.27525e-03	-5.86975e-01	1.63924e+01
110	0	50	0	2	3	4.35277e-03	-5.97846e-01	1.47432e+01
110	0	51	0	2	3	4.38084e-03	-5.93779e-01	1.53771e+01
110	0	52	0	2	3	3.84566e-03	-5.55100e-01	1.30634e+01
110	0	53	0	2	3	4.46373e-03	-5.94534e-01	1.52110e+01
110	0	54	0	2	3	4.51477e-03	-6.08699e-01	1.45103e+01
110	0	55	0	2	3	4.74261e-03	-6.20694e-01	1.67619e+01
110	0	56	0	2	3	3.87190e-03	-5.72176e-01	1.48864e+01
110	0	57	0	2	3	4.42366e-03	-5.96848e-01	1.59782e+01
110	0	58	0	2	3	4.17225e-03	-5.88276e-01	1.52622e+01
110	0	59	0	2	3	4.61223e-03	-6.27558e-01	1.69695e+01
110	0	60	0	2	3	4.26561e-03	-5.95756e-01	1.39594e+01
110	0	61	0	2	3	3.53372e-03	-5.32244e-01	1.45331e+01
110	0	62	0	2	3	4.77696e-03	-6.27563e-01	1.47472e+01
110	0	63	0	2	3	3.92535e-03	-5.66052e-01	1.41178e+01
110	0	64	0	2	3	3.96009e-03	-5.75937e-01	1.42655e+01
110	0	65	0	2	3	4.04371e-03	-5.74871e-01	1.53201e+01
110	0	66	0	2	3	4.60244e-03	-6.32137e-01	1.65322e+01
110	0	67	0	2	3	3.95413e-03	-5.71827e-01	1.54686e+01
110	0	68	0	2	3	3.84656e-03	-5.77228e-01	1.48787e+01
110	0	69	0	2	3	4.02881e-03	-5.71268e-01	1.47783e+01
110	0	70	0	2	3	4.63319e-03	-6.39059e-01	1.49558e+01
110	0	71	0	2	3	4.22769e-03	-5.92759e-01	1.56039e+01
110	0	72	0	2	3	3.75574e-03	-5.66829e-01	1.34770e+01
110	0	73	0	2	3	4.16921e-03	-5.88340e-01	1.48999e+01
110	0	74	0	2	3	4.50731e-03	-6.25272e-01	1.55924e+01
110	0	75	0	2	3	4.11488e-03	-5.77582e-01	1.48966e+01
110	0	76	0	2	3	3.67067e-03	-5.55459e-01	1.33459e+01
110	0	77	0	2	3	3.81604e-03	-5.60319e-01	1.49889e+01
110	0	78	0	2	3	4.33134e-03	-6.10598e-01	1.46349e+01
110	0	79	0	2	3	4.53271e-03	-6.10054e-01	1.54667e+01
110	0	80	0	2	3	4.22761e-03	-5.93815e-01	1.50314e+01
110	0	81	0	2	3	4.04197e-03	-5.65215e-01	1.46182e+01
110	0	82	0	2	3	4.71107e-03	-6.23832e-01	1.50442e+01
110	0	83	0	2	3	4.73879e-03	-6.25753e-01	1.55980e+01
110	0	84	0	2	3	3.71634e-03	-5.55217e-01	1.37861e+01
110	0	85	0	2	3	4.24704e-03	-5.86156e-01	1.53629e+01
110	0	86	0	2	3	4.64827e-03	-6.36957e-01	1.51269e+01
110	0	87	0	2	3	4.35534e-03	-6.04964e-01	1.60179e+01
110	0	88	0	2	3	3.90090e-03	-5.65998e-01	1.43349e+01
110	0	89	0	2	3	3.98145e-03	-5.72731e-01	1.47923e+01
110	0	90	0	2	3	4.38708e-03	-6.07844e-01	1.42709e+01
110	0	91	0	2	3	4.89510e-03	-6.46635e-01	1.56997e+01
110	0	92	0	2	3	4.10839e-03	-5.98810e-01	1.50321e+01
110	0	93	0	2	3	3.69938e-03	-5.51022e-01	1.41272e+01
110	0	94	0	2	3	4.19454e-03	-6.14193e-01	1.63325e+01
110	0	95	0	2	3	4.80238e-03	-6.36673e-01	1.63032e+01
110	0	96	0	2	3	3.98279e-03	-5.87175e-01	1.44247e+01
110	0	97	0	2	3	4.47351e-03	-6.09378e-01	1.59491e+01
110	0	98	0	2	3	4.99355e-03	-6.62002e-01	1.57266e+01
110	0	99	0	2	3	4.68096e-03	-6.21967e-01	1.58472e+01
110	0	100	0	2	3	4.28947e-03	-6.03156e-01	1.51900e+01
110	0	101	0	2	3	4.11437e-03	-5.83113e-01	1.53785e+01
110	0	102	0	2	3	4.93163e-03	-6.54700e-01	1.63988e+01
110	0	103	0	2	3	4.70040e-03	-6.28584e-01	1.57622e+01
110	0	104	0	2	3	3.99576e-03	-5.83148e-01	1.39650e+01
110	0	105	0	2	3	4.47717e-03	-6.08894e-01	1.53019e+01
110	0	106	0	2	3	4.47416e-03	-6.18315e-01	1.56578e+01
110	0	107	0	2	3	4.56589e-03	-6.15394e-01	1.49363e+01
110	0	108	0	2	3	4.10311e-03	-5.90185e-01	1.48921e+01
110	0	109	0	2	3	4.37960e-03	-6.03283e-01	1.50998e+01
110	0	110	0	2	3	4.61912e-03	-6.30710e-01	1.56738e+01
110	0	111	0	2	3	4.83467e-03	-6.46698e-01	1.60724e+01
110	0	112	0	2	3	3.86330e-03	-5.61251e-01	1.30256e+01
110	0	113	0	2	3	4.31272e-03	-5.89910e-01	1.46988e+01
110	0	114	0	2	3	4.24251e-03	-6.01312e-01	1.52063e+01
110	0	115	0	2	3	4.94106e-03	-6.42175e-01	1.57436e+01
110	0	116	0	2	3	4.35524e-03	-6.09450e-01	1.48924e+01
110	0	117	0	2	3	4.10629e-03	-5.83556e-01	1.57379e+01
110	0	118	0	2	3	4.27203e-03	-6.05075e-01	1.54639e+01
110	0	119	0	2	3	4.40916e-03	-5.99931e-01	1.40976e+01
110	0	120	0	2	3	3.87410e-03	-5.81266e-01	1.45751e+01
110	0	121	0	2	3	3.68504e-03	-5.50231e-01	1.27431e+01
110	0	122	0	2	3	4.05924e-03	-5.96131e-01	1.60278e+01
110	0	123	0	2	3	4.34167e-03	-5.95411e-01	1.51616e+01
110	0	124	0	2	3	3.89380e-03	-5.67687e-01	1.46740e+01
110	0	125	0	2	3	3.71502e-03	-5.35312e-01	1.16749e+01
110	0	126	0	2	3	3.71078e-03	-5.58430e-01	1.39893e+01
110	0	127	0	2	3	4.04442e-03	-5.71983e-01	1.44493e+01
110	0	128	0	2	3	4.06289e-03	-6.14856e-01	1.62856e+01
110	0	129	0	2	3	2.85415e-03	-5.25317e-01	1.44863e+01
110	0	130	0	2	3	2.08242e-03	-4.64135e-01	1.35208e+01
110	0	131	0	2	3	-3.97317e-03	2.53989e-02	3.79578e+00
110	0	132	0	2	3	4.33878e-03	-6.25152e-01	1.67232e+01
110	0	133	0	2	3	3.04570e-03	-5.14845e-01	1.41076e+01
110	0	134	0	2	3	2.57919e-03	-5.08397e-01	1.42847e+01
110	0	135	0	2	3	3.05534e-03	-5.18755e-01	1.35027e+01
110	0	136	0	2	3	4.35694e-03	-6.14119e-01	1.51344e+01
110	0	137	0	2	3	-3.49719e-03	-4.69619e-02	6.18920e+00
110	0	138	0	2	3	6.47071e-04	-3.29263e-01	1.06083e+01
110	0	139	0	2	3	2.37582e-03	-4.81109e-01	1.25564e+01
110	0	140	0	2	3	2.49207e-03	-5.00681e-01	1.47235e+01
110	0	141	0	2	3	3.05357e-03	-5.22060e-01	1.34970e+01
110	0	142	0	2	3	2.69543e-03	-5.00671e-01	1.37641e+01
110	0	143	0	2	3	2.38915e-03	-4.87372e-01	1.35202e+01
110	0	144	0	2	3	2.98073e-03	-5.26798e-01	1.35447e+01
110	0	145	0	2	3	5.58281e-03	-6.81545e-01	1.56024e+01
110	0	146	0	2	3	-5.57276e-03	1.01807e-01	3.06397e+00
110	0	147	0	2	3	5.15506e-03	-6.56685e-01	1.65195e+01
110	0	148	0	2	3	5.60705e-03	-7.40054e-01	1.81968e+01
110	0	149	0	2	3	-8.82701e-04	-2.19002e-01	8.58690e+00
110	0	150	0	2	3	4.12707e-03	-5.95444e-01	1.56136e+01
110	0	151	0	2	3	5.53009e-03	-7.19919e-01	1.80083e+01
110	0	152	0	2	3	5.09304e-04	-3.35086e-01	1.13424e+01
110	0	153	0	2	3	-7.04759e-03	2.04518e-01	1.55168e+00
110	0	154	0	2	3	7.49773e-03	-8.50405e-01	1.96899e+01
110	0	155	0	2	3	3.87534e-03	-5.82575e-01	1.37169e+01
110	0	156	0	2	3	1.65908e-03	-3.98508e-01	1.16237e+01
110	0	157	0	2	3	-1.73690e-03	-1.48321e-01	7.31339e+00
110	0	158	0	2	3	5.48509e-03	-6.97097e-01	1.69976e+01
110	0	159	0	2	3	-3.45105e-03	-2.78302e-02	4.76369e+00
#######################################################################
# BFT D                                                               #
#######################################################################
110	1	0	0	2	3	3.42977e-03	-5.38106e-01	1.57906e+01
110	1	1	0	2	3	1.96034e-03	-4.19914e-01	1.30047e+01
110	1	2	0	2	3	4.42186e-03	-6.17461e-01	1.63882e+01
110	1	3	0	2	3	3.12107e-03	-5.07830e-01	1.50444e+01
110	1	4	0	2	3	3.23578e-03	-5.24943e-01	1.46295e+01
110	1	5	0	2	3	4.37771e-03	-6.09316e-01	1.71889e+01
110	1	6	0	2	3	4.22489e-03	-5.98931e-01	1.47624e+01
110	1	7	0	2	3	4.09895e-03	-5.75262e-01	1.57341e+01
110	1	8	0	2	3	3.38625e-03	-5.32594e-01	1.49228e+01
110	1	9	0	2	3	3.20858e-03	-5.29681e-01	1.67067e+01
110	1	10	0	2	3	4.02782e-03	-5.85260e-01	1.58074e+01
110	1	11	0	2	3	4.93369e-03	-6.50771e-01	1.72325e+01
110	1	12	0	2	3	2.64731e-03	-4.93822e-01	1.36602e+01
110	1	13	0	2	3	2.67555e-03	-4.87169e-01	1.50459e+01
110	1	14	0	2	3	3.60266e-03	-5.64747e-01	1.47218e+01
110	1	15	0	2	3	3.20228e-03	-5.21079e-01	1.54870e+01
110	1	16	0	2	3	4.24834e-03	-5.99274e-01	1.54351e+01
110	1	17	0	2	3	3.88998e-03	-5.64299e-01	1.53654e+01
110	1	18	0	2	3	4.30783e-03	-6.01312e-01	1.48431e+01
110	1	19	0	2	3	3.81540e-03	-5.62669e-01	1.57857e+01
110	1	20	0	2	3	3.67834e-03	-5.68462e-01	1.53429e+01
110	1	21	0	2	3	2.77935e-03	-4.93733e-01	1.56409e+01
110	1	22	0	2	3	4.34689e-03	-6.04549e-01	1.54505e+01
110	1	23	0	2	3	4.10687e-03	-5.77590e-01	1.61997e+01
110	1	24	0	2	3	3.83500e-03	-5.71825e-01	1.58624e+01
110	1	25	0	2	3	4.33387e-03	-6.00028e-01	1.67708e+01
110	1	26	0	2	3	3.89314e-03	-5.78098e-01	1.48822e+01
110	1	27	0	2	3	4.51825e-03	-6.15285e-01	1.77893e+01
110	1	28	0	2	3	3.71889e-03	-5.63956e-01	1.56060e+01
110	1	29	0	2	3	3.45096e-03	-5.37960e-01	1.58636e+01
110	1	30	0	2	3	4.21273e-03	-5.98632e-01	1.55059e+01
110	1	31	0	2	3	4.30731e-03	-6.05472e-01	1.72106e+01
110	1	32	0	2	3	3.58356e-03	-5.56510e-01	1.60307e+01
110	1	33	0	2	3	3.44472e-03	-5.44275e-01	1.49721e+01
110	1	34	0	2	3	4.03163e-03	-5.78137e-01	1.46346e+01
110	1	35	0	2	3	3.99424e-03	-5.87618e-01	1.69252e+01
110	1	36	0	2	3	3.86604e-03	-5.65148e-01	1.55857e+01
110	1	37	0	2	3	3.47026e-03	-5.36386e-01	1.39778e+01
110	1	38	0	2	3	4.10452e-03	-5.87286e-01	1.62376e+01
110	1	39	0	2	3	4.49156e-03	-6.08731e-01	1.62275e+01
110	1	40	0	2	3	3.98851e-03	-5.75718e-01	1.46891e+01
110	1	41	0	2	3	3.78934e-03	-5.56568e-01	1.57065e+01
110	1	42	0	2	3	3.93830e-03	-5.67478e-01	1.49897e+01
110	1	43	0	2	3	4.09567e-03	-5.82962e-01	1.69976e+01
110	1	44	0	2	3	3.88811e-03	-5.75956e-01	1.48837e+01
110	1	45	0	2	3	3.29175e-03	-5.27414e-01	1.55211e+01
110	1	46	0	2	3	4.13949e-03	-5.94847e-01	1.51804e+01
110	1	47	0	2	3	3.89498e-03	-5.85228e-01	1.74410e+01
110	1	48	0	2	3	3.92669e-03	-5.73207e-01	1.54406e+01
110	1	49	0	2	3	3.52788e-03	-5.37009e-01	1.58152e+01
110	1	50	0	2	3	4.07995e-03	-5.87017e-01	1.46811e+01
110	1	51	0	2	3	4.28036e-03	-5.98905e-01	1.66829e+01
110	1	52	0	2	3	3.97472e-03	-5.88118e-01	1.50392e+01
110	1	53	0	2	3	3.63989e-03	-5.50534e-01	1.60851e+01
110	1	54	0	2	3	4.33423e-03	-6.12159e-01	1.63895e+01
110	1	55	0	2	3	4.51292e-03	-6.15125e-01	1.70654e+01
110	1	56	0	2	3	4.02681e-03	-5.98146e-01	1.53076e+01
110	1	57	0	2	3	3.88843e-03	-5.73132e-01	1.60836e+01
110	1	58	0	2	3	4.37430e-03	-6.24590e-01	1.76893e+01
110	1	59	0	2	3	4.74218e-03	-6.44387e-01	1.86719e+01
110	1	60	0	2	3	3.85240e-03	-5.76503e-01	1.56052e+01
110	1	61	0	2	3	4.07899e-03	-5.70875e-01	1.54523e+01
110	1	62	0	2	3	4.02894e-03	-5.82544e-01	1.45843e+01
110	1	63	0	2	3	4.19866e-03	-5.97101e-01	1.68437e+01
110	1	64	0	2	3	4.03852e-03	-5.90303e-01	1.61947e+01
110	1	65	0	2	3	4.19456e-03	-5.94385e-01	1.60619e+01
110	1	66	0	2	3	4.66244e-03	-6.41859e-01	1.58477e+01
110	1	67	0	2	3	4.39608e-03	-6.10480e-01	1.54321e+01
110	1	68	0	2	3	3.67986e-03	-5.52254e-01	1.38324e+01
110	1	69	0	2	3	4.06900e-03	-5.85096e-01	1.59596e+01
110	1	70	0	2	3	4.25690e-03	-6.05034e-01	1.62337e+01
110	1	71	0	2	3	4.24261e-03	-6.06378e-01	1.66183e+01
110	1	72	0	2	3	3.67211e-03	-5.56178e-01	1.48020e+01
110	1	73	0	2	3	3.84141e-03	-5.74875e-01	1.65433e+01
110	1	74	0	2	3	4.56706e-03	-6.19866e-01	1.50722e+01
110	1	75	0	2	3	4.39167e-03	-6.15986e-01	1.62107e+01
110	1	76	0	2	3	3.80136e-03	-5.67857e-01	1.48850e+01
110	1	77	0	2	3	3.88964e-03	-5.79450e-01	1.55727e+01
110	1	78	0	2	3	4.16446e-03	-5.97803e-01	1.47521e+01
110	1	79	0	2	3	4.77904e-03	-6.33550e-01	1.62845e+01
110	1	80	0	2	3	3.98197e-03	-5.76553e-01	1.48659e+01
110	1	81	0	2	3	4.36174e-03	-6.01683e-01	1.50413e+01
110	1	82	0	2	3	4.38780e-03	-6.09888e-01	1.63876e+01
110	1	83	0	2	3	4.03169e-03	-5.74503e-01	1.48951e+01
110	1	84	0	2	3	3.76411e-03	-5.53600e-01	1.39113e+01
110	1	85	0	2	3	3.71597e-03	-5.56830e-01	1.45552e+01
110	1	86	0	2	3	4.26453e-03	-6.03371e-01	1.60587e+01
110	1	87	0	2	3	4.27573e-03	-5.88924e-01	1.38083e+01
110	1	88	0	2	3	3.56560e-03	-5.50084e-01	1.48546e+01
110	1	89	0	2	3	3.90313e-03	-5.77524e-01	1.46466e+01
110	1	90	0	2	3	3.98694e-03	-5.84374e-01	1.46720e+01
110	1	91	0	2	3	4.36249e-03	-6.01117e-01	1.58066e+01
110	1	92	0	2	3	3.85184e-03	-5.64526e-01	1.46275e+01
110	1	93	0	2	3	4.04912e-03	-5.83248e-01	1.52342e+01
110	1	94	0	2	3	4.09523e-03	-5.94710e-01	1.60247e+01
110	1	95	0	2	3	4.15100e-03	-5.96994e-01	1.52089e+01
110	1	96	0	2	3	3.63611e-03	-5.55139e-01	1.42384e+01
110	1	97	0	2	3	3.93995e-03	-5.72025e-01	1.53795e+01
110	1	98	0	2	3	4.42038e-03	-6.30624e-01	1.69754e+01
110	1	99	0	2	3	4.44136e-03	-6.10615e-01	1.54374e+01
110	1	100	0	2	3	3.80195e-03	-5.54055e-01	1.46233e+01
110	1	101	0	2	3	3.70278e-03	-5.54514e-01	1.49523e+01
110	1	102	0	2	3	4.65710e-03	-6.36174e-01	1.61217e+01
110	1	103	0	2	3	4.41618e-03	-6.07418e-01	1.52625e+01
110	1	104	0	2	3	4.16144e-03	-5.92276e-01	1.53466e+01
110	1	105	0	2	3	3.82182e-03	-5.63948e-01	1.48917e+01
110	1	106	0	2	3	4.39000e-03	-6.17281e-01	1.66355e+01
110	1	107	0	2	3	4.85735e-03	-6.39406e-01	1.59844e+01
110	1	108	0	2	3	4.00915e-03	-5.79734e-01	1.58212e+01
110	1	109	0	2	3	3.81625e-03	-5.66633e-01	1.55049e+01
110	1	110	0	2	3	4.72879e-03	-6.41837e-01	1.63073e+01
110	1	111	0	2	3	4.20756e-03	-6.03780e-01	1.67516e+01
110	1	112	0	2	3	4.16793e-03	-5.93063e-01	1.51651e+01
110	1	113	0	2	3	4.23685e-03	-5.98431e-01	1.56423e+01
110	1	114	0	2	3	4.55031e-03	-6.27447e-01	1.56107e+01
110	1	115	0	2	3	5.32688e-03	-6.71935e-01	1.65443e+01
110	1	116	0	2	3	4.77027e-03	-6.38381e-01	1.61642e+01
110	1	117	0	2	3	4.12987e-03	-5.87557e-01	1.53438e+01
110	1	118	0	2	3	4.44490e-03	-6.12697e-01	1.47687e+01
110	1	119	0	2	3	4.06312e-03	-5.82428e-01	1.53655e+01
110	1	120	0	2	3	3.47472e-03	-5.41748e-01	1.41233e+01
110	1	121	0	2	3	4.23316e-03	-5.96979e-01	1.53758e+01
110	1	122	0	2	3	4.54062e-03	-6.27297e-01	1.70576e+01
110	1	123	0	2	3	4.34085e-03	-6.15812e-01	1.73633e+01
110	1	124	0	2	3	4.96458e-03	-6.39522e-01	1.54207e+01
110	1	125	0	2	3	3.74727e-03	-5.63421e-01	1.50904e+01
110	1	126	0	2	3	5.44004e-03	-6.74398e-01	1.66319e+01
110	1	127	0	2	3	4.89885e-03	-6.34987e-01	1.59639e+01
110	1	128	0	2	3	3.73727e-03	-5.92526e-01	1.62666e+01
110	1	129	0	2	3	4.78977e-03	-6.64733e-01	1.74212e+01
110	1	130	0	2	3	3.66331e-03	-5.79245e-01	1.49652e+01
110	1	131	0	2	3	2.73648e-03	-4.97211e-01	1.37771e+01
110	1	132	0	2	3	4.08147e-03	-6.03507e-01	1.63518e+01
110	1	133	0	2	3	4.82964e-03	-6.47762e-01	1.62381e+01
110	1	134	0	2	3	4.12053e-03	-6.24101e-01	1.69368e+01
110	1	135	0	2	3	4.19925e-03	-5.92689e-01	1.55136e+01
110	1	136	0	2	3	3.03033e-03	-5.30630e-01	1.53515e+01
110	1	137	0	2	3	5.80634e-03	-7.23378e-01	1.81363e+01
110	1	138	0	2	3	2.87978e-03	-5.20094e-01	1.44501e+01
110	1	139	0	2	3	5.02082e-03	-6.67493e-01	1.72708e+01
110	1	140	0	2	3	4.76076e-03	-6.34476e-01	1.57843e+01
110	1	141	0	2	3	2.23600e-03	-4.57330e-01	1.26828e+01
110	1	142	0	2	3	3.05707e-03	-5.19582e-01	1.37666e+01
110	1	143	0	2	3	4.94678e-03	-6.67100e-01	1.75312e+01
110	1	144	0	2	3	4.87843e-03	-6.54416e-01	1.76059e+01
110	1	145	0	2	3	2.80617e-03	-4.94792e-01	1.36899e+01
110	1	146	0	2	3	2.85744e-03	-4.93380e-01	1.32763e+01
110	1	147	0	2	3	2.89167e-03	-5.20135e-01	1.35766e+01
110	1	148	0	2	3	5.83160e-03	-7.27146e-01	1.73699e+01
110	1	149	0	2	3	4.59106e-03	-6.13717e-01	1.60373e+01
110	1	150	0	2	3	-7.90365e-04	-2.18504e-01	8.81012e+00
110	1	151	0	2	3	1.20749e-03	-3.82463e-01	1.15658e+01
110	1	152	0	2	3	-6.81495e-04	-2.43980e-01	1.00167e+01
110	1	153	0	2	3	3.15937e-03	-5.01126e-01	1.40719e+01
110	1	154	0	2	3	3.29124e-03	-5.55452e-01	1.53828e+01
110	1	155	0	2	3	2.59087e-03	-4.86173e-01	1.25123e+01
110	1	156	0	2	3	2.00923e-03	-4.42988e-01	1.30044e+01
110	1	157	0	2	3	6.80442e-03	-8.05750e-01	2.04268e+01
110	1	158	0	2	3	-1.11856e-02	5.52710e-01	-5.05826e+00
110	1	159	0	2	3	2.67862e-03	-5.03256e-01	1.52035e+01
