##
#  file: HodoPHCParam_Dummy
#  date: 2016.06.15
#  note: first version
#
#
#######################################################################
# CId	PlId	Seg	UorD	Type	nParam	p0	p1	...
#
#	Type=0 no correction will be performed
#	Type=1 ct=t-p[0]/sqrt(a-p[1])+p[2]
#	Type=2 ct=p[0]*a*a + p[1]*a + p[2] for Fiber
#
#######################################################################
# BH1 Up                                                              #
#######################################################################
1	0	0	0	1	3	5.08705e+00	-1.98362e+00	2.93454e+00
1	0	1	0	1	3	6.69706e-01	2.91546e-01	8.10244e-01
1	0	2	0	1	3	5.01779e-01	3.94271e-01	6.64278e-01
1	0	3	0	1	3	7.45330e-01	1.66754e-01	8.56036e-01
1	0	4	0	1	3	8.52890e-01	8.60054e-02	9.27134e-01
1	0	5	0	1	3	1.69981e+00	-1.50393e-01	1.62794e+00
1	0	6	0	1	3	1.58582e+00	-2.35346e-01	1.46587e+00
1	0	7	0	1	3	1.61970e+00	-1.46184e-01	1.54504e+00
1	0	8	0	1	3	1.37546e+00	-2.52696e-01	1.28233e+00
1	0	9	0	1	3	1.74814e+00	-2.76223e-01	1.64100e+00
1	0	10	0	1	3	1.60339e+01	-4.62629e+00	6.81205e+00
#######################################################################
# BH1 Down                                                            #
#######################################################################
1	0	0	1	1	3	1.33519e+00	-9.13138e-02	1.27257e+00
1	0	1	1	1	3	6.24909e-01	2.88647e-01	7.65429e-01
1	0	2	1	1	3	6.68954e-01	2.21542e-01	7.45264e-01
1	0	3	1	1	3	1.32364e+00	-4.57464e-01	1.08318e+00
1	0	4	1	1	3	1.18002e+00	-7.91080e-02	1.17008e+00
1	0	5	1	1	3	2.07299e+00	-4.79828e-01	1.70935e+00
1	0	6	1	1	3	1.96000e+00	-5.20196e-01	1.63958e+00
1	0	7	1	1	3	1.89852e+00	-4.50289e-01	1.60743e+00
1	0	8	1	1	3	1.02469e+00	-6.73213e-02	1.04734e+00
1	0	9	1	1	3	1.64894e+00	-1.85977e-01	1.61292e+00
1	0	10	1	1	3	7.15603e-01	2.22738e-01	8.54972e-01
#######################################################################
# BH2 Up                                                              #
#######################################################################
2	0	0	0	1	3	1.43047e-01	2.98695e-01	2.00085e-01
2	0	1	0	1	3	8.79554e-01	-2.31747e-01	7.85839e-01
2	0	2	0	1	3	5.94572e-01	-4.97541e-01	4.68956e-01
2	0	3	0	1	3	1.91725e-01	3.94747e-02	1.91115e-01
2	0	4	0	1	3	3.31184e-01	-9.38469e-02	3.15823e-01
2	0	5	0	1	3	1.99769e-01	2.70254e-01	2.37321e-01
2	0	6	0	1	3	2.58948e-01	2.41832e-01	3.10133e-01
2	0	7	0	1	3	3.50426e-01	8.80094e-02	3.70898e-01
#######################################################################
# BH2 Down                                                            #
#######################################################################
2	0	0	1	1	3	3.94607e-01	-1.85207e-01	3.84440e-01
2	0	1	1	1	3	9.92155e-01	-3.85817e-01	8.32122e-01
2	0	2	1	1	3	4.10986e-01	-9.27803e-02	3.90143e-01
2	0	3	1	1	3	1.76416e-01	4.84160e-02	1.75490e-01
2	0	4	1	1	3	2.42956e-01	1.23979e-01	2.64593e-01
2	0	5	1	1	3	3.57967e-01	4.32013e-02	3.63973e-01
2	0	6	1	1	3	1.22093e+00	-6.67168e-01	9.30075e-01
2	0	7	1	1	3	2.92156e-01	-4.36810e-03	2.98702e-01
#######################################################################
# BAC                                                                 #
#######################################################################
3	0	0	0	1	3	0.00000e+00	0.00000e+00	0.00000e+00
3	0	1	0	1	3	0.00000e+00	0.00000e+00	0.00000e+00
#######################################################################
# FBH Up                                                              #
#######################################################################
4	0	0	0	2	3	-5.62952e-03	8.96903e-01	-3.53273e+01
4	0	1	0	2	3	-4.29399e-03	7.37975e-01	-3.00049e+01
4	0	2	0	2	3	-5.26894e-03	8.67305e-01	-3.38992e+01
4	0	3	0	2	3	-3.80183e-03	6.69237e-01	-2.72260e+01
4	0	4	0	2	3	-4.35014e-03	7.35785e-01	-2.92008e+01
4	0	5	0	2	3	-4.02541e-03	6.86907e-01	-2.70312e+01
4	0	6	0	2	3	-4.16660e-03	7.08229e-01	-2.81512e+01
4	0	7	0	2	3	-3.93117e-03	6.84759e-01	-2.69101e+01
4	0	8	0	2	3	-4.14423e-03	6.96902e-01	-2.65883e+01
4	0	9	0	2	3	-2.83372e-03	5.62925e-01	-2.20787e+01
4	0	10	0	2	3	-4.07944e-03	7.09420e-01	-2.75603e+01
4	0	11	0	2	3	-3.50961e-03	6.50113e-01	-2.64167e+01
4	0	12	0	2	3	-3.52415e-03	6.49734e-01	-2.67232e+01
4	0	13	0	2	3	-4.13420e-03	7.26957e-01	-2.99675e+01
4	0	14	0	2	3	-4.90315e-03	8.27563e-01	-3.35630e+01
4	0	15	0	2	3	-4.73048e-03	8.13189e-01	-3.31901e+01
#######################################################################
# FBH Down                                                            #
#######################################################################
4	0	0	1	2	3	-5.62952e-03	8.96903e-01	-3.53273e+01
4	0	1	1	2	3	-4.29399e-03	7.37975e-01	-3.00049e+01
4	0	2	1	2	3	-5.26894e-03	8.67305e-01	-3.38992e+01
4	0	3	1	2	3	-3.80183e-03	6.69237e-01	-2.72260e+01
4	0	4	1	2	3	-4.35014e-03	7.35785e-01	-2.92008e+01
4	0	5	1	2	3	-4.02541e-03	6.86907e-01	-2.70312e+01
4	0	6	1	2	3	-4.16660e-03	7.08229e-01	-2.81512e+01
4	0	7	1	2	3	-3.93117e-03	6.84759e-01	-2.69101e+01
4	0	8	1	2	3	-4.14423e-03	6.96902e-01	-2.65883e+01
4	0	9	1	2	3	-2.83372e-03	5.62925e-01	-2.20787e+01
4	0	10	1	2	3	-4.07944e-03	7.09420e-01	-2.75603e+01
4	0	11	1	2	3	-3.50961e-03	6.50113e-01	-2.64167e+01
4	0	12	1	2	3	-3.52415e-03	6.49734e-01	-2.67232e+01
4	0	13	1	2	3	-4.13420e-03	7.26957e-01	-2.99675e+01
4	0	14	1	2	3	-4.90315e-03	8.27563e-01	-3.35630e+01
4	0	15	1	2	3	-4.73048e-03	8.13189e-01	-3.31901e+01
#######################################################################
# PVAC                                                                #
#######################################################################
5	0	0	0	1	3	0.00000e+00	0.00000e+00	0.00000e+00
#######################################################################
# FAC                                                                 #
#######################################################################
6	0	0	0	1	3	0.00000e+00	0.00000e+00	0.00000e+00
#######################################################################
# SCH                                                                 #
#######################################################################
#7	0	0	0	2	3	-0.00500000	0.821213	-32.185321
#7	0	1	0	2	3	-0.00500000	0.830248	-32.269563
#7	0	2	0	2	3	-0.00500000	0.793073	-29.315934
#7	0	3	0	2	3	-0.00500000	0.772144	-28.276705
#7	0	4	0	2	3	-0.00500000	0.801968	-30.687167
#7	0	5	0	2	3	-0.00500000	0.778300	-28.439251
#7	0	6	0	2	3	-0.00500000	0.765872	-27.918181
#7	0	7	0	2	3	-0.00500000	0.738459	-26.016797
#7	0	8	0	2	3	-0.00500000	0.778318	-28.676371
#7	0	9	0	2	3	-0.00500000	0.776670	-28.892887
#7	0	10	0	2	3	-0.00500000	0.764278	-28.122474
#7	0	11	0	2	3	-0.00500000	0.790742	-29.423647
#7	0	12	0	2	3	-0.00500000	0.811330	-30.487019
#7	0	13	0	2	3	-0.00500000	0.818750	-30.891512
#7	0	14	0	2	3	-0.00500000	0.802541	-30.009136
#7	0	15	0	2	3	-0.00500000	0.809525	-30.751746
#7	0	16	0	2	3	-0.00500000	0.802597	-30.845509
#7	0	17	0	2	3	-0.00500000	0.835028	-32.780792
#7	0	18	0	2	3	-0.00500000	0.859176	-33.938731
#7	0	19	0	2	3	-0.00500000	0.814851	-31.445396
#7	0	20	0	2	3	-0.00500000	0.809426	-30.781087
#7	0	21	0	2	3	-0.00500000	0.780678	-28.888756
#7	0	22	0	2	3	-0.00500000	0.808206	-30.719604
#7	0	23	0	2	3	-0.00500000	0.774024	-27.858339
#7	0	24	0	2	3	-0.00500000	0.794308	-29.022101
#7	0	25	0	2	3	-0.00500000	0.775649	-27.980186
#7	0	26	0	2	3	-0.00500000	0.788483	-28.687567
#7	0	27	0	2	3	-0.00466315	0.771386	-29.253260
#7	0	28	0	2	3	-0.00483132	0.790854	-28.637741
#7	0	29	0	2	3	-0.00497049	0.812994	-30.786914
#7	0	30	0	2	3	-0.00500000	0.787793	-28.362716
#7	0	31	0	2	3	-0.00500000	0.790759	-28.876812
#7	0	32	0	2	3	-0.00500000	0.824826	-31.655285
#7	0	33	0	2	3	-0.00500000	0.845304	-33.407765
#7	0	34	0	2	3	-0.00500000	0.832263	-32.939799
#7	0	35	0	2	3	-0.00500000	0.820631	-31.695372
#7	0	36	0	2	3	-0.00500000	0.836997	-33.200590
#7	0	37	0	2	3	-0.00500000	0.819690	-32.097193
#7	0	38	0	2	3	-0.00500000	0.808109	-31.263214
#7	0	39	0	2	3	-0.00500000	0.815224	-31.135523
#7	0	40	0	2	3	-0.00500000	0.803398	-29.897923
#7	0	41	0	2	3	-0.00500000	0.815685	-31.165519
#7	0	42	0	2	3	-0.00500000	0.812980	-30.737261
#7	0	43	0	2	3	-0.00500000	0.829418	-32.693307
#7	0	44	0	2	3	-0.00500000	0.789530	-29.464920
#7	0	45	0	2	3	-0.00500000	0.804789	-31.208151
#7	0	46	0	2	3	-0.00500000	0.830106	-32.806514
#7	0	47	0	2	3	-0.00500000	0.819206	-31.373242
#7	0	48	0	2	3	-0.00500000	0.816165	-31.709319
#7	0	49	0	2	3	-0.00500000	0.798496	-30.201709
#7	0	50	0	2	3	-0.00500000	0.812167	-31.795745
#7	0	51	0	2	3	-0.00500000	0.810749	-31.375226
#7	0	52	0	2	3	-0.00500000	0.803385	-31.372512
#7	0	53	0	2	3	-0.00500000	0.777405	-29.262831
#7	0	54	0	2	3	-0.00500000	0.783954	-29.763410
#7	0	55	0	2	3	-0.00500000	0.789443	-29.976449
#7	0	56	0	2	3	-0.00500000	0.838828	-33.261086
#7	0	57	0	2	3	-0.00500000	0.804421	-30.573195
#7	0	58	0	2	3	-0.00500000	0.773283	-29.111048
#7	0	59	0	2	3	-0.00500000	0.811789	-31.449459
#7	0	60	0	2	3	-0.00500000	0.759724	-28.110014
#7	0	61	0	2	3	-0.00500000	0.810884	-31.379063
#7	0	62	0	2	3	-0.00500000	0.771910	-28.435006
#7	0	63	0	2	3	-0.00500000	0.796658	-30.511906
#######################################################################
# TOF Up                                                              #
#######################################################################
7	0	0	0	1	3	5.24830e+00	-1.96630e+00	2.96170e+00
7	0	1	0	1	3	5.24830e+00	-1.96630e+00	2.96170e+00
7	0	2	0	1	3	5.24830e+00	-1.96630e+00	2.96170e+00
7	0	3	0	1	3	5.24830e+00	-1.96630e+00	2.96170e+00
7	0	4	0	1	3	5.24830e+00	-1.96630e+00	2.96170e+00
7	0	5	0	1	3	5.24830e+00	-1.96630e+00	2.96170e+00
7	0	6	0	1	3	6.97090e+00	-3.03520e+00	3.39910e+00
7	0	7	0	1	3	4.05450e+00	-1.96150e+00	2.30360e+00
7	0	8	0	1	3	1.16940e+02	-2.98600e+01	2.09880e+01
7	0	9	0	1	3	5.24830e+00	-1.96630e+00	2.96170e+00
7	0	10	0	1	3	5.24830e+00	-1.96630e+00	2.96170e+00
7	0	11	0	1	3	5.24830e+00	-1.96630e+00	2.96170e+00
7	0	12	0	1	3	5.24830e+00	-1.96630e+00	2.96170e+00
7	0	13	0	1	3	5.24830e+00	-1.96630e+00	2.96170e+00
7	0	14	0	1	3	5.24830e+00	-1.96630e+00	2.96170e+00
7	0	15	0	1	3	5.24830e+00	-1.96630e+00	2.96170e+00
7	0	16	0	1	3	5.24830e+00	-1.96630e+00	2.96170e+00
7	0	17	0	1	3	5.24830e+00	-1.96630e+00	2.96170e+00
7	0	18	0	1	3	5.24830e+00	-1.96630e+00	2.96170e+00
7	0	19	0	1	3	7.11491e-01	1.85180e-03	5.82402e-01
7	0	20	0	1	3	5.59404e-01	-1.73810e-03	4.50716e-01
7	0	21	0	1	3	8.92499e-01	1.99900e-03	7.37364e-01
7	0	22	0	1	3	6.37553e-01	1.99960e-03	5.45449e-01
7	0	23	0	1	3	1.19210e+00	1.98920e-03	9.99994e-01
#######################################################################
# TOF Down                                                            #
#######################################################################
7	0	0	1	1	3	5.84300e+00	-2.30730e+00	3.11320e+00
7	0	1	1	1	3	5.84300e+00	-2.30730e+00	3.11320e+00
7	0	2	1	1	3	5.84300e+00	-2.30730e+00	3.11320e+00
7	0	3	1	1	3	5.84300e+00	-2.30730e+00	3.11320e+00
7	0	4	1	1	3	5.84300e+00	-2.30730e+00	3.11320e+00
7	0	5	1	1	3	5.84300e+00	-2.30730e+00	3.11320e+00
7	0	6	1	1	3	1.41330e+01	-5.81170e+00	5.32680e+00
7	0	7	1	1	3	7.84850e+01	-2.02870e+01	1.69500e+01
7	0	8	1	1	3	2.20240e+02	-3.62440e+01	3.60080e+01
7	0	9	1	1	3	5.84300e+00	-2.30730e+00	3.11320e+00
7	0	10	1	1	3	5.84300e+00	-2.30730e+00	3.11320e+00
7	0	11	1	1	3	5.84300e+00	-2.30730e+00	3.11320e+00
7	0	12	1	1	3	5.84300e+00	-2.30730e+00	3.11320e+00
7	0	13	1	1	3	5.84300e+00	-2.30730e+00	3.11320e+00
7	0	14	1	1	3	5.84300e+00	-2.30730e+00	3.11320e+00
7	0	15	1	1	3	5.84300e+00	-2.30730e+00	3.11320e+00
7	0	16	1	1	3	5.84300e+00	-2.30730e+00	3.11320e+00
7	0	17	1	1	3	5.84300e+00	-2.30730e+00	3.11320e+00
7	0	18	1	1	3	5.84300e+00	-2.30730e+00	3.11320e+00
7	0	19	1	1	3	6.18741e-01	1.99860e-03	4.90831e-01
7	0	20	1	1	3	5.75901e-01	1.04210e-03	4.72509e-01
7	0	21	1	1	3	9.41046e-01	1.99890e-03	7.79357e-01
7	0	22	1	1	3	4.84266e-01	-1.95590e-03	3.99786e-01
7	0	23	1	1	3	8.97714e-01	1.99860e-03	7.56300e-01
#######################################################################
# BFT U                                                               #
#######################################################################
110	0	0	0	2	3	2.43852e-03	-4.81016e-01	1.35970e+01
110	0	1	0	2	3	-7.57024e-03	3.19614e-01	-2.08673e+00
110	0	2	0	2	3	3.39941e-03	-5.37869e-01	1.41597e+01
110	0	3	0	2	3	3.71702e-03	-5.49079e-01	1.32786e+01
110	0	4	0	2	3	3.31476e-03	-5.27306e-01	1.42744e+01
110	0	5	0	2	3	3.03361e-03	-4.95573e-01	1.39640e+01
110	0	6	0	2	3	3.65522e-03	-5.57721e-01	1.42045e+01
110	0	7	0	2	3	4.38570e-03	-5.87637e-01	1.51511e+01
110	0	8	0	2	3	3.39920e-03	-5.32624e-01	1.38171e+01
110	0	9	0	2	3	1.83336e-03	-4.08232e-01	1.29275e+01
110	0	10	0	2	3	2.88292e-03	-4.96938e-01	1.24631e+01
110	0	11	0	2	3	3.61884e-03	-5.33895e-01	1.51417e+01
110	0	12	0	2	3	3.12838e-03	-5.17883e-01	1.31959e+01
110	0	13	0	2	3	4.12379e-03	-5.80065e-01	1.60742e+01
110	0	14	0	2	3	4.33688e-03	-5.95670e-01	1.42443e+01
110	0	15	0	2	3	4.97674e-03	-6.41619e-01	1.71844e+01
110	0	16	0	2	3	4.19152e-03	-5.79691e-01	1.37661e+01
110	0	17	0	2	3	4.01853e-03	-5.70898e-01	1.54871e+01
110	0	18	0	2	3	4.24205e-03	-5.91253e-01	1.40475e+01
110	0	19	0	2	3	4.68425e-03	-6.20562e-01	1.44125e+01
110	0	20	0	2	3	4.17549e-03	-5.83835e-01	1.44672e+01
110	0	21	0	2	3	3.54841e-03	-5.37995e-01	1.62368e+01
110	0	22	0	2	3	4.07866e-03	-5.82789e-01	1.43828e+01
110	0	23	0	2	3	4.21189e-03	-5.79735e-01	1.56516e+01
110	0	24	0	2	3	4.02335e-03	-5.69933e-01	1.44574e+01
110	0	25	0	2	3	3.93562e-03	-5.57173e-01	1.57243e+01
110	0	26	0	2	3	4.24264e-03	-5.97588e-01	1.57552e+01
110	0	27	0	2	3	4.77806e-03	-6.10230e-01	1.59038e+01
110	0	28	0	2	3	4.02112e-03	-5.66970e-01	1.24896e+01
110	0	29	0	2	3	4.00241e-03	-5.57487e-01	1.46008e+01
110	0	30	0	2	3	4.47183e-03	-6.12285e-01	1.47827e+01
110	0	31	0	2	3	4.47779e-03	-6.03261e-01	1.60679e+01
110	0	32	0	2	3	3.58474e-03	-5.51079e-01	1.40249e+01
110	0	33	0	2	3	4.88091e-03	-6.08776e-01	1.42643e+01
110	0	34	0	2	3	4.29164e-03	-5.92568e-01	1.43805e+01
110	0	35	0	2	3	4.76715e-03	-6.28824e-01	1.65088e+01
110	0	36	0	2	3	3.87975e-03	-5.52848e-01	1.34768e+01
110	0	37	0	2	3	4.36098e-03	-5.98305e-01	1.68974e+01
110	0	38	0	2	3	4.44381e-03	-5.99466e-01	1.38930e+01
110	0	39	0	2	3	4.51585e-03	-6.02974e-01	1.56532e+01
110	0	40	0	2	3	3.89113e-03	-5.54509e-01	1.34141e+01
110	0	41	0	2	3	3.65247e-03	-5.36970e-01	1.54989e+01
110	0	42	0	2	3	4.17121e-03	-5.79725e-01	1.44923e+01
110	0	43	0	2	3	4.21422e-03	-5.90985e-01	1.62210e+01
110	0	44	0	2	3	3.85356e-03	-5.64162e-01	1.38996e+01
110	0	45	0	2	3	4.47647e-03	-5.96762e-01	1.61490e+01
110	0	46	0	2	3	4.43683e-03	-6.12321e-01	1.49320e+01
110	0	47	0	2	3	4.87545e-03	-6.42549e-01	1.82592e+01
110	0	48	0	2	3	3.65188e-03	-5.43158e-01	1.24173e+01
110	0	49	0	2	3	4.36531e-03	-5.93360e-01	1.66016e+01
110	0	50	0	2	3	4.57811e-03	-6.11456e-01	1.50198e+01
110	0	51	0	2	3	4.71460e-03	-6.19363e-01	1.59552e+01
110	0	52	0	2	3	3.77694e-03	-5.51177e-01	1.31137e+01
110	0	53	0	2	3	4.46389e-03	-5.96713e-01	1.53787e+01
110	0	54	0	2	3	4.39446e-03	-6.01492e-01	1.45070e+01
110	0	55	0	2	3	4.61251e-03	-6.13075e-01	1.67558e+01
110	0	56	0	2	3	3.86857e-03	-5.74268e-01	1.50556e+01
110	0	57	0	2	3	4.34654e-03	-5.89842e-01	1.59126e+01
110	0	58	0	2	3	4.02062e-03	-5.78989e-01	1.52208e+01
110	0	59	0	2	3	4.48009e-03	-6.19147e-01	1.69329e+01
110	0	60	0	2	3	3.95338e-03	-5.74335e-01	1.36918e+01
110	0	61	0	2	3	3.66237e-03	-5.43258e-01	1.48457e+01
110	0	62	0	2	3	4.86491e-03	-6.33392e-01	1.49317e+01
110	0	63	0	2	3	4.24672e-03	-5.89005e-01	1.46131e+01
110	0	64	0	2	3	3.86390e-03	-5.69351e-01	1.42414e+01
110	0	65	0	2	3	4.22324e-03	-5.86581e-01	1.55887e+01
110	0	66	0	2	3	4.51416e-03	-6.27459e-01	1.65656e+01
110	0	67	0	2	3	3.57453e-03	-5.44765e-01	1.51005e+01
110	0	68	0	2	3	4.01417e-03	-5.89657e-01	1.51849e+01
110	0	69	0	2	3	4.04867e-03	-5.72173e-01	1.48691e+01
110	0	70	0	2	3	4.71599e-03	-6.44387e-01	1.51247e+01
110	0	71	0	2	3	4.52696e-03	-6.13527e-01	1.60418e+01
110	0	72	0	2	3	3.54723e-03	-5.52959e-01	1.33507e+01
110	0	73	0	2	3	4.50144e-03	-6.14140e-01	1.55019e+01
110	0	74	0	2	3	4.53894e-03	-6.28211e-01	1.57531e+01
110	0	75	0	2	3	4.47631e-03	-6.03127e-01	1.54242e+01
110	0	76	0	2	3	3.49082e-03	-5.41230e-01	1.31658e+01
110	0	77	0	2	3	3.69228e-03	-5.52614e-01	1.49614e+01
110	0	78	0	2	3	4.59332e-03	-6.30152e-01	1.50985e+01
110	0	79	0	2	3	4.49621e-03	-6.06726e-01	1.54863e+01
110	0	80	0	2	3	3.72002e-03	-5.58898e-01	1.45432e+01
110	0	81	0	2	3	4.19061e-03	-5.78757e-01	1.49929e+01
110	0	82	0	2	3	4.46537e-03	-6.07731e-01	1.48699e+01
110	0	83	0	2	3	4.80956e-03	-6.35051e-01	1.59247e+01
110	0	84	0	2	3	4.00884e-03	-5.76065e-01	1.42293e+01
110	0	85	0	2	3	3.87958e-03	-5.62245e-01	1.50796e+01
110	0	86	0	2	3	4.59914e-03	-6.34423e-01	1.51865e+01
110	0	87	0	2	3	4.56491e-03	-6.22604e-01	1.64541e+01
110	0	88	0	2	3	3.81950e-03	-5.59440e-01	1.42949e+01
110	0	89	0	2	3	4.06018e-03	-5.79414e-01	1.50069e+01
110	0	90	0	2	3	4.38677e-03	-6.06937e-01	1.43244e+01
110	0	91	0	2	3	4.35901e-03	-6.07376e-01	1.50937e+01
110	0	92	0	2	3	4.03459e-03	-5.90702e-01	1.49466e+01
110	0	93	0	2	3	4.44550e-03	-6.01418e-01	1.50566e+01
110	0	94	0	2	3	4.20220e-03	-6.15125e-01	1.64372e+01
110	0	95	0	2	3	4.55379e-03	-6.19635e-01	1.61160e+01
110	0	96	0	2	3	4.07706e-03	-5.91744e-01	1.45521e+01
110	0	97	0	2	3	3.94697e-03	-5.71384e-01	1.53803e+01
110	0	98	0	2	3	4.27971e-03	-6.12580e-01	1.49643e+01
110	0	99	0	2	3	4.55016e-03	-6.10753e-01	1.56992e+01
110	0	100	0	2	3	4.12979e-03	-5.88930e-01	1.49632e+01
110	0	101	0	2	3	4.04457e-03	-5.79290e-01	1.54299e+01
110	0	102	0	2	3	4.41052e-03	-6.17304e-01	1.58342e+01
110	0	103	0	2	3	4.92983e-03	-6.48002e-01	1.62601e+01
110	0	104	0	2	3	3.79761e-03	-5.66977e-01	1.37350e+01
110	0	105	0	2	3	4.08623e-03	-5.80776e-01	1.49154e+01
110	0	106	0	2	3	4.38504e-03	-6.12588e-01	1.56635e+01
110	0	107	0	2	3	5.18442e-03	-6.56022e-01	1.56596e+01
110	0	108	0	2	3	3.93365e-03	-5.77757e-01	1.47625e+01
110	0	109	0	2	3	4.28846e-03	-5.96290e-01	1.50532e+01
110	0	110	0	2	3	4.36988e-03	-6.12724e-01	1.54528e+01
110	0	111	0	2	3	4.86362e-03	-6.46519e-01	1.61345e+01
110	0	112	0	2	3	4.07398e-03	-5.79011e-01	1.34706e+01
110	0	113	0	2	3	4.58571e-03	-6.05913e-01	1.50140e+01
110	0	114	0	2	3	4.45916e-03	-6.16180e-01	1.55564e+01
110	0	115	0	2	3	4.49381e-03	-6.07118e-01	1.51609e+01
110	0	116	0	2	3	4.13781e-03	-5.96396e-01	1.47955e+01
110	0	117	0	2	3	4.17110e-03	-5.87943e-01	1.58698e+01
110	0	118	0	2	3	4.44649e-03	-6.18049e-01	1.58159e+01
110	0	119	0	2	3	4.63453e-03	-6.11987e-01	1.43171e+01
110	0	120	0	2	3	4.44904e-03	-6.23241e-01	1.54064e+01
110	0	121	0	2	3	4.16764e-03	-5.77762e-01	1.32224e+01
110	0	122	0	2	3	5.13436e-03	-6.78455e-01	1.76918e+01
110	0	123	0	2	3	4.99331e-03	-6.48380e-01	1.62967e+01
110	0	124	0	2	3	2.52296e-03	-4.58174e-01	1.26352e+01
110	0	125	0	2	3	4.38985e-03	-5.83653e-01	1.25733e+01
110	0	126	0	2	3	4.48980e-03	-6.11839e-01	1.49785e+01
110	0	127	0	2	3	4.85547e-03	-6.25219e-01	1.53691e+01
110	0	128	0	2	3	4.20848e-03	-6.27219e-01	1.66901e+01
110	0	129	0	2	3	4.32465e-03	-6.24843e-01	1.61836e+01
110	0	130	0	2	3	3.63393e-03	-5.77151e-01	1.56310e+01
110	0	131	0	2	3	1.60185e-03	-4.04310e-01	1.20446e+01
110	0	132	0	2	3	4.57814e-03	-6.35509e-01	1.68307e+01
110	0	133	0	2	3	4.42486e-03	-6.17617e-01	1.60771e+01
110	0	134	0	2	3	4.11860e-03	-6.24292e-01	1.65810e+01
110	0	135	0	2	3	4.03258e-03	-5.94367e-01	1.50462e+01
110	0	136	0	2	3	5.25798e-03	-6.84403e-01	1.66467e+01
110	0	137	0	2	3	-3.69668e-03	-1.76691e-02	5.43249e+00
110	0	138	0	2	3	1.80411e-03	-4.40936e-01	1.32366e+01
110	0	139	0	2	3	1.54051e-03	-4.18253e-01	1.15577e+01
110	0	140	0	2	3	2.52655e-03	-4.97450e-01	1.46489e+01
110	0	141	0	2	3	6.08320e-03	-7.29882e-01	1.70543e+01
110	0	142	0	2	3	2.32556e-03	-4.76498e-01	1.34630e+01
110	0	143	0	2	3	5.20268e-04	-3.40963e-01	1.07274e+01
110	0	144	0	2	3	5.36360e-03	-6.88074e-01	1.62666e+01
110	0	145	0	2	3	3.95795e-03	-5.69740e-01	1.38955e+01
110	0	146	0	2	3	-6.39966e-04	-2.59512e-01	9.67047e+00
110	0	147	0	2	3	1.31269e-03	-3.85888e-01	1.19663e+01
110	0	148	0	2	3	4.32103e-03	-6.17320e-01	1.54093e+01
110	0	149	0	2	3	5.65367e-03	-7.02754e-01	1.75123e+01
110	0	150	0	2	3	-2.41778e-03	-1.37461e-01	7.94946e+00
110	0	151	0	2	3	-6.94070e-03	2.04385e-01	1.37015e+00
110	0	152	0	2	3	-4.64657e-03	6.04865e-02	3.90752e+00
110	0	153	0	2	3	3.66493e-03	-5.90039e-01	1.61499e+01
110	0	154	0	2	3	4.03992e-03	-6.05196e-01	1.55981e+01
110	0	155	0	2	3	4.18826e-03	-6.08790e-01	1.43580e+01
110	0	156	0	2	3	5.26119e-03	-6.97297e-01	1.78743e+01
110	0	157	0	2	3	-6.35256e-03	1.74909e-01	1.85979e+00
110	0	158	0	2	3	3.56306e-03	-5.73348e-01	1.51242e+01
110	0	159	0	2	3	4.66497e-03	-6.24538e-01	1.56535e+01
#######################################################################
# BFT D                                                               #
#######################################################################
110	1	0	0	2	3	-4.60332e-03	5.58632e-02	5.11405e+00
110	1	1	0	2	3	3.25748e-03	-5.10047e-01	1.45748e+01
110	1	2	0	2	3	3.47687e-03	-5.51491e-01	1.52965e+01
110	1	3	0	2	3	4.12655e-03	-5.89036e-01	1.67428e+01
110	1	4	0	2	3	3.99638e-03	-5.79848e-01	1.56668e+01
110	1	5	0	2	3	3.66302e-03	-5.55815e-01	1.62624e+01
110	1	6	0	2	3	3.77214e-03	-5.63903e-01	1.42034e+01
110	1	7	0	2	3	4.02962e-03	-5.73019e-01	1.58514e+01
110	1	8	0	2	3	3.56336e-03	-5.48171e-01	1.53534e+01
110	1	9	0	2	3	1.18178e-03	-3.77298e-01	1.39627e+01
110	1	10	0	2	3	3.35225e-03	-5.36968e-01	1.50068e+01
110	1	11	0	2	3	3.86270e-03	-5.74213e-01	1.59601e+01
110	1	12	0	2	3	3.74591e-03	-5.66318e-01	1.48697e+01
110	1	13	0	2	3	2.63461e-03	-4.82261e-01	1.50090e+01
110	1	14	0	2	3	4.19351e-03	-6.01676e-01	1.53250e+01
110	1	15	0	2	3	3.86802e-03	-5.69220e-01	1.64049e+01
110	1	16	0	2	3	3.66534e-03	-5.61408e-01	1.49200e+01
110	1	17	0	2	3	3.90571e-03	-5.68602e-01	1.55626e+01
110	1	18	0	2	3	4.09143e-03	-5.92021e-01	1.48339e+01
110	1	19	0	2	3	3.57431e-03	-5.45396e-01	1.55294e+01
110	1	20	0	2	3	3.56046e-03	-5.58247e-01	1.52167e+01
110	1	21	0	2	3	4.09121e-03	-5.85905e-01	1.72949e+01
110	1	22	0	2	3	4.51083e-03	-6.16349e-01	1.57559e+01
110	1	23	0	2	3	3.96024e-03	-5.66167e-01	1.60261e+01
110	1	24	0	2	3	3.52598e-03	-5.54262e-01	1.57263e+01
110	1	25	0	2	3	3.70033e-03	-5.52903e-01	1.60060e+01
110	1	26	0	2	3	4.51205e-03	-6.21066e-01	1.56989e+01
110	1	27	0	2	3	4.23089e-03	-5.89943e-01	1.73163e+01
110	1	28	0	2	3	3.76221e-03	-5.70120e-01	1.58535e+01
110	1	29	0	2	3	3.54429e-03	-5.42923e-01	1.59839e+01
110	1	30	0	2	3	3.94411e-03	-5.78373e-01	1.51839e+01
110	1	31	0	2	3	3.77854e-03	-5.68658e-01	1.66591e+01
110	1	32	0	2	3	4.02018e-03	-5.91900e-01	1.68073e+01
110	1	33	0	2	3	3.19429e-03	-5.28033e-01	1.47817e+01
110	1	34	0	2	3	4.06153e-03	-5.81656e-01	1.47716e+01
110	1	35	0	2	3	4.06300e-03	-5.93612e-01	1.71524e+01
110	1	36	0	2	3	3.74468e-03	-5.58679e-01	1.55918e+01
110	1	37	0	2	3	3.57292e-03	-5.41963e-01	1.41091e+01
110	1	38	0	2	3	4.39401e-03	-6.09110e-01	1.66966e+01
110	1	39	0	2	3	4.19108e-03	-5.84879e-01	1.58453e+01
110	1	40	0	2	3	3.93478e-03	-5.71266e-01	1.46627e+01
110	1	41	0	2	3	4.00094e-03	-5.71902e-01	1.60299e+01
110	1	42	0	2	3	3.98605e-03	-5.71049e-01	1.51505e+01
110	1	43	0	2	3	3.83879e-03	-5.64203e-01	1.67355e+01
110	1	44	0	2	3	3.74394e-03	-5.65598e-01	1.47642e+01
110	1	45	0	2	3	3.65623e-03	-5.50732e-01	1.59414e+01
110	1	46	0	2	3	4.33651e-03	-6.09450e-01	1.55000e+01
110	1	47	0	2	3	4.26347e-03	-6.14782e-01	1.81085e+01
110	1	48	0	2	3	3.95234e-03	-5.71740e-01	1.54257e+01
110	1	49	0	2	3	3.39849e-03	-5.28488e-01	1.57664e+01
110	1	50	0	2	3	4.16999e-03	-5.92694e-01	1.48473e+01
110	1	51	0	2	3	4.05848e-03	-5.82708e-01	1.64705e+01
110	1	52	0	2	3	3.93398e-03	-5.83577e-01	1.49870e+01
110	1	53	0	2	3	3.42316e-03	-5.35488e-01	1.59106e+01
110	1	54	0	2	3	4.31478e-03	-6.10389e-01	1.64148e+01
110	1	55	0	2	3	4.10918e-03	-5.88692e-01	1.67260e+01
110	1	56	0	2	3	4.03805e-03	-5.97531e-01	1.53472e+01
110	1	57	0	2	3	3.89064e-03	-5.71900e-01	1.61164e+01
110	1	58	0	2	3	4.03452e-03	-5.99190e-01	1.72911e+01
110	1	59	0	2	3	4.88680e-03	-6.57027e-01	1.90089e+01
110	1	60	0	2	3	3.96439e-03	-5.83692e-01	1.57863e+01
110	1	61	0	2	3	4.26417e-03	-5.85356e-01	1.58064e+01
110	1	62	0	2	3	4.39223e-03	-6.07462e-01	1.50769e+01
110	1	63	0	2	3	4.31482e-03	-6.04685e-01	1.70292e+01
110	1	64	0	2	3	4.02625e-03	-5.89389e-01	1.62485e+01
110	1	65	0	2	3	4.16961e-03	-5.91674e-01	1.60649e+01
110	1	66	0	2	3	4.93810e-03	-6.59846e-01	1.61967e+01
110	1	67	0	2	3	4.50777e-03	-6.19146e-01	1.56668e+01
110	1	68	0	2	3	3.46513e-03	-5.37580e-01	1.36640e+01
110	1	69	0	2	3	4.18427e-03	-5.93375e-01	1.61771e+01
110	1	70	0	2	3	4.27947e-03	-6.06600e-01	1.63443e+01
110	1	71	0	2	3	4.32002e-03	-6.11508e-01	1.67694e+01
110	1	72	0	2	3	3.79895e-03	-5.66787e-01	1.50880e+01
110	1	73	0	2	3	3.96101e-03	-5.85081e-01	1.68169e+01
110	1	74	0	2	3	4.23852e-03	-5.98068e-01	1.48048e+01
110	1	75	0	2	3	4.16760e-03	-6.01388e-01	1.60616e+01
110	1	76	0	2	3	3.70664e-03	-5.61560e-01	1.48516e+01
110	1	77	0	2	3	4.22803e-03	-6.02526e-01	1.60182e+01
110	1	78	0	2	3	4.32053e-03	-6.07541e-01	1.49747e+01
110	1	79	0	2	3	4.29134e-03	-6.00762e-01	1.58165e+01
110	1	80	0	2	3	3.91739e-03	-5.73212e-01	1.49062e+01
110	1	81	0	2	3	4.09809e-03	-5.84160e-01	1.48226e+01
110	1	82	0	2	3	4.90410e-03	-6.49730e-01	1.72103e+01
110	1	83	0	2	3	4.33295e-03	-5.91851e-01	1.52029e+01
110	1	84	0	2	3	3.68782e-03	-5.46852e-01	1.38461e+01
110	1	85	0	2	3	3.86862e-03	-5.67164e-01	1.47921e+01
110	1	86	0	2	3	4.10779e-03	-5.92723e-01	1.59659e+01
110	1	87	0	2	3	4.04215e-03	-5.75539e-01	1.36919e+01
110	1	88	0	2	3	3.84922e-03	-5.73676e-01	1.54036e+01
110	1	89	0	2	3	3.89833e-03	-5.76138e-01	1.46776e+01
110	1	90	0	2	3	3.87923e-03	-5.75489e-01	1.45517e+01
110	1	91	0	2	3	4.43370e-03	-6.05572e-01	1.59731e+01
110	1	92	0	2	3	3.97644e-03	-5.73565e-01	1.48813e+01
110	1	93	0	2	3	3.95433e-03	-5.74470e-01	1.51097e+01
110	1	94	0	2	3	4.04816e-03	-5.90888e-01	1.60310e+01
110	1	95	0	2	3	4.31802e-03	-6.07686e-01	1.54622e+01
110	1	96	0	2	3	3.69694e-03	-5.55277e-01	1.42191e+01
110	1	97	0	2	3	3.91556e-03	-5.71388e-01	1.54598e+01
110	1	98	0	2	3	4.30699e-03	-6.23668e-01	1.69347e+01
110	1	99	0	2	3	4.61363e-03	-6.23951e-01	1.57633e+01
110	1	100	0	2	3	3.74014e-03	-5.49796e-01	1.46349e+01
110	1	101	0	2	3	3.71413e-03	-5.57106e-01	1.50948e+01
110	1	102	0	2	3	4.20329e-03	-6.04585e-01	1.56709e+01
110	1	103	0	2	3	4.35368e-03	-6.02182e-01	1.52315e+01
110	1	104	0	2	3	3.66031e-03	-5.56106e-01	1.47848e+01
110	1	105	0	2	3	3.97626e-03	-5.73281e-01	1.50808e+01
110	1	106	0	2	3	4.33979e-03	-6.12629e-01	1.66157e+01
110	1	107	0	2	3	4.85763e-03	-6.41128e-01	1.61361e+01
110	1	108	0	2	3	3.26748e-03	-5.27020e-01	1.49869e+01
110	1	109	0	2	3	3.82676e-03	-5.69683e-01	1.56839e+01
110	1	110	0	2	3	4.17830e-03	-6.01107e-01	1.56316e+01
110	1	111	0	2	3	4.43653e-03	-6.20645e-01	1.71382e+01
110	1	112	0	2	3	4.29098e-03	-6.02009e-01	1.54037e+01
110	1	113	0	2	3	3.76317e-03	-5.65587e-01	1.51717e+01
110	1	114	0	2	3	3.89362e-03	-5.82290e-01	1.49424e+01
110	1	115	0	2	3	4.92532e-03	-6.42928e-01	1.61088e+01
110	1	116	0	2	3	4.11649e-03	-5.94522e-01	1.55073e+01
110	1	117	0	2	3	3.57535e-03	-5.49491e-01	1.47595e+01
110	1	118	0	2	3	4.75871e-03	-6.34372e-01	1.52214e+01
110	1	119	0	2	3	3.96382e-03	-5.75577e-01	1.53339e+01
110	1	120	0	2	3	4.08561e-03	-5.93267e-01	1.52525e+01
110	1	121	0	2	3	4.56633e-03	-6.17205e-01	1.57061e+01
110	1	122	0	2	3	5.10208e-03	-6.68823e-01	1.78996e+01
110	1	123	0	2	3	4.45722e-03	-6.30779e-01	1.77830e+01
110	1	124	0	2	3	4.84751e-03	-6.31882e-01	1.53361e+01
110	1	125	0	2	3	3.96523e-03	-5.83961e-01	1.56183e+01
110	1	126	0	2	3	4.15326e-03	-5.89058e-01	1.52836e+01
110	1	127	0	2	3	4.57497e-03	-6.18792e-01	1.59072e+01
110	1	128	0	2	3	3.72506e-03	-5.78423e-01	1.57915e+01
110	1	129	0	2	3	5.29734e-03	-6.97018e-01	1.79241e+01
110	1	130	0	2	3	5.48940e-03	-7.05840e-01	1.71714e+01
110	1	131	0	2	3	3.66580e-03	-5.54751e-01	1.46801e+01
110	1	132	0	2	3	7.62445e-03	-8.69269e-01	2.13237e+01
110	1	133	0	2	3	4.11248e-03	-5.97521e-01	1.54217e+01
110	1	134	0	2	3	3.90667e-03	-5.93795e-01	1.62551e+01
110	1	135	0	2	3	3.88132e-03	-5.74761e-01	1.52945e+01
110	1	136	0	2	3	4.77054e-03	-6.55119e-01	1.75697e+01
110	1	137	0	2	3	5.55158e-03	-7.05360e-01	1.77887e+01
110	1	138	0	2	3	4.07158e-03	-5.91074e-01	1.54491e+01
110	1	139	0	2	3	5.47393e-03	-6.85020e-01	1.73509e+01
110	1	140	0	2	3	4.47500e-03	-6.27622e-01	1.60722e+01
110	1	141	0	2	3	4.25771e-03	-5.98318e-01	1.51878e+01
110	1	142	0	2	3	-6.44059e-04	-2.79262e-01	1.00663e+01
110	1	143	0	2	3	1.87867e-03	-4.53486e-01	1.39080e+01
110	1	144	0	2	3	2.28218e-03	-4.83862e-01	1.48914e+01
110	1	145	0	2	3	7.48660e-03	-8.21477e-01	1.94246e+01
110	1	146	0	2	3	1.36412e-03	-4.05435e-01	1.22881e+01
110	1	147	0	2	3	3.62325e-03	-5.49047e-01	1.36641e+01
110	1	148	0	2	3	3.48300e-03	-5.48776e-01	1.40065e+01
110	1	149	0	2	3	-5.73206e-04	-2.53292e-01	1.00289e+01
110	1	150	0	2	3	4.94246e-03	-6.52149e-01	1.69905e+01
110	1	151	0	2	3	5.36014e-03	-6.66411e-01	1.64137e+01
110	1	152	0	2	3	3.14446e-03	-5.00658e-01	1.42703e+01
110	1	153	0	2	3	-2.01206e-02	1.27231e+00	-1.91729e+01
110	1	154	0	2	3	6.73167e-03	-7.84185e-01	1.91986e+01
110	1	155	0	2	3	6.00476e-03	-7.10330e-01	1.60895e+01
110	1	156	0	2	3	-1.14279e-02	5.55249e-01	-5.20328e+00
110	1	157	0	2	3	5.72100e-03	-7.09669e-01	1.82713e+01
110	1	158	0	2	3	1.64366e-03	-4.23039e-01	1.32938e+01
110	1	159	0	2	3	4.88466e-03	-6.40705e-01	1.71929e+01
