##
#  file: HodoPHCParam_Dummy
#  date: 2016.06.15
#  note: first version
#
#
#######################################################################
# CId	PlId	Seg	UorD	Type	nParam	p0	p1	...
#
#	Type=0 no correction will be performed
#	Type=1 ct=t-p[0]/sqrt(a-p[1])+p[2]
#	Type=2 ct=p[0]*a*a + p[1]*a + p[2] for Fiber
#
#######################################################################
# BH1 Up                                                              #
#######################################################################
1	0	0	0	1	3	5.08705e+00	-1.98362e+00	2.93454e+00
1	0	1	0	1	3	6.69706e-01	2.91546e-01	8.10244e-01
1	0	2	0	1	3	5.01779e-01	3.94271e-01	6.64278e-01
1	0	3	0	1	3	7.45330e-01	1.66754e-01	8.56036e-01
1	0	4	0	1	3	8.52890e-01	8.60054e-02	9.27134e-01
1	0	5	0	1	3	1.69981e+00	-1.50393e-01	1.62794e+00
1	0	6	0	1	3	1.58582e+00	-2.35346e-01	1.46587e+00
1	0	7	0	1	3	1.61970e+00	-1.46184e-01	1.54504e+00
1	0	8	0	1	3	1.37546e+00	-2.52696e-01	1.28233e+00
1	0	9	0	1	3	1.74814e+00	-2.76223e-01	1.64100e+00
1	0	10	0	1	3	1.60339e+01	-4.62629e+00	6.81205e+00
#######################################################################
# BH1 Down                                                            #
#######################################################################
1	0	0	1	1	3	1.33519e+00	-9.13138e-02	1.27257e+00
1	0	1	1	1	3	6.24909e-01	2.88647e-01	7.65429e-01
1	0	2	1	1	3	6.68954e-01	2.21542e-01	7.45264e-01
1	0	3	1	1	3	1.32364e+00	-4.57464e-01	1.08318e+00
1	0	4	1	1	3	1.18002e+00	-7.91080e-02	1.17008e+00
1	0	5	1	1	3	2.07299e+00	-4.79828e-01	1.70935e+00
1	0	6	1	1	3	1.96000e+00	-5.20196e-01	1.63958e+00
1	0	7	1	1	3	1.89852e+00	-4.50289e-01	1.60743e+00
1	0	8	1	1	3	1.02469e+00	-6.73213e-02	1.04734e+00
1	0	9	1	1	3	1.64894e+00	-1.85977e-01	1.61292e+00
1	0	10	1	1	3	7.15603e-01	2.22738e-01	8.54972e-01
#######################################################################
# BH2 Up                                                              #
#######################################################################
2	0	0	0	1	3	1.43047e-01	2.98695e-01	2.00085e-01
2	0	1	0	1	3	8.79554e-01	-2.31747e-01	7.85839e-01
2	0	2	0	1	3	5.94572e-01	-4.97541e-01	4.68956e-01
2	0	3	0	1	3	1.91725e-01	3.94747e-02	1.91115e-01
2	0	4	0	1	3	3.31184e-01	-9.38469e-02	3.15823e-01
2	0	5	0	1	3	1.99769e-01	2.70254e-01	2.37321e-01
2	0	6	0	1	3	2.58948e-01	2.41832e-01	3.10133e-01
2	0	7	0	1	3	3.50426e-01	8.80094e-02	3.70898e-01
#######################################################################
# BH2 Down                                                            #
#######################################################################
2	0	0	1	1	3	3.94607e-01	-1.85207e-01	3.84440e-01
2	0	1	1	1	3	9.92155e-01	-3.85817e-01	8.32122e-01
2	0	2	1	1	3	4.10986e-01	-9.27803e-02	3.90143e-01
2	0	3	1	1	3	1.76416e-01	4.84160e-02	1.75490e-01
2	0	4	1	1	3	2.42956e-01	1.23979e-01	2.64593e-01
2	0	5	1	1	3	3.57967e-01	4.32013e-02	3.63973e-01
2	0	6	1	1	3	1.22093e+00	-6.67168e-01	9.30075e-01
2	0	7	1	1	3	2.92156e-01	-4.36810e-03	2.98702e-01
#######################################################################
# BAC                                                                 #
#######################################################################
3	0	0	0	1	3	0.00000e+00	0.00000e+00	0.00000e+00
3	0	1	0	1	3	0.00000e+00	0.00000e+00	0.00000e+00
#######################################################################
# FBH Up                                                              #
#######################################################################
4	0	0	0	2	3	-5.62952e-03	8.96903e-01	-3.53273e+01
4	0	1	0	2	3	-4.29399e-03	7.37975e-01	-3.00049e+01
4	0	2	0	2	3	-5.26894e-03	8.67305e-01	-3.38992e+01
4	0	3	0	2	3	-3.80183e-03	6.69237e-01	-2.72260e+01
4	0	4	0	2	3	-4.35014e-03	7.35785e-01	-2.92008e+01
4	0	5	0	2	3	-4.02541e-03	6.86907e-01	-2.70312e+01
4	0	6	0	2	3	-4.16660e-03	7.08229e-01	-2.81512e+01
4	0	7	0	2	3	-3.93117e-03	6.84759e-01	-2.69101e+01
4	0	8	0	2	3	-4.14423e-03	6.96902e-01	-2.65883e+01
4	0	9	0	2	3	-2.83372e-03	5.62925e-01	-2.20787e+01
4	0	10	0	2	3	-4.07944e-03	7.09420e-01	-2.75603e+01
4	0	11	0	2	3	-3.50961e-03	6.50113e-01	-2.64167e+01
4	0	12	0	2	3	-3.52415e-03	6.49734e-01	-2.67232e+01
4	0	13	0	2	3	-4.13420e-03	7.26957e-01	-2.99675e+01
4	0	14	0	2	3	-4.90315e-03	8.27563e-01	-3.35630e+01
4	0	15	0	2	3	-4.73048e-03	8.13189e-01	-3.31901e+01
#######################################################################
# FBH Down                                                            #
#######################################################################
4	0	0	1	2	3	-5.62952e-03	8.96903e-01	-3.53273e+01
4	0	1	1	2	3	-4.29399e-03	7.37975e-01	-3.00049e+01
4	0	2	1	2	3	-5.26894e-03	8.67305e-01	-3.38992e+01
4	0	3	1	2	3	-3.80183e-03	6.69237e-01	-2.72260e+01
4	0	4	1	2	3	-4.35014e-03	7.35785e-01	-2.92008e+01
4	0	5	1	2	3	-4.02541e-03	6.86907e-01	-2.70312e+01
4	0	6	1	2	3	-4.16660e-03	7.08229e-01	-2.81512e+01
4	0	7	1	2	3	-3.93117e-03	6.84759e-01	-2.69101e+01
4	0	8	1	2	3	-4.14423e-03	6.96902e-01	-2.65883e+01
4	0	9	1	2	3	-2.83372e-03	5.62925e-01	-2.20787e+01
4	0	10	1	2	3	-4.07944e-03	7.09420e-01	-2.75603e+01
4	0	11	1	2	3	-3.50961e-03	6.50113e-01	-2.64167e+01
4	0	12	1	2	3	-3.52415e-03	6.49734e-01	-2.67232e+01
4	0	13	1	2	3	-4.13420e-03	7.26957e-01	-2.99675e+01
4	0	14	1	2	3	-4.90315e-03	8.27563e-01	-3.35630e+01
4	0	15	1	2	3	-4.73048e-03	8.13189e-01	-3.31901e+01
#######################################################################
# PVAC                                                                #
#######################################################################
5	0	0	0	1	3	0.00000e+00	0.00000e+00	0.00000e+00
#######################################################################
# FAC                                                                 #
#######################################################################
6	0	0	0	1	3	0.00000e+00	0.00000e+00	0.00000e+00
#######################################################################
# SCH                                                                 #
#######################################################################
#7	0	0	0	2	3	-0.00500000	0.821213	-32.185321
#7	0	1	0	2	3	-0.00500000	0.830248	-32.269563
#7	0	2	0	2	3	-0.00500000	0.793073	-29.315934
#7	0	3	0	2	3	-0.00500000	0.772144	-28.276705
#7	0	4	0	2	3	-0.00500000	0.801968	-30.687167
#7	0	5	0	2	3	-0.00500000	0.778300	-28.439251
#7	0	6	0	2	3	-0.00500000	0.765872	-27.918181
#7	0	7	0	2	3	-0.00500000	0.738459	-26.016797
#7	0	8	0	2	3	-0.00500000	0.778318	-28.676371
#7	0	9	0	2	3	-0.00500000	0.776670	-28.892887
#7	0	10	0	2	3	-0.00500000	0.764278	-28.122474
#7	0	11	0	2	3	-0.00500000	0.790742	-29.423647
#7	0	12	0	2	3	-0.00500000	0.811330	-30.487019
#7	0	13	0	2	3	-0.00500000	0.818750	-30.891512
#7	0	14	0	2	3	-0.00500000	0.802541	-30.009136
#7	0	15	0	2	3	-0.00500000	0.809525	-30.751746
#7	0	16	0	2	3	-0.00500000	0.802597	-30.845509
#7	0	17	0	2	3	-0.00500000	0.835028	-32.780792
#7	0	18	0	2	3	-0.00500000	0.859176	-33.938731
#7	0	19	0	2	3	-0.00500000	0.814851	-31.445396
#7	0	20	0	2	3	-0.00500000	0.809426	-30.781087
#7	0	21	0	2	3	-0.00500000	0.780678	-28.888756
#7	0	22	0	2	3	-0.00500000	0.808206	-30.719604
#7	0	23	0	2	3	-0.00500000	0.774024	-27.858339
#7	0	24	0	2	3	-0.00500000	0.794308	-29.022101
#7	0	25	0	2	3	-0.00500000	0.775649	-27.980186
#7	0	26	0	2	3	-0.00500000	0.788483	-28.687567
#7	0	27	0	2	3	-0.00466315	0.771386	-29.253260
#7	0	28	0	2	3	-0.00483132	0.790854	-28.637741
#7	0	29	0	2	3	-0.00497049	0.812994	-30.786914
#7	0	30	0	2	3	-0.00500000	0.787793	-28.362716
#7	0	31	0	2	3	-0.00500000	0.790759	-28.876812
#7	0	32	0	2	3	-0.00500000	0.824826	-31.655285
#7	0	33	0	2	3	-0.00500000	0.845304	-33.407765
#7	0	34	0	2	3	-0.00500000	0.832263	-32.939799
#7	0	35	0	2	3	-0.00500000	0.820631	-31.695372
#7	0	36	0	2	3	-0.00500000	0.836997	-33.200590
#7	0	37	0	2	3	-0.00500000	0.819690	-32.097193
#7	0	38	0	2	3	-0.00500000	0.808109	-31.263214
#7	0	39	0	2	3	-0.00500000	0.815224	-31.135523
#7	0	40	0	2	3	-0.00500000	0.803398	-29.897923
#7	0	41	0	2	3	-0.00500000	0.815685	-31.165519
#7	0	42	0	2	3	-0.00500000	0.812980	-30.737261
#7	0	43	0	2	3	-0.00500000	0.829418	-32.693307
#7	0	44	0	2	3	-0.00500000	0.789530	-29.464920
#7	0	45	0	2	3	-0.00500000	0.804789	-31.208151
#7	0	46	0	2	3	-0.00500000	0.830106	-32.806514
#7	0	47	0	2	3	-0.00500000	0.819206	-31.373242
#7	0	48	0	2	3	-0.00500000	0.816165	-31.709319
#7	0	49	0	2	3	-0.00500000	0.798496	-30.201709
#7	0	50	0	2	3	-0.00500000	0.812167	-31.795745
#7	0	51	0	2	3	-0.00500000	0.810749	-31.375226
#7	0	52	0	2	3	-0.00500000	0.803385	-31.372512
#7	0	53	0	2	3	-0.00500000	0.777405	-29.262831
#7	0	54	0	2	3	-0.00500000	0.783954	-29.763410
#7	0	55	0	2	3	-0.00500000	0.789443	-29.976449
#7	0	56	0	2	3	-0.00500000	0.838828	-33.261086
#7	0	57	0	2	3	-0.00500000	0.804421	-30.573195
#7	0	58	0	2	3	-0.00500000	0.773283	-29.111048
#7	0	59	0	2	3	-0.00500000	0.811789	-31.449459
#7	0	60	0	2	3	-0.00500000	0.759724	-28.110014
#7	0	61	0	2	3	-0.00500000	0.810884	-31.379063
#7	0	62	0	2	3	-0.00500000	0.771910	-28.435006
#7	0	63	0	2	3	-0.00500000	0.796658	-30.511906
#######################################################################
# TOF Up                                                              #
#######################################################################
7	0	0	0	1	3	5.24830e+00	-1.96630e+00	2.96170e+00
7	0	1	0	1	3	5.24830e+00	-1.96630e+00	2.96170e+00
7	0	2	0	1	3	5.24830e+00	-1.96630e+00	2.96170e+00
7	0	3	0	1	3	5.24830e+00	-1.96630e+00	2.96170e+00
7	0	4	0	1	3	5.24830e+00	-1.96630e+00	2.96170e+00
7	0	5	0	1	3	5.24830e+00	-1.96630e+00	2.96170e+00
7	0	6	0	1	3	6.97090e+00	-3.03520e+00	3.39910e+00
7	0	7	0	1	3	4.05450e+00	-1.96150e+00	2.30360e+00
7	0	8	0	1	3	1.16940e+02	-2.98600e+01	2.09880e+01
7	0	9	0	1	3	5.24830e+00	-1.96630e+00	2.96170e+00
7	0	10	0	1	3	5.24830e+00	-1.96630e+00	2.96170e+00
7	0	11	0	1	3	5.24830e+00	-1.96630e+00	2.96170e+00
7	0	12	0	1	3	5.24830e+00	-1.96630e+00	2.96170e+00
7	0	13	0	1	3	5.24830e+00	-1.96630e+00	2.96170e+00
7	0	14	0	1	3	5.24830e+00	-1.96630e+00	2.96170e+00
7	0	15	0	1	3	5.24830e+00	-1.96630e+00	2.96170e+00
7	0	16	0	1	3	5.24830e+00	-1.96630e+00	2.96170e+00
7	0	17	0	1	3	5.24830e+00	-1.96630e+00	2.96170e+00
7	0	18	0	1	3	5.24830e+00	-1.96630e+00	2.96170e+00
7	0	19	0	1	3	7.11491e-01	1.85180e-03	5.82402e-01
7	0	20	0	1	3	5.59404e-01	-1.73810e-03	4.50716e-01
7	0	21	0	1	3	8.92499e-01	1.99900e-03	7.37364e-01
7	0	22	0	1	3	6.37553e-01	1.99960e-03	5.45449e-01
7	0	23	0	1	3	1.19210e+00	1.98920e-03	9.99994e-01
#######################################################################
# TOF Down                                                            #
#######################################################################
7	0	0	1	1	3	5.84300e+00	-2.30730e+00	3.11320e+00
7	0	1	1	1	3	5.84300e+00	-2.30730e+00	3.11320e+00
7	0	2	1	1	3	5.84300e+00	-2.30730e+00	3.11320e+00
7	0	3	1	1	3	5.84300e+00	-2.30730e+00	3.11320e+00
7	0	4	1	1	3	5.84300e+00	-2.30730e+00	3.11320e+00
7	0	5	1	1	3	5.84300e+00	-2.30730e+00	3.11320e+00
7	0	6	1	1	3	1.41330e+01	-5.81170e+00	5.32680e+00
7	0	7	1	1	3	7.84850e+01	-2.02870e+01	1.69500e+01
7	0	8	1	1	3	2.20240e+02	-3.62440e+01	3.60080e+01
7	0	9	1	1	3	5.84300e+00	-2.30730e+00	3.11320e+00
7	0	10	1	1	3	5.84300e+00	-2.30730e+00	3.11320e+00
7	0	11	1	1	3	5.84300e+00	-2.30730e+00	3.11320e+00
7	0	12	1	1	3	5.84300e+00	-2.30730e+00	3.11320e+00
7	0	13	1	1	3	5.84300e+00	-2.30730e+00	3.11320e+00
7	0	14	1	1	3	5.84300e+00	-2.30730e+00	3.11320e+00
7	0	15	1	1	3	5.84300e+00	-2.30730e+00	3.11320e+00
7	0	16	1	1	3	5.84300e+00	-2.30730e+00	3.11320e+00
7	0	17	1	1	3	5.84300e+00	-2.30730e+00	3.11320e+00
7	0	18	1	1	3	5.84300e+00	-2.30730e+00	3.11320e+00
7	0	19	1	1	3	6.18741e-01	1.99860e-03	4.90831e-01
7	0	20	1	1	3	5.75901e-01	1.04210e-03	4.72509e-01
7	0	21	1	1	3	9.41046e-01	1.99890e-03	7.79357e-01
7	0	22	1	1	3	4.84266e-01	-1.95590e-03	3.99786e-01
7	0	23	1	1	3	8.97714e-01	1.99860e-03	7.56300e-01
#######################################################################
# BFT U                                                               #
#######################################################################
110	0	0	0	2	3	5.66333e-03	-6.87790e-01	1.68703e+01
110	0	1	0	2	3	9.36971e-04	-3.24598e-01	1.00216e+01
110	0	2	0	2	3	2.72590e-03	-4.84668e-01	1.32545e+01
110	0	3	0	2	3	2.87225e-03	-5.03005e-01	1.28131e+01
110	0	4	0	2	3	3.97072e-03	-5.72144e-01	1.51298e+01
110	0	5	0	2	3	2.30625e-03	-4.36325e-01	1.28828e+01
110	0	6	0	2	3	2.89563e-03	-5.04947e-01	1.33718e+01
110	0	7	0	2	3	3.83537e-03	-5.49733e-01	1.46225e+01
110	0	8	0	2	3	3.31754e-03	-5.25809e-01	1.38453e+01
110	0	9	0	2	3	3.30334e-03	-5.21558e-01	1.51538e+01
110	0	10	0	2	3	3.24297e-03	-5.25857e-01	1.30958e+01
110	0	11	0	2	3	5.24193e-03	-6.58182e-01	1.75557e+01
110	0	12	0	2	3	3.27455e-03	-5.16594e-01	1.30032e+01
110	0	13	0	2	3	2.99264e-03	-4.83105e-01	1.41160e+01
110	0	14	0	2	3	3.70196e-03	-5.56522e-01	1.38033e+01
110	0	15	0	2	3	3.89456e-03	-5.63156e-01	1.58409e+01
110	0	16	0	2	3	4.10430e-03	-5.74738e-01	1.38298e+01
110	0	17	0	2	3	3.90594e-03	-5.61207e-01	1.53447e+01
110	0	18	0	2	3	3.59795e-03	-5.47232e-01	1.34109e+01
110	0	19	0	2	3	3.76464e-03	-5.62168e-01	1.35439e+01
110	0	20	0	2	3	4.05422e-03	-5.69896e-01	1.42337e+01
110	0	21	0	2	3	3.63701e-03	-5.32649e-01	1.60081e+01
110	0	22	0	2	3	5.21950e-03	-6.61830e-01	1.58321e+01
110	0	23	0	2	3	4.54345e-03	-6.00065e-01	1.60411e+01
110	0	24	0	2	3	4.16193e-03	-5.82022e-01	1.47996e+01
110	0	25	0	2	3	4.39591e-03	-5.91250e-01	1.63946e+01
110	0	26	0	2	3	3.75175e-03	-5.58647e-01	1.51020e+01
110	0	27	0	2	3	4.72815e-03	-6.11412e-01	1.60905e+01
110	0	28	0	2	3	3.86978e-03	-5.64853e-01	1.27177e+01
110	0	29	0	2	3	3.76229e-03	-5.38225e-01	1.42995e+01
110	0	30	0	2	3	3.62195e-03	-5.46742e-01	1.36541e+01
110	0	31	0	2	3	4.09772e-03	-5.73582e-01	1.55977e+01
110	0	32	0	2	3	4.23826e-03	-5.98059e-01	1.49809e+01
110	0	33	0	2	3	4.64552e-03	-5.91764e-01	1.40128e+01
110	0	34	0	2	3	3.94343e-03	-5.72740e-01	1.42287e+01
110	0	35	0	2	3	5.09482e-03	-6.52834e-01	1.70325e+01
110	0	36	0	2	3	3.99550e-03	-5.62639e-01	1.37679e+01
110	0	37	0	2	3	3.93498e-03	-5.68527e-01	1.64898e+01
110	0	38	0	2	3	3.83726e-03	-5.55833e-01	1.32225e+01
110	0	39	0	2	3	4.49714e-03	-6.00243e-01	1.56614e+01
110	0	40	0	2	3	3.76639e-03	-5.50423e-01	1.35402e+01
110	0	41	0	2	3	4.45524e-03	-5.97848e-01	1.67243e+01
110	0	42	0	2	3	4.55052e-03	-6.04971e-01	1.49843e+01
110	0	43	0	2	3	4.75798e-03	-6.35602e-01	1.72005e+01
110	0	44	0	2	3	3.72989e-03	-5.55166e-01	1.38366e+01
110	0	45	0	2	3	3.93045e-03	-5.57782e-01	1.55508e+01
110	0	46	0	2	3	4.44108e-03	-6.12318e-01	1.50277e+01
110	0	47	0	2	3	4.17715e-03	-5.91380e-01	1.74298e+01
110	0	48	0	2	3	3.60786e-03	-5.40695e-01	1.24951e+01
110	0	49	0	2	3	4.20495e-03	-5.79362e-01	1.63878e+01
110	0	50	0	2	3	4.78924e-03	-6.28052e-01	1.54467e+01
110	0	51	0	2	3	4.21381e-03	-5.80965e-01	1.53069e+01
110	0	52	0	2	3	3.77120e-03	-5.49924e-01	1.31547e+01
110	0	53	0	2	3	4.30976e-03	-5.85844e-01	1.52870e+01
110	0	54	0	2	3	3.87950e-03	-5.64898e-01	1.39730e+01
110	0	55	0	2	3	4.51144e-03	-6.05155e-01	1.66992e+01
110	0	56	0	2	3	4.01011e-03	-5.83056e-01	1.52852e+01
110	0	57	0	2	3	4.83864e-03	-6.26143e-01	1.66724e+01
110	0	58	0	2	3	4.21399e-03	-5.93501e-01	1.55731e+01
110	0	59	0	2	3	4.09971e-03	-5.93207e-01	1.66088e+01
110	0	60	0	2	3	3.60078e-03	-5.50585e-01	1.34033e+01
110	0	61	0	2	3	3.79741e-03	-5.51284e-01	1.50576e+01
110	0	62	0	2	3	4.67674e-03	-6.18783e-01	1.47377e+01
110	0	63	0	2	3	4.33267e-03	-5.95338e-01	1.48078e+01
110	0	64	0	2	3	4.08172e-03	-5.85327e-01	1.46328e+01
110	0	65	0	2	3	4.07071e-03	-5.73766e-01	1.54256e+01
110	0	66	0	2	3	4.89600e-03	-6.55337e-01	1.71620e+01
110	0	67	0	2	3	3.59527e-03	-5.46567e-01	1.52125e+01
110	0	68	0	2	3	4.05916e-03	-5.93991e-01	1.53792e+01
110	0	69	0	2	3	4.09619e-03	-5.75829e-01	1.50191e+01
110	0	70	0	2	3	3.99378e-03	-5.93048e-01	1.43305e+01
110	0	71	0	2	3	4.61917e-03	-6.21839e-01	1.63088e+01
110	0	72	0	2	3	3.95241e-03	-5.76606e-01	1.37632e+01
110	0	73	0	2	3	4.19596e-03	-5.91913e-01	1.51905e+01
110	0	74	0	2	3	4.57271e-03	-6.33409e-01	1.59795e+01
110	0	75	0	2	3	4.52517e-03	-6.07625e-01	1.56133e+01
110	0	76	0	2	3	3.90922e-03	-5.71513e-01	1.37911e+01
110	0	77	0	2	3	4.01150e-03	-5.72121e-01	1.53323e+01
110	0	78	0	2	3	4.16856e-03	-5.99016e-01	1.46165e+01
110	0	79	0	2	3	4.43251e-03	-6.02372e-01	1.54942e+01
110	0	80	0	2	3	4.16810e-03	-5.89223e-01	1.51341e+01
110	0	81	0	2	3	3.88096e-03	-5.57644e-01	1.47359e+01
110	0	82	0	2	3	4.60248e-03	-6.16369e-01	1.51148e+01
110	0	83	0	2	3	4.51013e-03	-6.15557e-01	1.57109e+01
110	0	84	0	2	3	3.59286e-03	-5.47201e-01	1.38524e+01
110	0	85	0	2	3	4.50839e-03	-6.05380e-01	1.58940e+01
110	0	86	0	2	3	4.06602e-03	-5.97512e-01	1.46782e+01
110	0	87	0	2	3	4.52553e-03	-6.16418e-01	1.63722e+01
110	0	88	0	2	3	3.91095e-03	-5.62200e-01	1.43706e+01
110	0	89	0	2	3	4.43616e-03	-6.04688e-01	1.55060e+01
110	0	90	0	2	3	4.87106e-03	-6.42098e-01	1.50425e+01
110	0	91	0	2	3	3.88346e-03	-5.76911e-01	1.47215e+01
110	0	92	0	2	3	3.54597e-03	-5.56791e-01	1.44515e+01
110	0	93	0	2	3	4.32327e-03	-5.92939e-01	1.49890e+01
110	0	94	0	2	3	4.98539e-03	-6.70091e-01	1.74792e+01
110	0	95	0	2	3	4.48117e-03	-6.13425e-01	1.60767e+01
110	0	96	0	2	3	4.40968e-03	-6.14096e-01	1.50127e+01
110	0	97	0	2	3	4.04230e-03	-5.79612e-01	1.56323e+01
110	0	98	0	2	3	4.69040e-03	-6.38766e-01	1.54665e+01
110	0	99	0	2	3	4.51480e-03	-6.06488e-01	1.56682e+01
110	0	100	0	2	3	4.32806e-03	-6.04905e-01	1.53756e+01
110	0	101	0	2	3	3.52408e-03	-5.43855e-01	1.49248e+01
110	0	102	0	2	3	4.69033e-03	-6.31923e-01	1.60780e+01
110	0	103	0	2	3	4.60864e-03	-6.23173e-01	1.58534e+01
110	0	104	0	2	3	4.15381e-03	-5.89808e-01	1.41848e+01
110	0	105	0	2	3	4.44652e-03	-6.02141e-01	1.52628e+01
110	0	106	0	2	3	4.58984e-03	-6.24438e-01	1.59393e+01
110	0	107	0	2	3	4.85162e-03	-6.29574e-01	1.52421e+01
110	0	108	0	2	3	4.03060e-03	-5.90248e-01	1.51928e+01
110	0	109	0	2	3	4.01880e-03	-5.78074e-01	1.48342e+01
110	0	110	0	2	3	4.33032e-03	-6.06886e-01	1.53884e+01
110	0	111	0	2	3	4.26059e-03	-6.05565e-01	1.55499e+01
110	0	112	0	2	3	3.48595e-03	-5.40399e-01	1.29619e+01
110	0	113	0	2	3	4.81631e-03	-6.25148e-01	1.54720e+01
110	0	114	0	2	3	4.34023e-03	-6.07789e-01	1.55289e+01
110	0	115	0	2	3	4.91117e-03	-6.38838e-01	1.58520e+01
110	0	116	0	2	3	3.45106e-03	-5.45132e-01	1.39387e+01
110	0	117	0	2	3	4.51207e-03	-6.15540e-01	1.65168e+01
110	0	118	0	2	3	4.19631e-03	-6.06550e-01	1.58161e+01
110	0	119	0	2	3	4.39831e-03	-5.96761e-01	1.41561e+01
110	0	120	0	2	3	4.32432e-03	-6.12573e-01	1.52578e+01
110	0	121	0	2	3	4.52350e-03	-5.99923e-01	1.36535e+01
110	0	122	0	2	3	4.69861e-03	-6.34911e-01	1.67603e+01
110	0	123	0	2	3	5.44550e-03	-6.83085e-01	1.70329e+01
110	0	124	0	2	3	8.05582e-04	-3.30732e-01	1.03759e+01
110	0	125	0	2	3	2.66835e-03	-4.78053e-01	1.11373e+01
110	0	126	0	2	3	4.11490e-03	-5.78970e-01	1.43359e+01
110	0	127	0	2	3	3.80833e-03	-5.53817e-01	1.42436e+01
110	0	128	0	2	3	3.25532e-03	-5.58824e-01	1.55280e+01
110	0	129	0	2	3	4.87730e-03	-6.58577e-01	1.67665e+01
110	0	130	0	2	3	2.77681e-03	-5.21038e-01	1.48149e+01
110	0	131	0	2	3	3.46271e-03	-5.53727e-01	1.51021e+01
110	0	132	0	2	3	-5.24960e-04	-2.74495e-01	1.06523e+01
110	0	133	0	2	3	5.00228e-03	-6.66360e-01	1.72245e+01
110	0	134	0	2	3	2.29031e-03	-4.79341e-01	1.38698e+01
110	0	135	0	2	3	6.28894e-03	-7.56891e-01	1.79935e+01
110	0	136	0	2	3	3.14771e-03	-5.36448e-01	1.41587e+01
110	0	137	0	2	3	5.80263e-03	-7.31102e-01	1.87607e+01
110	0	138	0	2	3	-1.95791e-03	-1.43959e-01	7.52901e+00
110	0	139	0	2	3	3.40170e-03	-5.35828e-01	1.32584e+01
110	0	140	0	2	3	-1.43590e-03	-2.11984e-01	9.80602e+00
110	0	141	0	2	3	-4.18757e-03	1.48166e-03	4.26830e+00
110	0	142	0	2	3	2.62737e-03	-4.79261e-01	1.32275e+01
110	0	143	0	2	3	5.23424e-03	-6.83202e-01	1.69460e+01
110	0	144	0	2	3	4.98364e-04	-3.28488e-01	9.83509e+00
110	0	145	0	2	3	3.31075e-03	-5.30894e-01	1.33828e+01
110	0	146	0	2	3	2.79315e-03	-5.03150e-01	1.40821e+01
110	0	147	0	2	3	-5.75602e-03	1.47157e-01	2.26194e+00
110	0	148	0	2	3	3.52112e-03	-5.85867e-01	1.53705e+01
110	0	149	0	2	3	-9.68739e-03	4.85200e-01	-5.19637e+00
110	0	150	0	2	3	-8.14553e-03	2.99980e-01	-2.56187e-01
110	0	151	0	2	3	2.63761e-03	-5.22188e-01	1.50171e+01
110	0	152	0	2	3	-3.27447e-03	-5.06552e-02	6.27235e+00
110	0	153	0	2	3	1.28393e-04	-3.21438e-01	1.12902e+01
110	0	154	0	2	3	3.66944e-03	-5.67735e-01	1.47121e+01
110	0	155	0	2	3	4.16687e-03	-5.66116e-01	1.28762e+01
110	0	156	0	2	3	-8.97091e-04	-1.44198e-01	5.87665e+00
110	0	157	0	2	3	-7.52443e-03	3.01907e-01	-1.32111e+00
110	0	158	0	2	3	-1.72488e-02	1.04276e+00	-1.57715e+01
110	0	159	0	2	3	1.42172e-03	-4.02540e-01	1.21174e+01
#######################################################################
# BFT D                                                               #
#######################################################################
110	1	0	0	2	3	3.23536e-03	-5.36192e-01	1.60960e+01
110	1	1	0	2	3	1.25301e-03	-3.54053e-01	1.16419e+01
110	1	2	0	2	3	4.26664e-03	-6.08127e-01	1.64272e+01
110	1	3	0	2	3	2.49646e-03	-4.66585e-01	1.45587e+01
110	1	4	0	2	3	3.46730e-03	-5.46898e-01	1.52894e+01
110	1	5	0	2	3	3.16852e-03	-5.19815e-01	1.57023e+01
110	1	6	0	2	3	3.49270e-03	-5.50365e-01	1.41435e+01
110	1	7	0	2	3	3.79135e-03	-5.55056e-01	1.55994e+01
110	1	8	0	2	3	3.02607e-03	-5.07817e-01	1.47062e+01
110	1	9	0	2	3	2.45170e-03	-4.75362e-01	1.58932e+01
110	1	10	0	2	3	3.24641e-03	-5.35160e-01	1.51909e+01
110	1	11	0	2	3	3.16733e-03	-5.23263e-01	1.51388e+01
110	1	12	0	2	3	2.00566e-03	-4.45316e-01	1.29371e+01
110	1	13	0	2	3	1.62748e-03	-4.11101e-01	1.38573e+01
110	1	14	0	2	3	3.96131e-03	-5.85298e-01	1.50953e+01
110	1	15	0	2	3	3.23447e-03	-5.21059e-01	1.56233e+01
110	1	16	0	2	3	3.45182e-03	-5.38960e-01	1.44544e+01
110	1	17	0	2	3	4.64028e-03	-6.25525e-01	1.67607e+01
110	1	18	0	2	3	3.41749e-03	-5.40077e-01	1.39300e+01
110	1	19	0	2	3	5.09928e-03	-6.56200e-01	1.76049e+01
110	1	20	0	2	3	3.67180e-03	-5.64080e-01	1.53607e+01
110	1	21	0	2	3	2.67926e-03	-4.70291e-01	1.50403e+01
110	1	22	0	2	3	4.55573e-03	-6.16941e-01	1.57803e+01
110	1	23	0	2	3	4.63152e-03	-6.12216e-01	1.68891e+01
110	1	24	0	2	3	3.24034e-03	-5.28587e-01	1.52690e+01
110	1	25	0	2	3	4.10870e-03	-5.84920e-01	1.67178e+01
110	1	26	0	2	3	4.22789e-03	-6.01264e-01	1.54425e+01
110	1	27	0	2	3	3.76147e-03	-5.57454e-01	1.68857e+01
110	1	28	0	2	3	3.90619e-03	-5.75423e-01	1.59573e+01
110	1	29	0	2	3	3.79725e-03	-5.60312e-01	1.63984e+01
110	1	30	0	2	3	4.60919e-03	-6.24810e-01	1.60976e+01
110	1	31	0	2	3	3.64051e-03	-5.58220e-01	1.65521e+01
110	1	32	0	2	3	4.46913e-03	-6.20038e-01	1.72971e+01
110	1	33	0	2	3	3.98985e-03	-5.80752e-01	1.57152e+01
110	1	34	0	2	3	4.12744e-03	-5.87006e-01	1.49759e+01
110	1	35	0	2	3	4.12283e-03	-5.99271e-01	1.73634e+01
110	1	36	0	2	3	4.01620e-03	-5.79153e-01	1.60750e+01
110	1	37	0	2	3	3.58125e-03	-5.42978e-01	1.42290e+01
110	1	38	0	2	3	4.02220e-03	-5.80509e-01	1.62613e+01
110	1	39	0	2	3	4.33306e-03	-5.93563e-01	1.60510e+01
110	1	40	0	2	3	3.70901e-03	-5.55023e-01	1.44638e+01
110	1	41	0	2	3	4.05523e-03	-5.77936e-01	1.62993e+01
110	1	42	0	2	3	3.66283e-03	-5.48000e-01	1.48325e+01
110	1	43	0	2	3	4.36167e-03	-6.03769e-01	1.75491e+01
110	1	44	0	2	3	4.06564e-03	-5.89358e-01	1.52949e+01
110	1	45	0	2	3	3.60901e-03	-5.48662e-01	1.60179e+01
110	1	46	0	2	3	4.02550e-03	-5.90334e-01	1.53319e+01
110	1	47	0	2	3	4.35246e-03	-6.18490e-01	1.81809e+01
110	1	48	0	2	3	3.94163e-03	-5.72590e-01	1.55745e+01
110	1	49	0	2	3	3.95554e-03	-5.67930e-01	1.65301e+01
110	1	50	0	2	3	3.89664e-03	-5.73977e-01	1.46311e+01
110	1	51	0	2	3	4.14359e-03	-5.85710e-01	1.65520e+01
110	1	52	0	2	3	3.99088e-03	-5.88118e-01	1.51699e+01
110	1	53	0	2	3	3.73536e-03	-5.55134e-01	1.62769e+01
110	1	54	0	2	3	4.15090e-03	-6.01033e-01	1.63876e+01
110	1	55	0	2	3	4.11168e-03	-5.85550e-01	1.66941e+01
110	1	56	0	2	3	3.71425e-03	-5.75278e-01	1.50727e+01
110	1	57	0	2	3	4.02887e-03	-5.81184e-01	1.63512e+01
110	1	58	0	2	3	4.24485e-03	-6.15066e-01	1.76774e+01
110	1	59	0	2	3	4.37401e-03	-6.16076e-01	1.82941e+01
110	1	60	0	2	3	3.87212e-03	-5.75109e-01	1.56966e+01
110	1	61	0	2	3	4.15496e-03	-5.76125e-01	1.56972e+01
110	1	62	0	2	3	4.18564e-03	-5.94816e-01	1.49956e+01
110	1	63	0	2	3	3.84301e-03	-5.68551e-01	1.64422e+01
110	1	64	0	2	3	3.57468e-03	-5.57915e-01	1.58090e+01
110	1	65	0	2	3	4.11975e-03	-5.87333e-01	1.60638e+01
110	1	66	0	2	3	4.62258e-03	-6.40349e-01	1.60111e+01
110	1	67	0	2	3	4.17526e-03	-5.94586e-01	1.53129e+01
110	1	68	0	2	3	3.73132e-03	-5.57848e-01	1.41388e+01
110	1	69	0	2	3	4.33782e-03	-6.03107e-01	1.64058e+01
110	1	70	0	2	3	4.21836e-03	-6.00019e-01	1.62618e+01
110	1	71	0	2	3	4.23046e-03	-6.04940e-01	1.67455e+01
110	1	72	0	2	3	3.89764e-03	-5.70814e-01	1.52009e+01
110	1	73	0	2	3	4.00204e-03	-5.87232e-01	1.69303e+01
110	1	74	0	2	3	4.57530e-03	-6.18970e-01	1.52084e+01
110	1	75	0	2	3	4.71034e-03	-6.40325e-01	1.68281e+01
110	1	76	0	2	3	3.53798e-03	-5.49394e-01	1.47326e+01
110	1	77	0	2	3	4.11180e-03	-5.95377e-01	1.60115e+01
110	1	78	0	2	3	4.44564e-03	-6.19644e-01	1.53438e+01
110	1	79	0	2	3	4.20844e-03	-5.97013e-01	1.59009e+01
110	1	80	0	2	3	4.17335e-03	-5.89071e-01	1.52263e+01
110	1	81	0	2	3	3.82820e-03	-5.65121e-01	1.45808e+01
110	1	82	0	2	3	4.59084e-03	-6.23578e-01	1.67588e+01
110	1	83	0	2	3	4.44548e-03	-5.99832e-01	1.54338e+01
110	1	84	0	2	3	3.85899e-03	-5.61637e-01	1.42500e+01
110	1	85	0	2	3	4.35170e-03	-6.00881e-01	1.54703e+01
110	1	86	0	2	3	4.09692e-03	-5.88475e-01	1.59064e+01
110	1	87	0	2	3	3.97538e-03	-5.71377e-01	1.37068e+01
110	1	88	0	2	3	3.70746e-03	-5.62945e-01	1.53021e+01
110	1	89	0	2	3	3.98399e-03	-5.81004e-01	1.48454e+01
110	1	90	0	2	3	4.36303e-03	-6.07378e-01	1.51584e+01
110	1	91	0	2	3	4.36391e-03	-6.02869e-01	1.60523e+01
110	1	92	0	2	3	4.13715e-03	-5.89647e-01	1.53447e+01
110	1	93	0	2	3	3.66575e-03	-5.52344e-01	1.47890e+01
110	1	94	0	2	3	3.51626e-03	-5.52941e-01	1.54346e+01
110	1	95	0	2	3	3.72553e-03	-5.62635e-01	1.46837e+01
110	1	96	0	2	3	4.06955e-03	-5.80911e-01	1.47498e+01
110	1	97	0	2	3	4.31575e-03	-6.00746e-01	1.60757e+01
110	1	98	0	2	3	4.31344e-03	-6.23465e-01	1.70276e+01
110	1	99	0	2	3	4.18868e-03	-5.90164e-01	1.51987e+01
110	1	100	0	2	3	3.71438e-03	-5.48958e-01	1.47248e+01
110	1	101	0	2	3	3.45912e-03	-5.38322e-01	1.48539e+01
110	1	102	0	2	3	4.47204e-03	-6.23061e-01	1.60770e+01
110	1	103	0	2	3	3.93028e-03	-5.72615e-01	1.47894e+01
110	1	104	0	2	3	3.93374e-03	-5.76490e-01	1.52726e+01
110	1	105	0	2	3	4.22571e-03	-5.93009e-01	1.55514e+01
110	1	106	0	2	3	4.61466e-03	-6.27496e-01	1.68631e+01
110	1	107	0	2	3	4.16851e-03	-5.93076e-01	1.53908e+01
110	1	108	0	2	3	3.92140e-03	-5.74187e-01	1.59150e+01
110	1	109	0	2	3	3.83358e-03	-5.69764e-01	1.57883e+01
110	1	110	0	2	3	4.64175e-03	-6.33144e-01	1.62610e+01
110	1	111	0	2	3	4.10305e-03	-5.92722e-01	1.66455e+01
110	1	112	0	2	3	3.22716e-03	-5.28160e-01	1.42787e+01
110	1	113	0	2	3	4.32969e-03	-6.02123e-01	1.58305e+01
110	1	114	0	2	3	4.63172e-03	-6.35917e-01	1.59764e+01
110	1	115	0	2	3	3.99138e-03	-5.75014e-01	1.49647e+01
110	1	116	0	2	3	3.67203e-03	-5.60359e-01	1.49766e+01
110	1	117	0	2	3	3.72380e-03	-5.59297e-01	1.50307e+01
110	1	118	0	2	3	4.40653e-03	-6.14657e-01	1.50655e+01
110	1	119	0	2	3	4.28116e-03	-5.98486e-01	1.58332e+01
110	1	120	0	2	3	3.95833e-03	-5.81856e-01	1.50936e+01
110	1	121	0	2	3	4.28943e-03	-5.98255e-01	1.54644e+01
110	1	122	0	2	3	3.44928e-03	-5.52119e-01	1.59844e+01
110	1	123	0	2	3	3.04073e-03	-5.27603e-01	1.60649e+01
110	1	124	0	2	3	3.51343e-03	-5.40060e-01	1.38738e+01
110	1	125	0	2	3	4.44119e-03	-6.11502e-01	1.60522e+01
110	1	126	0	2	3	4.85687e-03	-6.40828e-01	1.64016e+01
110	1	127	0	2	3	4.96955e-03	-6.50521e-01	1.65222e+01
110	1	128	0	2	3	3.60354e-03	-5.74726e-01	1.58679e+01
110	1	129	0	2	3	4.21942e-03	-6.15843e-01	1.65141e+01
110	1	130	0	2	3	5.02990e-03	-6.74040e-01	1.67871e+01
110	1	131	0	2	3	3.53860e-03	-5.55664e-01	1.49682e+01
110	1	132	0	2	3	1.40562e-03	-4.17706e-01	1.33464e+01
110	1	133	0	2	3	4.64790e-03	-6.27662e-01	1.58234e+01
110	1	134	0	2	3	3.04312e-03	-5.48939e-01	1.58717e+01
110	1	135	0	2	3	3.40685e-03	-5.40961e-01	1.47978e+01
110	1	136	0	2	3	2.13535e-03	-4.57499e-01	1.41031e+01
110	1	137	0	2	3	-7.66086e-03	2.75845e-01	-1.69005e-02
110	1	138	0	2	3	-1.36439e-04	-3.00195e-01	1.06430e+01
110	1	139	0	2	3	4.46491e-03	-6.20193e-01	1.64168e+01
110	1	140	0	2	3	5.00817e-03	-6.33478e-01	1.55451e+01
110	1	141	0	2	3	-1.89803e-03	-1.62408e-01	7.61205e+00
110	1	142	0	2	3	5.82910e-03	-7.10842e-01	1.71267e+01
110	1	143	0	2	3	5.60760e-04	-3.84719e-01	1.34892e+01
110	1	144	0	2	3	4.01072e-03	-6.04040e-01	1.71119e+01
110	1	145	0	2	3	3.09932e-03	-4.78723e-01	1.27509e+01
110	1	146	0	2	3	6.13600e-03	-7.61920e-01	1.88907e+01
110	1	147	0	2	3	8.07742e-03	-8.66575e-01	1.93383e+01
110	1	148	0	2	3	3.89969e-03	-5.78437e-01	1.47446e+01
110	1	149	0	2	3	3.95240e-04	-2.77869e-01	9.52955e+00
110	1	150	0	2	3	2.17741e-03	-4.72234e-01	1.42668e+01
110	1	151	0	2	3	6.62970e-04	-3.59037e-01	1.16521e+01
110	1	152	0	2	3	-4.81559e-03	7.61401e-02	4.06492e+00
110	1	153	0	2	3	4.82836e-03	-5.96101e-01	1.54779e+01
110	1	154	0	2	3	1.29437e-03	-4.10573e-01	1.30653e+01
110	1	155	0	2	3	2.88477e-03	-5.32820e-01	1.37091e+01
110	1	156	0	2	3	-5.51207e-03	7.46281e-02	4.23070e+00
110	1	157	0	2	3	-1.81576e-02	9.17059e-01	-8.33448e+00
110	1	158	0	2	3	-6.72390e-03	1.90727e-01	2.49577e+00
110	1	159	0	2	3	7.21683e-05	-3.16374e-01	1.20447e+01
