##
#  file: HodoPHCParam_Dummy
#  date: 2016.06.15
#  note: first version
#
#
#######################################################################
# CId	PlId	Seg	UorD	Type	nParam	p0	p1	...
#
#	Type=0 no correction will be performed
#	Type=1 ct=t-p[0]/sqrt(a-p[1])+p[2]
#	Type=2 ct=p[0]*a*a + p[1]*a + p[2] for Fiber
#
#######################################################################
# BH1 Up                                                              #
#######################################################################
1	0	0	0	1	3	9.72882e+01	-2.42381e+01	1.93388e+01
1	0	1	0	1	3	8.39811e-01	2.30870e-01	9.07677e-01
1	0	2	0	1	3	7.96271e-01	2.02772e-01	8.76313e-01
1	0	3	0	1	3	1.24269e+00	-1.47574e-01	1.19840e+00
1	0	4	0	1	3	1.09931e+00	-7.72769e-02	1.08260e+00
1	0	5	0	1	3	1.05845e+00	1.40683e-01	1.18835e+00
1	0	6	0	1	3	1.24845e+00	-7.32092e-02	1.22011e+00
1	0	7	0	1	3	1.38494e+00	-1.69323e-01	1.29113e+00
1	0	8	0	1	3	1.12943e+00	-1.85789e-01	1.05048e+00
1	0	9	0	1	3	1.39270e+00	-1.82072e-01	1.30041e+00
1	0	10	0	1	3	1.71493e+02	-3.15885e+01	3.00372e+01
#######################################################################
# BH1 Down                                                            #
#######################################################################
1	0	0	1	1	3	1.69589e+00	-2.63702e-01	1.46458e+00
1	0	1	1	1	3	6.65147e-01	3.06785e-01	7.74182e-01
1	0	2	1	1	3	1.69164e+00	-4.50471e-01	1.36238e+00
1	0	3	1	1	3	7.14482e+01	-2.23619e+01	1.47724e+01
1	0	4	1	1	3	1.42431e+00	-1.84323e-01	1.31423e+00
1	0	5	1	1	3	1.48351e+00	-1.17877e-01	1.40777e+00
1	0	6	1	1	3	1.64799e+00	-3.01989e-01	1.48452e+00
1	0	7	1	1	3	1.48685e+00	-1.75507e-01	1.38619e+00
1	0	8	1	1	3	5.71792e-01	2.68423e-01	6.99614e-01
1	0	9	1	1	3	1.07020e+00	4.47097e-02	1.11772e+00
1	0	10	1	1	3	5.19525e-01	3.65790e-01	6.45791e-01
#######################################################################
# BH2 Up                                                              #
#######################################################################
2	0	0	0	1	3	-4.44213e+02	-7.88582e+01	-4.97508e+01
2	0	1	0	1	3	-1.23554e+00	-3.37135e-01	-1.10687e+00
2	0	2	0	1	3	-8.45390e-01	-7.34606e-02	-8.71824e-01
2	0	3	0	1	3	-9.95160e-01	-1.08290e-01	-9.65344e-01
2	0	4	0	1	3	-1.76115e+02	-4.01891e+01	-2.75287e+01
2	0	5	0	1	3	-1.79293e+02	-4.00239e+01	-2.79878e+01
2	0	6	0	1	3	-6.11548e+02	-8.64688e+01	-6.52989e+01
2	0	7	0	1	3	-3.68973e+02	-7.08365e+01	-4.34560e+01
#######################################################################
# BH2 Down                                                            #
#######################################################################
2	0	0	1	1	3	-4.44213e+02	-7.88582e+01	-4.97508e+01
2	0	1	1	1	3	-1.23554e+00	-3.37135e-01	-1.10687e+00
2	0	2	1	1	3	-8.45390e-01	-7.34606e-02	-8.71824e-01
2	0	3	1	1	3	-9.95160e-01	-1.08290e-01	-9.65344e-01
2	0	4	1	1	3	-1.76115e+02	-4.01891e+01	-2.75287e+01
2	0	5	1	1	3	-1.79293e+02	-4.00239e+01	-2.79878e+01
2	0	6	1	1	3	-6.11548e+02	-8.64688e+01	-6.52989e+01
2	0	7	1	1	3	-3.68973e+02	-7.08365e+01	-4.34560e+01
#######################################################################
# BAC                                                                 #
#######################################################################
3	0	0	0	1	3	0.00000e+00	0.00000e+00	0.00000e+00
3	0	1	0	1	3	0.00000e+00	0.00000e+00	0.00000e+00
#######################################################################
# FBH Up                                                              #
#######################################################################
4	0	0	0	2	3	-5.62952e-03	8.96903e-01	-3.53273e+01
4	0	1	0	2	3	-4.29399e-03	7.37975e-01	-3.00049e+01
4	0	2	0	2	3	-5.26894e-03	8.67305e-01	-3.38992e+01
4	0	3	0	2	3	-3.80183e-03	6.69237e-01	-2.72260e+01
4	0	4	0	2	3	-4.35014e-03	7.35785e-01	-2.92008e+01
4	0	5	0	2	3	-4.02541e-03	6.86907e-01	-2.70312e+01
4	0	6	0	2	3	-4.16660e-03	7.08229e-01	-2.81512e+01
4	0	7	0	2	3	-3.93117e-03	6.84759e-01	-2.69101e+01
4	0	8	0	2	3	-4.14423e-03	6.96902e-01	-2.65883e+01
4	0	9	0	2	3	-2.83372e-03	5.62925e-01	-2.20787e+01
4	0	10	0	2	3	-4.07944e-03	7.09420e-01	-2.75603e+01
4	0	11	0	2	3	-3.50961e-03	6.50113e-01	-2.64167e+01
4	0	12	0	2	3	-3.52415e-03	6.49734e-01	-2.67232e+01
4	0	13	0	2	3	-4.13420e-03	7.26957e-01	-2.99675e+01
4	0	14	0	2	3	-4.90315e-03	8.27563e-01	-3.35630e+01
4	0	15	0	2	3	-4.73048e-03	8.13189e-01	-3.31901e+01
#######################################################################
# FBH Down                                                            #
#######################################################################
4	0	0	1	2	3	-5.62952e-03	8.96903e-01	-3.53273e+01
4	0	1	1	2	3	-4.29399e-03	7.37975e-01	-3.00049e+01
4	0	2	1	2	3	-5.26894e-03	8.67305e-01	-3.38992e+01
4	0	3	1	2	3	-3.80183e-03	6.69237e-01	-2.72260e+01
4	0	4	1	2	3	-4.35014e-03	7.35785e-01	-2.92008e+01
4	0	5	1	2	3	-4.02541e-03	6.86907e-01	-2.70312e+01
4	0	6	1	2	3	-4.16660e-03	7.08229e-01	-2.81512e+01
4	0	7	1	2	3	-3.93117e-03	6.84759e-01	-2.69101e+01
4	0	8	1	2	3	-4.14423e-03	6.96902e-01	-2.65883e+01
4	0	9	1	2	3	-2.83372e-03	5.62925e-01	-2.20787e+01
4	0	10	1	2	3	-4.07944e-03	7.09420e-01	-2.75603e+01
4	0	11	1	2	3	-3.50961e-03	6.50113e-01	-2.64167e+01
4	0	12	1	2	3	-3.52415e-03	6.49734e-01	-2.67232e+01
4	0	13	1	2	3	-4.13420e-03	7.26957e-01	-2.99675e+01
4	0	14	1	2	3	-4.90315e-03	8.27563e-01	-3.35630e+01
4	0	15	1	2	3	-4.73048e-03	8.13189e-01	-3.31901e+01
#######################################################################
# PVAC                                                                #
#######################################################################
5	0	0	0	1	3	0.00000e+00	0.00000e+00	0.00000e+00
#######################################################################
# FAC                                                                 #
#######################################################################
6	0	0	0	1	3	0.00000e+00	0.00000e+00	0.00000e+00
#######################################################################
# SCH                                                                 #
#######################################################################
#7	0	0	0	2	3	-0.00500000	0.821213	-32.185321
#7	0	1	0	2	3	-0.00500000	0.830248	-32.269563
#7	0	2	0	2	3	-0.00500000	0.793073	-29.315934
#7	0	3	0	2	3	-0.00500000	0.772144	-28.276705
#7	0	4	0	2	3	-0.00500000	0.801968	-30.687167
#7	0	5	0	2	3	-0.00500000	0.778300	-28.439251
#7	0	6	0	2	3	-0.00500000	0.765872	-27.918181
#7	0	7	0	2	3	-0.00500000	0.738459	-26.016797
#7	0	8	0	2	3	-0.00500000	0.778318	-28.676371
#7	0	9	0	2	3	-0.00500000	0.776670	-28.892887
#7	0	10	0	2	3	-0.00500000	0.764278	-28.122474
#7	0	11	0	2	3	-0.00500000	0.790742	-29.423647
#7	0	12	0	2	3	-0.00500000	0.811330	-30.487019
#7	0	13	0	2	3	-0.00500000	0.818750	-30.891512
#7	0	14	0	2	3	-0.00500000	0.802541	-30.009136
#7	0	15	0	2	3	-0.00500000	0.809525	-30.751746
#7	0	16	0	2	3	-0.00500000	0.802597	-30.845509
#7	0	17	0	2	3	-0.00500000	0.835028	-32.780792
#7	0	18	0	2	3	-0.00500000	0.859176	-33.938731
#7	0	19	0	2	3	-0.00500000	0.814851	-31.445396
#7	0	20	0	2	3	-0.00500000	0.809426	-30.781087
#7	0	21	0	2	3	-0.00500000	0.780678	-28.888756
#7	0	22	0	2	3	-0.00500000	0.808206	-30.719604
#7	0	23	0	2	3	-0.00500000	0.774024	-27.858339
#7	0	24	0	2	3	-0.00500000	0.794308	-29.022101
#7	0	25	0	2	3	-0.00500000	0.775649	-27.980186
#7	0	26	0	2	3	-0.00500000	0.788483	-28.687567
#7	0	27	0	2	3	-0.00466315	0.771386	-29.253260
#7	0	28	0	2	3	-0.00483132	0.790854	-28.637741
#7	0	29	0	2	3	-0.00497049	0.812994	-30.786914
#7	0	30	0	2	3	-0.00500000	0.787793	-28.362716
#7	0	31	0	2	3	-0.00500000	0.790759	-28.876812
#7	0	32	0	2	3	-0.00500000	0.824826	-31.655285
#7	0	33	0	2	3	-0.00500000	0.845304	-33.407765
#7	0	34	0	2	3	-0.00500000	0.832263	-32.939799
#7	0	35	0	2	3	-0.00500000	0.820631	-31.695372
#7	0	36	0	2	3	-0.00500000	0.836997	-33.200590
#7	0	37	0	2	3	-0.00500000	0.819690	-32.097193
#7	0	38	0	2	3	-0.00500000	0.808109	-31.263214
#7	0	39	0	2	3	-0.00500000	0.815224	-31.135523
#7	0	40	0	2	3	-0.00500000	0.803398	-29.897923
#7	0	41	0	2	3	-0.00500000	0.815685	-31.165519
#7	0	42	0	2	3	-0.00500000	0.812980	-30.737261
#7	0	43	0	2	3	-0.00500000	0.829418	-32.693307
#7	0	44	0	2	3	-0.00500000	0.789530	-29.464920
#7	0	45	0	2	3	-0.00500000	0.804789	-31.208151
#7	0	46	0	2	3	-0.00500000	0.830106	-32.806514
#7	0	47	0	2	3	-0.00500000	0.819206	-31.373242
#7	0	48	0	2	3	-0.00500000	0.816165	-31.709319
#7	0	49	0	2	3	-0.00500000	0.798496	-30.201709
#7	0	50	0	2	3	-0.00500000	0.812167	-31.795745
#7	0	51	0	2	3	-0.00500000	0.810749	-31.375226
#7	0	52	0	2	3	-0.00500000	0.803385	-31.372512
#7	0	53	0	2	3	-0.00500000	0.777405	-29.262831
#7	0	54	0	2	3	-0.00500000	0.783954	-29.763410
#7	0	55	0	2	3	-0.00500000	0.789443	-29.976449
#7	0	56	0	2	3	-0.00500000	0.838828	-33.261086
#7	0	57	0	2	3	-0.00500000	0.804421	-30.573195
#7	0	58	0	2	3	-0.00500000	0.773283	-29.111048
#7	0	59	0	2	3	-0.00500000	0.811789	-31.449459
#7	0	60	0	2	3	-0.00500000	0.759724	-28.110014
#7	0	61	0	2	3	-0.00500000	0.810884	-31.379063
#7	0	62	0	2	3	-0.00500000	0.771910	-28.435006
#7	0	63	0	2	3	-0.00500000	0.796658	-30.511906
#######################################################################
# TOF Up                                                              #
#######################################################################
7	0	0	0	1	3	5.24830e+00	-1.96630e+00	2.96170e+00
7	0	1	0	1	3	5.24830e+00	-1.96630e+00	2.96170e+00
7	0	2	0	1	3	5.24830e+00	-1.96630e+00	2.96170e+00
7	0	3	0	1	3	5.24830e+00	-1.96630e+00	2.96170e+00
7	0	4	0	1	3	5.24830e+00	-1.96630e+00	2.96170e+00
7	0	5	0	1	3	5.24830e+00	-1.96630e+00	2.96170e+00
7	0	6	0	1	3	6.97090e+00	-3.03520e+00	3.39910e+00
7	0	7	0	1	3	4.05450e+00	-1.96150e+00	2.30360e+00
7	0	8	0	1	3	1.16940e+02	-2.98600e+01	2.09880e+01
7	0	9	0	1	3	5.24830e+00	-1.96630e+00	2.96170e+00
7	0	10	0	1	3	5.24830e+00	-1.96630e+00	2.96170e+00
7	0	11	0	1	3	5.24830e+00	-1.96630e+00	2.96170e+00
7	0	12	0	1	3	5.24830e+00	-1.96630e+00	2.96170e+00
7	0	13	0	1	3	5.24830e+00	-1.96630e+00	2.96170e+00
7	0	14	0	1	3	5.24830e+00	-1.96630e+00	2.96170e+00
7	0	15	0	1	3	5.24830e+00	-1.96630e+00	2.96170e+00
7	0	16	0	1	3	5.24830e+00	-1.96630e+00	2.96170e+00
7	0	17	0	1	3	5.24830e+00	-1.96630e+00	2.96170e+00
7	0	18	0	1	3	5.24830e+00	-1.96630e+00	2.96170e+00
7	0	19	0	1	3	7.11491e-01	1.85180e-03	5.82402e-01
7	0	20	0	1	3	5.59404e-01	-1.73810e-03	4.50716e-01
7	0	21	0	1	3	8.92499e-01	1.99900e-03	7.37364e-01
7	0	22	0	1	3	6.37553e-01	1.99960e-03	5.45449e-01
7	0	23	0	1	3	1.19210e+00	1.98920e-03	9.99994e-01
#######################################################################
# TOF Down                                                            #
#######################################################################
7	0	0	1	1	3	5.84300e+00	-2.30730e+00	3.11320e+00
7	0	1	1	1	3	5.84300e+00	-2.30730e+00	3.11320e+00
7	0	2	1	1	3	5.84300e+00	-2.30730e+00	3.11320e+00
7	0	3	1	1	3	5.84300e+00	-2.30730e+00	3.11320e+00
7	0	4	1	1	3	5.84300e+00	-2.30730e+00	3.11320e+00
7	0	5	1	1	3	5.84300e+00	-2.30730e+00	3.11320e+00
7	0	6	1	1	3	1.41330e+01	-5.81170e+00	5.32680e+00
7	0	7	1	1	3	7.84850e+01	-2.02870e+01	1.69500e+01
7	0	8	1	1	3	2.20240e+02	-3.62440e+01	3.60080e+01
7	0	9	1	1	3	5.84300e+00	-2.30730e+00	3.11320e+00
7	0	10	1	1	3	5.84300e+00	-2.30730e+00	3.11320e+00
7	0	11	1	1	3	5.84300e+00	-2.30730e+00	3.11320e+00
7	0	12	1	1	3	5.84300e+00	-2.30730e+00	3.11320e+00
7	0	13	1	1	3	5.84300e+00	-2.30730e+00	3.11320e+00
7	0	14	1	1	3	5.84300e+00	-2.30730e+00	3.11320e+00
7	0	15	1	1	3	5.84300e+00	-2.30730e+00	3.11320e+00
7	0	16	1	1	3	5.84300e+00	-2.30730e+00	3.11320e+00
7	0	17	1	1	3	5.84300e+00	-2.30730e+00	3.11320e+00
7	0	18	1	1	3	5.84300e+00	-2.30730e+00	3.11320e+00
7	0	19	1	1	3	6.18741e-01	1.99860e-03	4.90831e-01
7	0	20	1	1	3	5.75901e-01	1.04210e-03	4.72509e-01
7	0	21	1	1	3	9.41046e-01	1.99890e-03	7.79357e-01
7	0	22	1	1	3	4.84266e-01	-1.95590e-03	3.99786e-01
7	0	23	1	1	3	8.97714e-01	1.99860e-03	7.56300e-01
#######################################################################
# BFT U                                                               #
#######################################################################
110	0	0	0	2	3	-1.50525e-02	7.61021e-01	-4.98453e+00
110	0	1	0	2	3	-5.02429e-03	1.39953e-01	5.18056e+00
110	0	2	0	2	3	8.81226e-03	-9.27655e-01	2.31243e+01
110	0	3	0	2	3	1.81570e-03	-4.01033e-01	1.30064e+01
110	0	4	0	2	3	3.75254e-03	-5.46205e-01	1.61109e+01
110	0	5	0	2	3	-8.82579e-03	3.82280e-01	-3.48669e-01
110	0	6	0	2	3	3.31846e-03	-5.62097e-01	1.67190e+01
110	0	7	0	2	3	-1.33310e-02	7.54383e-01	-7.07068e+00
110	0	8	0	2	3	1.99524e-03	-4.52428e-01	1.47139e+01
110	0	9	0	2	3	3.12380e-03	-5.08101e-01	1.57137e+01
110	0	10	0	2	3	2.88470e-03	-5.00255e-01	1.54290e+01
110	0	11	0	2	3	-5.15489e-03	1.35413e-01	3.40087e+00
110	0	12	0	2	3	4.04302e-03	-5.67659e-01	1.55899e+01
110	0	13	0	2	3	1.53441e-03	-3.75002e-01	1.28971e+01
110	0	14	0	2	3	3.72207e-03	-5.56982e-01	1.64712e+01
110	0	15	0	2	3	4.07027e-03	-5.76385e-01	1.68283e+01
110	0	16	0	2	3	4.23961e-03	-5.74016e-01	1.53197e+01
110	0	17	0	2	3	2.92125e-04	-2.74583e-01	1.14423e+01
110	0	18	0	2	3	3.97484e-03	-5.67882e-01	1.63016e+01
110	0	19	0	2	3	4.21362e-03	-5.91913e-01	1.57417e+01
110	0	20	0	2	3	3.10249e-03	-5.04439e-01	1.47747e+01
110	0	21	0	2	3	3.09304e-03	-5.04345e-01	1.64107e+01
110	0	22	0	2	3	4.12464e-03	-5.80298e-01	1.69775e+01
110	0	23	0	2	3	4.52221e-03	-6.01897e-01	1.67973e+01
110	0	24	0	2	3	4.43021e-03	-6.07268e-01	1.70487e+01
110	0	25	0	2	3	4.57930e-03	-6.13342e-01	1.77600e+01
110	0	26	0	2	3	4.24306e-03	-5.95135e-01	1.74371e+01
110	0	27	0	2	3	4.41100e-03	-5.94650e-01	1.66317e+01
110	0	28	0	2	3	3.81051e-03	-5.59034e-01	1.52766e+01
110	0	29	0	2	3	3.40401e-03	-5.17348e-01	1.47888e+01
110	0	30	0	2	3	3.75368e-03	-5.59733e-01	1.66775e+01
110	0	31	0	2	3	5.65725e-03	-6.97843e-01	1.87568e+01
110	0	32	0	2	3	3.55400e-03	-5.48625e-01	1.58124e+01
110	0	33	0	2	3	3.93584e-03	-5.43497e-01	1.30140e+01
110	0	34	0	2	3	4.48289e-03	-6.06194e-01	1.74274e+01
110	0	35	0	2	3	5.00727e-03	-6.56964e-01	1.80713e+01
110	0	36	0	2	3	3.53441e-03	-5.34159e-01	1.50758e+01
110	0	37	0	2	3	4.51259e-03	-6.06833e-01	1.78120e+01
110	0	38	0	2	3	3.79189e-03	-5.53281e-01	1.59219e+01
110	0	39	0	2	3	4.78762e-03	-6.26287e-01	1.79851e+01
110	0	40	0	2	3	4.01761e-03	-5.59913e-01	1.52449e+01
110	0	41	0	2	3	4.54733e-03	-6.09583e-01	1.77914e+01
110	0	42	0	2	3	4.39256e-03	-5.90280e-01	1.63816e+01
110	0	43	0	2	3	4.12340e-03	-5.86851e-01	1.70382e+01
110	0	44	0	2	3	3.75505e-03	-5.57978e-01	1.56108e+01
110	0	45	0	2	3	3.85516e-03	-5.52927e-01	1.62402e+01
110	0	46	0	2	3	4.35412e-03	-6.08219e-01	1.77164e+01
110	0	47	0	2	3	4.42456e-03	-6.12635e-01	1.86564e+01
110	0	48	0	2	3	4.22373e-03	-5.83442e-01	1.59473e+01
110	0	49	0	2	3	3.75199e-03	-5.51769e-01	1.67881e+01
110	0	50	0	2	3	4.12274e-03	-5.82588e-01	1.64373e+01
110	0	51	0	2	3	3.79992e-03	-5.52306e-01	1.66045e+01
110	0	52	0	2	3	3.87864e-03	-5.59118e-01	1.61240e+01
110	0	53	0	2	3	4.58651e-03	-6.05842e-01	1.64227e+01
110	0	54	0	2	3	4.29050e-03	-5.96765e-01	1.63329e+01
110	0	55	0	2	3	4.85164e-03	-6.30215e-01	1.79490e+01
110	0	56	0	2	3	4.09612e-03	-5.91987e-01	1.72532e+01
110	0	57	0	2	3	4.93941e-03	-6.39319e-01	1.78142e+01
110	0	58	0	2	3	3.85737e-03	-5.64525e-01	1.67793e+01
110	0	59	0	2	3	4.20871e-03	-6.03479e-01	1.76547e+01
110	0	60	0	2	3	4.59144e-03	-6.15242e-01	1.61899e+01
110	0	61	0	2	3	3.28955e-03	-5.18420e-01	1.53735e+01
110	0	62	0	2	3	4.70993e-03	-6.25633e-01	1.67405e+01
110	0	63	0	2	3	3.56896e-03	-5.40654e-01	1.56717e+01
110	0	64	0	2	3	3.83767e-03	-5.67531e-01	1.61183e+01
110	0	65	0	2	3	3.83118e-03	-5.62163e-01	1.61558e+01
110	0	66	0	2	3	4.32900e-03	-6.18838e-01	1.84220e+01
110	0	67	0	2	3	3.93192e-03	-5.73161e-01	1.65819e+01
110	0	68	0	2	3	3.96952e-03	-5.86670e-01	1.70701e+01
110	0	69	0	2	3	3.85562e-03	-5.62045e-01	1.67233e+01
110	0	70	0	2	3	4.03762e-03	-5.99392e-01	1.73570e+01
110	0	71	0	2	3	4.10569e-03	-5.87421e-01	1.66266e+01
110	0	72	0	2	3	4.07932e-03	-5.89035e-01	1.69035e+01
110	0	73	0	2	3	4.15795e-03	-5.89219e-01	1.70094e+01
110	0	74	0	2	3	4.16768e-03	-6.04597e-01	1.73464e+01
110	0	75	0	2	3	4.22136e-03	-5.89791e-01	1.62869e+01
110	0	76	0	2	3	3.68355e-03	-5.52824e-01	1.52869e+01
110	0	77	0	2	3	3.87365e-03	-5.65054e-01	1.61635e+01
110	0	78	0	2	3	4.31265e-03	-6.15355e-01	1.79146e+01
110	0	79	0	2	3	4.41836e-03	-6.06514e-01	1.65784e+01
110	0	80	0	2	3	4.22084e-03	-5.93613e-01	1.71331e+01
110	0	81	0	2	3	3.69843e-03	-5.46027e-01	1.54981e+01
110	0	82	0	2	3	4.29767e-03	-5.99566e-01	1.68332e+01
110	0	83	0	2	3	4.15722e-03	-5.87444e-01	1.71074e+01
110	0	84	0	2	3	3.62573e-03	-5.48459e-01	1.57905e+01
110	0	85	0	2	3	4.65313e-03	-6.20761e-01	1.72062e+01
110	0	86	0	2	3	3.86894e-03	-5.80692e-01	1.62532e+01
110	0	87	0	2	3	3.56955e-03	-5.50894e-01	1.72564e+01
110	0	88	0	2	3	3.62737e-03	-5.46815e-01	1.61677e+01
110	0	89	0	2	3	3.98281e-03	-5.76491e-01	1.60636e+01
110	0	90	0	2	3	4.13085e-03	-5.91231e-01	1.61770e+01
110	0	91	0	2	3	5.08858e-03	-6.64889e-01	1.82904e+01
110	0	92	0	2	3	3.79817e-03	-5.75468e-01	1.67933e+01
110	0	93	0	2	3	3.57323e-03	-5.39578e-01	1.60590e+01
110	0	94	0	2	3	3.94084e-03	-5.94273e-01	1.81355e+01
110	0	95	0	2	3	4.24305e-03	-5.94669e-01	1.67130e+01
110	0	96	0	2	3	3.52578e-03	-5.56830e-01	1.61561e+01
110	0	97	0	2	3	4.07186e-03	-5.79568e-01	1.66417e+01
110	0	98	0	2	3	3.67042e-03	-5.66817e-01	1.62385e+01
110	0	99	0	2	3	4.53538e-03	-6.11629e-01	1.68888e+01
110	0	100	0	2	3	3.78024e-03	-5.70988e-01	1.69250e+01
110	0	101	0	2	3	4.49683e-03	-6.14966e-01	1.72521e+01
110	0	102	0	2	3	3.80733e-03	-5.76393e-01	1.72870e+01
110	0	103	0	2	3	5.10528e-03	-6.58889e-01	1.85633e+01
110	0	104	0	2	3	4.17437e-03	-5.98408e-01	1.65021e+01
110	0	105	0	2	3	4.05023e-03	-5.76232e-01	1.59514e+01
110	0	106	0	2	3	4.48515e-03	-6.22339e-01	1.80249e+01
110	0	107	0	2	3	4.60454e-03	-6.17541e-01	1.72415e+01
110	0	108	0	2	3	3.64695e-03	-5.60586e-01	1.66808e+01
110	0	109	0	2	3	3.24006e-03	-5.22150e-01	1.59652e+01
110	0	110	0	2	3	4.14026e-03	-5.99413e-01	1.74600e+01
110	0	111	0	2	3	3.78939e-03	-5.71827e-01	1.70563e+01
110	0	112	0	2	3	4.53749e-03	-6.16811e-01	1.64256e+01
110	0	113	0	2	3	4.63278e-03	-6.17819e-01	1.75776e+01
110	0	114	0	2	3	4.37699e-03	-6.21404e-01	1.80788e+01
110	0	115	0	2	3	3.65430e-03	-5.47733e-01	1.63319e+01
110	0	116	0	2	3	4.22665e-03	-6.02548e-01	1.71032e+01
110	0	117	0	2	3	3.68976e-03	-5.52518e-01	1.64635e+01
110	0	118	0	2	3	4.54631e-03	-6.32320e-01	1.84239e+01
110	0	119	0	2	3	4.57116e-03	-6.13214e-01	1.66559e+01
110	0	120	0	2	3	3.46653e-03	-5.54528e-01	1.64593e+01
110	0	121	0	2	3	4.47495e-03	-6.05589e-01	1.60769e+01
110	0	122	0	2	3	4.85236e-03	-6.45775e-01	1.80831e+01
110	0	123	0	2	3	3.20200e-03	-5.11128e-01	1.49472e+01
110	0	124	0	2	3	3.06131e-04	-2.99469e-01	1.20776e+01
110	0	125	0	2	3	2.38219e-03	-4.64442e-01	1.22157e+01
110	0	126	0	2	3	3.67569e-03	-5.47787e-01	1.59790e+01
110	0	127	0	2	3	5.26749e-03	-6.64135e-01	1.74887e+01
110	0	128	0	2	3	3.13431e-03	-5.42971e-01	1.72440e+01
110	0	129	0	2	3	3.63123e-03	-5.73453e-01	1.65434e+01
110	0	130	0	2	3	-5.23047e-04	-2.67165e-01	1.22484e+01
110	0	131	0	2	3	1.59862e-03	-4.00035e-01	1.41935e+01
110	0	132	0	2	3	2.74349e-03	-5.16617e-01	1.63074e+01
110	0	133	0	2	3	4.02019e-03	-5.89839e-01	1.69392e+01
110	0	134	0	2	3	3.28353e-03	-5.64096e-01	1.77868e+01
110	0	135	0	2	3	2.58875e-03	-4.88316e-01	1.54109e+01
110	0	136	0	2	3	3.28180e-03	-5.43281e-01	1.64034e+01
110	0	137	0	2	3	3.78260e-03	-5.89053e-01	1.74814e+01
110	0	138	0	2	3	2.27777e-03	-4.77068e-01	1.62173e+01
110	0	139	0	2	3	4.41147e-03	-6.24469e-01	1.73788e+01
110	0	140	0	2	3	2.84513e-03	-5.17686e-01	1.71652e+01
110	0	141	0	2	3	3.43054e-03	-5.54086e-01	1.64701e+01
110	0	142	0	2	3	1.95103e-03	-4.41341e-01	1.49087e+01
110	0	143	0	2	3	4.37329e-03	-6.20777e-01	1.79097e+01
110	0	144	0	2	3	2.80185e-03	-5.19704e-01	1.57924e+01
110	0	145	0	2	3	2.75484e-03	-4.94086e-01	1.49204e+01
110	0	146	0	2	3	3.12841e-03	-5.34779e-01	1.66978e+01
110	0	147	0	2	3	3.25513e-03	-5.35910e-01	1.59697e+01
110	0	148	0	2	3	2.97854e-03	-5.22284e-01	1.59702e+01
110	0	149	0	2	3	2.46274e-03	-4.72714e-01	1.45860e+01
110	0	150	0	2	3	2.81050e-03	-5.17639e-01	1.69002e+01
110	0	151	0	2	3	2.96726e-03	-5.19311e-01	1.64186e+01
110	0	152	0	2	3	9.60950e-04	-3.84029e-01	1.38223e+01
110	0	153	0	2	3	3.40957e-03	-5.74138e-01	1.70915e+01
110	0	154	0	2	3	2.04140e-03	-4.50761e-01	1.47171e+01
110	0	155	0	2	3	-9.44534e-04	-2.44965e-01	1.10997e+01
110	0	156	0	2	3	-1.75952e-02	1.04671e+00	-1.29355e+01
110	0	157	0	2	3	-3.49658e-03	-3.90020e-02	7.83397e+00
110	0	158	0	2	3	-1.20589e-02	5.25873e-01	-6.80151e-01
110	0	159	0	2	3	1.61391e-04	-3.45226e-01	1.45182e+01
#######################################################################
# BFT D                                                               #
#######################################################################
110	1	0	0	2	3	-4.52283e-02	2.96757e+00	-4.50175e+01
110	1	1	0	2	3	-8.74338e-03	2.74692e-01	5.11546e+00
110	1	2	0	2	3	-1.81313e-04	-2.93666e-01	1.24693e+01
110	1	3	0	2	3	-8.08701e-03	4.17563e-01	-2.15549e+00
110	1	4	0	2	3	4.11705e-03	-5.82645e-01	1.73182e+01
110	1	5	0	2	3	-2.38215e-03	-1.19478e-01	9.36793e+00
110	1	6	0	2	3	4.31820e-03	-5.98747e-01	1.75790e+01
110	1	7	0	2	3	6.09974e-03	-7.29871e-01	1.96412e+01
110	1	8	0	2	3	2.54051e-03	-4.89407e-01	1.55056e+01
110	1	9	0	2	3	-8.02879e-03	3.31214e-01	1.42235e+00
110	1	10	0	2	3	4.22229e-03	-6.01360e-01	1.70763e+01
110	1	11	0	2	3	2.80638e-03	-4.84237e-01	1.49261e+01
110	1	12	0	2	3	2.69039e-03	-4.83911e-01	1.50986e+01
110	1	13	0	2	3	-4.70218e-03	7.13534e-02	5.58366e+00
110	1	14	0	2	3	4.20292e-03	-5.99629e-01	1.70576e+01
110	1	15	0	2	3	2.68520e-03	-4.85429e-01	1.57942e+01
110	1	16	0	2	3	4.30260e-03	-5.97606e-01	1.71584e+01
110	1	17	0	2	3	3.84680e-03	-5.73530e-01	1.66792e+01
110	1	18	0	2	3	2.04813e-03	-4.44211e-01	1.39760e+01
110	1	19	0	2	3	3.02637e-03	-5.09607e-01	1.57988e+01
110	1	20	0	2	3	3.32543e-03	-5.42836e-01	1.67815e+01
110	1	21	0	2	3	1.71171e-03	-4.11402e-01	1.49373e+01
110	1	22	0	2	3	4.16034e-03	-5.83331e-01	1.67970e+01
110	1	23	0	2	3	3.33179e-03	-5.25318e-01	1.62019e+01
110	1	24	0	2	3	3.18893e-03	-5.13351e-01	1.54753e+01
110	1	25	0	2	3	2.68450e-03	-4.84673e-01	1.57398e+01
110	1	26	0	2	3	4.42918e-03	-6.16600e-01	1.74706e+01
110	1	27	0	2	3	3.97881e-03	-5.72516e-01	1.69075e+01
110	1	28	0	2	3	3.38447e-03	-5.39623e-01	1.60618e+01
110	1	29	0	2	3	4.10338e-03	-5.88321e-01	1.67295e+01
110	1	30	0	2	3	4.73938e-03	-6.35166e-01	1.80072e+01
110	1	31	0	2	3	4.11546e-03	-5.99277e-01	1.71428e+01
110	1	32	0	2	3	2.99301e-03	-5.12608e-01	1.61020e+01
110	1	33	0	2	3	3.31095e-03	-5.36590e-01	1.57697e+01
110	1	34	0	2	3	4.28602e-03	-5.95520e-01	1.57952e+01
110	1	35	0	2	3	3.81045e-03	-5.80384e-01	1.78792e+01
110	1	36	0	2	3	4.47995e-03	-6.16308e-01	1.75475e+01
110	1	37	0	2	3	3.24859e-03	-5.21685e-01	1.46790e+01
110	1	38	0	2	3	4.09652e-03	-5.85233e-01	1.70717e+01
110	1	39	0	2	3	3.84261e-03	-5.62917e-01	1.63690e+01
110	1	40	0	2	3	3.99186e-03	-5.74727e-01	1.65611e+01
110	1	41	0	2	3	3.95531e-03	-5.69182e-01	1.68485e+01
110	1	42	0	2	3	4.24820e-03	-5.87000e-01	1.62002e+01
110	1	43	0	2	3	3.81411e-03	-5.60551e-01	1.65154e+01
110	1	44	0	2	3	4.15507e-03	-5.91621e-01	1.70048e+01
110	1	45	0	2	3	3.79963e-03	-5.62571e-01	1.70473e+01
110	1	46	0	2	3	4.28342e-03	-6.05415e-01	1.72865e+01
110	1	47	0	2	3	3.77791e-03	-5.79647e-01	1.83461e+01
110	1	48	0	2	3	3.86912e-03	-5.67174e-01	1.62414e+01
110	1	49	0	2	3	3.46653e-03	-5.33672e-01	1.57270e+01
110	1	50	0	2	3	4.17359e-03	-5.96520e-01	1.68492e+01
110	1	51	0	2	3	4.43865e-03	-6.12788e-01	1.79492e+01
110	1	52	0	2	3	3.65836e-03	-5.67269e-01	1.66327e+01
110	1	53	0	2	3	3.74136e-03	-5.60194e-01	1.62771e+01
110	1	54	0	2	3	4.29235e-03	-6.09568e-01	1.72718e+01
110	1	55	0	2	3	3.96991e-03	-5.80308e-01	1.75202e+01
110	1	56	0	2	3	3.90477e-03	-5.89570e-01	1.71167e+01
110	1	57	0	2	3	3.78300e-03	-5.63085e-01	1.68406e+01
110	1	58	0	2	3	4.48277e-03	-6.34009e-01	1.88623e+01
110	1	59	0	2	3	3.89825e-03	-5.85870e-01	1.86870e+01
110	1	60	0	2	3	4.43824e-03	-6.20509e-01	1.73928e+01
110	1	61	0	2	3	4.14161e-03	-5.81632e-01	1.67761e+01
110	1	62	0	2	3	4.11757e-03	-5.89279e-01	1.56912e+01
110	1	63	0	2	3	3.78405e-03	-5.69810e-01	1.74460e+01
110	1	64	0	2	3	3.88271e-03	-5.83993e-01	1.71945e+01
110	1	65	0	2	3	4.14555e-03	-5.91864e-01	1.70451e+01
110	1	66	0	2	3	4.46507e-03	-6.26280e-01	1.75706e+01
110	1	67	0	2	3	4.62933e-03	-6.27865e-01	1.67725e+01
110	1	68	0	2	3	3.38038e-03	-5.31756e-01	1.55140e+01
110	1	69	0	2	3	3.78501e-03	-5.66738e-01	1.67214e+01
110	1	70	0	2	3	3.80734e-03	-5.76264e-01	1.68262e+01
110	1	71	0	2	3	4.13565e-03	-5.97107e-01	1.74553e+01
110	1	72	0	2	3	3.87047e-03	-5.72835e-01	1.61902e+01
110	1	73	0	2	3	3.85420e-03	-5.77822e-01	1.76922e+01
110	1	74	0	2	3	4.63556e-03	-6.25549e-01	1.62559e+01
110	1	75	0	2	3	4.15206e-03	-5.97773e-01	1.69363e+01
110	1	76	0	2	3	4.33468e-03	-6.04095e-01	1.75387e+01
110	1	77	0	2	3	3.73405e-03	-5.67683e-01	1.64277e+01
110	1	78	0	2	3	3.92265e-03	-5.86223e-01	1.67582e+01
110	1	79	0	2	3	4.11925e-03	-5.92776e-01	1.67930e+01
110	1	80	0	2	3	4.07093e-03	-5.79715e-01	1.69548e+01
110	1	81	0	2	3	4.33773e-03	-6.00283e-01	1.61372e+01
110	1	82	0	2	3	4.11402e-03	-5.90999e-01	1.71869e+01
110	1	83	0	2	3	4.45703e-03	-6.03298e-01	1.64925e+01
110	1	84	0	2	3	3.97714e-03	-5.69305e-01	1.53385e+01
110	1	85	0	2	3	3.98869e-03	-5.77521e-01	1.60714e+01
110	1	86	0	2	3	4.03675e-03	-5.88149e-01	1.69590e+01
110	1	87	0	2	3	4.33449e-03	-5.94596e-01	1.50495e+01
110	1	88	0	2	3	3.81625e-03	-5.71955e-01	1.64603e+01
110	1	89	0	2	3	4.08788e-03	-5.90304e-01	1.60334e+01
110	1	90	0	2	3	4.16500e-03	-5.94909e-01	1.59779e+01
110	1	91	0	2	3	3.85125e-03	-5.71283e-01	1.66033e+01
110	1	92	0	2	3	4.41612e-03	-6.06772e-01	1.65987e+01
110	1	93	0	2	3	3.90605e-03	-5.70634e-01	1.61625e+01
110	1	94	0	2	3	3.62099e-03	-5.62308e-01	1.66747e+01
110	1	95	0	2	3	3.93485e-03	-5.80355e-01	1.60957e+01
110	1	96	0	2	3	4.05441e-03	-5.80838e-01	1.68198e+01
110	1	97	0	2	3	3.77646e-03	-5.61191e-01	1.64265e+01
110	1	98	0	2	3	3.73586e-03	-5.81569e-01	1.73096e+01
110	1	99	0	2	3	3.58751e-03	-5.52137e-01	1.57059e+01
110	1	100	0	2	3	3.53341e-03	-5.38425e-01	1.56559e+01
110	1	101	0	2	3	3.92955e-03	-5.72522e-01	1.55407e+01
110	1	102	0	2	3	4.49693e-03	-6.22121e-01	1.70632e+01
110	1	103	0	2	3	4.55163e-03	-6.19321e-01	1.67640e+01
110	1	104	0	2	3	3.84172e-03	-5.70384e-01	1.62247e+01
110	1	105	0	2	3	4.18151e-03	-5.91583e-01	1.66743e+01
110	1	106	0	2	3	4.77739e-03	-6.47262e-01	1.84578e+01
110	1	107	0	2	3	4.54987e-03	-6.15759e-01	1.68210e+01
110	1	108	0	2	3	3.55268e-03	-5.49954e-01	1.66531e+01
110	1	109	0	2	3	2.90996e-03	-5.06841e-01	1.58428e+01
110	1	110	0	2	3	4.69011e-03	-6.33510e-01	1.73093e+01
110	1	111	0	2	3	3.49192e-03	-5.54700e-01	1.72389e+01
110	1	112	0	2	3	3.38128e-03	-5.37171e-01	1.64610e+01
110	1	113	0	2	3	3.51987e-03	-5.52213e-01	1.62342e+01
110	1	114	0	2	3	4.57037e-03	-6.23987e-01	1.77424e+01
110	1	115	0	2	3	4.69123e-03	-6.30185e-01	1.71621e+01
110	1	116	0	2	3	3.53709e-03	-5.53091e-01	1.70135e+01
110	1	117	0	2	3	2.81963e-03	-4.95901e-01	1.50859e+01
110	1	118	0	2	3	4.45102e-03	-6.07099e-01	1.58801e+01
110	1	119	0	2	3	5.19740e-03	-6.58549e-01	1.79116e+01
110	1	120	0	2	3	3.98715e-03	-5.79053e-01	1.71153e+01
110	1	121	0	2	3	3.94562e-03	-5.73937e-01	1.62300e+01
110	1	122	0	2	3	4.09638e-03	-6.01356e-01	1.81302e+01
110	1	123	0	2	3	4.27038e-03	-6.14659e-01	1.87734e+01
110	1	124	0	2	3	4.00428e-03	-5.77215e-01	1.67462e+01
110	1	125	0	2	3	3.08404e-03	-5.19116e-01	1.56981e+01
110	1	126	0	2	3	4.00575e-03	-5.78889e-01	1.64559e+01
110	1	127	0	2	3	4.11392e-03	-5.87352e-01	1.66073e+01
110	1	128	0	2	3	3.99028e-03	-6.10078e-01	1.79348e+01
110	1	129	0	2	3	3.91584e-03	-6.02783e-01	1.76926e+01
110	1	130	0	2	3	3.28697e-03	-5.58775e-01	1.71271e+01
110	1	131	0	2	3	4.85254e-03	-6.43632e-01	1.76360e+01
110	1	132	0	2	3	3.51636e-03	-5.66859e-01	1.71712e+01
110	1	133	0	2	3	5.06739e-03	-6.61833e-01	1.77965e+01
110	1	134	0	2	3	4.05476e-03	-6.12175e-01	1.79699e+01
110	1	135	0	2	3	3.11481e-03	-5.22735e-01	1.57571e+01
110	1	136	0	2	3	3.62110e-03	-5.77457e-01	1.76132e+01
110	1	137	0	2	3	3.37251e-03	-5.52735e-01	1.65412e+01
110	1	138	0	2	3	3.79315e-03	-5.73588e-01	1.64457e+01
110	1	139	0	2	3	5.51483e-03	-6.93667e-01	1.88606e+01
110	1	140	0	2	3	4.08183e-03	-6.03005e-01	1.78847e+01
110	1	141	0	2	3	4.99507e-03	-6.62165e-01	1.77792e+01
110	1	142	0	2	3	4.77864e-03	-6.52568e-01	1.85886e+01
110	1	143	0	2	3	3.51131e-03	-5.63510e-01	1.69987e+01
110	1	144	0	2	3	5.02489e-03	-6.74137e-01	1.93215e+01
110	1	145	0	2	3	4.74009e-03	-6.26610e-01	1.71923e+01
110	1	146	0	2	3	4.61370e-03	-6.46444e-01	1.88645e+01
110	1	147	0	2	3	4.98998e-03	-6.48558e-01	1.76931e+01
110	1	148	0	2	3	3.61633e-03	-5.73544e-01	1.70010e+01
110	1	149	0	2	3	3.51258e-03	-5.47994e-01	1.64256e+01
110	1	150	0	2	3	4.19380e-03	-5.95449e-01	1.70795e+01
110	1	151	0	2	3	4.38028e-03	-6.23171e-01	1.73712e+01
110	1	152	0	2	3	3.64683e-03	-5.65640e-01	1.71993e+01
110	1	153	0	2	3	4.01496e-03	-5.99665e-01	1.79632e+01
110	1	154	0	2	3	3.12711e-03	-5.39150e-01	1.63759e+01
110	1	155	0	2	3	3.02299e-03	-5.08530e-01	1.49112e+01
110	1	156	0	2	3	-8.92965e-03	3.00333e-01	3.02683e+00
110	1	157	0	2	3	-3.24282e-03	-9.82729e-02	9.36947e+00
110	1	158	0	2	3	4.02107e-03	-6.82526e-01	2.16034e+01
110	1	159	0	2	3	-2.09859e-02	1.20373e+00	-1.37965e+01
