##
#  file: HodoPHCParam_Dummy
#  date: 2016.06.15
#  note: first version
#
#
#######################################################################
# CId	PlId	Seg	UorD	Type	nParam	p0	p1	...
#
#	Type=0 no correction will be performed
#	Type=1 ct=t-p[0]/sqrt(a-p[1])+p[2]
#	Type=2 ct=p[0]*a*a + p[1]*a + p[2] for Fiber
#
#######################################################################
# BH1 Up                                                              #
#######################################################################
1	0	0	0	1	3	5.08705e+00	-1.98362e+00	2.93454e+00
1	0	1	0	1	3	6.69706e-01	2.91546e-01	8.10244e-01
1	0	2	0	1	3	5.01779e-01	3.94271e-01	6.64278e-01
1	0	3	0	1	3	7.45330e-01	1.66754e-01	8.56036e-01
1	0	4	0	1	3	8.52890e-01	8.60054e-02	9.27134e-01
1	0	5	0	1	3	1.69981e+00	-1.50393e-01	1.62794e+00
1	0	6	0	1	3	1.58582e+00	-2.35346e-01	1.46587e+00
1	0	7	0	1	3	1.61970e+00	-1.46184e-01	1.54504e+00
1	0	8	0	1	3	1.37546e+00	-2.52696e-01	1.28233e+00
1	0	9	0	1	3	1.74814e+00	-2.76223e-01	1.64100e+00
1	0	10	0	1	3	1.60339e+01	-4.62629e+00	6.81205e+00
#######################################################################
# BH1 Down                                                            #
#######################################################################
1	0	0	1	1	3	1.33519e+00	-9.13138e-02	1.27257e+00
1	0	1	1	1	3	6.24909e-01	2.88647e-01	7.65429e-01
1	0	2	1	1	3	6.68954e-01	2.21542e-01	7.45264e-01
1	0	3	1	1	3	1.32364e+00	-4.57464e-01	1.08318e+00
1	0	4	1	1	3	1.18002e+00	-7.91080e-02	1.17008e+00
1	0	5	1	1	3	2.07299e+00	-4.79828e-01	1.70935e+00
1	0	6	1	1	3	1.96000e+00	-5.20196e-01	1.63958e+00
1	0	7	1	1	3	1.89852e+00	-4.50289e-01	1.60743e+00
1	0	8	1	1	3	1.02469e+00	-6.73213e-02	1.04734e+00
1	0	9	1	1	3	1.64894e+00	-1.85977e-01	1.61292e+00
1	0	10	1	1	3	7.15603e-01	2.22738e-01	8.54972e-01
#######################################################################
# BH2 Up                                                              #
#######################################################################
2	0	0	0	1	3	1.43047e-01	2.98695e-01	2.00085e-01
2	0	1	0	1	3	8.79554e-01	-2.31747e-01	7.85839e-01
2	0	2	0	1	3	5.94572e-01	-4.97541e-01	4.68956e-01
2	0	3	0	1	3	1.91725e-01	3.94747e-02	1.91115e-01
2	0	4	0	1	3	3.31184e-01	-9.38469e-02	3.15823e-01
2	0	5	0	1	3	1.99769e-01	2.70254e-01	2.37321e-01
2	0	6	0	1	3	2.58948e-01	2.41832e-01	3.10133e-01
2	0	7	0	1	3	3.50426e-01	8.80094e-02	3.70898e-01
#######################################################################
# BH2 Down                                                            #
#######################################################################
2	0	0	1	1	3	3.94607e-01	-1.85207e-01	3.84440e-01
2	0	1	1	1	3	9.92155e-01	-3.85817e-01	8.32122e-01
2	0	2	1	1	3	4.10986e-01	-9.27803e-02	3.90143e-01
2	0	3	1	1	3	1.76416e-01	4.84160e-02	1.75490e-01
2	0	4	1	1	3	2.42956e-01	1.23979e-01	2.64593e-01
2	0	5	1	1	3	3.57967e-01	4.32013e-02	3.63973e-01
2	0	6	1	1	3	1.22093e+00	-6.67168e-01	9.30075e-01
2	0	7	1	1	3	2.92156e-01	-4.36810e-03	2.98702e-01
#######################################################################
# BAC                                                                 #
#######################################################################
3	0	0	0	1	3	0.00000e+00	0.00000e+00	0.00000e+00
3	0	1	0	1	3	0.00000e+00	0.00000e+00	0.00000e+00
#######################################################################
# FBH Up                                                              #
#######################################################################
4	0	0	0	2	3	-5.62952e-03	8.96903e-01	-3.53273e+01
4	0	1	0	2	3	-4.29399e-03	7.37975e-01	-3.00049e+01
4	0	2	0	2	3	-5.26894e-03	8.67305e-01	-3.38992e+01
4	0	3	0	2	3	-3.80183e-03	6.69237e-01	-2.72260e+01
4	0	4	0	2	3	-4.35014e-03	7.35785e-01	-2.92008e+01
4	0	5	0	2	3	-4.02541e-03	6.86907e-01	-2.70312e+01
4	0	6	0	2	3	-4.16660e-03	7.08229e-01	-2.81512e+01
4	0	7	0	2	3	-3.93117e-03	6.84759e-01	-2.69101e+01
4	0	8	0	2	3	-4.14423e-03	6.96902e-01	-2.65883e+01
4	0	9	0	2	3	-2.83372e-03	5.62925e-01	-2.20787e+01
4	0	10	0	2	3	-4.07944e-03	7.09420e-01	-2.75603e+01
4	0	11	0	2	3	-3.50961e-03	6.50113e-01	-2.64167e+01
4	0	12	0	2	3	-3.52415e-03	6.49734e-01	-2.67232e+01
4	0	13	0	2	3	-4.13420e-03	7.26957e-01	-2.99675e+01
4	0	14	0	2	3	-4.90315e-03	8.27563e-01	-3.35630e+01
4	0	15	0	2	3	-4.73048e-03	8.13189e-01	-3.31901e+01
#######################################################################
# FBH Down                                                            #
#######################################################################
4	0	0	1	2	3	-5.62952e-03	8.96903e-01	-3.53273e+01
4	0	1	1	2	3	-4.29399e-03	7.37975e-01	-3.00049e+01
4	0	2	1	2	3	-5.26894e-03	8.67305e-01	-3.38992e+01
4	0	3	1	2	3	-3.80183e-03	6.69237e-01	-2.72260e+01
4	0	4	1	2	3	-4.35014e-03	7.35785e-01	-2.92008e+01
4	0	5	1	2	3	-4.02541e-03	6.86907e-01	-2.70312e+01
4	0	6	1	2	3	-4.16660e-03	7.08229e-01	-2.81512e+01
4	0	7	1	2	3	-3.93117e-03	6.84759e-01	-2.69101e+01
4	0	8	1	2	3	-4.14423e-03	6.96902e-01	-2.65883e+01
4	0	9	1	2	3	-2.83372e-03	5.62925e-01	-2.20787e+01
4	0	10	1	2	3	-4.07944e-03	7.09420e-01	-2.75603e+01
4	0	11	1	2	3	-3.50961e-03	6.50113e-01	-2.64167e+01
4	0	12	1	2	3	-3.52415e-03	6.49734e-01	-2.67232e+01
4	0	13	1	2	3	-4.13420e-03	7.26957e-01	-2.99675e+01
4	0	14	1	2	3	-4.90315e-03	8.27563e-01	-3.35630e+01
4	0	15	1	2	3	-4.73048e-03	8.13189e-01	-3.31901e+01
#######################################################################
# PVAC                                                                #
#######################################################################
5	0	0	0	1	3	0.00000e+00	0.00000e+00	0.00000e+00
#######################################################################
# FAC                                                                 #
#######################################################################
6	0	0	0	1	3	0.00000e+00	0.00000e+00	0.00000e+00
#######################################################################
# SCH                                                                 #
#######################################################################
#7	0	0	0	2	3	-0.00500000	0.821213	-32.185321
#7	0	1	0	2	3	-0.00500000	0.830248	-32.269563
#7	0	2	0	2	3	-0.00500000	0.793073	-29.315934
#7	0	3	0	2	3	-0.00500000	0.772144	-28.276705
#7	0	4	0	2	3	-0.00500000	0.801968	-30.687167
#7	0	5	0	2	3	-0.00500000	0.778300	-28.439251
#7	0	6	0	2	3	-0.00500000	0.765872	-27.918181
#7	0	7	0	2	3	-0.00500000	0.738459	-26.016797
#7	0	8	0	2	3	-0.00500000	0.778318	-28.676371
#7	0	9	0	2	3	-0.00500000	0.776670	-28.892887
#7	0	10	0	2	3	-0.00500000	0.764278	-28.122474
#7	0	11	0	2	3	-0.00500000	0.790742	-29.423647
#7	0	12	0	2	3	-0.00500000	0.811330	-30.487019
#7	0	13	0	2	3	-0.00500000	0.818750	-30.891512
#7	0	14	0	2	3	-0.00500000	0.802541	-30.009136
#7	0	15	0	2	3	-0.00500000	0.809525	-30.751746
#7	0	16	0	2	3	-0.00500000	0.802597	-30.845509
#7	0	17	0	2	3	-0.00500000	0.835028	-32.780792
#7	0	18	0	2	3	-0.00500000	0.859176	-33.938731
#7	0	19	0	2	3	-0.00500000	0.814851	-31.445396
#7	0	20	0	2	3	-0.00500000	0.809426	-30.781087
#7	0	21	0	2	3	-0.00500000	0.780678	-28.888756
#7	0	22	0	2	3	-0.00500000	0.808206	-30.719604
#7	0	23	0	2	3	-0.00500000	0.774024	-27.858339
#7	0	24	0	2	3	-0.00500000	0.794308	-29.022101
#7	0	25	0	2	3	-0.00500000	0.775649	-27.980186
#7	0	26	0	2	3	-0.00500000	0.788483	-28.687567
#7	0	27	0	2	3	-0.00466315	0.771386	-29.253260
#7	0	28	0	2	3	-0.00483132	0.790854	-28.637741
#7	0	29	0	2	3	-0.00497049	0.812994	-30.786914
#7	0	30	0	2	3	-0.00500000	0.787793	-28.362716
#7	0	31	0	2	3	-0.00500000	0.790759	-28.876812
#7	0	32	0	2	3	-0.00500000	0.824826	-31.655285
#7	0	33	0	2	3	-0.00500000	0.845304	-33.407765
#7	0	34	0	2	3	-0.00500000	0.832263	-32.939799
#7	0	35	0	2	3	-0.00500000	0.820631	-31.695372
#7	0	36	0	2	3	-0.00500000	0.836997	-33.200590
#7	0	37	0	2	3	-0.00500000	0.819690	-32.097193
#7	0	38	0	2	3	-0.00500000	0.808109	-31.263214
#7	0	39	0	2	3	-0.00500000	0.815224	-31.135523
#7	0	40	0	2	3	-0.00500000	0.803398	-29.897923
#7	0	41	0	2	3	-0.00500000	0.815685	-31.165519
#7	0	42	0	2	3	-0.00500000	0.812980	-30.737261
#7	0	43	0	2	3	-0.00500000	0.829418	-32.693307
#7	0	44	0	2	3	-0.00500000	0.789530	-29.464920
#7	0	45	0	2	3	-0.00500000	0.804789	-31.208151
#7	0	46	0	2	3	-0.00500000	0.830106	-32.806514
#7	0	47	0	2	3	-0.00500000	0.819206	-31.373242
#7	0	48	0	2	3	-0.00500000	0.816165	-31.709319
#7	0	49	0	2	3	-0.00500000	0.798496	-30.201709
#7	0	50	0	2	3	-0.00500000	0.812167	-31.795745
#7	0	51	0	2	3	-0.00500000	0.810749	-31.375226
#7	0	52	0	2	3	-0.00500000	0.803385	-31.372512
#7	0	53	0	2	3	-0.00500000	0.777405	-29.262831
#7	0	54	0	2	3	-0.00500000	0.783954	-29.763410
#7	0	55	0	2	3	-0.00500000	0.789443	-29.976449
#7	0	56	0	2	3	-0.00500000	0.838828	-33.261086
#7	0	57	0	2	3	-0.00500000	0.804421	-30.573195
#7	0	58	0	2	3	-0.00500000	0.773283	-29.111048
#7	0	59	0	2	3	-0.00500000	0.811789	-31.449459
#7	0	60	0	2	3	-0.00500000	0.759724	-28.110014
#7	0	61	0	2	3	-0.00500000	0.810884	-31.379063
#7	0	62	0	2	3	-0.00500000	0.771910	-28.435006
#7	0	63	0	2	3	-0.00500000	0.796658	-30.511906
#######################################################################
# TOF Up                                                              #
#######################################################################
7	0	0	0	1	3	5.24830e+00	-1.96630e+00	2.96170e+00
7	0	1	0	1	3	5.24830e+00	-1.96630e+00	2.96170e+00
7	0	2	0	1	3	5.24830e+00	-1.96630e+00	2.96170e+00
7	0	3	0	1	3	5.24830e+00	-1.96630e+00	2.96170e+00
7	0	4	0	1	3	5.24830e+00	-1.96630e+00	2.96170e+00
7	0	5	0	1	3	5.24830e+00	-1.96630e+00	2.96170e+00
7	0	6	0	1	3	6.97090e+00	-3.03520e+00	3.39910e+00
7	0	7	0	1	3	4.05450e+00	-1.96150e+00	2.30360e+00
7	0	8	0	1	3	1.16940e+02	-2.98600e+01	2.09880e+01
7	0	9	0	1	3	5.24830e+00	-1.96630e+00	2.96170e+00
7	0	10	0	1	3	5.24830e+00	-1.96630e+00	2.96170e+00
7	0	11	0	1	3	5.24830e+00	-1.96630e+00	2.96170e+00
7	0	12	0	1	3	5.24830e+00	-1.96630e+00	2.96170e+00
7	0	13	0	1	3	5.24830e+00	-1.96630e+00	2.96170e+00
7	0	14	0	1	3	5.24830e+00	-1.96630e+00	2.96170e+00
7	0	15	0	1	3	5.24830e+00	-1.96630e+00	2.96170e+00
7	0	16	0	1	3	5.24830e+00	-1.96630e+00	2.96170e+00
7	0	17	0	1	3	5.24830e+00	-1.96630e+00	2.96170e+00
7	0	18	0	1	3	5.24830e+00	-1.96630e+00	2.96170e+00
7	0	19	0	1	3	7.11491e-01	1.85180e-03	5.82402e-01
7	0	20	0	1	3	5.59404e-01	-1.73810e-03	4.50716e-01
7	0	21	0	1	3	8.92499e-01	1.99900e-03	7.37364e-01
7	0	22	0	1	3	6.37553e-01	1.99960e-03	5.45449e-01
7	0	23	0	1	3	1.19210e+00	1.98920e-03	9.99994e-01
#######################################################################
# TOF Down                                                            #
#######################################################################
7	0	0	1	1	3	5.84300e+00	-2.30730e+00	3.11320e+00
7	0	1	1	1	3	5.84300e+00	-2.30730e+00	3.11320e+00
7	0	2	1	1	3	5.84300e+00	-2.30730e+00	3.11320e+00
7	0	3	1	1	3	5.84300e+00	-2.30730e+00	3.11320e+00
7	0	4	1	1	3	5.84300e+00	-2.30730e+00	3.11320e+00
7	0	5	1	1	3	5.84300e+00	-2.30730e+00	3.11320e+00
7	0	6	1	1	3	1.41330e+01	-5.81170e+00	5.32680e+00
7	0	7	1	1	3	7.84850e+01	-2.02870e+01	1.69500e+01
7	0	8	1	1	3	2.20240e+02	-3.62440e+01	3.60080e+01
7	0	9	1	1	3	5.84300e+00	-2.30730e+00	3.11320e+00
7	0	10	1	1	3	5.84300e+00	-2.30730e+00	3.11320e+00
7	0	11	1	1	3	5.84300e+00	-2.30730e+00	3.11320e+00
7	0	12	1	1	3	5.84300e+00	-2.30730e+00	3.11320e+00
7	0	13	1	1	3	5.84300e+00	-2.30730e+00	3.11320e+00
7	0	14	1	1	3	5.84300e+00	-2.30730e+00	3.11320e+00
7	0	15	1	1	3	5.84300e+00	-2.30730e+00	3.11320e+00
7	0	16	1	1	3	5.84300e+00	-2.30730e+00	3.11320e+00
7	0	17	1	1	3	5.84300e+00	-2.30730e+00	3.11320e+00
7	0	18	1	1	3	5.84300e+00	-2.30730e+00	3.11320e+00
7	0	19	1	1	3	6.18741e-01	1.99860e-03	4.90831e-01
7	0	20	1	1	3	5.75901e-01	1.04210e-03	4.72509e-01
7	0	21	1	1	3	9.41046e-01	1.99890e-03	7.79357e-01
7	0	22	1	1	3	4.84266e-01	-1.95590e-03	3.99786e-01
7	0	23	1	1	3	8.97714e-01	1.99860e-03	7.56300e-01
#######################################################################
# BFT U                                                               #
#######################################################################
110	0	0	0	2	3	1.05326e-03	-3.75823e-01	1.20204e+01
110	0	1	0	2	3	2.32219e-04	-2.71241e-01	9.30704e+00
110	0	2	0	2	3	3.56520e-03	-5.45957e-01	1.45380e+01
110	0	3	0	2	3	3.69668e-03	-5.55562e-01	1.38162e+01
110	0	4	0	2	3	4.14007e-03	-5.81075e-01	1.54472e+01
110	0	5	0	2	3	4.70649e-03	-6.15392e-01	1.63755e+01
110	0	6	0	2	3	3.35667e-03	-5.34489e-01	1.40479e+01
110	0	7	0	2	3	4.22012e-03	-5.82074e-01	1.55008e+01
110	0	8	0	2	3	3.16710e-03	-5.18176e-01	1.39479e+01
110	0	9	0	2	3	3.82128e-03	-5.53881e-01	1.58721e+01
110	0	10	0	2	3	2.94309e-03	-5.02792e-01	1.29077e+01
110	0	11	0	2	3	4.06549e-03	-5.75179e-01	1.63134e+01
110	0	12	0	2	3	3.61938e-03	-5.48358e-01	1.39239e+01
110	0	13	0	2	3	4.65808e-03	-6.18402e-01	1.70326e+01
110	0	14	0	2	3	4.05096e-03	-5.76370e-01	1.42056e+01
110	0	15	0	2	3	3.47536e-03	-5.37227e-01	1.57086e+01
110	0	16	0	2	3	3.74055e-03	-5.53096e-01	1.37249e+01
110	0	17	0	2	3	4.19288e-03	-5.71603e-01	1.55871e+01
110	0	18	0	2	3	4.21287e-03	-5.89169e-01	1.43002e+01
110	0	19	0	2	3	4.16671e-03	-5.85708e-01	1.41382e+01
110	0	20	0	2	3	3.20593e-03	-5.13234e-01	1.34871e+01
110	0	21	0	2	3	4.73705e-03	-6.18088e-01	1.78432e+01
110	0	22	0	2	3	4.02064e-03	-5.73517e-01	1.44484e+01
110	0	23	0	2	3	4.03438e-03	-5.66663e-01	1.56953e+01
110	0	24	0	2	3	4.40924e-03	-5.95422e-01	1.51848e+01
110	0	25	0	2	3	3.32629e-03	-5.10519e-01	1.51353e+01
110	0	26	0	2	3	4.00191e-03	-5.81540e-01	1.58229e+01
110	0	27	0	2	3	4.75338e-03	-6.10451e-01	1.62498e+01
110	0	28	0	2	3	3.88952e-03	-5.63928e-01	1.28690e+01
110	0	29	0	2	3	4.26388e-03	-5.76726e-01	1.52625e+01
110	0	30	0	2	3	3.88252e-03	-5.71679e-01	1.44127e+01
110	0	31	0	2	3	3.78625e-03	-5.51654e-01	1.54027e+01
110	0	32	0	2	3	3.71199e-03	-5.60601e-01	1.45125e+01
110	0	33	0	2	3	4.22399e-03	-5.60951e-01	1.37078e+01
110	0	34	0	2	3	4.17002e-03	-5.86854e-01	1.46365e+01
110	0	35	0	2	3	4.78966e-03	-6.33031e-01	1.69496e+01
110	0	36	0	2	3	3.75376e-03	-5.47705e-01	1.37614e+01
110	0	37	0	2	3	4.22850e-03	-5.84974e-01	1.69093e+01
110	0	38	0	2	3	4.63421e-03	-6.12449e-01	1.44231e+01
110	0	39	0	2	3	4.42586e-03	-5.99661e-01	1.59501e+01
110	0	40	0	2	3	3.97720e-03	-5.65398e-01	1.39921e+01
110	0	41	0	2	3	3.78159e-03	-5.48799e-01	1.60722e+01
110	0	42	0	2	3	4.32316e-03	-5.90329e-01	1.49695e+01
110	0	43	0	2	3	4.48410e-03	-6.10381e-01	1.68705e+01
110	0	44	0	2	3	3.80095e-03	-5.58589e-01	1.40618e+01
110	0	45	0	2	3	4.31219e-03	-5.82964e-01	1.61659e+01
110	0	46	0	2	3	4.37805e-03	-6.09770e-01	1.52437e+01
110	0	47	0	2	3	4.83927e-03	-6.34905e-01	1.83130e+01
110	0	48	0	2	3	3.41116e-03	-5.27190e-01	1.24711e+01
110	0	49	0	2	3	4.41617e-03	-5.93035e-01	1.68190e+01
110	0	50	0	2	3	4.65538e-03	-6.16846e-01	1.54210e+01
110	0	51	0	2	3	4.87991e-03	-6.29777e-01	1.64122e+01
110	0	52	0	2	3	3.56972e-03	-5.35441e-01	1.31400e+01
110	0	53	0	2	3	4.68374e-03	-6.11186e-01	1.59268e+01
110	0	54	0	2	3	4.51894e-03	-6.07770e-01	1.48689e+01
110	0	55	0	2	3	4.82901e-03	-6.27226e-01	1.72710e+01
110	0	56	0	2	3	4.09569e-03	-5.87875e-01	1.55770e+01
110	0	57	0	2	3	4.48205e-03	-6.01508e-01	1.64762e+01
110	0	58	0	2	3	4.07834e-03	-5.82185e-01	1.55647e+01
110	0	59	0	2	3	4.19127e-03	-5.97733e-01	1.68521e+01
110	0	60	0	2	3	4.11343e-03	-5.83712e-01	1.41295e+01
110	0	61	0	2	3	3.41369e-03	-5.22932e-01	1.47528e+01
110	0	62	0	2	3	4.73699e-03	-6.25622e-01	1.51285e+01
110	0	63	0	2	3	3.98924e-03	-5.71626e-01	1.46239e+01
110	0	64	0	2	3	3.78210e-03	-5.64197e-01	1.44809e+01
110	0	65	0	2	3	3.87382e-03	-5.61574e-01	1.54524e+01
110	0	66	0	2	3	4.31981e-03	-6.13700e-01	1.66441e+01
110	0	67	0	2	3	4.09063e-03	-5.79178e-01	1.59373e+01
110	0	68	0	2	3	4.01366e-03	-5.88883e-01	1.54618e+01
110	0	69	0	2	3	3.95634e-03	-5.63862e-01	1.49826e+01
110	0	70	0	2	3	4.43005e-03	-6.23744e-01	1.50683e+01
110	0	71	0	2	3	4.26922e-03	-5.95064e-01	1.60200e+01
110	0	72	0	2	3	3.83914e-03	-5.72246e-01	1.39629e+01
110	0	73	0	2	3	4.35379e-03	-6.00650e-01	1.54872e+01
110	0	74	0	2	3	4.59813e-03	-6.30255e-01	1.60525e+01
110	0	75	0	2	3	4.67758e-03	-6.16365e-01	1.59402e+01
110	0	76	0	2	3	3.50866e-03	-5.42401e-01	1.35015e+01
110	0	77	0	2	3	3.64093e-03	-5.46555e-01	1.51101e+01
110	0	78	0	2	3	4.43580e-03	-6.17263e-01	1.51406e+01
110	0	79	0	2	3	4.47514e-03	-6.04742e-01	1.57327e+01
110	0	80	0	2	3	4.00617e-03	-5.76838e-01	1.51229e+01
110	0	81	0	2	3	4.10714e-03	-5.69557e-01	1.50671e+01
110	0	82	0	2	3	4.25137e-03	-5.95539e-01	1.50392e+01
110	0	83	0	2	3	4.66595e-03	-6.23593e-01	1.60130e+01
110	0	84	0	2	3	3.94760e-03	-5.68967e-01	1.43711e+01
110	0	85	0	2	3	4.14227e-03	-5.81343e-01	1.57123e+01
110	0	86	0	2	3	4.73602e-03	-6.42777e-01	1.56218e+01
110	0	87	0	2	3	4.24477e-03	-5.99644e-01	1.63584e+01
110	0	88	0	2	3	3.81415e-03	-5.53581e-01	1.44108e+01
110	0	89	0	2	3	4.36459e-03	-5.98876e-01	1.56059e+01
110	0	90	0	2	3	4.62212e-03	-6.25502e-01	1.50030e+01
110	0	91	0	2	3	4.88881e-03	-6.44419e-01	1.60135e+01
110	0	92	0	2	3	3.96377e-03	-5.86390e-01	1.51920e+01
110	0	93	0	2	3	4.14191e-03	-5.78363e-01	1.49153e+01
110	0	94	0	2	3	4.59848e-03	-6.46120e-01	1.73487e+01
110	0	95	0	2	3	4.42114e-03	-6.08781e-01	1.61992e+01
110	0	96	0	2	3	3.93522e-03	-5.83698e-01	1.47649e+01
110	0	97	0	2	3	4.03186e-03	-5.78442e-01	1.58251e+01
110	0	98	0	2	3	4.38776e-03	-6.20164e-01	1.54207e+01
110	0	99	0	2	3	4.24217e-03	-5.90929e-01	1.56780e+01
110	0	100	0	2	3	3.77607e-03	-5.64715e-01	1.48865e+01
110	0	101	0	2	3	3.67024e-03	-5.51565e-01	1.52298e+01
110	0	102	0	2	3	4.74737e-03	-6.38380e-01	1.64593e+01
110	0	103	0	2	3	4.93882e-03	-6.46251e-01	1.64650e+01
110	0	104	0	2	3	3.98551e-03	-5.81958e-01	1.43498e+01
110	0	105	0	2	3	4.40251e-03	-6.00153e-01	1.54857e+01
110	0	106	0	2	3	4.69031e-03	-6.34353e-01	1.63540e+01
110	0	107	0	2	3	4.52904e-03	-6.08154e-01	1.51040e+01
110	0	108	0	2	3	3.42740e-03	-5.44069e-01	1.45205e+01
110	0	109	0	2	3	4.43997e-03	-6.06796e-01	1.55284e+01
110	0	110	0	2	3	4.10998e-03	-5.92968e-01	1.54006e+01
110	0	111	0	2	3	4.88639e-03	-6.48437e-01	1.64478e+01
110	0	112	0	2	3	3.52706e-03	-5.41054e-01	1.31465e+01
110	0	113	0	2	3	4.45998e-03	-6.00390e-01	1.52826e+01
110	0	114	0	2	3	4.54425e-03	-6.22299e-01	1.59831e+01
110	0	115	0	2	3	5.09210e-03	-6.50807e-01	1.62416e+01
110	0	116	0	2	3	4.08537e-03	-5.89019e-01	1.49125e+01
110	0	117	0	2	3	4.12781e-03	-5.88071e-01	1.62561e+01
110	0	118	0	2	3	4.65045e-03	-6.37597e-01	1.65452e+01
110	0	119	0	2	3	4.31475e-03	-5.92208e-01	1.42914e+01
110	0	120	0	2	3	4.93246e-03	-6.56998e-01	1.62982e+01
110	0	121	0	2	3	4.17648e-03	-5.81896e-01	1.36525e+01
110	0	122	0	2	3	3.82366e-03	-5.80544e-01	1.61668e+01
110	0	123	0	2	3	5.28818e-03	-6.64410e-01	1.67321e+01
110	0	124	0	2	3	4.79239e-03	-6.33694e-01	1.62642e+01
110	0	125	0	2	3	3.07926e-03	-5.08158e-01	1.18383e+01
110	0	126	0	2	3	4.28002e-03	-5.94117e-01	1.49260e+01
110	0	127	0	2	3	3.63802e-03	-5.48985e-01	1.45013e+01
110	0	128	0	2	3	3.89983e-03	-6.07082e-01	1.66063e+01
110	0	129	0	2	3	3.21061e-03	-5.46547e-01	1.51063e+01
110	0	130	0	2	3	3.67511e-03	-5.85316e-01	1.62006e+01
110	0	131	0	2	3	2.86707e-03	-4.90426e-01	1.37700e+01
110	0	132	0	2	3	4.07039e-03	-5.97572e-01	1.64038e+01
110	0	133	0	2	3	3.50408e-03	-5.41949e-01	1.48525e+01
110	0	134	0	2	3	3.16589e-03	-5.43528e-01	1.51815e+01
110	0	135	0	2	3	4.63706e-03	-6.35578e-01	1.59685e+01
110	0	136	0	2	3	3.01676e-03	-5.23606e-01	1.41359e+01
110	0	137	0	2	3	2.76514e-03	-5.10803e-01	1.50248e+01
110	0	138	0	2	3	3.59219e-03	-5.75756e-01	1.61109e+01
110	0	139	0	2	3	4.35017e-03	-6.05695e-01	1.48421e+01
110	0	140	0	2	3	1.79836e-03	-4.37401e-01	1.36868e+01
110	0	141	0	2	3	3.70029e-03	-5.73206e-01	1.48340e+01
110	0	142	0	2	3	2.25714e-03	-4.82489e-01	1.41659e+01
110	0	143	0	2	3	4.30114e-03	-6.21457e-01	1.61205e+01
110	0	144	0	2	3	3.65255e-03	-5.83399e-01	1.51431e+01
110	0	145	0	2	3	3.44469e-03	-5.48623e-01	1.41294e+01
110	0	146	0	2	3	3.59100e-03	-5.65862e-01	1.53491e+01
110	0	147	0	2	3	3.57664e-03	-5.42340e-01	1.49006e+01
110	0	148	0	2	3	-1.92069e-03	-1.50128e-01	7.11395e+00
110	0	149	0	2	3	3.48821e-03	-5.51171e-01	1.53271e+01
110	0	150	0	2	3	3.92627e-03	-5.85083e-01	1.58870e+01
110	0	151	0	2	3	-6.78133e-04	-2.53763e-01	9.99000e+00
110	0	152	0	2	3	-4.76012e-03	2.33995e-02	5.92010e+00
110	0	153	0	2	3	2.23917e-03	-4.68856e-01	1.40217e+01
110	0	154	0	2	3	8.22937e-03	-8.91379e-01	2.04982e+01
110	0	155	0	2	3	3.01865e-03	-5.10406e-01	1.26435e+01
110	0	156	0	2	3	1.24475e-03	-3.89223e-01	1.23511e+01
110	0	157	0	2	3	6.52567e-03	-7.47425e-01	1.84411e+01
110	0	158	0	2	3	1.13367e-03	-3.96674e-01	1.23641e+01
110	0	159	0	2	3	4.74561e-03	-6.49299e-01	1.68397e+01
#######################################################################
# BFT D                                                               #
#######################################################################
110	1	0	0	2	3	1.40833e-03	-3.93084e-01	1.36369e+01
110	1	1	0	2	3	2.64799e-03	-4.73952e-01	1.44465e+01
110	1	2	0	2	3	3.84483e-03	-5.71668e-01	1.58835e+01
110	1	3	0	2	3	3.32641e-03	-5.30141e-01	1.59721e+01
110	1	4	0	2	3	4.11402e-03	-5.88723e-01	1.61136e+01
110	1	5	0	2	3	2.59230e-03	-4.74354e-01	1.49918e+01
110	1	6	0	2	3	4.13366e-03	-5.93380e-01	1.50890e+01
110	1	7	0	2	3	3.62709e-03	-5.39470e-01	1.54647e+01
110	1	8	0	2	3	2.92318e-03	-5.06366e-01	1.50145e+01
110	1	9	0	2	3	3.52139e-03	-5.49014e-01	1.73425e+01
110	1	10	0	2	3	3.48666e-03	-5.46615e-01	1.55053e+01
110	1	11	0	2	3	4.25257e-03	-5.96781e-01	1.65004e+01
110	1	12	0	2	3	3.87686e-03	-5.70725e-01	1.51515e+01
110	1	13	0	2	3	3.34886e-03	-5.31900e-01	1.61558e+01
110	1	14	0	2	3	4.44182e-03	-6.26024e-01	1.61784e+01
110	1	15	0	2	3	3.09532e-03	-5.17979e-01	1.58978e+01
110	1	16	0	2	3	3.89049e-03	-5.74495e-01	1.53821e+01
110	1	17	0	2	3	3.67615e-03	-5.44760e-01	1.52864e+01
110	1	18	0	2	3	4.13943e-03	-5.91414e-01	1.50346e+01
110	1	19	0	2	3	3.72123e-03	-5.52320e-01	1.59002e+01
110	1	20	0	2	3	3.21826e-03	-5.39447e-01	1.53165e+01
110	1	21	0	2	3	2.83455e-03	-4.98973e-01	1.61137e+01
110	1	22	0	2	3	4.16129e-03	-5.85954e-01	1.54053e+01
110	1	23	0	2	3	4.14541e-03	-5.78169e-01	1.65201e+01
110	1	24	0	2	3	3.76033e-03	-5.64477e-01	1.60877e+01
110	1	25	0	2	3	3.37917e-03	-5.30335e-01	1.59021e+01
110	1	26	0	2	3	4.39276e-03	-6.15118e-01	1.59190e+01
110	1	27	0	2	3	4.62804e-03	-6.16411e-01	1.80516e+01
110	1	28	0	2	3	3.46815e-03	-5.48781e-01	1.57605e+01
110	1	29	0	2	3	3.01851e-03	-5.03972e-01	1.55955e+01
110	1	30	0	2	3	3.62413e-03	-5.54380e-01	1.50527e+01
110	1	31	0	2	3	3.74779e-03	-5.66304e-01	1.69444e+01
110	1	32	0	2	3	3.72347e-03	-5.67075e-01	1.66214e+01
110	1	33	0	2	3	3.18133e-03	-5.23454e-01	1.49245e+01
110	1	34	0	2	3	4.14252e-03	-5.86475e-01	1.51466e+01
110	1	35	0	2	3	4.23959e-03	-6.07102e-01	1.76896e+01
110	1	36	0	2	3	4.03470e-03	-5.75796e-01	1.61282e+01
110	1	37	0	2	3	3.69492e-03	-5.51203e-01	1.45819e+01
110	1	38	0	2	3	4.07573e-03	-5.84551e-01	1.65489e+01
110	1	39	0	2	3	4.32462e-03	-5.95253e-01	1.63244e+01
110	1	40	0	2	3	3.96835e-03	-5.70433e-01	1.48988e+01
110	1	41	0	2	3	4.05990e-03	-5.75389e-01	1.63996e+01
110	1	42	0	2	3	3.72560e-03	-5.54734e-01	1.52058e+01
110	1	43	0	2	3	4.02720e-03	-5.78070e-01	1.72922e+01
110	1	44	0	2	3	4.06214e-03	-5.87184e-01	1.54347e+01
110	1	45	0	2	3	3.56378e-03	-5.45125e-01	1.61717e+01
110	1	46	0	2	3	4.29544e-03	-6.04416e-01	1.56909e+01
110	1	47	0	2	3	4.16687e-03	-6.04868e-01	1.81579e+01
110	1	48	0	2	3	4.03299e-03	-5.80252e-01	1.59455e+01
110	1	49	0	2	3	3.82202e-03	-5.59583e-01	1.66264e+01
110	1	50	0	2	3	4.39878e-03	-6.07317e-01	1.53696e+01
110	1	51	0	2	3	4.59385e-03	-6.20375e-01	1.74034e+01
110	1	52	0	2	3	4.06036e-03	-5.93754e-01	1.55087e+01
110	1	53	0	2	3	3.68229e-03	-5.53192e-01	1.65009e+01
110	1	54	0	2	3	4.26299e-03	-6.07107e-01	1.66730e+01
110	1	55	0	2	3	4.36919e-03	-6.04240e-01	1.72297e+01
110	1	56	0	2	3	4.11908e-03	-6.01425e-01	1.56909e+01
110	1	57	0	2	3	4.10437e-03	-5.87136e-01	1.66805e+01
110	1	58	0	2	3	4.31346e-03	-6.18039e-01	1.79008e+01
110	1	59	0	2	3	4.47322e-03	-6.24734e-01	1.86849e+01
110	1	60	0	2	3	3.96711e-03	-5.82378e-01	1.60405e+01
110	1	61	0	2	3	4.35803e-03	-5.90362e-01	1.61572e+01
110	1	62	0	2	3	3.98831e-03	-5.82210e-01	1.50095e+01
110	1	63	0	2	3	3.93498e-03	-5.75389e-01	1.67698e+01
110	1	64	0	2	3	4.11869e-03	-5.96145e-01	1.66820e+01
110	1	65	0	2	3	4.16001e-03	-5.90405e-01	1.63191e+01
110	1	66	0	2	3	4.62286e-03	-6.38180e-01	1.61522e+01
110	1	67	0	2	3	4.55714e-03	-6.21308e-01	1.59760e+01
110	1	68	0	2	3	3.61607e-03	-5.46936e-01	1.41129e+01
110	1	69	0	2	3	3.91375e-03	-5.73420e-01	1.61000e+01
110	1	70	0	2	3	4.14492e-03	-5.94916e-01	1.63992e+01
110	1	71	0	2	3	4.48066e-03	-6.22175e-01	1.72395e+01
110	1	72	0	2	3	3.89148e-03	-5.72407e-01	1.54842e+01
110	1	73	0	2	3	4.17697e-03	-5.98345e-01	1.73062e+01
110	1	74	0	2	3	4.14157e-03	-5.91802e-01	1.50096e+01
110	1	75	0	2	3	4.34816e-03	-6.12509e-01	1.65177e+01
110	1	76	0	2	3	3.50354e-03	-5.44901e-01	1.48328e+01
110	1	77	0	2	3	4.00441e-03	-5.86235e-01	1.60220e+01
110	1	78	0	2	3	4.22418e-03	-6.01647e-01	1.52081e+01
110	1	79	0	2	3	4.03500e-03	-5.84052e-01	1.58474e+01
110	1	80	0	2	3	3.70562e-03	-5.57703e-01	1.49419e+01
110	1	81	0	2	3	4.10138e-03	-5.84099e-01	1.51149e+01
110	1	82	0	2	3	4.44910e-03	-6.14871e-01	1.68680e+01
110	1	83	0	2	3	4.25614e-03	-5.86418e-01	1.54060e+01
110	1	84	0	2	3	3.66075e-03	-5.46416e-01	1.41693e+01
110	1	85	0	2	3	3.84294e-03	-5.66942e-01	1.51257e+01
110	1	86	0	2	3	4.33467e-03	-6.08020e-01	1.65233e+01
110	1	87	0	2	3	3.92852e-03	-5.69954e-01	1.39458e+01
110	1	88	0	2	3	3.83961e-03	-5.71078e-01	1.56250e+01
110	1	89	0	2	3	3.91622e-03	-5.76820e-01	1.49847e+01
110	1	90	0	2	3	4.18736e-03	-5.96413e-01	1.52048e+01
110	1	91	0	2	3	4.26755e-03	-5.94151e-01	1.60707e+01
110	1	92	0	2	3	3.75878e-03	-5.55306e-01	1.48261e+01
110	1	93	0	2	3	3.78393e-03	-5.63290e-01	1.52329e+01
110	1	94	0	2	3	3.84227e-03	-5.76255e-01	1.60796e+01
110	1	95	0	2	3	3.95408e-03	-5.81339e-01	1.52694e+01
110	1	96	0	2	3	3.90421e-03	-5.69248e-01	1.47576e+01
110	1	97	0	2	3	3.90685e-03	-5.71866e-01	1.58153e+01
110	1	98	0	2	3	4.46754e-03	-6.33592e-01	1.74141e+01
110	1	99	0	2	3	4.35558e-03	-6.03851e-01	1.56876e+01
110	1	100	0	2	3	3.78362e-03	-5.52253e-01	1.49677e+01
110	1	101	0	2	3	3.85821e-03	-5.64362e-01	1.54816e+01
110	1	102	0	2	3	4.18035e-03	-6.03183e-01	1.59787e+01
110	1	103	0	2	3	4.42525e-03	-6.07124e-01	1.56089e+01
110	1	104	0	2	3	4.03700e-03	-5.83300e-01	1.55842e+01
110	1	105	0	2	3	4.22654e-03	-5.92793e-01	1.57699e+01
110	1	106	0	2	3	4.76231e-03	-6.42863e-01	1.74395e+01
110	1	107	0	2	3	4.66786e-03	-6.28262e-01	1.62071e+01
110	1	108	0	2	3	3.81811e-03	-5.68295e-01	1.60615e+01
110	1	109	0	2	3	3.45666e-03	-5.41339e-01	1.54445e+01
110	1	110	0	2	3	4.20256e-03	-6.01931e-01	1.59383e+01
110	1	111	0	2	3	4.17470e-03	-6.01778e-01	1.70888e+01
110	1	112	0	2	3	3.92364e-03	-5.78550e-01	1.53653e+01
110	1	113	0	2	3	4.14144e-03	-5.91156e-01	1.58781e+01
110	1	114	0	2	3	4.49727e-03	-6.22567e-01	1.58976e+01
110	1	115	0	2	3	4.55416e-03	-6.17188e-01	1.59653e+01
110	1	116	0	2	3	4.33785e-03	-6.11217e-01	1.61406e+01
110	1	117	0	2	3	4.14617e-03	-5.84809e-01	1.55891e+01
110	1	118	0	2	3	4.26625e-03	-6.00634e-01	1.49371e+01
110	1	119	0	2	3	4.85194e-03	-6.34203e-01	1.65479e+01
110	1	120	0	2	3	4.14128e-03	-5.90285e-01	1.53876e+01
110	1	121	0	2	3	4.36878e-03	-6.04956e-01	1.58033e+01
110	1	122	0	2	3	5.21629e-03	-6.81331e-01	1.85063e+01
110	1	123	0	2	3	5.43388e-03	-6.92376e-01	1.89932e+01
110	1	124	0	2	3	4.08262e-03	-5.84723e-01	1.49758e+01
110	1	125	0	2	3	4.45334e-03	-6.11850e-01	1.62260e+01
110	1	126	0	2	3	5.35517e-03	-6.71832e-01	1.69743e+01
110	1	127	0	2	3	4.07208e-03	-5.82292e-01	1.54750e+01
110	1	128	0	2	3	3.70291e-03	-5.90004e-01	1.65665e+01
110	1	129	0	2	3	3.48541e-03	-5.69668e-01	1.61004e+01
110	1	130	0	2	3	2.75433e-03	-5.16841e-01	1.42840e+01
110	1	131	0	2	3	4.25418e-03	-6.01666e-01	1.58402e+01
110	1	132	0	2	3	4.47084e-03	-6.36587e-01	1.73988e+01
110	1	133	0	2	3	4.65511e-03	-6.38272e-01	1.65169e+01
110	1	134	0	2	3	2.64170e-03	-5.15618e-01	1.54076e+01
110	1	135	0	2	3	3.91933e-03	-5.75101e-01	1.55993e+01
110	1	136	0	2	3	1.88860e-03	-4.49084e-01	1.42769e+01
110	1	137	0	2	3	4.16474e-03	-6.01446e-01	1.62200e+01
110	1	138	0	2	3	4.10796e-03	-6.07754e-01	1.63097e+01
110	1	139	0	2	3	5.11158e-03	-6.66945e-01	1.74998e+01
110	1	140	0	2	3	4.51685e-03	-6.29234e-01	1.62829e+01
110	1	141	0	2	3	4.13770e-03	-6.06895e-01	1.59363e+01
110	1	142	0	2	3	4.31970e-03	-5.99410e-01	1.53872e+01
110	1	143	0	2	3	3.79238e-03	-5.72457e-01	1.60104e+01
110	1	144	0	2	3	4.73029e-03	-6.65938e-01	1.86916e+01
110	1	145	0	2	3	5.86237e-03	-7.10929e-01	1.77659e+01
110	1	146	0	2	3	3.59834e-03	-5.80926e-01	1.59193e+01
110	1	147	0	2	3	3.46558e-03	-5.45248e-01	1.41104e+01
110	1	148	0	2	3	4.91804e-03	-6.53547e-01	1.62661e+01
110	1	149	0	2	3	2.41802e-03	-4.51353e-01	1.34467e+01
110	1	150	0	2	3	3.39204e-03	-5.38950e-01	1.52188e+01
110	1	151	0	2	3	1.93756e-03	-4.41378e-01	1.33103e+01
110	1	152	0	2	3	-1.03388e-02	4.68467e-01	-2.51449e+00
110	1	153	0	2	3	2.47818e-03	-4.65332e-01	1.42032e+01
110	1	154	0	2	3	-8.48297e-06	-2.87459e-01	1.06071e+01
110	1	155	0	2	3	-2.22120e-03	-1.72223e-01	7.89814e+00
110	1	156	0	2	3	-6.01630e-04	-2.52107e-01	9.92290e+00
110	1	157	0	2	3	2.17147e-03	-4.50176e-01	1.39814e+01
110	1	158	0	2	3	1.18670e-03	-3.83859e-01	1.27363e+01
110	1	159	0	2	3	-1.00136e-03	-2.28117e-01	1.05545e+01
