##
#  file: HodoPHCParam_Dummy
#  date: 2016.06.15
#  note: first version
#
#
#######################################################################
# CId	PlId	Seg	UorD	Type	nParam	p0	p1	...
#
#	Type=0 no correction will be performed
#	Type=1 ct=t-p[0]/sqrt(a-p[1])+p[2]
#	Type=2 ct=p[0]*a*a + p[1]*a + p[2] for Fiber
#
#######################################################################
# BH1 Up                                                              #
#######################################################################
1	0	0	0	1	3	9.72882e+01	-2.42381e+01	1.93388e+01
1	0	1	0	1	3	8.39811e-01	2.30870e-01	9.07677e-01
1	0	2	0	1	3	7.96271e-01	2.02772e-01	8.76313e-01
1	0	3	0	1	3	1.24269e+00	-1.47574e-01	1.19840e+00
1	0	4	0	1	3	1.09931e+00	-7.72769e-02	1.08260e+00
1	0	5	0	1	3	1.05845e+00	1.40683e-01	1.18835e+00
1	0	6	0	1	3	1.24845e+00	-7.32092e-02	1.22011e+00
1	0	7	0	1	3	1.38494e+00	-1.69323e-01	1.29113e+00
1	0	8	0	1	3	1.12943e+00	-1.85789e-01	1.05048e+00
1	0	9	0	1	3	1.39270e+00	-1.82072e-01	1.30041e+00
1	0	10	0	1	3	1.71493e+02	-3.15885e+01	3.00372e+01
#######################################################################
# BH1 Down                                                            #
#######################################################################
1	0	0	1	1	3	1.69589e+00	-2.63702e-01	1.46458e+00
1	0	1	1	1	3	6.65147e-01	3.06785e-01	7.74182e-01
1	0	2	1	1	3	1.69164e+00	-4.50471e-01	1.36238e+00
1	0	3	1	1	3	7.14482e+01	-2.23619e+01	1.47724e+01
1	0	4	1	1	3	1.42431e+00	-1.84323e-01	1.31423e+00
1	0	5	1	1	3	1.48351e+00	-1.17877e-01	1.40777e+00
1	0	6	1	1	3	1.64799e+00	-3.01989e-01	1.48452e+00
1	0	7	1	1	3	1.48685e+00	-1.75507e-01	1.38619e+00
1	0	8	1	1	3	5.71792e-01	2.68423e-01	6.99614e-01
1	0	9	1	1	3	1.07020e+00	4.47097e-02	1.11772e+00
1	0	10	1	1	3	5.19525e-01	3.65790e-01	6.45791e-01
#######################################################################
# BH2 Up                                                              #
#######################################################################
2	0	0	0	1	3	-5.53100e+02	-8.82767e+01	-5.85790e+01
2	0	1	0	1	3	-3.63307e+02	-6.15508e+01	-4.59645e+01
2	0	2	0	1	3	-3.87204e+02	-6.94604e+01	-4.61653e+01
2	0	3	0	1	3	-2.75571e+02	-5.12509e+01	-3.81325e+01
2	0	4	0	1	3	-7.71408e-01	-1.42219e-01	-8.24901e-01
2	0	5	0	1	3	-9.34829e-01	-1.69955e-01	-8.72903e-01
2	0	6	0	1	3	-2.14173e+02	-4.28965e+01	-3.22369e+01
2	0	7	0	1	3	-5.71194e+02	-9.66399e+01	-5.77411e+01
#######################################################################
# BH2 Down                                                            #
#######################################################################
2	0	0	1	1	3	-5.53100e+02	-8.82767e+01	-5.85790e+01
2	0	1	1	1	3	-3.63307e+02	-6.15508e+01	-4.59645e+01
2	0	2	1	1	3	-3.87204e+02	-6.94604e+01	-4.61653e+01
2	0	3	1	1	3	-2.75571e+02	-5.12509e+01	-3.81325e+01
2	0	4	1	1	3	-7.71408e-01	-1.42219e-01	-8.24901e-01
2	0	5	1	1	3	-9.34829e-01	-1.69955e-01	-8.72903e-01
2	0	6	1	1	3	-2.14173e+02	-4.28965e+01	-3.22369e+01
2	0	7	1	1	3	-5.71194e+02	-9.66399e+01	-5.77411e+01
#######################################################################
# BAC                                                                 #
#######################################################################
3	0	0	0	1	3	0.00000e+00	0.00000e+00	0.00000e+00
3	0	1	0	1	3	0.00000e+00	0.00000e+00	0.00000e+00
#######################################################################
# FBH Up                                                              #
#######################################################################
4	0	0	0	2	3	-5.62952e-03	8.96903e-01	-3.53273e+01
4	0	1	0	2	3	-4.29399e-03	7.37975e-01	-3.00049e+01
4	0	2	0	2	3	-5.26894e-03	8.67305e-01	-3.38992e+01
4	0	3	0	2	3	-3.80183e-03	6.69237e-01	-2.72260e+01
4	0	4	0	2	3	-4.35014e-03	7.35785e-01	-2.92008e+01
4	0	5	0	2	3	-4.02541e-03	6.86907e-01	-2.70312e+01
4	0	6	0	2	3	-4.16660e-03	7.08229e-01	-2.81512e+01
4	0	7	0	2	3	-3.93117e-03	6.84759e-01	-2.69101e+01
4	0	8	0	2	3	-4.14423e-03	6.96902e-01	-2.65883e+01
4	0	9	0	2	3	-2.83372e-03	5.62925e-01	-2.20787e+01
4	0	10	0	2	3	-4.07944e-03	7.09420e-01	-2.75603e+01
4	0	11	0	2	3	-3.50961e-03	6.50113e-01	-2.64167e+01
4	0	12	0	2	3	-3.52415e-03	6.49734e-01	-2.67232e+01
4	0	13	0	2	3	-4.13420e-03	7.26957e-01	-2.99675e+01
4	0	14	0	2	3	-4.90315e-03	8.27563e-01	-3.35630e+01
4	0	15	0	2	3	-4.73048e-03	8.13189e-01	-3.31901e+01
#######################################################################
# FBH Down                                                            #
#######################################################################
4	0	0	1	2	3	-5.62952e-03	8.96903e-01	-3.53273e+01
4	0	1	1	2	3	-4.29399e-03	7.37975e-01	-3.00049e+01
4	0	2	1	2	3	-5.26894e-03	8.67305e-01	-3.38992e+01
4	0	3	1	2	3	-3.80183e-03	6.69237e-01	-2.72260e+01
4	0	4	1	2	3	-4.35014e-03	7.35785e-01	-2.92008e+01
4	0	5	1	2	3	-4.02541e-03	6.86907e-01	-2.70312e+01
4	0	6	1	2	3	-4.16660e-03	7.08229e-01	-2.81512e+01
4	0	7	1	2	3	-3.93117e-03	6.84759e-01	-2.69101e+01
4	0	8	1	2	3	-4.14423e-03	6.96902e-01	-2.65883e+01
4	0	9	1	2	3	-2.83372e-03	5.62925e-01	-2.20787e+01
4	0	10	1	2	3	-4.07944e-03	7.09420e-01	-2.75603e+01
4	0	11	1	2	3	-3.50961e-03	6.50113e-01	-2.64167e+01
4	0	12	1	2	3	-3.52415e-03	6.49734e-01	-2.67232e+01
4	0	13	1	2	3	-4.13420e-03	7.26957e-01	-2.99675e+01
4	0	14	1	2	3	-4.90315e-03	8.27563e-01	-3.35630e+01
4	0	15	1	2	3	-4.73048e-03	8.13189e-01	-3.31901e+01
#######################################################################
# PVAC                                                                #
#######################################################################
5	0	0	0	1	3	0.00000e+00	0.00000e+00	0.00000e+00
#######################################################################
# FAC                                                                 #
#######################################################################
6	0	0	0	1	3	0.00000e+00	0.00000e+00	0.00000e+00
#######################################################################
# SCH                                                                 #
#######################################################################
#7	0	0	0	2	3	-0.00500000	0.821213	-32.185321
#7	0	1	0	2	3	-0.00500000	0.830248	-32.269563
#7	0	2	0	2	3	-0.00500000	0.793073	-29.315934
#7	0	3	0	2	3	-0.00500000	0.772144	-28.276705
#7	0	4	0	2	3	-0.00500000	0.801968	-30.687167
#7	0	5	0	2	3	-0.00500000	0.778300	-28.439251
#7	0	6	0	2	3	-0.00500000	0.765872	-27.918181
#7	0	7	0	2	3	-0.00500000	0.738459	-26.016797
#7	0	8	0	2	3	-0.00500000	0.778318	-28.676371
#7	0	9	0	2	3	-0.00500000	0.776670	-28.892887
#7	0	10	0	2	3	-0.00500000	0.764278	-28.122474
#7	0	11	0	2	3	-0.00500000	0.790742	-29.423647
#7	0	12	0	2	3	-0.00500000	0.811330	-30.487019
#7	0	13	0	2	3	-0.00500000	0.818750	-30.891512
#7	0	14	0	2	3	-0.00500000	0.802541	-30.009136
#7	0	15	0	2	3	-0.00500000	0.809525	-30.751746
#7	0	16	0	2	3	-0.00500000	0.802597	-30.845509
#7	0	17	0	2	3	-0.00500000	0.835028	-32.780792
#7	0	18	0	2	3	-0.00500000	0.859176	-33.938731
#7	0	19	0	2	3	-0.00500000	0.814851	-31.445396
#7	0	20	0	2	3	-0.00500000	0.809426	-30.781087
#7	0	21	0	2	3	-0.00500000	0.780678	-28.888756
#7	0	22	0	2	3	-0.00500000	0.808206	-30.719604
#7	0	23	0	2	3	-0.00500000	0.774024	-27.858339
#7	0	24	0	2	3	-0.00500000	0.794308	-29.022101
#7	0	25	0	2	3	-0.00500000	0.775649	-27.980186
#7	0	26	0	2	3	-0.00500000	0.788483	-28.687567
#7	0	27	0	2	3	-0.00466315	0.771386	-29.253260
#7	0	28	0	2	3	-0.00483132	0.790854	-28.637741
#7	0	29	0	2	3	-0.00497049	0.812994	-30.786914
#7	0	30	0	2	3	-0.00500000	0.787793	-28.362716
#7	0	31	0	2	3	-0.00500000	0.790759	-28.876812
#7	0	32	0	2	3	-0.00500000	0.824826	-31.655285
#7	0	33	0	2	3	-0.00500000	0.845304	-33.407765
#7	0	34	0	2	3	-0.00500000	0.832263	-32.939799
#7	0	35	0	2	3	-0.00500000	0.820631	-31.695372
#7	0	36	0	2	3	-0.00500000	0.836997	-33.200590
#7	0	37	0	2	3	-0.00500000	0.819690	-32.097193
#7	0	38	0	2	3	-0.00500000	0.808109	-31.263214
#7	0	39	0	2	3	-0.00500000	0.815224	-31.135523
#7	0	40	0	2	3	-0.00500000	0.803398	-29.897923
#7	0	41	0	2	3	-0.00500000	0.815685	-31.165519
#7	0	42	0	2	3	-0.00500000	0.812980	-30.737261
#7	0	43	0	2	3	-0.00500000	0.829418	-32.693307
#7	0	44	0	2	3	-0.00500000	0.789530	-29.464920
#7	0	45	0	2	3	-0.00500000	0.804789	-31.208151
#7	0	46	0	2	3	-0.00500000	0.830106	-32.806514
#7	0	47	0	2	3	-0.00500000	0.819206	-31.373242
#7	0	48	0	2	3	-0.00500000	0.816165	-31.709319
#7	0	49	0	2	3	-0.00500000	0.798496	-30.201709
#7	0	50	0	2	3	-0.00500000	0.812167	-31.795745
#7	0	51	0	2	3	-0.00500000	0.810749	-31.375226
#7	0	52	0	2	3	-0.00500000	0.803385	-31.372512
#7	0	53	0	2	3	-0.00500000	0.777405	-29.262831
#7	0	54	0	2	3	-0.00500000	0.783954	-29.763410
#7	0	55	0	2	3	-0.00500000	0.789443	-29.976449
#7	0	56	0	2	3	-0.00500000	0.838828	-33.261086
#7	0	57	0	2	3	-0.00500000	0.804421	-30.573195
#7	0	58	0	2	3	-0.00500000	0.773283	-29.111048
#7	0	59	0	2	3	-0.00500000	0.811789	-31.449459
#7	0	60	0	2	3	-0.00500000	0.759724	-28.110014
#7	0	61	0	2	3	-0.00500000	0.810884	-31.379063
#7	0	62	0	2	3	-0.00500000	0.771910	-28.435006
#7	0	63	0	2	3	-0.00500000	0.796658	-30.511906
#######################################################################
# TOF Up                                                              #
#######################################################################
7	0	0	0	1	3	5.24830e+00	-1.96630e+00	2.96170e+00
7	0	1	0	1	3	5.24830e+00	-1.96630e+00	2.96170e+00
7	0	2	0	1	3	5.24830e+00	-1.96630e+00	2.96170e+00
7	0	3	0	1	3	5.24830e+00	-1.96630e+00	2.96170e+00
7	0	4	0	1	3	5.24830e+00	-1.96630e+00	2.96170e+00
7	0	5	0	1	3	5.24830e+00	-1.96630e+00	2.96170e+00
7	0	6	0	1	3	6.97090e+00	-3.03520e+00	3.39910e+00
7	0	7	0	1	3	4.05450e+00	-1.96150e+00	2.30360e+00
7	0	8	0	1	3	1.16940e+02	-2.98600e+01	2.09880e+01
7	0	9	0	1	3	5.24830e+00	-1.96630e+00	2.96170e+00
7	0	10	0	1	3	5.24830e+00	-1.96630e+00	2.96170e+00
7	0	11	0	1	3	5.24830e+00	-1.96630e+00	2.96170e+00
7	0	12	0	1	3	5.24830e+00	-1.96630e+00	2.96170e+00
7	0	13	0	1	3	5.24830e+00	-1.96630e+00	2.96170e+00
7	0	14	0	1	3	5.24830e+00	-1.96630e+00	2.96170e+00
7	0	15	0	1	3	5.24830e+00	-1.96630e+00	2.96170e+00
7	0	16	0	1	3	5.24830e+00	-1.96630e+00	2.96170e+00
7	0	17	0	1	3	5.24830e+00	-1.96630e+00	2.96170e+00
7	0	18	0	1	3	5.24830e+00	-1.96630e+00	2.96170e+00
7	0	19	0	1	3	7.11491e-01	1.85180e-03	5.82402e-01
7	0	20	0	1	3	5.59404e-01	-1.73810e-03	4.50716e-01
7	0	21	0	1	3	8.92499e-01	1.99900e-03	7.37364e-01
7	0	22	0	1	3	6.37553e-01	1.99960e-03	5.45449e-01
7	0	23	0	1	3	1.19210e+00	1.98920e-03	9.99994e-01
#######################################################################
# TOF Down                                                            #
#######################################################################
7	0	0	1	1	3	5.84300e+00	-2.30730e+00	3.11320e+00
7	0	1	1	1	3	5.84300e+00	-2.30730e+00	3.11320e+00
7	0	2	1	1	3	5.84300e+00	-2.30730e+00	3.11320e+00
7	0	3	1	1	3	5.84300e+00	-2.30730e+00	3.11320e+00
7	0	4	1	1	3	5.84300e+00	-2.30730e+00	3.11320e+00
7	0	5	1	1	3	5.84300e+00	-2.30730e+00	3.11320e+00
7	0	6	1	1	3	1.41330e+01	-5.81170e+00	5.32680e+00
7	0	7	1	1	3	7.84850e+01	-2.02870e+01	1.69500e+01
7	0	8	1	1	3	2.20240e+02	-3.62440e+01	3.60080e+01
7	0	9	1	1	3	5.84300e+00	-2.30730e+00	3.11320e+00
7	0	10	1	1	3	5.84300e+00	-2.30730e+00	3.11320e+00
7	0	11	1	1	3	5.84300e+00	-2.30730e+00	3.11320e+00
7	0	12	1	1	3	5.84300e+00	-2.30730e+00	3.11320e+00
7	0	13	1	1	3	5.84300e+00	-2.30730e+00	3.11320e+00
7	0	14	1	1	3	5.84300e+00	-2.30730e+00	3.11320e+00
7	0	15	1	1	3	5.84300e+00	-2.30730e+00	3.11320e+00
7	0	16	1	1	3	5.84300e+00	-2.30730e+00	3.11320e+00
7	0	17	1	1	3	5.84300e+00	-2.30730e+00	3.11320e+00
7	0	18	1	1	3	5.84300e+00	-2.30730e+00	3.11320e+00
7	0	19	1	1	3	6.18741e-01	1.99860e-03	4.90831e-01
7	0	20	1	1	3	5.75901e-01	1.04210e-03	4.72509e-01
7	0	21	1	1	3	9.41046e-01	1.99890e-03	7.79357e-01
7	0	22	1	1	3	4.84266e-01	-1.95590e-03	3.99786e-01
7	0	23	1	1	3	8.97714e-01	1.99860e-03	7.56300e-01
#######################################################################
# BFT U                                                               #
#######################################################################
110	0	0	0	2	3	6.00570e-03	-6.71144e-01	1.55867e+01
110	0	1	0	2	3	2.39187e-02	-1.54534e+00	2.40327e+01
110	0	2	0	2	3	1.02574e-02	-9.90092e-01	2.30367e+01
110	0	3	0	2	3	-1.12249e-02	4.95139e-01	9.59687e-01
110	0	4	0	2	3	-2.56569e-03	3.71614e-05	4.44817e+00
110	0	5	0	2	3	-2.79592e-02	1.71814e+00	-2.27629e+01
110	0	6	0	2	3	7.76799e-03	-7.93028e-01	1.91387e+01
110	0	7	0	2	3	-2.32450e-02	1.65285e+00	-2.72178e+01
110	0	8	0	2	3	4.04748e-03	-5.82785e-01	1.65352e+01
110	0	9	0	2	3	1.81536e-03	-3.72488e-01	1.24108e+01
110	0	10	0	2	3	2.37626e-03	-4.64212e-01	1.45243e+01
110	0	11	0	2	3	9.71499e-04	-3.41388e-01	1.25450e+01
110	0	12	0	2	3	1.74700e-03	-4.10525e-01	1.27661e+01
110	0	13	0	2	3	-4.94840e-03	9.38083e-02	4.60446e+00
110	0	14	0	2	3	6.23590e-03	-7.46440e-01	1.97674e+01
110	0	15	0	2	3	4.13195e-03	-5.74564e-01	1.65121e+01
110	0	16	0	2	3	4.56786e-03	-6.15211e-01	1.61906e+01
110	0	17	0	2	3	2.65563e-03	-4.72756e-01	1.53461e+01
110	0	18	0	2	3	4.84463e-03	-6.56901e-01	1.82468e+01
110	0	19	0	2	3	5.72665e-03	-7.10396e-01	1.78664e+01
110	0	20	0	2	3	2.80458e-03	-4.86625e-01	1.44036e+01
110	0	21	0	2	3	1.43488e-03	-3.50307e-01	1.28081e+01
110	0	22	0	2	3	4.97125e-03	-6.28909e-01	1.64585e+01
110	0	23	0	2	3	1.06713e-04	-2.70285e-01	1.05627e+01
110	0	24	0	2	3	3.37625e-03	-5.18564e-01	1.51018e+01
110	0	25	0	2	3	-3.65344e-03	2.33522e-02	5.40809e+00
110	0	26	0	2	3	2.12869e-03	-4.48250e-01	1.48467e+01
110	0	27	0	2	3	3.51094e-03	-5.24260e-01	1.51568e+01
110	0	28	0	2	3	4.01999e-03	-5.69552e-01	1.51555e+01
110	0	29	0	2	3	-1.51382e-04	-2.52541e-01	1.07399e+01
110	0	30	0	2	3	2.90462e-03	-5.01496e-01	1.55606e+01
110	0	31	0	2	3	5.28874e-03	-6.55049e-01	1.75546e+01
110	0	32	0	2	3	3.63223e-03	-5.56138e-01	1.58438e+01
110	0	33	0	2	3	4.29059e-03	-5.69331e-01	1.33399e+01
110	0	34	0	2	3	9.28100e-04	-3.51644e-01	1.27902e+01
110	0	35	0	2	3	3.38217e-03	-5.27227e-01	1.53665e+01
110	0	36	0	2	3	4.47596e-03	-5.89338e-01	1.56343e+01
110	0	37	0	2	3	1.98480e-03	-4.27719e-01	1.45940e+01
110	0	38	0	2	3	3.99486e-03	-5.70176e-01	1.61308e+01
110	0	39	0	2	3	3.63882e-03	-5.38148e-01	1.61932e+01
110	0	40	0	2	3	2.85304e-03	-4.89341e-01	1.40973e+01
110	0	41	0	2	3	4.36100e-03	-5.98225e-01	1.74858e+01
110	0	42	0	2	3	4.91061e-03	-6.32318e-01	1.71024e+01
110	0	43	0	2	3	1.48971e-03	-3.86662e-01	1.41195e+01
110	0	44	0	2	3	3.43916e-03	-5.31131e-01	1.49038e+01
110	0	45	0	2	3	3.91686e-03	-5.58127e-01	1.62051e+01
110	0	46	0	2	3	5.08061e-03	-6.56352e-01	1.83610e+01
110	0	47	0	2	3	4.10073e-03	-5.85673e-01	1.79833e+01
110	0	48	0	2	3	3.47400e-03	-5.33453e-01	1.40034e+01
110	0	49	0	2	3	4.04790e-03	-5.66492e-01	1.67598e+01
110	0	50	0	2	3	4.06840e-03	-5.78823e-01	1.62227e+01
110	0	51	0	2	3	4.86560e-03	-6.30210e-01	1.78681e+01
110	0	52	0	2	3	3.28197e-03	-5.14160e-01	1.51416e+01
110	0	53	0	2	3	3.99790e-03	-5.69387e-01	1.67378e+01
110	0	54	0	2	3	4.43667e-03	-6.09482e-01	1.64552e+01
110	0	55	0	2	3	4.34472e-03	-5.92622e-01	1.71290e+01
110	0	56	0	2	3	3.14313e-03	-5.21863e-01	1.58811e+01
110	0	57	0	2	3	3.91121e-03	-5.61232e-01	1.62064e+01
110	0	58	0	2	3	4.37952e-03	-6.01912e-01	1.73316e+01
110	0	59	0	2	3	3.74372e-03	-5.60826e-01	1.75731e+01
110	0	60	0	2	3	4.05327e-03	-5.79004e-01	1.54685e+01
110	0	61	0	2	3	3.83693e-03	-5.57962e-01	1.59285e+01
110	0	62	0	2	3	4.71571e-03	-6.25346e-01	1.65577e+01
110	0	63	0	2	3	4.86269e-03	-6.31913e-01	1.71266e+01
110	0	64	0	2	3	3.64573e-03	-5.54822e-01	1.57507e+01
110	0	65	0	2	3	4.29136e-03	-5.93293e-01	1.65563e+01
110	0	66	0	2	3	3.18477e-03	-5.32431e-01	1.66647e+01
110	0	67	0	2	3	2.16575e-03	-4.51868e-01	1.44555e+01
110	0	68	0	2	3	3.78580e-03	-5.73288e-01	1.66960e+01
110	0	69	0	2	3	3.97008e-03	-5.72082e-01	1.67770e+01
110	0	70	0	2	3	4.23061e-03	-6.09002e-01	1.72770e+01
110	0	71	0	2	3	4.27675e-03	-6.02677e-01	1.68003e+01
110	0	72	0	2	3	3.15006e-03	-5.22587e-01	1.55640e+01
110	0	73	0	2	3	4.09299e-03	-5.86787e-01	1.69104e+01
110	0	74	0	2	3	3.76922e-03	-5.69847e-01	1.64745e+01
110	0	75	0	2	3	3.51339e-03	-5.45662e-01	1.54939e+01
110	0	76	0	2	3	3.83282e-03	-5.64661e-01	1.53828e+01
110	0	77	0	2	3	3.68752e-03	-5.49450e-01	1.56895e+01
110	0	78	0	2	3	4.12878e-03	-5.93287e-01	1.62200e+01
110	0	79	0	2	3	4.59157e-03	-6.19611e-01	1.67028e+01
110	0	80	0	2	3	2.98997e-03	-5.05079e-01	1.54785e+01
110	0	81	0	2	3	3.46847e-03	-5.32174e-01	1.51581e+01
110	0	82	0	2	3	4.81896e-03	-6.31955e-01	1.71644e+01
110	0	83	0	2	3	2.82628e-03	-4.90243e-01	1.52270e+01
110	0	84	0	2	3	2.52990e-03	-4.62382e-01	1.39681e+01
110	0	85	0	2	3	4.60526e-03	-6.16128e-01	1.69633e+01
110	0	86	0	2	3	4.17972e-03	-5.99053e-01	1.73854e+01
110	0	87	0	2	3	3.22962e-03	-5.24135e-01	1.65809e+01
110	0	88	0	2	3	4.13572e-03	-5.77206e-01	1.64264e+01
110	0	89	0	2	3	3.25112e-03	-5.23503e-01	1.50054e+01
110	0	90	0	2	3	5.16486e-03	-6.63892e-01	1.72487e+01
110	0	91	0	2	3	3.58289e-03	-5.59406e-01	1.63251e+01
110	0	92	0	2	3	3.37861e-03	-5.37139e-01	1.58296e+01
110	0	93	0	2	3	2.85723e-03	-4.89447e-01	1.50605e+01
110	0	94	0	2	3	3.25064e-03	-5.52530e-01	1.74346e+01
110	0	95	0	2	3	4.12514e-03	-5.92646e-01	1.67163e+01
110	0	96	0	2	3	4.34005e-03	-6.11084e-01	1.68903e+01
110	0	97	0	2	3	3.86807e-03	-5.60344e-01	1.60555e+01
110	0	98	0	2	3	4.85587e-03	-6.49339e-01	1.75404e+01
110	0	99	0	2	3	4.65699e-03	-6.24069e-01	1.70620e+01
110	0	100	0	2	3	3.79215e-03	-5.66723e-01	1.65695e+01
110	0	101	0	2	3	4.85979e-03	-6.37904e-01	1.74715e+01
110	0	102	0	2	3	5.12156e-03	-6.59970e-01	1.84105e+01
110	0	103	0	2	3	2.75244e-03	-4.92914e-01	1.55417e+01
110	0	104	0	2	3	3.01463e-03	-5.08793e-01	1.46743e+01
110	0	105	0	2	3	3.96812e-03	-5.77553e-01	1.59808e+01
110	0	106	0	2	3	4.57725e-03	-6.23827e-01	1.78173e+01
110	0	107	0	2	3	4.61367e-03	-6.11530e-01	1.68278e+01
110	0	108	0	2	3	3.19645e-03	-5.30144e-01	1.60859e+01
110	0	109	0	2	3	4.56272e-03	-6.12283e-01	1.72469e+01
110	0	110	0	2	3	4.12875e-03	-5.96216e-01	1.72642e+01
110	0	111	0	2	3	2.49925e-03	-4.89221e-01	1.56893e+01
110	0	112	0	2	3	2.39708e-03	-4.65882e-01	1.36625e+01
110	0	113	0	2	3	3.26369e-03	-5.22221e-01	1.57986e+01
110	0	114	0	2	3	-3.31352e-03	-2.91647e-02	6.67896e+00
110	0	115	0	2	3	3.63340e-03	-5.37851e-01	1.58465e+01
110	0	116	0	2	3	3.67952e-03	-5.61315e-01	1.61501e+01
110	0	117	0	2	3	5.82953e-04	-3.32777e-01	1.25195e+01
110	0	118	0	2	3	4.00035e-03	-5.91276e-01	1.75247e+01
110	0	119	0	2	3	6.06539e-03	-7.05204e-01	1.79363e+01
110	0	120	0	2	3	3.56528e-03	-5.63626e-01	1.65753e+01
110	0	121	0	2	3	2.05999e-03	-4.44209e-01	1.32453e+01
110	0	122	0	2	3	4.09058e-03	-5.73338e-01	1.63183e+01
110	0	123	0	2	3	4.11514e-03	-5.91664e-01	1.75241e+01
110	0	124	0	2	3	4.09225e-04	-3.10500e-01	1.22820e+01
110	0	125	0	2	3	2.32024e-03	-4.54952e-01	1.27835e+01
110	0	126	0	2	3	4.39706e-03	-6.10836e-01	1.72253e+01
110	0	127	0	2	3	6.16075e-03	-7.11179e-01	1.78043e+01
110	0	128	0	2	3	1.87764e-03	-4.46865e-01	1.53284e+01
110	0	129	0	2	3	3.42784e-03	-5.64217e-01	1.64292e+01
110	0	130	0	2	3	5.05110e-03	-6.91446e-01	2.00402e+01
110	0	131	0	2	3	2.40014e-04	-3.04165e-01	1.23881e+01
110	0	132	0	2	3	1.23692e-03	-3.62048e-01	1.24569e+01
110	0	133	0	2	3	2.50625e-03	-4.78446e-01	1.47896e+01
110	0	134	0	2	3	8.07878e-04	-3.77825e-01	1.41195e+01
110	0	135	0	2	3	1.00497e-03	-3.78652e-01	1.34125e+01
110	0	136	0	2	3	1.64099e-04	-3.00528e-01	1.15087e+01
110	0	137	0	2	3	9.58903e-05	-3.16834e-01	1.24227e+01
110	0	138	0	2	3	-3.84424e-03	-2.68489e-02	7.94311e+00
110	0	139	0	2	3	2.05166e-03	-4.60595e-01	1.44370e+01
110	0	140	0	2	3	5.07111e-04	-3.67275e-01	1.38882e+01
110	0	141	0	2	3	2.98728e-03	-5.36145e-01	1.62970e+01
110	0	142	0	2	3	-1.32853e-03	-1.90431e-01	9.98395e+00
110	0	143	0	2	3	1.66558e-04	-3.11021e-01	1.21493e+01
110	0	144	0	2	3	3.87211e-03	-5.92070e-01	1.69838e+01
110	0	145	0	2	3	4.21904e-03	-5.99884e-01	1.67578e+01
110	0	146	0	2	3	3.73404e-03	-5.52434e-01	1.64003e+01
110	0	147	0	2	3	1.20370e-03	-3.83520e-01	1.30555e+01
110	0	148	0	2	3	3.93094e-03	-6.07765e-01	1.77662e+01
110	0	149	0	2	3	3.51357e-03	-5.49010e-01	1.58015e+01
110	0	150	0	2	3	1.81965e-03	-4.44137e-01	1.52960e+01
110	0	151	0	2	3	1.53689e-03	-4.14496e-01	1.45493e+01
110	0	152	0	2	3	7.19397e-04	-3.80917e-01	1.39593e+01
110	0	153	0	2	3	3.32937e-04	-3.51490e-01	1.30011e+01
110	0	154	0	2	3	5.50463e-03	-6.75141e-01	1.80155e+01
110	0	155	0	2	3	-2.91817e-03	-8.53335e-02	7.86346e+00
110	0	156	0	2	3	-1.17520e-02	5.34701e-01	-1.94204e+00
110	0	157	0	2	3	-2.73240e-03	-1.53432e-01	1.17308e+01
110	0	158	0	2	3	-1.68842e-02	8.15177e-01	-4.87336e+00
110	0	159	0	2	3	-3.08778e-03	-1.31491e-01	1.14439e+01
#######################################################################
# BFT D                                                               #
#######################################################################
110	1	0	0	2	3	4.21466e-02	-2.84327e+00	4.61695e+01
110	1	1	0	2	3	-2.08512e-02	1.25712e+00	-1.48210e+01
110	1	2	0	2	3	-2.52164e-06	-2.84796e-01	1.13799e+01
110	1	3	0	2	3	-1.03594e-02	4.88467e-01	-1.24374e+00
110	1	4	0	2	3	-5.18409e-03	3.72287e-02	7.08666e+00
110	1	5	0	2	3	-7.49373e-03	3.85903e-01	-1.39412e+00
110	1	6	0	2	3	-1.19884e-02	5.53965e-01	-3.35502e+00
110	1	7	0	2	3	4.59471e-03	-6.03116e-01	1.69056e+01
110	1	8	0	2	3	9.00064e-03	-9.68595e-01	2.42360e+01
110	1	9	0	2	3	-7.32579e-03	2.18378e-01	3.94729e+00
110	1	10	0	2	3	2.36627e-03	-4.76920e-01	1.49677e+01
110	1	11	0	2	3	1.01048e-03	-3.31562e-01	1.25238e+01
110	1	12	0	2	3	1.05219e-03	-3.53413e-01	1.24425e+01
110	1	13	0	2	3	7.78132e-04	-3.05937e-01	1.06911e+01
110	1	14	0	2	3	4.37011e-03	-6.24360e-01	1.75988e+01
110	1	15	0	2	3	2.08776e-03	-4.63783e-01	1.58021e+01
110	1	16	0	2	3	5.81381e-03	-7.33168e-01	1.99801e+01
110	1	17	0	2	3	3.26945e-03	-5.04406e-01	1.47467e+01
110	1	18	0	2	3	2.83637e-03	-4.79572e-01	1.41024e+01
110	1	19	0	2	3	2.82553e-03	-4.93375e-01	1.52433e+01
110	1	20	0	2	3	4.46074e-03	-6.23949e-01	1.70635e+01
110	1	21	0	2	3	1.48023e-03	-4.06161e-01	1.40066e+01
110	1	22	0	2	3	-2.10412e-03	-1.46664e-01	9.18366e+00
110	1	23	0	2	3	2.69889e-03	-4.84928e-01	1.55280e+01
110	1	24	0	2	3	4.22470e-03	-6.01450e-01	1.71870e+01
110	1	25	0	2	3	-4.48410e-04	-2.36183e-01	1.07196e+01
110	1	26	0	2	3	5.04888e-03	-6.54072e-01	1.77988e+01
110	1	27	0	2	3	1.76492e-03	-4.01874e-01	1.34615e+01
110	1	28	0	2	3	5.29580e-03	-6.73445e-01	1.81954e+01
110	1	29	0	2	3	5.57993e-03	-6.95095e-01	1.94911e+01
110	1	30	0	2	3	4.35431e-03	-6.09638e-01	1.74509e+01
110	1	31	0	2	3	2.70989e-03	-4.98784e-01	1.53056e+01
110	1	32	0	2	3	2.84265e-03	-4.97158e-01	1.56394e+01
110	1	33	0	2	3	3.00547e-03	-5.04353e-01	1.48884e+01
110	1	34	0	2	3	3.95436e-03	-5.69641e-01	1.52113e+01
110	1	35	0	2	3	2.87955e-03	-5.10259e-01	1.64116e+01
110	1	36	0	2	3	3.56277e-03	-5.35252e-01	1.56438e+01
110	1	37	0	2	3	3.53442e-03	-5.37257e-01	1.47345e+01
110	1	38	0	2	3	3.91636e-03	-5.76457e-01	1.68905e+01
110	1	39	0	2	3	2.39001e-03	-4.59029e-01	1.44348e+01
110	1	40	0	2	3	3.66585e-03	-5.59893e-01	1.63350e+01
110	1	41	0	2	3	4.65809e-03	-6.14960e-01	1.73995e+01
110	1	42	0	2	3	4.18462e-03	-5.89665e-01	1.62699e+01
110	1	43	0	2	3	4.08463e-03	-5.76976e-01	1.65893e+01
110	1	44	0	2	3	3.92051e-03	-5.85117e-01	1.69708e+01
110	1	45	0	2	3	3.24489e-03	-5.26241e-01	1.63333e+01
110	1	46	0	2	3	3.88070e-03	-5.81926e-01	1.68316e+01
110	1	47	0	2	3	2.67823e-03	-4.97115e-01	1.67105e+01
110	1	48	0	2	3	3.85667e-03	-5.68178e-01	1.61410e+01
110	1	49	0	2	3	3.56760e-03	-5.42021e-01	1.57406e+01
110	1	50	0	2	3	4.93859e-03	-6.50390e-01	1.76203e+01
110	1	51	0	2	3	3.96097e-03	-5.77343e-01	1.71604e+01
110	1	52	0	2	3	4.03959e-03	-5.90232e-01	1.67983e+01
110	1	53	0	2	3	2.71156e-03	-4.83261e-01	1.56993e+01
110	1	54	0	2	3	3.29909e-03	-5.39576e-01	1.59393e+01
110	1	55	0	2	3	4.54403e-03	-6.24593e-01	1.82351e+01
110	1	56	0	2	3	3.93240e-03	-5.86203e-01	1.68092e+01
110	1	57	0	2	3	4.31489e-03	-6.09716e-01	1.76976e+01
110	1	58	0	2	3	5.72182e-03	-7.22519e-01	2.02772e+01
110	1	59	0	2	3	2.89221e-03	-5.09575e-01	1.71338e+01
110	1	60	0	2	3	3.72750e-03	-5.65258e-01	1.62142e+01
110	1	61	0	2	3	2.57717e-03	-4.64990e-01	1.44931e+01
110	1	62	0	2	3	4.85985e-03	-6.43695e-01	1.75101e+01
110	1	63	0	2	3	4.90018e-03	-6.44521e-01	1.84920e+01
110	1	64	0	2	3	3.66857e-03	-5.64208e-01	1.66470e+01
110	1	65	0	2	3	2.79662e-03	-4.98692e-01	1.53537e+01
110	1	66	0	2	3	4.31745e-03	-6.16629e-01	1.72939e+01
110	1	67	0	2	3	4.55445e-03	-6.19747e-01	1.64673e+01
110	1	68	0	2	3	3.67098e-03	-5.47305e-01	1.55438e+01
110	1	69	0	2	3	4.47463e-03	-6.13619e-01	1.73147e+01
110	1	70	0	2	3	3.57764e-03	-5.56707e-01	1.63153e+01
110	1	71	0	2	3	3.94867e-03	-5.83565e-01	1.71007e+01
110	1	72	0	2	3	4.97469e-03	-6.54340e-01	1.75274e+01
110	1	73	0	2	3	2.72716e-03	-4.97205e-01	1.61458e+01
110	1	74	0	2	3	4.94109e-03	-6.46279e-01	1.64746e+01
110	1	75	0	2	3	3.90857e-03	-5.74926e-01	1.62835e+01
110	1	76	0	2	3	3.36754e-03	-5.37246e-01	1.62563e+01
110	1	77	0	2	3	3.03806e-03	-5.23437e-01	1.56301e+01
110	1	78	0	2	3	3.97921e-03	-5.88365e-01	1.66171e+01
110	1	79	0	2	3	4.56894e-03	-6.17342e-01	1.69521e+01
110	1	80	0	2	3	3.97962e-03	-5.72509e-01	1.66853e+01
110	1	81	0	2	3	3.83214e-03	-5.73257e-01	1.57052e+01
110	1	82	0	2	3	2.91573e-03	-4.97776e-01	1.52599e+01
110	1	83	0	2	3	4.00539e-03	-5.68703e-01	1.56702e+01
110	1	84	0	2	3	3.40512e-03	-5.27453e-01	1.44245e+01
110	1	85	0	2	3	2.98533e-03	-5.10619e-01	1.48445e+01
110	1	86	0	2	3	4.98219e-03	-6.50529e-01	1.78132e+01
110	1	87	0	2	3	4.67055e-03	-6.13790e-01	1.51690e+01
110	1	88	0	2	3	4.03484e-03	-5.86657e-01	1.65887e+01
110	1	89	0	2	3	4.09137e-03	-5.88205e-01	1.58094e+01
110	1	90	0	2	3	4.24986e-03	-6.05320e-01	1.60789e+01
110	1	91	0	2	3	4.71016e-03	-6.28796e-01	1.73900e+01
110	1	92	0	2	3	4.39138e-03	-5.97718e-01	1.61520e+01
110	1	93	0	2	3	3.81564e-03	-5.63215e-01	1.58364e+01
110	1	94	0	2	3	3.24198e-03	-5.39854e-01	1.62216e+01
110	1	95	0	2	3	3.55706e-03	-5.55473e-01	1.65683e+01
110	1	96	0	2	3	3.13882e-03	-5.16816e-01	1.45885e+01
110	1	97	0	2	3	2.19559e-03	-4.58403e-01	1.46694e+01
110	1	98	0	2	3	4.49181e-03	-6.41943e-01	1.83131e+01
110	1	99	0	2	3	4.80210e-03	-6.37336e-01	1.69969e+01
110	1	100	0	2	3	2.51263e-03	-4.71167e-01	1.44767e+01
110	1	101	0	2	3	3.20508e-03	-5.18028e-01	1.53467e+01
110	1	102	0	2	3	3.23044e-03	-5.26230e-01	1.61190e+01
110	1	103	0	2	3	4.23511e-03	-5.95977e-01	1.62220e+01
110	1	104	0	2	3	2.43831e-03	-4.70531e-01	1.44012e+01
110	1	105	0	2	3	4.08775e-03	-5.80014e-01	1.62055e+01
110	1	106	0	2	3	3.99602e-03	-5.91580e-01	1.73881e+01
110	1	107	0	2	3	3.98859e-03	-5.91052e-01	1.65055e+01
110	1	108	0	2	3	2.13695e-03	-4.43116e-01	1.45189e+01
110	1	109	0	2	3	3.30285e-03	-5.32354e-01	1.61199e+01
110	1	110	0	2	3	4.03004e-03	-5.96131e-01	1.66949e+01
110	1	111	0	2	3	3.72055e-03	-5.65085e-01	1.71422e+01
110	1	112	0	2	3	4.32465e-03	-6.07238e-01	1.76474e+01
110	1	113	0	2	3	4.52450e-03	-6.17388e-01	1.70917e+01
110	1	114	0	2	3	4.48596e-03	-6.19793e-01	1.75706e+01
110	1	115	0	2	3	4.35845e-03	-6.18828e-01	1.71063e+01
110	1	116	0	2	3	3.30820e-03	-5.28874e-01	1.63216e+01
110	1	117	0	2	3	4.00375e-03	-5.96658e-01	1.70352e+01
110	1	118	0	2	3	5.02719e-03	-6.62985e-01	1.70244e+01
110	1	119	0	2	3	2.82568e-04	-3.07736e-01	1.17060e+01
110	1	120	0	2	3	2.60855e-03	-4.87846e-01	1.55193e+01
110	1	121	0	2	3	3.65371e-03	-5.49186e-01	1.56223e+01
110	1	122	0	2	3	5.11025e-03	-6.57546e-01	1.86008e+01
110	1	123	0	2	3	2.85932e-03	-5.07293e-01	1.65479e+01
110	1	124	0	2	3	2.82585e-03	-4.98274e-01	1.53086e+01
110	1	125	0	2	3	1.47541e-03	-3.95860e-01	1.32867e+01
110	1	126	0	2	3	3.10891e-03	-5.04023e-01	1.47536e+01
110	1	127	0	2	3	2.81185e-03	-4.92906e-01	1.48643e+01
110	1	128	0	2	3	2.93176e-03	-5.37803e-01	1.65856e+01
110	1	129	0	2	3	4.72954e-03	-6.59411e-01	1.85243e+01
110	1	130	0	2	3	3.95992e-03	-5.87486e-01	1.70819e+01
110	1	131	0	2	3	3.54628e-03	-5.53999e-01	1.60115e+01
110	1	132	0	2	3	1.63209e-03	-4.26186e-01	1.44062e+01
110	1	133	0	2	3	7.12514e-03	-8.24996e-01	2.08649e+01
110	1	134	0	2	3	2.33969e-03	-4.80782e-01	1.54121e+01
110	1	135	0	2	3	5.54365e-03	-6.72680e-01	1.78071e+01
110	1	136	0	2	3	8.60666e-03	-9.66488e-01	2.50048e+01
110	1	137	0	2	3	4.32139e-03	-6.15678e-01	1.74743e+01
110	1	138	0	2	3	3.36176e-03	-5.36109e-01	1.55271e+01
110	1	139	0	2	3	2.32939e-03	-4.72883e-01	1.50323e+01
110	1	140	0	2	3	4.29887e-03	-6.31122e-01	1.75853e+01
110	1	141	0	2	3	3.54509e-03	-5.73492e-01	1.63962e+01
110	1	142	0	2	3	5.78358e-03	-7.11356e-01	1.81274e+01
110	1	143	0	2	3	2.24376e-03	-4.65895e-01	1.50691e+01
110	1	144	0	2	3	4.74671e-03	-6.54168e-01	1.89307e+01
110	1	145	0	2	3	5.72442e-03	-7.15385e-01	1.89524e+01
110	1	146	0	2	3	3.28587e-03	-5.45536e-01	1.57437e+01
110	1	147	0	2	3	2.78612e-03	-4.91258e-01	1.48004e+01
110	1	148	0	2	3	4.68893e-03	-6.35047e-01	1.77414e+01
110	1	149	0	2	3	6.34412e-03	-7.59944e-01	2.01720e+01
110	1	150	0	2	3	4.74285e-03	-6.32188e-01	1.75891e+01
110	1	151	0	2	3	4.70285e-04	-3.23247e-01	1.16149e+01
110	1	152	0	2	3	8.35161e-03	-9.21851e-01	2.37957e+01
110	1	153	0	2	3	1.65369e-03	-4.11866e-01	1.40541e+01
110	1	154	0	2	3	-3.49113e-04	-2.80994e-01	1.14261e+01
110	1	155	0	2	3	-4.81616e-03	7.92325e-02	3.86510e+00
110	1	156	0	2	3	-6.85943e-03	2.14220e-01	3.23832e+00
110	1	157	0	2	3	-2.91523e-03	-6.24614e-02	8.12471e+00
110	1	158	0	2	3	-1.09748e-02	4.52299e-01	1.22525e+00
110	1	159	0	2	3	-6.32166e-03	2.28010e-01	1.90962e+00
