##
#  file: HodoPHCParam_Dummy
#  date: 2016.06.15
#  note: first version
#
#
#######################################################################
# CId	PlId	Seg	UorD	Type	nParam	p0	p1	...
#
#	Type=0 no correction will be performed
#	Type=1 ct=t-p[0]/sqrt(a-p[1])+p[2]
#	Type=2 ct=p[0]*a*a + p[1]*a + p[2] for Fiber
#
#######################################################################
# BH1 Up                                                              #
#######################################################################
1	0	0	0	1	3	5.08705e+00	-1.98362e+00	2.93454e+00
1	0	1	0	1	3	6.69706e-01	2.91546e-01	8.10244e-01
1	0	2	0	1	3	5.01779e-01	3.94271e-01	6.64278e-01
1	0	3	0	1	3	7.45330e-01	1.66754e-01	8.56036e-01
1	0	4	0	1	3	8.52890e-01	8.60054e-02	9.27134e-01
1	0	5	0	1	3	1.69981e+00	-1.50393e-01	1.62794e+00
1	0	6	0	1	3	1.58582e+00	-2.35346e-01	1.46587e+00
1	0	7	0	1	3	1.61970e+00	-1.46184e-01	1.54504e+00
1	0	8	0	1	3	1.37546e+00	-2.52696e-01	1.28233e+00
1	0	9	0	1	3	1.74814e+00	-2.76223e-01	1.64100e+00
1	0	10	0	1	3	1.60339e+01	-4.62629e+00	6.81205e+00
#######################################################################
# BH1 Down                                                            #
#######################################################################
1	0	0	1	1	3	1.33519e+00	-9.13138e-02	1.27257e+00
1	0	1	1	1	3	6.24909e-01	2.88647e-01	7.65429e-01
1	0	2	1	1	3	6.68954e-01	2.21542e-01	7.45264e-01
1	0	3	1	1	3	1.32364e+00	-4.57464e-01	1.08318e+00
1	0	4	1	1	3	1.18002e+00	-7.91080e-02	1.17008e+00
1	0	5	1	1	3	2.07299e+00	-4.79828e-01	1.70935e+00
1	0	6	1	1	3	1.96000e+00	-5.20196e-01	1.63958e+00
1	0	7	1	1	3	1.89852e+00	-4.50289e-01	1.60743e+00
1	0	8	1	1	3	1.02469e+00	-6.73213e-02	1.04734e+00
1	0	9	1	1	3	1.64894e+00	-1.85977e-01	1.61292e+00
1	0	10	1	1	3	7.15603e-01	2.22738e-01	8.54972e-01
#######################################################################
# BH2 Up                                                              #
#######################################################################
2	0	0	0	1	3	1.43047e-01	2.98695e-01	2.00085e-01
2	0	1	0	1	3	8.79554e-01	-2.31747e-01	7.85839e-01
2	0	2	0	1	3	5.94572e-01	-4.97541e-01	4.68956e-01
2	0	3	0	1	3	1.91725e-01	3.94747e-02	1.91115e-01
2	0	4	0	1	3	3.31184e-01	-9.38469e-02	3.15823e-01
2	0	5	0	1	3	1.99769e-01	2.70254e-01	2.37321e-01
2	0	6	0	1	3	2.58948e-01	2.41832e-01	3.10133e-01
2	0	7	0	1	3	3.50426e-01	8.80094e-02	3.70898e-01
#######################################################################
# BH2 Down                                                            #
#######################################################################
2	0	0	1	1	3	3.94607e-01	-1.85207e-01	3.84440e-01
2	0	1	1	1	3	9.92155e-01	-3.85817e-01	8.32122e-01
2	0	2	1	1	3	4.10986e-01	-9.27803e-02	3.90143e-01
2	0	3	1	1	3	1.76416e-01	4.84160e-02	1.75490e-01
2	0	4	1	1	3	2.42956e-01	1.23979e-01	2.64593e-01
2	0	5	1	1	3	3.57967e-01	4.32013e-02	3.63973e-01
2	0	6	1	1	3	1.22093e+00	-6.67168e-01	9.30075e-01
2	0	7	1	1	3	2.92156e-01	-4.36810e-03	2.98702e-01
#######################################################################
# BAC                                                                 #
#######################################################################
3	0	0	0	1	3	0.00000e+00	0.00000e+00	0.00000e+00
3	0	1	0	1	3	0.00000e+00	0.00000e+00	0.00000e+00
#######################################################################
# FBH Up                                                              #
#######################################################################
4	0	0	0	2	3	-5.62952e-03	8.96903e-01	-3.53273e+01
4	0	1	0	2	3	-4.29399e-03	7.37975e-01	-3.00049e+01
4	0	2	0	2	3	-5.26894e-03	8.67305e-01	-3.38992e+01
4	0	3	0	2	3	-3.80183e-03	6.69237e-01	-2.72260e+01
4	0	4	0	2	3	-4.35014e-03	7.35785e-01	-2.92008e+01
4	0	5	0	2	3	-4.02541e-03	6.86907e-01	-2.70312e+01
4	0	6	0	2	3	-4.16660e-03	7.08229e-01	-2.81512e+01
4	0	7	0	2	3	-3.93117e-03	6.84759e-01	-2.69101e+01
4	0	8	0	2	3	-4.14423e-03	6.96902e-01	-2.65883e+01
4	0	9	0	2	3	-2.83372e-03	5.62925e-01	-2.20787e+01
4	0	10	0	2	3	-4.07944e-03	7.09420e-01	-2.75603e+01
4	0	11	0	2	3	-3.50961e-03	6.50113e-01	-2.64167e+01
4	0	12	0	2	3	-3.52415e-03	6.49734e-01	-2.67232e+01
4	0	13	0	2	3	-4.13420e-03	7.26957e-01	-2.99675e+01
4	0	14	0	2	3	-4.90315e-03	8.27563e-01	-3.35630e+01
4	0	15	0	2	3	-4.73048e-03	8.13189e-01	-3.31901e+01
#######################################################################
# FBH Down                                                            #
#######################################################################
4	0	0	1	2	3	-5.62952e-03	8.96903e-01	-3.53273e+01
4	0	1	1	2	3	-4.29399e-03	7.37975e-01	-3.00049e+01
4	0	2	1	2	3	-5.26894e-03	8.67305e-01	-3.38992e+01
4	0	3	1	2	3	-3.80183e-03	6.69237e-01	-2.72260e+01
4	0	4	1	2	3	-4.35014e-03	7.35785e-01	-2.92008e+01
4	0	5	1	2	3	-4.02541e-03	6.86907e-01	-2.70312e+01
4	0	6	1	2	3	-4.16660e-03	7.08229e-01	-2.81512e+01
4	0	7	1	2	3	-3.93117e-03	6.84759e-01	-2.69101e+01
4	0	8	1	2	3	-4.14423e-03	6.96902e-01	-2.65883e+01
4	0	9	1	2	3	-2.83372e-03	5.62925e-01	-2.20787e+01
4	0	10	1	2	3	-4.07944e-03	7.09420e-01	-2.75603e+01
4	0	11	1	2	3	-3.50961e-03	6.50113e-01	-2.64167e+01
4	0	12	1	2	3	-3.52415e-03	6.49734e-01	-2.67232e+01
4	0	13	1	2	3	-4.13420e-03	7.26957e-01	-2.99675e+01
4	0	14	1	2	3	-4.90315e-03	8.27563e-01	-3.35630e+01
4	0	15	1	2	3	-4.73048e-03	8.13189e-01	-3.31901e+01
#######################################################################
# PVAC                                                                #
#######################################################################
5	0	0	0	1	3	0.00000e+00	0.00000e+00	0.00000e+00
#######################################################################
# FAC                                                                 #
#######################################################################
6	0	0	0	1	3	0.00000e+00	0.00000e+00	0.00000e+00
#######################################################################
# SCH                                                                 #
#######################################################################
#7	0	0	0	2	3	-0.00500000	0.821213	-32.185321
#7	0	1	0	2	3	-0.00500000	0.830248	-32.269563
#7	0	2	0	2	3	-0.00500000	0.793073	-29.315934
#7	0	3	0	2	3	-0.00500000	0.772144	-28.276705
#7	0	4	0	2	3	-0.00500000	0.801968	-30.687167
#7	0	5	0	2	3	-0.00500000	0.778300	-28.439251
#7	0	6	0	2	3	-0.00500000	0.765872	-27.918181
#7	0	7	0	2	3	-0.00500000	0.738459	-26.016797
#7	0	8	0	2	3	-0.00500000	0.778318	-28.676371
#7	0	9	0	2	3	-0.00500000	0.776670	-28.892887
#7	0	10	0	2	3	-0.00500000	0.764278	-28.122474
#7	0	11	0	2	3	-0.00500000	0.790742	-29.423647
#7	0	12	0	2	3	-0.00500000	0.811330	-30.487019
#7	0	13	0	2	3	-0.00500000	0.818750	-30.891512
#7	0	14	0	2	3	-0.00500000	0.802541	-30.009136
#7	0	15	0	2	3	-0.00500000	0.809525	-30.751746
#7	0	16	0	2	3	-0.00500000	0.802597	-30.845509
#7	0	17	0	2	3	-0.00500000	0.835028	-32.780792
#7	0	18	0	2	3	-0.00500000	0.859176	-33.938731
#7	0	19	0	2	3	-0.00500000	0.814851	-31.445396
#7	0	20	0	2	3	-0.00500000	0.809426	-30.781087
#7	0	21	0	2	3	-0.00500000	0.780678	-28.888756
#7	0	22	0	2	3	-0.00500000	0.808206	-30.719604
#7	0	23	0	2	3	-0.00500000	0.774024	-27.858339
#7	0	24	0	2	3	-0.00500000	0.794308	-29.022101
#7	0	25	0	2	3	-0.00500000	0.775649	-27.980186
#7	0	26	0	2	3	-0.00500000	0.788483	-28.687567
#7	0	27	0	2	3	-0.00466315	0.771386	-29.253260
#7	0	28	0	2	3	-0.00483132	0.790854	-28.637741
#7	0	29	0	2	3	-0.00497049	0.812994	-30.786914
#7	0	30	0	2	3	-0.00500000	0.787793	-28.362716
#7	0	31	0	2	3	-0.00500000	0.790759	-28.876812
#7	0	32	0	2	3	-0.00500000	0.824826	-31.655285
#7	0	33	0	2	3	-0.00500000	0.845304	-33.407765
#7	0	34	0	2	3	-0.00500000	0.832263	-32.939799
#7	0	35	0	2	3	-0.00500000	0.820631	-31.695372
#7	0	36	0	2	3	-0.00500000	0.836997	-33.200590
#7	0	37	0	2	3	-0.00500000	0.819690	-32.097193
#7	0	38	0	2	3	-0.00500000	0.808109	-31.263214
#7	0	39	0	2	3	-0.00500000	0.815224	-31.135523
#7	0	40	0	2	3	-0.00500000	0.803398	-29.897923
#7	0	41	0	2	3	-0.00500000	0.815685	-31.165519
#7	0	42	0	2	3	-0.00500000	0.812980	-30.737261
#7	0	43	0	2	3	-0.00500000	0.829418	-32.693307
#7	0	44	0	2	3	-0.00500000	0.789530	-29.464920
#7	0	45	0	2	3	-0.00500000	0.804789	-31.208151
#7	0	46	0	2	3	-0.00500000	0.830106	-32.806514
#7	0	47	0	2	3	-0.00500000	0.819206	-31.373242
#7	0	48	0	2	3	-0.00500000	0.816165	-31.709319
#7	0	49	0	2	3	-0.00500000	0.798496	-30.201709
#7	0	50	0	2	3	-0.00500000	0.812167	-31.795745
#7	0	51	0	2	3	-0.00500000	0.810749	-31.375226
#7	0	52	0	2	3	-0.00500000	0.803385	-31.372512
#7	0	53	0	2	3	-0.00500000	0.777405	-29.262831
#7	0	54	0	2	3	-0.00500000	0.783954	-29.763410
#7	0	55	0	2	3	-0.00500000	0.789443	-29.976449
#7	0	56	0	2	3	-0.00500000	0.838828	-33.261086
#7	0	57	0	2	3	-0.00500000	0.804421	-30.573195
#7	0	58	0	2	3	-0.00500000	0.773283	-29.111048
#7	0	59	0	2	3	-0.00500000	0.811789	-31.449459
#7	0	60	0	2	3	-0.00500000	0.759724	-28.110014
#7	0	61	0	2	3	-0.00500000	0.810884	-31.379063
#7	0	62	0	2	3	-0.00500000	0.771910	-28.435006
#7	0	63	0	2	3	-0.00500000	0.796658	-30.511906
#######################################################################
# TOF Up                                                              #
#######################################################################
7	0	0	0	1	3	5.24830e+00	-1.96630e+00	2.96170e+00
7	0	1	0	1	3	5.24830e+00	-1.96630e+00	2.96170e+00
7	0	2	0	1	3	5.24830e+00	-1.96630e+00	2.96170e+00
7	0	3	0	1	3	5.24830e+00	-1.96630e+00	2.96170e+00
7	0	4	0	1	3	5.24830e+00	-1.96630e+00	2.96170e+00
7	0	5	0	1	3	5.24830e+00	-1.96630e+00	2.96170e+00
7	0	6	0	1	3	6.97090e+00	-3.03520e+00	3.39910e+00
7	0	7	0	1	3	4.05450e+00	-1.96150e+00	2.30360e+00
7	0	8	0	1	3	1.16940e+02	-2.98600e+01	2.09880e+01
7	0	9	0	1	3	5.24830e+00	-1.96630e+00	2.96170e+00
7	0	10	0	1	3	5.24830e+00	-1.96630e+00	2.96170e+00
7	0	11	0	1	3	5.24830e+00	-1.96630e+00	2.96170e+00
7	0	12	0	1	3	5.24830e+00	-1.96630e+00	2.96170e+00
7	0	13	0	1	3	5.24830e+00	-1.96630e+00	2.96170e+00
7	0	14	0	1	3	5.24830e+00	-1.96630e+00	2.96170e+00
7	0	15	0	1	3	5.24830e+00	-1.96630e+00	2.96170e+00
7	0	16	0	1	3	5.24830e+00	-1.96630e+00	2.96170e+00
7	0	17	0	1	3	5.24830e+00	-1.96630e+00	2.96170e+00
7	0	18	0	1	3	5.24830e+00	-1.96630e+00	2.96170e+00
7	0	19	0	1	3	7.11491e-01	1.85180e-03	5.82402e-01
7	0	20	0	1	3	5.59404e-01	-1.73810e-03	4.50716e-01
7	0	21	0	1	3	8.92499e-01	1.99900e-03	7.37364e-01
7	0	22	0	1	3	6.37553e-01	1.99960e-03	5.45449e-01
7	0	23	0	1	3	1.19210e+00	1.98920e-03	9.99994e-01
#######################################################################
# TOF Down                                                            #
#######################################################################
7	0	0	1	1	3	5.84300e+00	-2.30730e+00	3.11320e+00
7	0	1	1	1	3	5.84300e+00	-2.30730e+00	3.11320e+00
7	0	2	1	1	3	5.84300e+00	-2.30730e+00	3.11320e+00
7	0	3	1	1	3	5.84300e+00	-2.30730e+00	3.11320e+00
7	0	4	1	1	3	5.84300e+00	-2.30730e+00	3.11320e+00
7	0	5	1	1	3	5.84300e+00	-2.30730e+00	3.11320e+00
7	0	6	1	1	3	1.41330e+01	-5.81170e+00	5.32680e+00
7	0	7	1	1	3	7.84850e+01	-2.02870e+01	1.69500e+01
7	0	8	1	1	3	2.20240e+02	-3.62440e+01	3.60080e+01
7	0	9	1	1	3	5.84300e+00	-2.30730e+00	3.11320e+00
7	0	10	1	1	3	5.84300e+00	-2.30730e+00	3.11320e+00
7	0	11	1	1	3	5.84300e+00	-2.30730e+00	3.11320e+00
7	0	12	1	1	3	5.84300e+00	-2.30730e+00	3.11320e+00
7	0	13	1	1	3	5.84300e+00	-2.30730e+00	3.11320e+00
7	0	14	1	1	3	5.84300e+00	-2.30730e+00	3.11320e+00
7	0	15	1	1	3	5.84300e+00	-2.30730e+00	3.11320e+00
7	0	16	1	1	3	5.84300e+00	-2.30730e+00	3.11320e+00
7	0	17	1	1	3	5.84300e+00	-2.30730e+00	3.11320e+00
7	0	18	1	1	3	5.84300e+00	-2.30730e+00	3.11320e+00
7	0	19	1	1	3	6.18741e-01	1.99860e-03	4.90831e-01
7	0	20	1	1	3	5.75901e-01	1.04210e-03	4.72509e-01
7	0	21	1	1	3	9.41046e-01	1.99890e-03	7.79357e-01
7	0	22	1	1	3	4.84266e-01	-1.95590e-03	3.99786e-01
7	0	23	1	1	3	8.97714e-01	1.99860e-03	7.56300e-01
#######################################################################
# BFT U                                                               #
#######################################################################
110	0	0	0	2	3	4.25840e-03	-5.87448e-01	1.52690e+01
110	0	1	0	2	3	3.11166e-03	-5.09663e-01	1.40560e+01
110	0	2	0	2	3	3.98100e-03	-5.77952e-01	1.50905e+01
110	0	3	0	2	3	4.55968e-03	-6.10628e-01	1.46019e+01
110	0	4	0	2	3	3.38536e-03	-5.27375e-01	1.44427e+01
110	0	5	0	2	3	4.14214e-03	-5.69442e-01	1.53965e+01
110	0	6	0	2	3	3.53557e-03	-5.46845e-01	1.41813e+01
110	0	7	0	2	3	4.29180e-03	-5.82011e-01	1.53418e+01
110	0	8	0	2	3	3.36546e-03	-5.38450e-01	1.43407e+01
110	0	9	0	2	3	3.52586e-03	-5.32096e-01	1.53922e+01
110	0	10	0	2	3	3.75243e-03	-5.59509e-01	1.37893e+01
110	0	11	0	2	3	3.47167e-03	-5.22727e-01	1.51261e+01
110	0	12	0	2	3	2.82045e-03	-4.95423e-01	1.30010e+01
110	0	13	0	2	3	3.34269e-03	-5.23952e-01	1.52846e+01
110	0	14	0	2	3	3.32028e-03	-5.31442e-01	1.35005e+01
110	0	15	0	2	3	4.55423e-03	-6.06969e-01	1.66877e+01
110	0	16	0	2	3	3.72046e-03	-5.48677e-01	1.35057e+01
110	0	17	0	2	3	4.35288e-03	-5.91941e-01	1.60050e+01
110	0	18	0	2	3	3.74728e-03	-5.62231e-01	1.38634e+01
110	0	19	0	2	3	3.91353e-03	-5.69046e-01	1.37901e+01
110	0	20	0	2	3	3.21025e-03	-5.17989e-01	1.35871e+01
110	0	21	0	2	3	4.07863e-03	-5.73626e-01	1.70283e+01
110	0	22	0	2	3	4.06116e-03	-5.81240e-01	1.45882e+01
110	0	23	0	2	3	3.69574e-03	-5.43618e-01	1.52660e+01
110	0	24	0	2	3	4.64665e-03	-6.13871e-01	1.54521e+01
110	0	25	0	2	3	4.26104e-03	-5.83516e-01	1.64526e+01
110	0	26	0	2	3	4.06687e-03	-5.83169e-01	1.56804e+01
110	0	27	0	2	3	4.34715e-03	-5.83830e-01	1.57247e+01
110	0	28	0	2	3	3.34701e-03	-5.28436e-01	1.22077e+01
110	0	29	0	2	3	3.76824e-03	-5.40230e-01	1.45116e+01
110	0	30	0	2	3	4.00933e-03	-5.78734e-01	1.44190e+01
110	0	31	0	2	3	4.77820e-03	-6.18387e-01	1.64068e+01
110	0	32	0	2	3	3.54693e-03	-5.49324e-01	1.42524e+01
110	0	33	0	2	3	4.13106e-03	-5.57877e-01	1.36368e+01
110	0	34	0	2	3	4.08552e-03	-5.79631e-01	1.44350e+01
110	0	35	0	2	3	4.72342e-03	-6.27472e-01	1.67188e+01
110	0	36	0	2	3	3.44749e-03	-5.27832e-01	1.33633e+01
110	0	37	0	2	3	4.10428e-03	-5.77027e-01	1.66698e+01
110	0	38	0	2	3	4.20151e-03	-5.82194e-01	1.38157e+01
110	0	39	0	2	3	4.68930e-03	-6.16657e-01	1.61340e+01
110	0	40	0	2	3	3.90307e-03	-5.59937e-01	1.38146e+01
110	0	41	0	2	3	4.06428e-03	-5.67004e-01	1.62720e+01
110	0	42	0	2	3	4.29429e-03	-5.88770e-01	1.48849e+01
110	0	43	0	2	3	4.53875e-03	-6.12629e-01	1.67802e+01
110	0	44	0	2	3	3.68920e-03	-5.52105e-01	1.39046e+01
110	0	45	0	2	3	4.36416e-03	-5.85540e-01	1.61152e+01
110	0	46	0	2	3	4.38746e-03	-6.10457e-01	1.51854e+01
110	0	47	0	2	3	5.13548e-03	-6.57343e-01	1.86412e+01
110	0	48	0	2	3	3.63136e-03	-5.42814e-01	1.26558e+01
110	0	49	0	2	3	4.52862e-03	-6.01777e-01	1.69036e+01
110	0	50	0	2	3	4.60899e-03	-6.15750e-01	1.53686e+01
110	0	51	0	2	3	4.54980e-03	-6.04871e-01	1.58545e+01
110	0	52	0	2	3	3.61721e-03	-5.40762e-01	1.31802e+01
110	0	53	0	2	3	4.53423e-03	-6.00357e-01	1.56428e+01
110	0	54	0	2	3	4.30823e-03	-5.97163e-01	1.46983e+01
110	0	55	0	2	3	4.42331e-03	-5.98321e-01	1.66723e+01
110	0	56	0	2	3	3.88035e-03	-5.75043e-01	1.53124e+01
110	0	57	0	2	3	4.25972e-03	-5.83988e-01	1.60409e+01
110	0	58	0	2	3	3.87931e-03	-5.68624e-01	1.52667e+01
110	0	59	0	2	3	4.40116e-03	-6.11389e-01	1.69655e+01
110	0	60	0	2	3	3.60096e-03	-5.54022e-01	1.36448e+01
110	0	61	0	2	3	3.58657e-03	-5.36968e-01	1.49528e+01
110	0	62	0	2	3	4.98123e-03	-6.41221e-01	1.52981e+01
110	0	63	0	2	3	4.36480e-03	-5.98962e-01	1.50208e+01
110	0	64	0	2	3	3.96282e-03	-5.73913e-01	1.45160e+01
110	0	65	0	2	3	3.70825e-03	-5.48848e-01	1.51344e+01
110	0	66	0	2	3	4.33539e-03	-6.13366e-01	1.65358e+01
110	0	67	0	2	3	3.68275e-03	-5.52285e-01	1.54393e+01
110	0	68	0	2	3	3.82819e-03	-5.74796e-01	1.51369e+01
110	0	69	0	2	3	4.08500e-03	-5.72417e-01	1.50495e+01
110	0	70	0	2	3	4.37986e-03	-6.21113e-01	1.49736e+01
110	0	71	0	2	3	4.43218e-03	-6.05798e-01	1.61132e+01
110	0	72	0	2	3	3.78976e-03	-5.68191e-01	1.38226e+01
110	0	73	0	2	3	4.22608e-03	-5.91874e-01	1.52743e+01
110	0	74	0	2	3	4.63954e-03	-6.33764e-01	1.60579e+01
110	0	75	0	2	3	4.32879e-03	-5.93381e-01	1.54990e+01
110	0	76	0	2	3	3.76311e-03	-5.59547e-01	1.37018e+01
110	0	77	0	2	3	3.90005e-03	-5.64155e-01	1.53253e+01
110	0	78	0	2	3	4.13268e-03	-5.98356e-01	1.47948e+01
110	0	79	0	2	3	4.25671e-03	-5.91510e-01	1.54790e+01
110	0	80	0	2	3	3.95222e-03	-5.75523e-01	1.50868e+01
110	0	81	0	2	3	4.19825e-03	-5.74997e-01	1.50691e+01
110	0	82	0	2	3	4.35254e-03	-5.99852e-01	1.49837e+01
110	0	83	0	2	3	4.72767e-03	-6.24731e-01	1.58783e+01
110	0	84	0	2	3	3.80783e-03	-5.61479e-01	1.42324e+01
110	0	85	0	2	3	3.86991e-03	-5.61929e-01	1.52988e+01
110	0	86	0	2	3	4.54465e-03	-6.31265e-01	1.53854e+01
110	0	87	0	2	3	4.55857e-03	-6.20432e-01	1.66098e+01
110	0	88	0	2	3	3.60342e-03	-5.44654e-01	1.43023e+01
110	0	89	0	2	3	3.94904e-03	-5.72394e-01	1.51194e+01
110	0	90	0	2	3	4.33367e-03	-6.05960e-01	1.46146e+01
110	0	91	0	2	3	4.73088e-03	-6.31940e-01	1.56982e+01
110	0	92	0	2	3	3.94064e-03	-5.83374e-01	1.50401e+01
110	0	93	0	2	3	3.83020e-03	-5.57907e-01	1.45311e+01
110	0	94	0	2	3	4.46160e-03	-6.30146e-01	1.68707e+01
110	0	95	0	2	3	4.20129e-03	-5.93532e-01	1.58590e+01
110	0	96	0	2	3	4.06112e-03	-5.91549e-01	1.48128e+01
110	0	97	0	2	3	4.02890e-03	-5.75801e-01	1.56408e+01
110	0	98	0	2	3	4.62280e-03	-6.34903e-01	1.55683e+01
110	0	99	0	2	3	4.59016e-03	-6.13894e-01	1.59720e+01
110	0	100	0	2	3	3.94111e-03	-5.75115e-01	1.49745e+01
110	0	101	0	2	3	4.08119e-03	-5.81027e-01	1.56516e+01
110	0	102	0	2	3	4.45987e-03	-6.19499e-01	1.61010e+01
110	0	103	0	2	3	4.20076e-03	-5.95504e-01	1.55449e+01
110	0	104	0	2	3	4.23190e-03	-5.97879e-01	1.45090e+01
110	0	105	0	2	3	4.17062e-03	-5.85184e-01	1.51802e+01
110	0	106	0	2	3	4.60580e-03	-6.28574e-01	1.61830e+01
110	0	107	0	2	3	4.97384e-03	-6.41655e-01	1.56278e+01
110	0	108	0	2	3	3.97110e-03	-5.82263e-01	1.51212e+01
110	0	109	0	2	3	3.54466e-03	-5.48436e-01	1.45471e+01
110	0	110	0	2	3	4.49033e-03	-6.17927e-01	1.57067e+01
110	0	111	0	2	3	5.09868e-03	-6.60581e-01	1.65394e+01
110	0	112	0	2	3	3.68387e-03	-5.56675e-01	1.34080e+01
110	0	113	0	2	3	4.38244e-03	-5.98809e-01	1.52462e+01
110	0	114	0	2	3	4.61058e-03	-6.26598e-01	1.59829e+01
110	0	115	0	2	3	4.91217e-03	-6.36954e-01	1.58953e+01
110	0	116	0	2	3	3.86017e-03	-5.72384e-01	1.45437e+01
110	0	117	0	2	3	3.81875e-03	-5.63209e-01	1.56552e+01
110	0	118	0	2	3	4.89306e-03	-6.52266e-01	1.67184e+01
110	0	119	0	2	3	4.49260e-03	-6.07819e-01	1.45480e+01
110	0	120	0	2	3	3.82784e-03	-5.80400e-01	1.49441e+01
110	0	121	0	2	3	3.37970e-03	-5.32874e-01	1.28716e+01
110	0	122	0	2	3	4.55018e-03	-6.32143e-01	1.70197e+01
110	0	123	0	2	3	4.49396e-03	-6.13023e-01	1.58750e+01
110	0	124	0	2	3	4.27500e-03	-5.96469e-01	1.55485e+01
110	0	125	0	2	3	4.20548e-03	-5.71763e-01	1.26381e+01
110	0	126	0	2	3	4.32515e-03	-5.98964e-01	1.49617e+01
110	0	127	0	2	3	3.82064e-03	-5.60895e-01	1.46350e+01
110	0	128	0	2	3	3.67876e-03	-5.87274e-01	1.61146e+01
110	0	129	0	2	3	3.68746e-03	-5.77288e-01	1.55244e+01
110	0	130	0	2	3	3.54962e-03	-5.77695e-01	1.60201e+01
110	0	131	0	2	3	2.58775e-03	-4.72268e-01	1.34529e+01
110	0	132	0	2	3	3.81047e-03	-5.82849e-01	1.62149e+01
110	0	133	0	2	3	1.93314e-03	-4.38576e-01	1.31891e+01
110	0	134	0	2	3	2.83569e-03	-5.24398e-01	1.48239e+01
110	0	135	0	2	3	2.96157e-03	-5.18737e-01	1.39717e+01
110	0	136	0	2	3	4.59910e-03	-6.25491e-01	1.55910e+01
110	0	137	0	2	3	3.40642e-03	-5.49675e-01	1.55061e+01
110	0	138	0	2	3	2.58746e-03	-5.02990e-01	1.47612e+01
110	0	139	0	2	3	2.87285e-03	-5.20093e-01	1.36089e+01
110	0	140	0	2	3	3.86700e-03	-5.89186e-01	1.63778e+01
110	0	141	0	2	3	2.46774e-03	-4.88530e-01	1.33415e+01
110	0	142	0	2	3	2.92191e-03	-5.15052e-01	1.42494e+01
110	0	143	0	2	3	3.48098e-03	-5.48136e-01	1.45147e+01
110	0	144	0	2	3	3.13994e-03	-5.35864e-01	1.39786e+01
110	0	145	0	2	3	2.69231e-03	-5.02236e-01	1.33825e+01
110	0	146	0	2	3	3.25994e-03	-5.36849e-01	1.47358e+01
110	0	147	0	2	3	3.99172e-03	-5.82275e-01	1.56643e+01
110	0	148	0	2	3	5.28297e-03	-7.01147e-01	1.74019e+01
110	0	149	0	2	3	2.68799e-03	-4.73629e-01	1.33954e+01
110	0	150	0	2	3	-3.11050e-03	-6.19543e-02	6.20251e+00
110	0	151	0	2	3	2.80459e-03	-5.08189e-01	1.43422e+01
110	0	152	0	2	3	2.23951e-03	-4.64672e-01	1.40741e+01
110	0	153	0	2	3	2.51498e-03	-5.04971e-01	1.48845e+01
110	0	154	0	2	3	2.51646e-03	-4.82834e-01	1.33374e+01
110	0	155	0	2	3	5.13162e-03	-6.46891e-01	1.47446e+01
110	0	156	0	2	3	1.57254e-03	-4.25927e-01	1.32280e+01
110	0	157	0	2	3	-1.26576e-02	6.32157e-01	-6.07132e+00
110	0	158	0	2	3	5.42724e-03	-7.04313e-01	1.75887e+01
110	0	159	0	2	3	4.78387e-03	-6.54324e-01	1.68630e+01
#######################################################################
# BFT D                                                               #
#######################################################################
110	1	0	0	2	3	2.84570e-03	-5.03901e-01	1.56322e+01
110	1	1	0	2	3	2.98313e-03	-4.88389e-01	1.43920e+01
110	1	2	0	2	3	3.21274e-03	-5.36439e-01	1.53363e+01
110	1	3	0	2	3	3.96523e-03	-5.72112e-01	1.65486e+01
110	1	4	0	2	3	3.38313e-03	-5.41308e-01	1.53055e+01
110	1	5	0	2	3	4.24659e-03	-5.96935e-01	1.71786e+01
110	1	6	0	2	3	3.83752e-03	-5.77518e-01	1.47991e+01
110	1	7	0	2	3	3.71729e-03	-5.49625e-01	1.56166e+01
110	1	8	0	2	3	3.38253e-03	-5.46363e-01	1.57670e+01
110	1	9	0	2	3	3.25274e-03	-5.34732e-01	1.71263e+01
110	1	10	0	2	3	3.24932e-03	-5.36495e-01	1.53523e+01
110	1	11	0	2	3	3.59594e-03	-5.49627e-01	1.56484e+01
110	1	12	0	2	3	3.56195e-03	-5.49680e-01	1.47506e+01
110	1	13	0	2	3	2.67520e-03	-4.83963e-01	1.52231e+01
110	1	14	0	2	3	4.26373e-03	-6.05638e-01	1.56064e+01
110	1	15	0	2	3	4.68882e-03	-6.26064e-01	1.76114e+01
110	1	16	0	2	3	3.75896e-03	-5.65654e-01	1.51635e+01
110	1	17	0	2	3	3.02240e-03	-5.06184e-01	1.47293e+01
110	1	18	0	2	3	4.14912e-03	-5.91991e-01	1.49900e+01
110	1	19	0	2	3	3.97778e-03	-5.79114e-01	1.64859e+01
110	1	20	0	2	3	3.86313e-03	-5.81905e-01	1.58898e+01
110	1	21	0	2	3	2.64179e-03	-4.84559e-01	1.57875e+01
110	1	22	0	2	3	3.61216e-03	-5.54790e-01	1.49395e+01
110	1	23	0	2	3	4.27907e-03	-5.91608e-01	1.67538e+01
110	1	24	0	2	3	3.71716e-03	-5.66564e-01	1.61459e+01
110	1	25	0	2	3	3.44287e-03	-5.33129e-01	1.58542e+01
110	1	26	0	2	3	4.13926e-03	-5.94350e-01	1.54419e+01
110	1	27	0	2	3	4.06990e-03	-5.79875e-01	1.73986e+01
110	1	28	0	2	3	3.75591e-03	-5.72498e-01	1.61739e+01
110	1	29	0	2	3	3.54950e-03	-5.45306e-01	1.62862e+01
110	1	30	0	2	3	4.25561e-03	-6.00659e-01	1.58203e+01
110	1	31	0	2	3	3.95796e-03	-5.82212e-01	1.71201e+01
110	1	32	0	2	3	3.68808e-03	-5.63751e-01	1.64528e+01
110	1	33	0	2	3	3.36902e-03	-5.40442e-01	1.52299e+01
110	1	34	0	2	3	3.90612e-03	-5.70002e-01	1.48029e+01
110	1	35	0	2	3	4.22883e-03	-6.03957e-01	1.74961e+01
110	1	36	0	2	3	3.73058e-03	-5.57355e-01	1.58055e+01
110	1	37	0	2	3	3.50408e-03	-5.40293e-01	1.43655e+01
110	1	38	0	2	3	4.33347e-03	-6.05106e-01	1.68734e+01
110	1	39	0	2	3	3.90040e-03	-5.65542e-01	1.57470e+01
110	1	40	0	2	3	4.22520e-03	-5.91212e-01	1.52228e+01
110	1	41	0	2	3	3.98107e-03	-5.70030e-01	1.62152e+01
110	1	42	0	2	3	3.68857e-03	-5.52749e-01	1.51020e+01
110	1	43	0	2	3	4.33300e-03	-5.98387e-01	1.75296e+01
110	1	44	0	2	3	3.62680e-03	-5.57174e-01	1.48373e+01
110	1	45	0	2	3	3.61413e-03	-5.48544e-01	1.61445e+01
110	1	46	0	2	3	3.84009e-03	-5.76570e-01	1.52135e+01
110	1	47	0	2	3	4.37644e-03	-6.21969e-01	1.84274e+01
110	1	48	0	2	3	3.70343e-03	-5.59450e-01	1.55474e+01
110	1	49	0	2	3	3.74323e-03	-5.52861e-01	1.63982e+01
110	1	50	0	2	3	4.28882e-03	-6.03302e-01	1.53059e+01
110	1	51	0	2	3	4.20895e-03	-5.91969e-01	1.68206e+01
110	1	52	0	2	3	3.94005e-03	-5.84900e-01	1.52674e+01
110	1	53	0	2	3	3.75661e-03	-5.58042e-01	1.64924e+01
110	1	54	0	2	3	4.43835e-03	-6.20517e-01	1.68362e+01
110	1	55	0	2	3	4.23063e-03	-5.94876e-01	1.69918e+01
110	1	56	0	2	3	3.73854e-03	-5.77400e-01	1.52540e+01
110	1	57	0	2	3	3.78111e-03	-5.63712e-01	1.61723e+01
110	1	58	0	2	3	3.96632e-03	-5.92442e-01	1.73630e+01
110	1	59	0	2	3	4.52059e-03	-6.25166e-01	1.85412e+01
110	1	60	0	2	3	3.82417e-03	-5.72404e-01	1.57952e+01
110	1	61	0	2	3	3.99461e-03	-5.67226e-01	1.57238e+01
110	1	62	0	2	3	3.61518e-03	-5.59251e-01	1.45987e+01
110	1	63	0	2	3	4.23398e-03	-5.97325e-01	1.70886e+01
110	1	64	0	2	3	4.00903e-03	-5.87723e-01	1.64530e+01
110	1	65	0	2	3	4.02041e-03	-5.79999e-01	1.60521e+01
110	1	66	0	2	3	4.58065e-03	-6.34600e-01	1.59949e+01
110	1	67	0	2	3	4.23658e-03	-6.00630e-01	1.55872e+01
110	1	68	0	2	3	3.41348e-03	-5.35621e-01	1.38995e+01
110	1	69	0	2	3	3.81990e-03	-5.68242e-01	1.59874e+01
110	1	70	0	2	3	3.92703e-03	-5.79045e-01	1.60363e+01
110	1	71	0	2	3	4.18547e-03	-6.01979e-01	1.68382e+01
110	1	72	0	2	3	3.93146e-03	-5.76403e-01	1.55083e+01
110	1	73	0	2	3	4.06144e-03	-5.89053e-01	1.70518e+01
110	1	74	0	2	3	4.00653e-03	-5.85272e-01	1.48684e+01
110	1	75	0	2	3	4.05838e-03	-5.92943e-01	1.61165e+01
110	1	76	0	2	3	3.78549e-03	-5.65819e-01	1.51346e+01
110	1	77	0	2	3	3.94917e-03	-5.83992e-01	1.59527e+01
110	1	78	0	2	3	4.27132e-03	-6.07047e-01	1.52434e+01
110	1	79	0	2	3	4.17257e-03	-5.94666e-01	1.59869e+01
110	1	80	0	2	3	3.78765e-03	-5.61639e-01	1.48846e+01
110	1	81	0	2	3	3.81302e-03	-5.63179e-01	1.46832e+01
110	1	82	0	2	3	3.92500e-03	-5.75285e-01	1.60682e+01
110	1	83	0	2	3	4.25648e-03	-5.87490e-01	1.53694e+01
110	1	84	0	2	3	3.71049e-03	-5.51766e-01	1.42247e+01
110	1	85	0	2	3	3.53524e-03	-5.47490e-01	1.47556e+01
110	1	86	0	2	3	3.99055e-03	-5.83481e-01	1.60063e+01
110	1	87	0	2	3	4.20282e-03	-5.91091e-01	1.42328e+01
110	1	88	0	2	3	3.84313e-03	-5.71432e-01	1.55676e+01
110	1	89	0	2	3	3.76420e-03	-5.67322e-01	1.47597e+01
110	1	90	0	2	3	3.66568e-03	-5.63356e-01	1.46349e+01
110	1	91	0	2	3	4.00120e-03	-5.78750e-01	1.57914e+01
110	1	92	0	2	3	3.72851e-03	-5.58455e-01	1.48822e+01
110	1	93	0	2	3	3.67919e-03	-5.58402e-01	1.51368e+01
110	1	94	0	2	3	3.84870e-03	-5.77496e-01	1.60296e+01
110	1	95	0	2	3	3.97393e-03	-5.85764e-01	1.53337e+01
110	1	96	0	2	3	3.79739e-03	-5.66329e-01	1.47292e+01
110	1	97	0	2	3	3.72382e-03	-5.57799e-01	1.54715e+01
110	1	98	0	2	3	4.21996e-03	-6.16348e-01	1.70376e+01
110	1	99	0	2	3	4.13355e-03	-5.90859e-01	1.54344e+01
110	1	100	0	2	3	3.39799e-03	-5.27141e-01	1.45014e+01
110	1	101	0	2	3	3.59997e-03	-5.50730e-01	1.52520e+01
110	1	102	0	2	3	4.25939e-03	-6.08560e-01	1.59967e+01
110	1	103	0	2	3	4.29415e-03	-6.01648e-01	1.55011e+01
110	1	104	0	2	3	3.94411e-03	-5.77030e-01	1.54153e+01
110	1	105	0	2	3	4.01080e-03	-5.80721e-01	1.55395e+01
110	1	106	0	2	3	4.55762e-03	-6.25943e-01	1.70424e+01
110	1	107	0	2	3	4.63507e-03	-6.27925e-01	1.61609e+01
110	1	108	0	2	3	3.91068e-03	-5.76401e-01	1.61577e+01
110	1	109	0	2	3	3.58423e-03	-5.52374e-01	1.56068e+01
110	1	110	0	2	3	4.50935e-03	-6.22848e-01	1.62019e+01
110	1	111	0	2	3	4.30967e-03	-6.08374e-01	1.70896e+01
110	1	112	0	2	3	3.88130e-03	-5.75867e-01	1.52326e+01
110	1	113	0	2	3	4.13402e-03	-5.89205e-01	1.57669e+01
110	1	114	0	2	3	4.18682e-03	-6.05632e-01	1.56071e+01
110	1	115	0	2	3	4.35402e-03	-6.05361e-01	1.57152e+01
110	1	116	0	2	3	4.56846e-03	-6.27096e-01	1.63320e+01
110	1	117	0	2	3	3.50914e-03	-5.44490e-01	1.48915e+01
110	1	118	0	2	3	4.55559e-03	-6.21173e-01	1.52406e+01
110	1	119	0	2	3	5.08137e-03	-6.55747e-01	1.69409e+01
110	1	120	0	2	3	3.96246e-03	-5.82692e-01	1.52534e+01
110	1	121	0	2	3	3.56501e-03	-5.52774e-01	1.49467e+01
110	1	122	0	2	3	4.00191e-03	-5.94388e-01	1.68923e+01
110	1	123	0	2	3	3.74761e-03	-5.73494e-01	1.68546e+01
110	1	124	0	2	3	3.61708e-03	-5.52065e-01	1.43360e+01
110	1	125	0	2	3	4.09616e-03	-5.90389e-01	1.58931e+01
110	1	126	0	2	3	3.55405e-03	-5.50641e-01	1.49656e+01
110	1	127	0	2	3	4.49656e-03	-6.08781e-01	1.58307e+01
110	1	128	0	2	3	3.79193e-03	-5.97147e-01	1.66500e+01
110	1	129	0	2	3	4.23637e-03	-6.23095e-01	1.69446e+01
110	1	130	0	2	3	4.17631e-03	-6.09664e-01	1.56519e+01
110	1	131	0	2	3	4.27413e-03	-6.00750e-01	1.57555e+01
110	1	132	0	2	3	3.81068e-03	-5.88918e-01	1.64941e+01
110	1	133	0	2	3	4.58638e-03	-6.33782e-01	1.63317e+01
110	1	134	0	2	3	4.26057e-03	-6.19196e-01	1.69040e+01
110	1	135	0	2	3	3.81898e-03	-5.68920e-01	1.54526e+01
110	1	136	0	2	3	6.94084e-03	-8.20037e-01	2.09042e+01
110	1	137	0	2	3	3.32580e-03	-5.47483e-01	1.53438e+01
110	1	138	0	2	3	5.01803e-03	-6.61733e-01	1.69191e+01
110	1	139	0	2	3	3.60345e-03	-5.70879e-01	1.59070e+01
110	1	140	0	2	3	2.78219e-03	-4.94526e-01	1.37217e+01
110	1	141	0	2	3	4.09043e-03	-6.02753e-01	1.57719e+01
110	1	142	0	2	3	-5.83785e-03	1.21123e-01	2.69379e+00
110	1	143	0	2	3	5.55561e-03	-6.94011e-01	1.79072e+01
110	1	144	0	2	3	3.11862e-03	-5.36498e-01	1.58950e+01
110	1	145	0	2	3	4.85128e-03	-6.26666e-01	1.60217e+01
110	1	146	0	2	3	2.52592e-03	-5.11644e-01	1.47537e+01
110	1	147	0	2	3	5.23681e-03	-6.75097e-01	1.63396e+01
110	1	148	0	2	3	2.77782e-03	-4.99315e-01	1.34950e+01
110	1	149	0	2	3	3.43097e-03	-5.30430e-01	1.48943e+01
110	1	150	0	2	3	3.54738e-03	-5.42940e-01	1.51660e+01
110	1	151	0	2	3	5.66963e-03	-6.99469e-01	1.74575e+01
110	1	152	0	2	3	1.74244e-03	-4.17051e-01	1.34476e+01
110	1	153	0	2	3	-2.84226e-03	-5.45422e-02	6.24090e+00
110	1	154	0	2	3	2.15207e-03	-4.85564e-01	1.47123e+01
110	1	155	0	2	3	4.52881e-03	-6.32099e-01	1.54095e+01
110	1	156	0	2	3	6.20192e-03	-7.25218e-01	1.79533e+01
110	1	157	0	2	3	2.62992e-03	-4.93497e-01	1.49531e+01
110	1	158	0	2	3	6.09540e-03	-7.50254e-01	1.94129e+01
110	1	159	0	2	3	3.64825e-03	-5.52282e-01	1.58863e+01
