##
#  file: HodoPHCParam_Dummy
#  date: 2016.06.15
#  note: first version
#
#
#######################################################################
# CId	PlId	Seg	UorD	Type	nParam	p0	p1	...
#
#	Type=0 no correction will be performed
#	Type=1 ct=t-p[0]/sqrt(a-p[1])+p[2]
#	Type=2 ct=p[0]*a*a + p[1]*a + p[2] for Fiber
#
#######################################################################
# BH1 Up                                                              #
#######################################################################
1	0	0	0	1	3	1.00000e+00	1.00000e-03	1.00000e+00
1	0	1	0	1	3	1.00000e+00	1.00000e-03	1.00000e+00
1	0	2	0	1	3	1.00000e+00	1.00000e-03	1.00000e+00
1	0	3	0	1	3	1.00000e+00	1.00000e-03	1.00000e+00
1	0	4	0	1	3	1.00000e+00	1.00000e-03	1.00000e+00
1	0	5	0	1	3	1.00000e+00	1.00000e-03	1.00000e+00
1	0	6	0	1	3	1.00000e+00	1.00000e-03	1.00000e+00
1	0	7	0	1	3	1.00000e+00	1.00000e-03	1.00000e+00
1	0	8	0	1	3	1.00000e+00	1.00000e-03	1.00000e+00
1	0	9	0	1	3	1.00000e+00	1.00000e-03	1.00000e+00
1	0	10	0	1	3	1.00000e+00	1.00000e-03	1.00000e+00
#######################################################################
# BH1 Down                                                            #
#######################################################################
1	0	0	1	1	3	1.00000e+00	1.00000e-03	1.00000e+00
1	0	1	1	1	3	1.00000e+00	1.00000e-03	1.00000e+00
1	0	2	1	1	3	1.00000e+00	1.00000e-03	1.00000e+00
1	0	3	1	1	3	1.00000e+00	1.00000e-03	1.00000e+00
1	0	4	1	1	3	1.00000e+00	1.00000e-03	1.00000e+00
1	0	5	1	1	3	1.00000e+00	1.00000e-03	1.00000e+00
1	0	6	1	1	3	1.00000e+00	1.00000e-03	1.00000e+00
1	0	7	1	1	3	1.00000e+00	1.00000e-03	1.00000e+00
1	0	8	1	1	3	1.00000e+00	1.00000e-03	1.00000e+00
1	0	9	1	1	3	1.00000e+00	1.00000e-03	1.00000e+00
1	0	10	1	1	3	1.00000e+00	1.00000e-03	1.00000e+00
#######################################################################
# BH2 Up                                                              #
#######################################################################
2	0	0	0	1	3	-3.61486e+02	-7.55519e+01	-4.13702e+01
2	0	1	0	1	3	-9.39202e-01	-1.40860e-01	-9.30036e-01
2	0	2	0	1	3	-5.08255e+01	-1.80350e+01	-1.16782e+01
2	0	3	0	1	3	-9.57320e+01	-2.65594e+01	-1.82703e+01
2	0	4	0	1	3	-8.09952e-01	-4.36849e-02	-8.44749e-01
2	0	5	0	1	3	-1.65770e+02	-4.24572e+01	-2.51339e+01
2	0	6	0	1	3	-4.57707e+02	-8.03778e+01	-5.06784e+01
2	0	7	0	1	3	-4.80617e+02	-9.25625e+01	-4.96165e+01
#######################################################################
# BH2 Down                                                            #
#######################################################################
2	0	0	1	1	3	-3.61486e+02	-7.55519e+01	-4.13702e+01
2	0	1	1	1	3	-9.39202e-01	-1.40860e-01	-9.30036e-01
2	0	2	1	1	3	-5.08255e+01	-1.80350e+01	-1.16782e+01
2	0	3	1	1	3	-9.57320e+01	-2.65594e+01	-1.82703e+01
2	0	4	1	1	3	-8.09952e-01	-4.36849e-02	-8.44749e-01
2	0	5	1	1	3	-1.65770e+02	-4.24572e+01	-2.51339e+01
2	0	6	1	1	3	-4.57707e+02	-8.03778e+01	-5.06784e+01
2	0	7	1	1	3	-4.80617e+02	-9.25625e+01	-4.96165e+01
#######################################################################
# BAC                                                                 #
#######################################################################
3	0	0	0	1	3	0.00000e+00	0.00000e+00	0.00000e+00
3	0	1	0	1	3	0.00000e+00	0.00000e+00	0.00000e+00
#######################################################################
# FBH Up                                                              #
#######################################################################
4	0	0	0	2	3	-5.62952e-03	8.96903e-01	-3.53273e+01
4	0	1	0	2	3	-4.29399e-03	7.37975e-01	-3.00049e+01
4	0	2	0	2	3	-5.26894e-03	8.67305e-01	-3.38992e+01
4	0	3	0	2	3	-3.80183e-03	6.69237e-01	-2.72260e+01
4	0	4	0	2	3	-4.35014e-03	7.35785e-01	-2.92008e+01
4	0	5	0	2	3	-4.02541e-03	6.86907e-01	-2.70312e+01
4	0	6	0	2	3	-4.16660e-03	7.08229e-01	-2.81512e+01
4	0	7	0	2	3	-3.93117e-03	6.84759e-01	-2.69101e+01
4	0	8	0	2	3	-4.14423e-03	6.96902e-01	-2.65883e+01
4	0	9	0	2	3	-2.83372e-03	5.62925e-01	-2.20787e+01
4	0	10	0	2	3	-4.07944e-03	7.09420e-01	-2.75603e+01
4	0	11	0	2	3	-3.50961e-03	6.50113e-01	-2.64167e+01
4	0	12	0	2	3	-3.52415e-03	6.49734e-01	-2.67232e+01
4	0	13	0	2	3	-4.13420e-03	7.26957e-01	-2.99675e+01
4	0	14	0	2	3	-4.90315e-03	8.27563e-01	-3.35630e+01
4	0	15	0	2	3	-4.73048e-03	8.13189e-01	-3.31901e+01
#######################################################################
# FBH Down                                                            #
#######################################################################
4	0	0	1	2	3	-5.62952e-03	8.96903e-01	-3.53273e+01
4	0	1	1	2	3	-4.29399e-03	7.37975e-01	-3.00049e+01
4	0	2	1	2	3	-5.26894e-03	8.67305e-01	-3.38992e+01
4	0	3	1	2	3	-3.80183e-03	6.69237e-01	-2.72260e+01
4	0	4	1	2	3	-4.35014e-03	7.35785e-01	-2.92008e+01
4	0	5	1	2	3	-4.02541e-03	6.86907e-01	-2.70312e+01
4	0	6	1	2	3	-4.16660e-03	7.08229e-01	-2.81512e+01
4	0	7	1	2	3	-3.93117e-03	6.84759e-01	-2.69101e+01
4	0	8	1	2	3	-4.14423e-03	6.96902e-01	-2.65883e+01
4	0	9	1	2	3	-2.83372e-03	5.62925e-01	-2.20787e+01
4	0	10	1	2	3	-4.07944e-03	7.09420e-01	-2.75603e+01
4	0	11	1	2	3	-3.50961e-03	6.50113e-01	-2.64167e+01
4	0	12	1	2	3	-3.52415e-03	6.49734e-01	-2.67232e+01
4	0	13	1	2	3	-4.13420e-03	7.26957e-01	-2.99675e+01
4	0	14	1	2	3	-4.90315e-03	8.27563e-01	-3.35630e+01
4	0	15	1	2	3	-4.73048e-03	8.13189e-01	-3.31901e+01
#######################################################################
# PVAC                                                                #
#######################################################################
5	0	0	0	1	3	0.00000e+00	0.00000e+00	0.00000e+00
#######################################################################
# FAC                                                                 #
#######################################################################
6	0	0	0	1	3	0.00000e+00	0.00000e+00	0.00000e+00
#######################################################################
# SCH                                                                 #
#######################################################################
#7	0	0	0	2	3	-0.00500000	0.821213	-32.185321
#7	0	1	0	2	3	-0.00500000	0.830248	-32.269563
#7	0	2	0	2	3	-0.00500000	0.793073	-29.315934
#7	0	3	0	2	3	-0.00500000	0.772144	-28.276705
#7	0	4	0	2	3	-0.00500000	0.801968	-30.687167
#7	0	5	0	2	3	-0.00500000	0.778300	-28.439251
#7	0	6	0	2	3	-0.00500000	0.765872	-27.918181
#7	0	7	0	2	3	-0.00500000	0.738459	-26.016797
#7	0	8	0	2	3	-0.00500000	0.778318	-28.676371
#7	0	9	0	2	3	-0.00500000	0.776670	-28.892887
#7	0	10	0	2	3	-0.00500000	0.764278	-28.122474
#7	0	11	0	2	3	-0.00500000	0.790742	-29.423647
#7	0	12	0	2	3	-0.00500000	0.811330	-30.487019
#7	0	13	0	2	3	-0.00500000	0.818750	-30.891512
#7	0	14	0	2	3	-0.00500000	0.802541	-30.009136
#7	0	15	0	2	3	-0.00500000	0.809525	-30.751746
#7	0	16	0	2	3	-0.00500000	0.802597	-30.845509
#7	0	17	0	2	3	-0.00500000	0.835028	-32.780792
#7	0	18	0	2	3	-0.00500000	0.859176	-33.938731
#7	0	19	0	2	3	-0.00500000	0.814851	-31.445396
#7	0	20	0	2	3	-0.00500000	0.809426	-30.781087
#7	0	21	0	2	3	-0.00500000	0.780678	-28.888756
#7	0	22	0	2	3	-0.00500000	0.808206	-30.719604
#7	0	23	0	2	3	-0.00500000	0.774024	-27.858339
#7	0	24	0	2	3	-0.00500000	0.794308	-29.022101
#7	0	25	0	2	3	-0.00500000	0.775649	-27.980186
#7	0	26	0	2	3	-0.00500000	0.788483	-28.687567
#7	0	27	0	2	3	-0.00466315	0.771386	-29.253260
#7	0	28	0	2	3	-0.00483132	0.790854	-28.637741
#7	0	29	0	2	3	-0.00497049	0.812994	-30.786914
#7	0	30	0	2	3	-0.00500000	0.787793	-28.362716
#7	0	31	0	2	3	-0.00500000	0.790759	-28.876812
#7	0	32	0	2	3	-0.00500000	0.824826	-31.655285
#7	0	33	0	2	3	-0.00500000	0.845304	-33.407765
#7	0	34	0	2	3	-0.00500000	0.832263	-32.939799
#7	0	35	0	2	3	-0.00500000	0.820631	-31.695372
#7	0	36	0	2	3	-0.00500000	0.836997	-33.200590
#7	0	37	0	2	3	-0.00500000	0.819690	-32.097193
#7	0	38	0	2	3	-0.00500000	0.808109	-31.263214
#7	0	39	0	2	3	-0.00500000	0.815224	-31.135523
#7	0	40	0	2	3	-0.00500000	0.803398	-29.897923
#7	0	41	0	2	3	-0.00500000	0.815685	-31.165519
#7	0	42	0	2	3	-0.00500000	0.812980	-30.737261
#7	0	43	0	2	3	-0.00500000	0.829418	-32.693307
#7	0	44	0	2	3	-0.00500000	0.789530	-29.464920
#7	0	45	0	2	3	-0.00500000	0.804789	-31.208151
#7	0	46	0	2	3	-0.00500000	0.830106	-32.806514
#7	0	47	0	2	3	-0.00500000	0.819206	-31.373242
#7	0	48	0	2	3	-0.00500000	0.816165	-31.709319
#7	0	49	0	2	3	-0.00500000	0.798496	-30.201709
#7	0	50	0	2	3	-0.00500000	0.812167	-31.795745
#7	0	51	0	2	3	-0.00500000	0.810749	-31.375226
#7	0	52	0	2	3	-0.00500000	0.803385	-31.372512
#7	0	53	0	2	3	-0.00500000	0.777405	-29.262831
#7	0	54	0	2	3	-0.00500000	0.783954	-29.763410
#7	0	55	0	2	3	-0.00500000	0.789443	-29.976449
#7	0	56	0	2	3	-0.00500000	0.838828	-33.261086
#7	0	57	0	2	3	-0.00500000	0.804421	-30.573195
#7	0	58	0	2	3	-0.00500000	0.773283	-29.111048
#7	0	59	0	2	3	-0.00500000	0.811789	-31.449459
#7	0	60	0	2	3	-0.00500000	0.759724	-28.110014
#7	0	61	0	2	3	-0.00500000	0.810884	-31.379063
#7	0	62	0	2	3	-0.00500000	0.771910	-28.435006
#7	0	63	0	2	3	-0.00500000	0.796658	-30.511906
#######################################################################
# TOF Up                                                              #
#######################################################################
7	0	0	0	1	3	5.24830e+00	-1.96630e+00	2.96170e+00
7	0	1	0	1	3	5.24830e+00	-1.96630e+00	2.96170e+00
7	0	2	0	1	3	5.24830e+00	-1.96630e+00	2.96170e+00
7	0	3	0	1	3	5.24830e+00	-1.96630e+00	2.96170e+00
7	0	4	0	1	3	5.24830e+00	-1.96630e+00	2.96170e+00
7	0	5	0	1	3	5.24830e+00	-1.96630e+00	2.96170e+00
7	0	6	0	1	3	6.97090e+00	-3.03520e+00	3.39910e+00
7	0	7	0	1	3	4.05450e+00	-1.96150e+00	2.30360e+00
7	0	8	0	1	3	1.16940e+02	-2.98600e+01	2.09880e+01
7	0	9	0	1	3	5.24830e+00	-1.96630e+00	2.96170e+00
7	0	10	0	1	3	5.24830e+00	-1.96630e+00	2.96170e+00
7	0	11	0	1	3	5.24830e+00	-1.96630e+00	2.96170e+00
7	0	12	0	1	3	5.24830e+00	-1.96630e+00	2.96170e+00
7	0	13	0	1	3	5.24830e+00	-1.96630e+00	2.96170e+00
7	0	14	0	1	3	5.24830e+00	-1.96630e+00	2.96170e+00
7	0	15	0	1	3	5.24830e+00	-1.96630e+00	2.96170e+00
7	0	16	0	1	3	5.24830e+00	-1.96630e+00	2.96170e+00
7	0	17	0	1	3	5.24830e+00	-1.96630e+00	2.96170e+00
7	0	18	0	1	3	5.24830e+00	-1.96630e+00	2.96170e+00
7	0	19	0	1	3	7.11491e-01	1.85180e-03	5.82402e-01
7	0	20	0	1	3	5.59404e-01	-1.73810e-03	4.50716e-01
7	0	21	0	1	3	8.92499e-01	1.99900e-03	7.37364e-01
7	0	22	0	1	3	6.37553e-01	1.99960e-03	5.45449e-01
7	0	23	0	1	3	1.19210e+00	1.98920e-03	9.99994e-01
#######################################################################
# TOF Down                                                            #
#######################################################################
7	0	0	1	1	3	5.84300e+00	-2.30730e+00	3.11320e+00
7	0	1	1	1	3	5.84300e+00	-2.30730e+00	3.11320e+00
7	0	2	1	1	3	5.84300e+00	-2.30730e+00	3.11320e+00
7	0	3	1	1	3	5.84300e+00	-2.30730e+00	3.11320e+00
7	0	4	1	1	3	5.84300e+00	-2.30730e+00	3.11320e+00
7	0	5	1	1	3	5.84300e+00	-2.30730e+00	3.11320e+00
7	0	6	1	1	3	1.41330e+01	-5.81170e+00	5.32680e+00
7	0	7	1	1	3	7.84850e+01	-2.02870e+01	1.69500e+01
7	0	8	1	1	3	2.20240e+02	-3.62440e+01	3.60080e+01
7	0	9	1	1	3	5.84300e+00	-2.30730e+00	3.11320e+00
7	0	10	1	1	3	5.84300e+00	-2.30730e+00	3.11320e+00
7	0	11	1	1	3	5.84300e+00	-2.30730e+00	3.11320e+00
7	0	12	1	1	3	5.84300e+00	-2.30730e+00	3.11320e+00
7	0	13	1	1	3	5.84300e+00	-2.30730e+00	3.11320e+00
7	0	14	1	1	3	5.84300e+00	-2.30730e+00	3.11320e+00
7	0	15	1	1	3	5.84300e+00	-2.30730e+00	3.11320e+00
7	0	16	1	1	3	5.84300e+00	-2.30730e+00	3.11320e+00
7	0	17	1	1	3	5.84300e+00	-2.30730e+00	3.11320e+00
7	0	18	1	1	3	5.84300e+00	-2.30730e+00	3.11320e+00
7	0	19	1	1	3	6.18741e-01	1.99860e-03	4.90831e-01
7	0	20	1	1	3	5.75901e-01	1.04210e-03	4.72509e-01
7	0	21	1	1	3	9.41046e-01	1.99890e-03	7.79357e-01
7	0	22	1	1	3	4.84266e-01	-1.95590e-03	3.99786e-01
7	0	23	1	1	3	8.97714e-01	1.99860e-03	7.56300e-01
#######################################################################
# BFT U                                                               #
#######################################################################
110	0	0	0	2	3	-9.92556e-03	4.06216e-01	-8.36562e-02
110	0	1	0	2	3	-3.10352e-03	-6.11473e-02	8.40241e+00
110	0	2	0	2	3	8.35995e-04	-3.42755e-01	1.23092e+01
110	0	3	0	2	3	-1.76142e-02	8.90273e-01	-7.19062e+00
110	0	4	0	2	3	4.89368e-03	-6.64673e-01	1.93957e+01
110	0	5	0	2	3	1.97850e-03	-4.21075e-01	1.38717e+01
110	0	6	0	2	3	3.22902e-03	-5.45413e-01	1.64458e+01
110	0	7	0	2	3	7.48063e-03	-8.35147e-01	2.12941e+01
110	0	8	0	2	3	4.27028e-03	-5.99555e-01	1.63896e+01
110	0	9	0	2	3	-3.23285e-03	-2.25017e-02	6.89774e+00
110	0	10	0	2	3	3.24493e-03	-5.30920e-01	1.54419e+01
110	0	11	0	2	3	1.30511e-03	-3.75231e-01	1.26823e+01
110	0	12	0	2	3	3.06415e-03	-5.18881e-01	1.45151e+01
110	0	13	0	2	3	2.94180e-03	-4.84108e-01	1.53491e+01
110	0	14	0	2	3	3.35597e-03	-5.29824e-01	1.53159e+01
110	0	15	0	2	3	-1.36973e-04	-2.57658e-01	1.02626e+01
110	0	16	0	2	3	4.14993e-03	-5.80219e-01	1.49944e+01
110	0	17	0	2	3	3.70958e-03	-5.36923e-01	1.57798e+01
110	0	18	0	2	3	4.34606e-03	-5.94257e-01	1.61112e+01
110	0	19	0	2	3	5.37455e-03	-6.67116e-01	1.62880e+01
110	0	20	0	2	3	3.42808e-03	-5.29335e-01	1.46003e+01
110	0	21	0	2	3	4.01343e-03	-5.66699e-01	1.68010e+01
110	0	22	0	2	3	2.88626e-03	-4.98593e-01	1.50280e+01
110	0	23	0	2	3	3.61281e-03	-5.42714e-01	1.62806e+01
110	0	24	0	2	3	3.72095e-03	-5.44760e-01	1.50461e+01
110	0	25	0	2	3	2.88952e-03	-4.81788e-01	1.44982e+01
110	0	26	0	2	3	3.65397e-03	-5.51812e-01	1.59937e+01
110	0	27	0	2	3	4.59793e-03	-6.02354e-01	1.59692e+01
110	0	28	0	2	3	3.95398e-03	-5.63167e-01	1.45733e+01
110	0	29	0	2	3	4.59800e-03	-5.99693e-01	1.64774e+01
110	0	30	0	2	3	4.15992e-03	-5.89596e-01	1.65247e+01
110	0	31	0	2	3	3.05907e-03	-4.99143e-01	1.53598e+01
110	0	32	0	2	3	3.12787e-03	-5.16548e-01	1.55380e+01
110	0	33	0	2	3	3.87350e-03	-5.44556e-01	1.34206e+01
110	0	34	0	2	3	3.71807e-03	-5.59841e-01	1.61125e+01
110	0	35	0	2	3	4.55870e-03	-6.18173e-01	1.75557e+01
110	0	36	0	2	3	3.88062e-03	-5.54692e-01	1.47062e+01
110	0	37	0	2	3	4.32124e-03	-5.95470e-01	1.70087e+01
110	0	38	0	2	3	4.06995e-03	-5.78519e-01	1.57789e+01
110	0	39	0	2	3	4.40816e-03	-5.99552e-01	1.68493e+01
110	0	40	0	2	3	3.71962e-03	-5.47254e-01	1.45139e+01
110	0	41	0	2	3	3.48614e-03	-5.27728e-01	1.55623e+01
110	0	42	0	2	3	3.69940e-03	-5.48444e-01	1.51413e+01
110	0	43	0	2	3	3.75074e-03	-5.59328e-01	1.68702e+01
110	0	44	0	2	3	3.90398e-03	-5.69821e-01	1.51836e+01
110	0	45	0	2	3	3.98279e-03	-5.60573e-01	1.66758e+01
110	0	46	0	2	3	4.42678e-03	-6.11634e-01	1.70812e+01
110	0	47	0	2	3	5.10351e-03	-6.61104e-01	1.87971e+01
110	0	48	0	2	3	3.98703e-03	-5.63401e-01	1.48620e+01
110	0	49	0	2	3	4.06851e-03	-5.78332e-01	1.66743e+01
110	0	50	0	2	3	4.60997e-03	-6.18759e-01	1.74050e+01
110	0	51	0	2	3	4.55282e-03	-6.08553e-01	1.69672e+01
110	0	52	0	2	3	3.89484e-03	-5.60539e-01	1.54714e+01
110	0	53	0	2	3	4.36135e-03	-5.88424e-01	1.64180e+01
110	0	54	0	2	3	4.22898e-03	-5.91598e-01	1.65428e+01
110	0	55	0	2	3	4.56407e-03	-6.11622e-01	1.69819e+01
110	0	56	0	2	3	3.71250e-03	-5.64250e-01	1.61053e+01
110	0	57	0	2	3	4.19374e-03	-5.83847e-01	1.71446e+01
110	0	58	0	2	3	4.53584e-03	-6.15713e-01	1.70811e+01
110	0	59	0	2	3	4.11572e-03	-5.91199e-01	1.76250e+01
110	0	60	0	2	3	3.81483e-03	-5.65205e-01	1.47559e+01
110	0	61	0	2	3	3.52283e-03	-5.35100e-01	1.59862e+01
110	0	62	0	2	3	4.83611e-03	-6.32075e-01	1.71237e+01
110	0	63	0	2	3	4.00958e-03	-5.73397e-01	1.55988e+01
110	0	64	0	2	3	4.14903e-03	-5.85086e-01	1.66591e+01
110	0	65	0	2	3	4.09136e-03	-5.77933e-01	1.67033e+01
110	0	66	0	2	3	4.37215e-03	-6.17163e-01	1.76306e+01
110	0	67	0	2	3	3.64884e-03	-5.51280e-01	1.54864e+01
110	0	68	0	2	3	3.59583e-03	-5.61214e-01	1.59740e+01
110	0	69	0	2	3	3.65028e-03	-5.47603e-01	1.57806e+01
110	0	70	0	2	3	4.42676e-03	-6.24948e-01	1.70617e+01
110	0	71	0	2	3	3.86103e-03	-5.68214e-01	1.65810e+01
110	0	72	0	2	3	4.08173e-03	-5.85237e-01	1.60840e+01
110	0	73	0	2	3	4.07991e-03	-5.85986e-01	1.63328e+01
110	0	74	0	2	3	4.38888e-03	-6.19278e-01	1.69149e+01
110	0	75	0	2	3	4.44741e-03	-6.08078e-01	1.69631e+01
110	0	76	0	2	3	3.40903e-03	-5.38267e-01	1.54761e+01
110	0	77	0	2	3	3.73123e-03	-5.56233e-01	1.63621e+01
110	0	78	0	2	3	4.59814e-03	-6.29183e-01	1.73744e+01
110	0	79	0	2	3	4.37402e-03	-5.99452e-01	1.67041e+01
110	0	80	0	2	3	4.19766e-03	-5.95257e-01	1.65577e+01
110	0	81	0	2	3	3.64226e-03	-5.38780e-01	1.56229e+01
110	0	82	0	2	3	4.46405e-03	-6.08681e-01	1.72635e+01
110	0	83	0	2	3	4.38436e-03	-6.03912e-01	1.67393e+01
110	0	84	0	2	3	3.62962e-03	-5.50518e-01	1.61852e+01
110	0	85	0	2	3	4.08746e-03	-5.75958e-01	1.66641e+01
110	0	86	0	2	3	4.02275e-03	-5.93419e-01	1.68534e+01
110	0	87	0	2	3	4.23952e-03	-6.01676e-01	1.75317e+01
110	0	88	0	2	3	3.83124e-03	-5.61715e-01	1.57481e+01
110	0	89	0	2	3	3.62822e-03	-5.48403e-01	1.58582e+01
110	0	90	0	2	3	4.06448e-03	-5.84752e-01	1.63724e+01
110	0	91	0	2	3	4.69479e-03	-6.33178e-01	1.69771e+01
110	0	92	0	2	3	4.49372e-03	-6.22928e-01	1.79064e+01
110	0	93	0	2	3	3.98247e-03	-5.72748e-01	1.60615e+01
110	0	94	0	2	3	4.85435e-03	-6.69270e-01	1.90192e+01
110	0	95	0	2	3	4.34778e-03	-6.03492e-01	1.72385e+01
110	0	96	0	2	3	3.62330e-03	-5.63254e-01	1.65866e+01
110	0	97	0	2	3	3.61021e-03	-5.50142e-01	1.65130e+01
110	0	98	0	2	3	4.35723e-03	-6.18921e-01	1.75772e+01
110	0	99	0	2	3	4.42314e-03	-6.03329e-01	1.60231e+01
110	0	100	0	2	3	4.02290e-03	-5.85987e-01	1.64971e+01
110	0	101	0	2	3	4.13780e-03	-5.84354e-01	1.69597e+01
110	0	102	0	2	3	4.86045e-03	-6.50376e-01	1.79250e+01
110	0	103	0	2	3	4.59874e-03	-6.22879e-01	1.72664e+01
110	0	104	0	2	3	4.01839e-03	-5.82454e-01	1.64992e+01
110	0	105	0	2	3	3.87458e-03	-5.71302e-01	1.63498e+01
110	0	106	0	2	3	4.69766e-03	-6.34793e-01	1.75589e+01
110	0	107	0	2	3	4.18524e-03	-5.83531e-01	1.58742e+01
110	0	108	0	2	3	3.76959e-03	-5.68209e-01	1.61458e+01
110	0	109	0	2	3	4.04982e-03	-5.81661e-01	1.63558e+01
110	0	110	0	2	3	4.29138e-03	-6.01553e-01	1.66755e+01
110	0	111	0	2	3	4.50755e-03	-6.22829e-01	1.72806e+01
110	0	112	0	2	3	4.23110e-03	-5.94832e-01	1.64120e+01
110	0	113	0	2	3	4.01545e-03	-5.71518e-01	1.60870e+01
110	0	114	0	2	3	4.56811e-03	-6.29396e-01	1.74248e+01
110	0	115	0	2	3	4.60803e-03	-6.19526e-01	1.70170e+01
110	0	116	0	2	3	3.54733e-03	-5.53894e-01	1.65959e+01
110	0	117	0	2	3	5.19585e-03	-6.65718e-01	1.79118e+01
110	0	118	0	2	3	4.17856e-03	-6.02504e-01	1.71373e+01
110	0	119	0	2	3	3.87981e-03	-5.63169e-01	1.51181e+01
110	0	120	0	2	3	4.06804e-03	-5.94830e-01	1.74431e+01
110	0	121	0	2	3	5.28441e-03	-6.57001e-01	1.62124e+01
110	0	122	0	2	3	3.49147e-03	-5.57677e-01	1.70899e+01
110	0	123	0	2	3	5.17976e-03	-6.58185e-01	1.79980e+01
110	0	124	0	2	3	2.48585e-03	-4.62523e-01	1.44575e+01
110	0	125	0	2	3	3.90778e-03	-5.59490e-01	1.39265e+01
110	0	126	0	2	3	3.68329e-03	-5.54829e-01	1.55583e+01
110	0	127	0	2	3	4.77020e-03	-6.31069e-01	1.73306e+01
110	0	128	0	2	3	2.69791e-03	-5.17985e-01	1.63593e+01
110	0	129	0	2	3	3.46662e-03	-5.72062e-01	1.70334e+01
110	0	130	0	2	3	3.29433e-03	-5.57927e-01	1.70300e+01
110	0	131	0	2	3	4.01614e-03	-5.77628e-01	1.67349e+01
110	0	132	0	2	3	3.42749e-03	-5.55842e-01	1.71644e+01
110	0	133	0	2	3	4.82297e-03	-6.46544e-01	1.82484e+01
110	0	134	0	2	3	2.78562e-03	-5.16402e-01	1.59709e+01
110	0	135	0	2	3	1.69694e-03	-4.16595e-01	1.43390e+01
110	0	136	0	2	3	3.46817e-03	-5.49084e-01	1.57252e+01
110	0	137	0	2	3	3.27707e-03	-5.52758e-01	1.71843e+01
110	0	138	0	2	3	2.24902e-03	-4.73182e-01	1.54294e+01
110	0	139	0	2	3	2.16482e-03	-4.69790e-01	1.51008e+01
110	0	140	0	2	3	1.48326e-03	-4.31705e-01	1.52730e+01
110	0	141	0	2	3	3.60297e-03	-5.69952e-01	1.61764e+01
110	0	142	0	2	3	3.93779e-03	-5.89848e-01	1.79567e+01
110	0	143	0	2	3	3.71081e-03	-5.77347e-01	1.65333e+01
110	0	144	0	2	3	4.33294e-03	-6.38549e-01	1.84080e+01
110	0	145	0	2	3	4.01735e-03	-5.79292e-01	1.66682e+01
110	0	146	0	2	3	2.19127e-03	-4.73758e-01	1.51614e+01
110	0	147	0	2	3	4.36460e-03	-6.04648e-01	1.63091e+01
110	0	148	0	2	3	4.43001e-03	-6.23879e-01	1.80331e+01
110	0	149	0	2	3	3.12771e-03	-5.15302e-01	1.55843e+01
110	0	150	0	2	3	2.46833e-03	-4.92806e-01	1.57283e+01
110	0	151	0	2	3	3.86416e-03	-5.91120e-01	1.72211e+01
110	0	152	0	2	3	3.79126e-03	-5.90880e-01	1.78671e+01
110	0	153	0	2	3	2.16097e-03	-4.76393e-01	1.55637e+01
110	0	154	0	2	3	3.40849e-03	-5.45048e-01	1.56476e+01
110	0	155	0	2	3	1.64884e-03	-4.24153e-01	1.36299e+01
110	0	156	0	2	3	2.63082e-03	-4.95321e-01	1.64704e+01
110	0	157	0	2	3	2.60309e-03	-5.24316e-01	1.68000e+01
110	0	158	0	2	3	-2.45296e-03	-1.61281e-01	1.06188e+01
110	0	159	0	2	3	-3.89166e-03	4.28413e-03	6.33581e+00
#######################################################################
# BFT D                                                               #
#######################################################################
110	1	0	0	2	3	-1.53363e-03	-1.47790e-01	9.52494e+00
110	1	1	0	2	3	1.65170e-03	-3.32978e-01	1.18885e+01
110	1	2	0	2	3	-6.83153e-03	2.00061e-01	3.74619e+00
110	1	3	0	2	3	-6.42829e-03	1.91833e-01	3.42676e+00
110	1	4	0	2	3	1.81724e-03	-4.00695e-01	1.41604e+01
110	1	5	0	2	3	-5.01605e-04	-2.41491e-01	1.14923e+01
110	1	6	0	2	3	5.69066e-04	-3.43301e-01	1.27318e+01
110	1	7	0	2	3	7.50571e-04	-3.48509e-01	1.34179e+01
110	1	8	0	2	3	4.10669e-03	-5.74175e-01	1.67174e+01
110	1	9	0	2	3	3.72531e-03	-5.86436e-01	1.84397e+01
110	1	10	0	2	3	3.13550e-03	-5.12839e-01	1.46105e+01
110	1	11	0	2	3	3.86795e-03	-5.62548e-01	1.67261e+01
110	1	12	0	2	3	2.84941e-03	-4.97708e-01	1.47840e+01
110	1	13	0	2	3	3.94919e-03	-5.80745e-01	1.70158e+01
110	1	14	0	2	3	4.13255e-03	-6.00125e-01	1.65218e+01
110	1	15	0	2	3	1.36028e-03	-3.84789e-01	1.32293e+01
110	1	16	0	2	3	2.75360e-03	-5.00050e-01	1.50186e+01
110	1	17	0	2	3	3.60759e-03	-5.47204e-01	1.63794e+01
110	1	18	0	2	3	2.98811e-03	-5.14203e-01	1.46263e+01
110	1	19	0	2	3	-2.05942e-04	-2.59818e-01	1.13495e+01
110	1	20	0	2	3	3.46225e-03	-5.48338e-01	1.61126e+01
110	1	21	0	2	3	2.53661e-03	-4.71669e-01	1.53806e+01
110	1	22	0	2	3	3.41744e-03	-5.44059e-01	1.56907e+01
110	1	23	0	2	3	4.21693e-03	-5.89591e-01	1.66635e+01
110	1	24	0	2	3	3.23671e-03	-5.31592e-01	1.64214e+01
110	1	25	0	2	3	4.02851e-03	-5.81266e-01	1.67703e+01
110	1	26	0	2	3	3.14869e-03	-5.32118e-01	1.53804e+01
110	1	27	0	2	3	3.43275e-03	-5.40911e-01	1.67884e+01
110	1	28	0	2	3	4.32203e-03	-6.07114e-01	1.66001e+01
110	1	29	0	2	3	3.63223e-03	-5.49306e-01	1.62737e+01
110	1	30	0	2	3	3.89580e-03	-5.76383e-01	1.63361e+01
110	1	31	0	2	3	3.69787e-03	-5.63365e-01	1.67686e+01
110	1	32	0	2	3	3.57339e-03	-5.57885e-01	1.73267e+01
110	1	33	0	2	3	3.35762e-03	-5.38337e-01	1.51094e+01
110	1	34	0	2	3	3.98160e-03	-5.76076e-01	1.58506e+01
110	1	35	0	2	3	3.67603e-03	-5.69064e-01	1.79683e+01
110	1	36	0	2	3	3.99830e-03	-5.76651e-01	1.60636e+01
110	1	37	0	2	3	3.51209e-03	-5.40180e-01	1.52873e+01
110	1	38	0	2	3	4.05857e-03	-5.84005e-01	1.64069e+01
110	1	39	0	2	3	3.91981e-03	-5.68990e-01	1.68077e+01
110	1	40	0	2	3	4.03854e-03	-5.79142e-01	1.59754e+01
110	1	41	0	2	3	4.03194e-03	-5.78975e-01	1.64501e+01
110	1	42	0	2	3	3.93071e-03	-5.69468e-01	1.53363e+01
110	1	43	0	2	3	4.54160e-03	-6.16305e-01	1.78597e+01
110	1	44	0	2	3	3.59528e-03	-5.55817e-01	1.57868e+01
110	1	45	0	2	3	3.61312e-03	-5.52624e-01	1.62361e+01
110	1	46	0	2	3	4.45109e-03	-6.12257e-01	1.66428e+01
110	1	47	0	2	3	4.17102e-03	-6.10651e-01	1.82738e+01
110	1	48	0	2	3	3.68764e-03	-5.57491e-01	1.64591e+01
110	1	49	0	2	3	3.86253e-03	-5.60831e-01	1.65050e+01
110	1	50	0	2	3	4.03815e-03	-5.84338e-01	1.59200e+01
110	1	51	0	2	3	4.19523e-03	-5.92285e-01	1.78325e+01
110	1	52	0	2	3	3.82698e-03	-5.80858e-01	1.62186e+01
110	1	53	0	2	3	3.25736e-03	-5.24278e-01	1.59386e+01
110	1	54	0	2	3	3.67888e-03	-5.67463e-01	1.69062e+01
110	1	55	0	2	3	3.80292e-03	-5.62173e-01	1.63630e+01
110	1	56	0	2	3	4.44082e-03	-6.25045e-01	1.70055e+01
110	1	57	0	2	3	3.50542e-03	-5.44959e-01	1.68480e+01
110	1	58	0	2	3	4.65605e-03	-6.46498e-01	1.94001e+01
110	1	59	0	2	3	5.03257e-03	-6.65823e-01	1.93498e+01
110	1	60	0	2	3	4.10060e-03	-5.94423e-01	1.72117e+01
110	1	61	0	2	3	3.94206e-03	-5.58274e-01	1.64776e+01
110	1	62	0	2	3	3.88999e-03	-5.76936e-01	1.58825e+01
110	1	63	0	2	3	4.15990e-03	-5.94877e-01	1.71447e+01
110	1	64	0	2	3	3.66907e-03	-5.65402e-01	1.70978e+01
110	1	65	0	2	3	3.99332e-03	-5.81315e-01	1.61788e+01
110	1	66	0	2	3	4.85128e-03	-6.55594e-01	1.74116e+01
110	1	67	0	2	3	4.41930e-03	-6.13872e-01	1.68644e+01
110	1	68	0	2	3	3.83613e-03	-5.63714e-01	1.53739e+01
110	1	69	0	2	3	4.30729e-03	-5.99855e-01	1.65256e+01
110	1	70	0	2	3	4.40789e-03	-6.15884e-01	1.77706e+01
110	1	71	0	2	3	4.38159e-03	-6.16379e-01	1.71482e+01
110	1	72	0	2	3	3.47533e-03	-5.46786e-01	1.61084e+01
110	1	73	0	2	3	4.30855e-03	-6.09407e-01	1.75592e+01
110	1	74	0	2	3	4.48814e-03	-6.15932e-01	1.64273e+01
110	1	75	0	2	3	4.28074e-03	-6.05158e-01	1.63592e+01
110	1	76	0	2	3	3.59878e-03	-5.53335e-01	1.60106e+01
110	1	77	0	2	3	3.79937e-03	-5.75121e-01	1.69349e+01
110	1	78	0	2	3	4.31939e-03	-6.08483e-01	1.63508e+01
110	1	79	0	2	3	3.81646e-03	-5.69930e-01	1.56787e+01
110	1	80	0	2	3	3.96245e-03	-5.75703e-01	1.62869e+01
110	1	81	0	2	3	3.82861e-03	-5.65215e-01	1.58668e+01
110	1	82	0	2	3	4.25129e-03	-6.00153e-01	1.76647e+01
110	1	83	0	2	3	4.31245e-03	-5.93086e-01	1.56549e+01
110	1	84	0	2	3	4.03918e-03	-5.72122e-01	1.56736e+01
110	1	85	0	2	3	3.96102e-03	-5.73962e-01	1.62977e+01
110	1	86	0	2	3	4.10015e-03	-5.94639e-01	1.64368e+01
110	1	87	0	2	3	4.55105e-03	-6.09856e-01	1.56411e+01
110	1	88	0	2	3	3.59617e-03	-5.58842e-01	1.66128e+01
110	1	89	0	2	3	3.69913e-03	-5.65390e-01	1.59694e+01
110	1	90	0	2	3	4.48884e-03	-6.17790e-01	1.66925e+01
110	1	91	0	2	3	3.81696e-03	-5.64104e-01	1.57047e+01
110	1	92	0	2	3	3.81310e-03	-5.64911e-01	1.61973e+01
110	1	93	0	2	3	4.11316e-03	-5.83128e-01	1.66772e+01
110	1	94	0	2	3	4.38658e-03	-6.16042e-01	1.69455e+01
110	1	95	0	2	3	4.05446e-03	-5.89619e-01	1.65988e+01
110	1	96	0	2	3	4.00293e-03	-5.76320e-01	1.60503e+01
110	1	97	0	2	3	3.84645e-03	-5.65730e-01	1.58338e+01
110	1	98	0	2	3	4.09754e-03	-6.05854e-01	1.80517e+01
110	1	99	0	2	3	3.94617e-03	-5.79798e-01	1.65357e+01
110	1	100	0	2	3	3.40309e-03	-5.27978e-01	1.47882e+01
110	1	101	0	2	3	4.00165e-03	-5.73143e-01	1.57865e+01
110	1	102	0	2	3	4.06921e-03	-5.94787e-01	1.69733e+01
110	1	103	0	2	3	3.72399e-03	-5.61056e-01	1.60848e+01
110	1	104	0	2	3	3.70163e-03	-5.57309e-01	1.62786e+01
110	1	105	0	2	3	3.32529e-03	-5.30486e-01	1.49102e+01
110	1	106	0	2	3	4.05099e-03	-5.87913e-01	1.65952e+01
110	1	107	0	2	3	4.89436e-03	-6.43175e-01	1.66560e+01
110	1	108	0	2	3	3.05070e-03	-5.18687e-01	1.55250e+01
110	1	109	0	2	3	3.26270e-03	-5.23496e-01	1.52829e+01
110	1	110	0	2	3	4.39442e-03	-6.18052e-01	1.74810e+01
110	1	111	0	2	3	4.66489e-03	-6.34942e-01	1.79021e+01
110	1	112	0	2	3	3.59180e-03	-5.54778e-01	1.61790e+01
110	1	113	0	2	3	3.93832e-03	-5.75335e-01	1.68357e+01
110	1	114	0	2	3	4.34114e-03	-6.13513e-01	1.69835e+01
110	1	115	0	2	3	4.04645e-03	-5.82778e-01	1.66592e+01
110	1	116	0	2	3	3.74342e-03	-5.70386e-01	1.67142e+01
110	1	117	0	2	3	4.11424e-03	-5.89393e-01	1.60991e+01
110	1	118	0	2	3	4.03016e-03	-5.87147e-01	1.60362e+01
110	1	119	0	2	3	4.16097e-03	-5.90467e-01	1.61401e+01
110	1	120	0	2	3	4.65518e-03	-6.21559e-01	1.70944e+01
110	1	121	0	2	3	4.49970e-03	-6.16457e-01	1.73670e+01
110	1	122	0	2	3	5.13101e-03	-6.70499e-01	1.95023e+01
110	1	123	0	2	3	4.88952e-03	-6.57061e-01	1.87569e+01
110	1	124	0	2	3	3.99035e-03	-5.78954e-01	1.62033e+01
110	1	125	0	2	3	3.50864e-03	-5.46920e-01	1.54901e+01
110	1	126	0	2	3	4.28581e-03	-5.97749e-01	1.60926e+01
110	1	127	0	2	3	3.68862e-03	-5.60773e-01	1.55631e+01
110	1	128	0	2	3	3.92954e-03	-6.07838e-01	1.82641e+01
110	1	129	0	2	3	3.70911e-03	-5.86388e-01	1.77750e+01
110	1	130	0	2	3	4.23876e-03	-6.18425e-01	1.73190e+01
110	1	131	0	2	3	3.71842e-03	-5.69741e-01	1.67752e+01
110	1	132	0	2	3	3.52093e-03	-5.63135e-01	1.73678e+01
110	1	133	0	2	3	5.03199e-03	-6.62607e-01	1.82070e+01
110	1	134	0	2	3	3.15364e-03	-5.36952e-01	1.57679e+01
110	1	135	0	2	3	4.67927e-03	-6.28550e-01	1.68463e+01
110	1	136	0	2	3	5.21284e-03	-6.90412e-01	1.98974e+01
110	1	137	0	2	3	5.47724e-03	-6.98909e-01	1.83518e+01
110	1	138	0	2	3	4.51546e-03	-6.26394e-01	1.76981e+01
110	1	139	0	2	3	5.55015e-03	-7.01582e-01	1.84342e+01
110	1	140	0	2	3	3.92265e-03	-5.90839e-01	1.70432e+01
110	1	141	0	2	3	4.27293e-03	-6.11675e-01	1.71870e+01
110	1	142	0	2	3	2.89762e-03	-5.17316e-01	1.54817e+01
110	1	143	0	2	3	3.26672e-03	-5.42529e-01	1.68520e+01
110	1	144	0	2	3	4.93801e-03	-6.65392e-01	1.85429e+01
110	1	145	0	2	3	4.57044e-03	-6.13441e-01	1.62508e+01
110	1	146	0	2	3	3.42350e-03	-5.71211e-01	1.69931e+01
110	1	147	0	2	3	4.55028e-03	-6.14251e-01	1.64783e+01
110	1	148	0	2	3	2.96376e-03	-5.16105e-01	1.51198e+01
110	1	149	0	2	3	3.92044e-03	-5.77471e-01	1.62758e+01
110	1	150	0	2	3	4.07175e-03	-5.97744e-01	1.66366e+01
110	1	151	0	2	3	4.57340e-03	-6.30674e-01	1.77004e+01
110	1	152	0	2	3	5.08819e-03	-6.76744e-01	1.86300e+01
110	1	153	0	2	3	3.60860e-03	-5.58678e-01	1.73166e+01
110	1	154	0	2	3	3.43435e-03	-5.56594e-01	1.59261e+01
110	1	155	0	2	3	2.97482e-03	-5.18280e-01	1.56983e+01
110	1	156	0	2	3	5.04864e-03	-6.71980e-01	1.88944e+01
110	1	157	0	2	3	7.43104e-03	-8.31101e-01	2.18968e+01
110	1	158	0	2	3	1.18983e-03	-4.16920e-01	1.52846e+01
110	1	159	0	2	3	8.21414e-04	-3.51184e-01	1.34453e+01
