##
#  file: HodoPHCParam_Dummy
#  date: 2016.06.15
#  note: first version
#
#
#######################################################################
# CId	PlId	Seg	UorD	Type	nParam	p0	p1	...
#
#	Type=0 no correction will be performed
#	Type=1 ct=t-p[0]/sqrt(a-p[1])+p[2]
#	Type=2 ct=p[0]*a*a + p[1]*a + p[2] for Fiber
#
#######################################################################
# BH1 Up                                                              #
#######################################################################
1	0	0	0	1	3	1.47730e+00	-2.35290e-01	1.36110e+00
1	0	1	0	1	3	6.62130e-01	3.34480e-01	8.67710e-01
1	0	2	0	1	3	7.54820e-01	2.48290e-01	9.34610e-01
1	0	3	0	1	3	1.23270e+00	-1.14280e-01	1.26640e+00
1	0	4	0	1	3	1.29730e+00	-1.98210e-01	1.21160e+00
1	0	5	0	1	3	1.43110e+00	-7.87430e-02	1.42120e+00
1	0	6	0	1	3	1.41000e+00	-1.74510e-01	1.32020e+00
1	0	7	0	1	3	1.25340e+00	-3.62780e-02	1.24940e+00
1	0	8	0	1	3	1.44900e+00	-3.83590e-01	1.25050e+00
1	0	9	0	1	3	2.28060e+00	-6.04700e-01	1.82360e+00
1	0	10	0	1	3	9.33520e-01	5.26570e-02	9.95230e-01
#######################################################################
# BH1 Down                                                            #
#######################################################################
1	0	0	1	1	3	2.02010e+00	-5.58670e-01	1.64300e+00
1	0	1	1	1	3	8.49690e-01	1.88140e-01	1.01360e+00
1	0	2	1	1	3	1.21680e+00	-7.53470e-02	1.21540e+00
1	0	3	1	1	3	2.08470e+02	-6.59470e+01	2.55410e+01
1	0	4	1	1	3	1.41330e+00	-2.47510e-01	1.29810e+00
1	0	5	1	1	3	1.63380e+00	-2.25070e-01	1.48610e+00
1	0	6	1	1	3	1.64270e+00	-3.28680e-01	1.48410e+00
1	0	7	1	1	3	1.48840e+00	-1.98800e-01	1.38020e+00
1	0	8	1	1	3	9.57720e-01	-5.07090e-03	9.79170e-01
1	0	9	1	1	3	1.28980e+00	-8.52640e-02	1.26930e+00
1	0	10	1	1	3	1.29280e+00	-1.52360e-01	1.25330e+00
#######################################################################
# BH2 Up                                                              #
#######################################################################
2	0	0	0	1	3	1.23928e-01	3.19092e-01	1.64921e-01
2	0	1	0	1	3	7.53706e-01	-1.79708e-01	6.99096e-01
2	0	2	0	1	3	4.42202e-01	-1.79103e-01	4.01925e-01
2	0	3	0	1	3	3.11545e-01	-5.77250e-02	3.02038e-01
2	0	4	0	1	3	2.94738e-01	-1.61080e-01	2.70687e-01
2	0	5	0	1	3	1.70974e-01	2.75206e-01	2.01729e-01
2	0	6	0	1	3	3.73818e-01	9.75170e-02	3.97597e-01
2	0	7	0	1	3	3.15997e-01	6.59460e-02	3.24278e-01
#######################################################################
# BH2 Down                                                            #
#######################################################################
2	0	0	1	1	3	2.64639e-01	1.04767e-01	3.03250e-01
2	0	1	1	1	3	1.34101e+00	-8.16725e-01	9.87325e-01
2	0	2	1	1	3	4.33143e-01	-7.83380e-02	4.15357e-01
2	0	3	1	1	3	2.71422e-01	-7.15340e-02	2.53653e-01
2	0	4	1	1	3	2.16354e-01	1.56752e-01	2.36613e-01
2	0	5	1	1	3	2.26477e-01	2.19430e-01	2.54177e-01
2	0	6	1	1	3	1.46634e+00	-7.69085e-01	1.07966e+00
2	0	7	1	1	3	2.49431e-01	7.90660e-02	2.64418e-01
#######################################################################
# BAC                                                                 #
#######################################################################
3	0	0	0	1	3	0.00000e+00	0.00000e+00	0.00000e+00
3	0	1	0	1	3	0.00000e+00	0.00000e+00	0.00000e+00
#######################################################################
# FBH Up                                                              #
#######################################################################
4	0	0	0	2	3	-5.62952e-03	8.96903e-01	-3.53273e+01
4	0	1	0	2	3	-4.29399e-03	7.37975e-01	-3.00049e+01
4	0	2	0	2	3	-5.26894e-03	8.67305e-01	-3.38992e+01
4	0	3	0	2	3	-3.80183e-03	6.69237e-01	-2.72260e+01
4	0	4	0	2	3	-4.35014e-03	7.35785e-01	-2.92008e+01
4	0	5	0	2	3	-4.02541e-03	6.86907e-01	-2.70312e+01
4	0	6	0	2	3	-4.16660e-03	7.08229e-01	-2.81512e+01
4	0	7	0	2	3	-3.93117e-03	6.84759e-01	-2.69101e+01
4	0	8	0	2	3	-4.14423e-03	6.96902e-01	-2.65883e+01
4	0	9	0	2	3	-2.83372e-03	5.62925e-01	-2.20787e+01
4	0	10	0	2	3	-4.07944e-03	7.09420e-01	-2.75603e+01
4	0	11	0	2	3	-3.50961e-03	6.50113e-01	-2.64167e+01
4	0	12	0	2	3	-3.52415e-03	6.49734e-01	-2.67232e+01
4	0	13	0	2	3	-4.13420e-03	7.26957e-01	-2.99675e+01
4	0	14	0	2	3	-4.90315e-03	8.27563e-01	-3.35630e+01
4	0	15	0	2	3	-4.73048e-03	8.13189e-01	-3.31901e+01
#######################################################################
# FBH Down                                                            #
#######################################################################
4	0	0	1	2	3	-5.62952e-03	8.96903e-01	-3.53273e+01
4	0	1	1	2	3	-4.29399e-03	7.37975e-01	-3.00049e+01
4	0	2	1	2	3	-5.26894e-03	8.67305e-01	-3.38992e+01
4	0	3	1	2	3	-3.80183e-03	6.69237e-01	-2.72260e+01
4	0	4	1	2	3	-4.35014e-03	7.35785e-01	-2.92008e+01
4	0	5	1	2	3	-4.02541e-03	6.86907e-01	-2.70312e+01
4	0	6	1	2	3	-4.16660e-03	7.08229e-01	-2.81512e+01
4	0	7	1	2	3	-3.93117e-03	6.84759e-01	-2.69101e+01
4	0	8	1	2	3	-4.14423e-03	6.96902e-01	-2.65883e+01
4	0	9	1	2	3	-2.83372e-03	5.62925e-01	-2.20787e+01
4	0	10	1	2	3	-4.07944e-03	7.09420e-01	-2.75603e+01
4	0	11	1	2	3	-3.50961e-03	6.50113e-01	-2.64167e+01
4	0	12	1	2	3	-3.52415e-03	6.49734e-01	-2.67232e+01
4	0	13	1	2	3	-4.13420e-03	7.26957e-01	-2.99675e+01
4	0	14	1	2	3	-4.90315e-03	8.27563e-01	-3.35630e+01
4	0	15	1	2	3	-4.73048e-03	8.13189e-01	-3.31901e+01
#######################################################################
# PVAC                                                                #
#######################################################################
5	0	0	0	1	3	0.00000e+00	0.00000e+00	0.00000e+00
#######################################################################
# FAC                                                                 #
#######################################################################
6	0	0	0	1	3	0.00000e+00	0.00000e+00	0.00000e+00
#######################################################################
# SCH                                                                 #
#######################################################################
#7	0	0	0	2	3	-0.00500000	0.821213	-32.185321
#7	0	1	0	2	3	-0.00500000	0.830248	-32.269563
#7	0	2	0	2	3	-0.00500000	0.793073	-29.315934
#7	0	3	0	2	3	-0.00500000	0.772144	-28.276705
#7	0	4	0	2	3	-0.00500000	0.801968	-30.687167
#7	0	5	0	2	3	-0.00500000	0.778300	-28.439251
#7	0	6	0	2	3	-0.00500000	0.765872	-27.918181
#7	0	7	0	2	3	-0.00500000	0.738459	-26.016797
#7	0	8	0	2	3	-0.00500000	0.778318	-28.676371
#7	0	9	0	2	3	-0.00500000	0.776670	-28.892887
#7	0	10	0	2	3	-0.00500000	0.764278	-28.122474
#7	0	11	0	2	3	-0.00500000	0.790742	-29.423647
#7	0	12	0	2	3	-0.00500000	0.811330	-30.487019
#7	0	13	0	2	3	-0.00500000	0.818750	-30.891512
#7	0	14	0	2	3	-0.00500000	0.802541	-30.009136
#7	0	15	0	2	3	-0.00500000	0.809525	-30.751746
#7	0	16	0	2	3	-0.00500000	0.802597	-30.845509
#7	0	17	0	2	3	-0.00500000	0.835028	-32.780792
#7	0	18	0	2	3	-0.00500000	0.859176	-33.938731
#7	0	19	0	2	3	-0.00500000	0.814851	-31.445396
#7	0	20	0	2	3	-0.00500000	0.809426	-30.781087
#7	0	21	0	2	3	-0.00500000	0.780678	-28.888756
#7	0	22	0	2	3	-0.00500000	0.808206	-30.719604
#7	0	23	0	2	3	-0.00500000	0.774024	-27.858339
#7	0	24	0	2	3	-0.00500000	0.794308	-29.022101
#7	0	25	0	2	3	-0.00500000	0.775649	-27.980186
#7	0	26	0	2	3	-0.00500000	0.788483	-28.687567
#7	0	27	0	2	3	-0.00466315	0.771386	-29.253260
#7	0	28	0	2	3	-0.00483132	0.790854	-28.637741
#7	0	29	0	2	3	-0.00497049	0.812994	-30.786914
#7	0	30	0	2	3	-0.00500000	0.787793	-28.362716
#7	0	31	0	2	3	-0.00500000	0.790759	-28.876812
#7	0	32	0	2	3	-0.00500000	0.824826	-31.655285
#7	0	33	0	2	3	-0.00500000	0.845304	-33.407765
#7	0	34	0	2	3	-0.00500000	0.832263	-32.939799
#7	0	35	0	2	3	-0.00500000	0.820631	-31.695372
#7	0	36	0	2	3	-0.00500000	0.836997	-33.200590
#7	0	37	0	2	3	-0.00500000	0.819690	-32.097193
#7	0	38	0	2	3	-0.00500000	0.808109	-31.263214
#7	0	39	0	2	3	-0.00500000	0.815224	-31.135523
#7	0	40	0	2	3	-0.00500000	0.803398	-29.897923
#7	0	41	0	2	3	-0.00500000	0.815685	-31.165519
#7	0	42	0	2	3	-0.00500000	0.812980	-30.737261
#7	0	43	0	2	3	-0.00500000	0.829418	-32.693307
#7	0	44	0	2	3	-0.00500000	0.789530	-29.464920
#7	0	45	0	2	3	-0.00500000	0.804789	-31.208151
#7	0	46	0	2	3	-0.00500000	0.830106	-32.806514
#7	0	47	0	2	3	-0.00500000	0.819206	-31.373242
#7	0	48	0	2	3	-0.00500000	0.816165	-31.709319
#7	0	49	0	2	3	-0.00500000	0.798496	-30.201709
#7	0	50	0	2	3	-0.00500000	0.812167	-31.795745
#7	0	51	0	2	3	-0.00500000	0.810749	-31.375226
#7	0	52	0	2	3	-0.00500000	0.803385	-31.372512
#7	0	53	0	2	3	-0.00500000	0.777405	-29.262831
#7	0	54	0	2	3	-0.00500000	0.783954	-29.763410
#7	0	55	0	2	3	-0.00500000	0.789443	-29.976449
#7	0	56	0	2	3	-0.00500000	0.838828	-33.261086
#7	0	57	0	2	3	-0.00500000	0.804421	-30.573195
#7	0	58	0	2	3	-0.00500000	0.773283	-29.111048
#7	0	59	0	2	3	-0.00500000	0.811789	-31.449459
#7	0	60	0	2	3	-0.00500000	0.759724	-28.110014
#7	0	61	0	2	3	-0.00500000	0.810884	-31.379063
#7	0	62	0	2	3	-0.00500000	0.771910	-28.435006
#7	0	63	0	2	3	-0.00500000	0.796658	-30.511906
#######################################################################
# TOF Up                                                              #
#######################################################################
7	0	0	0	1	3	5.24830e+00	-1.96630e+00	2.96170e+00
7	0	1	0	1	3	5.24830e+00	-1.96630e+00	2.96170e+00
7	0	2	0	1	3	5.24830e+00	-1.96630e+00	2.96170e+00
7	0	3	0	1	3	5.24830e+00	-1.96630e+00	2.96170e+00
7	0	4	0	1	3	5.24830e+00	-1.96630e+00	2.96170e+00
7	0	5	0	1	3	5.24830e+00	-1.96630e+00	2.96170e+00
7	0	6	0	1	3	6.97090e+00	-3.03520e+00	3.39910e+00
7	0	7	0	1	3	4.05450e+00	-1.96150e+00	2.30360e+00
7	0	8	0	1	3	1.16940e+02	-2.98600e+01	2.09880e+01
7	0	9	0	1	3	5.24830e+00	-1.96630e+00	2.96170e+00
7	0	10	0	1	3	5.24830e+00	-1.96630e+00	2.96170e+00
7	0	11	0	1	3	5.24830e+00	-1.96630e+00	2.96170e+00
7	0	12	0	1	3	5.24830e+00	-1.96630e+00	2.96170e+00
7	0	13	0	1	3	5.24830e+00	-1.96630e+00	2.96170e+00
7	0	14	0	1	3	5.24830e+00	-1.96630e+00	2.96170e+00
7	0	15	0	1	3	5.24830e+00	-1.96630e+00	2.96170e+00
7	0	16	0	1	3	5.24830e+00	-1.96630e+00	2.96170e+00
7	0	17	0	1	3	5.24830e+00	-1.96630e+00	2.96170e+00
7	0	18	0	1	3	5.24830e+00	-1.96630e+00	2.96170e+00
7	0	19	0	1	3	7.11491e-01	1.85180e-03	5.82402e-01
7	0	20	0	1	3	5.59404e-01	-1.73810e-03	4.50716e-01
7	0	21	0	1	3	8.92499e-01	1.99900e-03	7.37364e-01
7	0	22	0	1	3	6.37553e-01	1.99960e-03	5.45449e-01
7	0	23	0	1	3	1.19210e+00	1.98920e-03	9.99994e-01
#######################################################################
# TOF Down                                                            #
#######################################################################
7	0	0	1	1	3	5.84300e+00	-2.30730e+00	3.11320e+00
7	0	1	1	1	3	5.84300e+00	-2.30730e+00	3.11320e+00
7	0	2	1	1	3	5.84300e+00	-2.30730e+00	3.11320e+00
7	0	3	1	1	3	5.84300e+00	-2.30730e+00	3.11320e+00
7	0	4	1	1	3	5.84300e+00	-2.30730e+00	3.11320e+00
7	0	5	1	1	3	5.84300e+00	-2.30730e+00	3.11320e+00
7	0	6	1	1	3	1.41330e+01	-5.81170e+00	5.32680e+00
7	0	7	1	1	3	7.84850e+01	-2.02870e+01	1.69500e+01
7	0	8	1	1	3	2.20240e+02	-3.62440e+01	3.60080e+01
7	0	9	1	1	3	5.84300e+00	-2.30730e+00	3.11320e+00
7	0	10	1	1	3	5.84300e+00	-2.30730e+00	3.11320e+00
7	0	11	1	1	3	5.84300e+00	-2.30730e+00	3.11320e+00
7	0	12	1	1	3	5.84300e+00	-2.30730e+00	3.11320e+00
7	0	13	1	1	3	5.84300e+00	-2.30730e+00	3.11320e+00
7	0	14	1	1	3	5.84300e+00	-2.30730e+00	3.11320e+00
7	0	15	1	1	3	5.84300e+00	-2.30730e+00	3.11320e+00
7	0	16	1	1	3	5.84300e+00	-2.30730e+00	3.11320e+00
7	0	17	1	1	3	5.84300e+00	-2.30730e+00	3.11320e+00
7	0	18	1	1	3	5.84300e+00	-2.30730e+00	3.11320e+00
7	0	19	1	1	3	6.18741e-01	1.99860e-03	4.90831e-01
7	0	20	1	1	3	5.75901e-01	1.04210e-03	4.72509e-01
7	0	21	1	1	3	9.41046e-01	1.99890e-03	7.79357e-01
7	0	22	1	1	3	4.84266e-01	-1.95590e-03	3.99786e-01
7	0	23	1	1	3	8.97714e-01	1.99860e-03	7.56300e-01
#######################################################################
# BFT U                                                               #
#######################################################################
110	0	0	0	2	3	-7.63071e-03	4.15596e-01	-4.46604e+00
110	0	1	0	2	3	-2.24113e-02	1.21527e+00	-1.20221e+01
110	0	2	0	2	3	-1.01612e-02	3.72887e-01	2.34407e+00
110	0	3	0	2	3	-3.19477e-02	1.77717e+00	-2.12706e+01
110	0	4	0	2	3	-7.70486e-03	2.65966e-01	2.16010e+00
110	0	5	0	2	3	-6.03881e-03	3.00523e-01	-1.88353e+00
110	0	6	0	2	3	4.60801e-03	-6.34926e-01	1.74172e+01
110	0	7	0	2	3	1.05536e-03	-3.42502e-01	1.13727e+01
110	0	8	0	2	3	-3.31566e-03	-2.75792e-02	6.04821e+00
110	0	9	0	2	3	-2.37430e-03	4.57819e-02	2.12769e+00
110	0	10	0	2	3	-5.46165e-03	1.24191e-01	3.49136e+00
110	0	11	0	2	3	5.16489e-03	-6.37583e-01	1.72119e+01
110	0	12	0	2	3	3.43452e-03	-5.19796e-01	1.43238e+01
110	0	13	0	2	3	-1.21824e-02	6.80747e-01	-7.50027e+00
110	0	14	0	2	3	5.04520e-03	-6.73573e-01	1.87424e+01
110	0	15	0	2	3	6.49303e-03	-7.30422e-01	1.89064e+01
110	0	16	0	2	3	3.20866e-03	-5.06906e-01	1.41089e+01
110	0	17	0	2	3	3.63440e-03	-4.99103e-01	1.49022e+01
110	0	18	0	2	3	1.37698e-03	-3.87561e-01	1.20622e+01
110	0	19	0	2	3	5.31853e-03	-6.49269e-01	1.62482e+01
110	0	20	0	2	3	3.04147e-03	-4.94883e-01	1.42783e+01
110	0	21	0	2	3	-2.87603e-03	-2.12306e-02	6.58938e+00
110	0	22	0	2	3	7.05774e-03	-8.18693e-01	2.16691e+01
110	0	23	0	2	3	5.31067e-03	-6.38266e-01	1.68367e+01
110	0	24	0	2	3	1.30124e-03	-3.72062e-01	1.25071e+01
110	0	25	0	2	3	1.20092e-03	-3.47891e-01	1.24333e+01
110	0	26	0	2	3	1.84876e-03	-4.26475e-01	1.43248e+01
110	0	27	0	2	3	6.13867e-04	-2.74409e-01	9.87621e+00
110	0	28	0	2	3	2.58246e-03	-4.72451e-01	1.36236e+01
110	0	29	0	2	3	7.24293e-03	-7.76950e-01	1.97537e+01
110	0	30	0	2	3	3.66236e-03	-5.42704e-01	1.59189e+01
110	0	31	0	2	3	5.50551e-03	-6.82192e-01	1.91247e+01
110	0	32	0	2	3	5.54049e-03	-7.07426e-01	1.87190e+01
110	0	33	0	2	3	5.11149e-03	-6.27877e-01	1.52100e+01
110	0	34	0	2	3	3.47389e-03	-5.42414e-01	1.62862e+01
110	0	35	0	2	3	2.60968e-03	-4.63819e-01	1.49106e+01
110	0	36	0	2	3	2.99833e-03	-4.98249e-01	1.42046e+01
110	0	37	0	2	3	4.71353e-03	-6.18590e-01	1.76727e+01
110	0	38	0	2	3	3.98483e-03	-5.67242e-01	1.59040e+01
110	0	39	0	2	3	4.41838e-03	-6.01874e-01	1.73156e+01
110	0	40	0	2	3	3.49181e-03	-5.26970e-01	1.45146e+01
110	0	41	0	2	3	3.14677e-03	-4.97758e-01	1.53150e+01
110	0	42	0	2	3	3.38318e-03	-5.31025e-01	1.53626e+01
110	0	43	0	2	3	2.78326e-03	-4.86490e-01	1.59266e+01
110	0	44	0	2	3	3.94891e-03	-5.73070e-01	1.56398e+01
110	0	45	0	2	3	4.57094e-03	-6.14497e-01	1.72312e+01
110	0	46	0	2	3	4.12684e-03	-5.85121e-01	1.69349e+01
110	0	47	0	2	3	5.45557e-03	-6.85404e-01	1.96044e+01
110	0	48	0	2	3	4.00466e-03	-5.61061e-01	1.52212e+01
110	0	49	0	2	3	4.19992e-03	-5.82468e-01	1.70315e+01
110	0	50	0	2	3	4.81710e-03	-6.24822e-01	1.67885e+01
110	0	51	0	2	3	3.28320e-03	-5.15073e-01	1.56745e+01
110	0	52	0	2	3	3.97732e-03	-5.64454e-01	1.59516e+01
110	0	53	0	2	3	4.25224e-03	-5.86437e-01	1.69580e+01
110	0	54	0	2	3	3.90932e-03	-5.66091e-01	1.65094e+01
110	0	55	0	2	3	4.45353e-03	-6.00809e-01	1.71349e+01
110	0	56	0	2	3	3.70013e-03	-5.64171e-01	1.65790e+01
110	0	57	0	2	3	3.96643e-03	-5.66013e-01	1.72249e+01
110	0	58	0	2	3	3.82589e-03	-5.63689e-01	1.65883e+01
110	0	59	0	2	3	4.43381e-03	-6.18443e-01	1.85944e+01
110	0	60	0	2	3	3.88559e-03	-5.68281e-01	1.52578e+01
110	0	61	0	2	3	2.97263e-03	-4.93234e-01	1.56633e+01
110	0	62	0	2	3	4.83992e-03	-6.35708e-01	1.67385e+01
110	0	63	0	2	3	3.43794e-03	-5.31512e-01	1.52725e+01
110	0	64	0	2	3	4.19422e-03	-5.90946e-01	1.62911e+01
110	0	65	0	2	3	3.81491e-03	-5.56567e-01	1.67352e+01
110	0	66	0	2	3	3.73866e-03	-5.66555e-01	1.70760e+01
110	0	67	0	2	3	3.82598e-03	-5.59859e-01	1.59857e+01
110	0	68	0	2	3	2.93740e-03	-5.13919e-01	1.55861e+01
110	0	69	0	2	3	4.30645e-03	-5.92090e-01	1.69486e+01
110	0	70	0	2	3	4.49069e-03	-6.25701e-01	1.74753e+01
110	0	71	0	2	3	4.19722e-03	-5.88895e-01	1.73069e+01
110	0	72	0	2	3	3.23924e-03	-5.26897e-01	1.55979e+01
110	0	73	0	2	3	4.32756e-03	-5.99374e-01	1.69239e+01
110	0	74	0	2	3	4.44947e-03	-6.23797e-01	1.74714e+01
110	0	75	0	2	3	4.84614e-03	-6.30624e-01	1.76699e+01
110	0	76	0	2	3	3.80620e-03	-5.65173e-01	1.63964e+01
110	0	77	0	2	3	3.64498e-03	-5.47937e-01	1.66106e+01
110	0	78	0	2	3	4.09091e-03	-5.92209e-01	1.72033e+01
110	0	79	0	2	3	3.98131e-03	-5.71704e-01	1.56655e+01
110	0	80	0	2	3	3.33030e-03	-5.35610e-01	1.60562e+01
110	0	81	0	2	3	4.02179e-03	-5.69262e-01	1.66869e+01
110	0	82	0	2	3	4.11345e-03	-5.82107e-01	1.61986e+01
110	0	83	0	2	3	4.66502e-03	-6.23493e-01	1.74958e+01
110	0	84	0	2	3	3.55288e-03	-5.44246e-01	1.65486e+01
110	0	85	0	2	3	4.75003e-03	-6.25740e-01	1.70463e+01
110	0	86	0	2	3	3.85705e-03	-5.77981e-01	1.69433e+01
110	0	87	0	2	3	4.22106e-03	-5.94386e-01	1.77208e+01
110	0	88	0	2	3	3.30849e-03	-5.24809e-01	1.55811e+01
110	0	89	0	2	3	4.38787e-03	-5.99012e-01	1.70790e+01
110	0	90	0	2	3	3.78093e-03	-5.63757e-01	1.64261e+01
110	0	91	0	2	3	4.07136e-03	-5.81827e-01	1.63621e+01
110	0	92	0	2	3	3.13473e-03	-5.24242e-01	1.65902e+01
110	0	93	0	2	3	4.50905e-03	-6.05582e-01	1.69572e+01
110	0	94	0	2	3	3.63952e-03	-5.72180e-01	1.75063e+01
110	0	95	0	2	3	2.96957e-03	-5.02859e-01	1.58498e+01
110	0	96	0	2	3	2.53808e-03	-4.82702e-01	1.55287e+01
110	0	97	0	2	3	4.99196e-03	-6.40078e-01	1.72971e+01
110	0	98	0	2	3	4.37566e-03	-6.12331e-01	1.77365e+01
110	0	99	0	2	3	4.31250e-03	-5.93351e-01	1.62386e+01
110	0	100	0	2	3	2.90988e-03	-5.01195e-01	1.53412e+01
110	0	101	0	2	3	4.00210e-03	-5.79674e-01	1.73889e+01
110	0	102	0	2	3	4.32189e-03	-6.10404e-01	1.75803e+01
110	0	103	0	2	3	3.39381e-03	-5.30991e-01	1.59151e+01
110	0	104	0	2	3	3.46999e-03	-5.42909e-01	1.62041e+01
110	0	105	0	2	3	3.18006e-03	-5.08197e-01	1.53599e+01
110	0	106	0	2	3	3.73273e-03	-5.59038e-01	1.64632e+01
110	0	107	0	2	3	3.87741e-03	-5.54784e-01	1.56163e+01
110	0	108	0	2	3	2.07332e-03	-4.43647e-01	1.42722e+01
110	0	109	0	2	3	1.14786e-03	-3.58125e-01	1.24937e+01
110	0	110	0	2	3	3.93322e-03	-5.83337e-01	1.68711e+01
110	0	111	0	2	3	4.14098e-03	-6.02360e-01	1.73520e+01
110	0	112	0	2	3	4.07275e-03	-5.76148e-01	1.63138e+01
110	0	113	0	2	3	6.98543e-03	-7.90318e-01	2.03800e+01
110	0	114	0	2	3	6.23178e-03	-7.31843e-01	1.92354e+01
110	0	115	0	2	3	2.64459e-03	-4.72298e-01	1.46686e+01
110	0	116	0	2	3	1.96709e-03	-4.44079e-01	1.41850e+01
110	0	117	0	2	3	3.54046e-03	-5.44171e-01	1.70314e+01
110	0	118	0	2	3	3.05176e-03	-5.03765e-01	1.54664e+01
110	0	119	0	2	3	9.19479e-04	-3.31533e-01	1.10835e+01
110	0	120	0	2	3	2.51560e-03	-4.60892e-01	1.40491e+01
110	0	121	0	2	3	2.37288e-03	-4.62434e-01	1.34184e+01
110	0	122	0	2	3	3.84676e-03	-5.52552e-01	1.67400e+01
110	0	123	0	2	3	3.20217e-04	-2.91652e-01	1.15660e+01
110	0	124	0	2	3	-1.41012e-03	-1.42555e-01	8.31229e+00
110	0	125	0	2	3	9.13721e-03	-9.00867e-01	1.96833e+01
110	0	126	0	2	3	5.82584e-03	-7.01431e-01	1.84179e+01
110	0	127	0	2	3	1.02511e-03	-3.41154e-01	1.21602e+01
110	0	128	0	2	3	5.90943e-05	-3.25183e-01	1.31629e+01
110	0	129	0	2	3	-3.54153e-04	-2.95271e-01	1.24972e+01
110	0	130	0	2	3	-1.23911e-02	6.39142e-01	-4.89486e+00
110	0	131	0	2	3	-2.22647e-03	-1.05249e-01	9.37489e+00
110	0	132	0	2	3	-3.49671e-04	-2.31701e-01	1.06209e+01
110	0	133	0	2	3	-1.14531e-02	6.41939e-01	-6.61983e+00
110	0	134	0	2	3	-5.49385e-03	1.38655e-01	3.60512e+00
110	0	135	0	2	3	-1.82373e-03	-2.08671e-03	2.55504e+00
110	0	136	0	2	3	-1.35865e-02	7.15628e-01	-6.74010e+00
110	0	137	0	2	3	3.42052e-05	-3.04478e-01	1.29829e+01
110	0	138	0	2	3	-2.32300e-02	1.49487e+00	-2.14594e+01
110	0	139	0	2	3	-4.43588e-03	1.44422e-02	6.91481e+00
110	0	140	0	2	3	1.90503e-03	-4.13322e-01	1.42427e+01
110	0	141	0	2	3	-2.01033e-03	-1.57268e-01	9.18755e+00
110	0	142	0	2	3	-2.94091e-03	-7.88622e-02	9.12388e+00
110	0	143	0	2	3	-9.82213e-03	4.61845e-01	-2.55200e+00
110	0	144	0	2	3	-2.53971e-02	1.54058e+00	-2.13193e+01
110	0	145	0	2	3	-3.02447e-03	-1.01351e-01	9.45872e+00
110	0	146	0	2	3	-1.07994e-02	4.90415e-01	-1.92298e+00
110	0	147	0	2	3	-1.75605e-03	-2.08669e-01	1.18134e+01
110	0	148	0	2	3	-1.38651e-03	-1.77836e-01	9.94351e+00
110	0	149	0	2	3	6.26501e-03	-7.32181e-01	1.94394e+01
110	0	150	0	2	3	-2.02895e-03	-8.99833e-02	7.27581e+00
110	0	151	0	2	3	4.06413e-03	-5.72856e-01	1.65128e+01
110	0	152	0	2	3	-9.92064e-03	4.08016e-01	4.77936e-01
110	0	153	0	2	3	-1.08839e-02	4.49238e-01	-2.62438e-01
110	0	154	0	2	3	3.17972e-04	-3.29775e-01	1.26715e+01
110	0	155	0	2	3	1.71438e-03	-4.35071e-01	1.44044e+01
110	0	156	0	2	3	-2.82202e-02	1.88781e+00	-2.82549e+01
110	0	157	0	2	3	-8.66995e-03	3.62785e-01	1.31205e+00
110	0	158	0	2	3	3.92632e-03	-5.02599e-01	1.39437e+01
110	0	159	0	2	3	-2.59048e-03	-8.14231e-02	7.58061e+00
#######################################################################
# BFT D                                                               #
#######################################################################
110	1	0	0	2	3	6.49690e-04	-3.77926e-01	1.41688e+01
110	1	1	0	2	3	-2.13892e-02	1.16432e+00	-1.08951e+01
110	1	2	0	2	3	-1.27237e-02	7.14330e-01	-8.58586e+00
110	1	3	0	2	3	6.74634e-03	-6.16978e-01	1.42452e+01
110	1	4	0	2	3	-1.14090e-02	5.64863e-01	-4.68192e+00
110	1	5	0	2	3	-3.73783e-03	1.04575e-01	3.11738e+00
110	1	6	0	2	3	2.45659e-03	-4.12046e-01	1.20330e+01
110	1	7	0	2	3	-1.43729e-03	-7.30507e-02	5.04715e+00
110	1	8	0	2	3	2.55191e-03	-4.98123e-01	1.54223e+01
110	1	9	0	2	3	6.15393e-03	-5.34832e-01	1.23928e+01
110	1	10	0	2	3	4.69001e-03	-6.00716e-01	1.60215e+01
110	1	11	0	2	3	-1.77655e-03	-1.20805e-01	7.63568e+00
110	1	12	0	2	3	3.64163e-03	-5.44327e-01	1.57812e+01
110	1	13	0	2	3	4.62551e-03	-6.53008e-01	1.91666e+01
110	1	14	0	2	3	5.25226e-03	-6.44499e-01	1.69900e+01
110	1	15	0	2	3	4.95708e-04	-3.22240e-01	1.25616e+01
110	1	16	0	2	3	6.21474e-03	-7.12507e-01	1.85161e+01
110	1	17	0	2	3	-1.89568e-03	-1.45682e-01	9.50416e+00
110	1	18	0	2	3	4.63629e-03	-6.08694e-01	1.62508e+01
110	1	19	0	2	3	-7.55355e-03	2.82988e-01	1.00086e+00
110	1	20	0	2	3	2.99171e-03	-5.00728e-01	1.54614e+01
110	1	21	0	2	3	-6.04704e-03	1.75636e-01	3.88845e+00
110	1	22	0	2	3	5.46326e-03	-6.74546e-01	1.81317e+01
110	1	23	0	2	3	2.73036e-03	-4.73251e-01	1.48180e+01
110	1	24	0	2	3	7.90131e-03	-8.77184e-01	2.22951e+01
110	1	25	0	2	3	5.23535e-03	-6.83536e-01	1.93910e+01
110	1	26	0	2	3	2.20760e-03	-4.61416e-01	1.46139e+01
110	1	27	0	2	3	2.04749e-03	-3.92595e-01	1.35150e+01
110	1	28	0	2	3	3.88346e-03	-5.69657e-01	1.63608e+01
110	1	29	0	2	3	-1.10619e-02	5.69928e-01	-4.33669e+00
110	1	30	0	2	3	2.66992e-03	-4.82911e-01	1.50230e+01
110	1	31	0	2	3	2.85063e-03	-4.84385e-01	1.54001e+01
110	1	32	0	2	3	2.69080e-03	-4.88709e-01	1.54956e+01
110	1	33	0	2	3	4.10736e-03	-5.88987e-01	1.62828e+01
110	1	34	0	2	3	4.30328e-03	-5.93911e-01	1.65144e+01
110	1	35	0	2	3	2.90125e-03	-5.07825e-01	1.61502e+01
110	1	36	0	2	3	3.65467e-03	-5.47840e-01	1.59060e+01
110	1	37	0	2	3	3.40337e-03	-5.26238e-01	1.53286e+01
110	1	38	0	2	3	4.33171e-03	-5.93791e-01	1.68001e+01
110	1	39	0	2	3	4.14616e-03	-5.86300e-01	1.75446e+01
110	1	40	0	2	3	3.77566e-03	-5.49090e-01	1.56574e+01
110	1	41	0	2	3	5.20544e-03	-6.55200e-01	1.79981e+01
110	1	42	0	2	3	3.78489e-03	-5.56347e-01	1.54435e+01
110	1	43	0	2	3	3.07838e-03	-5.11975e-01	1.64425e+01
110	1	44	0	2	3	2.70954e-03	-4.91172e-01	1.50623e+01
110	1	45	0	2	3	3.29542e-03	-5.21876e-01	1.59396e+01
110	1	46	0	2	3	3.38336e-03	-5.45048e-01	1.60771e+01
110	1	47	0	2	3	4.26097e-03	-6.05538e-01	1.83355e+01
110	1	48	0	2	3	3.60998e-03	-5.51062e-01	1.57831e+01
110	1	49	0	2	3	2.80783e-03	-4.85564e-01	1.55974e+01
110	1	50	0	2	3	4.39379e-03	-5.99998e-01	1.64144e+01
110	1	51	0	2	3	4.56274e-03	-6.21384e-01	1.77976e+01
110	1	52	0	2	3	4.37411e-03	-6.13858e-01	1.71676e+01
110	1	53	0	2	3	3.70923e-03	-5.52518e-01	1.67434e+01
110	1	54	0	2	3	3.78041e-03	-5.65416e-01	1.61596e+01
110	1	55	0	2	3	3.22686e-03	-5.23585e-01	1.61868e+01
110	1	56	0	2	3	4.47269e-03	-6.27881e-01	1.75393e+01
110	1	57	0	2	3	4.23697e-03	-6.01700e-01	1.73889e+01
110	1	58	0	2	3	5.01312e-03	-6.74446e-01	1.93646e+01
110	1	59	0	2	3	5.01724e-03	-6.72086e-01	2.01157e+01
110	1	60	0	2	3	3.81593e-03	-5.70729e-01	1.62031e+01
110	1	61	0	2	3	3.93740e-03	-5.63311e-01	1.71485e+01
110	1	62	0	2	3	4.66415e-03	-6.28397e-01	1.71629e+01
110	1	63	0	2	3	4.19891e-03	-5.96291e-01	1.75730e+01
110	1	64	0	2	3	3.16572e-03	-5.27714e-01	1.68456e+01
110	1	65	0	2	3	4.60604e-03	-6.26060e-01	1.74302e+01
110	1	66	0	2	3	4.39411e-03	-6.19266e-01	1.71850e+01
110	1	67	0	2	3	4.52360e-03	-6.18771e-01	1.73159e+01
110	1	68	0	2	3	3.20048e-03	-5.16484e-01	1.49798e+01
110	1	69	0	2	3	3.56763e-03	-5.46688e-01	1.60389e+01
110	1	70	0	2	3	4.59871e-03	-6.26493e-01	1.73678e+01
110	1	71	0	2	3	4.48804e-03	-6.23182e-01	1.77112e+01
110	1	72	0	2	3	4.35706e-03	-6.07740e-01	1.75855e+01
110	1	73	0	2	3	3.59595e-03	-5.47633e-01	1.66568e+01
110	1	74	0	2	3	4.32098e-03	-5.98555e-01	1.64688e+01
110	1	75	0	2	3	3.91931e-03	-5.81501e-01	1.64101e+01
110	1	76	0	2	3	3.50743e-03	-5.41709e-01	1.61515e+01
110	1	77	0	2	3	3.70823e-03	-5.66181e-01	1.72067e+01
110	1	78	0	2	3	4.09820e-03	-5.87059e-01	1.63559e+01
110	1	79	0	2	3	4.03081e-03	-5.81378e-01	1.62318e+01
110	1	80	0	2	3	3.47952e-03	-5.37561e-01	1.60140e+01
110	1	81	0	2	3	4.30422e-03	-5.95726e-01	1.67539e+01
110	1	82	0	2	3	4.12762e-03	-5.88478e-01	1.68828e+01
110	1	83	0	2	3	4.49286e-03	-6.05866e-01	1.63169e+01
110	1	84	0	2	3	3.42745e-03	-5.25682e-01	1.52612e+01
110	1	85	0	2	3	3.90062e-03	-5.70415e-01	1.67082e+01
110	1	86	0	2	3	4.25249e-03	-5.99367e-01	1.68306e+01
110	1	87	0	2	3	4.21704e-03	-5.86111e-01	1.56595e+01
110	1	88	0	2	3	3.32561e-03	-5.34476e-01	1.65601e+01
110	1	89	0	2	3	3.35007e-03	-5.34394e-01	1.57238e+01
110	1	90	0	2	3	3.73608e-03	-5.65008e-01	1.62582e+01
110	1	91	0	2	3	4.00024e-03	-5.74945e-01	1.62469e+01
110	1	92	0	2	3	3.44711e-03	-5.35441e-01	1.60827e+01
110	1	93	0	2	3	4.57683e-03	-6.17527e-01	1.76884e+01
110	1	94	0	2	3	3.50848e-03	-5.47216e-01	1.60484e+01
110	1	95	0	2	3	4.24321e-03	-6.03610e-01	1.72436e+01
110	1	96	0	2	3	3.11926e-03	-5.13710e-01	1.53529e+01
110	1	97	0	2	3	4.28673e-03	-5.96710e-01	1.67670e+01
110	1	98	0	2	3	3.14823e-03	-5.26985e-01	1.58793e+01
110	1	99	0	2	3	4.87316e-03	-6.39159e-01	1.78388e+01
110	1	100	0	2	3	4.29669e-03	-5.81004e-01	1.59047e+01
110	1	101	0	2	3	3.94745e-03	-5.68531e-01	1.60528e+01
110	1	102	0	2	3	3.99449e-03	-5.87027e-01	1.72190e+01
110	1	103	0	2	3	4.03750e-03	-5.71589e-01	1.63912e+01
110	1	104	0	2	3	2.38161e-03	-4.54911e-01	1.47083e+01
110	1	105	0	2	3	3.24706e-03	-5.19740e-01	1.50027e+01
110	1	106	0	2	3	2.50740e-03	-4.78641e-01	1.51581e+01
110	1	107	0	2	3	3.89055e-03	-5.66520e-01	1.55564e+01
110	1	108	0	2	3	3.47292e-03	-5.50536e-01	1.64847e+01
110	1	109	0	2	3	2.75567e-03	-4.86889e-01	1.50528e+01
110	1	110	0	2	3	4.44713e-03	-6.12854e-01	1.76042e+01
110	1	111	0	2	3	1.73533e-03	-4.22781e-01	1.44722e+01
110	1	112	0	2	3	2.52960e-03	-4.59951e-01	1.45155e+01
110	1	113	0	2	3	1.92504e-03	-4.16849e-01	1.40982e+01
110	1	114	0	2	3	4.58975e-03	-6.20803e-01	1.73775e+01
110	1	115	0	2	3	3.30784e-03	-5.23694e-01	1.58485e+01
110	1	116	0	2	3	2.96005e-03	-5.09345e-01	1.59446e+01
110	1	117	0	2	3	2.22407e-03	-4.42657e-01	1.45728e+01
110	1	118	0	2	3	3.85392e-03	-5.64957e-01	1.58728e+01
110	1	119	0	2	3	6.53224e-03	-7.59345e-01	1.94674e+01
110	1	120	0	2	3	4.27705e-03	-6.18242e-01	1.79968e+01
110	1	121	0	2	3	3.32094e-03	-5.05166e-01	1.51545e+01
110	1	122	0	2	3	-2.65131e-03	-9.38130e-02	9.35921e+00
110	1	123	0	2	3	-1.25554e-02	7.19634e-01	-7.91493e+00
110	1	124	0	2	3	6.60822e-03	-7.60261e-01	1.96679e+01
110	1	125	0	2	3	-1.30523e-02	7.46672e-01	-8.15020e+00
110	1	126	0	2	3	2.64734e-03	-5.15727e-01	1.56908e+01
110	1	127	0	2	3	-2.02159e-04	-2.49963e-01	1.08097e+01
110	1	128	0	2	3	9.50278e-04	-3.68689e-01	1.38607e+01
110	1	129	0	2	3	7.29963e-03	-8.93830e-01	2.44880e+01
110	1	130	0	2	3	7.82022e-03	-8.57596e-01	2.16577e+01
110	1	131	0	2	3	-2.17019e-03	-6.87245e-02	6.71630e+00
110	1	132	0	2	3	4.90413e-03	-6.48892e-01	1.89135e+01
110	1	133	0	2	3	-1.12183e-02	6.09460e-01	-6.17829e+00
110	1	134	0	2	3	-5.09608e-03	8.83755e-02	4.71005e+00
110	1	135	0	2	3	6.02341e-03	-7.64798e-01	2.04161e+01
110	1	136	0	2	3	1.41470e-03	-4.93202e-01	1.86157e+01
110	1	137	0	2	3	3.68152e-03	-5.55070e-01	1.68097e+01
110	1	138	0	2	3	-5.34755e-04	-1.94607e-01	9.08521e+00
110	1	139	0	2	3	1.27268e-03	-3.97848e-01	1.35756e+01
110	1	140	0	2	3	-1.29777e-02	7.59553e-01	-9.27797e+00
110	1	141	0	2	3	-8.77142e-03	3.45014e-01	2.17460e-01
110	1	142	0	2	3	3.29602e-03	-5.39491e-01	1.63028e+01
110	1	143	0	2	3	-9.29547e-03	4.29526e-01	-1.28489e+00
110	1	144	0	2	3	3.16128e-03	-5.51375e-01	1.71266e+01
110	1	145	0	2	3	1.33851e-03	-3.23434e-01	1.12257e+01
110	1	146	0	2	3	-1.15732e-02	6.37478e-01	-6.64569e+00
110	1	147	0	2	3	7.99606e-03	-8.68068e-01	2.11412e+01
110	1	148	0	2	3	7.24719e-03	-8.14960e-01	2.08365e+01
110	1	149	0	2	3	2.49850e-03	-4.38150e-01	1.43473e+01
110	1	150	0	2	3	-1.31292e-02	6.47476e-01	-5.00230e+00
110	1	151	0	2	3	-1.40212e-02	7.17312e-01	-5.69759e+00
110	1	152	0	2	3	-1.58939e-02	8.11933e-01	-6.42220e+00
110	1	153	0	2	3	-1.07954e-02	4.94408e-01	-2.04326e+00
110	1	154	0	2	3	1.89604e-03	-4.94454e-01	1.70525e+01
110	1	155	0	2	3	1.09920e-02	-1.06235e+00	2.52371e+01
110	1	156	0	2	3	-1.12185e-02	5.74556e-01	-4.27072e+00
110	1	157	0	2	3	-3.01488e-02	1.67721e+00	-1.77144e+01
110	1	158	0	2	3	8.70718e-03	-8.72903e-01	2.15050e+01
110	1	159	0	2	3	-1.03623e-03	-3.29396e-01	1.48624e+01
