##
#  file: HodoPHCParam_Dummy
#  date: 2016.06.15
#  note: first version
#
#
#######################################################################
# CId	PlId	Seg	UorD	Type	nParam	p0	p1	...
#
#	Type=0 no correction will be performed
#	Type=1 ct=t-p[0]/sqrt(a-p[1])+p[2]
#	Type=2 ct=p[0]*a*a + p[1]*a + p[2] for Fiber
#
#######################################################################
# BH1 Up                                                              #
#######################################################################
1	0	0	0	1	3	9.72882e+01	-2.42381e+01	1.93388e+01
1	0	1	0	1	3	8.39811e-01	2.30870e-01	9.07677e-01
1	0	2	0	1	3	7.96271e-01	2.02772e-01	8.76313e-01
1	0	3	0	1	3	1.24269e+00	-1.47574e-01	1.19840e+00
1	0	4	0	1	3	1.09931e+00	-7.72769e-02	1.08260e+00
1	0	5	0	1	3	1.05845e+00	1.40683e-01	1.18835e+00
1	0	6	0	1	3	1.24845e+00	-7.32092e-02	1.22011e+00
1	0	7	0	1	3	1.38494e+00	-1.69323e-01	1.29113e+00
1	0	8	0	1	3	1.12943e+00	-1.85789e-01	1.05048e+00
1	0	9	0	1	3	1.39270e+00	-1.82072e-01	1.30041e+00
1	0	10	0	1	3	1.71493e+02	-3.15885e+01	3.00372e+01
#######################################################################
# BH1 Down                                                            #
#######################################################################
1	0	0	1	1	3	1.69589e+00	-2.63702e-01	1.46458e+00
1	0	1	1	1	3	6.65147e-01	3.06785e-01	7.74182e-01
1	0	2	1	1	3	1.69164e+00	-4.50471e-01	1.36238e+00
1	0	3	1	1	3	7.14482e+01	-2.23619e+01	1.47724e+01
1	0	4	1	1	3	1.42431e+00	-1.84323e-01	1.31423e+00
1	0	5	1	1	3	1.48351e+00	-1.17877e-01	1.40777e+00
1	0	6	1	1	3	1.64799e+00	-3.01989e-01	1.48452e+00
1	0	7	1	1	3	1.48685e+00	-1.75507e-01	1.38619e+00
1	0	8	1	1	3	5.71792e-01	2.68423e-01	6.99614e-01
1	0	9	1	1	3	1.07020e+00	4.47097e-02	1.11772e+00
1	0	10	1	1	3	5.19525e-01	3.65790e-01	6.45791e-01
#######################################################################
# BH2 Up                                                              #
#######################################################################
2	0	0	0	1	3	1.12115e-01	3.35357e-01	1.33957e-01
2	0	1	0	1	3	4.23202e-01	6.01088e-02	4.32756e-01
2	0	2	0	1	3	4.01076e-01	4.56070e-02	4.03148e-01
2	0	3	0	1	3	3.85284e-01	5.67440e-02	3.98101e-01
2	0	4	0	1	3	2.66200e-01	1.48660e-01	2.92941e-01
2	0	5	0	1	3	1.66891e-01	2.88043e-01	2.06447e-01
2	0	6	0	1	3	1.71542e-01	2.55850e-01	2.12138e-01
2	0	7	0	1	3	1.96083e-01	2.29490e-01	2.30246e-01
#######################################################################
# BH2 Down                                                            #
#######################################################################
2	0	0	1	1	3	1.86082e-01	2.04597e-01	2.06299e-01
2	0	1	1	1	3	3.69447e-01	6.07075e-02	3.67987e-01
2	0	2	1	1	3	4.36704e-01	5.29092e-03	4.17610e-01
2	0	3	1	1	3	5.05110e-01	-2.36197e-01	4.33924e-01
2	0	4	1	1	3	3.34198e-01	6.07922e-02	3.30964e-01
2	0	5	1	1	3	2.71316e-01	1.29618e-01	2.74971e-01
2	0	6	1	1	3	4.51400e-01	-3.05140e-02	4.20447e-01
2	0	7	1	1	3	2.11967e-01	8.42464e-02	2.22906e-01
#######################################################################
# BAC                                                                 #
#######################################################################
3	0	0	0	1	3	0.00000e+00	0.00000e+00	0.00000e+00
3	0	1	0	1	3	0.00000e+00	0.00000e+00	0.00000e+00
#######################################################################
# FBH Up                                                              #
#######################################################################
4	0	0	0	2	3	-5.62952e-03	8.96903e-01	-3.53273e+01
4	0	1	0	2	3	-4.29399e-03	7.37975e-01	-3.00049e+01
4	0	2	0	2	3	-5.26894e-03	8.67305e-01	-3.38992e+01
4	0	3	0	2	3	-3.80183e-03	6.69237e-01	-2.72260e+01
4	0	4	0	2	3	-4.35014e-03	7.35785e-01	-2.92008e+01
4	0	5	0	2	3	-4.02541e-03	6.86907e-01	-2.70312e+01
4	0	6	0	2	3	-4.16660e-03	7.08229e-01	-2.81512e+01
4	0	7	0	2	3	-3.93117e-03	6.84759e-01	-2.69101e+01
4	0	8	0	2	3	-4.14423e-03	6.96902e-01	-2.65883e+01
4	0	9	0	2	3	-2.83372e-03	5.62925e-01	-2.20787e+01
4	0	10	0	2	3	-4.07944e-03	7.09420e-01	-2.75603e+01
4	0	11	0	2	3	-3.50961e-03	6.50113e-01	-2.64167e+01
4	0	12	0	2	3	-3.52415e-03	6.49734e-01	-2.67232e+01
4	0	13	0	2	3	-4.13420e-03	7.26957e-01	-2.99675e+01
4	0	14	0	2	3	-4.90315e-03	8.27563e-01	-3.35630e+01
4	0	15	0	2	3	-4.73048e-03	8.13189e-01	-3.31901e+01
#######################################################################
# FBH Down                                                            #
#######################################################################
4	0	0	1	2	3	-5.62952e-03	8.96903e-01	-3.53273e+01
4	0	1	1	2	3	-4.29399e-03	7.37975e-01	-3.00049e+01
4	0	2	1	2	3	-5.26894e-03	8.67305e-01	-3.38992e+01
4	0	3	1	2	3	-3.80183e-03	6.69237e-01	-2.72260e+01
4	0	4	1	2	3	-4.35014e-03	7.35785e-01	-2.92008e+01
4	0	5	1	2	3	-4.02541e-03	6.86907e-01	-2.70312e+01
4	0	6	1	2	3	-4.16660e-03	7.08229e-01	-2.81512e+01
4	0	7	1	2	3	-3.93117e-03	6.84759e-01	-2.69101e+01
4	0	8	1	2	3	-4.14423e-03	6.96902e-01	-2.65883e+01
4	0	9	1	2	3	-2.83372e-03	5.62925e-01	-2.20787e+01
4	0	10	1	2	3	-4.07944e-03	7.09420e-01	-2.75603e+01
4	0	11	1	2	3	-3.50961e-03	6.50113e-01	-2.64167e+01
4	0	12	1	2	3	-3.52415e-03	6.49734e-01	-2.67232e+01
4	0	13	1	2	3	-4.13420e-03	7.26957e-01	-2.99675e+01
4	0	14	1	2	3	-4.90315e-03	8.27563e-01	-3.35630e+01
4	0	15	1	2	3	-4.73048e-03	8.13189e-01	-3.31901e+01
#######################################################################
# PVAC                                                                #
#######################################################################
5	0	0	0	1	3	0.00000e+00	0.00000e+00	0.00000e+00
#######################################################################
# FAC                                                                 #
#######################################################################
6	0	0	0	1	3	0.00000e+00	0.00000e+00	0.00000e+00
#######################################################################
# SCH                                                                 #
#######################################################################
#7	0	0	0	2	3	-0.00500000	0.821213	-32.185321
#7	0	1	0	2	3	-0.00500000	0.830248	-32.269563
#7	0	2	0	2	3	-0.00500000	0.793073	-29.315934
#7	0	3	0	2	3	-0.00500000	0.772144	-28.276705
#7	0	4	0	2	3	-0.00500000	0.801968	-30.687167
#7	0	5	0	2	3	-0.00500000	0.778300	-28.439251
#7	0	6	0	2	3	-0.00500000	0.765872	-27.918181
#7	0	7	0	2	3	-0.00500000	0.738459	-26.016797
#7	0	8	0	2	3	-0.00500000	0.778318	-28.676371
#7	0	9	0	2	3	-0.00500000	0.776670	-28.892887
#7	0	10	0	2	3	-0.00500000	0.764278	-28.122474
#7	0	11	0	2	3	-0.00500000	0.790742	-29.423647
#7	0	12	0	2	3	-0.00500000	0.811330	-30.487019
#7	0	13	0	2	3	-0.00500000	0.818750	-30.891512
#7	0	14	0	2	3	-0.00500000	0.802541	-30.009136
#7	0	15	0	2	3	-0.00500000	0.809525	-30.751746
#7	0	16	0	2	3	-0.00500000	0.802597	-30.845509
#7	0	17	0	2	3	-0.00500000	0.835028	-32.780792
#7	0	18	0	2	3	-0.00500000	0.859176	-33.938731
#7	0	19	0	2	3	-0.00500000	0.814851	-31.445396
#7	0	20	0	2	3	-0.00500000	0.809426	-30.781087
#7	0	21	0	2	3	-0.00500000	0.780678	-28.888756
#7	0	22	0	2	3	-0.00500000	0.808206	-30.719604
#7	0	23	0	2	3	-0.00500000	0.774024	-27.858339
#7	0	24	0	2	3	-0.00500000	0.794308	-29.022101
#7	0	25	0	2	3	-0.00500000	0.775649	-27.980186
#7	0	26	0	2	3	-0.00500000	0.788483	-28.687567
#7	0	27	0	2	3	-0.00466315	0.771386	-29.253260
#7	0	28	0	2	3	-0.00483132	0.790854	-28.637741
#7	0	29	0	2	3	-0.00497049	0.812994	-30.786914
#7	0	30	0	2	3	-0.00500000	0.787793	-28.362716
#7	0	31	0	2	3	-0.00500000	0.790759	-28.876812
#7	0	32	0	2	3	-0.00500000	0.824826	-31.655285
#7	0	33	0	2	3	-0.00500000	0.845304	-33.407765
#7	0	34	0	2	3	-0.00500000	0.832263	-32.939799
#7	0	35	0	2	3	-0.00500000	0.820631	-31.695372
#7	0	36	0	2	3	-0.00500000	0.836997	-33.200590
#7	0	37	0	2	3	-0.00500000	0.819690	-32.097193
#7	0	38	0	2	3	-0.00500000	0.808109	-31.263214
#7	0	39	0	2	3	-0.00500000	0.815224	-31.135523
#7	0	40	0	2	3	-0.00500000	0.803398	-29.897923
#7	0	41	0	2	3	-0.00500000	0.815685	-31.165519
#7	0	42	0	2	3	-0.00500000	0.812980	-30.737261
#7	0	43	0	2	3	-0.00500000	0.829418	-32.693307
#7	0	44	0	2	3	-0.00500000	0.789530	-29.464920
#7	0	45	0	2	3	-0.00500000	0.804789	-31.208151
#7	0	46	0	2	3	-0.00500000	0.830106	-32.806514
#7	0	47	0	2	3	-0.00500000	0.819206	-31.373242
#7	0	48	0	2	3	-0.00500000	0.816165	-31.709319
#7	0	49	0	2	3	-0.00500000	0.798496	-30.201709
#7	0	50	0	2	3	-0.00500000	0.812167	-31.795745
#7	0	51	0	2	3	-0.00500000	0.810749	-31.375226
#7	0	52	0	2	3	-0.00500000	0.803385	-31.372512
#7	0	53	0	2	3	-0.00500000	0.777405	-29.262831
#7	0	54	0	2	3	-0.00500000	0.783954	-29.763410
#7	0	55	0	2	3	-0.00500000	0.789443	-29.976449
#7	0	56	0	2	3	-0.00500000	0.838828	-33.261086
#7	0	57	0	2	3	-0.00500000	0.804421	-30.573195
#7	0	58	0	2	3	-0.00500000	0.773283	-29.111048
#7	0	59	0	2	3	-0.00500000	0.811789	-31.449459
#7	0	60	0	2	3	-0.00500000	0.759724	-28.110014
#7	0	61	0	2	3	-0.00500000	0.810884	-31.379063
#7	0	62	0	2	3	-0.00500000	0.771910	-28.435006
#7	0	63	0	2	3	-0.00500000	0.796658	-30.511906
#######################################################################
# TOF Up                                                              #
#######################################################################
7	0	0	0	1	3	5.24830e+00	-1.96630e+00	2.96170e+00
7	0	1	0	1	3	5.24830e+00	-1.96630e+00	2.96170e+00
7	0	2	0	1	3	5.24830e+00	-1.96630e+00	2.96170e+00
7	0	3	0	1	3	5.24830e+00	-1.96630e+00	2.96170e+00
7	0	4	0	1	3	5.24830e+00	-1.96630e+00	2.96170e+00
7	0	5	0	1	3	5.24830e+00	-1.96630e+00	2.96170e+00
7	0	6	0	1	3	6.97090e+00	-3.03520e+00	3.39910e+00
7	0	7	0	1	3	4.05450e+00	-1.96150e+00	2.30360e+00
7	0	8	0	1	3	1.16940e+02	-2.98600e+01	2.09880e+01
7	0	9	0	1	3	5.24830e+00	-1.96630e+00	2.96170e+00
7	0	10	0	1	3	5.24830e+00	-1.96630e+00	2.96170e+00
7	0	11	0	1	3	5.24830e+00	-1.96630e+00	2.96170e+00
7	0	12	0	1	3	5.24830e+00	-1.96630e+00	2.96170e+00
7	0	13	0	1	3	5.24830e+00	-1.96630e+00	2.96170e+00
7	0	14	0	1	3	5.24830e+00	-1.96630e+00	2.96170e+00
7	0	15	0	1	3	5.24830e+00	-1.96630e+00	2.96170e+00
7	0	16	0	1	3	5.24830e+00	-1.96630e+00	2.96170e+00
7	0	17	0	1	3	5.24830e+00	-1.96630e+00	2.96170e+00
7	0	18	0	1	3	5.24830e+00	-1.96630e+00	2.96170e+00
7	0	19	0	1	3	7.11491e-01	1.85180e-03	5.82402e-01
7	0	20	0	1	3	5.59404e-01	-1.73810e-03	4.50716e-01
7	0	21	0	1	3	8.92499e-01	1.99900e-03	7.37364e-01
7	0	22	0	1	3	6.37553e-01	1.99960e-03	5.45449e-01
7	0	23	0	1	3	1.19210e+00	1.98920e-03	9.99994e-01
#######################################################################
# TOF Down                                                            #
#######################################################################
7	0	0	1	1	3	5.84300e+00	-2.30730e+00	3.11320e+00
7	0	1	1	1	3	5.84300e+00	-2.30730e+00	3.11320e+00
7	0	2	1	1	3	5.84300e+00	-2.30730e+00	3.11320e+00
7	0	3	1	1	3	5.84300e+00	-2.30730e+00	3.11320e+00
7	0	4	1	1	3	5.84300e+00	-2.30730e+00	3.11320e+00
7	0	5	1	1	3	5.84300e+00	-2.30730e+00	3.11320e+00
7	0	6	1	1	3	1.41330e+01	-5.81170e+00	5.32680e+00
7	0	7	1	1	3	7.84850e+01	-2.02870e+01	1.69500e+01
7	0	8	1	1	3	2.20240e+02	-3.62440e+01	3.60080e+01
7	0	9	1	1	3	5.84300e+00	-2.30730e+00	3.11320e+00
7	0	10	1	1	3	5.84300e+00	-2.30730e+00	3.11320e+00
7	0	11	1	1	3	5.84300e+00	-2.30730e+00	3.11320e+00
7	0	12	1	1	3	5.84300e+00	-2.30730e+00	3.11320e+00
7	0	13	1	1	3	5.84300e+00	-2.30730e+00	3.11320e+00
7	0	14	1	1	3	5.84300e+00	-2.30730e+00	3.11320e+00
7	0	15	1	1	3	5.84300e+00	-2.30730e+00	3.11320e+00
7	0	16	1	1	3	5.84300e+00	-2.30730e+00	3.11320e+00
7	0	17	1	1	3	5.84300e+00	-2.30730e+00	3.11320e+00
7	0	18	1	1	3	5.84300e+00	-2.30730e+00	3.11320e+00
7	0	19	1	1	3	6.18741e-01	1.99860e-03	4.90831e-01
7	0	20	1	1	3	5.75901e-01	1.04210e-03	4.72509e-01
7	0	21	1	1	3	9.41046e-01	1.99890e-03	7.79357e-01
7	0	22	1	1	3	4.84266e-01	-1.95590e-03	3.99786e-01
7	0	23	1	1	3	8.97714e-01	1.99860e-03	7.56300e-01
#######################################################################
# BFT U                                                               #
#######################################################################
110	0	0	0	2	3	1.27026e-03	-3.63995e-01	1.23474e+01
110	0	1	0	2	3	-2.77481e-02	1.80807e+00	-2.64903e+01
110	0	2	0	2	3	1.31390e-03	-3.96302e-01	1.45558e+01
110	0	3	0	2	3	1.17103e-03	-3.72792e-01	1.23272e+01
110	0	4	0	2	3	-1.94002e-03	-1.32008e-01	8.95007e+00
110	0	5	0	2	3	2.71592e-03	-4.69263e-01	1.45409e+01
110	0	6	0	2	3	5.38632e-03	-6.80008e-01	1.84494e+01
110	0	7	0	2	3	8.19415e-03	-8.98718e-01	2.26643e+01
110	0	8	0	2	3	1.24499e-03	-3.91368e-01	1.38059e+01
110	0	9	0	2	3	3.52936e-03	-5.35222e-01	1.65462e+01
110	0	10	0	2	3	4.11337e-03	-5.81495e-01	1.60397e+01
110	0	11	0	2	3	2.62203e-03	-4.64973e-01	1.41615e+01
110	0	12	0	2	3	3.69412e-03	-5.48279e-01	1.56597e+01
110	0	13	0	2	3	2.30942e-03	-4.42870e-01	1.46544e+01
110	0	14	0	2	3	2.97385e-03	-5.05358e-01	1.48963e+01
110	0	15	0	2	3	3.44622e-03	-5.32255e-01	1.63473e+01
110	0	16	0	2	3	4.67401e-03	-6.08020e-01	1.63167e+01
110	0	17	0	2	3	3.51367e-03	-5.25024e-01	1.56373e+01
110	0	18	0	2	3	3.52407e-03	-5.45747e-01	1.54339e+01
110	0	19	0	2	3	3.85993e-03	-5.63637e-01	1.45424e+01
110	0	20	0	2	3	3.23079e-03	-5.13116e-01	1.52181e+01
110	0	21	0	2	3	3.16386e-03	-5.05246e-01	1.56479e+01
110	0	22	0	2	3	4.15648e-03	-5.88104e-01	1.65807e+01
110	0	23	0	2	3	4.96463e-03	-6.29795e-01	1.75966e+01
110	0	24	0	2	3	3.85528e-03	-5.60954e-01	1.54235e+01
110	0	25	0	2	3	4.00550e-03	-5.67142e-01	1.60786e+01
110	0	26	0	2	3	4.61609e-03	-6.23315e-01	1.72483e+01
110	0	27	0	2	3	4.28940e-03	-5.77607e-01	1.64584e+01
110	0	28	0	2	3	4.25187e-03	-5.77529e-01	1.46724e+01
110	0	29	0	2	3	3.53274e-03	-5.30604e-01	1.53828e+01
110	0	30	0	2	3	4.00290e-03	-5.74589e-01	1.61499e+01
110	0	31	0	2	3	3.61116e-03	-5.38628e-01	1.60172e+01
110	0	32	0	2	3	4.07326e-03	-5.85176e-01	1.67327e+01
110	0	33	0	2	3	3.75134e-03	-5.31756e-01	1.31006e+01
110	0	34	0	2	3	3.69629e-03	-5.55469e-01	1.59565e+01
110	0	35	0	2	3	4.56200e-03	-6.16870e-01	1.75043e+01
110	0	36	0	2	3	3.98022e-03	-5.63913e-01	1.48702e+01
110	0	37	0	2	3	4.11282e-03	-5.81373e-01	1.77462e+01
110	0	38	0	2	3	4.67159e-03	-6.12581e-01	1.61813e+01
110	0	39	0	2	3	4.38888e-03	-5.97251e-01	1.67749e+01
110	0	40	0	2	3	4.33347e-03	-5.88659e-01	1.51947e+01
110	0	41	0	2	3	3.67858e-03	-5.39173e-01	1.57082e+01
110	0	42	0	2	3	4.56715e-03	-6.10251e-01	1.61923e+01
110	0	43	0	2	3	4.80256e-03	-6.38001e-01	1.82842e+01
110	0	44	0	2	3	3.73223e-03	-5.53309e-01	1.47861e+01
110	0	45	0	2	3	3.66446e-03	-5.41011e-01	1.63588e+01
110	0	46	0	2	3	4.53441e-03	-6.22364e-01	1.72974e+01
110	0	47	0	2	3	4.62473e-03	-6.26100e-01	1.81466e+01
110	0	48	0	2	3	3.45715e-03	-5.31125e-01	1.43764e+01
110	0	49	0	2	3	4.55987e-03	-6.08018e-01	1.70288e+01
110	0	50	0	2	3	4.31299e-03	-5.96262e-01	1.69542e+01
110	0	51	0	2	3	4.25494e-03	-5.88741e-01	1.66231e+01
110	0	52	0	2	3	3.97669e-03	-5.65481e-01	1.55124e+01
110	0	53	0	2	3	4.32324e-03	-5.89028e-01	1.64657e+01
110	0	54	0	2	3	4.23624e-03	-5.94169e-01	1.65970e+01
110	0	55	0	2	3	4.59338e-03	-6.11726e-01	1.69128e+01
110	0	56	0	2	3	3.74602e-03	-5.65442e-01	1.60684e+01
110	0	57	0	2	3	4.59066e-03	-6.11956e-01	1.75751e+01
110	0	58	0	2	3	4.62067e-03	-6.23513e-01	1.71938e+01
110	0	59	0	2	3	3.81731e-03	-5.65525e-01	1.70469e+01
110	0	60	0	2	3	4.04745e-03	-5.81433e-01	1.59976e+01
110	0	61	0	2	3	3.44687e-03	-5.29064e-01	1.58371e+01
110	0	62	0	2	3	4.60723e-03	-6.17853e-01	1.68889e+01
110	0	63	0	2	3	4.13568e-03	-5.83807e-01	1.58007e+01
110	0	64	0	2	3	3.68371e-03	-5.58138e-01	1.62713e+01
110	0	65	0	2	3	4.29117e-03	-5.94232e-01	1.69854e+01
110	0	66	0	2	3	4.48523e-03	-6.27470e-01	1.78202e+01
110	0	67	0	2	3	3.42212e-03	-5.36950e-01	1.62256e+01
110	0	68	0	2	3	3.89264e-03	-5.83630e-01	1.63480e+01
110	0	69	0	2	3	4.35824e-03	-5.96274e-01	1.65553e+01
110	0	70	0	2	3	4.66950e-03	-6.42775e-01	1.73730e+01
110	0	71	0	2	3	3.94786e-03	-5.73626e-01	1.66137e+01
110	0	72	0	2	3	4.03286e-03	-5.84889e-01	1.61012e+01
110	0	73	0	2	3	4.39392e-03	-6.05987e-01	1.65952e+01
110	0	74	0	2	3	4.65230e-03	-6.34809e-01	1.70996e+01
110	0	75	0	2	3	4.53652e-03	-6.11726e-01	1.69462e+01
110	0	76	0	2	3	3.36062e-03	-5.30350e-01	1.52309e+01
110	0	77	0	2	3	3.79922e-03	-5.59591e-01	1.63717e+01
110	0	78	0	2	3	4.03858e-03	-5.89611e-01	1.66316e+01
110	0	79	0	2	3	4.26603e-03	-5.93117e-01	1.65965e+01
110	0	80	0	2	3	3.98731e-03	-5.75827e-01	1.61023e+01
110	0	81	0	2	3	4.29974e-03	-5.87982e-01	1.64926e+01
110	0	82	0	2	3	4.26107e-03	-5.93970e-01	1.69692e+01
110	0	83	0	2	3	4.26540e-03	-5.91839e-01	1.64433e+01
110	0	84	0	2	3	3.40127e-03	-5.33212e-01	1.58473e+01
110	0	85	0	2	3	3.92656e-03	-5.64787e-01	1.64516e+01
110	0	86	0	2	3	4.46286e-03	-6.23041e-01	1.73123e+01
110	0	87	0	2	3	3.66173e-03	-5.58506e-01	1.67241e+01
110	0	88	0	2	3	3.97747e-03	-5.69619e-01	1.58149e+01
110	0	89	0	2	3	4.01637e-03	-5.76438e-01	1.63160e+01
110	0	90	0	2	3	4.02750e-03	-5.84375e-01	1.63547e+01
110	0	91	0	2	3	4.36510e-03	-6.08420e-01	1.64881e+01
110	0	92	0	2	3	3.97371e-03	-5.88574e-01	1.73405e+01
110	0	93	0	2	3	3.92292e-03	-5.64587e-01	1.57961e+01
110	0	94	0	2	3	4.92465e-03	-6.65404e-01	1.86853e+01
110	0	95	0	2	3	4.62167e-03	-6.24968e-01	1.76108e+01
110	0	96	0	2	3	4.19049e-03	-6.02325e-01	1.71976e+01
110	0	97	0	2	3	3.59142e-03	-5.48325e-01	1.64547e+01
110	0	98	0	2	3	4.23767e-03	-6.12095e-01	1.74128e+01
110	0	99	0	2	3	3.85133e-03	-5.62312e-01	1.52984e+01
110	0	100	0	2	3	4.20057e-03	-6.00961e-01	1.67718e+01
110	0	101	0	2	3	3.96368e-03	-5.73534e-01	1.67656e+01
110	0	102	0	2	3	3.83908e-03	-5.73464e-01	1.64537e+01
110	0	103	0	2	3	4.73435e-03	-6.32337e-01	1.74262e+01
110	0	104	0	2	3	4.19786e-03	-5.92669e-01	1.65851e+01
110	0	105	0	2	3	4.17862e-03	-5.89658e-01	1.65739e+01
110	0	106	0	2	3	4.68715e-03	-6.33705e-01	1.74867e+01
110	0	107	0	2	3	4.78295e-03	-6.28562e-01	1.66793e+01
110	0	108	0	2	3	3.60565e-03	-5.56929e-01	1.59274e+01
110	0	109	0	2	3	3.55757e-03	-5.48174e-01	1.57872e+01
110	0	110	0	2	3	4.39976e-03	-6.13000e-01	1.69079e+01
110	0	111	0	2	3	4.69060e-03	-6.38991e-01	1.76016e+01
110	0	112	0	2	3	3.55157e-03	-5.39253e-01	1.52336e+01
110	0	113	0	2	3	3.85223e-03	-5.64034e-01	1.59962e+01
110	0	114	0	2	3	3.87874e-03	-5.71882e-01	1.72311e+01
110	0	115	0	2	3	5.10035e-03	-6.54627e-01	1.76036e+01
110	0	116	0	2	3	2.69775e-03	-4.91390e-01	1.54298e+01
110	0	117	0	2	3	4.89159e-03	-6.40242e-01	1.73400e+01
110	0	118	0	2	3	4.20334e-03	-5.97069e-01	1.68713e+01
110	0	119	0	2	3	4.20596e-03	-5.84909e-01	1.54642e+01
110	0	120	0	2	3	4.06466e-03	-6.00841e-01	1.76985e+01
110	0	121	0	2	3	4.57819e-03	-6.08316e-01	1.53280e+01
110	0	122	0	2	3	4.00454e-03	-5.91350e-01	1.75937e+01
110	0	123	0	2	3	4.99909e-03	-6.44654e-01	1.76888e+01
110	0	124	0	2	3	3.35848e-03	-5.35553e-01	1.59123e+01
110	0	125	0	2	3	3.87831e-03	-5.52861e-01	1.36996e+01
110	0	126	0	2	3	4.09112e-03	-5.86453e-01	1.61887e+01
110	0	127	0	2	3	4.41784e-03	-6.00962e-01	1.66519e+01
110	0	128	0	2	3	3.26184e-03	-5.61828e-01	1.71463e+01
110	0	129	0	2	3	3.45753e-03	-5.65034e-01	1.67808e+01
110	0	130	0	2	3	4.81225e-03	-6.69854e-01	2.00278e+01
110	0	131	0	2	3	2.34921e-03	-4.54199e-01	1.44453e+01
110	0	132	0	2	3	2.56455e-03	-4.98056e-01	1.61432e+01
110	0	133	0	2	3	4.09386e-03	-5.85876e-01	1.69577e+01
110	0	134	0	2	3	2.72442e-03	-5.12803e-01	1.59144e+01
110	0	135	0	2	3	4.51196e-03	-6.25588e-01	1.81234e+01
110	0	136	0	2	3	2.61594e-03	-5.00607e-01	1.50432e+01
110	0	137	0	2	3	3.73238e-03	-5.78661e-01	1.74955e+01
110	0	138	0	2	3	5.03182e-03	-6.83896e-01	1.93552e+01
110	0	139	0	2	3	2.14331e-03	-4.67394e-01	1.50193e+01
110	0	140	0	2	3	3.28777e-03	-5.55919e-01	1.72830e+01
110	0	141	0	2	3	2.84052e-03	-5.15342e-01	1.51480e+01
110	0	142	0	2	3	2.25470e-03	-4.67507e-01	1.57498e+01
110	0	143	0	2	3	3.00593e-03	-5.19611e-01	1.53997e+01
110	0	144	0	2	3	4.59723e-03	-6.27767e-01	1.76385e+01
110	0	145	0	2	3	3.38665e-03	-5.37460e-01	1.59854e+01
110	0	146	0	2	3	3.71096e-03	-5.74887e-01	1.67485e+01
110	0	147	0	2	3	3.04166e-03	-5.11309e-01	1.56689e+01
110	0	148	0	2	3	3.27568e-03	-5.43391e-01	1.66084e+01
110	0	149	0	2	3	4.17917e-03	-6.02832e-01	1.73338e+01
110	0	150	0	2	3	2.71170e-03	-5.03496e-01	1.57729e+01
110	0	151	0	2	3	3.03418e-03	-5.33873e-01	1.62408e+01
110	0	152	0	2	3	2.57181e-03	-4.96741e-01	1.60887e+01
110	0	153	0	2	3	3.40805e-03	-5.67004e-01	1.71603e+01
110	0	154	0	2	3	3.63488e-03	-5.70656e-01	1.62330e+01
110	0	155	0	2	3	3.56128e-03	-5.55942e-01	1.56820e+01
110	0	156	0	2	3	3.41726e-03	-5.65436e-01	1.80306e+01
110	0	157	0	2	3	6.82516e-03	-7.96782e-01	2.11329e+01
110	0	158	0	2	3	-3.02023e-02	1.88215e+00	-2.63223e+01
110	0	159	0	2	3	1.62840e-03	-4.39036e-01	1.54581e+01
#######################################################################
# BFT D                                                               #
#######################################################################
110	1	0	0	2	3	-1.57464e-02	8.95418e-01	-9.05243e+00
110	1	1	0	2	3	-1.61772e-02	9.40198e-01	-1.04706e+01
110	1	2	0	2	3	-2.94683e-03	-8.10377e-02	8.63705e+00
110	1	3	0	2	3	-2.01091e-02	1.26369e+00	-1.61741e+01
110	1	4	0	2	3	1.45797e-03	-3.91376e-01	1.42838e+01
110	1	5	0	2	3	8.49544e-04	-3.68584e-01	1.44666e+01
110	1	6	0	2	3	2.58815e-03	-4.92307e-01	1.53180e+01
110	1	7	0	2	3	5.04701e-03	-6.48398e-01	1.84656e+01
110	1	8	0	2	3	1.95548e-03	-4.32461e-01	1.45160e+01
110	1	9	0	2	3	-7.39776e-03	2.94122e-01	1.23740e+00
110	1	10	0	2	3	3.44691e-03	-5.41008e-01	1.52541e+01
110	1	11	0	2	3	2.29754e-03	-4.63010e-01	1.51623e+01
110	1	12	0	2	3	3.40082e-03	-5.41332e-01	1.56071e+01
110	1	13	0	2	3	2.41191e-03	-4.60138e-01	1.46863e+01
110	1	14	0	2	3	3.84115e-03	-5.80817e-01	1.61766e+01
110	1	15	0	2	3	3.81264e-03	-5.62554e-01	1.63576e+01
110	1	16	0	2	3	4.01507e-03	-5.79261e-01	1.61773e+01
110	1	17	0	2	3	3.33268e-03	-5.22166e-01	1.57313e+01
110	1	18	0	2	3	3.48723e-03	-5.48471e-01	1.51977e+01
110	1	19	0	2	3	5.22152e-03	-6.63765e-01	1.87439e+01
110	1	20	0	2	3	3.14976e-03	-5.30755e-01	1.58866e+01
110	1	21	0	2	3	2.60127e-03	-4.81708e-01	1.55949e+01
110	1	22	0	2	3	3.86524e-03	-5.67133e-01	1.59004e+01
110	1	23	0	2	3	2.76111e-03	-4.81357e-01	1.46994e+01
110	1	24	0	2	3	3.81955e-03	-5.65748e-01	1.68510e+01
110	1	25	0	2	3	3.16117e-03	-5.17871e-01	1.55728e+01
110	1	26	0	2	3	4.07542e-03	-5.97219e-01	1.75263e+01
110	1	27	0	2	3	3.10986e-03	-5.09773e-01	1.60718e+01
110	1	28	0	2	3	4.19160e-03	-5.97717e-01	1.63771e+01
110	1	29	0	2	3	3.36035e-03	-5.23455e-01	1.56675e+01
110	1	30	0	2	3	4.44605e-03	-6.12146e-01	1.68640e+01
110	1	31	0	2	3	4.13064e-03	-5.95827e-01	1.73092e+01
110	1	32	0	2	3	3.90914e-03	-5.81663e-01	1.77190e+01
110	1	33	0	2	3	3.39423e-03	-5.40600e-01	1.50974e+01
110	1	34	0	2	3	3.79879e-03	-5.64546e-01	1.56399e+01
110	1	35	0	2	3	4.23615e-03	-6.06679e-01	1.85091e+01
110	1	36	0	2	3	4.21555e-03	-5.94022e-01	1.63739e+01
110	1	37	0	2	3	3.47650e-03	-5.34512e-01	1.51051e+01
110	1	38	0	2	3	4.46664e-03	-6.16040e-01	1.69701e+01
110	1	39	0	2	3	3.92549e-03	-5.68162e-01	1.67553e+01
110	1	40	0	2	3	3.78601e-03	-5.61337e-01	1.56459e+01
110	1	41	0	2	3	4.09688e-03	-5.78606e-01	1.62988e+01
110	1	42	0	2	3	3.93560e-03	-5.66442e-01	1.51831e+01
110	1	43	0	2	3	4.44695e-03	-6.03821e-01	1.75069e+01
110	1	44	0	2	3	4.08478e-03	-5.88608e-01	1.62859e+01
110	1	45	0	2	3	3.53417e-03	-5.47447e-01	1.61437e+01
110	1	46	0	2	3	4.23839e-03	-6.05756e-01	1.66348e+01
110	1	47	0	2	3	4.47120e-03	-6.29816e-01	1.85192e+01
110	1	48	0	2	3	3.79854e-03	-5.64664e-01	1.65347e+01
110	1	49	0	2	3	3.91693e-03	-5.65919e-01	1.65908e+01
110	1	50	0	2	3	3.87852e-03	-5.71996e-01	1.56422e+01
110	1	51	0	2	3	3.88162e-03	-5.72486e-01	1.75162e+01
110	1	52	0	2	3	4.15059e-03	-6.02656e-01	1.65366e+01
110	1	53	0	2	3	3.02399e-03	-5.08639e-01	1.56449e+01
110	1	54	0	2	3	4.12871e-03	-5.95215e-01	1.72812e+01
110	1	55	0	2	3	3.88641e-03	-5.74119e-01	1.66596e+01
110	1	56	0	2	3	3.77143e-03	-5.79436e-01	1.72092e+01
110	1	57	0	2	3	3.89797e-03	-5.73930e-01	1.73512e+01
110	1	58	0	2	3	4.07139e-03	-5.99623e-01	1.84349e+01
110	1	59	0	2	3	5.24806e-03	-6.81942e-01	1.96175e+01
110	1	60	0	2	3	4.13944e-03	-5.96468e-01	1.72142e+01
110	1	61	0	2	3	4.43325e-03	-5.98667e-01	1.72785e+01
110	1	62	0	2	3	3.79270e-03	-5.67878e-01	1.56674e+01
110	1	63	0	2	3	3.49057e-03	-5.48265e-01	1.63159e+01
110	1	64	0	2	3	4.18803e-03	-5.99693e-01	1.76041e+01
110	1	65	0	2	3	4.13121e-03	-5.89574e-01	1.62655e+01
110	1	66	0	2	3	5.01719e-03	-6.64113e-01	1.74742e+01
110	1	67	0	2	3	4.31466e-03	-6.07036e-01	1.67285e+01
110	1	68	0	2	3	3.40462e-03	-5.34101e-01	1.48495e+01
110	1	69	0	2	3	3.90114e-03	-5.73728e-01	1.61059e+01
110	1	70	0	2	3	4.12998e-03	-5.96152e-01	1.73965e+01
110	1	71	0	2	3	4.41794e-03	-6.18782e-01	1.71613e+01
110	1	72	0	2	3	3.53240e-03	-5.46908e-01	1.59978e+01
110	1	73	0	2	3	4.22550e-03	-6.04881e-01	1.74845e+01
110	1	74	0	2	3	4.11213e-03	-5.90459e-01	1.59669e+01
110	1	75	0	2	3	4.10870e-03	-5.99969e-01	1.73554e+01
110	1	76	0	2	3	4.07205e-03	-5.85507e-01	1.65217e+01
110	1	77	0	2	3	3.96451e-03	-5.87603e-01	1.71457e+01
110	1	78	0	2	3	4.56552e-03	-6.23362e-01	1.65272e+01
110	1	79	0	2	3	4.38952e-03	-6.08837e-01	1.62864e+01
110	1	80	0	2	3	3.66997e-03	-5.54201e-01	1.58631e+01
110	1	81	0	2	3	3.83476e-03	-5.66478e-01	1.58736e+01
110	1	82	0	2	3	4.48640e-03	-6.18783e-01	1.80084e+01
110	1	83	0	2	3	4.72351e-03	-6.18420e-01	1.69817e+01
110	1	84	0	2	3	3.31675e-03	-5.22184e-01	1.47966e+01
110	1	85	0	2	3	4.14946e-03	-5.82240e-01	1.63064e+01
110	1	86	0	2	3	4.43453e-03	-6.17225e-01	1.67739e+01
110	1	87	0	2	3	4.13713e-03	-5.82202e-01	1.51807e+01
110	1	88	0	2	3	3.60488e-03	-5.53593e-01	1.63628e+01
110	1	89	0	2	3	4.06247e-03	-5.89317e-01	1.63291e+01
110	1	90	0	2	3	3.68976e-03	-5.62847e-01	1.57348e+01
110	1	91	0	2	3	3.80002e-03	-5.63736e-01	1.56815e+01
110	1	92	0	2	3	4.01716e-03	-5.75202e-01	1.62703e+01
110	1	93	0	2	3	3.39863e-03	-5.40012e-01	1.60216e+01
110	1	94	0	2	3	3.96751e-03	-5.86908e-01	1.64043e+01
110	1	95	0	2	3	3.82684e-03	-5.71441e-01	1.62120e+01
110	1	96	0	2	3	3.53682e-03	-5.45624e-01	1.55390e+01
110	1	97	0	2	3	3.87292e-03	-5.69916e-01	1.59131e+01
110	1	98	0	2	3	3.94930e-03	-5.93181e-01	1.77653e+01
110	1	99	0	2	3	4.48873e-03	-6.14523e-01	1.70445e+01
110	1	100	0	2	3	3.45135e-03	-5.29135e-01	1.57366e+01
110	1	101	0	2	3	4.22200e-03	-5.96954e-01	1.63215e+01
110	1	102	0	2	3	4.55455e-03	-6.32316e-01	1.76758e+01
110	1	103	0	2	3	4.38244e-03	-6.06826e-01	1.68218e+01
110	1	104	0	2	3	3.94887e-03	-5.74727e-01	1.65685e+01
110	1	105	0	2	3	4.34496e-03	-6.05531e-01	1.62235e+01
110	1	106	0	2	3	3.88023e-03	-5.72715e-01	1.62730e+01
110	1	107	0	2	3	5.12470e-03	-6.54311e-01	1.67184e+01
110	1	108	0	2	3	3.60409e-03	-5.46778e-01	1.67184e+01
110	1	109	0	2	3	3.58129e-03	-5.52933e-01	1.59048e+01
110	1	110	0	2	3	4.19572e-03	-5.98337e-01	1.69894e+01
110	1	111	0	2	3	4.46946e-03	-6.21207e-01	1.76330e+01
110	1	112	0	2	3	3.87090e-03	-5.75182e-01	1.64895e+01
110	1	113	0	2	3	3.63854e-03	-5.54985e-01	1.64998e+01
110	1	114	0	2	3	3.69530e-03	-5.70218e-01	1.62814e+01
110	1	115	0	2	3	4.55711e-03	-6.19197e-01	1.72630e+01
110	1	116	0	2	3	2.95862e-03	-5.05741e-01	1.53703e+01
110	1	117	0	2	3	3.96396e-03	-5.73565e-01	1.56688e+01
110	1	118	0	2	3	4.03306e-03	-5.90554e-01	1.61201e+01
110	1	119	0	2	3	4.41118e-03	-6.07224e-01	1.64389e+01
110	1	120	0	2	3	2.97360e-03	-5.05971e-01	1.51216e+01
110	1	121	0	2	3	3.90183e-03	-5.70663e-01	1.65086e+01
110	1	122	0	2	3	5.48781e-03	-7.01429e-01	2.01528e+01
110	1	123	0	2	3	4.00431e-03	-5.97153e-01	1.77972e+01
110	1	124	0	2	3	4.87278e-03	-6.36201e-01	1.70516e+01
110	1	125	0	2	3	2.74598e-03	-4.95443e-01	1.56502e+01
110	1	126	0	2	3	3.82315e-03	-5.67586e-01	1.55691e+01
110	1	127	0	2	3	4.53280e-03	-6.15556e-01	1.74137e+01
110	1	128	0	2	3	3.99843e-03	-6.11739e-01	1.82549e+01
110	1	129	0	2	3	3.83905e-03	-5.98123e-01	1.79684e+01
110	1	130	0	2	3	4.27345e-03	-6.19244e-01	1.72412e+01
110	1	131	0	2	3	3.66329e-03	-5.57993e-01	1.64229e+01
110	1	132	0	2	3	4.00373e-03	-6.03474e-01	1.81371e+01
110	1	133	0	2	3	5.42105e-03	-6.88064e-01	1.86084e+01
110	1	134	0	2	3	3.69185e-03	-5.84773e-01	1.68012e+01
110	1	135	0	2	3	4.31972e-03	-5.99576e-01	1.62902e+01
110	1	136	0	2	3	4.62813e-03	-6.47770e-01	1.90261e+01
110	1	137	0	2	3	5.11512e-03	-6.76499e-01	1.79549e+01
110	1	138	0	2	3	3.66776e-03	-5.63709e-01	1.65355e+01
110	1	139	0	2	3	4.46343e-03	-6.17450e-01	1.68244e+01
110	1	140	0	2	3	3.09704e-03	-5.26836e-01	1.57978e+01
110	1	141	0	2	3	4.35699e-03	-6.16340e-01	1.72972e+01
110	1	142	0	2	3	3.19796e-03	-5.36478e-01	1.57850e+01
110	1	143	0	2	3	3.23139e-03	-5.40259e-01	1.67883e+01
110	1	144	0	2	3	2.33706e-03	-4.79285e-01	1.51574e+01
110	1	145	0	2	3	3.31807e-03	-5.30135e-01	1.58760e+01
110	1	146	0	2	3	3.55994e-03	-5.65089e-01	1.65191e+01
110	1	147	0	2	3	3.58897e-03	-5.62964e-01	1.57400e+01
110	1	148	0	2	3	4.22477e-03	-6.15996e-01	1.70515e+01
110	1	149	0	2	3	2.91724e-03	-4.98321e-01	1.57473e+01
110	1	150	0	2	3	4.40860e-03	-6.14758e-01	1.68624e+01
110	1	151	0	2	3	4.60467e-03	-6.38098e-01	1.79337e+01
110	1	152	0	2	3	3.07944e-03	-5.23851e-01	1.67325e+01
110	1	153	0	2	3	2.62681e-03	-4.90006e-01	1.60955e+01
110	1	154	0	2	3	3.58667e-03	-5.65586e-01	1.59634e+01
110	1	155	0	2	3	6.11683e-03	-7.23791e-01	1.88546e+01
110	1	156	0	2	3	3.36758e-03	-5.30438e-01	1.58737e+01
110	1	157	0	2	3	1.93466e-03	-4.36902e-01	1.50755e+01
110	1	158	0	2	3	1.01367e-03	-3.87564e-01	1.41278e+01
110	1	159	0	2	3	-5.79331e-03	5.73752e-02	7.55900e+00
