##
#  file: HodoPHCParam_Dummy
#  date: 2016.06.15
#  note: first version
#
#
#######################################################################
# CId	PlId	Seg	UorD	Type	nParam	p0	p1	...
#
#	Type=0 no correction will be performed
#	Type=1 ct=t-p[0]/sqrt(a-p[1])+p[2]
#	Type=2 ct=p[0]*a*a + p[1]*a + p[2] for Fiber
#
#######################################################################
# BH1 Up                                                              #
#######################################################################
1	0	0	0	1	3	9.72882e+01	-2.42381e+01	1.93388e+01
1	0	1	0	1	3	8.39811e-01	2.30870e-01	9.07677e-01
1	0	2	0	1	3	7.96271e-01	2.02772e-01	8.76313e-01
1	0	3	0	1	3	1.24269e+00	-1.47574e-01	1.19840e+00
1	0	4	0	1	3	1.09931e+00	-7.72769e-02	1.08260e+00
1	0	5	0	1	3	1.05845e+00	1.40683e-01	1.18835e+00
1	0	6	0	1	3	1.24845e+00	-7.32092e-02	1.22011e+00
1	0	7	0	1	3	1.38494e+00	-1.69323e-01	1.29113e+00
1	0	8	0	1	3	1.12943e+00	-1.85789e-01	1.05048e+00
1	0	9	0	1	3	1.39270e+00	-1.82072e-01	1.30041e+00
1	0	10	0	1	3	1.71493e+02	-3.15885e+01	3.00372e+01
#######################################################################
# BH1 Down                                                            #
#######################################################################
1	0	0	1	1	3	1.69589e+00	-2.63702e-01	1.46458e+00
1	0	1	1	1	3	6.65147e-01	3.06785e-01	7.74182e-01
1	0	2	1	1	3	1.69164e+00	-4.50471e-01	1.36238e+00
1	0	3	1	1	3	7.14482e+01	-2.23619e+01	1.47724e+01
1	0	4	1	1	3	1.42431e+00	-1.84323e-01	1.31423e+00
1	0	5	1	1	3	1.48351e+00	-1.17877e-01	1.40777e+00
1	0	6	1	1	3	1.64799e+00	-3.01989e-01	1.48452e+00
1	0	7	1	1	3	1.48685e+00	-1.75507e-01	1.38619e+00
1	0	8	1	1	3	5.71792e-01	2.68423e-01	6.99614e-01
1	0	9	1	1	3	1.07020e+00	4.47097e-02	1.11772e+00
1	0	10	1	1	3	5.19525e-01	3.65790e-01	6.45791e-01
#######################################################################
# BH2 Up                                                              #
#######################################################################
2	0	0	0	1	3	1.12115e-01	3.35357e-01	1.33957e-01
2	0	1	0	1	3	4.23202e-01	6.01088e-02	4.32756e-01
2	0	2	0	1	3	4.01076e-01	4.56070e-02	4.03148e-01
2	0	3	0	1	3	3.85284e-01	5.67440e-02	3.98101e-01
2	0	4	0	1	3	2.66200e-01	1.48660e-01	2.92941e-01
2	0	5	0	1	3	1.66891e-01	2.88043e-01	2.06447e-01
2	0	6	0	1	3	1.71542e-01	2.55850e-01	2.12138e-01
2	0	7	0	1	3	1.96083e-01	2.29490e-01	2.30246e-01
#######################################################################
# BH2 Down                                                            #
#######################################################################
2	0	0	1	1	3	1.86082e-01	2.04597e-01	2.06299e-01
2	0	1	1	1	3	3.69447e-01	6.07075e-02	3.67987e-01
2	0	2	1	1	3	4.36704e-01	5.29092e-03	4.17610e-01
2	0	3	1	1	3	5.05110e-01	-2.36197e-01	4.33924e-01
2	0	4	1	1	3	3.34198e-01	6.07922e-02	3.30964e-01
2	0	5	1	1	3	2.71316e-01	1.29618e-01	2.74971e-01
2	0	6	1	1	3	4.51400e-01	-3.05140e-02	4.20447e-01
2	0	7	1	1	3	2.11967e-01	8.42464e-02	2.22906e-01
#######################################################################
# BAC                                                                 #
#######################################################################
3	0	0	0	1	3	0.00000e+00	0.00000e+00	0.00000e+00
3	0	1	0	1	3	0.00000e+00	0.00000e+00	0.00000e+00
#######################################################################
# FBH Up                                                              #
#######################################################################
4	0	0	0	2	3	-5.62952e-03	8.96903e-01	-3.53273e+01
4	0	1	0	2	3	-4.29399e-03	7.37975e-01	-3.00049e+01
4	0	2	0	2	3	-5.26894e-03	8.67305e-01	-3.38992e+01
4	0	3	0	2	3	-3.80183e-03	6.69237e-01	-2.72260e+01
4	0	4	0	2	3	-4.35014e-03	7.35785e-01	-2.92008e+01
4	0	5	0	2	3	-4.02541e-03	6.86907e-01	-2.70312e+01
4	0	6	0	2	3	-4.16660e-03	7.08229e-01	-2.81512e+01
4	0	7	0	2	3	-3.93117e-03	6.84759e-01	-2.69101e+01
4	0	8	0	2	3	-4.14423e-03	6.96902e-01	-2.65883e+01
4	0	9	0	2	3	-2.83372e-03	5.62925e-01	-2.20787e+01
4	0	10	0	2	3	-4.07944e-03	7.09420e-01	-2.75603e+01
4	0	11	0	2	3	-3.50961e-03	6.50113e-01	-2.64167e+01
4	0	12	0	2	3	-3.52415e-03	6.49734e-01	-2.67232e+01
4	0	13	0	2	3	-4.13420e-03	7.26957e-01	-2.99675e+01
4	0	14	0	2	3	-4.90315e-03	8.27563e-01	-3.35630e+01
4	0	15	0	2	3	-4.73048e-03	8.13189e-01	-3.31901e+01
#######################################################################
# FBH Down                                                            #
#######################################################################
4	0	0	1	2	3	-5.62952e-03	8.96903e-01	-3.53273e+01
4	0	1	1	2	3	-4.29399e-03	7.37975e-01	-3.00049e+01
4	0	2	1	2	3	-5.26894e-03	8.67305e-01	-3.38992e+01
4	0	3	1	2	3	-3.80183e-03	6.69237e-01	-2.72260e+01
4	0	4	1	2	3	-4.35014e-03	7.35785e-01	-2.92008e+01
4	0	5	1	2	3	-4.02541e-03	6.86907e-01	-2.70312e+01
4	0	6	1	2	3	-4.16660e-03	7.08229e-01	-2.81512e+01
4	0	7	1	2	3	-3.93117e-03	6.84759e-01	-2.69101e+01
4	0	8	1	2	3	-4.14423e-03	6.96902e-01	-2.65883e+01
4	0	9	1	2	3	-2.83372e-03	5.62925e-01	-2.20787e+01
4	0	10	1	2	3	-4.07944e-03	7.09420e-01	-2.75603e+01
4	0	11	1	2	3	-3.50961e-03	6.50113e-01	-2.64167e+01
4	0	12	1	2	3	-3.52415e-03	6.49734e-01	-2.67232e+01
4	0	13	1	2	3	-4.13420e-03	7.26957e-01	-2.99675e+01
4	0	14	1	2	3	-4.90315e-03	8.27563e-01	-3.35630e+01
4	0	15	1	2	3	-4.73048e-03	8.13189e-01	-3.31901e+01
#######################################################################
# PVAC                                                                #
#######################################################################
5	0	0	0	1	3	0.00000e+00	0.00000e+00	0.00000e+00
#######################################################################
# FAC                                                                 #
#######################################################################
6	0	0	0	1	3	0.00000e+00	0.00000e+00	0.00000e+00
#######################################################################
# SCH                                                                 #
#######################################################################
#7	0	0	0	2	3	-0.00500000	0.821213	-32.185321
#7	0	1	0	2	3	-0.00500000	0.830248	-32.269563
#7	0	2	0	2	3	-0.00500000	0.793073	-29.315934
#7	0	3	0	2	3	-0.00500000	0.772144	-28.276705
#7	0	4	0	2	3	-0.00500000	0.801968	-30.687167
#7	0	5	0	2	3	-0.00500000	0.778300	-28.439251
#7	0	6	0	2	3	-0.00500000	0.765872	-27.918181
#7	0	7	0	2	3	-0.00500000	0.738459	-26.016797
#7	0	8	0	2	3	-0.00500000	0.778318	-28.676371
#7	0	9	0	2	3	-0.00500000	0.776670	-28.892887
#7	0	10	0	2	3	-0.00500000	0.764278	-28.122474
#7	0	11	0	2	3	-0.00500000	0.790742	-29.423647
#7	0	12	0	2	3	-0.00500000	0.811330	-30.487019
#7	0	13	0	2	3	-0.00500000	0.818750	-30.891512
#7	0	14	0	2	3	-0.00500000	0.802541	-30.009136
#7	0	15	0	2	3	-0.00500000	0.809525	-30.751746
#7	0	16	0	2	3	-0.00500000	0.802597	-30.845509
#7	0	17	0	2	3	-0.00500000	0.835028	-32.780792
#7	0	18	0	2	3	-0.00500000	0.859176	-33.938731
#7	0	19	0	2	3	-0.00500000	0.814851	-31.445396
#7	0	20	0	2	3	-0.00500000	0.809426	-30.781087
#7	0	21	0	2	3	-0.00500000	0.780678	-28.888756
#7	0	22	0	2	3	-0.00500000	0.808206	-30.719604
#7	0	23	0	2	3	-0.00500000	0.774024	-27.858339
#7	0	24	0	2	3	-0.00500000	0.794308	-29.022101
#7	0	25	0	2	3	-0.00500000	0.775649	-27.980186
#7	0	26	0	2	3	-0.00500000	0.788483	-28.687567
#7	0	27	0	2	3	-0.00466315	0.771386	-29.253260
#7	0	28	0	2	3	-0.00483132	0.790854	-28.637741
#7	0	29	0	2	3	-0.00497049	0.812994	-30.786914
#7	0	30	0	2	3	-0.00500000	0.787793	-28.362716
#7	0	31	0	2	3	-0.00500000	0.790759	-28.876812
#7	0	32	0	2	3	-0.00500000	0.824826	-31.655285
#7	0	33	0	2	3	-0.00500000	0.845304	-33.407765
#7	0	34	0	2	3	-0.00500000	0.832263	-32.939799
#7	0	35	0	2	3	-0.00500000	0.820631	-31.695372
#7	0	36	0	2	3	-0.00500000	0.836997	-33.200590
#7	0	37	0	2	3	-0.00500000	0.819690	-32.097193
#7	0	38	0	2	3	-0.00500000	0.808109	-31.263214
#7	0	39	0	2	3	-0.00500000	0.815224	-31.135523
#7	0	40	0	2	3	-0.00500000	0.803398	-29.897923
#7	0	41	0	2	3	-0.00500000	0.815685	-31.165519
#7	0	42	0	2	3	-0.00500000	0.812980	-30.737261
#7	0	43	0	2	3	-0.00500000	0.829418	-32.693307
#7	0	44	0	2	3	-0.00500000	0.789530	-29.464920
#7	0	45	0	2	3	-0.00500000	0.804789	-31.208151
#7	0	46	0	2	3	-0.00500000	0.830106	-32.806514
#7	0	47	0	2	3	-0.00500000	0.819206	-31.373242
#7	0	48	0	2	3	-0.00500000	0.816165	-31.709319
#7	0	49	0	2	3	-0.00500000	0.798496	-30.201709
#7	0	50	0	2	3	-0.00500000	0.812167	-31.795745
#7	0	51	0	2	3	-0.00500000	0.810749	-31.375226
#7	0	52	0	2	3	-0.00500000	0.803385	-31.372512
#7	0	53	0	2	3	-0.00500000	0.777405	-29.262831
#7	0	54	0	2	3	-0.00500000	0.783954	-29.763410
#7	0	55	0	2	3	-0.00500000	0.789443	-29.976449
#7	0	56	0	2	3	-0.00500000	0.838828	-33.261086
#7	0	57	0	2	3	-0.00500000	0.804421	-30.573195
#7	0	58	0	2	3	-0.00500000	0.773283	-29.111048
#7	0	59	0	2	3	-0.00500000	0.811789	-31.449459
#7	0	60	0	2	3	-0.00500000	0.759724	-28.110014
#7	0	61	0	2	3	-0.00500000	0.810884	-31.379063
#7	0	62	0	2	3	-0.00500000	0.771910	-28.435006
#7	0	63	0	2	3	-0.00500000	0.796658	-30.511906
#######################################################################
# TOF Up                                                              #
#######################################################################
7	0	0	0	1	3	5.24830e+00	-1.96630e+00	2.96170e+00
7	0	1	0	1	3	5.24830e+00	-1.96630e+00	2.96170e+00
7	0	2	0	1	3	5.24830e+00	-1.96630e+00	2.96170e+00
7	0	3	0	1	3	5.24830e+00	-1.96630e+00	2.96170e+00
7	0	4	0	1	3	5.24830e+00	-1.96630e+00	2.96170e+00
7	0	5	0	1	3	5.24830e+00	-1.96630e+00	2.96170e+00
7	0	6	0	1	3	6.97090e+00	-3.03520e+00	3.39910e+00
7	0	7	0	1	3	4.05450e+00	-1.96150e+00	2.30360e+00
7	0	8	0	1	3	1.16940e+02	-2.98600e+01	2.09880e+01
7	0	9	0	1	3	5.24830e+00	-1.96630e+00	2.96170e+00
7	0	10	0	1	3	5.24830e+00	-1.96630e+00	2.96170e+00
7	0	11	0	1	3	5.24830e+00	-1.96630e+00	2.96170e+00
7	0	12	0	1	3	5.24830e+00	-1.96630e+00	2.96170e+00
7	0	13	0	1	3	5.24830e+00	-1.96630e+00	2.96170e+00
7	0	14	0	1	3	5.24830e+00	-1.96630e+00	2.96170e+00
7	0	15	0	1	3	5.24830e+00	-1.96630e+00	2.96170e+00
7	0	16	0	1	3	5.24830e+00	-1.96630e+00	2.96170e+00
7	0	17	0	1	3	5.24830e+00	-1.96630e+00	2.96170e+00
7	0	18	0	1	3	5.24830e+00	-1.96630e+00	2.96170e+00
7	0	19	0	1	3	7.11491e-01	1.85180e-03	5.82402e-01
7	0	20	0	1	3	5.59404e-01	-1.73810e-03	4.50716e-01
7	0	21	0	1	3	8.92499e-01	1.99900e-03	7.37364e-01
7	0	22	0	1	3	6.37553e-01	1.99960e-03	5.45449e-01
7	0	23	0	1	3	1.19210e+00	1.98920e-03	9.99994e-01
#######################################################################
# TOF Down                                                            #
#######################################################################
7	0	0	1	1	3	5.84300e+00	-2.30730e+00	3.11320e+00
7	0	1	1	1	3	5.84300e+00	-2.30730e+00	3.11320e+00
7	0	2	1	1	3	5.84300e+00	-2.30730e+00	3.11320e+00
7	0	3	1	1	3	5.84300e+00	-2.30730e+00	3.11320e+00
7	0	4	1	1	3	5.84300e+00	-2.30730e+00	3.11320e+00
7	0	5	1	1	3	5.84300e+00	-2.30730e+00	3.11320e+00
7	0	6	1	1	3	1.41330e+01	-5.81170e+00	5.32680e+00
7	0	7	1	1	3	7.84850e+01	-2.02870e+01	1.69500e+01
7	0	8	1	1	3	2.20240e+02	-3.62440e+01	3.60080e+01
7	0	9	1	1	3	5.84300e+00	-2.30730e+00	3.11320e+00
7	0	10	1	1	3	5.84300e+00	-2.30730e+00	3.11320e+00
7	0	11	1	1	3	5.84300e+00	-2.30730e+00	3.11320e+00
7	0	12	1	1	3	5.84300e+00	-2.30730e+00	3.11320e+00
7	0	13	1	1	3	5.84300e+00	-2.30730e+00	3.11320e+00
7	0	14	1	1	3	5.84300e+00	-2.30730e+00	3.11320e+00
7	0	15	1	1	3	5.84300e+00	-2.30730e+00	3.11320e+00
7	0	16	1	1	3	5.84300e+00	-2.30730e+00	3.11320e+00
7	0	17	1	1	3	5.84300e+00	-2.30730e+00	3.11320e+00
7	0	18	1	1	3	5.84300e+00	-2.30730e+00	3.11320e+00
7	0	19	1	1	3	6.18741e-01	1.99860e-03	4.90831e-01
7	0	20	1	1	3	5.75901e-01	1.04210e-03	4.72509e-01
7	0	21	1	1	3	9.41046e-01	1.99890e-03	7.79357e-01
7	0	22	1	1	3	4.84266e-01	-1.95590e-03	3.99786e-01
7	0	23	1	1	3	8.97714e-01	1.99860e-03	7.56300e-01
#######################################################################
# BFT U                                                               #
#######################################################################
110	0	0	0	2	3	-3.42270e-03	3.16376e-02	5.52955e+00
110	0	1	0	2	3	-1.20476e-02	7.39822e-01	-8.08817e+00
110	0	2	0	2	3	-3.45971e-03	-5.52620e-03	5.68189e+00
110	0	3	0	2	3	2.18781e-03	-3.38085e-01	9.47682e+00
110	0	4	0	2	3	-2.72983e-03	-6.46136e-02	7.44556e+00
110	0	5	0	2	3	3.17036e-03	-5.20068e-01	1.55138e+01
110	0	6	0	2	3	3.79629e-03	-5.56092e-01	1.60238e+01
110	0	7	0	2	3	-5.04773e-03	1.17425e-01	3.25912e+00
110	0	8	0	2	3	3.65882e-03	-5.66172e-01	1.67402e+01
110	0	9	0	2	3	1.94345e-03	-4.24829e-01	1.44254e+01
110	0	10	0	2	3	4.40617e-03	-6.28791e-01	1.71739e+01
110	0	11	0	2	3	-3.60801e-04	-2.45339e-01	1.09607e+01
110	0	12	0	2	3	4.31695e-03	-6.08062e-01	1.68050e+01
110	0	13	0	2	3	2.71067e-03	-4.78718e-01	1.52561e+01
110	0	14	0	2	3	3.44580e-03	-5.31075e-01	1.50365e+01
110	0	15	0	2	3	6.91678e-04	-3.32496e-01	1.25749e+01
110	0	16	0	2	3	2.25098e-03	-4.55026e-01	1.37673e+01
110	0	17	0	2	3	-3.27613e-03	-2.06865e-02	6.14199e+00
110	0	18	0	2	3	3.19011e-03	-5.27172e-01	1.50429e+01
110	0	19	0	2	3	4.64726e-03	-6.14544e-01	1.52069e+01
110	0	20	0	2	3	3.42853e-03	-5.30394e-01	1.53144e+01
110	0	21	0	2	3	1.17776e-03	-3.58662e-01	1.28338e+01
110	0	22	0	2	3	3.55355e-03	-5.52212e-01	1.58110e+01
110	0	23	0	2	3	3.22931e-03	-5.14924e-01	1.54350e+01
110	0	24	0	2	3	3.01243e-03	-5.04795e-01	1.53452e+01
110	0	25	0	2	3	4.20601e-03	-5.78998e-01	1.60382e+01
110	0	26	0	2	3	4.41578e-03	-6.05035e-01	1.66682e+01
110	0	27	0	2	3	2.18787e-03	-4.26439e-01	1.35936e+01
110	0	28	0	2	3	4.49771e-03	-6.01048e-01	1.49705e+01
110	0	29	0	2	3	3.44092e-03	-5.18527e-01	1.48297e+01
110	0	30	0	2	3	3.69466e-03	-5.51161e-01	1.55061e+01
110	0	31	0	2	3	4.67150e-03	-6.14536e-01	1.70864e+01
110	0	32	0	2	3	2.74753e-03	-4.94701e-01	1.50393e+01
110	0	33	0	2	3	4.00103e-03	-5.48382e-01	1.32011e+01
110	0	34	0	2	3	3.56536e-03	-5.44077e-01	1.55013e+01
110	0	35	0	2	3	4.23308e-03	-5.84634e-01	1.65336e+01
110	0	36	0	2	3	4.61311e-03	-6.02869e-01	1.62256e+01
110	0	37	0	2	3	1.26632e-03	-3.59144e-01	1.32629e+01
110	0	38	0	2	3	4.05362e-03	-5.72395e-01	1.53184e+01
110	0	39	0	2	3	3.84013e-03	-5.57052e-01	1.58191e+01
110	0	40	0	2	3	4.10993e-03	-5.72085e-01	1.46297e+01
110	0	41	0	2	3	3.44314e-03	-5.23492e-01	1.62191e+01
110	0	42	0	2	3	4.29967e-03	-5.89526e-01	1.56018e+01
110	0	43	0	2	3	4.48446e-03	-6.06453e-01	1.73587e+01
110	0	44	0	2	3	3.35429e-03	-5.33158e-01	1.53478e+01
110	0	45	0	2	3	4.36465e-03	-5.84359e-01	1.67664e+01
110	0	46	0	2	3	4.18289e-03	-5.92843e-01	1.64824e+01
110	0	47	0	2	3	3.25893e-03	-5.23864e-01	1.60840e+01
110	0	48	0	2	3	3.64155e-03	-5.35681e-01	1.41099e+01
110	0	49	0	2	3	4.48656e-03	-5.99422e-01	1.75990e+01
110	0	50	0	2	3	4.88943e-03	-6.33485e-01	1.73380e+01
110	0	51	0	2	3	5.09889e-03	-6.43604e-01	1.72379e+01
110	0	52	0	2	3	3.85819e-03	-5.56181e-01	1.51256e+01
110	0	53	0	2	3	4.12014e-03	-5.70572e-01	1.58728e+01
110	0	54	0	2	3	4.65846e-03	-6.23776e-01	1.69161e+01
110	0	55	0	2	3	3.81980e-03	-5.55754e-01	1.67078e+01
110	0	56	0	2	3	3.62192e-03	-5.59698e-01	1.58210e+01
110	0	57	0	2	3	4.08260e-03	-5.79679e-01	1.68916e+01
110	0	58	0	2	3	3.98675e-03	-5.78553e-01	1.62139e+01
110	0	59	0	2	3	2.09248e-03	-4.35071e-01	1.44119e+01
110	0	60	0	2	3	4.09738e-03	-5.87693e-01	1.59502e+01
110	0	61	0	2	3	3.56458e-03	-5.44887e-01	1.60877e+01
110	0	62	0	2	3	4.50196e-03	-6.07481e-01	1.64530e+01
110	0	63	0	2	3	3.11159e-03	-5.11160e-01	1.53130e+01
110	0	64	0	2	3	3.57375e-03	-5.50619e-01	1.59529e+01
110	0	65	0	2	3	4.05221e-03	-5.78202e-01	1.65372e+01
110	0	66	0	2	3	4.80738e-03	-6.45940e-01	1.78586e+01
110	0	67	0	2	3	3.76488e-03	-5.54579e-01	1.61702e+01
110	0	68	0	2	3	3.52359e-03	-5.56091e-01	1.66547e+01
110	0	69	0	2	3	4.19907e-03	-5.84826e-01	1.61759e+01
110	0	70	0	2	3	5.00881e-03	-6.64390e-01	1.75067e+01
110	0	71	0	2	3	4.86858e-03	-6.39399e-01	1.75749e+01
110	0	72	0	2	3	3.52469e-03	-5.52842e-01	1.54151e+01
110	0	73	0	2	3	3.94696e-03	-5.71063e-01	1.57450e+01
110	0	74	0	2	3	3.64254e-03	-5.65264e-01	1.67226e+01
110	0	75	0	2	3	4.66575e-03	-6.16674e-01	1.67510e+01
110	0	76	0	2	3	3.83335e-03	-5.67564e-01	1.57555e+01
110	0	77	0	2	3	3.89433e-03	-5.64369e-01	1.62069e+01
110	0	78	0	2	3	5.02720e-03	-6.59670e-01	1.76583e+01
110	0	79	0	2	3	4.22806e-03	-5.90936e-01	1.63725e+01
110	0	80	0	2	3	3.84745e-03	-5.67746e-01	1.58004e+01
110	0	81	0	2	3	3.49238e-03	-5.27527e-01	1.51824e+01
110	0	82	0	2	3	4.37388e-03	-6.03233e-01	1.69517e+01
110	0	83	0	2	3	4.15716e-03	-5.90115e-01	1.63017e+01
110	0	84	0	2	3	3.76259e-03	-5.61793e-01	1.62059e+01
110	0	85	0	2	3	3.60749e-03	-5.45475e-01	1.59450e+01
110	0	86	0	2	3	4.49879e-03	-6.28225e-01	1.72590e+01
110	0	87	0	2	3	3.57359e-03	-5.55598e-01	1.65322e+01
110	0	88	0	2	3	3.97352e-03	-5.61877e-01	1.53247e+01
110	0	89	0	2	3	3.47642e-03	-5.39640e-01	1.54833e+01
110	0	90	0	2	3	4.32330e-03	-6.03147e-01	1.64802e+01
110	0	91	0	2	3	4.11132e-03	-5.92487e-01	1.70832e+01
110	0	92	0	2	3	3.70251e-03	-5.69066e-01	1.68005e+01
110	0	93	0	2	3	4.04297e-03	-5.77257e-01	1.59102e+01
110	0	94	0	2	3	3.50159e-03	-5.61510e-01	1.66129e+01
110	0	95	0	2	3	3.85235e-03	-5.74220e-01	1.66300e+01
110	0	96	0	2	3	3.78066e-03	-5.64979e-01	1.61525e+01
110	0	97	0	2	3	4.14977e-03	-5.87964e-01	1.68908e+01
110	0	98	0	2	3	4.17630e-03	-6.03580e-01	1.69854e+01
110	0	99	0	2	3	3.85405e-03	-5.61622e-01	1.60501e+01
110	0	100	0	2	3	3.06698e-03	-5.11358e-01	1.58085e+01
110	0	101	0	2	3	3.60603e-03	-5.45569e-01	1.60230e+01
110	0	102	0	2	3	4.05653e-03	-5.86934e-01	1.64368e+01
110	0	103	0	2	3	4.91405e-03	-6.39006e-01	1.71785e+01
110	0	104	0	2	3	4.27369e-03	-5.99736e-01	1.65326e+01
110	0	105	0	2	3	3.74089e-03	-5.55221e-01	1.56778e+01
110	0	106	0	2	3	4.46899e-03	-6.18785e-01	1.70408e+01
110	0	107	0	2	3	4.82090e-03	-6.29756e-01	1.64805e+01
110	0	108	0	2	3	2.45016e-03	-4.73446e-01	1.52098e+01
110	0	109	0	2	3	3.70665e-03	-5.59220e-01	1.57624e+01
110	0	110	0	2	3	4.31509e-03	-6.05163e-01	1.65080e+01
110	0	111	0	2	3	4.26719e-03	-6.02667e-01	1.66029e+01
110	0	112	0	2	3	3.92010e-03	-5.70221e-01	1.56572e+01
110	0	113	0	2	3	3.39502e-03	-5.23991e-01	1.49479e+01
110	0	114	0	2	3	5.68413e-03	-7.16029e-01	1.98678e+01
110	0	115	0	2	3	3.33408e-03	-5.21838e-01	1.49335e+01
110	0	116	0	2	3	3.42000e-03	-5.53060e-01	1.65442e+01
110	0	117	0	2	3	3.80251e-03	-5.71726e-01	1.71063e+01
110	0	118	0	2	3	2.25288e-03	-4.62600e-01	1.44042e+01
110	0	119	0	2	3	2.40195e-03	-4.53653e-01	1.38415e+01
110	0	120	0	2	3	3.35122e-03	-5.53449e-01	1.67026e+01
110	0	121	0	2	3	4.40004e-03	-5.99570e-01	1.60171e+01
110	0	122	0	2	3	1.41999e-03	-3.94971e-01	1.37316e+01
110	0	123	0	2	3	3.32914e-03	-5.23936e-01	1.53242e+01
110	0	124	0	2	3	4.19543e-03	-5.95580e-01	1.67797e+01
110	0	125	0	2	3	5.50922e-03	-6.56433e-01	1.51188e+01
110	0	126	0	2	3	4.34754e-03	-5.93420e-01	1.58383e+01
110	0	127	0	2	3	4.29047e-03	-5.93975e-01	1.63314e+01
110	0	128	0	2	3	1.13721e-04	-3.27669e-01	1.26634e+01
110	0	129	0	2	3	4.13082e-03	-6.07054e-01	1.71283e+01
110	0	130	0	2	3	3.33486e-03	-5.54465e-01	1.75718e+01
110	0	131	0	2	3	3.01191e-03	-5.22679e-01	1.58543e+01
110	0	132	0	2	3	8.60549e-04	-3.48051e-01	1.27430e+01
110	0	133	0	2	3	3.40874e-03	-5.47550e-01	1.62935e+01
110	0	134	0	2	3	2.47732e-03	-4.94416e-01	1.53657e+01
110	0	135	0	2	3	3.80039e-03	-5.73332e-01	1.69824e+01
110	0	136	0	2	3	2.99083e-03	-5.17099e-01	1.49353e+01
110	0	137	0	2	3	3.18153e-03	-5.32665e-01	1.62973e+01
110	0	138	0	2	3	1.05260e-03	-3.88250e-01	1.47438e+01
110	0	139	0	2	3	1.48218e-03	-4.06608e-01	1.35246e+01
110	0	140	0	2	3	3.86681e-03	-5.98344e-01	1.78373e+01
110	0	141	0	2	3	2.29174e-03	-4.72146e-01	1.50790e+01
110	0	142	0	2	3	1.18193e-03	-3.93668e-01	1.43071e+01
110	0	143	0	2	3	3.01160e-03	-5.13086e-01	1.59918e+01
110	0	144	0	2	3	3.82220e-03	-5.85444e-01	1.69037e+01
110	0	145	0	2	3	1.56209e-03	-4.20081e-01	1.39544e+01
110	0	146	0	2	3	4.88808e-03	-6.51206e-01	1.77163e+01
110	0	147	0	2	3	3.85373e-03	-5.64013e-01	1.62690e+01
110	0	148	0	2	3	2.46998e-03	-4.77396e-01	1.50440e+01
110	0	149	0	2	3	2.97921e-03	-5.22107e-01	1.57450e+01
110	0	150	0	2	3	2.43615e-03	-4.70931e-01	1.56753e+01
110	0	151	0	2	3	2.99186e-03	-5.20647e-01	1.55980e+01
110	0	152	0	2	3	1.40665e-03	-4.05747e-01	1.40737e+01
110	0	153	0	2	3	5.16388e-03	-6.68802e-01	1.81679e+01
110	0	154	0	2	3	5.94270e-03	-7.39947e-01	2.00895e+01
110	0	155	0	2	3	3.09053e-03	-5.31265e-01	1.51904e+01
110	0	156	0	2	3	-8.11235e-04	-2.57053e-01	1.21450e+01
110	0	157	0	2	3	-2.96452e-02	1.82646e+00	-2.52419e+01
110	0	158	0	2	3	-4.20935e-03	1.85763e-02	6.11505e+00
110	0	159	0	2	3	-1.28291e-02	5.42876e-01	-7.89862e-01
#######################################################################
# BFT D                                                               #
#######################################################################
110	1	0	0	2	3	4.14258e-03	-5.77758e-01	1.74404e+01
110	1	1	0	2	3	2.03821e-03	-5.29291e-01	1.88507e+01
110	1	2	0	2	3	-4.05079e-03	-7.18002e-02	9.44228e+00
110	1	3	0	2	3	-3.94688e-02	2.53040e+00	-3.58279e+01
110	1	4	0	2	3	2.65685e-03	-4.55829e-01	1.47240e+01
110	1	5	0	2	3	-9.21162e-03	3.27499e-01	2.64275e+00
110	1	6	0	2	3	1.33619e-04	-3.34904e-01	1.26273e+01
110	1	7	0	2	3	2.56744e-03	-4.73956e-01	1.51952e+01
110	1	8	0	2	3	1.98499e-03	-4.38155e-01	1.44280e+01
110	1	9	0	2	3	-4.70216e-03	1.17419e-01	3.69704e+00
110	1	10	0	2	3	-1.70746e-03	-1.96380e-01	1.04860e+01
110	1	11	0	2	3	-2.96320e-02	1.92395e+00	-2.89305e+01
110	1	12	0	2	3	2.83898e-03	-5.20441e-01	1.63792e+01
110	1	13	0	2	3	4.61307e-03	-6.28930e-01	1.76351e+01
110	1	14	0	2	3	1.51460e-03	-4.13095e-01	1.39772e+01
110	1	15	0	2	3	-1.84899e-03	-1.51058e-01	9.75792e+00
110	1	16	0	2	3	3.36139e-03	-5.33041e-01	1.51731e+01
110	1	17	0	2	3	1.87782e-03	-4.15766e-01	1.36293e+01
110	1	18	0	2	3	2.60607e-03	-4.84366e-01	1.47430e+01
110	1	19	0	2	3	1.65218e-03	-3.98956e-01	1.37527e+01
110	1	20	0	2	3	3.63621e-03	-5.65507e-01	1.63170e+01
110	1	21	0	2	3	1.38706e-03	-3.73442e-01	1.30350e+01
110	1	22	0	2	3	2.64034e-03	-4.85287e-01	1.43848e+01
110	1	23	0	2	3	2.82441e-03	-4.81965e-01	1.43739e+01
110	1	24	0	2	3	2.55069e-03	-4.82557e-01	1.52824e+01
110	1	25	0	2	3	2.74925e-03	-4.83093e-01	1.46272e+01
110	1	26	0	2	3	4.31252e-03	-6.07945e-01	1.73708e+01
110	1	27	0	2	3	4.96558e-03	-6.52249e-01	1.85771e+01
110	1	28	0	2	3	3.22872e-03	-5.32224e-01	1.51106e+01
110	1	29	0	2	3	3.96074e-03	-5.78424e-01	1.66352e+01
110	1	30	0	2	3	4.92063e-03	-6.58639e-01	1.77063e+01
110	1	31	0	2	3	4.10865e-03	-5.96819e-01	1.71748e+01
110	1	32	0	2	3	3.71608e-03	-5.60370e-01	1.69736e+01
110	1	33	0	2	3	3.40441e-03	-5.48799e-01	1.51805e+01
110	1	34	0	2	3	4.07214e-03	-5.86861e-01	1.58548e+01
110	1	35	0	2	3	4.44706e-03	-6.23650e-01	1.86488e+01
110	1	36	0	2	3	5.39246e-03	-6.70197e-01	1.83451e+01
110	1	37	0	2	3	3.53657e-03	-5.42583e-01	1.50961e+01
110	1	38	0	2	3	4.55174e-03	-6.23071e-01	1.69501e+01
110	1	39	0	2	3	3.51028e-03	-5.36716e-01	1.59475e+01
110	1	40	0	2	3	4.21368e-03	-5.89289e-01	1.68491e+01
110	1	41	0	2	3	4.86254e-03	-6.25486e-01	1.67488e+01
110	1	42	0	2	3	4.31455e-03	-5.96080e-01	1.65232e+01
110	1	43	0	2	3	2.95977e-03	-5.00534e-01	1.55888e+01
110	1	44	0	2	3	3.70323e-03	-5.62497e-01	1.66281e+01
110	1	45	0	2	3	3.88380e-03	-5.70054e-01	1.63059e+01
110	1	46	0	2	3	3.53344e-03	-5.50993e-01	1.53838e+01
110	1	47	0	2	3	3.94787e-03	-5.91910e-01	1.86455e+01
110	1	48	0	2	3	3.49798e-03	-5.45565e-01	1.60465e+01
110	1	49	0	2	3	3.93345e-03	-5.71607e-01	1.65858e+01
110	1	50	0	2	3	4.55744e-03	-6.15822e-01	1.71129e+01
110	1	51	0	2	3	4.07011e-03	-5.84024e-01	1.74541e+01
110	1	52	0	2	3	4.17193e-03	-6.01116e-01	1.62381e+01
110	1	53	0	2	3	3.99600e-03	-5.75429e-01	1.65513e+01
110	1	54	0	2	3	5.31936e-03	-6.75948e-01	1.83854e+01
110	1	55	0	2	3	3.58717e-03	-5.45828e-01	1.68357e+01
110	1	56	0	2	3	4.34684e-03	-6.19610e-01	1.77004e+01
110	1	57	0	2	3	3.84380e-03	-5.69655e-01	1.70877e+01
110	1	58	0	2	3	3.28026e-03	-5.42951e-01	1.72352e+01
110	1	59	0	2	3	4.17893e-03	-6.05042e-01	1.80979e+01
110	1	60	0	2	3	3.79987e-03	-5.72292e-01	1.66042e+01
110	1	61	0	2	3	4.02432e-03	-5.62653e-01	1.63050e+01
110	1	62	0	2	3	3.77413e-03	-5.70409e-01	1.55539e+01
110	1	63	0	2	3	4.15369e-03	-5.89633e-01	1.67007e+01
110	1	64	0	2	3	3.69753e-03	-5.66108e-01	1.68512e+01
110	1	65	0	2	3	4.15979e-03	-5.95906e-01	1.62528e+01
110	1	66	0	2	3	4.73798e-03	-6.46570e-01	1.70134e+01
110	1	67	0	2	3	4.51402e-03	-6.22029e-01	1.67902e+01
110	1	68	0	2	3	3.64279e-03	-5.47269e-01	1.48148e+01
110	1	69	0	2	3	3.74643e-03	-5.64923e-01	1.67870e+01
110	1	70	0	2	3	3.55186e-03	-5.55636e-01	1.65085e+01
110	1	71	0	2	3	4.57660e-03	-6.28707e-01	1.81162e+01
110	1	72	0	2	3	3.53545e-03	-5.53489e-01	1.60269e+01
110	1	73	0	2	3	3.87885e-03	-5.77871e-01	1.77455e+01
110	1	74	0	2	3	4.45640e-03	-6.12044e-01	1.60865e+01
110	1	75	0	2	3	4.89997e-03	-6.50276e-01	1.79211e+01
110	1	76	0	2	3	3.66950e-03	-5.56396e-01	1.58084e+01
110	1	77	0	2	3	4.00393e-03	-5.86467e-01	1.68344e+01
110	1	78	0	2	3	4.29829e-03	-6.02774e-01	1.59425e+01
110	1	79	0	2	3	4.02854e-03	-5.85309e-01	1.57546e+01
110	1	80	0	2	3	3.69364e-03	-5.56014e-01	1.57197e+01
110	1	81	0	2	3	3.93695e-03	-5.74228e-01	1.58061e+01
110	1	82	0	2	3	5.02609e-03	-6.58914e-01	1.85228e+01
110	1	83	0	2	3	4.82533e-03	-6.27398e-01	1.69727e+01
110	1	84	0	2	3	3.38699e-03	-5.30171e-01	1.47950e+01
110	1	85	0	2	3	3.65812e-03	-5.57185e-01	1.58746e+01
110	1	86	0	2	3	4.28374e-03	-6.06146e-01	1.73817e+01
110	1	87	0	2	3	4.27475e-03	-5.95473e-01	1.52878e+01
110	1	88	0	2	3	4.09565e-03	-5.87493e-01	1.67488e+01
110	1	89	0	2	3	4.46013e-03	-6.15967e-01	1.65665e+01
110	1	90	0	2	3	4.59097e-03	-6.23983e-01	1.65768e+01
110	1	91	0	2	3	4.30142e-03	-6.04752e-01	1.63068e+01
110	1	92	0	2	3	4.23054e-03	-5.89746e-01	1.62905e+01
110	1	93	0	2	3	3.37337e-03	-5.31842e-01	1.55398e+01
110	1	94	0	2	3	3.21503e-03	-5.34667e-01	1.53005e+01
110	1	95	0	2	3	3.83476e-03	-5.73495e-01	1.60677e+01
110	1	96	0	2	3	4.29118e-03	-5.97807e-01	1.61933e+01
110	1	97	0	2	3	3.50435e-03	-5.47344e-01	1.53871e+01
110	1	98	0	2	3	4.49311e-03	-6.32363e-01	1.82610e+01
110	1	99	0	2	3	4.93436e-03	-6.39879e-01	1.71422e+01
110	1	100	0	2	3	2.95242e-03	-4.93775e-01	1.48815e+01
110	1	101	0	2	3	4.62285e-03	-6.21813e-01	1.64851e+01
110	1	102	0	2	3	4.71554e-03	-6.37708e-01	1.74690e+01
110	1	103	0	2	3	4.28805e-03	-5.99027e-01	1.64602e+01
110	1	104	0	2	3	3.44281e-03	-5.40472e-01	1.57731e+01
110	1	105	0	2	3	3.36142e-03	-5.33396e-01	1.47895e+01
110	1	106	0	2	3	4.19088e-03	-5.97288e-01	1.65104e+01
110	1	107	0	2	3	4.47858e-03	-6.09891e-01	1.57119e+01
110	1	108	0	2	3	3.19302e-03	-5.15512e-01	1.59074e+01
110	1	109	0	2	3	3.06306e-03	-5.08300e-01	1.47418e+01
110	1	110	0	2	3	4.00241e-03	-5.88580e-01	1.66894e+01
110	1	111	0	2	3	4.89969e-03	-6.58116e-01	1.81735e+01
110	1	112	0	2	3	3.55854e-03	-5.56537e-01	1.60497e+01
110	1	113	0	2	3	4.13536e-03	-5.87112e-01	1.67432e+01
110	1	114	0	2	3	4.59073e-03	-6.30580e-01	1.70282e+01
110	1	115	0	2	3	4.66301e-03	-6.32045e-01	1.74086e+01
110	1	116	0	2	3	3.05809e-03	-5.22516e-01	1.56765e+01
110	1	117	0	2	3	3.82639e-03	-5.62900e-01	1.62840e+01
110	1	118	0	2	3	4.65836e-03	-6.26982e-01	1.64156e+01
110	1	119	0	2	3	3.40450e-03	-5.29439e-01	1.57477e+01
110	1	120	0	2	3	4.45703e-03	-6.26535e-01	1.73239e+01
110	1	121	0	2	3	3.89196e-03	-5.72467e-01	1.63850e+01
110	1	122	0	2	3	5.19106e-03	-6.79490e-01	1.95546e+01
110	1	123	0	2	3	2.40033e-03	-4.67785e-01	1.59402e+01
110	1	124	0	2	3	4.52670e-03	-6.16820e-01	1.65495e+01
110	1	125	0	2	3	2.91109e-03	-5.00604e-01	1.53347e+01
110	1	126	0	2	3	3.32168e-03	-5.37693e-01	1.59313e+01
110	1	127	0	2	3	4.46134e-03	-6.08293e-01	1.70743e+01
110	1	128	0	2	3	4.07327e-03	-6.13442e-01	1.80097e+01
110	1	129	0	2	3	4.49351e-03	-6.46565e-01	1.86474e+01
110	1	130	0	2	3	2.94666e-03	-5.31941e-01	1.56733e+01
110	1	131	0	2	3	3.16000e-03	-5.26065e-01	1.57339e+01
110	1	132	0	2	3	3.27832e-03	-5.38614e-01	1.64843e+01
110	1	133	0	2	3	5.69711e-03	-7.02962e-01	1.85757e+01
110	1	134	0	2	3	4.10687e-03	-6.02588e-01	1.75754e+01
110	1	135	0	2	3	3.57839e-03	-5.57317e-01	1.55056e+01
110	1	136	0	2	3	3.59162e-03	-5.74420e-01	1.76252e+01
110	1	137	0	2	3	4.64070e-03	-6.30933e-01	1.76892e+01
110	1	138	0	2	3	4.13533e-03	-5.98226e-01	1.69292e+01
110	1	139	0	2	3	4.96306e-03	-6.69831e-01	1.78729e+01
110	1	140	0	2	3	4.50746e-03	-6.21657e-01	1.70951e+01
110	1	141	0	2	3	2.46744e-03	-4.81848e-01	1.47446e+01
110	1	142	0	2	3	4.92755e-03	-6.60508e-01	1.77518e+01
110	1	143	0	2	3	3.32117e-03	-5.50695e-01	1.68601e+01
110	1	144	0	2	3	2.42636e-03	-4.96632e-01	1.54926e+01
110	1	145	0	2	3	2.82305e-03	-4.89107e-01	1.48225e+01
110	1	146	0	2	3	4.71187e-03	-6.59974e-01	1.82034e+01
110	1	147	0	2	3	4.68818e-03	-6.37521e-01	1.68269e+01
110	1	148	0	2	3	2.68258e-03	-5.04490e-01	1.48519e+01
110	1	149	0	2	3	4.64962e-03	-6.25029e-01	1.77585e+01
110	1	150	0	2	3	5.13854e-03	-6.53015e-01	1.79441e+01
110	1	151	0	2	3	5.22770e-03	-6.67893e-01	1.79015e+01
110	1	152	0	2	3	5.09441e-03	-6.77751e-01	1.94025e+01
110	1	153	0	2	3	2.09997e-03	-4.47412e-01	1.50463e+01
110	1	154	0	2	3	4.18256e-03	-6.18156e-01	1.68851e+01
110	1	155	0	2	3	4.73835e-03	-6.42232e-01	1.76462e+01
110	1	156	0	2	3	-3.61984e-03	-4.73701e-02	7.51817e+00
110	1	157	0	2	3	5.50425e-03	-6.33836e-01	1.72135e+01
110	1	158	0	2	3	-1.43850e-02	7.75252e-01	-6.46193e+00
110	1	159	0	2	3	5.76278e-03	-6.73713e-01	1.75198e+01
