##
#  file: HodoPHCParam_Dummy
#  date: 2016.06.15
#  note: first version
#
#
#######################################################################
# CId	PlId	Seg	UorD	Type	nParam	p0	p1	...
#
#	Type=0 no correction will be performed
#	Type=1 ct=t-p[0]/sqrt(a-p[1])+p[2]
#	Type=2 ct=p[0]*a*a + p[1]*a + p[2] for Fiber
#
#######################################################################
# BH1 Up                                                              #
#######################################################################
1	0	0	0	1	3	5.08705e+00	-1.98362e+00	2.93454e+00
1	0	1	0	1	3	6.69706e-01	2.91546e-01	8.10244e-01
1	0	2	0	1	3	5.01779e-01	3.94271e-01	6.64278e-01
1	0	3	0	1	3	7.45330e-01	1.66754e-01	8.56036e-01
1	0	4	0	1	3	8.52890e-01	8.60054e-02	9.27134e-01
1	0	5	0	1	3	1.69981e+00	-1.50393e-01	1.62794e+00
1	0	6	0	1	3	1.58582e+00	-2.35346e-01	1.46587e+00
1	0	7	0	1	3	1.61970e+00	-1.46184e-01	1.54504e+00
1	0	8	0	1	3	1.37546e+00	-2.52696e-01	1.28233e+00
1	0	9	0	1	3	1.74814e+00	-2.76223e-01	1.64100e+00
1	0	10	0	1	3	1.60339e+01	-4.62629e+00	6.81205e+00
#######################################################################
# BH1 Down                                                            #
#######################################################################
1	0	0	1	1	3	1.33519e+00	-9.13138e-02	1.27257e+00
1	0	1	1	1	3	6.24909e-01	2.88647e-01	7.65429e-01
1	0	2	1	1	3	6.68954e-01	2.21542e-01	7.45264e-01
1	0	3	1	1	3	1.32364e+00	-4.57464e-01	1.08318e+00
1	0	4	1	1	3	1.18002e+00	-7.91080e-02	1.17008e+00
1	0	5	1	1	3	2.07299e+00	-4.79828e-01	1.70935e+00
1	0	6	1	1	3	1.96000e+00	-5.20196e-01	1.63958e+00
1	0	7	1	1	3	1.89852e+00	-4.50289e-01	1.60743e+00
1	0	8	1	1	3	1.02469e+00	-6.73213e-02	1.04734e+00
1	0	9	1	1	3	1.64894e+00	-1.85977e-01	1.61292e+00
1	0	10	1	1	3	7.15603e-01	2.22738e-01	8.54972e-01
#######################################################################
# BH2 Up                                                              #
#######################################################################
2	0	0	0	1	3	1.43047e-01	2.98695e-01	2.00085e-01
2	0	1	0	1	3	8.79554e-01	-2.31747e-01	7.85839e-01
2	0	2	0	1	3	5.94572e-01	-4.97541e-01	4.68956e-01
2	0	3	0	1	3	1.91725e-01	3.94747e-02	1.91115e-01
2	0	4	0	1	3	3.31184e-01	-9.38469e-02	3.15823e-01
2	0	5	0	1	3	1.99769e-01	2.70254e-01	2.37321e-01
2	0	6	0	1	3	2.58948e-01	2.41832e-01	3.10133e-01
2	0	7	0	1	3	3.50426e-01	8.80094e-02	3.70898e-01
#######################################################################
# BH2 Down                                                            #
#######################################################################
2	0	0	1	1	3	3.94607e-01	-1.85207e-01	3.84440e-01
2	0	1	1	1	3	9.92155e-01	-3.85817e-01	8.32122e-01
2	0	2	1	1	3	4.10986e-01	-9.27803e-02	3.90143e-01
2	0	3	1	1	3	1.76416e-01	4.84160e-02	1.75490e-01
2	0	4	1	1	3	2.42956e-01	1.23979e-01	2.64593e-01
2	0	5	1	1	3	3.57967e-01	4.32013e-02	3.63973e-01
2	0	6	1	1	3	1.22093e+00	-6.67168e-01	9.30075e-01
2	0	7	1	1	3	2.92156e-01	-4.36810e-03	2.98702e-01
#######################################################################
# BAC                                                                 #
#######################################################################
3	0	0	0	1	3	0.00000e+00	0.00000e+00	0.00000e+00
3	0	1	0	1	3	0.00000e+00	0.00000e+00	0.00000e+00
#######################################################################
# FBH Up                                                              #
#######################################################################
4	0	0	0	2	3	-5.62952e-03	8.96903e-01	-3.53273e+01
4	0	1	0	2	3	-4.29399e-03	7.37975e-01	-3.00049e+01
4	0	2	0	2	3	-5.26894e-03	8.67305e-01	-3.38992e+01
4	0	3	0	2	3	-3.80183e-03	6.69237e-01	-2.72260e+01
4	0	4	0	2	3	-4.35014e-03	7.35785e-01	-2.92008e+01
4	0	5	0	2	3	-4.02541e-03	6.86907e-01	-2.70312e+01
4	0	6	0	2	3	-4.16660e-03	7.08229e-01	-2.81512e+01
4	0	7	0	2	3	-3.93117e-03	6.84759e-01	-2.69101e+01
4	0	8	0	2	3	-4.14423e-03	6.96902e-01	-2.65883e+01
4	0	9	0	2	3	-2.83372e-03	5.62925e-01	-2.20787e+01
4	0	10	0	2	3	-4.07944e-03	7.09420e-01	-2.75603e+01
4	0	11	0	2	3	-3.50961e-03	6.50113e-01	-2.64167e+01
4	0	12	0	2	3	-3.52415e-03	6.49734e-01	-2.67232e+01
4	0	13	0	2	3	-4.13420e-03	7.26957e-01	-2.99675e+01
4	0	14	0	2	3	-4.90315e-03	8.27563e-01	-3.35630e+01
4	0	15	0	2	3	-4.73048e-03	8.13189e-01	-3.31901e+01
#######################################################################
# FBH Down                                                            #
#######################################################################
4	0	0	1	2	3	-5.62952e-03	8.96903e-01	-3.53273e+01
4	0	1	1	2	3	-4.29399e-03	7.37975e-01	-3.00049e+01
4	0	2	1	2	3	-5.26894e-03	8.67305e-01	-3.38992e+01
4	0	3	1	2	3	-3.80183e-03	6.69237e-01	-2.72260e+01
4	0	4	1	2	3	-4.35014e-03	7.35785e-01	-2.92008e+01
4	0	5	1	2	3	-4.02541e-03	6.86907e-01	-2.70312e+01
4	0	6	1	2	3	-4.16660e-03	7.08229e-01	-2.81512e+01
4	0	7	1	2	3	-3.93117e-03	6.84759e-01	-2.69101e+01
4	0	8	1	2	3	-4.14423e-03	6.96902e-01	-2.65883e+01
4	0	9	1	2	3	-2.83372e-03	5.62925e-01	-2.20787e+01
4	0	10	1	2	3	-4.07944e-03	7.09420e-01	-2.75603e+01
4	0	11	1	2	3	-3.50961e-03	6.50113e-01	-2.64167e+01
4	0	12	1	2	3	-3.52415e-03	6.49734e-01	-2.67232e+01
4	0	13	1	2	3	-4.13420e-03	7.26957e-01	-2.99675e+01
4	0	14	1	2	3	-4.90315e-03	8.27563e-01	-3.35630e+01
4	0	15	1	2	3	-4.73048e-03	8.13189e-01	-3.31901e+01
#######################################################################
# PVAC                                                                #
#######################################################################
5	0	0	0	1	3	0.00000e+00	0.00000e+00	0.00000e+00
#######################################################################
# FAC                                                                 #
#######################################################################
6	0	0	0	1	3	0.00000e+00	0.00000e+00	0.00000e+00
#######################################################################
# SCH                                                                 #
#######################################################################
#7	0	0	0	2	3	-0.00500000	0.821213	-32.185321
#7	0	1	0	2	3	-0.00500000	0.830248	-32.269563
#7	0	2	0	2	3	-0.00500000	0.793073	-29.315934
#7	0	3	0	2	3	-0.00500000	0.772144	-28.276705
#7	0	4	0	2	3	-0.00500000	0.801968	-30.687167
#7	0	5	0	2	3	-0.00500000	0.778300	-28.439251
#7	0	6	0	2	3	-0.00500000	0.765872	-27.918181
#7	0	7	0	2	3	-0.00500000	0.738459	-26.016797
#7	0	8	0	2	3	-0.00500000	0.778318	-28.676371
#7	0	9	0	2	3	-0.00500000	0.776670	-28.892887
#7	0	10	0	2	3	-0.00500000	0.764278	-28.122474
#7	0	11	0	2	3	-0.00500000	0.790742	-29.423647
#7	0	12	0	2	3	-0.00500000	0.811330	-30.487019
#7	0	13	0	2	3	-0.00500000	0.818750	-30.891512
#7	0	14	0	2	3	-0.00500000	0.802541	-30.009136
#7	0	15	0	2	3	-0.00500000	0.809525	-30.751746
#7	0	16	0	2	3	-0.00500000	0.802597	-30.845509
#7	0	17	0	2	3	-0.00500000	0.835028	-32.780792
#7	0	18	0	2	3	-0.00500000	0.859176	-33.938731
#7	0	19	0	2	3	-0.00500000	0.814851	-31.445396
#7	0	20	0	2	3	-0.00500000	0.809426	-30.781087
#7	0	21	0	2	3	-0.00500000	0.780678	-28.888756
#7	0	22	0	2	3	-0.00500000	0.808206	-30.719604
#7	0	23	0	2	3	-0.00500000	0.774024	-27.858339
#7	0	24	0	2	3	-0.00500000	0.794308	-29.022101
#7	0	25	0	2	3	-0.00500000	0.775649	-27.980186
#7	0	26	0	2	3	-0.00500000	0.788483	-28.687567
#7	0	27	0	2	3	-0.00466315	0.771386	-29.253260
#7	0	28	0	2	3	-0.00483132	0.790854	-28.637741
#7	0	29	0	2	3	-0.00497049	0.812994	-30.786914
#7	0	30	0	2	3	-0.00500000	0.787793	-28.362716
#7	0	31	0	2	3	-0.00500000	0.790759	-28.876812
#7	0	32	0	2	3	-0.00500000	0.824826	-31.655285
#7	0	33	0	2	3	-0.00500000	0.845304	-33.407765
#7	0	34	0	2	3	-0.00500000	0.832263	-32.939799
#7	0	35	0	2	3	-0.00500000	0.820631	-31.695372
#7	0	36	0	2	3	-0.00500000	0.836997	-33.200590
#7	0	37	0	2	3	-0.00500000	0.819690	-32.097193
#7	0	38	0	2	3	-0.00500000	0.808109	-31.263214
#7	0	39	0	2	3	-0.00500000	0.815224	-31.135523
#7	0	40	0	2	3	-0.00500000	0.803398	-29.897923
#7	0	41	0	2	3	-0.00500000	0.815685	-31.165519
#7	0	42	0	2	3	-0.00500000	0.812980	-30.737261
#7	0	43	0	2	3	-0.00500000	0.829418	-32.693307
#7	0	44	0	2	3	-0.00500000	0.789530	-29.464920
#7	0	45	0	2	3	-0.00500000	0.804789	-31.208151
#7	0	46	0	2	3	-0.00500000	0.830106	-32.806514
#7	0	47	0	2	3	-0.00500000	0.819206	-31.373242
#7	0	48	0	2	3	-0.00500000	0.816165	-31.709319
#7	0	49	0	2	3	-0.00500000	0.798496	-30.201709
#7	0	50	0	2	3	-0.00500000	0.812167	-31.795745
#7	0	51	0	2	3	-0.00500000	0.810749	-31.375226
#7	0	52	0	2	3	-0.00500000	0.803385	-31.372512
#7	0	53	0	2	3	-0.00500000	0.777405	-29.262831
#7	0	54	0	2	3	-0.00500000	0.783954	-29.763410
#7	0	55	0	2	3	-0.00500000	0.789443	-29.976449
#7	0	56	0	2	3	-0.00500000	0.838828	-33.261086
#7	0	57	0	2	3	-0.00500000	0.804421	-30.573195
#7	0	58	0	2	3	-0.00500000	0.773283	-29.111048
#7	0	59	0	2	3	-0.00500000	0.811789	-31.449459
#7	0	60	0	2	3	-0.00500000	0.759724	-28.110014
#7	0	61	0	2	3	-0.00500000	0.810884	-31.379063
#7	0	62	0	2	3	-0.00500000	0.771910	-28.435006
#7	0	63	0	2	3	-0.00500000	0.796658	-30.511906
#######################################################################
# TOF Up                                                              #
#######################################################################
7	0	0	0	1	3	5.24830e+00	-1.96630e+00	2.96170e+00
7	0	1	0	1	3	5.24830e+00	-1.96630e+00	2.96170e+00
7	0	2	0	1	3	5.24830e+00	-1.96630e+00	2.96170e+00
7	0	3	0	1	3	5.24830e+00	-1.96630e+00	2.96170e+00
7	0	4	0	1	3	5.24830e+00	-1.96630e+00	2.96170e+00
7	0	5	0	1	3	5.24830e+00	-1.96630e+00	2.96170e+00
7	0	6	0	1	3	6.97090e+00	-3.03520e+00	3.39910e+00
7	0	7	0	1	3	4.05450e+00	-1.96150e+00	2.30360e+00
7	0	8	0	1	3	1.16940e+02	-2.98600e+01	2.09880e+01
7	0	9	0	1	3	5.24830e+00	-1.96630e+00	2.96170e+00
7	0	10	0	1	3	5.24830e+00	-1.96630e+00	2.96170e+00
7	0	11	0	1	3	5.24830e+00	-1.96630e+00	2.96170e+00
7	0	12	0	1	3	5.24830e+00	-1.96630e+00	2.96170e+00
7	0	13	0	1	3	5.24830e+00	-1.96630e+00	2.96170e+00
7	0	14	0	1	3	5.24830e+00	-1.96630e+00	2.96170e+00
7	0	15	0	1	3	5.24830e+00	-1.96630e+00	2.96170e+00
7	0	16	0	1	3	5.24830e+00	-1.96630e+00	2.96170e+00
7	0	17	0	1	3	5.24830e+00	-1.96630e+00	2.96170e+00
7	0	18	0	1	3	5.24830e+00	-1.96630e+00	2.96170e+00
7	0	19	0	1	3	7.11491e-01	1.85180e-03	5.82402e-01
7	0	20	0	1	3	5.59404e-01	-1.73810e-03	4.50716e-01
7	0	21	0	1	3	8.92499e-01	1.99900e-03	7.37364e-01
7	0	22	0	1	3	6.37553e-01	1.99960e-03	5.45449e-01
7	0	23	0	1	3	1.19210e+00	1.98920e-03	9.99994e-01
#######################################################################
# TOF Down                                                            #
#######################################################################
7	0	0	1	1	3	5.84300e+00	-2.30730e+00	3.11320e+00
7	0	1	1	1	3	5.84300e+00	-2.30730e+00	3.11320e+00
7	0	2	1	1	3	5.84300e+00	-2.30730e+00	3.11320e+00
7	0	3	1	1	3	5.84300e+00	-2.30730e+00	3.11320e+00
7	0	4	1	1	3	5.84300e+00	-2.30730e+00	3.11320e+00
7	0	5	1	1	3	5.84300e+00	-2.30730e+00	3.11320e+00
7	0	6	1	1	3	1.41330e+01	-5.81170e+00	5.32680e+00
7	0	7	1	1	3	7.84850e+01	-2.02870e+01	1.69500e+01
7	0	8	1	1	3	2.20240e+02	-3.62440e+01	3.60080e+01
7	0	9	1	1	3	5.84300e+00	-2.30730e+00	3.11320e+00
7	0	10	1	1	3	5.84300e+00	-2.30730e+00	3.11320e+00
7	0	11	1	1	3	5.84300e+00	-2.30730e+00	3.11320e+00
7	0	12	1	1	3	5.84300e+00	-2.30730e+00	3.11320e+00
7	0	13	1	1	3	5.84300e+00	-2.30730e+00	3.11320e+00
7	0	14	1	1	3	5.84300e+00	-2.30730e+00	3.11320e+00
7	0	15	1	1	3	5.84300e+00	-2.30730e+00	3.11320e+00
7	0	16	1	1	3	5.84300e+00	-2.30730e+00	3.11320e+00
7	0	17	1	1	3	5.84300e+00	-2.30730e+00	3.11320e+00
7	0	18	1	1	3	5.84300e+00	-2.30730e+00	3.11320e+00
7	0	19	1	1	3	6.18741e-01	1.99860e-03	4.90831e-01
7	0	20	1	1	3	5.75901e-01	1.04210e-03	4.72509e-01
7	0	21	1	1	3	9.41046e-01	1.99890e-03	7.79357e-01
7	0	22	1	1	3	4.84266e-01	-1.95590e-03	3.99786e-01
7	0	23	1	1	3	8.97714e-01	1.99860e-03	7.56300e-01
#######################################################################
# BFT U                                                               #
#######################################################################
110	0	0	0	2	3	2.38210e-03	-4.54056e-01	1.30129e+01
110	0	1	0	2	3	3.99751e-03	-5.62437e-01	1.48707e+01
110	0	2	0	2	3	3.98378e-03	-5.71487e-01	1.48991e+01
110	0	3	0	2	3	3.37340e-03	-5.39308e-01	1.36604e+01
110	0	4	0	2	3	4.06058e-03	-5.78265e-01	1.54528e+01
110	0	5	0	2	3	3.91565e-03	-5.52157e-01	1.51228e+01
110	0	6	0	2	3	3.57273e-03	-5.46579e-01	1.41999e+01
110	0	7	0	2	3	5.20110e-03	-6.50416e-01	1.67084e+01
110	0	8	0	2	3	3.23292e-03	-5.25069e-01	1.41312e+01
110	0	9	0	2	3	4.14697e-03	-5.80251e-01	1.63807e+01
110	0	10	0	2	3	3.84137e-03	-5.67956e-01	1.40482e+01
110	0	11	0	2	3	3.54054e-03	-5.35380e-01	1.55805e+01
110	0	12	0	2	3	3.31750e-03	-5.26534e-01	1.35741e+01
110	0	13	0	2	3	3.98943e-03	-5.70453e-01	1.62073e+01
110	0	14	0	2	3	3.28461e-03	-5.22821e-01	1.33054e+01
110	0	15	0	2	3	4.48743e-03	-5.94390e-01	1.64309e+01
110	0	16	0	2	3	4.34497e-03	-5.89314e-01	1.42719e+01
110	0	17	0	2	3	3.83098e-03	-5.52855e-01	1.53762e+01
110	0	18	0	2	3	4.34334e-03	-5.99746e-01	1.45384e+01
110	0	19	0	2	3	4.92745e-03	-6.32744e-01	1.48365e+01
110	0	20	0	2	3	3.32828e-03	-5.23943e-01	1.37359e+01
110	0	21	0	2	3	3.93966e-03	-5.64071e-01	1.69944e+01
110	0	22	0	2	3	4.18540e-03	-5.88727e-01	1.47848e+01
110	0	23	0	2	3	4.84444e-03	-6.25959e-01	1.67811e+01
110	0	24	0	2	3	3.96657e-03	-5.69505e-01	1.48444e+01
110	0	25	0	2	3	4.35142e-03	-5.89177e-01	1.66352e+01
110	0	26	0	2	3	4.21526e-03	-5.89878e-01	1.58108e+01
110	0	27	0	2	3	4.62283e-03	-6.05085e-01	1.62233e+01
110	0	28	0	2	3	3.48563e-03	-5.37795e-01	1.24341e+01
110	0	29	0	2	3	4.24833e-03	-5.74866e-01	1.52134e+01
110	0	30	0	2	3	3.49370e-03	-5.42436e-01	1.38866e+01
110	0	31	0	2	3	4.47935e-03	-6.03083e-01	1.63604e+01
110	0	32	0	2	3	3.82032e-03	-5.67110e-01	1.46310e+01
110	0	33	0	2	3	3.90195e-03	-5.45760e-01	1.36069e+01
110	0	34	0	2	3	4.30196e-03	-5.94907e-01	1.47650e+01
110	0	35	0	2	3	4.67858e-03	-6.23369e-01	1.67518e+01
110	0	36	0	2	3	3.53309e-03	-5.30590e-01	1.34523e+01
110	0	37	0	2	3	4.11139e-03	-5.79080e-01	1.68392e+01
110	0	38	0	2	3	4.11739e-03	-5.75822e-01	1.38016e+01
110	0	39	0	2	3	4.56701e-03	-6.10895e-01	1.62054e+01
110	0	40	0	2	3	4.06746e-03	-5.69473e-01	1.40343e+01
110	0	41	0	2	3	3.87451e-03	-5.53683e-01	1.61338e+01
110	0	42	0	2	3	4.28099e-03	-5.85063e-01	1.48669e+01
110	0	43	0	2	3	4.19583e-03	-5.91330e-01	1.65825e+01
110	0	44	0	2	3	3.86429e-03	-5.66204e-01	1.42698e+01
110	0	45	0	2	3	4.51741e-03	-6.00504e-01	1.65477e+01
110	0	46	0	2	3	4.33826e-03	-6.08181e-01	1.52485e+01
110	0	47	0	2	3	4.81215e-03	-6.36405e-01	1.84255e+01
110	0	48	0	2	3	3.59438e-03	-5.39252e-01	1.26674e+01
110	0	49	0	2	3	3.98158e-03	-5.64106e-01	1.63706e+01
110	0	50	0	2	3	4.77892e-03	-6.26378e-01	1.56177e+01
110	0	51	0	2	3	4.58748e-03	-6.06470e-01	1.59603e+01
110	0	52	0	2	3	3.65300e-03	-5.40928e-01	1.32352e+01
110	0	53	0	2	3	4.32950e-03	-5.87542e-01	1.55567e+01
110	0	54	0	2	3	4.33178e-03	-5.97173e-01	1.47572e+01
110	0	55	0	2	3	4.45147e-03	-6.01928e-01	1.68737e+01
110	0	56	0	2	3	3.92029e-03	-5.76847e-01	1.54112e+01
110	0	57	0	2	3	4.44249e-03	-6.00218e-01	1.65025e+01
110	0	58	0	2	3	4.24167e-03	-5.94639e-01	1.58195e+01
110	0	59	0	2	3	4.34707e-03	-6.09392e-01	1.70863e+01
110	0	60	0	2	3	3.88186e-03	-5.69406e-01	1.39335e+01
110	0	61	0	2	3	3.44267e-03	-5.25711e-01	1.48338e+01
110	0	62	0	2	3	4.70215e-03	-6.21923e-01	1.50473e+01
110	0	63	0	2	3	4.41063e-03	-6.00966e-01	1.51428e+01
110	0	64	0	2	3	3.83177e-03	-5.65873e-01	1.44857e+01
110	0	65	0	2	3	4.34415e-03	-5.94352e-01	1.60249e+01
110	0	66	0	2	3	4.41102e-03	-6.18884e-01	1.67129e+01
110	0	67	0	2	3	3.82963e-03	-5.62186e-01	1.56761e+01
110	0	68	0	2	3	4.29642e-03	-6.08162e-01	1.58057e+01
110	0	69	0	2	3	3.86146e-03	-5.58436e-01	1.49333e+01
110	0	70	0	2	3	4.39471e-03	-6.21029e-01	1.50331e+01
110	0	71	0	2	3	4.49796e-03	-6.10500e-01	1.62836e+01
110	0	72	0	2	3	3.95184e-03	-5.79491e-01	1.40963e+01
110	0	73	0	2	3	4.16214e-03	-5.86143e-01	1.52353e+01
110	0	74	0	2	3	4.47401e-03	-6.23274e-01	1.59699e+01
110	0	75	0	2	3	4.54166e-03	-6.08434e-01	1.58443e+01
110	0	76	0	2	3	3.91720e-03	-5.69245e-01	1.39286e+01
110	0	77	0	2	3	3.80400e-03	-5.59902e-01	1.53934e+01
110	0	78	0	2	3	4.55271e-03	-6.23386e-01	1.52171e+01
110	0	79	0	2	3	4.30756e-03	-5.94031e-01	1.55844e+01
110	0	80	0	2	3	4.01266e-03	-5.80369e-01	1.52501e+01
110	0	81	0	2	3	3.83778e-03	-5.53538e-01	1.48623e+01
110	0	82	0	2	3	4.50117e-03	-6.12060e-01	1.53038e+01
110	0	83	0	2	3	4.68222e-03	-6.25252e-01	1.60583e+01
110	0	84	0	2	3	3.93457e-03	-5.71165e-01	1.44930e+01
110	0	85	0	2	3	3.97515e-03	-5.71703e-01	1.56140e+01
110	0	86	0	2	3	4.49746e-03	-6.24019e-01	1.52716e+01
110	0	87	0	2	3	4.79401e-03	-6.38886e-01	1.70538e+01
110	0	88	0	2	3	3.66434e-03	-5.47411e-01	1.44009e+01
110	0	89	0	2	3	4.11683e-03	-5.84597e-01	1.54242e+01
110	0	90	0	2	3	4.32420e-03	-6.06957e-01	1.47317e+01
110	0	91	0	2	3	4.55637e-03	-6.22756e-01	1.56726e+01
110	0	92	0	2	3	4.08351e-03	-5.94774e-01	1.53370e+01
110	0	93	0	2	3	4.05115e-03	-5.72229e-01	1.48288e+01
110	0	94	0	2	3	4.12068e-03	-6.08029e-01	1.66153e+01
110	0	95	0	2	3	4.68148e-03	-6.27373e-01	1.65458e+01
110	0	96	0	2	3	3.95666e-03	-5.84903e-01	1.48035e+01
110	0	97	0	2	3	3.91629e-03	-5.65125e-01	1.55026e+01
110	0	98	0	2	3	4.30881e-03	-6.13499e-01	1.52926e+01
110	0	99	0	2	3	4.48993e-03	-6.07201e-01	1.59489e+01
110	0	100	0	2	3	3.69078e-03	-5.60617e-01	1.48639e+01
110	0	101	0	2	3	4.06137e-03	-5.77719e-01	1.56699e+01
110	0	102	0	2	3	4.71300e-03	-6.38291e-01	1.65150e+01
110	0	103	0	2	3	4.51301e-03	-6.15441e-01	1.59351e+01
110	0	104	0	2	3	4.00488e-03	-5.83002e-01	1.43633e+01
110	0	105	0	2	3	3.97781e-03	-5.72268e-01	1.50393e+01
110	0	106	0	2	3	5.04064e-03	-6.55522e-01	1.66658e+01
110	0	107	0	2	3	4.82374e-03	-6.30655e-01	1.55342e+01
110	0	108	0	2	3	3.79960e-03	-5.68181e-01	1.49217e+01
110	0	109	0	2	3	4.49293e-03	-6.08731e-01	1.55356e+01
110	0	110	0	2	3	4.40346e-03	-6.12444e-01	1.56974e+01
110	0	111	0	2	3	5.05794e-03	-6.58777e-01	1.66199e+01
110	0	112	0	2	3	4.05224e-03	-5.78544e-01	1.38034e+01
110	0	113	0	2	3	4.30337e-03	-5.91963e-01	1.51912e+01
110	0	114	0	2	3	4.60832e-03	-6.26420e-01	1.60414e+01
110	0	115	0	2	3	5.62598e-03	-6.88382e-01	1.68849e+01
110	0	116	0	2	3	3.97490e-03	-5.87586e-01	1.50272e+01
110	0	117	0	2	3	4.04945e-03	-5.83104e-01	1.61749e+01
110	0	118	0	2	3	4.10120e-03	-5.94460e-01	1.57252e+01
110	0	119	0	2	3	4.00630e-03	-5.71148e-01	1.39587e+01
110	0	120	0	2	3	4.03976e-03	-5.97136e-01	1.53493e+01
110	0	121	0	2	3	3.58533e-03	-5.43533e-01	1.30648e+01
110	0	122	0	2	3	4.06097e-03	-5.92433e-01	1.62820e+01
110	0	123	0	2	3	4.77264e-03	-6.32054e-01	1.62703e+01
110	0	124	0	2	3	4.60489e-03	-6.22598e-01	1.61553e+01
110	0	125	0	2	3	4.58475e-03	-5.96891e-01	1.31356e+01
110	0	126	0	2	3	3.91662e-03	-5.67341e-01	1.44275e+01
110	0	127	0	2	3	4.76445e-03	-6.17191e-01	1.54584e+01
110	0	128	0	2	3	3.80191e-03	-5.94943e-01	1.63293e+01
110	0	129	0	2	3	4.11663e-03	-6.03394e-01	1.60143e+01
110	0	130	0	2	3	1.47490e-03	-4.23752e-01	1.33057e+01
110	0	131	0	2	3	-9.39460e-04	-2.04974e-01	8.51662e+00
110	0	132	0	2	3	2.16724e-03	-4.63192e-01	1.41340e+01
110	0	133	0	2	3	3.56198e-03	-5.53510e-01	1.52021e+01
110	0	134	0	2	3	3.54380e-03	-5.69284e-01	1.56261e+01
110	0	135	0	2	3	2.34693e-03	-4.70578e-01	1.31294e+01
110	0	136	0	2	3	5.32330e-03	-6.86416e-01	1.69301e+01
110	0	137	0	2	3	4.13470e-03	-6.02827e-01	1.65014e+01
110	0	138	0	2	3	5.25893e-03	-6.91292e-01	1.79736e+01
110	0	139	0	2	3	3.10491e-03	-5.29794e-01	1.37390e+01
110	0	140	0	2	3	3.11859e-03	-5.26330e-01	1.52413e+01
110	0	141	0	2	3	3.98672e-03	-6.00341e-01	1.54612e+01
110	0	142	0	2	3	8.93877e-04	-3.47504e-01	1.10327e+01
110	0	143	0	2	3	4.12062e-03	-5.94769e-01	1.54148e+01
110	0	144	0	2	3	3.68248e-03	-5.59204e-01	1.42604e+01
110	0	145	0	2	3	2.96661e-03	-4.93889e-01	1.27832e+01
110	0	146	0	2	3	1.00689e-03	-3.79131e-01	1.20403e+01
110	0	147	0	2	3	2.99767e-03	-5.04608e-01	1.42763e+01
110	0	148	0	2	3	4.60445e-03	-6.27920e-01	1.56993e+01
110	0	149	0	2	3	3.47263e-03	-5.22520e-01	1.42122e+01
110	0	150	0	2	3	2.07501e-03	-4.41222e-01	1.31312e+01
110	0	151	0	2	3	3.05913e-03	-5.22444e-01	1.46783e+01
110	0	152	0	2	3	-3.47178e-03	-2.42531e-02	5.71915e+00
110	0	153	0	2	3	2.74143e-03	-5.14714e-01	1.49935e+01
110	0	154	0	2	3	6.39718e-03	-7.76145e-01	1.89427e+01
110	0	155	0	2	3	2.47212e-03	-4.79076e-01	1.22165e+01
110	0	156	0	2	3	-3.18095e-03	-5.29514e-02	6.07480e+00
110	0	157	0	2	3	-6.55293e-03	2.18869e-01	7.96077e-01
110	0	158	0	2	3	-8.55107e-04	-2.52611e-01	9.74284e+00
110	0	159	0	2	3	4.75795e-03	-6.48742e-01	1.66531e+01
#######################################################################
# BFT D                                                               #
#######################################################################
110	1	0	0	2	3	4.33981e-03	-6.13389e-01	1.77385e+01
110	1	1	0	2	3	-9.66677e-03	4.57354e-01	-2.98444e+00
110	1	2	0	2	3	3.92578e-03	-5.75231e-01	1.58874e+01
110	1	3	0	2	3	5.33881e-03	-6.68346e-01	1.82845e+01
110	1	4	0	2	3	3.60704e-03	-5.48011e-01	1.53403e+01
110	1	5	0	2	3	2.61741e-03	-4.85880e-01	1.54421e+01
110	1	6	0	2	3	3.22948e-03	-5.33488e-01	1.41438e+01
110	1	7	0	2	3	3.30741e-03	-5.29004e-01	1.55539e+01
110	1	8	0	2	3	2.78962e-03	-4.96662e-01	1.48603e+01
110	1	9	0	2	3	3.45910e-03	-5.47010e-01	1.73583e+01
110	1	10	0	2	3	3.66683e-03	-5.54071e-01	1.55512e+01
110	1	11	0	2	3	4.49425e-03	-6.17820e-01	1.70082e+01
110	1	12	0	2	3	3.26714e-03	-5.31295e-01	1.45685e+01
110	1	13	0	2	3	3.09592e-03	-5.07760e-01	1.56196e+01
110	1	14	0	2	3	3.79910e-03	-5.73774e-01	1.51794e+01
110	1	15	0	2	3	4.27626e-03	-5.93508e-01	1.70243e+01
110	1	16	0	2	3	3.72139e-03	-5.61116e-01	1.51132e+01
110	1	17	0	2	3	3.02377e-03	-5.03785e-01	1.47216e+01
110	1	18	0	2	3	3.75112e-03	-5.66968e-01	1.47051e+01
110	1	19	0	2	3	-5.66763e-04	-2.34565e-01	1.01225e+01
110	1	20	0	2	3	3.48851e-03	-5.48226e-01	1.52755e+01
110	1	21	0	2	3	3.18146e-03	-5.17022e-01	1.62813e+01
110	1	22	0	2	3	3.95484e-03	-5.74665e-01	1.52986e+01
110	1	23	0	2	3	4.20244e-03	-5.83714e-01	1.66447e+01
110	1	24	0	2	3	3.76952e-03	-5.68157e-01	1.62141e+01
110	1	25	0	2	3	3.29699e-03	-5.25975e-01	1.58965e+01
110	1	26	0	2	3	3.96709e-03	-5.83582e-01	1.53694e+01
110	1	27	0	2	3	4.59704e-03	-6.23528e-01	1.83884e+01
110	1	28	0	2	3	3.94766e-03	-5.81553e-01	1.63323e+01
110	1	29	0	2	3	3.81506e-03	-5.64143e-01	1.67215e+01
110	1	30	0	2	3	4.13593e-03	-5.92605e-01	1.57702e+01
110	1	31	0	2	3	4.15713e-03	-5.99870e-01	1.75948e+01
110	1	32	0	2	3	3.29806e-03	-5.32447e-01	1.59385e+01
110	1	33	0	2	3	3.37664e-03	-5.38368e-01	1.52183e+01
110	1	34	0	2	3	4.29490e-03	-5.93737e-01	1.52367e+01
110	1	35	0	2	3	3.81280e-03	-5.74866e-01	1.71028e+01
110	1	36	0	2	3	3.52299e-03	-5.42892e-01	1.56480e+01
110	1	37	0	2	3	3.61864e-03	-5.44787e-01	1.44673e+01
110	1	38	0	2	3	4.26008e-03	-6.00928e-01	1.69090e+01
110	1	39	0	2	3	4.54047e-03	-6.11160e-01	1.66381e+01
110	1	40	0	2	3	3.70881e-03	-5.54364e-01	1.46756e+01
110	1	41	0	2	3	3.76170e-03	-5.54170e-01	1.60415e+01
110	1	42	0	2	3	3.84883e-03	-5.64677e-01	1.54087e+01
110	1	43	0	2	3	3.94721e-03	-5.71562e-01	1.71666e+01
110	1	44	0	2	3	3.79949e-03	-5.68305e-01	1.51150e+01
110	1	45	0	2	3	3.73632e-03	-5.56636e-01	1.63548e+01
110	1	46	0	2	3	4.06134e-03	-5.91806e-01	1.55704e+01
110	1	47	0	2	3	3.87025e-03	-5.83591e-01	1.77891e+01
110	1	48	0	2	3	3.57555e-03	-5.47132e-01	1.53705e+01
110	1	49	0	2	3	3.65875e-03	-5.44435e-01	1.62964e+01
110	1	50	0	2	3	4.08998e-03	-5.84415e-01	1.49786e+01
110	1	51	0	2	3	4.59201e-03	-6.20797e-01	1.74436e+01
110	1	52	0	2	3	4.00658e-03	-5.89689e-01	1.54436e+01
110	1	53	0	2	3	3.33658e-03	-5.26900e-01	1.60168e+01
110	1	54	0	2	3	4.49944e-03	-6.21684e-01	1.68851e+01
110	1	55	0	2	3	4.36618e-03	-6.04766e-01	1.72640e+01
110	1	56	0	2	3	3.87227e-03	-5.85935e-01	1.54693e+01
110	1	57	0	2	3	3.69732e-03	-5.58354e-01	1.61967e+01
110	1	58	0	2	3	4.23695e-03	-6.13198e-01	1.78470e+01
110	1	59	0	2	3	4.27273e-03	-6.11066e-01	1.84801e+01
110	1	60	0	2	3	3.80280e-03	-5.71501e-01	1.58767e+01
110	1	61	0	2	3	4.11445e-03	-5.77078e-01	1.60227e+01
110	1	62	0	2	3	3.87406e-03	-5.73222e-01	1.48558e+01
110	1	63	0	2	3	3.95097e-03	-5.77068e-01	1.68112e+01
110	1	64	0	2	3	3.85470e-03	-5.75689e-01	1.62930e+01
110	1	65	0	2	3	4.21676e-03	-5.95331e-01	1.64404e+01
110	1	66	0	2	3	4.65377e-03	-6.39002e-01	1.61407e+01
110	1	67	0	2	3	4.38441e-03	-6.09998e-01	1.58088e+01
110	1	68	0	2	3	3.48396e-03	-5.40955e-01	1.40821e+01
110	1	69	0	2	3	3.98910e-03	-5.78720e-01	1.62185e+01
110	1	70	0	2	3	4.41175e-03	-6.12945e-01	1.67080e+01
110	1	71	0	2	3	4.09281e-03	-5.95638e-01	1.68219e+01
110	1	72	0	2	3	3.87984e-03	-5.72449e-01	1.55155e+01
110	1	73	0	2	3	4.06187e-03	-5.90525e-01	1.71882e+01
110	1	74	0	2	3	4.20991e-03	-5.96074e-01	1.50902e+01
110	1	75	0	2	3	4.45173e-03	-6.18159e-01	1.65953e+01
110	1	76	0	2	3	3.41170e-03	-5.39977e-01	1.47893e+01
110	1	77	0	2	3	3.93026e-03	-5.80227e-01	1.59276e+01
110	1	78	0	2	3	4.10417e-03	-5.93793e-01	1.50832e+01
110	1	79	0	2	3	4.39164e-03	-6.06319e-01	1.61923e+01
110	1	80	0	2	3	4.04235e-03	-5.80460e-01	1.53153e+01
110	1	81	0	2	3	3.95725e-03	-5.74142e-01	1.49837e+01
110	1	82	0	2	3	4.58450e-03	-6.20840e-01	1.69053e+01
110	1	83	0	2	3	4.42852e-03	-5.97575e-01	1.56008e+01
110	1	84	0	2	3	3.69940e-03	-5.48012e-01	1.41956e+01
110	1	85	0	2	3	3.84864e-03	-5.66135e-01	1.50942e+01
110	1	86	0	2	3	4.04538e-03	-5.88951e-01	1.62195e+01
110	1	87	0	2	3	4.28105e-03	-5.93570e-01	1.43296e+01
110	1	88	0	2	3	4.06976e-03	-5.85748e-01	1.58687e+01
110	1	89	0	2	3	3.88467e-03	-5.75190e-01	1.49600e+01
110	1	90	0	2	3	3.92215e-03	-5.77647e-01	1.48950e+01
110	1	91	0	2	3	4.21057e-03	-5.89997e-01	1.60163e+01
110	1	92	0	2	3	3.67779e-03	-5.53302e-01	1.48624e+01
110	1	93	0	2	3	3.88656e-03	-5.69034e-01	1.53282e+01
110	1	94	0	2	3	4.16813e-03	-5.98212e-01	1.64487e+01
110	1	95	0	2	3	3.91763e-03	-5.80088e-01	1.52948e+01
110	1	96	0	2	3	3.75248e-03	-5.59146e-01	1.46287e+01
110	1	97	0	2	3	3.74909e-03	-5.60349e-01	1.56112e+01
110	1	98	0	2	3	4.68216e-03	-6.46774e-01	1.75948e+01
110	1	99	0	2	3	4.29788e-03	-6.00146e-01	1.56312e+01
110	1	100	0	2	3	3.75754e-03	-5.51973e-01	1.50022e+01
110	1	101	0	2	3	3.67564e-03	-5.54042e-01	1.53622e+01
110	1	102	0	2	3	4.10930e-03	-6.00745e-01	1.59795e+01
110	1	103	0	2	3	4.33215e-03	-6.04017e-01	1.56425e+01
110	1	104	0	2	3	3.74752e-03	-5.62696e-01	1.52356e+01
110	1	105	0	2	3	3.88627e-03	-5.69370e-01	1.53833e+01
110	1	106	0	2	3	4.68011e-03	-6.38475e-01	1.74219e+01
110	1	107	0	2	3	4.83658e-03	-6.35372e-01	1.62419e+01
110	1	108	0	2	3	3.82483e-03	-5.66603e-01	1.59931e+01
110	1	109	0	2	3	3.20807e-03	-5.26106e-01	1.52363e+01
110	1	110	0	2	3	4.50893e-03	-6.25295e-01	1.63849e+01
110	1	111	0	2	3	4.92700e-03	-6.53821e-01	1.79886e+01
110	1	112	0	2	3	4.17756e-03	-5.93950e-01	1.55775e+01
110	1	113	0	2	3	4.10259e-03	-5.87341e-01	1.57866e+01
110	1	114	0	2	3	4.35297e-03	-6.11084e-01	1.56722e+01
110	1	115	0	2	3	5.01016e-03	-6.49477e-01	1.65152e+01
110	1	116	0	2	3	3.84515e-03	-5.71707e-01	1.53756e+01
110	1	117	0	2	3	3.73610e-03	-5.59311e-01	1.52346e+01
110	1	118	0	2	3	4.28746e-03	-6.04600e-01	1.50865e+01
110	1	119	0	2	3	4.28463e-03	-5.98810e-01	1.60611e+01
110	1	120	0	2	3	3.79491e-03	-5.65609e-01	1.49385e+01
110	1	121	0	2	3	4.28475e-03	-5.97388e-01	1.56444e+01
110	1	122	0	2	3	5.40555e-03	-6.98010e-01	1.88633e+01
110	1	123	0	2	3	4.53482e-03	-6.31474e-01	1.79995e+01
110	1	124	0	2	3	4.10636e-03	-5.82497e-01	1.48656e+01
110	1	125	0	2	3	3.58915e-03	-5.58025e-01	1.54649e+01
110	1	126	0	2	3	3.12866e-03	-5.22137e-01	1.45690e+01
110	1	127	0	2	3	5.04006e-03	-6.51177e-01	1.67181e+01
110	1	128	0	2	3	4.10383e-03	-6.11847e-01	1.68277e+01
110	1	129	0	2	3	3.44877e-03	-5.64380e-01	1.59941e+01
110	1	130	0	2	3	4.61532e-03	-6.38784e-01	1.62379e+01
110	1	131	0	2	3	4.32619e-03	-6.06301e-01	1.59572e+01
110	1	132	0	2	3	3.59134e-03	-5.62947e-01	1.59249e+01
110	1	133	0	2	3	4.80919e-03	-6.41477e-01	1.64020e+01
110	1	134	0	2	3	3.64281e-03	-5.82770e-01	1.64637e+01
110	1	135	0	2	3	3.48711e-03	-5.39000e-01	1.48167e+01
110	1	136	0	2	3	4.29187e-03	-6.22455e-01	1.73579e+01
110	1	137	0	2	3	4.64004e-03	-6.40417e-01	1.70280e+01
110	1	138	0	2	3	3.10916e-03	-5.19417e-01	1.44321e+01
110	1	139	0	2	3	4.24922e-03	-6.20426e-01	1.69732e+01
110	1	140	0	2	3	6.34207e-03	-7.53991e-01	1.84337e+01
110	1	141	0	2	3	3.03663e-03	-5.15997e-01	1.41115e+01
110	1	142	0	2	3	5.63864e-03	-7.10993e-01	1.77017e+01
110	1	143	0	2	3	4.47988e-03	-6.20552e-01	1.68733e+01
110	1	144	0	2	3	3.28053e-03	-5.44963e-01	1.62023e+01
110	1	145	0	2	3	3.57446e-03	-5.57487e-01	1.53842e+01
110	1	146	0	2	3	3.79375e-03	-5.74289e-01	1.54405e+01
110	1	147	0	2	3	6.30720e-03	-7.34886e-01	1.72073e+01
110	1	148	0	2	3	3.26034e-03	-5.41955e-01	1.44935e+01
110	1	149	0	2	3	5.22803e-03	-6.63264e-01	1.73863e+01
110	1	150	0	2	3	3.55818e-03	-5.30652e-01	1.47716e+01
110	1	151	0	2	3	3.38621e-03	-5.31151e-01	1.44788e+01
110	1	152	0	2	3	-8.87488e-03	3.74803e-01	-1.09516e+00
110	1	153	0	2	3	-3.46751e-03	-1.83306e-02	5.89414e+00
110	1	154	0	2	3	4.75070e-03	-6.48165e-01	1.71773e+01
110	1	155	0	2	3	7.66423e-03	-8.50845e-01	1.91414e+01
110	1	156	0	2	3	4.05603e-03	-6.11620e-01	1.67658e+01
110	1	157	0	2	3	4.66530e-03	-6.49459e-01	1.78883e+01
110	1	158	0	2	3	3.05733e-03	-5.29059e-01	1.55702e+01
110	1	159	0	2	3	-7.27115e-03	2.67216e-01	8.47296e-01
