##
#  file: HodoPHCParam_Dummy
#  date: 2016.06.15
#  note: first version
#
#
#######################################################################
# CId	PlId	Seg	UorD	Type	nParam	p0	p1	...
#
#	Type=0 no correction will be performed
#	Type=1 ct=t-p[0]/sqrt(a-p[1])+p[2]
#	Type=2 ct=p[0]*a*a + p[1]*a + p[2] for Fiber
#
#######################################################################
# BH1 Up                                                              #
#######################################################################
1	0	0	0	1	3	9.72882e+01	-2.42381e+01	1.93388e+01
1	0	1	0	1	3	8.39811e-01	2.30870e-01	9.07677e-01
1	0	2	0	1	3	7.96271e-01	2.02772e-01	8.76313e-01
1	0	3	0	1	3	1.24269e+00	-1.47574e-01	1.19840e+00
1	0	4	0	1	3	1.09931e+00	-7.72769e-02	1.08260e+00
1	0	5	0	1	3	1.05845e+00	1.40683e-01	1.18835e+00
1	0	6	0	1	3	1.24845e+00	-7.32092e-02	1.22011e+00
1	0	7	0	1	3	1.38494e+00	-1.69323e-01	1.29113e+00
1	0	8	0	1	3	1.12943e+00	-1.85789e-01	1.05048e+00
1	0	9	0	1	3	1.39270e+00	-1.82072e-01	1.30041e+00
1	0	10	0	1	3	1.71493e+02	-3.15885e+01	3.00372e+01
#######################################################################
# BH1 Down                                                            #
#######################################################################
1	0	0	1	1	3	1.69589e+00	-2.63702e-01	1.46458e+00
1	0	1	1	1	3	6.65147e-01	3.06785e-01	7.74182e-01
1	0	2	1	1	3	1.69164e+00	-4.50471e-01	1.36238e+00
1	0	3	1	1	3	7.14482e+01	-2.23619e+01	1.47724e+01
1	0	4	1	1	3	1.42431e+00	-1.84323e-01	1.31423e+00
1	0	5	1	1	3	1.48351e+00	-1.17877e-01	1.40777e+00
1	0	6	1	1	3	1.64799e+00	-3.01989e-01	1.48452e+00
1	0	7	1	1	3	1.48685e+00	-1.75507e-01	1.38619e+00
1	0	8	1	1	3	5.71792e-01	2.68423e-01	6.99614e-01
1	0	9	1	1	3	1.07020e+00	4.47097e-02	1.11772e+00
1	0	10	1	1	3	5.19525e-01	3.65790e-01	6.45791e-01
#######################################################################
# BH2 Up                                                              #
#######################################################################
2	0	0	0	1	3	-7.11008e+01	-2.46239e+01	-1.40971e+01
2	0	1	0	1	3	-2.61347e+02	-5.37401e+01	-3.53593e+01
2	0	2	0	1	3	-5.20238e+02	-9.03900e+01	-5.44498e+01
2	0	3	0	1	3	-9.86751e+01	-2.70933e+01	-1.86463e+01
2	0	4	0	1	3	-2.66918e+02	-5.52456e+01	-3.56288e+01
2	0	5	0	1	3	-3.44966e+01	-1.39232e+01	-8.92135e+00
2	0	6	0	1	3	-4.77750e+02	-8.10201e+01	-5.26922e+01
2	0	7	0	1	3	-5.92159e+02	-1.05019e+02	-5.74381e+01
#######################################################################
# BH2 Down                                                            #
#######################################################################
2	0	0	1	1	3	-7.11008e+01	-2.46239e+01	-1.40971e+01
2	0	1	1	1	3	-2.61347e+02	-5.37401e+01	-3.53593e+01
2	0	2	1	1	3	-5.20238e+02	-9.03900e+01	-5.44498e+01
2	0	3	1	1	3	-9.86751e+01	-2.70933e+01	-1.86463e+01
2	0	4	1	1	3	-2.66918e+02	-5.52456e+01	-3.56288e+01
2	0	5	1	1	3	-3.44966e+01	-1.39232e+01	-8.92135e+00
2	0	6	1	1	3	-4.77750e+02	-8.10201e+01	-5.26922e+01
2	0	7	1	1	3	-5.92159e+02	-1.05019e+02	-5.74381e+01
#######################################################################
# BAC                                                                 #
#######################################################################
3	0	0	0	1	3	0.00000e+00	0.00000e+00	0.00000e+00
3	0	1	0	1	3	0.00000e+00	0.00000e+00	0.00000e+00
#######################################################################
# FBH Up                                                              #
#######################################################################
4	0	0	0	2	3	-5.62952e-03	8.96903e-01	-3.53273e+01
4	0	1	0	2	3	-4.29399e-03	7.37975e-01	-3.00049e+01
4	0	2	0	2	3	-5.26894e-03	8.67305e-01	-3.38992e+01
4	0	3	0	2	3	-3.80183e-03	6.69237e-01	-2.72260e+01
4	0	4	0	2	3	-4.35014e-03	7.35785e-01	-2.92008e+01
4	0	5	0	2	3	-4.02541e-03	6.86907e-01	-2.70312e+01
4	0	6	0	2	3	-4.16660e-03	7.08229e-01	-2.81512e+01
4	0	7	0	2	3	-3.93117e-03	6.84759e-01	-2.69101e+01
4	0	8	0	2	3	-4.14423e-03	6.96902e-01	-2.65883e+01
4	0	9	0	2	3	-2.83372e-03	5.62925e-01	-2.20787e+01
4	0	10	0	2	3	-4.07944e-03	7.09420e-01	-2.75603e+01
4	0	11	0	2	3	-3.50961e-03	6.50113e-01	-2.64167e+01
4	0	12	0	2	3	-3.52415e-03	6.49734e-01	-2.67232e+01
4	0	13	0	2	3	-4.13420e-03	7.26957e-01	-2.99675e+01
4	0	14	0	2	3	-4.90315e-03	8.27563e-01	-3.35630e+01
4	0	15	0	2	3	-4.73048e-03	8.13189e-01	-3.31901e+01
#######################################################################
# FBH Down                                                            #
#######################################################################
4	0	0	1	2	3	-5.62952e-03	8.96903e-01	-3.53273e+01
4	0	1	1	2	3	-4.29399e-03	7.37975e-01	-3.00049e+01
4	0	2	1	2	3	-5.26894e-03	8.67305e-01	-3.38992e+01
4	0	3	1	2	3	-3.80183e-03	6.69237e-01	-2.72260e+01
4	0	4	1	2	3	-4.35014e-03	7.35785e-01	-2.92008e+01
4	0	5	1	2	3	-4.02541e-03	6.86907e-01	-2.70312e+01
4	0	6	1	2	3	-4.16660e-03	7.08229e-01	-2.81512e+01
4	0	7	1	2	3	-3.93117e-03	6.84759e-01	-2.69101e+01
4	0	8	1	2	3	-4.14423e-03	6.96902e-01	-2.65883e+01
4	0	9	1	2	3	-2.83372e-03	5.62925e-01	-2.20787e+01
4	0	10	1	2	3	-4.07944e-03	7.09420e-01	-2.75603e+01
4	0	11	1	2	3	-3.50961e-03	6.50113e-01	-2.64167e+01
4	0	12	1	2	3	-3.52415e-03	6.49734e-01	-2.67232e+01
4	0	13	1	2	3	-4.13420e-03	7.26957e-01	-2.99675e+01
4	0	14	1	2	3	-4.90315e-03	8.27563e-01	-3.35630e+01
4	0	15	1	2	3	-4.73048e-03	8.13189e-01	-3.31901e+01
#######################################################################
# PVAC                                                                #
#######################################################################
5	0	0	0	1	3	0.00000e+00	0.00000e+00	0.00000e+00
#######################################################################
# FAC                                                                 #
#######################################################################
6	0	0	0	1	3	0.00000e+00	0.00000e+00	0.00000e+00
#######################################################################
# SCH                                                                 #
#######################################################################
#7	0	0	0	2	3	-0.00500000	0.821213	-32.185321
#7	0	1	0	2	3	-0.00500000	0.830248	-32.269563
#7	0	2	0	2	3	-0.00500000	0.793073	-29.315934
#7	0	3	0	2	3	-0.00500000	0.772144	-28.276705
#7	0	4	0	2	3	-0.00500000	0.801968	-30.687167
#7	0	5	0	2	3	-0.00500000	0.778300	-28.439251
#7	0	6	0	2	3	-0.00500000	0.765872	-27.918181
#7	0	7	0	2	3	-0.00500000	0.738459	-26.016797
#7	0	8	0	2	3	-0.00500000	0.778318	-28.676371
#7	0	9	0	2	3	-0.00500000	0.776670	-28.892887
#7	0	10	0	2	3	-0.00500000	0.764278	-28.122474
#7	0	11	0	2	3	-0.00500000	0.790742	-29.423647
#7	0	12	0	2	3	-0.00500000	0.811330	-30.487019
#7	0	13	0	2	3	-0.00500000	0.818750	-30.891512
#7	0	14	0	2	3	-0.00500000	0.802541	-30.009136
#7	0	15	0	2	3	-0.00500000	0.809525	-30.751746
#7	0	16	0	2	3	-0.00500000	0.802597	-30.845509
#7	0	17	0	2	3	-0.00500000	0.835028	-32.780792
#7	0	18	0	2	3	-0.00500000	0.859176	-33.938731
#7	0	19	0	2	3	-0.00500000	0.814851	-31.445396
#7	0	20	0	2	3	-0.00500000	0.809426	-30.781087
#7	0	21	0	2	3	-0.00500000	0.780678	-28.888756
#7	0	22	0	2	3	-0.00500000	0.808206	-30.719604
#7	0	23	0	2	3	-0.00500000	0.774024	-27.858339
#7	0	24	0	2	3	-0.00500000	0.794308	-29.022101
#7	0	25	0	2	3	-0.00500000	0.775649	-27.980186
#7	0	26	0	2	3	-0.00500000	0.788483	-28.687567
#7	0	27	0	2	3	-0.00466315	0.771386	-29.253260
#7	0	28	0	2	3	-0.00483132	0.790854	-28.637741
#7	0	29	0	2	3	-0.00497049	0.812994	-30.786914
#7	0	30	0	2	3	-0.00500000	0.787793	-28.362716
#7	0	31	0	2	3	-0.00500000	0.790759	-28.876812
#7	0	32	0	2	3	-0.00500000	0.824826	-31.655285
#7	0	33	0	2	3	-0.00500000	0.845304	-33.407765
#7	0	34	0	2	3	-0.00500000	0.832263	-32.939799
#7	0	35	0	2	3	-0.00500000	0.820631	-31.695372
#7	0	36	0	2	3	-0.00500000	0.836997	-33.200590
#7	0	37	0	2	3	-0.00500000	0.819690	-32.097193
#7	0	38	0	2	3	-0.00500000	0.808109	-31.263214
#7	0	39	0	2	3	-0.00500000	0.815224	-31.135523
#7	0	40	0	2	3	-0.00500000	0.803398	-29.897923
#7	0	41	0	2	3	-0.00500000	0.815685	-31.165519
#7	0	42	0	2	3	-0.00500000	0.812980	-30.737261
#7	0	43	0	2	3	-0.00500000	0.829418	-32.693307
#7	0	44	0	2	3	-0.00500000	0.789530	-29.464920
#7	0	45	0	2	3	-0.00500000	0.804789	-31.208151
#7	0	46	0	2	3	-0.00500000	0.830106	-32.806514
#7	0	47	0	2	3	-0.00500000	0.819206	-31.373242
#7	0	48	0	2	3	-0.00500000	0.816165	-31.709319
#7	0	49	0	2	3	-0.00500000	0.798496	-30.201709
#7	0	50	0	2	3	-0.00500000	0.812167	-31.795745
#7	0	51	0	2	3	-0.00500000	0.810749	-31.375226
#7	0	52	0	2	3	-0.00500000	0.803385	-31.372512
#7	0	53	0	2	3	-0.00500000	0.777405	-29.262831
#7	0	54	0	2	3	-0.00500000	0.783954	-29.763410
#7	0	55	0	2	3	-0.00500000	0.789443	-29.976449
#7	0	56	0	2	3	-0.00500000	0.838828	-33.261086
#7	0	57	0	2	3	-0.00500000	0.804421	-30.573195
#7	0	58	0	2	3	-0.00500000	0.773283	-29.111048
#7	0	59	0	2	3	-0.00500000	0.811789	-31.449459
#7	0	60	0	2	3	-0.00500000	0.759724	-28.110014
#7	0	61	0	2	3	-0.00500000	0.810884	-31.379063
#7	0	62	0	2	3	-0.00500000	0.771910	-28.435006
#7	0	63	0	2	3	-0.00500000	0.796658	-30.511906
#######################################################################
# TOF Up                                                              #
#######################################################################
7	0	0	0	1	3	5.24830e+00	-1.96630e+00	2.96170e+00
7	0	1	0	1	3	5.24830e+00	-1.96630e+00	2.96170e+00
7	0	2	0	1	3	5.24830e+00	-1.96630e+00	2.96170e+00
7	0	3	0	1	3	5.24830e+00	-1.96630e+00	2.96170e+00
7	0	4	0	1	3	5.24830e+00	-1.96630e+00	2.96170e+00
7	0	5	0	1	3	5.24830e+00	-1.96630e+00	2.96170e+00
7	0	6	0	1	3	6.97090e+00	-3.03520e+00	3.39910e+00
7	0	7	0	1	3	4.05450e+00	-1.96150e+00	2.30360e+00
7	0	8	0	1	3	1.16940e+02	-2.98600e+01	2.09880e+01
7	0	9	0	1	3	5.24830e+00	-1.96630e+00	2.96170e+00
7	0	10	0	1	3	5.24830e+00	-1.96630e+00	2.96170e+00
7	0	11	0	1	3	5.24830e+00	-1.96630e+00	2.96170e+00
7	0	12	0	1	3	5.24830e+00	-1.96630e+00	2.96170e+00
7	0	13	0	1	3	5.24830e+00	-1.96630e+00	2.96170e+00
7	0	14	0	1	3	5.24830e+00	-1.96630e+00	2.96170e+00
7	0	15	0	1	3	5.24830e+00	-1.96630e+00	2.96170e+00
7	0	16	0	1	3	5.24830e+00	-1.96630e+00	2.96170e+00
7	0	17	0	1	3	5.24830e+00	-1.96630e+00	2.96170e+00
7	0	18	0	1	3	5.24830e+00	-1.96630e+00	2.96170e+00
7	0	19	0	1	3	7.11491e-01	1.85180e-03	5.82402e-01
7	0	20	0	1	3	5.59404e-01	-1.73810e-03	4.50716e-01
7	0	21	0	1	3	8.92499e-01	1.99900e-03	7.37364e-01
7	0	22	0	1	3	6.37553e-01	1.99960e-03	5.45449e-01
7	0	23	0	1	3	1.19210e+00	1.98920e-03	9.99994e-01
#######################################################################
# TOF Down                                                            #
#######################################################################
7	0	0	1	1	3	5.84300e+00	-2.30730e+00	3.11320e+00
7	0	1	1	1	3	5.84300e+00	-2.30730e+00	3.11320e+00
7	0	2	1	1	3	5.84300e+00	-2.30730e+00	3.11320e+00
7	0	3	1	1	3	5.84300e+00	-2.30730e+00	3.11320e+00
7	0	4	1	1	3	5.84300e+00	-2.30730e+00	3.11320e+00
7	0	5	1	1	3	5.84300e+00	-2.30730e+00	3.11320e+00
7	0	6	1	1	3	1.41330e+01	-5.81170e+00	5.32680e+00
7	0	7	1	1	3	7.84850e+01	-2.02870e+01	1.69500e+01
7	0	8	1	1	3	2.20240e+02	-3.62440e+01	3.60080e+01
7	0	9	1	1	3	5.84300e+00	-2.30730e+00	3.11320e+00
7	0	10	1	1	3	5.84300e+00	-2.30730e+00	3.11320e+00
7	0	11	1	1	3	5.84300e+00	-2.30730e+00	3.11320e+00
7	0	12	1	1	3	5.84300e+00	-2.30730e+00	3.11320e+00
7	0	13	1	1	3	5.84300e+00	-2.30730e+00	3.11320e+00
7	0	14	1	1	3	5.84300e+00	-2.30730e+00	3.11320e+00
7	0	15	1	1	3	5.84300e+00	-2.30730e+00	3.11320e+00
7	0	16	1	1	3	5.84300e+00	-2.30730e+00	3.11320e+00
7	0	17	1	1	3	5.84300e+00	-2.30730e+00	3.11320e+00
7	0	18	1	1	3	5.84300e+00	-2.30730e+00	3.11320e+00
7	0	19	1	1	3	6.18741e-01	1.99860e-03	4.90831e-01
7	0	20	1	1	3	5.75901e-01	1.04210e-03	4.72509e-01
7	0	21	1	1	3	9.41046e-01	1.99890e-03	7.79357e-01
7	0	22	1	1	3	4.84266e-01	-1.95590e-03	3.99786e-01
7	0	23	1	1	3	8.97714e-01	1.99860e-03	7.56300e-01
#######################################################################
# BFT U                                                               #
#######################################################################
110	0	0	0	2	3	2.00388e-03	-4.12355e-01	1.35280e+01
110	0	1	0	2	3	-2.55676e-03	-3.40197e-02	6.66906e+00
110	0	2	0	2	3	2.13023e-03	-4.58255e-01	1.57691e+01
110	0	3	0	2	3	-3.61997e-03	-1.53117e-02	5.44579e+00
110	0	4	0	2	3	-7.92651e-03	3.09554e-01	1.08181e+00
110	0	5	0	2	3	-5.13475e-03	1.36007e-01	4.06815e+00
110	0	6	0	2	3	5.69710e-03	-7.03648e-01	1.88830e+01
110	0	7	0	2	3	8.64110e-04	-3.43796e-01	1.22853e+01
110	0	8	0	2	3	5.10813e-03	-6.55208e-01	1.81792e+01
110	0	9	0	2	3	3.64217e-04	-2.94402e-01	1.19191e+01
110	0	10	0	2	3	3.18918e-03	-5.32813e-01	1.55308e+01
110	0	11	0	2	3	5.23732e-03	-6.50454e-01	1.74252e+01
110	0	12	0	2	3	2.16231e-03	-4.59295e-01	1.45184e+01
110	0	13	0	2	3	5.96108e-04	-3.06402e-01	1.20263e+01
110	0	14	0	2	3	3.33484e-03	-5.34283e-01	1.54260e+01
110	0	15	0	2	3	2.93918e-03	-5.02313e-01	1.49772e+01
110	0	16	0	2	3	3.32620e-03	-5.19205e-01	1.48789e+01
110	0	17	0	2	3	3.02760e-03	-5.02706e-01	1.54846e+01
110	0	18	0	2	3	4.14470e-03	-5.82662e-01	1.59384e+01
110	0	19	0	2	3	3.61147e-03	-5.50678e-01	1.44293e+01
110	0	20	0	2	3	3.46156e-03	-5.33050e-01	1.56311e+01
110	0	21	0	2	3	3.37704e-03	-5.16661e-01	1.57899e+01
110	0	22	0	2	3	4.20956e-03	-5.92510e-01	1.66872e+01
110	0	23	0	2	3	3.41190e-03	-5.18536e-01	1.56029e+01
110	0	24	0	2	3	4.71722e-03	-6.25176e-01	1.65896e+01
110	0	25	0	2	3	2.91400e-03	-4.77423e-01	1.42925e+01
110	0	26	0	2	3	3.45845e-03	-5.38556e-01	1.57882e+01
110	0	27	0	2	3	4.92514e-03	-6.24003e-01	1.63430e+01
110	0	28	0	2	3	3.40581e-03	-5.30508e-01	1.40899e+01
110	0	29	0	2	3	4.05761e-03	-5.66486e-01	1.60283e+01
110	0	30	0	2	3	4.07361e-03	-5.83217e-01	1.63858e+01
110	0	31	0	2	3	4.32921e-03	-5.86792e-01	1.68046e+01
110	0	32	0	2	3	4.11087e-03	-5.84284e-01	1.66658e+01
110	0	33	0	2	3	3.53237e-03	-5.18770e-01	1.29262e+01
110	0	34	0	2	3	3.55759e-03	-5.42580e-01	1.56919e+01
110	0	35	0	2	3	4.69770e-03	-6.20128e-01	1.74046e+01
110	0	36	0	2	3	3.54622e-03	-5.30027e-01	1.41905e+01
110	0	37	0	2	3	3.99054e-03	-5.67792e-01	1.64339e+01
110	0	38	0	2	3	3.93690e-03	-5.62963e-01	1.53814e+01
110	0	39	0	2	3	4.63950e-03	-6.17491e-01	1.71823e+01
110	0	40	0	2	3	3.44608e-03	-5.26455e-01	1.41256e+01
110	0	41	0	2	3	4.38892e-03	-5.91566e-01	1.66578e+01
110	0	42	0	2	3	4.34300e-03	-5.94717e-01	1.59354e+01
110	0	43	0	2	3	4.40135e-03	-6.08581e-01	1.77708e+01
110	0	44	0	2	3	4.07034e-03	-5.77469e-01	1.52207e+01
110	0	45	0	2	3	4.06088e-03	-5.66433e-01	1.67550e+01
110	0	46	0	2	3	4.37883e-03	-6.09600e-01	1.70471e+01
110	0	47	0	2	3	4.45666e-03	-6.12469e-01	1.79006e+01
110	0	48	0	2	3	3.45401e-03	-5.31263e-01	1.44079e+01
110	0	49	0	2	3	4.16614e-03	-5.80050e-01	1.65766e+01
110	0	50	0	2	3	4.52692e-03	-6.11677e-01	1.72548e+01
110	0	51	0	2	3	4.08343e-03	-5.73616e-01	1.63027e+01
110	0	52	0	2	3	4.00065e-03	-5.65863e-01	1.55196e+01
110	0	53	0	2	3	4.83331e-03	-6.22722e-01	1.70051e+01
110	0	54	0	2	3	4.34657e-03	-5.97986e-01	1.66086e+01
110	0	55	0	2	3	4.35886e-03	-5.97981e-01	1.67303e+01
110	0	56	0	2	3	4.10184e-03	-5.90478e-01	1.65171e+01
110	0	57	0	2	3	4.07538e-03	-5.71133e-01	1.68075e+01
110	0	58	0	2	3	3.91492e-03	-5.70263e-01	1.62296e+01
110	0	59	0	2	3	4.55402e-03	-6.27365e-01	1.83441e+01
110	0	60	0	2	3	3.86456e-03	-5.68125e-01	1.47734e+01
110	0	61	0	2	3	3.20287e-03	-5.09802e-01	1.54788e+01
110	0	62	0	2	3	4.84119e-03	-6.29769e-01	1.70344e+01
110	0	63	0	2	3	4.41613e-03	-6.00309e-01	1.60065e+01
110	0	64	0	2	3	3.71405e-03	-5.59392e-01	1.62874e+01
110	0	65	0	2	3	3.88323e-03	-5.63946e-01	1.64671e+01
110	0	66	0	2	3	4.53107e-03	-6.30586e-01	1.78763e+01
110	0	67	0	2	3	4.22865e-03	-5.93825e-01	1.72307e+01
110	0	68	0	2	3	3.98538e-03	-5.90265e-01	1.64883e+01
110	0	69	0	2	3	3.99130e-03	-5.71593e-01	1.61674e+01
110	0	70	0	2	3	4.40887e-03	-6.22724e-01	1.70066e+01
110	0	71	0	2	3	4.19916e-03	-5.91452e-01	1.69462e+01
110	0	72	0	2	3	4.20245e-03	-5.97670e-01	1.63621e+01
110	0	73	0	2	3	4.07749e-03	-5.81328e-01	1.61380e+01
110	0	74	0	2	3	4.53473e-03	-6.29964e-01	1.70874e+01
110	0	75	0	2	3	4.08978e-03	-5.79059e-01	1.63668e+01
110	0	76	0	2	3	3.49980e-03	-5.41060e-01	1.54261e+01
110	0	77	0	2	3	3.81698e-03	-5.63001e-01	1.64689e+01
110	0	78	0	2	3	4.51170e-03	-6.22976e-01	1.72241e+01
110	0	79	0	2	3	4.21211e-03	-5.87544e-01	1.64692e+01
110	0	80	0	2	3	4.19782e-03	-5.94140e-01	1.64798e+01
110	0	81	0	2	3	3.96206e-03	-5.61908e-01	1.60144e+01
110	0	82	0	2	3	4.28859e-03	-5.97679e-01	1.70806e+01
110	0	83	0	2	3	4.46639e-03	-6.10554e-01	1.68341e+01
110	0	84	0	2	3	3.94318e-03	-5.68746e-01	1.64216e+01
110	0	85	0	2	3	4.10801e-03	-5.80980e-01	1.68221e+01
110	0	86	0	2	3	4.69835e-03	-6.40832e-01	1.76646e+01
110	0	87	0	2	3	4.09611e-03	-5.91155e-01	1.73434e+01
110	0	88	0	2	3	3.71503e-03	-5.53334e-01	1.56061e+01
110	0	89	0	2	3	4.38357e-03	-6.03923e-01	1.68504e+01
110	0	90	0	2	3	4.46877e-03	-6.15171e-01	1.69006e+01
110	0	91	0	2	3	4.03520e-03	-5.89524e-01	1.62632e+01
110	0	92	0	2	3	4.17581e-03	-6.01823e-01	1.75498e+01
110	0	93	0	2	3	4.27867e-03	-5.91251e-01	1.63191e+01
110	0	94	0	2	3	4.29873e-03	-6.19496e-01	1.78641e+01
110	0	95	0	2	3	4.24879e-03	-5.98655e-01	1.71923e+01
110	0	96	0	2	3	3.89300e-03	-5.83034e-01	1.69005e+01
110	0	97	0	2	3	3.93954e-03	-5.74025e-01	1.69127e+01
110	0	98	0	2	3	4.12520e-03	-5.97748e-01	1.70667e+01
110	0	99	0	2	3	4.43614e-03	-6.02918e-01	1.60005e+01
110	0	100	0	2	3	3.58451e-03	-5.53000e-01	1.58515e+01
110	0	101	0	2	3	4.14783e-03	-5.83911e-01	1.69145e+01
110	0	102	0	2	3	4.44891e-03	-6.18372e-01	1.72776e+01
110	0	103	0	2	3	4.28879e-03	-6.02015e-01	1.69069e+01
110	0	104	0	2	3	3.82504e-03	-5.71090e-01	1.63251e+01
110	0	105	0	2	3	3.19492e-03	-5.17959e-01	1.53283e+01
110	0	106	0	2	3	4.75326e-03	-6.44046e-01	1.78121e+01
110	0	107	0	2	3	4.27073e-03	-5.96610e-01	1.62156e+01
110	0	108	0	2	3	3.86159e-03	-5.74010e-01	1.62034e+01
110	0	109	0	2	3	3.80316e-03	-5.68978e-01	1.62129e+01
110	0	110	0	2	3	3.57241e-03	-5.53559e-01	1.58492e+01
110	0	111	0	2	3	3.81847e-03	-5.73824e-01	1.63989e+01
110	0	112	0	2	3	4.31558e-03	-5.94799e-01	1.62488e+01
110	0	113	0	2	3	4.42579e-03	-6.04997e-01	1.67088e+01
110	0	114	0	2	3	4.30962e-03	-6.11637e-01	1.81140e+01
110	0	115	0	2	3	4.69307e-03	-6.22625e-01	1.69943e+01
110	0	116	0	2	3	3.21261e-03	-5.26632e-01	1.60594e+01
110	0	117	0	2	3	4.15379e-03	-5.88386e-01	1.64684e+01
110	0	118	0	2	3	3.81980e-03	-5.82999e-01	1.69284e+01
110	0	119	0	2	3	3.98135e-03	-5.67389e-01	1.51284e+01
110	0	120	0	2	3	3.41709e-03	-5.44912e-01	1.64809e+01
110	0	121	0	2	3	4.64297e-03	-6.14881e-01	1.55319e+01
110	0	122	0	2	3	5.04190e-03	-6.67970e-01	1.90007e+01
110	0	123	0	2	3	4.20349e-03	-5.95161e-01	1.70013e+01
110	0	124	0	2	3	3.96407e-03	-5.70528e-01	1.63505e+01
110	0	125	0	2	3	4.15605e-03	-5.74693e-01	1.41426e+01
110	0	126	0	2	3	3.51371e-03	-5.39454e-01	1.52255e+01
110	0	127	0	2	3	4.13527e-03	-5.83476e-01	1.63782e+01
110	0	128	0	2	3	4.24638e-03	-6.30001e-01	1.82704e+01
110	0	129	0	2	3	3.35465e-03	-5.55473e-01	1.65484e+01
110	0	130	0	2	3	3.79112e-03	-6.01321e-01	1.79498e+01
110	0	131	0	2	3	3.14652e-03	-5.18974e-01	1.57502e+01
110	0	132	0	2	3	2.77846e-03	-5.03879e-01	1.60814e+01
110	0	133	0	2	3	3.29381e-03	-5.34347e-01	1.62164e+01
110	0	134	0	2	3	3.16098e-03	-5.45652e-01	1.65497e+01
110	0	135	0	2	3	3.42989e-03	-5.49621e-01	1.68577e+01
110	0	136	0	2	3	4.65937e-03	-6.36452e-01	1.72419e+01
110	0	137	0	2	3	2.86650e-03	-5.15515e-01	1.63712e+01
110	0	138	0	2	3	2.24529e-03	-4.76305e-01	1.55645e+01
110	0	139	0	2	3	2.27544e-03	-4.80917e-01	1.53215e+01
110	0	140	0	2	3	3.48413e-03	-5.65540e-01	1.73833e+01
110	0	141	0	2	3	5.48897e-03	-7.02796e-01	1.83905e+01
110	0	142	0	2	3	2.86982e-03	-5.10042e-01	1.64819e+01
110	0	143	0	2	3	3.42420e-03	-5.47033e-01	1.58705e+01
110	0	144	0	2	3	4.12793e-03	-6.09869e-01	1.76272e+01
110	0	145	0	2	3	4.70899e-03	-6.31116e-01	1.76040e+01
110	0	146	0	2	3	2.69647e-03	-5.05135e-01	1.55755e+01
110	0	147	0	2	3	4.18598e-03	-6.02916e-01	1.64566e+01
110	0	148	0	2	3	3.42181e-03	-5.58290e-01	1.69734e+01
110	0	149	0	2	3	3.68224e-03	-5.62594e-01	1.65319e+01
110	0	150	0	2	3	2.33664e-03	-4.74126e-01	1.52140e+01
110	0	151	0	2	3	2.77854e-03	-5.08165e-01	1.56571e+01
110	0	152	0	2	3	2.45724e-03	-4.86641e-01	1.58722e+01
110	0	153	0	2	3	2.81406e-03	-5.27173e-01	1.64900e+01
110	0	154	0	2	3	3.71536e-03	-5.78585e-01	1.63989e+01
110	0	155	0	2	3	3.09338e-03	-5.31188e-01	1.55125e+01
110	0	156	0	2	3	1.56169e-03	-4.24328e-01	1.54523e+01
110	0	157	0	2	3	-6.27806e-04	-2.57527e-01	1.15577e+01
110	0	158	0	2	3	3.50292e-03	-5.51835e-01	1.68385e+01
110	0	159	0	2	3	-5.05371e-03	3.71423e-02	7.09649e+00
#######################################################################
# BFT D                                                               #
#######################################################################
110	1	0	0	2	3	3.50836e-03	-5.62323e-01	1.84254e+01
110	1	1	0	2	3	-1.20947e-02	6.81086e-01	-6.68767e+00
110	1	2	0	2	3	-2.18427e-04	-2.59214e-01	1.15207e+01
110	1	3	0	2	3	5.09473e-03	-5.53474e-01	1.48765e+01
110	1	4	0	2	3	4.11645e-03	-5.94010e-01	1.71937e+01
110	1	5	0	2	3	-1.19501e-04	-2.90810e-01	1.29094e+01
110	1	6	0	2	3	2.18862e-03	-4.57050e-01	1.46176e+01
110	1	7	0	2	3	2.09250e-03	-4.37609e-01	1.47511e+01
110	1	8	0	2	3	2.66727e-03	-4.97290e-01	1.58734e+01
110	1	9	0	2	3	-2.11198e-03	-1.02536e-01	8.54745e+00
110	1	10	0	2	3	3.28252e-03	-5.37844e-01	1.53783e+01
110	1	11	0	2	3	3.03747e-04	-3.01341e-01	1.19289e+01
110	1	12	0	2	3	2.76288e-03	-5.01469e-01	1.50732e+01
110	1	13	0	2	3	3.39369e-04	-3.12004e-01	1.21507e+01
110	1	14	0	2	3	3.75877e-03	-5.66910e-01	1.57857e+01
110	1	15	0	2	3	3.30369e-03	-5.32257e-01	1.60241e+01
110	1	16	0	2	3	3.09661e-03	-5.30729e-01	1.57370e+01
110	1	17	0	2	3	3.62712e-03	-5.47042e-01	1.63256e+01
110	1	18	0	2	3	4.40728e-03	-6.07398e-01	1.60520e+01
110	1	19	0	2	3	3.26315e-03	-5.26920e-01	1.64975e+01
110	1	20	0	2	3	3.95668e-03	-5.87336e-01	1.67968e+01
110	1	21	0	2	3	3.49767e-03	-5.46697e-01	1.67728e+01
110	1	22	0	2	3	3.70903e-03	-5.59822e-01	1.58384e+01
110	1	23	0	2	3	3.95330e-03	-5.66692e-01	1.61703e+01
110	1	24	0	2	3	3.72624e-03	-5.68295e-01	1.70653e+01
110	1	25	0	2	3	2.57833e-03	-4.74299e-01	1.48033e+01
110	1	26	0	2	3	4.32809e-03	-6.09913e-01	1.66716e+01
110	1	27	0	2	3	3.02383e-03	-5.03784e-01	1.59599e+01
110	1	28	0	2	3	3.73420e-03	-5.67240e-01	1.59145e+01
110	1	29	0	2	3	2.91423e-03	-5.03114e-01	1.55509e+01
110	1	30	0	2	3	3.81295e-03	-5.65427e-01	1.60453e+01
110	1	31	0	2	3	4.47448e-03	-6.16844e-01	1.76202e+01
110	1	32	0	2	3	3.75110e-03	-5.68312e-01	1.74427e+01
110	1	33	0	2	3	3.57896e-03	-5.53369e-01	1.53515e+01
110	1	34	0	2	3	4.06013e-03	-5.80294e-01	1.58786e+01
110	1	35	0	2	3	4.29073e-03	-6.15026e-01	1.88009e+01
110	1	36	0	2	3	3.88629e-03	-5.72790e-01	1.60619e+01
110	1	37	0	2	3	3.40323e-03	-5.31895e-01	1.51478e+01
110	1	38	0	2	3	4.51349e-03	-6.18346e-01	1.70197e+01
110	1	39	0	2	3	4.30300e-03	-5.94615e-01	1.72090e+01
110	1	40	0	2	3	3.95093e-03	-5.71560e-01	1.57922e+01
110	1	41	0	2	3	3.69504e-03	-5.54547e-01	1.59839e+01
110	1	42	0	2	3	3.75381e-03	-5.57219e-01	1.51024e+01
110	1	43	0	2	3	3.77463e-03	-5.62366e-01	1.69233e+01
110	1	44	0	2	3	3.90056e-03	-5.74563e-01	1.60388e+01
110	1	45	0	2	3	3.90578e-03	-5.70522e-01	1.64733e+01
110	1	46	0	2	3	4.40013e-03	-6.12910e-01	1.67012e+01
110	1	47	0	2	3	3.46754e-03	-5.57030e-01	1.72507e+01
110	1	48	0	2	3	3.80794e-03	-5.65142e-01	1.65608e+01
110	1	49	0	2	3	3.86104e-03	-5.62981e-01	1.65754e+01
110	1	50	0	2	3	4.33355e-03	-6.02923e-01	1.61716e+01
110	1	51	0	2	3	4.03998e-03	-5.84255e-01	1.77330e+01
110	1	52	0	2	3	4.06942e-03	-5.96475e-01	1.64357e+01
110	1	53	0	2	3	3.40481e-03	-5.38512e-01	1.62460e+01
110	1	54	0	2	3	3.66826e-03	-5.64477e-01	1.67886e+01
110	1	55	0	2	3	4.27549e-03	-6.01065e-01	1.71437e+01
110	1	56	0	2	3	4.19630e-03	-6.10220e-01	1.67917e+01
110	1	57	0	2	3	4.64381e-03	-6.29145e-01	1.84032e+01
110	1	58	0	2	3	3.79372e-03	-5.79172e-01	1.80528e+01
110	1	59	0	2	3	4.46015e-03	-6.26136e-01	1.86786e+01
110	1	60	0	2	3	3.84799e-03	-5.76592e-01	1.68899e+01
110	1	61	0	2	3	3.98777e-03	-5.63153e-01	1.65869e+01
110	1	62	0	2	3	3.75584e-03	-5.65654e-01	1.56373e+01
110	1	63	0	2	3	3.84662e-03	-5.67977e-01	1.65491e+01
110	1	64	0	2	3	4.12334e-03	-5.95892e-01	1.75808e+01
110	1	65	0	2	3	3.57754e-03	-5.50929e-01	1.56173e+01
110	1	66	0	2	3	4.46716e-03	-6.25476e-01	1.68143e+01
110	1	67	0	2	3	4.26653e-03	-6.03891e-01	1.66926e+01
110	1	68	0	2	3	3.17816e-03	-5.19048e-01	1.46456e+01
110	1	69	0	2	3	3.99860e-03	-5.82861e-01	1.63224e+01
110	1	70	0	2	3	3.95990e-03	-5.85570e-01	1.72709e+01
110	1	71	0	2	3	3.92629e-03	-5.88160e-01	1.67352e+01
110	1	72	0	2	3	3.58668e-03	-5.54477e-01	1.62088e+01
110	1	73	0	2	3	4.08867e-03	-5.93078e-01	1.72410e+01
110	1	74	0	2	3	4.37633e-03	-6.07518e-01	1.62423e+01
110	1	75	0	2	3	4.03518e-03	-5.91099e-01	1.61554e+01
110	1	76	0	2	3	3.64166e-03	-5.58004e-01	1.60969e+01
110	1	77	0	2	3	3.84325e-03	-5.76533e-01	1.69237e+01
110	1	78	0	2	3	4.29263e-03	-6.04545e-01	1.62235e+01
110	1	79	0	2	3	4.32853e-03	-6.04303e-01	1.62100e+01
110	1	80	0	2	3	3.95635e-03	-5.77078e-01	1.63195e+01
110	1	81	0	2	3	4.08205e-03	-5.83560e-01	1.61724e+01
110	1	82	0	2	3	4.51565e-03	-6.17850e-01	1.79109e+01
110	1	83	0	2	3	4.27476e-03	-5.87664e-01	1.54689e+01
110	1	84	0	2	3	3.53220e-03	-5.35276e-01	1.49853e+01
110	1	85	0	2	3	3.97369e-03	-5.75022e-01	1.63128e+01
110	1	86	0	2	3	4.24489e-03	-5.99736e-01	1.64115e+01
110	1	87	0	2	3	4.58120e-03	-6.09688e-01	1.55993e+01
110	1	88	0	2	3	3.64639e-03	-5.57761e-01	1.65025e+01
110	1	89	0	2	3	4.38451e-03	-6.07804e-01	1.65866e+01
110	1	90	0	2	3	4.36366e-03	-6.08635e-01	1.64861e+01
110	1	91	0	2	3	4.05725e-03	-5.82757e-01	1.60408e+01
110	1	92	0	2	3	3.98939e-03	-5.76489e-01	1.63673e+01
110	1	93	0	2	3	4.11854e-03	-5.84142e-01	1.66693e+01
110	1	94	0	2	3	4.25827e-03	-6.06214e-01	1.67213e+01
110	1	95	0	2	3	4.33504e-03	-6.08310e-01	1.68874e+01
110	1	96	0	2	3	3.52057e-03	-5.46734e-01	1.55943e+01
110	1	97	0	2	3	3.81948e-03	-5.68140e-01	1.59283e+01
110	1	98	0	2	3	4.58019e-03	-6.46359e-01	1.88714e+01
110	1	99	0	2	3	4.23253e-03	-6.01422e-01	1.69080e+01
110	1	100	0	2	3	3.72933e-03	-5.48269e-01	1.60357e+01
110	1	101	0	2	3	3.75009e-03	-5.60524e-01	1.56695e+01
110	1	102	0	2	3	4.21395e-03	-6.06584e-01	1.71931e+01
110	1	103	0	2	3	4.96549e-03	-6.48619e-01	1.75880e+01
110	1	104	0	2	3	3.82138e-03	-5.69887e-01	1.65547e+01
110	1	105	0	2	3	3.96831e-03	-5.70591e-01	1.55130e+01
110	1	106	0	2	3	4.51531e-03	-6.26201e-01	1.73500e+01
110	1	107	0	2	3	4.52567e-03	-6.14191e-01	1.61102e+01
110	1	108	0	2	3	3.42140e-03	-5.40015e-01	1.67473e+01
110	1	109	0	2	3	3.77495e-03	-5.65266e-01	1.60835e+01
110	1	110	0	2	3	3.71609e-03	-5.70520e-01	1.66498e+01
110	1	111	0	2	3	3.65084e-03	-5.62236e-01	1.66050e+01
110	1	112	0	2	3	4.35940e-03	-6.03778e-01	1.68862e+01
110	1	113	0	2	3	3.99243e-03	-5.82726e-01	1.70131e+01
110	1	114	0	2	3	3.92599e-03	-5.86082e-01	1.65476e+01
110	1	115	0	2	3	4.67977e-03	-6.26862e-01	1.73974e+01
110	1	116	0	2	3	4.01337e-03	-5.90575e-01	1.70723e+01
110	1	117	0	2	3	3.26363e-03	-5.28550e-01	1.49862e+01
110	1	118	0	2	3	4.08171e-03	-5.92527e-01	1.61490e+01
110	1	119	0	2	3	4.25506e-03	-5.94463e-01	1.61985e+01
110	1	120	0	2	3	3.87499e-03	-5.70944e-01	1.62565e+01
110	1	121	0	2	3	3.67023e-03	-5.63185e-01	1.65246e+01
110	1	122	0	2	3	5.48446e-03	-7.01826e-01	2.01866e+01
110	1	123	0	2	3	3.60743e-03	-5.54551e-01	1.67036e+01
110	1	124	0	2	3	4.13794e-03	-5.80390e-01	1.60319e+01
110	1	125	0	2	3	4.39403e-03	-6.09070e-01	1.65236e+01
110	1	126	0	2	3	4.47138e-03	-6.08551e-01	1.61889e+01
110	1	127	0	2	3	3.57360e-03	-5.44618e-01	1.61039e+01
110	1	128	0	2	3	2.67570e-03	-5.24919e-01	1.69133e+01
110	1	129	0	2	3	3.27698e-03	-5.61645e-01	1.74106e+01
110	1	130	0	2	3	3.67430e-03	-5.81846e-01	1.67112e+01
110	1	131	0	2	3	2.86005e-03	-5.02744e-01	1.54922e+01
110	1	132	0	2	3	3.18489e-03	-5.35476e-01	1.67774e+01
110	1	133	0	2	3	4.54152e-03	-6.18587e-01	1.72408e+01
110	1	134	0	2	3	4.74032e-03	-6.61178e-01	1.82033e+01
110	1	135	0	2	3	2.90480e-03	-5.04717e-01	1.47093e+01
110	1	136	0	2	3	2.26171e-03	-4.73068e-01	1.59277e+01
110	1	137	0	2	3	5.24687e-03	-6.75970e-01	1.77940e+01
110	1	138	0	2	3	4.03991e-03	-5.90424e-01	1.70367e+01
110	1	139	0	2	3	4.04773e-03	-6.02371e-01	1.68262e+01
110	1	140	0	2	3	4.13908e-03	-6.09114e-01	1.73892e+01
110	1	141	0	2	3	4.15713e-03	-5.99018e-01	1.68961e+01
110	1	142	0	2	3	3.94199e-03	-5.78624e-01	1.62709e+01
110	1	143	0	2	3	4.61346e-03	-6.39664e-01	1.85517e+01
110	1	144	0	2	3	3.41882e-03	-5.53479e-01	1.64414e+01
110	1	145	0	2	3	3.80894e-03	-5.66376e-01	1.65025e+01
110	1	146	0	2	3	3.48213e-03	-5.63205e-01	1.66343e+01
110	1	147	0	2	3	4.46168e-03	-6.31791e-01	1.71288e+01
110	1	148	0	2	3	3.83088e-03	-5.88010e-01	1.65476e+01
110	1	149	0	2	3	4.25721e-03	-6.07063e-01	1.68794e+01
110	1	150	0	2	3	3.19221e-03	-5.27643e-01	1.52716e+01
110	1	151	0	2	3	3.67640e-03	-5.65509e-01	1.65143e+01
110	1	152	0	2	3	5.18822e-03	-6.75905e-01	1.94438e+01
110	1	153	0	2	3	8.39249e-04	-3.58879e-01	1.37801e+01
110	1	154	0	2	3	2.54824e-03	-4.99376e-01	1.50103e+01
110	1	155	0	2	3	4.32038e-03	-6.22736e-01	1.76661e+01
110	1	156	0	2	3	1.75087e-03	-4.46571e-01	1.51623e+01
110	1	157	0	2	3	7.92839e-04	-3.47735e-01	1.34237e+01
110	1	158	0	2	3	3.16365e-03	-5.33567e-01	1.65564e+01
110	1	159	0	2	3	-7.68548e-03	2.67362e-01	2.30236e+00
