##
#  file: HodoPHCParam_Dummy
#  date: 2016.06.15
#  note: first version
#
#
#######################################################################
# CId	PlId	Seg	UorD	Type	nParam	p0	p1	...
#
#	Type=0 no correction will be performed
#	Type=1 ct=t-p[0]/sqrt(a-p[1])+p[2]
#	Type=2 ct=p[0]*a*a + p[1]*a + p[2] for Fiber
#
#######################################################################
# BH1 Up                                                              #
#######################################################################
1	0	0	0	1	3	5.08705e+00	-1.98362e+00	2.93454e+00
1	0	1	0	1	3	6.69706e-01	2.91546e-01	8.10244e-01
1	0	2	0	1	3	5.01779e-01	3.94271e-01	6.64278e-01
1	0	3	0	1	3	7.45330e-01	1.66754e-01	8.56036e-01
1	0	4	0	1	3	8.52890e-01	8.60054e-02	9.27134e-01
1	0	5	0	1	3	1.69981e+00	-1.50393e-01	1.62794e+00
1	0	6	0	1	3	1.58582e+00	-2.35346e-01	1.46587e+00
1	0	7	0	1	3	1.61970e+00	-1.46184e-01	1.54504e+00
1	0	8	0	1	3	1.37546e+00	-2.52696e-01	1.28233e+00
1	0	9	0	1	3	1.74814e+00	-2.76223e-01	1.64100e+00
1	0	10	0	1	3	1.60339e+01	-4.62629e+00	6.81205e+00
#######################################################################
# BH1 Down                                                            #
#######################################################################
1	0	0	1	1	3	1.33519e+00	-9.13138e-02	1.27257e+00
1	0	1	1	1	3	6.24909e-01	2.88647e-01	7.65429e-01
1	0	2	1	1	3	6.68954e-01	2.21542e-01	7.45264e-01
1	0	3	1	1	3	1.32364e+00	-4.57464e-01	1.08318e+00
1	0	4	1	1	3	1.18002e+00	-7.91080e-02	1.17008e+00
1	0	5	1	1	3	2.07299e+00	-4.79828e-01	1.70935e+00
1	0	6	1	1	3	1.96000e+00	-5.20196e-01	1.63958e+00
1	0	7	1	1	3	1.89852e+00	-4.50289e-01	1.60743e+00
1	0	8	1	1	3	1.02469e+00	-6.73213e-02	1.04734e+00
1	0	9	1	1	3	1.64894e+00	-1.85977e-01	1.61292e+00
1	0	10	1	1	3	7.15603e-01	2.22738e-01	8.54972e-01
#######################################################################
# BH2 Up                                                              #
#######################################################################
2	0	0	0	1	3	1.43047e-01	2.98695e-01	2.00085e-01
2	0	1	0	1	3	8.79554e-01	-2.31747e-01	7.85839e-01
2	0	2	0	1	3	5.94572e-01	-4.97541e-01	4.68956e-01
2	0	3	0	1	3	1.91725e-01	3.94747e-02	1.91115e-01
2	0	4	0	1	3	3.31184e-01	-9.38469e-02	3.15823e-01
2	0	5	0	1	3	1.99769e-01	2.70254e-01	2.37321e-01
2	0	6	0	1	3	2.58948e-01	2.41832e-01	3.10133e-01
2	0	7	0	1	3	3.50426e-01	8.80094e-02	3.70898e-01
#######################################################################
# BH2 Down                                                            #
#######################################################################
2	0	0	1	1	3	3.94607e-01	-1.85207e-01	3.84440e-01
2	0	1	1	1	3	9.92155e-01	-3.85817e-01	8.32122e-01
2	0	2	1	1	3	4.10986e-01	-9.27803e-02	3.90143e-01
2	0	3	1	1	3	1.76416e-01	4.84160e-02	1.75490e-01
2	0	4	1	1	3	2.42956e-01	1.23979e-01	2.64593e-01
2	0	5	1	1	3	3.57967e-01	4.32013e-02	3.63973e-01
2	0	6	1	1	3	1.22093e+00	-6.67168e-01	9.30075e-01
2	0	7	1	1	3	2.92156e-01	-4.36810e-03	2.98702e-01
#######################################################################
# BAC                                                                 #
#######################################################################
3	0	0	0	1	3	0.00000e+00	0.00000e+00	0.00000e+00
3	0	1	0	1	3	0.00000e+00	0.00000e+00	0.00000e+00
#######################################################################
# FBH Up                                                              #
#######################################################################
4	0	0	0	2	3	-5.62952e-03	8.96903e-01	-3.53273e+01
4	0	1	0	2	3	-4.29399e-03	7.37975e-01	-3.00049e+01
4	0	2	0	2	3	-5.26894e-03	8.67305e-01	-3.38992e+01
4	0	3	0	2	3	-3.80183e-03	6.69237e-01	-2.72260e+01
4	0	4	0	2	3	-4.35014e-03	7.35785e-01	-2.92008e+01
4	0	5	0	2	3	-4.02541e-03	6.86907e-01	-2.70312e+01
4	0	6	0	2	3	-4.16660e-03	7.08229e-01	-2.81512e+01
4	0	7	0	2	3	-3.93117e-03	6.84759e-01	-2.69101e+01
4	0	8	0	2	3	-4.14423e-03	6.96902e-01	-2.65883e+01
4	0	9	0	2	3	-2.83372e-03	5.62925e-01	-2.20787e+01
4	0	10	0	2	3	-4.07944e-03	7.09420e-01	-2.75603e+01
4	0	11	0	2	3	-3.50961e-03	6.50113e-01	-2.64167e+01
4	0	12	0	2	3	-3.52415e-03	6.49734e-01	-2.67232e+01
4	0	13	0	2	3	-4.13420e-03	7.26957e-01	-2.99675e+01
4	0	14	0	2	3	-4.90315e-03	8.27563e-01	-3.35630e+01
4	0	15	0	2	3	-4.73048e-03	8.13189e-01	-3.31901e+01
#######################################################################
# FBH Down                                                            #
#######################################################################
4	0	0	1	2	3	-5.62952e-03	8.96903e-01	-3.53273e+01
4	0	1	1	2	3	-4.29399e-03	7.37975e-01	-3.00049e+01
4	0	2	1	2	3	-5.26894e-03	8.67305e-01	-3.38992e+01
4	0	3	1	2	3	-3.80183e-03	6.69237e-01	-2.72260e+01
4	0	4	1	2	3	-4.35014e-03	7.35785e-01	-2.92008e+01
4	0	5	1	2	3	-4.02541e-03	6.86907e-01	-2.70312e+01
4	0	6	1	2	3	-4.16660e-03	7.08229e-01	-2.81512e+01
4	0	7	1	2	3	-3.93117e-03	6.84759e-01	-2.69101e+01
4	0	8	1	2	3	-4.14423e-03	6.96902e-01	-2.65883e+01
4	0	9	1	2	3	-2.83372e-03	5.62925e-01	-2.20787e+01
4	0	10	1	2	3	-4.07944e-03	7.09420e-01	-2.75603e+01
4	0	11	1	2	3	-3.50961e-03	6.50113e-01	-2.64167e+01
4	0	12	1	2	3	-3.52415e-03	6.49734e-01	-2.67232e+01
4	0	13	1	2	3	-4.13420e-03	7.26957e-01	-2.99675e+01
4	0	14	1	2	3	-4.90315e-03	8.27563e-01	-3.35630e+01
4	0	15	1	2	3	-4.73048e-03	8.13189e-01	-3.31901e+01
#######################################################################
# PVAC                                                                #
#######################################################################
5	0	0	0	1	3	0.00000e+00	0.00000e+00	0.00000e+00
#######################################################################
# FAC                                                                 #
#######################################################################
6	0	0	0	1	3	0.00000e+00	0.00000e+00	0.00000e+00
#######################################################################
# SCH                                                                 #
#######################################################################
#7	0	0	0	2	3	-0.00500000	0.821213	-32.185321
#7	0	1	0	2	3	-0.00500000	0.830248	-32.269563
#7	0	2	0	2	3	-0.00500000	0.793073	-29.315934
#7	0	3	0	2	3	-0.00500000	0.772144	-28.276705
#7	0	4	0	2	3	-0.00500000	0.801968	-30.687167
#7	0	5	0	2	3	-0.00500000	0.778300	-28.439251
#7	0	6	0	2	3	-0.00500000	0.765872	-27.918181
#7	0	7	0	2	3	-0.00500000	0.738459	-26.016797
#7	0	8	0	2	3	-0.00500000	0.778318	-28.676371
#7	0	9	0	2	3	-0.00500000	0.776670	-28.892887
#7	0	10	0	2	3	-0.00500000	0.764278	-28.122474
#7	0	11	0	2	3	-0.00500000	0.790742	-29.423647
#7	0	12	0	2	3	-0.00500000	0.811330	-30.487019
#7	0	13	0	2	3	-0.00500000	0.818750	-30.891512
#7	0	14	0	2	3	-0.00500000	0.802541	-30.009136
#7	0	15	0	2	3	-0.00500000	0.809525	-30.751746
#7	0	16	0	2	3	-0.00500000	0.802597	-30.845509
#7	0	17	0	2	3	-0.00500000	0.835028	-32.780792
#7	0	18	0	2	3	-0.00500000	0.859176	-33.938731
#7	0	19	0	2	3	-0.00500000	0.814851	-31.445396
#7	0	20	0	2	3	-0.00500000	0.809426	-30.781087
#7	0	21	0	2	3	-0.00500000	0.780678	-28.888756
#7	0	22	0	2	3	-0.00500000	0.808206	-30.719604
#7	0	23	0	2	3	-0.00500000	0.774024	-27.858339
#7	0	24	0	2	3	-0.00500000	0.794308	-29.022101
#7	0	25	0	2	3	-0.00500000	0.775649	-27.980186
#7	0	26	0	2	3	-0.00500000	0.788483	-28.687567
#7	0	27	0	2	3	-0.00466315	0.771386	-29.253260
#7	0	28	0	2	3	-0.00483132	0.790854	-28.637741
#7	0	29	0	2	3	-0.00497049	0.812994	-30.786914
#7	0	30	0	2	3	-0.00500000	0.787793	-28.362716
#7	0	31	0	2	3	-0.00500000	0.790759	-28.876812
#7	0	32	0	2	3	-0.00500000	0.824826	-31.655285
#7	0	33	0	2	3	-0.00500000	0.845304	-33.407765
#7	0	34	0	2	3	-0.00500000	0.832263	-32.939799
#7	0	35	0	2	3	-0.00500000	0.820631	-31.695372
#7	0	36	0	2	3	-0.00500000	0.836997	-33.200590
#7	0	37	0	2	3	-0.00500000	0.819690	-32.097193
#7	0	38	0	2	3	-0.00500000	0.808109	-31.263214
#7	0	39	0	2	3	-0.00500000	0.815224	-31.135523
#7	0	40	0	2	3	-0.00500000	0.803398	-29.897923
#7	0	41	0	2	3	-0.00500000	0.815685	-31.165519
#7	0	42	0	2	3	-0.00500000	0.812980	-30.737261
#7	0	43	0	2	3	-0.00500000	0.829418	-32.693307
#7	0	44	0	2	3	-0.00500000	0.789530	-29.464920
#7	0	45	0	2	3	-0.00500000	0.804789	-31.208151
#7	0	46	0	2	3	-0.00500000	0.830106	-32.806514
#7	0	47	0	2	3	-0.00500000	0.819206	-31.373242
#7	0	48	0	2	3	-0.00500000	0.816165	-31.709319
#7	0	49	0	2	3	-0.00500000	0.798496	-30.201709
#7	0	50	0	2	3	-0.00500000	0.812167	-31.795745
#7	0	51	0	2	3	-0.00500000	0.810749	-31.375226
#7	0	52	0	2	3	-0.00500000	0.803385	-31.372512
#7	0	53	0	2	3	-0.00500000	0.777405	-29.262831
#7	0	54	0	2	3	-0.00500000	0.783954	-29.763410
#7	0	55	0	2	3	-0.00500000	0.789443	-29.976449
#7	0	56	0	2	3	-0.00500000	0.838828	-33.261086
#7	0	57	0	2	3	-0.00500000	0.804421	-30.573195
#7	0	58	0	2	3	-0.00500000	0.773283	-29.111048
#7	0	59	0	2	3	-0.00500000	0.811789	-31.449459
#7	0	60	0	2	3	-0.00500000	0.759724	-28.110014
#7	0	61	0	2	3	-0.00500000	0.810884	-31.379063
#7	0	62	0	2	3	-0.00500000	0.771910	-28.435006
#7	0	63	0	2	3	-0.00500000	0.796658	-30.511906
#######################################################################
# TOF Up                                                              #
#######################################################################
7	0	0	0	1	3	5.24830e+00	-1.96630e+00	2.96170e+00
7	0	1	0	1	3	5.24830e+00	-1.96630e+00	2.96170e+00
7	0	2	0	1	3	5.24830e+00	-1.96630e+00	2.96170e+00
7	0	3	0	1	3	5.24830e+00	-1.96630e+00	2.96170e+00
7	0	4	0	1	3	5.24830e+00	-1.96630e+00	2.96170e+00
7	0	5	0	1	3	5.24830e+00	-1.96630e+00	2.96170e+00
7	0	6	0	1	3	6.97090e+00	-3.03520e+00	3.39910e+00
7	0	7	0	1	3	4.05450e+00	-1.96150e+00	2.30360e+00
7	0	8	0	1	3	1.16940e+02	-2.98600e+01	2.09880e+01
7	0	9	0	1	3	5.24830e+00	-1.96630e+00	2.96170e+00
7	0	10	0	1	3	5.24830e+00	-1.96630e+00	2.96170e+00
7	0	11	0	1	3	5.24830e+00	-1.96630e+00	2.96170e+00
7	0	12	0	1	3	5.24830e+00	-1.96630e+00	2.96170e+00
7	0	13	0	1	3	5.24830e+00	-1.96630e+00	2.96170e+00
7	0	14	0	1	3	5.24830e+00	-1.96630e+00	2.96170e+00
7	0	15	0	1	3	5.24830e+00	-1.96630e+00	2.96170e+00
7	0	16	0	1	3	5.24830e+00	-1.96630e+00	2.96170e+00
7	0	17	0	1	3	5.24830e+00	-1.96630e+00	2.96170e+00
7	0	18	0	1	3	5.24830e+00	-1.96630e+00	2.96170e+00
7	0	19	0	1	3	7.11491e-01	1.85180e-03	5.82402e-01
7	0	20	0	1	3	5.59404e-01	-1.73810e-03	4.50716e-01
7	0	21	0	1	3	8.92499e-01	1.99900e-03	7.37364e-01
7	0	22	0	1	3	6.37553e-01	1.99960e-03	5.45449e-01
7	0	23	0	1	3	1.19210e+00	1.98920e-03	9.99994e-01
#######################################################################
# TOF Down                                                            #
#######################################################################
7	0	0	1	1	3	5.84300e+00	-2.30730e+00	3.11320e+00
7	0	1	1	1	3	5.84300e+00	-2.30730e+00	3.11320e+00
7	0	2	1	1	3	5.84300e+00	-2.30730e+00	3.11320e+00
7	0	3	1	1	3	5.84300e+00	-2.30730e+00	3.11320e+00
7	0	4	1	1	3	5.84300e+00	-2.30730e+00	3.11320e+00
7	0	5	1	1	3	5.84300e+00	-2.30730e+00	3.11320e+00
7	0	6	1	1	3	1.41330e+01	-5.81170e+00	5.32680e+00
7	0	7	1	1	3	7.84850e+01	-2.02870e+01	1.69500e+01
7	0	8	1	1	3	2.20240e+02	-3.62440e+01	3.60080e+01
7	0	9	1	1	3	5.84300e+00	-2.30730e+00	3.11320e+00
7	0	10	1	1	3	5.84300e+00	-2.30730e+00	3.11320e+00
7	0	11	1	1	3	5.84300e+00	-2.30730e+00	3.11320e+00
7	0	12	1	1	3	5.84300e+00	-2.30730e+00	3.11320e+00
7	0	13	1	1	3	5.84300e+00	-2.30730e+00	3.11320e+00
7	0	14	1	1	3	5.84300e+00	-2.30730e+00	3.11320e+00
7	0	15	1	1	3	5.84300e+00	-2.30730e+00	3.11320e+00
7	0	16	1	1	3	5.84300e+00	-2.30730e+00	3.11320e+00
7	0	17	1	1	3	5.84300e+00	-2.30730e+00	3.11320e+00
7	0	18	1	1	3	5.84300e+00	-2.30730e+00	3.11320e+00
7	0	19	1	1	3	6.18741e-01	1.99860e-03	4.90831e-01
7	0	20	1	1	3	5.75901e-01	1.04210e-03	4.72509e-01
7	0	21	1	1	3	9.41046e-01	1.99890e-03	7.79357e-01
7	0	22	1	1	3	4.84266e-01	-1.95590e-03	3.99786e-01
7	0	23	1	1	3	8.97714e-01	1.99860e-03	7.56300e-01
#######################################################################
# BFT U                                                               #
#######################################################################
110	0	0	0	2	3	5.81934e-04	-3.34403e-01	1.07475e+01
110	0	1	0	2	3	2.91757e-03	-4.85191e-01	1.31644e+01
110	0	2	0	2	3	3.78953e-03	-5.62005e-01	1.44959e+01
110	0	3	0	2	3	4.26834e-03	-5.94634e-01	1.41403e+01
110	0	4	0	2	3	4.10329e-03	-5.81296e-01	1.51293e+01
110	0	5	0	2	3	3.56034e-03	-5.22320e-01	1.41958e+01
110	0	6	0	2	3	4.28314e-03	-5.97432e-01	1.47844e+01
110	0	7	0	2	3	5.95747e-03	-7.07011e-01	1.74152e+01
110	0	8	0	2	3	3.74148e-03	-5.59358e-01	1.43473e+01
110	0	9	0	2	3	4.08111e-03	-5.73661e-01	1.59018e+01
110	0	10	0	2	3	4.34721e-03	-5.96422e-01	1.40764e+01
110	0	11	0	2	3	4.63571e-03	-6.10264e-01	1.64971e+01
110	0	12	0	2	3	3.51317e-03	-5.36857e-01	1.33362e+01
110	0	13	0	2	3	2.62036e-03	-4.63995e-01	1.38122e+01
110	0	14	0	2	3	3.99381e-03	-5.70154e-01	1.37296e+01
110	0	15	0	2	3	3.92575e-03	-5.73880e-01	1.60908e+01
110	0	16	0	2	3	3.83309e-03	-5.57036e-01	1.34136e+01
110	0	17	0	2	3	4.65723e-03	-6.11291e-01	1.60636e+01
110	0	18	0	2	3	4.07878e-03	-5.84141e-01	1.39812e+01
110	0	19	0	2	3	4.60468e-03	-6.16100e-01	1.43053e+01
110	0	20	0	2	3	3.44341e-03	-5.28080e-01	1.33712e+01
110	0	21	0	2	3	4.13781e-03	-5.80970e-01	1.69799e+01
110	0	22	0	2	3	3.56559e-03	-5.46380e-01	1.37132e+01
110	0	23	0	2	3	4.96366e-03	-6.30823e-01	1.64446e+01
110	0	24	0	2	3	4.34917e-03	-5.96706e-01	1.49654e+01
110	0	25	0	2	3	4.33336e-03	-5.86457e-01	1.61929e+01
110	0	26	0	2	3	3.93441e-03	-5.73515e-01	1.52520e+01
110	0	27	0	2	3	4.40254e-03	-5.86485e-01	1.54994e+01
110	0	28	0	2	3	3.10630e-03	-5.13125e-01	1.17478e+01
110	0	29	0	2	3	4.42156e-03	-5.88547e-01	1.51302e+01
110	0	30	0	2	3	4.08558e-03	-5.84835e-01	1.42818e+01
110	0	31	0	2	3	3.65904e-03	-5.45755e-01	1.50572e+01
110	0	32	0	2	3	4.12940e-03	-5.89109e-01	1.46638e+01
110	0	33	0	2	3	4.81949e-03	-5.99040e-01	1.39611e+01
110	0	34	0	2	3	4.47478e-03	-6.05032e-01	1.45562e+01
110	0	35	0	2	3	4.28991e-03	-5.94038e-01	1.58399e+01
110	0	36	0	2	3	3.67521e-03	-5.40042e-01	1.32580e+01
110	0	37	0	2	3	3.75176e-03	-5.49552e-01	1.58966e+01
110	0	38	0	2	3	4.23364e-03	-5.84632e-01	1.36140e+01
110	0	39	0	2	3	4.30387e-03	-5.91098e-01	1.54822e+01
110	0	40	0	2	3	3.82524e-03	-5.53137e-01	1.34202e+01
110	0	41	0	2	3	4.09913e-03	-5.69401e-01	1.60477e+01
110	0	42	0	2	3	4.30930e-03	-5.89744e-01	1.46391e+01
110	0	43	0	2	3	4.26491e-03	-5.93641e-01	1.62132e+01
110	0	44	0	2	3	4.15762e-03	-5.84658e-01	1.41922e+01
110	0	45	0	2	3	4.43003e-03	-5.91654e-01	1.59921e+01
110	0	46	0	2	3	4.52676e-03	-6.20332e-01	1.50781e+01
110	0	47	0	2	3	4.45415e-03	-6.09226e-01	1.75761e+01
110	0	48	0	2	3	3.62819e-03	-5.40911e-01	1.23413e+01
110	0	49	0	2	3	4.09131e-03	-5.72158e-01	1.61625e+01
110	0	50	0	2	3	4.67482e-03	-6.21284e-01	1.52210e+01
110	0	51	0	2	3	4.54742e-03	-6.05693e-01	1.56389e+01
110	0	52	0	2	3	3.92031e-03	-5.58904e-01	1.31772e+01
110	0	53	0	2	3	4.26492e-03	-5.81488e-01	1.50640e+01
110	0	54	0	2	3	4.43173e-03	-6.04181e-01	1.45260e+01
110	0	55	0	2	3	4.55892e-03	-6.10282e-01	1.66915e+01
110	0	56	0	2	3	4.14925e-03	-5.93277e-01	1.53495e+01
110	0	57	0	2	3	4.55498e-03	-6.06534e-01	1.62167e+01
110	0	58	0	2	3	4.22881e-03	-5.92934e-01	1.54217e+01
110	0	59	0	2	3	4.50010e-03	-6.19896e-01	1.68972e+01
110	0	60	0	2	3	3.66706e-03	-5.57527e-01	1.34319e+01
110	0	61	0	2	3	3.63881e-03	-5.39238e-01	1.47049e+01
110	0	62	0	2	3	4.98560e-03	-6.40707e-01	1.50061e+01
110	0	63	0	2	3	4.10662e-03	-5.81542e-01	1.45010e+01
110	0	64	0	2	3	3.87174e-03	-5.68967e-01	1.41890e+01
110	0	65	0	2	3	3.96548e-03	-5.72052e-01	1.53883e+01
110	0	66	0	2	3	4.57137e-03	-6.31859e-01	1.66323e+01
110	0	67	0	2	3	3.73603e-03	-5.56237e-01	1.52605e+01
110	0	68	0	2	3	4.02120e-03	-5.88607e-01	1.51126e+01
110	0	69	0	2	3	3.88928e-03	-5.60099e-01	1.46110e+01
110	0	70	0	2	3	4.48505e-03	-6.28066e-01	1.48138e+01
110	0	71	0	2	3	4.37453e-03	-6.02135e-01	1.58113e+01
110	0	72	0	2	3	3.89558e-03	-5.76428e-01	1.37072e+01
110	0	73	0	2	3	4.39871e-03	-6.03189e-01	1.51985e+01
110	0	74	0	2	3	4.58879e-03	-6.32642e-01	1.58180e+01
110	0	75	0	2	3	4.36503e-03	-5.96635e-01	1.53115e+01
110	0	76	0	2	3	3.63267e-03	-5.49528e-01	1.32499e+01
110	0	77	0	2	3	3.87214e-03	-5.64047e-01	1.51049e+01
110	0	78	0	2	3	4.35456e-03	-6.12450e-01	1.47482e+01
110	0	79	0	2	3	4.56104e-03	-6.11179e-01	1.55289e+01
110	0	80	0	2	3	4.25924e-03	-5.96059e-01	1.51417e+01
110	0	81	0	2	3	4.12978e-03	-5.72438e-01	1.48273e+01
110	0	82	0	2	3	4.37477e-03	-6.02456e-01	1.47845e+01
110	0	83	0	2	3	4.46296e-03	-6.09951e-01	1.54630e+01
110	0	84	0	2	3	3.91657e-03	-5.69643e-01	1.40939e+01
110	0	85	0	2	3	4.45981e-03	-6.03469e-01	1.57625e+01
110	0	86	0	2	3	4.75930e-03	-6.45627e-01	1.53459e+01
110	0	87	0	2	3	4.45743e-03	-6.15416e-01	1.63277e+01
110	0	88	0	2	3	3.95914e-03	-5.67715e-01	1.43833e+01
110	0	89	0	2	3	4.20231e-03	-5.88365e-01	1.51132e+01
110	0	90	0	2	3	4.24733e-03	-5.99808e-01	1.42387e+01
110	0	91	0	2	3	4.60902e-03	-6.23766e-01	1.53171e+01
110	0	92	0	2	3	3.88001e-03	-5.80160e-01	1.47331e+01
110	0	93	0	2	3	4.06284e-03	-5.74129e-01	1.45412e+01
110	0	94	0	2	3	4.64547e-03	-6.46189e-01	1.69526e+01
110	0	95	0	2	3	4.34960e-03	-6.04156e-01	1.58003e+01
110	0	96	0	2	3	3.99484e-03	-5.87607e-01	1.44833e+01
110	0	97	0	2	3	4.01042e-03	-5.72095e-01	1.52847e+01
110	0	98	0	2	3	4.35087e-03	-6.17448e-01	1.50450e+01
110	0	99	0	2	3	4.34950e-03	-5.97726e-01	1.54611e+01
110	0	100	0	2	3	4.00916e-03	-5.80778e-01	1.48220e+01
110	0	101	0	2	3	3.68977e-03	-5.51986e-01	1.48923e+01
110	0	102	0	2	3	4.39359e-03	-6.17236e-01	1.58268e+01
110	0	103	0	2	3	4.29033e-03	-5.99353e-01	1.53120e+01
110	0	104	0	2	3	4.40768e-03	-6.12783e-01	1.45410e+01
110	0	105	0	2	3	4.26309e-03	-5.88886e-01	1.49322e+01
110	0	106	0	2	3	4.51292e-03	-6.22048e-01	1.58089e+01
110	0	107	0	2	3	4.52168e-03	-6.11148e-01	1.49040e+01
110	0	108	0	2	3	3.77653e-03	-5.72195e-01	1.47496e+01
110	0	109	0	2	3	4.09969e-03	-5.84618e-01	1.48481e+01
110	0	110	0	2	3	4.53312e-03	-6.24080e-01	1.56097e+01
110	0	111	0	2	3	4.36754e-03	-6.13398e-01	1.55820e+01
110	0	112	0	2	3	4.53935e-03	-6.08652e-01	1.38990e+01
110	0	113	0	2	3	4.01176e-03	-5.75407e-01	1.46452e+01
110	0	114	0	2	3	4.44364e-03	-6.21514e-01	1.57706e+01
110	0	115	0	2	3	4.98406e-03	-6.43426e-01	1.57921e+01
110	0	116	0	2	3	3.52498e-03	-5.47430e-01	1.38066e+01
110	0	117	0	2	3	3.89393e-03	-5.71560e-01	1.56190e+01
110	0	118	0	2	3	3.69905e-03	-5.65337e-01	1.48730e+01
110	0	119	0	2	3	4.51795e-03	-6.07787e-01	1.42957e+01
110	0	120	0	2	3	4.25962e-03	-6.07653e-01	1.50636e+01
110	0	121	0	2	3	4.66230e-03	-6.13373e-01	1.38313e+01
110	0	122	0	2	3	4.63075e-03	-6.33561e-01	1.66667e+01
110	0	123	0	2	3	4.91658e-03	-6.48562e-01	1.63803e+01
110	0	124	0	2	3	3.77323e-03	-5.57641e-01	1.45769e+01
110	0	125	0	2	3	4.13553e-03	-5.63041e-01	1.22278e+01
110	0	126	0	2	3	3.73822e-03	-5.62296e-01	1.41761e+01
110	0	127	0	2	3	3.76097e-03	-5.55222e-01	1.42634e+01
110	0	128	0	2	3	3.81527e-03	-5.93917e-01	1.59525e+01
110	0	129	0	2	3	4.10049e-03	-6.12854e-01	1.60175e+01
110	0	130	0	2	3	4.99458e-03	-6.92542e-01	1.80542e+01
110	0	131	0	2	3	3.39234e-03	-5.39379e-01	1.45897e+01
110	0	132	0	2	3	4.72369e-03	-6.53218e-01	1.73059e+01
110	0	133	0	2	3	4.23430e-03	-6.04339e-01	1.58247e+01
110	0	134	0	2	3	2.65994e-03	-5.17229e-01	1.46007e+01
110	0	135	0	2	3	2.22827e-03	-4.65780e-01	1.28065e+01
110	0	136	0	2	3	2.81007e-03	-5.05569e-01	1.33806e+01
110	0	137	0	2	3	4.18936e-03	-6.12247e-01	1.64689e+01
110	0	138	0	2	3	5.02934e-04	-3.33084e-01	1.10852e+01
110	0	139	0	2	3	2.93164e-03	-5.19729e-01	1.32668e+01
110	0	140	0	2	3	7.79664e-03	-8.85846e-01	2.16728e+01
110	0	141	0	2	3	-4.48967e-03	2.83942e-02	3.66544e+00
110	0	142	0	2	3	2.26523e-03	-4.68828e-01	1.33046e+01
110	0	143	0	2	3	-1.68602e-03	-1.62125e-01	7.18570e+00
110	0	144	0	2	3	6.34195e-03	-7.67473e-01	1.77929e+01
110	0	145	0	2	3	3.56723e-03	-5.42991e-01	1.33413e+01
110	0	146	0	2	3	-1.34403e-02	7.11465e-01	-8.58534e+00
110	0	147	0	2	3	4.00772e-04	-3.31244e-01	1.12980e+01
110	0	148	0	2	3	2.86132e-03	-5.21767e-01	1.38790e+01
110	0	149	0	2	3	4.05835e-03	-5.87315e-01	1.54370e+01
110	0	150	0	2	3	5.38805e-03	-6.99409e-01	1.77762e+01
110	0	151	0	2	3	2.71767e-03	-4.92167e-01	1.36865e+01
110	0	152	0	2	3	1.44132e-03	-4.23371e-01	1.34542e+01
110	0	153	0	2	3	-5.62312e-04	-2.64475e-01	9.99506e+00
110	0	154	0	2	3	4.31658e-03	-6.11955e-01	1.53693e+01
110	0	155	0	2	3	3.91702e-03	-5.90021e-01	1.40170e+01
110	0	156	0	2	3	-6.73158e-05	-2.75912e-01	9.48908e+00
110	0	157	0	2	3	-1.99698e-03	-1.42263e-01	7.47225e+00
110	0	158	0	2	3	-1.67210e-02	9.57744e-01	-1.33293e+01
110	0	159	0	2	3	4.78964e-03	-6.51277e-01	1.64752e+01
#######################################################################
# BFT D                                                               #
#######################################################################
110	1	0	0	2	3	2.45974e-03	-4.66100e-01	1.45354e+01
110	1	1	0	2	3	2.70794e-03	-4.85249e-01	1.44286e+01
110	1	2	0	2	3	3.83053e-03	-5.72487e-01	1.55731e+01
110	1	3	0	2	3	3.84590e-03	-5.68322e-01	1.63407e+01
110	1	4	0	2	3	3.72140e-03	-5.66312e-01	1.55003e+01
110	1	5	0	2	3	4.01785e-03	-5.95337e-01	1.72063e+01
110	1	6	0	2	3	3.69341e-03	-5.65312e-01	1.43454e+01
110	1	7	0	2	3	4.65535e-03	-6.23478e-01	1.67981e+01
110	1	8	0	2	3	4.18344e-03	-5.98988e-01	1.63227e+01
110	1	9	0	2	3	2.52447e-03	-4.84320e-01	1.60085e+01
110	1	10	0	2	3	3.18498e-03	-5.27094e-01	1.48397e+01
110	1	11	0	2	3	3.49642e-03	-5.42828e-01	1.52304e+01
110	1	12	0	2	3	3.22608e-03	-5.31915e-01	1.43086e+01
110	1	13	0	2	3	3.36050e-03	-5.36961e-01	1.59726e+01
110	1	14	0	2	3	3.98044e-03	-5.89757e-01	1.51071e+01
110	1	15	0	2	3	3.42859e-03	-5.34102e-01	1.56669e+01
110	1	16	0	2	3	3.72584e-03	-5.62883e-01	1.48396e+01
110	1	17	0	2	3	4.22626e-03	-5.85855e-01	1.57337e+01
110	1	18	0	2	3	3.90300e-03	-5.70834e-01	1.42784e+01
110	1	19	0	2	3	3.85400e-03	-5.68034e-01	1.59724e+01
110	1	20	0	2	3	3.72071e-03	-5.70070e-01	1.53739e+01
110	1	21	0	2	3	3.34405e-03	-5.39045e-01	1.65626e+01
110	1	22	0	2	3	3.81719e-03	-5.67937e-01	1.48596e+01
110	1	23	0	2	3	4.05602e-03	-5.69221e-01	1.59699e+01
110	1	24	0	2	3	4.30826e-03	-6.07846e-01	1.65593e+01
110	1	25	0	2	3	3.57184e-03	-5.43040e-01	1.57625e+01
110	1	26	0	2	3	4.02119e-03	-5.92088e-01	1.52643e+01
110	1	27	0	2	3	3.96391e-03	-5.69083e-01	1.68869e+01
110	1	28	0	2	3	4.08478e-03	-5.88000e-01	1.60017e+01
110	1	29	0	2	3	3.78592e-03	-5.61918e-01	1.63326e+01
110	1	30	0	2	3	4.15228e-03	-5.93039e-01	1.54021e+01
110	1	31	0	2	3	4.08323e-03	-5.92915e-01	1.70836e+01
110	1	32	0	2	3	4.03973e-03	-5.91980e-01	1.67276e+01
110	1	33	0	2	3	3.31979e-03	-5.36070e-01	1.48627e+01
110	1	34	0	2	3	4.30205e-03	-5.96033e-01	1.49417e+01
110	1	35	0	2	3	4.63267e-03	-6.36782e-01	1.79052e+01
110	1	36	0	2	3	3.78116e-03	-5.63106e-01	1.56540e+01
110	1	37	0	2	3	3.67623e-03	-5.50115e-01	1.42218e+01
110	1	38	0	2	3	4.67388e-03	-6.28427e-01	1.69795e+01
110	1	39	0	2	3	4.23510e-03	-5.92241e-01	1.60183e+01
110	1	40	0	2	3	4.03717e-03	-5.75725e-01	1.46374e+01
110	1	41	0	2	3	3.72020e-03	-5.54842e-01	1.57705e+01
110	1	42	0	2	3	3.89526e-03	-5.66133e-01	1.50356e+01
110	1	43	0	2	3	4.26249e-03	-5.91880e-01	1.71274e+01
110	1	44	0	2	3	3.80309e-03	-5.70084e-01	1.48037e+01
110	1	45	0	2	3	3.71988e-03	-5.57194e-01	1.60442e+01
110	1	46	0	2	3	4.32615e-03	-6.08046e-01	1.54343e+01
110	1	47	0	2	3	4.09203e-03	-6.01733e-01	1.78072e+01
110	1	48	0	2	3	4.02204e-03	-5.79272e-01	1.55616e+01
110	1	49	0	2	3	3.73910e-03	-5.54705e-01	1.62155e+01
110	1	50	0	2	3	4.40678e-03	-6.11206e-01	1.51441e+01
110	1	51	0	2	3	4.16216e-03	-5.88593e-01	1.64959e+01
110	1	52	0	2	3	3.99392e-03	-5.87915e-01	1.50111e+01
110	1	53	0	2	3	3.69707e-03	-5.53737e-01	1.61523e+01
110	1	54	0	2	3	3.93896e-03	-5.83679e-01	1.59001e+01
110	1	55	0	2	3	4.35374e-03	-6.02140e-01	1.68285e+01
110	1	56	0	2	3	4.02687e-03	-5.98181e-01	1.53503e+01
110	1	57	0	2	3	4.00559e-03	-5.80659e-01	1.62321e+01
110	1	58	0	2	3	4.19693e-03	-6.10717e-01	1.74397e+01
110	1	59	0	2	3	4.31266e-03	-6.10808e-01	1.80529e+01
110	1	60	0	2	3	3.74521e-03	-5.68127e-01	1.54687e+01
110	1	61	0	2	3	4.18653e-03	-5.79596e-01	1.56492e+01
110	1	62	0	2	3	4.17979e-03	-5.95045e-01	1.48738e+01
110	1	63	0	2	3	4.13803e-03	-5.90637e-01	1.67253e+01
110	1	64	0	2	3	3.95247e-03	-5.84096e-01	1.61183e+01
110	1	65	0	2	3	4.19344e-03	-5.93206e-01	1.60393e+01
110	1	66	0	2	3	4.81218e-03	-6.51620e-01	1.60313e+01
110	1	67	0	2	3	4.42591e-03	-6.14333e-01	1.55532e+01
110	1	68	0	2	3	3.45991e-03	-5.38526e-01	1.36480e+01
110	1	69	0	2	3	3.99250e-03	-5.78298e-01	1.58260e+01
110	1	70	0	2	3	4.21847e-03	-6.01901e-01	1.61928e+01
110	1	71	0	2	3	4.28459e-03	-6.07839e-01	1.66382e+01
110	1	72	0	2	3	3.69697e-03	-5.59913e-01	1.49373e+01
110	1	73	0	2	3	3.95893e-03	-5.85766e-01	1.68025e+01
110	1	74	0	2	3	4.34471e-03	-6.05312e-01	1.48621e+01
110	1	75	0	2	3	4.33537e-03	-6.10575e-01	1.61151e+01
110	1	76	0	2	3	3.75476e-03	-5.63787e-01	1.48244e+01
110	1	77	0	2	3	3.96101e-03	-5.85939e-01	1.57357e+01
110	1	78	0	2	3	4.44315e-03	-6.16150e-01	1.50786e+01
110	1	79	0	2	3	4.34079e-03	-6.02903e-01	1.57798e+01
110	1	80	0	2	3	4.15094e-03	-5.85828e-01	1.49820e+01
110	1	81	0	2	3	4.34449e-03	-5.99168e-01	1.49850e+01
110	1	82	0	2	3	4.48890e-03	-6.16918e-01	1.65397e+01
110	1	83	0	2	3	4.41291e-03	-5.98515e-01	1.52939e+01
110	1	84	0	2	3	3.82241e-03	-5.57618e-01	1.40037e+01
110	1	85	0	2	3	4.05331e-03	-5.80862e-01	1.49849e+01
110	1	86	0	2	3	4.13887e-03	-5.95165e-01	1.59505e+01
110	1	87	0	2	3	4.33892e-03	-5.94508e-01	1.39338e+01
110	1	88	0	2	3	3.70114e-03	-5.61241e-01	1.51086e+01
110	1	89	0	2	3	4.22120e-03	-5.98540e-01	1.50056e+01
110	1	90	0	2	3	4.22193e-03	-5.97655e-01	1.48564e+01
110	1	91	0	2	3	4.05723e-03	-5.78671e-01	1.54277e+01
110	1	92	0	2	3	3.81930e-03	-5.64348e-01	1.47090e+01
110	1	93	0	2	3	4.19686e-03	-5.94353e-01	1.54738e+01
110	1	94	0	2	3	4.14474e-03	-6.00160e-01	1.61761e+01
110	1	95	0	2	3	4.26489e-03	-6.05044e-01	1.53861e+01
110	1	96	0	2	3	4.01528e-03	-5.77604e-01	1.45719e+01
110	1	97	0	2	3	4.15223e-03	-5.92704e-01	1.58727e+01
110	1	98	0	2	3	3.95187e-03	-5.99519e-01	1.65097e+01
110	1	99	0	2	3	4.27217e-03	-5.98887e-01	1.52648e+01
110	1	100	0	2	3	4.02025e-03	-5.72556e-01	1.50362e+01
110	1	101	0	2	3	3.93882e-03	-5.73196e-01	1.53328e+01
110	1	102	0	2	3	4.76429e-03	-6.45594e-01	1.63461e+01
110	1	103	0	2	3	4.40733e-03	-6.04527e-01	1.51900e+01
110	1	104	0	2	3	3.87733e-03	-5.72907e-01	1.50546e+01
110	1	105	0	2	3	3.95608e-03	-5.71302e-01	1.50020e+01
110	1	106	0	2	3	4.63084e-03	-6.30380e-01	1.68189e+01
110	1	107	0	2	3	4.72669e-03	-6.30686e-01	1.58689e+01
110	1	108	0	2	3	4.37902e-03	-6.10261e-01	1.64752e+01
110	1	109	0	2	3	3.66065e-03	-5.56731e-01	1.53746e+01
110	1	110	0	2	3	4.03594e-03	-5.87817e-01	1.52987e+01
110	1	111	0	2	3	4.44965e-03	-6.21798e-01	1.71234e+01
110	1	112	0	2	3	4.11090e-03	-5.90499e-01	1.51728e+01
110	1	113	0	2	3	3.81855e-03	-5.68111e-01	1.51378e+01
110	1	114	0	2	3	4.48720e-03	-6.23684e-01	1.56002e+01
110	1	115	0	2	3	4.69424e-03	-6.26722e-01	1.57875e+01
110	1	116	0	2	3	4.35695e-03	-6.12890e-01	1.58052e+01
110	1	117	0	2	3	3.94795e-03	-5.71456e-01	1.50104e+01
110	1	118	0	2	3	4.50020e-03	-6.11572e-01	1.47030e+01
110	1	119	0	2	3	4.29175e-03	-5.97803e-01	1.56577e+01
110	1	120	0	2	3	4.83890e-03	-6.48911e-01	1.62252e+01
110	1	121	0	2	3	4.28662e-03	-5.99674e-01	1.54111e+01
110	1	122	0	2	3	3.39655e-03	-5.45071e-01	1.56424e+01
110	1	123	0	2	3	4.39241e-03	-6.20857e-01	1.74808e+01
110	1	124	0	2	3	4.47438e-03	-6.02679e-01	1.47410e+01
110	1	125	0	2	3	3.84916e-03	-5.77458e-01	1.54810e+01
110	1	126	0	2	3	5.13027e-03	-6.59513e-01	1.65107e+01
110	1	127	0	2	3	4.25359e-03	-5.91145e-01	1.52405e+01
110	1	128	0	2	3	3.87202e-03	-6.03910e-01	1.64548e+01
110	1	129	0	2	3	3.91540e-03	-6.00176e-01	1.62804e+01
110	1	130	0	2	3	4.36320e-03	-6.25430e-01	1.57380e+01
110	1	131	0	2	3	3.65371e-03	-5.59320e-01	1.48140e+01
110	1	132	0	2	3	3.33499e-03	-5.53326e-01	1.55439e+01
110	1	133	0	2	3	2.97176e-03	-5.16893e-01	1.39775e+01
110	1	134	0	2	3	4.02348e-03	-6.04413e-01	1.63861e+01
110	1	135	0	2	3	4.61645e-03	-6.28179e-01	1.62203e+01
110	1	136	0	2	3	1.85278e-03	-4.40689e-01	1.36727e+01
110	1	137	0	2	3	3.76169e-03	-5.75509e-01	1.54690e+01
110	1	138	0	2	3	2.57143e-03	-4.98741e-01	1.40316e+01
110	1	139	0	2	3	5.12258e-03	-6.68507e-01	1.72021e+01
110	1	140	0	2	3	5.18224e-03	-6.67557e-01	1.64630e+01
110	1	141	0	2	3	4.78327e-03	-6.35395e-01	1.58009e+01
110	1	142	0	2	3	3.34059e-03	-5.24372e-01	1.35828e+01
110	1	143	0	2	3	-7.89269e-04	-2.23573e-01	9.10720e+00
110	1	144	0	2	3	2.47994e-03	-4.88706e-01	1.47392e+01
110	1	145	0	2	3	5.11715e-03	-6.50894e-01	1.62025e+01
110	1	146	0	2	3	4.05974e-03	-5.88871e-01	1.51022e+01
110	1	147	0	2	3	3.49055e-03	-5.55840e-01	1.39973e+01
110	1	148	0	2	3	4.64037e-03	-6.41736e-01	1.58191e+01
110	1	149	0	2	3	5.66603e-03	-6.98985e-01	1.76966e+01
110	1	150	0	2	3	2.53737e-03	-4.84923e-01	1.40637e+01
110	1	151	0	2	3	1.41027e-03	-4.19569e-01	1.27772e+01
110	1	152	0	2	3	-4.17138e-03	3.14312e-02	4.76093e+00
110	1	153	0	2	3	-1.55006e-02	9.33609e-01	-1.31414e+01
110	1	154	0	2	3	5.28960e-03	-6.88286e-01	1.76938e+01
110	1	155	0	2	3	6.09280e-03	-7.28751e-01	1.65574e+01
110	1	156	0	2	3	4.84163e-03	-6.63580e-01	1.72827e+01
110	1	157	0	2	3	4.92378e-03	-6.36402e-01	1.67362e+01
110	1	158	0	2	3	7.73838e-04	-3.75181e-01	1.26773e+01
110	1	159	0	2	3	-2.78525e-02	1.76293e+00	-2.61196e+01
