##
#  file: HodoPHCParam_Dummy
#  date: 2016.06.15
#  note: first version
#
#
#######################################################################
# CId	PlId	Seg	UorD	Type	nParam	p0	p1	...
#
#	Type=0 no correction will be performed
#	Type=1 ct=t-p[0]/sqrt(a-p[1])+p[2]
#	Type=2 ct=p[0]*a*a + p[1]*a + p[2] for Fiber
#
#######################################################################
# BH1 Up                                                              #
#######################################################################
1	0	0	0	1	3	5.08705e+00	-1.98362e+00	2.93454e+00
1	0	1	0	1	3	6.69706e-01	2.91546e-01	8.10244e-01
1	0	2	0	1	3	5.01779e-01	3.94271e-01	6.64278e-01
1	0	3	0	1	3	7.45330e-01	1.66754e-01	8.56036e-01
1	0	4	0	1	3	8.52890e-01	8.60054e-02	9.27134e-01
1	0	5	0	1	3	1.69981e+00	-1.50393e-01	1.62794e+00
1	0	6	0	1	3	1.58582e+00	-2.35346e-01	1.46587e+00
1	0	7	0	1	3	1.61970e+00	-1.46184e-01	1.54504e+00
1	0	8	0	1	3	1.37546e+00	-2.52696e-01	1.28233e+00
1	0	9	0	1	3	1.74814e+00	-2.76223e-01	1.64100e+00
1	0	10	0	1	3	1.60339e+01	-4.62629e+00	6.81205e+00
#######################################################################
# BH1 Down                                                            #
#######################################################################
1	0	0	1	1	3	1.33519e+00	-9.13138e-02	1.27257e+00
1	0	1	1	1	3	6.24909e-01	2.88647e-01	7.65429e-01
1	0	2	1	1	3	6.68954e-01	2.21542e-01	7.45264e-01
1	0	3	1	1	3	1.32364e+00	-4.57464e-01	1.08318e+00
1	0	4	1	1	3	1.18002e+00	-7.91080e-02	1.17008e+00
1	0	5	1	1	3	2.07299e+00	-4.79828e-01	1.70935e+00
1	0	6	1	1	3	1.96000e+00	-5.20196e-01	1.63958e+00
1	0	7	1	1	3	1.89852e+00	-4.50289e-01	1.60743e+00
1	0	8	1	1	3	1.02469e+00	-6.73213e-02	1.04734e+00
1	0	9	1	1	3	1.64894e+00	-1.85977e-01	1.61292e+00
1	0	10	1	1	3	7.15603e-01	2.22738e-01	8.54972e-01
#######################################################################
# BH2 Up                                                              #
#######################################################################
2	0	0	0	1	3	1.43047e-01	2.98695e-01	2.00085e-01
2	0	1	0	1	3	8.79554e-01	-2.31747e-01	7.85839e-01
2	0	2	0	1	3	5.94572e-01	-4.97541e-01	4.68956e-01
2	0	3	0	1	3	1.91725e-01	3.94747e-02	1.91115e-01
2	0	4	0	1	3	3.31184e-01	-9.38469e-02	3.15823e-01
2	0	5	0	1	3	1.99769e-01	2.70254e-01	2.37321e-01
2	0	6	0	1	3	2.58948e-01	2.41832e-01	3.10133e-01
2	0	7	0	1	3	3.50426e-01	8.80094e-02	3.70898e-01
#######################################################################
# BH2 Down                                                            #
#######################################################################
2	0	0	1	1	3	3.94607e-01	-1.85207e-01	3.84440e-01
2	0	1	1	1	3	9.92155e-01	-3.85817e-01	8.32122e-01
2	0	2	1	1	3	4.10986e-01	-9.27803e-02	3.90143e-01
2	0	3	1	1	3	1.76416e-01	4.84160e-02	1.75490e-01
2	0	4	1	1	3	2.42956e-01	1.23979e-01	2.64593e-01
2	0	5	1	1	3	3.57967e-01	4.32013e-02	3.63973e-01
2	0	6	1	1	3	1.22093e+00	-6.67168e-01	9.30075e-01
2	0	7	1	1	3	2.92156e-01	-4.36810e-03	2.98702e-01
#######################################################################
# BAC                                                                 #
#######################################################################
3	0	0	0	1	3	0.00000e+00	0.00000e+00	0.00000e+00
3	0	1	0	1	3	0.00000e+00	0.00000e+00	0.00000e+00
#######################################################################
# FBH Up                                                              #
#######################################################################
4	0	0	0	2	3	-5.62952e-03	8.96903e-01	-3.53273e+01
4	0	1	0	2	3	-4.29399e-03	7.37975e-01	-3.00049e+01
4	0	2	0	2	3	-5.26894e-03	8.67305e-01	-3.38992e+01
4	0	3	0	2	3	-3.80183e-03	6.69237e-01	-2.72260e+01
4	0	4	0	2	3	-4.35014e-03	7.35785e-01	-2.92008e+01
4	0	5	0	2	3	-4.02541e-03	6.86907e-01	-2.70312e+01
4	0	6	0	2	3	-4.16660e-03	7.08229e-01	-2.81512e+01
4	0	7	0	2	3	-3.93117e-03	6.84759e-01	-2.69101e+01
4	0	8	0	2	3	-4.14423e-03	6.96902e-01	-2.65883e+01
4	0	9	0	2	3	-2.83372e-03	5.62925e-01	-2.20787e+01
4	0	10	0	2	3	-4.07944e-03	7.09420e-01	-2.75603e+01
4	0	11	0	2	3	-3.50961e-03	6.50113e-01	-2.64167e+01
4	0	12	0	2	3	-3.52415e-03	6.49734e-01	-2.67232e+01
4	0	13	0	2	3	-4.13420e-03	7.26957e-01	-2.99675e+01
4	0	14	0	2	3	-4.90315e-03	8.27563e-01	-3.35630e+01
4	0	15	0	2	3	-4.73048e-03	8.13189e-01	-3.31901e+01
#######################################################################
# FBH Down                                                            #
#######################################################################
4	0	0	1	2	3	-5.62952e-03	8.96903e-01	-3.53273e+01
4	0	1	1	2	3	-4.29399e-03	7.37975e-01	-3.00049e+01
4	0	2	1	2	3	-5.26894e-03	8.67305e-01	-3.38992e+01
4	0	3	1	2	3	-3.80183e-03	6.69237e-01	-2.72260e+01
4	0	4	1	2	3	-4.35014e-03	7.35785e-01	-2.92008e+01
4	0	5	1	2	3	-4.02541e-03	6.86907e-01	-2.70312e+01
4	0	6	1	2	3	-4.16660e-03	7.08229e-01	-2.81512e+01
4	0	7	1	2	3	-3.93117e-03	6.84759e-01	-2.69101e+01
4	0	8	1	2	3	-4.14423e-03	6.96902e-01	-2.65883e+01
4	0	9	1	2	3	-2.83372e-03	5.62925e-01	-2.20787e+01
4	0	10	1	2	3	-4.07944e-03	7.09420e-01	-2.75603e+01
4	0	11	1	2	3	-3.50961e-03	6.50113e-01	-2.64167e+01
4	0	12	1	2	3	-3.52415e-03	6.49734e-01	-2.67232e+01
4	0	13	1	2	3	-4.13420e-03	7.26957e-01	-2.99675e+01
4	0	14	1	2	3	-4.90315e-03	8.27563e-01	-3.35630e+01
4	0	15	1	2	3	-4.73048e-03	8.13189e-01	-3.31901e+01
#######################################################################
# PVAC                                                                #
#######################################################################
5	0	0	0	1	3	0.00000e+00	0.00000e+00	0.00000e+00
#######################################################################
# FAC                                                                 #
#######################################################################
6	0	0	0	1	3	0.00000e+00	0.00000e+00	0.00000e+00
#######################################################################
# SCH                                                                 #
#######################################################################
#7	0	0	0	2	3	-0.00500000	0.821213	-32.185321
#7	0	1	0	2	3	-0.00500000	0.830248	-32.269563
#7	0	2	0	2	3	-0.00500000	0.793073	-29.315934
#7	0	3	0	2	3	-0.00500000	0.772144	-28.276705
#7	0	4	0	2	3	-0.00500000	0.801968	-30.687167
#7	0	5	0	2	3	-0.00500000	0.778300	-28.439251
#7	0	6	0	2	3	-0.00500000	0.765872	-27.918181
#7	0	7	0	2	3	-0.00500000	0.738459	-26.016797
#7	0	8	0	2	3	-0.00500000	0.778318	-28.676371
#7	0	9	0	2	3	-0.00500000	0.776670	-28.892887
#7	0	10	0	2	3	-0.00500000	0.764278	-28.122474
#7	0	11	0	2	3	-0.00500000	0.790742	-29.423647
#7	0	12	0	2	3	-0.00500000	0.811330	-30.487019
#7	0	13	0	2	3	-0.00500000	0.818750	-30.891512
#7	0	14	0	2	3	-0.00500000	0.802541	-30.009136
#7	0	15	0	2	3	-0.00500000	0.809525	-30.751746
#7	0	16	0	2	3	-0.00500000	0.802597	-30.845509
#7	0	17	0	2	3	-0.00500000	0.835028	-32.780792
#7	0	18	0	2	3	-0.00500000	0.859176	-33.938731
#7	0	19	0	2	3	-0.00500000	0.814851	-31.445396
#7	0	20	0	2	3	-0.00500000	0.809426	-30.781087
#7	0	21	0	2	3	-0.00500000	0.780678	-28.888756
#7	0	22	0	2	3	-0.00500000	0.808206	-30.719604
#7	0	23	0	2	3	-0.00500000	0.774024	-27.858339
#7	0	24	0	2	3	-0.00500000	0.794308	-29.022101
#7	0	25	0	2	3	-0.00500000	0.775649	-27.980186
#7	0	26	0	2	3	-0.00500000	0.788483	-28.687567
#7	0	27	0	2	3	-0.00466315	0.771386	-29.253260
#7	0	28	0	2	3	-0.00483132	0.790854	-28.637741
#7	0	29	0	2	3	-0.00497049	0.812994	-30.786914
#7	0	30	0	2	3	-0.00500000	0.787793	-28.362716
#7	0	31	0	2	3	-0.00500000	0.790759	-28.876812
#7	0	32	0	2	3	-0.00500000	0.824826	-31.655285
#7	0	33	0	2	3	-0.00500000	0.845304	-33.407765
#7	0	34	0	2	3	-0.00500000	0.832263	-32.939799
#7	0	35	0	2	3	-0.00500000	0.820631	-31.695372
#7	0	36	0	2	3	-0.00500000	0.836997	-33.200590
#7	0	37	0	2	3	-0.00500000	0.819690	-32.097193
#7	0	38	0	2	3	-0.00500000	0.808109	-31.263214
#7	0	39	0	2	3	-0.00500000	0.815224	-31.135523
#7	0	40	0	2	3	-0.00500000	0.803398	-29.897923
#7	0	41	0	2	3	-0.00500000	0.815685	-31.165519
#7	0	42	0	2	3	-0.00500000	0.812980	-30.737261
#7	0	43	0	2	3	-0.00500000	0.829418	-32.693307
#7	0	44	0	2	3	-0.00500000	0.789530	-29.464920
#7	0	45	0	2	3	-0.00500000	0.804789	-31.208151
#7	0	46	0	2	3	-0.00500000	0.830106	-32.806514
#7	0	47	0	2	3	-0.00500000	0.819206	-31.373242
#7	0	48	0	2	3	-0.00500000	0.816165	-31.709319
#7	0	49	0	2	3	-0.00500000	0.798496	-30.201709
#7	0	50	0	2	3	-0.00500000	0.812167	-31.795745
#7	0	51	0	2	3	-0.00500000	0.810749	-31.375226
#7	0	52	0	2	3	-0.00500000	0.803385	-31.372512
#7	0	53	0	2	3	-0.00500000	0.777405	-29.262831
#7	0	54	0	2	3	-0.00500000	0.783954	-29.763410
#7	0	55	0	2	3	-0.00500000	0.789443	-29.976449
#7	0	56	0	2	3	-0.00500000	0.838828	-33.261086
#7	0	57	0	2	3	-0.00500000	0.804421	-30.573195
#7	0	58	0	2	3	-0.00500000	0.773283	-29.111048
#7	0	59	0	2	3	-0.00500000	0.811789	-31.449459
#7	0	60	0	2	3	-0.00500000	0.759724	-28.110014
#7	0	61	0	2	3	-0.00500000	0.810884	-31.379063
#7	0	62	0	2	3	-0.00500000	0.771910	-28.435006
#7	0	63	0	2	3	-0.00500000	0.796658	-30.511906
#######################################################################
# TOF Up                                                              #
#######################################################################
7	0	0	0	1	3	5.24830e+00	-1.96630e+00	2.96170e+00
7	0	1	0	1	3	5.24830e+00	-1.96630e+00	2.96170e+00
7	0	2	0	1	3	5.24830e+00	-1.96630e+00	2.96170e+00
7	0	3	0	1	3	5.24830e+00	-1.96630e+00	2.96170e+00
7	0	4	0	1	3	5.24830e+00	-1.96630e+00	2.96170e+00
7	0	5	0	1	3	5.24830e+00	-1.96630e+00	2.96170e+00
7	0	6	0	1	3	6.97090e+00	-3.03520e+00	3.39910e+00
7	0	7	0	1	3	4.05450e+00	-1.96150e+00	2.30360e+00
7	0	8	0	1	3	1.16940e+02	-2.98600e+01	2.09880e+01
7	0	9	0	1	3	5.24830e+00	-1.96630e+00	2.96170e+00
7	0	10	0	1	3	5.24830e+00	-1.96630e+00	2.96170e+00
7	0	11	0	1	3	5.24830e+00	-1.96630e+00	2.96170e+00
7	0	12	0	1	3	5.24830e+00	-1.96630e+00	2.96170e+00
7	0	13	0	1	3	5.24830e+00	-1.96630e+00	2.96170e+00
7	0	14	0	1	3	5.24830e+00	-1.96630e+00	2.96170e+00
7	0	15	0	1	3	5.24830e+00	-1.96630e+00	2.96170e+00
7	0	16	0	1	3	5.24830e+00	-1.96630e+00	2.96170e+00
7	0	17	0	1	3	5.24830e+00	-1.96630e+00	2.96170e+00
7	0	18	0	1	3	5.24830e+00	-1.96630e+00	2.96170e+00
7	0	19	0	1	3	7.11491e-01	1.85180e-03	5.82402e-01
7	0	20	0	1	3	5.59404e-01	-1.73810e-03	4.50716e-01
7	0	21	0	1	3	8.92499e-01	1.99900e-03	7.37364e-01
7	0	22	0	1	3	6.37553e-01	1.99960e-03	5.45449e-01
7	0	23	0	1	3	1.19210e+00	1.98920e-03	9.99994e-01
#######################################################################
# TOF Down                                                            #
#######################################################################
7	0	0	1	1	3	5.84300e+00	-2.30730e+00	3.11320e+00
7	0	1	1	1	3	5.84300e+00	-2.30730e+00	3.11320e+00
7	0	2	1	1	3	5.84300e+00	-2.30730e+00	3.11320e+00
7	0	3	1	1	3	5.84300e+00	-2.30730e+00	3.11320e+00
7	0	4	1	1	3	5.84300e+00	-2.30730e+00	3.11320e+00
7	0	5	1	1	3	5.84300e+00	-2.30730e+00	3.11320e+00
7	0	6	1	1	3	1.41330e+01	-5.81170e+00	5.32680e+00
7	0	7	1	1	3	7.84850e+01	-2.02870e+01	1.69500e+01
7	0	8	1	1	3	2.20240e+02	-3.62440e+01	3.60080e+01
7	0	9	1	1	3	5.84300e+00	-2.30730e+00	3.11320e+00
7	0	10	1	1	3	5.84300e+00	-2.30730e+00	3.11320e+00
7	0	11	1	1	3	5.84300e+00	-2.30730e+00	3.11320e+00
7	0	12	1	1	3	5.84300e+00	-2.30730e+00	3.11320e+00
7	0	13	1	1	3	5.84300e+00	-2.30730e+00	3.11320e+00
7	0	14	1	1	3	5.84300e+00	-2.30730e+00	3.11320e+00
7	0	15	1	1	3	5.84300e+00	-2.30730e+00	3.11320e+00
7	0	16	1	1	3	5.84300e+00	-2.30730e+00	3.11320e+00
7	0	17	1	1	3	5.84300e+00	-2.30730e+00	3.11320e+00
7	0	18	1	1	3	5.84300e+00	-2.30730e+00	3.11320e+00
7	0	19	1	1	3	6.18741e-01	1.99860e-03	4.90831e-01
7	0	20	1	1	3	5.75901e-01	1.04210e-03	4.72509e-01
7	0	21	1	1	3	9.41046e-01	1.99890e-03	7.79357e-01
7	0	22	1	1	3	4.84266e-01	-1.95590e-03	3.99786e-01
7	0	23	1	1	3	8.97714e-01	1.99860e-03	7.56300e-01
#######################################################################
# BFT U                                                               #
#######################################################################
110	0	0	0	2	3	1.84701e-03	-4.26324e-01	1.25361e+01
110	0	1	0	2	3	1.58289e-03	-3.82729e-01	1.13364e+01
110	0	2	0	2	3	4.09269e-03	-5.84509e-01	1.50076e+01
110	0	3	0	2	3	4.31034e-03	-6.03322e-01	1.44858e+01
110	0	4	0	2	3	3.82328e-03	-5.51996e-01	1.45757e+01
110	0	5	0	2	3	4.04390e-03	-5.72736e-01	1.55285e+01
110	0	6	0	2	3	4.50359e-03	-6.19801e-01	1.54017e+01
110	0	7	0	2	3	3.82052e-03	-5.51450e-01	1.47239e+01
110	0	8	0	2	3	3.32428e-03	-5.25152e-01	1.37460e+01
110	0	9	0	2	3	4.91398e-03	-6.42416e-01	1.74116e+01
110	0	10	0	2	3	3.77823e-03	-5.63209e-01	1.37136e+01
110	0	11	0	2	3	3.09093e-03	-4.92478e-01	1.43835e+01
110	0	12	0	2	3	3.14287e-03	-5.20060e-01	1.32852e+01
110	0	13	0	2	3	3.85415e-03	-5.50170e-01	1.54070e+01
110	0	14	0	2	3	3.51181e-03	-5.40198e-01	1.33968e+01
110	0	15	0	2	3	3.42507e-03	-5.30372e-01	1.52708e+01
110	0	16	0	2	3	3.75224e-03	-5.55118e-01	1.35599e+01
110	0	17	0	2	3	3.43711e-03	-5.21856e-01	1.45508e+01
110	0	18	0	2	3	4.10598e-03	-5.83035e-01	1.40103e+01
110	0	19	0	2	3	4.44630e-03	-6.06964e-01	1.42670e+01
110	0	20	0	2	3	4.07487e-03	-5.74745e-01	1.43454e+01
110	0	21	0	2	3	4.10742e-03	-5.77361e-01	1.69968e+01
110	0	22	0	2	3	4.74969e-03	-6.33349e-01	1.54064e+01
110	0	23	0	2	3	4.27107e-03	-5.82100e-01	1.57280e+01
110	0	24	0	2	3	4.47320e-03	-6.01099e-01	1.50622e+01
110	0	25	0	2	3	4.61263e-03	-6.01764e-01	1.64849e+01
110	0	26	0	2	3	4.14032e-03	-5.87749e-01	1.56145e+01
110	0	27	0	2	3	4.45414e-03	-5.93300e-01	1.57860e+01
110	0	28	0	2	3	3.77840e-03	-5.50827e-01	1.23021e+01
110	0	29	0	2	3	4.38598e-03	-5.87632e-01	1.52571e+01
110	0	30	0	2	3	4.17872e-03	-5.88397e-01	1.44035e+01
110	0	31	0	2	3	4.42418e-03	-5.97532e-01	1.60017e+01
110	0	32	0	2	3	3.87632e-03	-5.73305e-01	1.45272e+01
110	0	33	0	2	3	4.52009e-03	-5.81711e-01	1.38426e+01
110	0	34	0	2	3	4.58801e-03	-6.13911e-01	1.48396e+01
110	0	35	0	2	3	4.18519e-03	-5.86485e-01	1.58474e+01
110	0	36	0	2	3	4.01860e-03	-5.63175e-01	1.37566e+01
110	0	37	0	2	3	4.24696e-03	-5.89017e-01	1.67887e+01
110	0	38	0	2	3	4.20689e-03	-5.81635e-01	1.36265e+01
110	0	39	0	2	3	4.15888e-03	-5.77568e-01	1.52773e+01
110	0	40	0	2	3	4.04036e-03	-5.66302e-01	1.37174e+01
110	0	41	0	2	3	4.08526e-03	-5.69006e-01	1.61641e+01
110	0	42	0	2	3	4.26665e-03	-5.86573e-01	1.46863e+01
110	0	43	0	2	3	4.17807e-03	-5.89082e-01	1.62791e+01
110	0	44	0	2	3	3.94704e-03	-5.71250e-01	1.41069e+01
110	0	45	0	2	3	3.98834e-03	-5.61110e-01	1.55861e+01
110	0	46	0	2	3	4.30068e-03	-6.04361e-01	1.49081e+01
110	0	47	0	2	3	4.50453e-03	-6.12453e-01	1.77236e+01
110	0	48	0	2	3	3.73872e-03	-5.46260e-01	1.24963e+01
110	0	49	0	2	3	4.34464e-03	-5.93071e-01	1.67036e+01
110	0	50	0	2	3	4.80968e-03	-6.29339e-01	1.54301e+01
110	0	51	0	2	3	4.64186e-03	-6.11561e-01	1.58299e+01
110	0	52	0	2	3	3.66018e-03	-5.43409e-01	1.30719e+01
110	0	53	0	2	3	4.56283e-03	-6.03018e-01	1.55532e+01
110	0	54	0	2	3	4.49663e-03	-6.09545e-01	1.47405e+01
110	0	55	0	2	3	4.24234e-03	-5.87174e-01	1.63895e+01
110	0	56	0	2	3	3.94241e-03	-5.79176e-01	1.52185e+01
110	0	57	0	2	3	4.69294e-03	-6.14556e-01	1.64253e+01
110	0	58	0	2	3	4.27129e-03	-5.96178e-01	1.55856e+01
110	0	59	0	2	3	4.20086e-03	-5.99375e-01	1.66629e+01
110	0	60	0	2	3	4.09722e-03	-5.82725e-01	1.38795e+01
110	0	61	0	2	3	4.10536e-03	-5.71580e-01	1.53605e+01
110	0	62	0	2	3	4.83740e-03	-6.29898e-01	1.49146e+01
110	0	63	0	2	3	4.30911e-03	-5.96564e-01	1.48751e+01
110	0	64	0	2	3	4.00128e-03	-5.77384e-01	1.44227e+01
110	0	65	0	2	3	4.09020e-03	-5.77012e-01	1.55023e+01
110	0	66	0	2	3	4.37199e-03	-6.16148e-01	1.64215e+01
110	0	67	0	2	3	3.68272e-03	-5.51596e-01	1.52630e+01
110	0	68	0	2	3	3.95560e-03	-5.85300e-01	1.51822e+01
110	0	69	0	2	3	4.05244e-03	-5.72375e-01	1.49358e+01
110	0	70	0	2	3	4.58586e-03	-6.35938e-01	1.50691e+01
110	0	71	0	2	3	4.33553e-03	-6.01230e-01	1.59294e+01
110	0	72	0	2	3	3.73341e-03	-5.63123e-01	1.35431e+01
110	0	73	0	2	3	4.17639e-03	-5.90282e-01	1.51335e+01
110	0	74	0	2	3	4.70466e-03	-6.39239e-01	1.59969e+01
110	0	75	0	2	3	4.65991e-03	-6.16045e-01	1.57295e+01
110	0	76	0	2	3	3.88080e-03	-5.66538e-01	1.36188e+01
110	0	77	0	2	3	3.89390e-03	-5.64374e-01	1.51890e+01
110	0	78	0	2	3	4.37985e-03	-6.16264e-01	1.49413e+01
110	0	79	0	2	3	4.58538e-03	-6.11972e-01	1.56162e+01
110	0	80	0	2	3	4.02049e-03	-5.80666e-01	1.50108e+01
110	0	81	0	2	3	4.26645e-03	-5.81936e-01	1.50808e+01
110	0	82	0	2	3	4.31337e-03	-5.98457e-01	1.48233e+01
110	0	83	0	2	3	4.40016e-03	-6.03231e-01	1.53970e+01
110	0	84	0	2	3	3.99716e-03	-5.74490e-01	1.42742e+01
110	0	85	0	2	3	3.63817e-03	-5.45877e-01	1.48738e+01
110	0	86	0	2	3	4.59034e-03	-6.31384e-01	1.51663e+01
110	0	87	0	2	3	4.97370e-03	-6.51118e-01	1.70216e+01
110	0	88	0	2	3	3.78859e-03	-5.57989e-01	1.43689e+01
110	0	89	0	2	3	4.17313e-03	-5.86521e-01	1.51773e+01
110	0	90	0	2	3	4.34471e-03	-6.05931e-01	1.44167e+01
110	0	91	0	2	3	4.58164e-03	-6.23474e-01	1.54307e+01
110	0	92	0	2	3	4.25217e-03	-6.05932e-01	1.52519e+01
110	0	93	0	2	3	4.17570e-03	-5.84013e-01	1.48486e+01
110	0	94	0	2	3	4.53154e-03	-6.38097e-01	1.68942e+01
110	0	95	0	2	3	4.42930e-03	-6.10495e-01	1.60277e+01
110	0	96	0	2	3	4.17397e-03	-5.96500e-01	1.46699e+01
110	0	97	0	2	3	3.93382e-03	-5.67942e-01	1.53254e+01
110	0	98	0	2	3	4.41273e-03	-6.20520e-01	1.51640e+01
110	0	99	0	2	3	4.76000e-03	-6.25831e-01	1.60244e+01
110	0	100	0	2	3	3.86626e-03	-5.68717e-01	1.46696e+01
110	0	101	0	2	3	3.74244e-03	-5.56176e-01	1.50764e+01
110	0	102	0	2	3	4.87275e-03	-6.48315e-01	1.64158e+01
110	0	103	0	2	3	4.68066e-03	-6.26199e-01	1.58647e+01
110	0	104	0	2	3	4.08565e-03	-5.88495e-01	1.41981e+01
110	0	105	0	2	3	4.45949e-03	-6.03626e-01	1.53024e+01
110	0	106	0	2	3	4.28128e-03	-6.04667e-01	1.55888e+01
110	0	107	0	2	3	4.98194e-03	-6.41264e-01	1.54779e+01
110	0	108	0	2	3	3.91691e-03	-5.81056e-01	1.49874e+01
110	0	109	0	2	3	4.39352e-03	-6.04067e-01	1.52798e+01
110	0	110	0	2	3	4.16428e-03	-5.97961e-01	1.52463e+01
110	0	111	0	2	3	5.46087e-03	-6.89513e-01	1.69580e+01
110	0	112	0	2	3	3.67595e-03	-5.49355e-01	1.30037e+01
110	0	113	0	2	3	4.65298e-03	-6.17594e-01	1.54146e+01
110	0	114	0	2	3	4.29851e-03	-6.05043e-01	1.54558e+01
110	0	115	0	2	3	5.01306e-03	-6.44220e-01	1.59004e+01
110	0	116	0	2	3	3.99005e-03	-5.83549e-01	1.45875e+01
110	0	117	0	2	3	4.25838e-03	-5.94683e-01	1.60979e+01
110	0	118	0	2	3	4.23314e-03	-6.10616e-01	1.59126e+01
110	0	119	0	2	3	5.02711e-03	-6.37735e-01	1.47918e+01
110	0	120	0	2	3	4.03190e-03	-5.95822e-01	1.50510e+01
110	0	121	0	2	3	4.09325e-03	-5.73583e-01	1.32667e+01
110	0	122	0	2	3	4.61939e-03	-6.35314e-01	1.68778e+01
110	0	123	0	2	3	5.24133e-03	-6.62863e-01	1.65136e+01
110	0	124	0	2	3	4.60371e-03	-6.12574e-01	1.54911e+01
110	0	125	0	2	3	4.39754e-03	-5.83747e-01	1.26870e+01
110	0	126	0	2	3	4.33707e-03	-6.01745e-01	1.49163e+01
110	0	127	0	2	3	4.44492e-03	-6.03507e-01	1.51934e+01
110	0	128	0	2	3	4.37332e-03	-6.34941e-01	1.67526e+01
110	0	129	0	2	3	3.50349e-03	-5.76491e-01	1.55985e+01
110	0	130	0	2	3	-1.30602e-03	-2.04581e-01	8.80365e+00
110	0	131	0	2	3	2.91581e-03	-5.04670e-01	1.40225e+01
110	0	132	0	2	3	-1.38366e-03	-1.99882e-01	9.13001e+00
110	0	133	0	2	3	3.81595e-03	-5.70815e-01	1.52807e+01
110	0	134	0	2	3	3.40472e-03	-5.62498e-01	1.52801e+01
110	0	135	0	2	3	-3.95895e-03	1.93781e-03	4.16982e+00
110	0	136	0	2	3	3.92152e-03	-5.81537e-01	1.47791e+01
110	0	137	0	2	3	4.59347e-03	-6.37020e-01	1.68679e+01
110	0	138	0	2	3	-9.49161e-03	4.28986e-01	-3.32517e+00
110	0	139	0	2	3	3.39887e-03	-5.64325e-01	1.44276e+01
110	0	140	0	2	3	-1.52887e-03	-1.53792e-01	7.58663e+00
110	0	141	0	2	3	4.94342e-03	-6.64397e-01	1.62385e+01
110	0	142	0	2	3	3.53269e-03	-5.66850e-01	1.52500e+01
110	0	143	0	2	3	-6.76839e-04	-2.44004e-01	8.81167e+00
110	0	144	0	2	3	1.11016e-03	-3.82800e-01	1.10002e+01
110	0	145	0	2	3	2.24036e-03	-4.29283e-01	1.11661e+01
110	0	146	0	2	3	3.34994e-03	-5.61207e-01	1.53405e+01
110	0	147	0	2	3	2.04932e-03	-4.40615e-01	1.29420e+01
110	0	148	0	2	3	-2.73211e-03	-8.81594e-02	5.72850e+00
110	0	149	0	2	3	-6.39109e-03	2.26546e-01	-1.32881e-01
110	0	150	0	2	3	-4.48137e-03	3.21439e-02	4.60094e+00
110	0	151	0	2	3	6.40308e-03	-7.54840e-01	1.82226e+01
110	0	152	0	2	3	4.05562e-03	-5.77823e-01	1.55276e+01
110	0	153	0	2	3	2.46123e-03	-5.24970e-01	1.55603e+01
110	0	154	0	2	3	5.34703e-03	-6.89997e-01	1.69472e+01
110	0	155	0	2	3	2.09576e-03	-4.53029e-01	1.15856e+01
110	0	156	0	2	3	1.25603e-03	-3.86535e-01	1.19626e+01
110	0	157	0	2	3	2.94262e-03	-4.92912e-01	1.37064e+01
110	0	158	0	2	3	6.01614e-03	-7.61999e-01	1.87377e+01
110	0	159	0	2	3	1.18062e-02	-1.18804e+00	2.67221e+01
#######################################################################
# BFT D                                                               #
#######################################################################
110	1	0	0	2	3	2.65073e-03	-4.82117e-01	1.49085e+01
110	1	1	0	2	3	5.98467e-04	-3.23661e-01	1.14837e+01
110	1	2	0	2	3	2.99032e-03	-5.11532e-01	1.45806e+01
110	1	3	0	2	3	1.59202e-04	-2.97237e-01	1.15565e+01
110	1	4	0	2	3	4.35939e-03	-6.05090e-01	1.61435e+01
110	1	5	0	2	3	3.39300e-03	-5.37449e-01	1.60274e+01
110	1	6	0	2	3	4.28588e-03	-6.04264e-01	1.50673e+01
110	1	7	0	2	3	3.58318e-03	-5.43665e-01	1.54621e+01
110	1	8	0	2	3	3.94780e-03	-5.80577e-01	1.60787e+01
110	1	9	0	2	3	-9.62777e-04	-2.19340e-01	1.11860e+01
110	1	10	0	2	3	3.56976e-03	-5.51885e-01	1.53093e+01
110	1	11	0	2	3	4.15376e-03	-5.93214e-01	1.63222e+01
110	1	12	0	2	3	3.62787e-03	-5.58545e-01	1.48226e+01
110	1	13	0	2	3	3.46097e-03	-5.38233e-01	1.60169e+01
110	1	14	0	2	3	3.98082e-03	-5.89965e-01	1.52631e+01
110	1	15	0	2	3	4.10153e-03	-5.82010e-01	1.66301e+01
110	1	16	0	2	3	3.52560e-03	-5.49238e-01	1.47072e+01
110	1	17	0	2	3	3.35975e-03	-5.25344e-01	1.48170e+01
110	1	18	0	2	3	4.19370e-03	-5.92497e-01	1.47934e+01
110	1	19	0	2	3	3.31765e-03	-5.22821e-01	1.51504e+01
110	1	20	0	2	3	3.43146e-03	-5.51990e-01	1.52588e+01
110	1	21	0	2	3	3.28170e-03	-5.35079e-01	1.66443e+01
110	1	22	0	2	3	3.85949e-03	-5.67063e-01	1.49203e+01
110	1	23	0	2	3	4.19816e-03	-5.82694e-01	1.63805e+01
110	1	24	0	2	3	3.60432e-03	-5.54591e-01	1.56980e+01
110	1	25	0	2	3	3.89988e-03	-5.66002e-01	1.62819e+01
110	1	26	0	2	3	4.02259e-03	-5.89621e-01	1.52825e+01
110	1	27	0	2	3	4.22383e-03	-5.88240e-01	1.73448e+01
110	1	28	0	2	3	3.86566e-03	-5.77759e-01	1.60480e+01
110	1	29	0	2	3	3.60093e-03	-5.47790e-01	1.61640e+01
110	1	30	0	2	3	4.03026e-03	-5.85192e-01	1.54054e+01
110	1	31	0	2	3	4.06033e-03	-5.89669e-01	1.71187e+01
110	1	32	0	2	3	4.03991e-03	-5.90469e-01	1.67995e+01
110	1	33	0	2	3	3.16598e-03	-5.27385e-01	1.48635e+01
110	1	34	0	2	3	4.08648e-03	-5.83167e-01	1.48677e+01
110	1	35	0	2	3	4.43507e-03	-6.20550e-01	1.77002e+01
110	1	36	0	2	3	3.95567e-03	-5.74185e-01	1.59302e+01
110	1	37	0	2	3	3.77762e-03	-5.56485e-01	1.44320e+01
110	1	38	0	2	3	4.27280e-03	-6.01229e-01	1.66488e+01
110	1	39	0	2	3	4.48357e-03	-6.08990e-01	1.63992e+01
110	1	40	0	2	3	3.75969e-03	-5.57958e-01	1.45059e+01
110	1	41	0	2	3	4.16505e-03	-5.83430e-01	1.63104e+01
110	1	42	0	2	3	4.12166e-03	-5.81724e-01	1.54191e+01
110	1	43	0	2	3	4.18637e-03	-5.88720e-01	1.72250e+01
110	1	44	0	2	3	4.09061e-03	-5.91253e-01	1.53092e+01
110	1	45	0	2	3	3.58590e-03	-5.46060e-01	1.59492e+01
110	1	46	0	2	3	4.10683e-03	-5.90743e-01	1.52055e+01
110	1	47	0	2	3	4.06842e-03	-6.00410e-01	1.79228e+01
110	1	48	0	2	3	4.04649e-03	-5.79499e-01	1.56571e+01
110	1	49	0	2	3	3.83287e-03	-5.60257e-01	1.64037e+01
110	1	50	0	2	3	4.32216e-03	-6.01110e-01	1.50173e+01
110	1	51	0	2	3	4.07019e-03	-5.81117e-01	1.64634e+01
110	1	52	0	2	3	4.18083e-03	-6.03029e-01	1.54385e+01
110	1	53	0	2	3	4.12343e-03	-5.84279e-01	1.68075e+01
110	1	54	0	2	3	4.23407e-03	-6.05259e-01	1.64094e+01
110	1	55	0	2	3	4.17600e-03	-5.90896e-01	1.67781e+01
110	1	56	0	2	3	4.16933e-03	-6.06316e-01	1.55584e+01
110	1	57	0	2	3	4.11462e-03	-5.89183e-01	1.65174e+01
110	1	58	0	2	3	4.22173e-03	-6.13178e-01	1.76295e+01
110	1	59	0	2	3	4.76815e-03	-6.46035e-01	1.88470e+01
110	1	60	0	2	3	3.84990e-03	-5.75128e-01	1.57002e+01
110	1	61	0	2	3	4.28791e-03	-5.84948e-01	1.58226e+01
110	1	62	0	2	3	4.10020e-03	-5.87729e-01	1.48233e+01
110	1	63	0	2	3	4.52059e-03	-6.17800e-01	1.72968e+01
110	1	64	0	2	3	3.94075e-03	-5.82425e-01	1.61855e+01
110	1	65	0	2	3	4.37788e-03	-6.05757e-01	1.63618e+01
110	1	66	0	2	3	4.61288e-03	-6.37085e-01	1.58820e+01
110	1	67	0	2	3	4.56662e-03	-6.22281e-01	1.57748e+01
110	1	68	0	2	3	3.47201e-03	-5.38692e-01	1.37683e+01
110	1	69	0	2	3	4.03601e-03	-5.81950e-01	1.60323e+01
110	1	70	0	2	3	4.08612e-03	-5.91987e-01	1.61334e+01
110	1	71	0	2	3	4.58281e-03	-6.32129e-01	1.72391e+01
110	1	72	0	2	3	3.90797e-03	-5.72782e-01	1.52326e+01
110	1	73	0	2	3	3.92977e-03	-5.80216e-01	1.67434e+01
110	1	74	0	2	3	4.25298e-03	-5.99318e-01	1.48978e+01
110	1	75	0	2	3	4.37652e-03	-6.13586e-01	1.62756e+01
110	1	76	0	2	3	3.93807e-03	-5.75124e-01	1.51148e+01
110	1	77	0	2	3	3.93243e-03	-5.80462e-01	1.56859e+01
110	1	78	0	2	3	4.33407e-03	-6.09612e-01	1.51003e+01
110	1	79	0	2	3	4.25181e-03	-5.97597e-01	1.58190e+01
110	1	80	0	2	3	4.07202e-03	-5.82798e-01	1.51270e+01
110	1	81	0	2	3	4.04805e-03	-5.79584e-01	1.47963e+01
110	1	82	0	2	3	4.47824e-03	-6.15587e-01	1.66263e+01
110	1	83	0	2	3	4.54134e-03	-6.08504e-01	1.55944e+01
110	1	84	0	2	3	3.77533e-03	-5.54037e-01	1.40683e+01
110	1	85	0	2	3	4.12472e-03	-5.85401e-01	1.51894e+01
110	1	86	0	2	3	4.26550e-03	-6.05844e-01	1.63004e+01
110	1	87	0	2	3	4.22286e-03	-5.85375e-01	1.39025e+01
110	1	88	0	2	3	3.92491e-03	-5.76438e-01	1.54816e+01
110	1	89	0	2	3	3.91446e-03	-5.76517e-01	1.47448e+01
110	1	90	0	2	3	4.18482e-03	-5.96638e-01	1.49875e+01
110	1	91	0	2	3	4.11950e-03	-5.83176e-01	1.56422e+01
110	1	92	0	2	3	3.66690e-03	-5.52680e-01	1.46112e+01
110	1	93	0	2	3	4.14791e-03	-5.89267e-01	1.54552e+01
110	1	94	0	2	3	4.10602e-03	-5.93917e-01	1.61283e+01
110	1	95	0	2	3	4.37332e-03	-6.13378e-01	1.56446e+01
110	1	96	0	2	3	3.68099e-03	-5.57781e-01	1.44155e+01
110	1	97	0	2	3	4.01092e-03	-5.79809e-01	1.57310e+01
110	1	98	0	2	3	4.18729e-03	-6.14093e-01	1.68308e+01
110	1	99	0	2	3	4.25818e-03	-5.96118e-01	1.52950e+01
110	1	100	0	2	3	4.10264e-03	-5.74440e-01	1.51052e+01
110	1	101	0	2	3	3.61831e-03	-5.50456e-01	1.50771e+01
110	1	102	0	2	3	4.62580e-03	-6.33620e-01	1.62252e+01
110	1	103	0	2	3	4.38177e-03	-6.04693e-01	1.53509e+01
110	1	104	0	2	3	4.05168e-03	-5.83153e-01	1.53329e+01
110	1	105	0	2	3	3.87849e-03	-5.71445e-01	1.52305e+01
110	1	106	0	2	3	4.54772e-03	-6.23381e-01	1.67699e+01
110	1	107	0	2	3	4.38067e-03	-6.07063e-01	1.56000e+01
110	1	108	0	2	3	4.09830e-03	-5.86849e-01	1.61149e+01
110	1	109	0	2	3	4.08754e-03	-5.86791e-01	1.60033e+01
110	1	110	0	2	3	4.68120e-03	-6.35666e-01	1.62812e+01
110	1	111	0	2	3	4.98923e-03	-6.62343e-01	1.79835e+01
110	1	112	0	2	3	4.49565e-03	-6.13800e-01	1.56262e+01
110	1	113	0	2	3	3.89926e-03	-5.70568e-01	1.52350e+01
110	1	114	0	2	3	3.90771e-03	-5.80643e-01	1.49134e+01
110	1	115	0	2	3	4.44974e-03	-6.13094e-01	1.57437e+01
110	1	116	0	2	3	3.88642e-03	-5.81299e-01	1.54254e+01
110	1	117	0	2	3	3.94272e-03	-5.69536e-01	1.50723e+01
110	1	118	0	2	3	4.39569e-03	-6.14636e-01	1.50506e+01
110	1	119	0	2	3	4.52194e-03	-6.15338e-01	1.61141e+01
110	1	120	0	2	3	3.73028e-03	-5.62251e-01	1.46886e+01
110	1	121	0	2	3	3.83093e-03	-5.70794e-01	1.50786e+01
110	1	122	0	2	3	3.43593e-03	-5.51301e-01	1.59550e+01
110	1	123	0	2	3	2.68757e-03	-4.92858e-01	1.51995e+01
110	1	124	0	2	3	3.90463e-03	-5.65807e-01	1.42855e+01
110	1	125	0	2	3	3.83797e-03	-5.67039e-01	1.52314e+01
110	1	126	0	2	3	5.26817e-03	-6.79974e-01	1.72093e+01
110	1	127	0	2	3	4.14340e-03	-5.96645e-01	1.57259e+01
110	1	128	0	2	3	5.13208e-03	-6.93794e-01	1.82007e+01
110	1	129	0	2	3	5.30237e-03	-7.01827e-01	1.82388e+01
110	1	130	0	2	3	4.03047e-03	-6.01257e-01	1.53999e+01
110	1	131	0	2	3	5.15888e-03	-6.72038e-01	1.70034e+01
110	1	132	0	2	3	4.16826e-03	-6.09021e-01	1.65566e+01
110	1	133	0	2	3	3.58614e-03	-5.58141e-01	1.47742e+01
110	1	134	0	2	3	3.59262e-03	-5.66763e-01	1.57238e+01
110	1	135	0	2	3	4.01571e-03	-5.87660e-01	1.56911e+01
110	1	136	0	2	3	3.36937e-03	-5.53848e-01	1.58572e+01
110	1	137	0	2	3	4.68367e-03	-6.41081e-01	1.67156e+01
110	1	138	0	2	3	6.64595e-03	-7.87432e-01	1.91770e+01
110	1	139	0	2	3	5.05816e-03	-6.44881e-01	1.64857e+01
110	1	140	0	2	3	7.48411e-03	-8.43402e-01	1.99268e+01
110	1	141	0	2	3	5.62963e-03	-7.13433e-01	1.75965e+01
110	1	142	0	2	3	4.56725e-03	-6.44749e-01	1.64582e+01
110	1	143	0	2	3	5.92137e-05	-3.02855e-01	1.09454e+01
110	1	144	0	2	3	4.67587e-03	-6.50358e-01	1.79203e+01
110	1	145	0	2	3	4.14123e-03	-5.86333e-01	1.53208e+01
110	1	146	0	2	3	7.86014e-03	-8.98455e-01	2.15349e+01
110	1	147	0	2	3	3.94967e-03	-5.72130e-01	1.42053e+01
110	1	148	0	2	3	4.80163e-03	-6.53145e-01	1.62997e+01
110	1	149	0	2	3	6.22410e-03	-7.74341e-01	1.98908e+01
110	1	150	0	2	3	5.49733e-03	-7.08492e-01	1.83303e+01
110	1	151	0	2	3	3.65896e-03	-5.51626e-01	1.45312e+01
110	1	152	0	2	3	6.72447e-03	-7.88379e-01	2.00527e+01
110	1	153	0	2	3	-2.00194e-02	1.21077e+00	-1.67895e+01
110	1	154	0	2	3	6.03465e-03	-7.28403e-01	1.81894e+01
110	1	155	0	2	3	5.08422e-03	-6.60612e-01	1.56094e+01
110	1	156	0	2	3	-1.02522e-02	4.46265e-01	-2.63101e+00
110	1	157	0	2	3	-1.01932e-02	4.41655e-01	-1.93739e+00
110	1	158	0	2	3	-8.82358e-03	3.58580e-01	-1.00066e+00
110	1	159	0	2	3	1.48240e-03	-4.29680e-01	1.42785e+01
