##
#  file: HodoPHCParam_Dummy
#  date: 2016.06.15
#  note: first version
#
#
#######################################################################
# CId	PlId	Seg	UorD	Type	nParam	p0	p1	...
#
#	Type=0 no correction will be performed
#	Type=1 ct=t-p[0]/sqrt(a-p[1])+p[2]
#	Type=2 ct=p[0]*a*a + p[1]*a + p[2] for Fiber
#
#######################################################################
# BH1 Up                                                              #
#######################################################################
1	0	0	0	1	3	9.72882e+01	-2.42381e+01	1.93388e+01
1	0	1	0	1	3	8.39811e-01	2.30870e-01	9.07677e-01
1	0	2	0	1	3	7.96271e-01	2.02772e-01	8.76313e-01
1	0	3	0	1	3	1.24269e+00	-1.47574e-01	1.19840e+00
1	0	4	0	1	3	1.09931e+00	-7.72769e-02	1.08260e+00
1	0	5	0	1	3	1.05845e+00	1.40683e-01	1.18835e+00
1	0	6	0	1	3	1.24845e+00	-7.32092e-02	1.22011e+00
1	0	7	0	1	3	1.38494e+00	-1.69323e-01	1.29113e+00
1	0	8	0	1	3	1.12943e+00	-1.85789e-01	1.05048e+00
1	0	9	0	1	3	1.39270e+00	-1.82072e-01	1.30041e+00
1	0	10	0	1	3	1.71493e+02	-3.15885e+01	3.00372e+01
#######################################################################
# BH1 Down                                                            #
#######################################################################
1	0	0	1	1	3	1.69589e+00	-2.63702e-01	1.46458e+00
1	0	1	1	1	3	6.65147e-01	3.06785e-01	7.74182e-01
1	0	2	1	1	3	1.69164e+00	-4.50471e-01	1.36238e+00
1	0	3	1	1	3	7.14482e+01	-2.23619e+01	1.47724e+01
1	0	4	1	1	3	1.42431e+00	-1.84323e-01	1.31423e+00
1	0	5	1	1	3	1.48351e+00	-1.17877e-01	1.40777e+00
1	0	6	1	1	3	1.64799e+00	-3.01989e-01	1.48452e+00
1	0	7	1	1	3	1.48685e+00	-1.75507e-01	1.38619e+00
1	0	8	1	1	3	5.71792e-01	2.68423e-01	6.99614e-01
1	0	9	1	1	3	1.07020e+00	4.47097e-02	1.11772e+00
1	0	10	1	1	3	5.19525e-01	3.65790e-01	6.45791e-01
#######################################################################
# BH2 Up                                                              #
#######################################################################
2	0	0	0	1	3	1.12115e-01	3.35357e-01	1.33957e-01
2	0	1	0	1	3	4.23202e-01	6.01088e-02	4.32756e-01
2	0	2	0	1	3	4.01076e-01	4.56070e-02	4.03148e-01
2	0	3	0	1	3	3.85284e-01	5.67440e-02	3.98101e-01
2	0	4	0	1	3	2.66200e-01	1.48660e-01	2.92941e-01
2	0	5	0	1	3	1.66891e-01	2.88043e-01	2.06447e-01
2	0	6	0	1	3	1.71542e-01	2.55850e-01	2.12138e-01
2	0	7	0	1	3	1.96083e-01	2.29490e-01	2.30246e-01
#######################################################################
# BH2 Down                                                            #
#######################################################################
2	0	0	1	1	3	1.86082e-01	2.04597e-01	2.06299e-01
2	0	1	1	1	3	3.69447e-01	6.07075e-02	3.67987e-01
2	0	2	1	1	3	4.36704e-01	5.29092e-03	4.17610e-01
2	0	3	1	1	3	5.05110e-01	-2.36197e-01	4.33924e-01
2	0	4	1	1	3	3.34198e-01	6.07922e-02	3.30964e-01
2	0	5	1	1	3	2.71316e-01	1.29618e-01	2.74971e-01
2	0	6	1	1	3	4.51400e-01	-3.05140e-02	4.20447e-01
2	0	7	1	1	3	2.11967e-01	8.42464e-02	2.22906e-01
#######################################################################
# BAC                                                                 #
#######################################################################
3	0	0	0	1	3	0.00000e+00	0.00000e+00	0.00000e+00
3	0	1	0	1	3	0.00000e+00	0.00000e+00	0.00000e+00
#######################################################################
# FBH Up                                                              #
#######################################################################
4	0	0	0	2	3	-5.62952e-03	8.96903e-01	-3.53273e+01
4	0	1	0	2	3	-4.29399e-03	7.37975e-01	-3.00049e+01
4	0	2	0	2	3	-5.26894e-03	8.67305e-01	-3.38992e+01
4	0	3	0	2	3	-3.80183e-03	6.69237e-01	-2.72260e+01
4	0	4	0	2	3	-4.35014e-03	7.35785e-01	-2.92008e+01
4	0	5	0	2	3	-4.02541e-03	6.86907e-01	-2.70312e+01
4	0	6	0	2	3	-4.16660e-03	7.08229e-01	-2.81512e+01
4	0	7	0	2	3	-3.93117e-03	6.84759e-01	-2.69101e+01
4	0	8	0	2	3	-4.14423e-03	6.96902e-01	-2.65883e+01
4	0	9	0	2	3	-2.83372e-03	5.62925e-01	-2.20787e+01
4	0	10	0	2	3	-4.07944e-03	7.09420e-01	-2.75603e+01
4	0	11	0	2	3	-3.50961e-03	6.50113e-01	-2.64167e+01
4	0	12	0	2	3	-3.52415e-03	6.49734e-01	-2.67232e+01
4	0	13	0	2	3	-4.13420e-03	7.26957e-01	-2.99675e+01
4	0	14	0	2	3	-4.90315e-03	8.27563e-01	-3.35630e+01
4	0	15	0	2	3	-4.73048e-03	8.13189e-01	-3.31901e+01
#######################################################################
# FBH Down                                                            #
#######################################################################
4	0	0	1	2	3	-5.62952e-03	8.96903e-01	-3.53273e+01
4	0	1	1	2	3	-4.29399e-03	7.37975e-01	-3.00049e+01
4	0	2	1	2	3	-5.26894e-03	8.67305e-01	-3.38992e+01
4	0	3	1	2	3	-3.80183e-03	6.69237e-01	-2.72260e+01
4	0	4	1	2	3	-4.35014e-03	7.35785e-01	-2.92008e+01
4	0	5	1	2	3	-4.02541e-03	6.86907e-01	-2.70312e+01
4	0	6	1	2	3	-4.16660e-03	7.08229e-01	-2.81512e+01
4	0	7	1	2	3	-3.93117e-03	6.84759e-01	-2.69101e+01
4	0	8	1	2	3	-4.14423e-03	6.96902e-01	-2.65883e+01
4	0	9	1	2	3	-2.83372e-03	5.62925e-01	-2.20787e+01
4	0	10	1	2	3	-4.07944e-03	7.09420e-01	-2.75603e+01
4	0	11	1	2	3	-3.50961e-03	6.50113e-01	-2.64167e+01
4	0	12	1	2	3	-3.52415e-03	6.49734e-01	-2.67232e+01
4	0	13	1	2	3	-4.13420e-03	7.26957e-01	-2.99675e+01
4	0	14	1	2	3	-4.90315e-03	8.27563e-01	-3.35630e+01
4	0	15	1	2	3	-4.73048e-03	8.13189e-01	-3.31901e+01
#######################################################################
# PVAC                                                                #
#######################################################################
5	0	0	0	1	3	0.00000e+00	0.00000e+00	0.00000e+00
#######################################################################
# FAC                                                                 #
#######################################################################
6	0	0	0	1	3	0.00000e+00	0.00000e+00	0.00000e+00
#######################################################################
# SCH                                                                 #
#######################################################################
#7	0	0	0	2	3	-0.00500000	0.821213	-32.185321
#7	0	1	0	2	3	-0.00500000	0.830248	-32.269563
#7	0	2	0	2	3	-0.00500000	0.793073	-29.315934
#7	0	3	0	2	3	-0.00500000	0.772144	-28.276705
#7	0	4	0	2	3	-0.00500000	0.801968	-30.687167
#7	0	5	0	2	3	-0.00500000	0.778300	-28.439251
#7	0	6	0	2	3	-0.00500000	0.765872	-27.918181
#7	0	7	0	2	3	-0.00500000	0.738459	-26.016797
#7	0	8	0	2	3	-0.00500000	0.778318	-28.676371
#7	0	9	0	2	3	-0.00500000	0.776670	-28.892887
#7	0	10	0	2	3	-0.00500000	0.764278	-28.122474
#7	0	11	0	2	3	-0.00500000	0.790742	-29.423647
#7	0	12	0	2	3	-0.00500000	0.811330	-30.487019
#7	0	13	0	2	3	-0.00500000	0.818750	-30.891512
#7	0	14	0	2	3	-0.00500000	0.802541	-30.009136
#7	0	15	0	2	3	-0.00500000	0.809525	-30.751746
#7	0	16	0	2	3	-0.00500000	0.802597	-30.845509
#7	0	17	0	2	3	-0.00500000	0.835028	-32.780792
#7	0	18	0	2	3	-0.00500000	0.859176	-33.938731
#7	0	19	0	2	3	-0.00500000	0.814851	-31.445396
#7	0	20	0	2	3	-0.00500000	0.809426	-30.781087
#7	0	21	0	2	3	-0.00500000	0.780678	-28.888756
#7	0	22	0	2	3	-0.00500000	0.808206	-30.719604
#7	0	23	0	2	3	-0.00500000	0.774024	-27.858339
#7	0	24	0	2	3	-0.00500000	0.794308	-29.022101
#7	0	25	0	2	3	-0.00500000	0.775649	-27.980186
#7	0	26	0	2	3	-0.00500000	0.788483	-28.687567
#7	0	27	0	2	3	-0.00466315	0.771386	-29.253260
#7	0	28	0	2	3	-0.00483132	0.790854	-28.637741
#7	0	29	0	2	3	-0.00497049	0.812994	-30.786914
#7	0	30	0	2	3	-0.00500000	0.787793	-28.362716
#7	0	31	0	2	3	-0.00500000	0.790759	-28.876812
#7	0	32	0	2	3	-0.00500000	0.824826	-31.655285
#7	0	33	0	2	3	-0.00500000	0.845304	-33.407765
#7	0	34	0	2	3	-0.00500000	0.832263	-32.939799
#7	0	35	0	2	3	-0.00500000	0.820631	-31.695372
#7	0	36	0	2	3	-0.00500000	0.836997	-33.200590
#7	0	37	0	2	3	-0.00500000	0.819690	-32.097193
#7	0	38	0	2	3	-0.00500000	0.808109	-31.263214
#7	0	39	0	2	3	-0.00500000	0.815224	-31.135523
#7	0	40	0	2	3	-0.00500000	0.803398	-29.897923
#7	0	41	0	2	3	-0.00500000	0.815685	-31.165519
#7	0	42	0	2	3	-0.00500000	0.812980	-30.737261
#7	0	43	0	2	3	-0.00500000	0.829418	-32.693307
#7	0	44	0	2	3	-0.00500000	0.789530	-29.464920
#7	0	45	0	2	3	-0.00500000	0.804789	-31.208151
#7	0	46	0	2	3	-0.00500000	0.830106	-32.806514
#7	0	47	0	2	3	-0.00500000	0.819206	-31.373242
#7	0	48	0	2	3	-0.00500000	0.816165	-31.709319
#7	0	49	0	2	3	-0.00500000	0.798496	-30.201709
#7	0	50	0	2	3	-0.00500000	0.812167	-31.795745
#7	0	51	0	2	3	-0.00500000	0.810749	-31.375226
#7	0	52	0	2	3	-0.00500000	0.803385	-31.372512
#7	0	53	0	2	3	-0.00500000	0.777405	-29.262831
#7	0	54	0	2	3	-0.00500000	0.783954	-29.763410
#7	0	55	0	2	3	-0.00500000	0.789443	-29.976449
#7	0	56	0	2	3	-0.00500000	0.838828	-33.261086
#7	0	57	0	2	3	-0.00500000	0.804421	-30.573195
#7	0	58	0	2	3	-0.00500000	0.773283	-29.111048
#7	0	59	0	2	3	-0.00500000	0.811789	-31.449459
#7	0	60	0	2	3	-0.00500000	0.759724	-28.110014
#7	0	61	0	2	3	-0.00500000	0.810884	-31.379063
#7	0	62	0	2	3	-0.00500000	0.771910	-28.435006
#7	0	63	0	2	3	-0.00500000	0.796658	-30.511906
#######################################################################
# TOF Up                                                              #
#######################################################################
7	0	0	0	1	3	5.24830e+00	-1.96630e+00	2.96170e+00
7	0	1	0	1	3	5.24830e+00	-1.96630e+00	2.96170e+00
7	0	2	0	1	3	5.24830e+00	-1.96630e+00	2.96170e+00
7	0	3	0	1	3	5.24830e+00	-1.96630e+00	2.96170e+00
7	0	4	0	1	3	5.24830e+00	-1.96630e+00	2.96170e+00
7	0	5	0	1	3	5.24830e+00	-1.96630e+00	2.96170e+00
7	0	6	0	1	3	6.97090e+00	-3.03520e+00	3.39910e+00
7	0	7	0	1	3	4.05450e+00	-1.96150e+00	2.30360e+00
7	0	8	0	1	3	1.16940e+02	-2.98600e+01	2.09880e+01
7	0	9	0	1	3	5.24830e+00	-1.96630e+00	2.96170e+00
7	0	10	0	1	3	5.24830e+00	-1.96630e+00	2.96170e+00
7	0	11	0	1	3	5.24830e+00	-1.96630e+00	2.96170e+00
7	0	12	0	1	3	5.24830e+00	-1.96630e+00	2.96170e+00
7	0	13	0	1	3	5.24830e+00	-1.96630e+00	2.96170e+00
7	0	14	0	1	3	5.24830e+00	-1.96630e+00	2.96170e+00
7	0	15	0	1	3	5.24830e+00	-1.96630e+00	2.96170e+00
7	0	16	0	1	3	5.24830e+00	-1.96630e+00	2.96170e+00
7	0	17	0	1	3	5.24830e+00	-1.96630e+00	2.96170e+00
7	0	18	0	1	3	5.24830e+00	-1.96630e+00	2.96170e+00
7	0	19	0	1	3	7.11491e-01	1.85180e-03	5.82402e-01
7	0	20	0	1	3	5.59404e-01	-1.73810e-03	4.50716e-01
7	0	21	0	1	3	8.92499e-01	1.99900e-03	7.37364e-01
7	0	22	0	1	3	6.37553e-01	1.99960e-03	5.45449e-01
7	0	23	0	1	3	1.19210e+00	1.98920e-03	9.99994e-01
#######################################################################
# TOF Down                                                            #
#######################################################################
7	0	0	1	1	3	5.84300e+00	-2.30730e+00	3.11320e+00
7	0	1	1	1	3	5.84300e+00	-2.30730e+00	3.11320e+00
7	0	2	1	1	3	5.84300e+00	-2.30730e+00	3.11320e+00
7	0	3	1	1	3	5.84300e+00	-2.30730e+00	3.11320e+00
7	0	4	1	1	3	5.84300e+00	-2.30730e+00	3.11320e+00
7	0	5	1	1	3	5.84300e+00	-2.30730e+00	3.11320e+00
7	0	6	1	1	3	1.41330e+01	-5.81170e+00	5.32680e+00
7	0	7	1	1	3	7.84850e+01	-2.02870e+01	1.69500e+01
7	0	8	1	1	3	2.20240e+02	-3.62440e+01	3.60080e+01
7	0	9	1	1	3	5.84300e+00	-2.30730e+00	3.11320e+00
7	0	10	1	1	3	5.84300e+00	-2.30730e+00	3.11320e+00
7	0	11	1	1	3	5.84300e+00	-2.30730e+00	3.11320e+00
7	0	12	1	1	3	5.84300e+00	-2.30730e+00	3.11320e+00
7	0	13	1	1	3	5.84300e+00	-2.30730e+00	3.11320e+00
7	0	14	1	1	3	5.84300e+00	-2.30730e+00	3.11320e+00
7	0	15	1	1	3	5.84300e+00	-2.30730e+00	3.11320e+00
7	0	16	1	1	3	5.84300e+00	-2.30730e+00	3.11320e+00
7	0	17	1	1	3	5.84300e+00	-2.30730e+00	3.11320e+00
7	0	18	1	1	3	5.84300e+00	-2.30730e+00	3.11320e+00
7	0	19	1	1	3	6.18741e-01	1.99860e-03	4.90831e-01
7	0	20	1	1	3	5.75901e-01	1.04210e-03	4.72509e-01
7	0	21	1	1	3	9.41046e-01	1.99890e-03	7.79357e-01
7	0	22	1	1	3	4.84266e-01	-1.95590e-03	3.99786e-01
7	0	23	1	1	3	8.97714e-01	1.99860e-03	7.56300e-01
#######################################################################
# BFT U                                                               #
#######################################################################
110	0	0	0	2	3	1.21048e-03	-4.04506e-01	1.42602e+01
110	0	1	0	2	3	-1.17853e-02	5.51530e-01	-1.00485e+00
110	0	2	0	2	3	-1.55883e-03	-2.15573e-01	1.21921e+01
110	0	3	0	2	3	7.74913e-03	-8.52779e-01	2.10857e+01
110	0	4	0	2	3	-6.39306e-03	1.81337e-01	3.65885e+00
110	0	5	0	2	3	6.20248e-04	-3.03747e-01	1.13952e+01
110	0	6	0	2	3	1.89298e-03	-4.20049e-01	1.37793e+01
110	0	7	0	2	3	2.89749e-03	-5.00020e-01	1.52873e+01
110	0	8	0	2	3	2.03066e-03	-4.48566e-01	1.48077e+01
110	0	9	0	2	3	-2.54600e-03	-7.39563e-02	7.84930e+00
110	0	10	0	2	3	4.19516e-03	-5.92321e-01	1.63512e+01
110	0	11	0	2	3	-4.11080e-03	4.08128e-02	4.81993e+00
110	0	12	0	2	3	3.24276e-03	-5.26265e-01	1.45495e+01
110	0	13	0	2	3	-7.59468e-03	3.12194e-01	4.66956e-01
110	0	14	0	2	3	5.44399e-03	-6.75828e-01	1.78161e+01
110	0	15	0	2	3	4.77330e-03	-6.39917e-01	1.85388e+01
110	0	16	0	2	3	3.36496e-03	-5.21638e-01	1.49473e+01
110	0	17	0	2	3	3.85988e-03	-5.62508e-01	1.65208e+01
110	0	18	0	2	3	3.38242e-03	-5.35927e-01	1.53092e+01
110	0	19	0	2	3	4.89326e-03	-6.30525e-01	1.56383e+01
110	0	20	0	2	3	4.06591e-03	-5.62794e-01	1.59229e+01
110	0	21	0	2	3	3.84316e-03	-5.44756e-01	1.61665e+01
110	0	22	0	2	3	3.81179e-03	-5.69522e-01	1.63940e+01
110	0	23	0	2	3	5.13954e-03	-6.42863e-01	1.78180e+01
110	0	24	0	2	3	4.18305e-03	-5.84529e-01	1.59159e+01
110	0	25	0	2	3	4.09621e-03	-5.71621e-01	1.61777e+01
110	0	26	0	2	3	3.58607e-03	-5.50033e-01	1.60331e+01
110	0	27	0	2	3	4.82861e-03	-6.20139e-01	1.73183e+01
110	0	28	0	2	3	3.44487e-03	-5.32943e-01	1.41366e+01
110	0	29	0	2	3	4.17263e-03	-5.75169e-01	1.61708e+01
110	0	30	0	2	3	4.88718e-03	-6.39623e-01	1.73819e+01
110	0	31	0	2	3	4.05756e-03	-5.76486e-01	1.68193e+01
110	0	32	0	2	3	4.09550e-03	-5.86856e-01	1.67710e+01
110	0	33	0	2	3	4.15041e-03	-5.67920e-01	1.38789e+01
110	0	34	0	2	3	4.65474e-03	-6.23076e-01	1.71300e+01
110	0	35	0	2	3	4.36137e-03	-6.03273e-01	1.72919e+01
110	0	36	0	2	3	3.78906e-03	-5.48092e-01	1.45571e+01
110	0	37	0	2	3	3.93571e-03	-5.68499e-01	1.65842e+01
110	0	38	0	2	3	4.48662e-03	-6.00057e-01	1.59981e+01
110	0	39	0	2	3	4.15348e-03	-5.75751e-01	1.63042e+01
110	0	40	0	2	3	4.42002e-03	-5.89423e-01	1.51033e+01
110	0	41	0	2	3	3.94134e-03	-5.61696e-01	1.61833e+01
110	0	42	0	2	3	4.34386e-03	-5.90446e-01	1.58241e+01
110	0	43	0	2	3	4.73683e-03	-6.36312e-01	1.83710e+01
110	0	44	0	2	3	3.77746e-03	-5.54930e-01	1.58050e+01
110	0	45	0	2	3	4.36476e-03	-5.88119e-01	1.71744e+01
110	0	46	0	2	3	4.25286e-03	-6.01585e-01	1.69485e+01
110	0	47	0	2	3	4.38764e-03	-6.03167e-01	1.76436e+01
110	0	48	0	2	3	3.68322e-03	-5.45415e-01	1.46096e+01
110	0	49	0	2	3	3.67787e-03	-5.43656e-01	1.59142e+01
110	0	50	0	2	3	3.84795e-03	-5.64576e-01	1.64638e+01
110	0	51	0	2	3	4.27119e-03	-5.85814e-01	1.64964e+01
110	0	52	0	2	3	3.71325e-03	-5.47704e-01	1.52349e+01
110	0	53	0	2	3	4.39694e-03	-5.90661e-01	1.64664e+01
110	0	54	0	2	3	4.13167e-03	-5.83708e-01	1.63941e+01
110	0	55	0	2	3	5.03590e-03	-6.47483e-01	1.76404e+01
110	0	56	0	2	3	4.23484e-03	-5.99544e-01	1.66660e+01
110	0	57	0	2	3	4.73608e-03	-6.22209e-01	1.77847e+01
110	0	58	0	2	3	4.11971e-03	-5.84554e-01	1.64777e+01
110	0	59	0	2	3	4.30770e-03	-6.06842e-01	1.79302e+01
110	0	60	0	2	3	4.13846e-03	-5.90206e-01	1.62146e+01
110	0	61	0	2	3	3.13818e-03	-5.09146e-01	1.55634e+01
110	0	62	0	2	3	4.79674e-03	-6.30266e-01	1.71242e+01
110	0	63	0	2	3	4.86701e-03	-6.33173e-01	1.66258e+01
110	0	64	0	2	3	3.92005e-03	-5.73032e-01	1.65334e+01
110	0	65	0	2	3	4.07303e-03	-5.79094e-01	1.67657e+01
110	0	66	0	2	3	4.61959e-03	-6.38615e-01	1.80818e+01
110	0	67	0	2	3	3.36496e-03	-5.28378e-01	1.60313e+01
110	0	68	0	2	3	3.51523e-03	-5.54855e-01	1.58285e+01
110	0	69	0	2	3	4.03509e-03	-5.71839e-01	1.61349e+01
110	0	70	0	2	3	4.35427e-03	-6.20719e-01	1.70234e+01
110	0	71	0	2	3	4.45879e-03	-6.08841e-01	1.72399e+01
110	0	72	0	2	3	3.90346e-03	-5.78940e-01	1.60795e+01
110	0	73	0	2	3	4.08922e-03	-5.85000e-01	1.62681e+01
110	0	74	0	2	3	4.34843e-03	-6.15595e-01	1.68215e+01
110	0	75	0	2	3	4.29503e-03	-5.92745e-01	1.66033e+01
110	0	76	0	2	3	3.49222e-03	-5.41688e-01	1.54708e+01
110	0	77	0	2	3	3.85445e-03	-5.63381e-01	1.64379e+01
110	0	78	0	2	3	4.66922e-03	-6.34675e-01	1.74544e+01
110	0	79	0	2	3	4.42517e-03	-6.04595e-01	1.68368e+01
110	0	80	0	2	3	4.36165e-03	-6.01642e-01	1.65503e+01
110	0	81	0	2	3	4.19162e-03	-5.80455e-01	1.64180e+01
110	0	82	0	2	3	3.96082e-03	-5.76943e-01	1.67736e+01
110	0	83	0	2	3	4.07596e-03	-5.82010e-01	1.63503e+01
110	0	84	0	2	3	3.29283e-03	-5.25389e-01	1.57282e+01
110	0	85	0	2	3	4.28426e-03	-5.94361e-01	1.70743e+01
110	0	86	0	2	3	4.49966e-03	-6.27868e-01	1.74655e+01
110	0	87	0	2	3	4.17386e-03	-5.95193e-01	1.73668e+01
110	0	88	0	2	3	3.59836e-03	-5.44886e-01	1.54494e+01
110	0	89	0	2	3	4.00866e-03	-5.74951e-01	1.63067e+01
110	0	90	0	2	3	4.38202e-03	-6.09328e-01	1.68170e+01
110	0	91	0	2	3	4.32985e-03	-6.06377e-01	1.64905e+01
110	0	92	0	2	3	3.73835e-03	-5.70111e-01	1.69999e+01
110	0	93	0	2	3	4.05653e-03	-5.74547e-01	1.60252e+01
110	0	94	0	2	3	4.16116e-03	-6.13897e-01	1.79003e+01
110	0	95	0	2	3	4.79990e-03	-6.39794e-01	1.79370e+01
110	0	96	0	2	3	3.40545e-03	-5.48702e-01	1.63533e+01
110	0	97	0	2	3	3.66646e-03	-5.50021e-01	1.64317e+01
110	0	98	0	2	3	4.75128e-03	-6.47262e-01	1.80566e+01
110	0	99	0	2	3	3.90128e-03	-5.70307e-01	1.55504e+01
110	0	100	0	2	3	3.38312e-03	-5.35874e-01	1.55139e+01
110	0	101	0	2	3	4.02760e-03	-5.72621e-01	1.66802e+01
110	0	102	0	2	3	4.13266e-03	-5.95909e-01	1.69127e+01
110	0	103	0	2	3	5.00427e-03	-6.50868e-01	1.77375e+01
110	0	104	0	2	3	4.05199e-03	-5.83648e-01	1.64790e+01
110	0	105	0	2	3	4.53538e-03	-6.04947e-01	1.66493e+01
110	0	106	0	2	3	5.28930e-03	-6.74773e-01	1.81726e+01
110	0	107	0	2	3	4.89212e-03	-6.36416e-01	1.68481e+01
110	0	108	0	2	3	4.03672e-03	-5.90214e-01	1.65857e+01
110	0	109	0	2	3	4.28289e-03	-5.96240e-01	1.65769e+01
110	0	110	0	2	3	4.37501e-03	-6.13770e-01	1.70129e+01
110	0	111	0	2	3	4.70583e-03	-6.40291e-01	1.76026e+01
110	0	112	0	2	3	3.99596e-03	-5.71088e-01	1.58282e+01
110	0	113	0	2	3	3.70788e-03	-5.45669e-01	1.55499e+01
110	0	114	0	2	3	4.36246e-03	-6.13021e-01	1.71463e+01
110	0	115	0	2	3	4.70843e-03	-6.20295e-01	1.68697e+01
110	0	116	0	2	3	2.88383e-03	-5.01999e-01	1.55910e+01
110	0	117	0	2	3	4.35244e-03	-6.02342e-01	1.67354e+01
110	0	118	0	2	3	3.94338e-03	-5.89114e-01	1.70249e+01
110	0	119	0	2	3	4.15748e-03	-5.82713e-01	1.54349e+01
110	0	120	0	2	3	4.12874e-03	-5.96242e-01	1.74181e+01
110	0	121	0	2	3	4.08908e-03	-5.76024e-01	1.48612e+01
110	0	122	0	2	3	4.35931e-03	-6.20647e-01	1.82110e+01
110	0	123	0	2	3	4.73826e-03	-6.27370e-01	1.74647e+01
110	0	124	0	2	3	2.96585e-03	-4.94880e-01	1.49708e+01
110	0	125	0	2	3	4.18112e-03	-5.75981e-01	1.41790e+01
110	0	126	0	2	3	3.51910e-03	-5.41173e-01	1.53196e+01
110	0	127	0	2	3	4.54610e-03	-6.16190e-01	1.70427e+01
110	0	128	0	2	3	2.59688e-03	-5.12032e-01	1.62607e+01
110	0	129	0	2	3	3.79022e-03	-5.97117e-01	1.75062e+01
110	0	130	0	2	3	4.33872e-03	-6.38757e-01	1.95593e+01
110	0	131	0	2	3	4.42696e-03	-6.08857e-01	1.73865e+01
110	0	132	0	2	3	3.52144e-03	-5.64884e-01	1.73658e+01
110	0	133	0	2	3	3.20477e-03	-5.33654e-01	1.63310e+01
110	0	134	0	2	3	2.94227e-03	-5.31577e-01	1.62992e+01
110	0	135	0	2	3	3.09296e-03	-5.31466e-01	1.66431e+01
110	0	136	0	2	3	3.62635e-03	-5.66603e-01	1.61432e+01
110	0	137	0	2	3	3.13474e-03	-5.43220e-01	1.70272e+01
110	0	138	0	2	3	-4.17507e-03	2.18347e-02	6.99616e+00
110	0	139	0	2	3	2.50714e-03	-4.83272e-01	1.51661e+01
110	0	140	0	2	3	-7.62878e-04	-2.48944e-01	1.15603e+01
110	0	141	0	2	3	4.10884e-03	-6.03244e-01	1.66527e+01
110	0	142	0	2	3	3.54721e-03	-5.61481e-01	1.74958e+01
110	0	143	0	2	3	3.23916e-03	-5.30629e-01	1.55172e+01
110	0	144	0	2	3	2.86430e-03	-5.13773e-01	1.58788e+01
110	0	145	0	2	3	4.05116e-03	-5.90381e-01	1.70042e+01
110	0	146	0	2	3	-2.19503e-03	-1.46726e-01	9.14099e+00
110	0	147	0	2	3	4.13359e-03	-5.94738e-01	1.73255e+01
110	0	148	0	2	3	2.16528e-03	-4.68699e-01	1.54694e+01
110	0	149	0	2	3	4.29453e-03	-6.14413e-01	1.76069e+01
110	0	150	0	2	3	3.83356e-03	-5.90414e-01	1.74480e+01
110	0	151	0	2	3	4.62730e-03	-6.47488e-01	1.82957e+01
110	0	152	0	2	3	2.92393e-03	-5.23252e-01	1.65801e+01
110	0	153	0	2	3	2.29775e-03	-4.75137e-01	1.52927e+01
110	0	154	0	2	3	3.05964e-03	-5.18060e-01	1.51440e+01
110	0	155	0	2	3	3.05513e-03	-5.33753e-01	1.56377e+01
110	0	156	0	2	3	-2.30261e-02	1.39724e+00	-1.77922e+01
110	0	157	0	2	3	-1.10650e-03	-2.31624e-01	1.10646e+01
110	0	158	0	2	3	2.01171e-03	-4.44189e-01	1.49448e+01
110	0	159	0	2	3	3.12869e-03	-5.42763e-01	1.70759e+01
#######################################################################
# BFT D                                                               #
#######################################################################
110	1	0	0	2	3	7.77741e-03	-8.75011e-01	2.40599e+01
110	1	1	0	2	3	1.36081e-04	-2.96420e-01	1.29842e+01
110	1	2	0	2	3	1.58958e-04	-2.96359e-01	1.13694e+01
110	1	3	0	2	3	-8.49825e-03	3.71587e-01	7.32828e-01
110	1	4	0	2	3	9.19074e-04	-3.57432e-01	1.27914e+01
110	1	5	0	2	3	3.43474e-03	-5.57463e-01	1.78967e+01
110	1	6	0	2	3	4.52294e-03	-6.11012e-01	1.71032e+01
110	1	7	0	2	3	2.97799e-03	-4.96739e-01	1.56834e+01
110	1	8	0	2	3	2.18620e-03	-4.50298e-01	1.49197e+01
110	1	9	0	2	3	3.23770e-03	-5.41459e-01	1.74503e+01
110	1	10	0	2	3	2.07308e-03	-4.47004e-01	1.47080e+01
110	1	11	0	2	3	2.05773e-03	-4.41134e-01	1.46931e+01
110	1	12	0	2	3	2.61151e-03	-4.90073e-01	1.48328e+01
110	1	13	0	2	3	3.67682e-03	-5.45224e-01	1.60967e+01
110	1	14	0	2	3	3.79583e-03	-5.79414e-01	1.62130e+01
110	1	15	0	2	3	3.19733e-03	-5.29801e-01	1.60215e+01
110	1	16	0	2	3	3.85098e-03	-5.76003e-01	1.63402e+01
110	1	17	0	2	3	3.51213e-03	-5.38511e-01	1.61879e+01
110	1	18	0	2	3	3.45284e-03	-5.56890e-01	1.55275e+01
110	1	19	0	2	3	2.22881e-03	-4.41907e-01	1.47553e+01
110	1	20	0	2	3	4.13970e-03	-5.98050e-01	1.69939e+01
110	1	21	0	2	3	3.66254e-03	-5.56494e-01	1.69091e+01
110	1	22	0	2	3	3.49224e-03	-5.48642e-01	1.57778e+01
110	1	23	0	2	3	3.39386e-03	-5.24764e-01	1.54177e+01
110	1	24	0	2	3	4.38395e-03	-6.12740e-01	1.78081e+01
110	1	25	0	2	3	4.10053e-03	-5.80397e-01	1.66114e+01
110	1	26	0	2	3	3.76810e-03	-5.73466e-01	1.70842e+01
110	1	27	0	2	3	4.29445e-03	-6.00215e-01	1.77895e+01
110	1	28	0	2	3	3.54844e-03	-5.57995e-01	1.58529e+01
110	1	29	0	2	3	3.46207e-03	-5.35216e-01	1.59864e+01
110	1	30	0	2	3	4.09581e-03	-5.87606e-01	1.64733e+01
110	1	31	0	2	3	3.53218e-03	-5.49594e-01	1.64768e+01
110	1	32	0	2	3	4.53128e-03	-6.32055e-01	1.87001e+01
110	1	33	0	2	3	3.32789e-03	-5.34607e-01	1.50076e+01
110	1	34	0	2	3	3.73722e-03	-5.60199e-01	1.55894e+01
110	1	35	0	2	3	4.13806e-03	-6.06748e-01	1.87271e+01
110	1	36	0	2	3	3.61226e-03	-5.48252e-01	1.65443e+01
110	1	37	0	2	3	3.57617e-03	-5.40827e-01	1.52462e+01
110	1	38	0	2	3	4.48719e-03	-6.16239e-01	1.70037e+01
110	1	39	0	2	3	4.42593e-03	-6.08473e-01	1.75441e+01
110	1	40	0	2	3	3.85985e-03	-5.66740e-01	1.57631e+01
110	1	41	0	2	3	3.81363e-03	-5.61089e-01	1.60748e+01
110	1	42	0	2	3	3.81936e-03	-5.61169e-01	1.51692e+01
110	1	43	0	2	3	4.59152e-03	-6.17221e-01	1.78329e+01
110	1	44	0	2	3	3.97454e-03	-5.83179e-01	1.62705e+01
110	1	45	0	2	3	3.85308e-03	-5.69920e-01	1.65499e+01
110	1	46	0	2	3	4.16381e-03	-5.97228e-01	1.64645e+01
110	1	47	0	2	3	3.56334e-03	-5.61385e-01	1.72822e+01
110	1	48	0	2	3	3.36557e-03	-5.32185e-01	1.59616e+01
110	1	49	0	2	3	3.86703e-03	-5.62774e-01	1.65686e+01
110	1	50	0	2	3	4.36262e-03	-6.07313e-01	1.62833e+01
110	1	51	0	2	3	3.97213e-03	-5.75868e-01	1.75277e+01
110	1	52	0	2	3	3.71096e-03	-5.73237e-01	1.61193e+01
110	1	53	0	2	3	3.10383e-03	-5.14895e-01	1.57944e+01
110	1	54	0	2	3	4.26811e-03	-6.09002e-01	1.76022e+01
110	1	55	0	2	3	4.05766e-03	-5.88686e-01	1.70021e+01
110	1	56	0	2	3	3.74860e-03	-5.80756e-01	1.73235e+01
110	1	57	0	2	3	4.06806e-03	-5.86138e-01	1.76010e+01
110	1	58	0	2	3	3.37117e-03	-5.50073e-01	1.76022e+01
110	1	59	0	2	3	4.62459e-03	-6.36800e-01	1.88524e+01
110	1	60	0	2	3	4.02543e-03	-5.92285e-01	1.72423e+01
110	1	61	0	2	3	4.52550e-03	-6.09043e-01	1.75665e+01
110	1	62	0	2	3	4.00094e-03	-5.83319e-01	1.59718e+01
110	1	63	0	2	3	4.26999e-03	-6.04362e-01	1.73393e+01
110	1	64	0	2	3	3.91422e-03	-5.79743e-01	1.72852e+01
110	1	65	0	2	3	4.16484e-03	-5.94019e-01	1.64191e+01
110	1	66	0	2	3	4.64355e-03	-6.39959e-01	1.71138e+01
110	1	67	0	2	3	4.10292e-03	-5.89072e-01	1.63784e+01
110	1	68	0	2	3	3.40439e-03	-5.33729e-01	1.48652e+01
110	1	69	0	2	3	4.05114e-03	-5.83657e-01	1.62855e+01
110	1	70	0	2	3	3.93987e-03	-5.82582e-01	1.72013e+01
110	1	71	0	2	3	3.69307e-03	-5.67709e-01	1.63172e+01
110	1	72	0	2	3	3.43853e-03	-5.38925e-01	1.58509e+01
110	1	73	0	2	3	4.10339e-03	-5.95005e-01	1.72877e+01
110	1	74	0	2	3	4.47025e-03	-6.16270e-01	1.64541e+01
110	1	75	0	2	3	4.00077e-03	-5.85951e-01	1.70383e+01
110	1	76	0	2	3	3.66358e-03	-5.56978e-01	1.60500e+01
110	1	77	0	2	3	4.30383e-03	-6.05367e-01	1.73435e+01
110	1	78	0	2	3	4.34390e-03	-6.08215e-01	1.63016e+01
110	1	79	0	2	3	4.36718e-03	-6.04865e-01	1.62052e+01
110	1	80	0	2	3	4.07727e-03	-5.84277e-01	1.64399e+01
110	1	81	0	2	3	4.14476e-03	-5.87056e-01	1.62412e+01
110	1	82	0	2	3	4.74633e-03	-6.34568e-01	1.82195e+01
110	1	83	0	2	3	4.15085e-03	-5.81195e-01	1.64239e+01
110	1	84	0	2	3	3.70588e-03	-5.49813e-01	1.53003e+01
110	1	85	0	2	3	3.59940e-03	-5.49631e-01	1.59001e+01
110	1	86	0	2	3	4.01110e-03	-5.85445e-01	1.62105e+01
110	1	87	0	2	3	4.42561e-03	-5.98616e-01	1.53999e+01
110	1	88	0	2	3	4.29158e-03	-6.03532e-01	1.72913e+01
110	1	89	0	2	3	3.96852e-03	-5.78494e-01	1.60856e+01
110	1	90	0	2	3	4.25039e-03	-6.01606e-01	1.64227e+01
110	1	91	0	2	3	4.20879e-03	-5.89858e-01	1.61230e+01
110	1	92	0	2	3	3.73153e-03	-5.55719e-01	1.59903e+01
110	1	93	0	2	3	4.09026e-03	-5.87655e-01	1.68674e+01
110	1	94	0	2	3	4.17214e-03	-5.99970e-01	1.66136e+01
110	1	95	0	2	3	4.98630e-03	-6.55989e-01	1.77579e+01
110	1	96	0	2	3	3.84981e-03	-5.68990e-01	1.59741e+01
110	1	97	0	2	3	4.43960e-03	-6.09149e-01	1.66094e+01
110	1	98	0	2	3	4.27711e-03	-6.21127e-01	1.83718e+01
110	1	99	0	2	3	4.01121e-03	-5.83922e-01	1.66235e+01
110	1	100	0	2	3	4.08139e-03	-5.72115e-01	1.64626e+01
110	1	101	0	2	3	4.01752e-03	-5.78516e-01	1.59643e+01
110	1	102	0	2	3	3.66117e-03	-5.67598e-01	1.65419e+01
110	1	103	0	2	3	4.86177e-03	-6.37464e-01	1.73261e+01
110	1	104	0	2	3	3.86194e-03	-5.74041e-01	1.66902e+01
110	1	105	0	2	3	3.64165e-03	-5.55492e-01	1.53997e+01
110	1	106	0	2	3	4.33145e-03	-6.11370e-01	1.70762e+01
110	1	107	0	2	3	4.21524e-03	-5.99294e-01	1.60020e+01
110	1	108	0	2	3	3.55077e-03	-5.49080e-01	1.69275e+01
110	1	109	0	2	3	4.25828e-03	-6.00644e-01	1.67497e+01
110	1	110	0	2	3	4.52882e-03	-6.25929e-01	1.75911e+01
110	1	111	0	2	3	4.15897e-03	-5.97300e-01	1.71928e+01
110	1	112	0	2	3	3.51041e-03	-5.46562e-01	1.59906e+01
110	1	113	0	2	3	4.02730e-03	-5.80729e-01	1.69152e+01
110	1	114	0	2	3	4.62595e-03	-6.33495e-01	1.73542e+01
110	1	115	0	2	3	4.57809e-03	-6.16052e-01	1.71439e+01
110	1	116	0	2	3	4.13746e-03	-5.93163e-01	1.70109e+01
110	1	117	0	2	3	4.18511e-03	-5.93708e-01	1.61270e+01
110	1	118	0	2	3	3.83647e-03	-5.67549e-01	1.56044e+01
110	1	119	0	2	3	5.09418e-03	-6.53003e-01	1.71886e+01
110	1	120	0	2	3	2.95462e-03	-4.97244e-01	1.48615e+01
110	1	121	0	2	3	4.21642e-03	-5.89259e-01	1.67879e+01
110	1	122	0	2	3	1.62043e-03	-4.14867e-01	1.49596e+01
110	1	123	0	2	3	4.50736e-03	-6.31044e-01	1.93360e+01
110	1	124	0	2	3	4.29448e-03	-5.94309e-01	1.63086e+01
110	1	125	0	2	3	3.64634e-03	-5.62989e-01	1.68849e+01
110	1	126	0	2	3	4.27407e-03	-6.01500e-01	1.62438e+01
110	1	127	0	2	3	4.44448e-03	-6.14014e-01	1.75172e+01
110	1	128	0	2	3	3.26508e-03	-5.51594e-01	1.70716e+01
110	1	129	0	2	3	4.85797e-03	-6.73579e-01	1.93828e+01
110	1	130	0	2	3	3.63405e-03	-5.75541e-01	1.65951e+01
110	1	131	0	2	3	2.53087e-03	-4.88648e-01	1.54992e+01
110	1	132	0	2	3	4.65653e-03	-6.49181e-01	1.89647e+01
110	1	133	0	2	3	4.49082e-03	-6.22367e-01	1.74756e+01
110	1	134	0	2	3	5.67128e-03	-7.25977e-01	1.92303e+01
110	1	135	0	2	3	3.05069e-03	-5.10869e-01	1.47724e+01
110	1	136	0	2	3	4.38051e-03	-6.29300e-01	1.87579e+01
110	1	137	0	2	3	5.57384e-03	-7.10817e-01	1.86438e+01
110	1	138	0	2	3	4.28746e-03	-6.17834e-01	1.76724e+01
110	1	139	0	2	3	4.69401e-03	-6.29979e-01	1.69652e+01
110	1	140	0	2	3	3.68189e-03	-5.85452e-01	1.71446e+01
110	1	141	0	2	3	3.73859e-03	-5.79166e-01	1.67398e+01
110	1	142	0	2	3	3.85380e-03	-5.73931e-01	1.63156e+01
110	1	143	0	2	3	3.97780e-03	-5.90565e-01	1.76604e+01
110	1	144	0	2	3	3.50431e-03	-5.71933e-01	1.69949e+01
110	1	145	0	2	3	4.78453e-03	-6.32019e-01	1.76501e+01
110	1	146	0	2	3	2.54415e-03	-4.91852e-01	1.53570e+01
110	1	147	0	2	3	4.64495e-03	-6.25276e-01	1.66585e+01
110	1	148	0	2	3	3.51962e-03	-5.50323e-01	1.56034e+01
110	1	149	0	2	3	4.75329e-03	-6.28877e-01	1.79937e+01
110	1	150	0	2	3	3.77801e-03	-5.85218e-01	1.66296e+01
110	1	151	0	2	3	4.07180e-03	-5.95183e-01	1.71074e+01
110	1	152	0	2	3	2.18893e-03	-4.61314e-01	1.57273e+01
110	1	153	0	2	3	9.21775e-04	-3.61884e-01	1.37731e+01
110	1	154	0	2	3	4.52692e-03	-6.34525e-01	1.71819e+01
110	1	155	0	2	3	3.59752e-03	-5.64183e-01	1.65165e+01
110	1	156	0	2	3	3.07007e-03	-5.32203e-01	1.62697e+01
110	1	157	0	2	3	-1.10446e-03	-2.36667e-01	1.17486e+01
110	1	158	0	2	3	-9.72992e-03	4.34117e-01	-1.04769e+00
110	1	159	0	2	3	3.98472e-04	-3.94229e-01	1.57096e+01
