##
#  file: HodoPHCParam_Dummy
#  date: 2016.06.15
#  note: first version
#
#
#######################################################################
# CId	PlId	Seg	UorD	Type	nParam	p0	p1	...
#
#	Type=0 no correction will be performed
#	Type=1 ct=t-p[0]/sqrt(a-p[1])+p[2]
#	Type=2 ct=p[0]*a*a + p[1]*a + p[2] for Fiber
#
#######################################################################
# BH1 Up                                                              #
#######################################################################
1	0	0	0	1	3	5.08705e+00	-1.98362e+00	2.93454e+00
1	0	1	0	1	3	6.69706e-01	2.91546e-01	8.10244e-01
1	0	2	0	1	3	5.01779e-01	3.94271e-01	6.64278e-01
1	0	3	0	1	3	7.45330e-01	1.66754e-01	8.56036e-01
1	0	4	0	1	3	8.52890e-01	8.60054e-02	9.27134e-01
1	0	5	0	1	3	1.69981e+00	-1.50393e-01	1.62794e+00
1	0	6	0	1	3	1.58582e+00	-2.35346e-01	1.46587e+00
1	0	7	0	1	3	1.61970e+00	-1.46184e-01	1.54504e+00
1	0	8	0	1	3	1.37546e+00	-2.52696e-01	1.28233e+00
1	0	9	0	1	3	1.74814e+00	-2.76223e-01	1.64100e+00
1	0	10	0	1	3	1.60339e+01	-4.62629e+00	6.81205e+00
#######################################################################
# BH1 Down                                                            #
#######################################################################
1	0	0	1	1	3	1.33519e+00	-9.13138e-02	1.27257e+00
1	0	1	1	1	3	6.24909e-01	2.88647e-01	7.65429e-01
1	0	2	1	1	3	6.68954e-01	2.21542e-01	7.45264e-01
1	0	3	1	1	3	1.32364e+00	-4.57464e-01	1.08318e+00
1	0	4	1	1	3	1.18002e+00	-7.91080e-02	1.17008e+00
1	0	5	1	1	3	2.07299e+00	-4.79828e-01	1.70935e+00
1	0	6	1	1	3	1.96000e+00	-5.20196e-01	1.63958e+00
1	0	7	1	1	3	1.89852e+00	-4.50289e-01	1.60743e+00
1	0	8	1	1	3	1.02469e+00	-6.73213e-02	1.04734e+00
1	0	9	1	1	3	1.64894e+00	-1.85977e-01	1.61292e+00
1	0	10	1	1	3	7.15603e-01	2.22738e-01	8.54972e-01
#######################################################################
# BH2 Up                                                              #
#######################################################################
2	0	0	0	1	3	1.43047e-01	2.98695e-01	2.00085e-01
2	0	1	0	1	3	8.79554e-01	-2.31747e-01	7.85839e-01
2	0	2	0	1	3	5.94572e-01	-4.97541e-01	4.68956e-01
2	0	3	0	1	3	1.91725e-01	3.94747e-02	1.91115e-01
2	0	4	0	1	3	3.31184e-01	-9.38469e-02	3.15823e-01
2	0	5	0	1	3	1.99769e-01	2.70254e-01	2.37321e-01
2	0	6	0	1	3	2.58948e-01	2.41832e-01	3.10133e-01
2	0	7	0	1	3	3.50426e-01	8.80094e-02	3.70898e-01
#######################################################################
# BH2 Down                                                            #
#######################################################################
2	0	0	1	1	3	3.94607e-01	-1.85207e-01	3.84440e-01
2	0	1	1	1	3	9.92155e-01	-3.85817e-01	8.32122e-01
2	0	2	1	1	3	4.10986e-01	-9.27803e-02	3.90143e-01
2	0	3	1	1	3	1.76416e-01	4.84160e-02	1.75490e-01
2	0	4	1	1	3	2.42956e-01	1.23979e-01	2.64593e-01
2	0	5	1	1	3	3.57967e-01	4.32013e-02	3.63973e-01
2	0	6	1	1	3	1.22093e+00	-6.67168e-01	9.30075e-01
2	0	7	1	1	3	2.92156e-01	-4.36810e-03	2.98702e-01
#######################################################################
# BAC                                                                 #
#######################################################################
3	0	0	0	1	3	0.00000e+00	0.00000e+00	0.00000e+00
3	0	1	0	1	3	0.00000e+00	0.00000e+00	0.00000e+00
#######################################################################
# FBH Up                                                              #
#######################################################################
4	0	0	0	2	3	-5.62952e-03	8.96903e-01	-3.53273e+01
4	0	1	0	2	3	-4.29399e-03	7.37975e-01	-3.00049e+01
4	0	2	0	2	3	-5.26894e-03	8.67305e-01	-3.38992e+01
4	0	3	0	2	3	-3.80183e-03	6.69237e-01	-2.72260e+01
4	0	4	0	2	3	-4.35014e-03	7.35785e-01	-2.92008e+01
4	0	5	0	2	3	-4.02541e-03	6.86907e-01	-2.70312e+01
4	0	6	0	2	3	-4.16660e-03	7.08229e-01	-2.81512e+01
4	0	7	0	2	3	-3.93117e-03	6.84759e-01	-2.69101e+01
4	0	8	0	2	3	-4.14423e-03	6.96902e-01	-2.65883e+01
4	0	9	0	2	3	-2.83372e-03	5.62925e-01	-2.20787e+01
4	0	10	0	2	3	-4.07944e-03	7.09420e-01	-2.75603e+01
4	0	11	0	2	3	-3.50961e-03	6.50113e-01	-2.64167e+01
4	0	12	0	2	3	-3.52415e-03	6.49734e-01	-2.67232e+01
4	0	13	0	2	3	-4.13420e-03	7.26957e-01	-2.99675e+01
4	0	14	0	2	3	-4.90315e-03	8.27563e-01	-3.35630e+01
4	0	15	0	2	3	-4.73048e-03	8.13189e-01	-3.31901e+01
#######################################################################
# FBH Down                                                            #
#######################################################################
4	0	0	1	2	3	-5.62952e-03	8.96903e-01	-3.53273e+01
4	0	1	1	2	3	-4.29399e-03	7.37975e-01	-3.00049e+01
4	0	2	1	2	3	-5.26894e-03	8.67305e-01	-3.38992e+01
4	0	3	1	2	3	-3.80183e-03	6.69237e-01	-2.72260e+01
4	0	4	1	2	3	-4.35014e-03	7.35785e-01	-2.92008e+01
4	0	5	1	2	3	-4.02541e-03	6.86907e-01	-2.70312e+01
4	0	6	1	2	3	-4.16660e-03	7.08229e-01	-2.81512e+01
4	0	7	1	2	3	-3.93117e-03	6.84759e-01	-2.69101e+01
4	0	8	1	2	3	-4.14423e-03	6.96902e-01	-2.65883e+01
4	0	9	1	2	3	-2.83372e-03	5.62925e-01	-2.20787e+01
4	0	10	1	2	3	-4.07944e-03	7.09420e-01	-2.75603e+01
4	0	11	1	2	3	-3.50961e-03	6.50113e-01	-2.64167e+01
4	0	12	1	2	3	-3.52415e-03	6.49734e-01	-2.67232e+01
4	0	13	1	2	3	-4.13420e-03	7.26957e-01	-2.99675e+01
4	0	14	1	2	3	-4.90315e-03	8.27563e-01	-3.35630e+01
4	0	15	1	2	3	-4.73048e-03	8.13189e-01	-3.31901e+01
#######################################################################
# PVAC                                                                #
#######################################################################
5	0	0	0	1	3	0.00000e+00	0.00000e+00	0.00000e+00
#######################################################################
# FAC                                                                 #
#######################################################################
6	0	0	0	1	3	0.00000e+00	0.00000e+00	0.00000e+00
#######################################################################
# SCH                                                                 #
#######################################################################
#7	0	0	0	2	3	-0.00500000	0.821213	-32.185321
#7	0	1	0	2	3	-0.00500000	0.830248	-32.269563
#7	0	2	0	2	3	-0.00500000	0.793073	-29.315934
#7	0	3	0	2	3	-0.00500000	0.772144	-28.276705
#7	0	4	0	2	3	-0.00500000	0.801968	-30.687167
#7	0	5	0	2	3	-0.00500000	0.778300	-28.439251
#7	0	6	0	2	3	-0.00500000	0.765872	-27.918181
#7	0	7	0	2	3	-0.00500000	0.738459	-26.016797
#7	0	8	0	2	3	-0.00500000	0.778318	-28.676371
#7	0	9	0	2	3	-0.00500000	0.776670	-28.892887
#7	0	10	0	2	3	-0.00500000	0.764278	-28.122474
#7	0	11	0	2	3	-0.00500000	0.790742	-29.423647
#7	0	12	0	2	3	-0.00500000	0.811330	-30.487019
#7	0	13	0	2	3	-0.00500000	0.818750	-30.891512
#7	0	14	0	2	3	-0.00500000	0.802541	-30.009136
#7	0	15	0	2	3	-0.00500000	0.809525	-30.751746
#7	0	16	0	2	3	-0.00500000	0.802597	-30.845509
#7	0	17	0	2	3	-0.00500000	0.835028	-32.780792
#7	0	18	0	2	3	-0.00500000	0.859176	-33.938731
#7	0	19	0	2	3	-0.00500000	0.814851	-31.445396
#7	0	20	0	2	3	-0.00500000	0.809426	-30.781087
#7	0	21	0	2	3	-0.00500000	0.780678	-28.888756
#7	0	22	0	2	3	-0.00500000	0.808206	-30.719604
#7	0	23	0	2	3	-0.00500000	0.774024	-27.858339
#7	0	24	0	2	3	-0.00500000	0.794308	-29.022101
#7	0	25	0	2	3	-0.00500000	0.775649	-27.980186
#7	0	26	0	2	3	-0.00500000	0.788483	-28.687567
#7	0	27	0	2	3	-0.00466315	0.771386	-29.253260
#7	0	28	0	2	3	-0.00483132	0.790854	-28.637741
#7	0	29	0	2	3	-0.00497049	0.812994	-30.786914
#7	0	30	0	2	3	-0.00500000	0.787793	-28.362716
#7	0	31	0	2	3	-0.00500000	0.790759	-28.876812
#7	0	32	0	2	3	-0.00500000	0.824826	-31.655285
#7	0	33	0	2	3	-0.00500000	0.845304	-33.407765
#7	0	34	0	2	3	-0.00500000	0.832263	-32.939799
#7	0	35	0	2	3	-0.00500000	0.820631	-31.695372
#7	0	36	0	2	3	-0.00500000	0.836997	-33.200590
#7	0	37	0	2	3	-0.00500000	0.819690	-32.097193
#7	0	38	0	2	3	-0.00500000	0.808109	-31.263214
#7	0	39	0	2	3	-0.00500000	0.815224	-31.135523
#7	0	40	0	2	3	-0.00500000	0.803398	-29.897923
#7	0	41	0	2	3	-0.00500000	0.815685	-31.165519
#7	0	42	0	2	3	-0.00500000	0.812980	-30.737261
#7	0	43	0	2	3	-0.00500000	0.829418	-32.693307
#7	0	44	0	2	3	-0.00500000	0.789530	-29.464920
#7	0	45	0	2	3	-0.00500000	0.804789	-31.208151
#7	0	46	0	2	3	-0.00500000	0.830106	-32.806514
#7	0	47	0	2	3	-0.00500000	0.819206	-31.373242
#7	0	48	0	2	3	-0.00500000	0.816165	-31.709319
#7	0	49	0	2	3	-0.00500000	0.798496	-30.201709
#7	0	50	0	2	3	-0.00500000	0.812167	-31.795745
#7	0	51	0	2	3	-0.00500000	0.810749	-31.375226
#7	0	52	0	2	3	-0.00500000	0.803385	-31.372512
#7	0	53	0	2	3	-0.00500000	0.777405	-29.262831
#7	0	54	0	2	3	-0.00500000	0.783954	-29.763410
#7	0	55	0	2	3	-0.00500000	0.789443	-29.976449
#7	0	56	0	2	3	-0.00500000	0.838828	-33.261086
#7	0	57	0	2	3	-0.00500000	0.804421	-30.573195
#7	0	58	0	2	3	-0.00500000	0.773283	-29.111048
#7	0	59	0	2	3	-0.00500000	0.811789	-31.449459
#7	0	60	0	2	3	-0.00500000	0.759724	-28.110014
#7	0	61	0	2	3	-0.00500000	0.810884	-31.379063
#7	0	62	0	2	3	-0.00500000	0.771910	-28.435006
#7	0	63	0	2	3	-0.00500000	0.796658	-30.511906
#######################################################################
# TOF Up                                                              #
#######################################################################
7	0	0	0	1	3	5.24830e+00	-1.96630e+00	2.96170e+00
7	0	1	0	1	3	5.24830e+00	-1.96630e+00	2.96170e+00
7	0	2	0	1	3	5.24830e+00	-1.96630e+00	2.96170e+00
7	0	3	0	1	3	5.24830e+00	-1.96630e+00	2.96170e+00
7	0	4	0	1	3	5.24830e+00	-1.96630e+00	2.96170e+00
7	0	5	0	1	3	5.24830e+00	-1.96630e+00	2.96170e+00
7	0	6	0	1	3	6.97090e+00	-3.03520e+00	3.39910e+00
7	0	7	0	1	3	4.05450e+00	-1.96150e+00	2.30360e+00
7	0	8	0	1	3	1.16940e+02	-2.98600e+01	2.09880e+01
7	0	9	0	1	3	5.24830e+00	-1.96630e+00	2.96170e+00
7	0	10	0	1	3	5.24830e+00	-1.96630e+00	2.96170e+00
7	0	11	0	1	3	5.24830e+00	-1.96630e+00	2.96170e+00
7	0	12	0	1	3	5.24830e+00	-1.96630e+00	2.96170e+00
7	0	13	0	1	3	5.24830e+00	-1.96630e+00	2.96170e+00
7	0	14	0	1	3	5.24830e+00	-1.96630e+00	2.96170e+00
7	0	15	0	1	3	5.24830e+00	-1.96630e+00	2.96170e+00
7	0	16	0	1	3	5.24830e+00	-1.96630e+00	2.96170e+00
7	0	17	0	1	3	5.24830e+00	-1.96630e+00	2.96170e+00
7	0	18	0	1	3	5.24830e+00	-1.96630e+00	2.96170e+00
7	0	19	0	1	3	7.11491e-01	1.85180e-03	5.82402e-01
7	0	20	0	1	3	5.59404e-01	-1.73810e-03	4.50716e-01
7	0	21	0	1	3	8.92499e-01	1.99900e-03	7.37364e-01
7	0	22	0	1	3	6.37553e-01	1.99960e-03	5.45449e-01
7	0	23	0	1	3	1.19210e+00	1.98920e-03	9.99994e-01
#######################################################################
# TOF Down                                                            #
#######################################################################
7	0	0	1	1	3	5.84300e+00	-2.30730e+00	3.11320e+00
7	0	1	1	1	3	5.84300e+00	-2.30730e+00	3.11320e+00
7	0	2	1	1	3	5.84300e+00	-2.30730e+00	3.11320e+00
7	0	3	1	1	3	5.84300e+00	-2.30730e+00	3.11320e+00
7	0	4	1	1	3	5.84300e+00	-2.30730e+00	3.11320e+00
7	0	5	1	1	3	5.84300e+00	-2.30730e+00	3.11320e+00
7	0	6	1	1	3	1.41330e+01	-5.81170e+00	5.32680e+00
7	0	7	1	1	3	7.84850e+01	-2.02870e+01	1.69500e+01
7	0	8	1	1	3	2.20240e+02	-3.62440e+01	3.60080e+01
7	0	9	1	1	3	5.84300e+00	-2.30730e+00	3.11320e+00
7	0	10	1	1	3	5.84300e+00	-2.30730e+00	3.11320e+00
7	0	11	1	1	3	5.84300e+00	-2.30730e+00	3.11320e+00
7	0	12	1	1	3	5.84300e+00	-2.30730e+00	3.11320e+00
7	0	13	1	1	3	5.84300e+00	-2.30730e+00	3.11320e+00
7	0	14	1	1	3	5.84300e+00	-2.30730e+00	3.11320e+00
7	0	15	1	1	3	5.84300e+00	-2.30730e+00	3.11320e+00
7	0	16	1	1	3	5.84300e+00	-2.30730e+00	3.11320e+00
7	0	17	1	1	3	5.84300e+00	-2.30730e+00	3.11320e+00
7	0	18	1	1	3	5.84300e+00	-2.30730e+00	3.11320e+00
7	0	19	1	1	3	6.18741e-01	1.99860e-03	4.90831e-01
7	0	20	1	1	3	5.75901e-01	1.04210e-03	4.72509e-01
7	0	21	1	1	3	9.41046e-01	1.99890e-03	7.79357e-01
7	0	22	1	1	3	4.84266e-01	-1.95590e-03	3.99786e-01
7	0	23	1	1	3	8.97714e-01	1.99860e-03	7.56300e-01
#######################################################################
# BFT U                                                               #
#######################################################################
110	0	0	0	2	3	4.21185e-03	-5.94540e-01	1.55239e+01
110	0	1	0	2	3	-7.22612e-03	2.95867e-01	-1.46300e+00
110	0	2	0	2	3	4.28708e-03	-5.90533e-01	1.51558e+01
110	0	3	0	2	3	3.91462e-03	-5.64555e-01	1.38281e+01
110	0	4	0	2	3	3.44315e-03	-5.38881e-01	1.48312e+01
110	0	5	0	2	3	2.70989e-03	-4.65270e-01	1.35568e+01
110	0	6	0	2	3	3.72449e-03	-5.54303e-01	1.41969e+01
110	0	7	0	2	3	3.89269e-03	-5.54674e-01	1.49124e+01
110	0	8	0	2	3	2.58072e-03	-4.79361e-01	1.33023e+01
110	0	9	0	2	3	2.17209e-03	-4.32406e-01	1.36551e+01
110	0	10	0	2	3	2.75196e-03	-4.95146e-01	1.28503e+01
110	0	11	0	2	3	3.67425e-03	-5.36124e-01	1.53666e+01
110	0	12	0	2	3	5.08134e-03	-6.41427e-01	1.53140e+01
110	0	13	0	2	3	2.86912e-03	-4.85084e-01	1.45749e+01
110	0	14	0	2	3	4.67843e-03	-6.25839e-01	1.51773e+01
110	0	15	0	2	3	4.63706e-03	-6.10753e-01	1.67373e+01
110	0	16	0	2	3	4.04291e-03	-5.67796e-01	1.38507e+01
110	0	17	0	2	3	3.11000e-03	-5.07763e-01	1.46667e+01
110	0	18	0	2	3	4.70632e-03	-6.22767e-01	1.48560e+01
110	0	19	0	2	3	4.31206e-03	-5.86599e-01	1.39154e+01
110	0	20	0	2	3	3.72655e-03	-5.51368e-01	1.41484e+01
110	0	21	0	2	3	3.87728e-03	-5.55925e-01	1.66988e+01
110	0	22	0	2	3	4.27791e-03	-5.96920e-01	1.49095e+01
110	0	23	0	2	3	4.64261e-03	-6.13475e-01	1.65912e+01
110	0	24	0	2	3	3.92029e-03	-5.60299e-01	1.44846e+01
110	0	25	0	2	3	3.93406e-03	-5.58333e-01	1.60464e+01
110	0	26	0	2	3	4.52408e-03	-6.15698e-01	1.63113e+01
110	0	27	0	2	3	4.35370e-03	-5.88387e-01	1.59243e+01
110	0	28	0	2	3	4.00653e-03	-5.65793e-01	1.27696e+01
110	0	29	0	2	3	4.58874e-03	-6.01372e-01	1.56853e+01
110	0	30	0	2	3	4.13369e-03	-5.82737e-01	1.44627e+01
110	0	31	0	2	3	4.01370e-03	-5.69166e-01	1.57249e+01
110	0	32	0	2	3	3.66141e-03	-5.53120e-01	1.42485e+01
110	0	33	0	2	3	4.17267e-03	-5.56926e-01	1.35652e+01
110	0	34	0	2	3	4.03805e-03	-5.80598e-01	1.45529e+01
110	0	35	0	2	3	4.71968e-03	-6.26574e-01	1.67632e+01
110	0	36	0	2	3	3.86141e-03	-5.54305e-01	1.38318e+01
110	0	37	0	2	3	3.66480e-03	-5.46067e-01	1.62205e+01
110	0	38	0	2	3	4.16363e-03	-5.77318e-01	1.37403e+01
110	0	39	0	2	3	4.78015e-03	-6.23606e-01	1.63286e+01
110	0	40	0	2	3	3.94554e-03	-5.62387e-01	1.38785e+01
110	0	41	0	2	3	3.99659e-03	-5.63973e-01	1.63000e+01
110	0	42	0	2	3	4.26344e-03	-5.85543e-01	1.48655e+01
110	0	43	0	2	3	3.54059e-03	-5.41024e-01	1.55808e+01
110	0	44	0	2	3	3.63325e-03	-5.48359e-01	1.38964e+01
110	0	45	0	2	3	4.31659e-03	-5.83582e-01	1.61670e+01
110	0	46	0	2	3	4.58902e-03	-6.23026e-01	1.54095e+01
110	0	47	0	2	3	4.78636e-03	-6.35176e-01	1.83668e+01
110	0	48	0	2	3	3.34223e-03	-5.25070e-01	1.24555e+01
110	0	49	0	2	3	4.09276e-03	-5.68422e-01	1.63254e+01
110	0	50	0	2	3	4.18276e-03	-5.83644e-01	1.48246e+01
110	0	51	0	2	3	5.04703e-03	-6.43519e-01	1.66391e+01
110	0	52	0	2	3	4.03995e-03	-5.68279e-01	1.36654e+01
110	0	53	0	2	3	4.46058e-03	-5.94552e-01	1.55883e+01
110	0	54	0	2	3	4.07639e-03	-5.82131e-01	1.44997e+01
110	0	55	0	2	3	4.62352e-03	-6.11397e-01	1.69372e+01
110	0	56	0	2	3	3.85815e-03	-5.71571e-01	1.52632e+01
110	0	57	0	2	3	4.26331e-03	-5.85998e-01	1.61634e+01
110	0	58	0	2	3	4.08228e-03	-5.78418e-01	1.54057e+01
110	0	59	0	2	3	4.68712e-03	-6.33783e-01	1.74398e+01
110	0	60	0	2	3	3.83890e-03	-5.67819e-01	1.38924e+01
110	0	61	0	2	3	3.53528e-03	-5.32067e-01	1.49003e+01
110	0	62	0	2	3	5.00598e-03	-6.41235e-01	1.53051e+01
110	0	63	0	2	3	3.90388e-03	-5.65009e-01	1.44656e+01
110	0	64	0	2	3	3.98814e-03	-5.76903e-01	1.46406e+01
110	0	65	0	2	3	4.38701e-03	-5.97840e-01	1.60466e+01
110	0	66	0	2	3	4.78606e-03	-6.45837e-01	1.71372e+01
110	0	67	0	2	3	3.72692e-03	-5.56786e-01	1.55944e+01
110	0	68	0	2	3	3.92288e-03	-5.84453e-01	1.54209e+01
110	0	69	0	2	3	4.22948e-03	-5.82757e-01	1.52737e+01
110	0	70	0	2	3	4.43429e-03	-6.23248e-01	1.50147e+01
110	0	71	0	2	3	3.97631e-03	-5.74264e-01	1.56312e+01
110	0	72	0	2	3	3.88963e-03	-5.72645e-01	1.38853e+01
110	0	73	0	2	3	4.02259e-03	-5.78332e-01	1.51020e+01
110	0	74	0	2	3	4.30315e-03	-6.09888e-01	1.56819e+01
110	0	75	0	2	3	4.18941e-03	-5.86599e-01	1.54930e+01
110	0	76	0	2	3	3.87133e-03	-5.66089e-01	1.38482e+01
110	0	77	0	2	3	3.79051e-03	-5.57482e-01	1.52811e+01
110	0	78	0	2	3	4.46368e-03	-6.18553e-01	1.51210e+01
110	0	79	0	2	3	4.59824e-03	-6.14178e-01	1.58815e+01
110	0	80	0	2	3	4.31327e-03	-5.98858e-01	1.54795e+01
110	0	81	0	2	3	4.06195e-03	-5.68286e-01	1.50586e+01
110	0	82	0	2	3	4.71175e-03	-6.26433e-01	1.54928e+01
110	0	83	0	2	3	4.60847e-03	-6.19070e-01	1.58919e+01
110	0	84	0	2	3	4.29184e-03	-5.94017e-01	1.47757e+01
110	0	85	0	2	3	3.98417e-03	-5.67952e-01	1.54114e+01
110	0	86	0	2	3	4.36566e-03	-6.22035e-01	1.53406e+01
110	0	87	0	2	3	4.52138e-03	-6.19005e-01	1.66671e+01
110	0	88	0	2	3	3.57723e-03	-5.40545e-01	1.42219e+01
110	0	89	0	2	3	4.28160e-03	-5.94925e-01	1.55459e+01
110	0	90	0	2	3	4.08577e-03	-5.88816e-01	1.43463e+01
110	0	91	0	2	3	4.95426e-03	-6.51651e-01	1.61591e+01
110	0	92	0	2	3	4.05229e-03	-5.92258e-01	1.52563e+01
110	0	93	0	2	3	3.90110e-03	-5.60217e-01	1.45528e+01
110	0	94	0	2	3	4.42802e-03	-6.29665e-01	1.69517e+01
110	0	95	0	2	3	4.46209e-03	-6.12493e-01	1.62316e+01
110	0	96	0	2	3	4.12951e-03	-5.95959e-01	1.49201e+01
110	0	97	0	2	3	4.70810e-03	-6.23580e-01	1.65147e+01
110	0	98	0	2	3	3.72870e-03	-5.74893e-01	1.46508e+01
110	0	99	0	2	3	3.94662e-03	-5.68411e-01	1.52333e+01
110	0	100	0	2	3	3.81282e-03	-5.64822e-01	1.48109e+01
110	0	101	0	2	3	4.14384e-03	-5.81566e-01	1.56528e+01
110	0	102	0	2	3	4.88221e-03	-6.46743e-01	1.65572e+01
110	0	103	0	2	3	4.76192e-03	-6.33003e-01	1.62081e+01
110	0	104	0	2	3	3.72025e-03	-5.61832e-01	1.39582e+01
110	0	105	0	2	3	4.31036e-03	-5.93577e-01	1.53295e+01
110	0	106	0	2	3	4.73261e-03	-6.37911e-01	1.64043e+01
110	0	107	0	2	3	4.75721e-03	-6.24396e-01	1.53428e+01
110	0	108	0	2	3	3.77567e-03	-5.66611e-01	1.48626e+01
110	0	109	0	2	3	4.32448e-03	-5.97329e-01	1.53244e+01
110	0	110	0	2	3	4.43088e-03	-6.18944e-01	1.58844e+01
110	0	111	0	2	3	4.84048e-03	-6.40922e-01	1.61955e+01
110	0	112	0	2	3	4.01957e-03	-5.75913e-01	1.37141e+01
110	0	113	0	2	3	3.85887e-03	-5.63190e-01	1.47316e+01
110	0	114	0	2	3	4.56989e-03	-6.28007e-01	1.61046e+01
110	0	115	0	2	3	4.21198e-03	-5.89385e-01	1.51772e+01
110	0	116	0	2	3	3.64679e-03	-5.62384e-01	1.45381e+01
110	0	117	0	2	3	3.71001e-03	-5.54670e-01	1.55825e+01
110	0	118	0	2	3	4.24012e-03	-6.08329e-01	1.60253e+01
110	0	119	0	2	3	4.32649e-03	-5.94069e-01	1.43391e+01
110	0	120	0	2	3	4.47043e-03	-6.20645e-01	1.55724e+01
110	0	121	0	2	3	3.39136e-03	-5.35310e-01	1.29758e+01
110	0	122	0	2	3	4.12206e-03	-5.93168e-01	1.61966e+01
110	0	123	0	2	3	5.65067e-03	-6.96045e-01	1.74008e+01
110	0	124	0	2	3	3.93365e-03	-5.79357e-01	1.54631e+01
110	0	125	0	2	3	3.52285e-03	-5.27044e-01	1.20196e+01
110	0	126	0	2	3	3.26188e-03	-5.36062e-01	1.41490e+01
110	0	127	0	2	3	4.02367e-03	-5.70833e-01	1.47011e+01
110	0	128	0	2	3	2.62660e-03	-5.17168e-01	1.50554e+01
110	0	129	0	2	3	4.10274e-03	-6.19082e-01	1.64842e+01
110	0	130	0	2	3	4.71432e-03	-6.58466e-01	1.74078e+01
110	0	131	0	2	3	6.25920e-04	-3.29435e-01	1.09338e+01
110	0	132	0	2	3	3.01827e-03	-5.22126e-01	1.50870e+01
110	0	133	0	2	3	3.86942e-03	-5.73217e-01	1.54949e+01
110	0	134	0	2	3	4.06659e-03	-6.23156e-01	1.68260e+01
110	0	135	0	2	3	6.33574e-03	-7.57456e-01	1.81854e+01
110	0	136	0	2	3	2.86811e-03	-5.11487e-01	1.38971e+01
110	0	137	0	2	3	2.79203e-03	-5.20258e-01	1.52714e+01
110	0	138	0	2	3	2.98489e-03	-5.45266e-01	1.57828e+01
110	0	139	0	2	3	2.85077e-03	-5.28288e-01	1.39723e+01
110	0	140	0	2	3	1.65361e-03	-4.38124e-01	1.40313e+01
110	0	141	0	2	3	3.15230e-03	-5.46908e-01	1.46422e+01
110	0	142	0	2	3	1.66667e-03	-4.25436e-01	1.26687e+01
110	0	143	0	2	3	2.64986e-03	-4.96222e-01	1.37667e+01
110	0	144	0	2	3	3.01962e-04	-3.42464e-01	1.07792e+01
110	0	145	0	2	3	3.85971e-03	-5.76164e-01	1.45077e+01
110	0	146	0	2	3	4.09582e-03	-6.08230e-01	1.62080e+01
110	0	147	0	2	3	-8.83496e-03	3.58583e-01	-1.18687e+00
110	0	148	0	2	3	1.83255e-03	-4.24545e-01	1.19766e+01
110	0	149	0	2	3	2.84883e-03	-4.97668e-01	1.40781e+01
110	0	150	0	2	3	3.16631e-03	-5.04431e-01	1.40397e+01
110	0	151	0	2	3	-9.26949e-04	-1.98877e-01	8.08084e+00
110	0	152	0	2	3	3.09439e-03	-5.42986e-01	1.58343e+01
110	0	153	0	2	3	4.91440e-03	-6.88785e-01	1.83172e+01
110	0	154	0	2	3	7.30088e-03	-8.15242e-01	1.90323e+01
110	0	155	0	2	3	2.32534e-03	-4.79722e-01	1.23425e+01
110	0	156	0	2	3	3.75739e-03	-5.97780e-01	1.64760e+01
110	0	157	0	2	3	-2.17551e-02	1.39987e+00	-2.20903e+01
110	0	158	0	2	3	-1.63936e-03	-1.98010e-01	8.67329e+00
110	0	159	0	2	3	-1.49685e-03	-2.08978e-01	9.15737e+00
#######################################################################
# BFT D                                                               #
#######################################################################
110	1	0	0	2	3	2.53227e-03	-4.66207e-01	1.46687e+01
110	1	1	0	2	3	2.85450e-03	-4.85008e-01	1.45438e+01
110	1	2	0	2	3	4.48414e-03	-6.24559e-01	1.68696e+01
110	1	3	0	2	3	2.37989e-03	-4.63831e-01	1.48452e+01
110	1	4	0	2	3	2.38018e-03	-4.68936e-01	1.40797e+01
110	1	5	0	2	3	3.45728e-03	-5.47019e-01	1.65184e+01
110	1	6	0	2	3	3.24709e-03	-5.32916e-01	1.40520e+01
110	1	7	0	2	3	3.91782e-03	-5.61578e-01	1.58554e+01
110	1	8	0	2	3	3.70613e-03	-5.58726e-01	1.57961e+01
110	1	9	0	2	3	-2.40517e-04	-2.74116e-01	1.23711e+01
110	1	10	0	2	3	4.61833e-03	-6.22756e-01	1.67163e+01
110	1	11	0	2	3	4.20484e-03	-5.90104e-01	1.62784e+01
110	1	12	0	2	3	3.24309e-03	-5.35920e-01	1.47021e+01
110	1	13	0	2	3	3.06337e-03	-5.13344e-01	1.57784e+01
110	1	14	0	2	3	4.76071e-03	-6.43051e-01	1.63287e+01
110	1	15	0	2	3	4.03850e-03	-5.69821e-01	1.64403e+01
110	1	16	0	2	3	3.24690e-03	-5.29057e-01	1.45633e+01
110	1	17	0	2	3	3.40362e-03	-5.29142e-01	1.50791e+01
110	1	18	0	2	3	4.00574e-03	-5.79631e-01	1.48076e+01
110	1	19	0	2	3	3.72750e-03	-5.59546e-01	1.61228e+01
110	1	20	0	2	3	2.17923e-03	-4.58036e-01	1.37127e+01
110	1	21	0	2	3	3.30555e-03	-5.30965e-01	1.66446e+01
110	1	22	0	2	3	3.93352e-03	-5.74703e-01	1.52721e+01
110	1	23	0	2	3	3.16565e-03	-5.15439e-01	1.55138e+01
110	1	24	0	2	3	3.51296e-03	-5.41651e-01	1.55144e+01
110	1	25	0	2	3	4.33475e-03	-6.02865e-01	1.72291e+01
110	1	26	0	2	3	3.27321e-03	-5.28592e-01	1.42644e+01
110	1	27	0	2	3	4.20120e-03	-5.89662e-01	1.76424e+01
110	1	28	0	2	3	4.24558e-03	-6.00517e-01	1.65799e+01
110	1	29	0	2	3	3.77702e-03	-5.58397e-01	1.65185e+01
110	1	30	0	2	3	3.98784e-03	-5.81897e-01	1.55361e+01
110	1	31	0	2	3	4.41110e-03	-6.10609e-01	1.75992e+01
110	1	32	0	2	3	2.99358e-03	-5.16353e-01	1.57186e+01
110	1	33	0	2	3	3.37319e-03	-5.41901e-01	1.53181e+01
110	1	34	0	2	3	3.87611e-03	-5.68066e-01	1.48452e+01
110	1	35	0	2	3	4.08583e-03	-5.90242e-01	1.72428e+01
110	1	36	0	2	3	3.94223e-03	-5.69944e-01	1.60059e+01
110	1	37	0	2	3	3.57510e-03	-5.39675e-01	1.43012e+01
110	1	38	0	2	3	3.78491e-03	-5.65578e-01	1.62219e+01
110	1	39	0	2	3	3.81762e-03	-5.56846e-01	1.55877e+01
110	1	40	0	2	3	3.99196e-03	-5.71751e-01	1.48820e+01
110	1	41	0	2	3	4.09678e-03	-5.79547e-01	1.64620e+01
110	1	42	0	2	3	3.80355e-03	-5.60623e-01	1.52980e+01
110	1	43	0	2	3	4.17480e-03	-5.81072e-01	1.71609e+01
110	1	44	0	2	3	3.71154e-03	-5.63124e-01	1.50022e+01
110	1	45	0	2	3	3.49197e-03	-5.40092e-01	1.60263e+01
110	1	46	0	2	3	4.25667e-03	-6.01875e-01	1.56259e+01
110	1	47	0	2	3	4.59696e-03	-6.37977e-01	1.87630e+01
110	1	48	0	2	3	3.72619e-03	-5.58048e-01	1.55032e+01
110	1	49	0	2	3	3.49786e-03	-5.32887e-01	1.60431e+01
110	1	50	0	2	3	4.06240e-03	-5.83325e-01	1.49302e+01
110	1	51	0	2	3	4.03570e-03	-5.80407e-01	1.66880e+01
110	1	52	0	2	3	3.99584e-03	-5.87468e-01	1.53204e+01
110	1	53	0	2	3	3.76997e-03	-5.60309e-01	1.66259e+01
110	1	54	0	2	3	4.18762e-03	-6.02914e-01	1.66034e+01
110	1	55	0	2	3	4.35020e-03	-6.02363e-01	1.71466e+01
110	1	56	0	2	3	3.55334e-03	-5.64665e-01	1.50852e+01
110	1	57	0	2	3	3.95560e-03	-5.75190e-01	1.64083e+01
110	1	58	0	2	3	4.20115e-03	-6.08429e-01	1.76712e+01
110	1	59	0	2	3	4.10466e-03	-5.93862e-01	1.80329e+01
110	1	60	0	2	3	3.91011e-03	-5.80897e-01	1.60347e+01
110	1	61	0	2	3	4.14276e-03	-5.74987e-01	1.58443e+01
110	1	62	0	2	3	4.01228e-03	-5.84409e-01	1.50269e+01
110	1	63	0	2	3	4.22334e-03	-5.94781e-01	1.70585e+01
110	1	64	0	2	3	3.92148e-03	-5.80718e-01	1.63382e+01
110	1	65	0	2	3	4.13937e-03	-5.88648e-01	1.62587e+01
110	1	66	0	2	3	4.39957e-03	-6.24379e-01	1.59123e+01
110	1	67	0	2	3	4.37944e-03	-6.09668e-01	1.57678e+01
110	1	68	0	2	3	3.57226e-03	-5.42578e-01	1.39788e+01
110	1	69	0	2	3	3.92304e-03	-5.72070e-01	1.60180e+01
110	1	70	0	2	3	3.99765e-03	-5.85374e-01	1.62058e+01
110	1	71	0	2	3	4.17758e-03	-5.99554e-01	1.67972e+01
110	1	72	0	2	3	3.47233e-03	-5.44438e-01	1.50139e+01
110	1	73	0	2	3	3.94931e-03	-5.78640e-01	1.68654e+01
110	1	74	0	2	3	4.03941e-03	-5.84984e-01	1.48671e+01
110	1	75	0	2	3	4.28106e-03	-6.07630e-01	1.63871e+01
110	1	76	0	2	3	3.68327e-03	-5.58261e-01	1.50468e+01
110	1	77	0	2	3	3.98371e-03	-5.86073e-01	1.60256e+01
110	1	78	0	2	3	4.34447e-03	-6.09467e-01	1.52844e+01
110	1	79	0	2	3	4.10941e-03	-5.88131e-01	1.58757e+01
110	1	80	0	2	3	3.87782e-03	-5.67910e-01	1.50481e+01
110	1	81	0	2	3	3.86899e-03	-5.68903e-01	1.48596e+01
110	1	82	0	2	3	4.33838e-03	-6.05765e-01	1.66416e+01
110	1	83	0	2	3	4.33263e-03	-5.90635e-01	1.54224e+01
110	1	84	0	2	3	3.41961e-03	-5.27114e-01	1.37755e+01
110	1	85	0	2	3	3.87027e-03	-5.65097e-01	1.49725e+01
110	1	86	0	2	3	4.23649e-03	-5.99996e-01	1.63308e+01
110	1	87	0	2	3	4.19056e-03	-5.86031e-01	1.41574e+01
110	1	88	0	2	3	3.66833e-03	-5.59960e-01	1.54230e+01
110	1	89	0	2	3	3.83239e-03	-5.64637e-01	1.46145e+01
110	1	90	0	2	3	4.04068e-03	-5.86541e-01	1.50374e+01
110	1	91	0	2	3	3.96974e-03	-5.75327e-01	1.57539e+01
110	1	92	0	2	3	4.34829e-03	-5.95953e-01	1.54612e+01
110	1	93	0	2	3	3.90590e-03	-5.69987e-01	1.52952e+01
110	1	94	0	2	3	4.01430e-03	-5.89519e-01	1.63061e+01
110	1	95	0	2	3	3.69899e-03	-5.64102e-01	1.49565e+01
110	1	96	0	2	3	3.90558e-03	-5.66877e-01	1.46682e+01
110	1	97	0	2	3	4.23199e-03	-5.93270e-01	1.61084e+01
110	1	98	0	2	3	3.98700e-03	-5.98620e-01	1.67573e+01
110	1	99	0	2	3	4.19404e-03	-5.93022e-01	1.54626e+01
110	1	100	0	2	3	4.00239e-03	-5.65836e-01	1.51671e+01
110	1	101	0	2	3	3.66883e-03	-5.49621e-01	1.51775e+01
110	1	102	0	2	3	4.17282e-03	-6.02895e-01	1.59518e+01
110	1	103	0	2	3	4.71865e-03	-6.26613e-01	1.58893e+01
110	1	104	0	2	3	3.84048e-03	-5.69674e-01	1.53172e+01
110	1	105	0	2	3	3.90456e-03	-5.69200e-01	1.53179e+01
110	1	106	0	2	3	4.19451e-03	-6.01328e-01	1.66677e+01
110	1	107	0	2	3	4.39593e-03	-6.08811e-01	1.58577e+01
110	1	108	0	2	3	3.24447e-03	-5.30838e-01	1.54643e+01
110	1	109	0	2	3	3.80167e-03	-5.64314e-01	1.57869e+01
110	1	110	0	2	3	4.87681e-03	-6.48957e-01	1.67105e+01
110	1	111	0	2	3	4.46431e-03	-6.22232e-01	1.74051e+01
110	1	112	0	2	3	4.05413e-03	-5.88753e-01	1.55204e+01
110	1	113	0	2	3	3.52381e-03	-5.48135e-01	1.50876e+01
110	1	114	0	2	3	4.44967e-03	-6.15615e-01	1.56648e+01
110	1	115	0	2	3	4.47073e-03	-6.19741e-01	1.61456e+01
110	1	116	0	2	3	3.95265e-03	-5.76715e-01	1.53776e+01
110	1	117	0	2	3	4.07821e-03	-5.78027e-01	1.53985e+01
110	1	118	0	2	3	4.28648e-03	-6.07987e-01	1.51340e+01
110	1	119	0	2	3	4.92774e-03	-6.45376e-01	1.68362e+01
110	1	120	0	2	3	3.57755e-03	-5.50539e-01	1.46565e+01
110	1	121	0	2	3	4.15877e-03	-5.84497e-01	1.53672e+01
110	1	122	0	2	3	3.33203e-03	-5.34931e-01	1.56387e+01
110	1	123	0	2	3	4.05127e-03	-5.95198e-01	1.72814e+01
110	1	124	0	2	3	4.10465e-03	-5.83273e-01	1.48434e+01
110	1	125	0	2	3	2.71131e-03	-4.92029e-01	1.42362e+01
110	1	126	0	2	3	4.39624e-03	-6.04016e-01	1.57777e+01
110	1	127	0	2	3	4.66567e-03	-6.22630e-01	1.61646e+01
110	1	128	0	2	3	5.00949e-03	-6.77898e-01	1.79797e+01
110	1	129	0	2	3	5.00949e-03	-6.76803e-01	1.79150e+01
110	1	130	0	2	3	4.06570e-03	-5.98364e-01	1.54620e+01
110	1	131	0	2	3	4.50389e-03	-6.15933e-01	1.60858e+01
110	1	132	0	2	3	4.56800e-03	-6.48478e-01	1.77140e+01
110	1	133	0	2	3	3.85463e-03	-5.68648e-01	1.49977e+01
110	1	134	0	2	3	4.71518e-03	-6.57302e-01	1.77422e+01
110	1	135	0	2	3	3.22376e-03	-5.28365e-01	1.47706e+01
110	1	136	0	2	3	4.38887e-03	-6.29977e-01	1.74153e+01
110	1	137	0	2	3	3.64567e-03	-5.68680e-01	1.56747e+01
110	1	138	0	2	3	2.86228e-03	-5.19242e-01	1.47399e+01
110	1	139	0	2	3	3.65385e-03	-5.75164e-01	1.60752e+01
110	1	140	0	2	3	3.43429e-03	-5.44530e-01	1.46797e+01
110	1	141	0	2	3	2.90726e-03	-5.14311e-01	1.41745e+01
110	1	142	0	2	3	6.76504e-03	-7.92549e-01	1.88968e+01
110	1	143	0	2	3	7.42394e-04	-3.47540e-01	1.18020e+01
110	1	144	0	2	3	6.82137e-03	-7.94834e-01	2.03323e+01
110	1	145	0	2	3	2.06893e-03	-4.42881e-01	1.31053e+01
110	1	146	0	2	3	6.36121e-03	-7.79920e-01	1.94291e+01
110	1	147	0	2	3	3.81650e-03	-5.76984e-01	1.47446e+01
110	1	148	0	2	3	4.77005e-03	-6.48777e-01	1.62072e+01
110	1	149	0	2	3	3.40056e-03	-5.52444e-01	1.58019e+01
110	1	150	0	2	3	-6.73030e-03	1.63621e-01	3.37759e+00
110	1	151	0	2	3	6.44255e-03	-7.59335e-01	1.85796e+01
110	1	152	0	2	3	-1.86511e-03	-1.64139e-01	8.99957e+00
110	1	153	0	2	3	-7.15559e-03	2.32069e-01	1.71042e+00
110	1	154	0	2	3	1.53914e-03	-4.58228e-01	1.44876e+01
110	1	155	0	2	3	4.24848e-03	-6.16807e-01	1.53618e+01
110	1	156	0	2	3	-1.56150e-03	-2.30722e-01	1.05752e+01
110	1	157	0	2	3	1.83297e-03	-4.22224e-01	1.33036e+01
110	1	158	0	2	3	3.21592e-03	-5.44408e-01	1.59077e+01
110	1	159	0	2	3	-1.70599e-03	-1.37411e-01	7.98902e+00
