##
#  file: HodoPHCParam_Dummy
#  date: 2016.06.15
#  note: first version
#
#
#######################################################################
# CId	PlId	Seg	UorD	Type	nParam	p0	p1	...
#
#	Type=0 no correction will be performed
#	Type=1 ct=t-p[0]/sqrt(a-p[1])+p[2]
#	Type=2 ct=p[0]*a*a + p[1]*a + p[2] for Fiber
#
#######################################################################
# BH1 Up                                                              #
#######################################################################
1	0	0	0	1	3	5.08705e+00	-1.98362e+00	2.93454e+00
1	0	1	0	1	3	6.69706e-01	2.91546e-01	8.10244e-01
1	0	2	0	1	3	5.01779e-01	3.94271e-01	6.64278e-01
1	0	3	0	1	3	7.45330e-01	1.66754e-01	8.56036e-01
1	0	4	0	1	3	8.52890e-01	8.60054e-02	9.27134e-01
1	0	5	0	1	3	1.69981e+00	-1.50393e-01	1.62794e+00
1	0	6	0	1	3	1.58582e+00	-2.35346e-01	1.46587e+00
1	0	7	0	1	3	1.61970e+00	-1.46184e-01	1.54504e+00
1	0	8	0	1	3	1.37546e+00	-2.52696e-01	1.28233e+00
1	0	9	0	1	3	1.74814e+00	-2.76223e-01	1.64100e+00
1	0	10	0	1	3	1.60339e+01	-4.62629e+00	6.81205e+00
#######################################################################
# BH1 Down                                                            #
#######################################################################
1	0	0	1	1	3	1.33519e+00	-9.13138e-02	1.27257e+00
1	0	1	1	1	3	6.24909e-01	2.88647e-01	7.65429e-01
1	0	2	1	1	3	6.68954e-01	2.21542e-01	7.45264e-01
1	0	3	1	1	3	1.32364e+00	-4.57464e-01	1.08318e+00
1	0	4	1	1	3	1.18002e+00	-7.91080e-02	1.17008e+00
1	0	5	1	1	3	2.07299e+00	-4.79828e-01	1.70935e+00
1	0	6	1	1	3	1.96000e+00	-5.20196e-01	1.63958e+00
1	0	7	1	1	3	1.89852e+00	-4.50289e-01	1.60743e+00
1	0	8	1	1	3	1.02469e+00	-6.73213e-02	1.04734e+00
1	0	9	1	1	3	1.64894e+00	-1.85977e-01	1.61292e+00
1	0	10	1	1	3	7.15603e-01	2.22738e-01	8.54972e-01
#######################################################################
# BH2 Up                                                              #
#######################################################################
2	0	0	0	1	3	1.43047e-01	2.98695e-01	2.00085e-01
2	0	1	0	1	3	8.79554e-01	-2.31747e-01	7.85839e-01
2	0	2	0	1	3	5.94572e-01	-4.97541e-01	4.68956e-01
2	0	3	0	1	3	1.91725e-01	3.94747e-02	1.91115e-01
2	0	4	0	1	3	3.31184e-01	-9.38469e-02	3.15823e-01
2	0	5	0	1	3	1.99769e-01	2.70254e-01	2.37321e-01
2	0	6	0	1	3	2.58948e-01	2.41832e-01	3.10133e-01
2	0	7	0	1	3	3.50426e-01	8.80094e-02	3.70898e-01
#######################################################################
# BH2 Down                                                            #
#######################################################################
2	0	0	1	1	3	3.94607e-01	-1.85207e-01	3.84440e-01
2	0	1	1	1	3	9.92155e-01	-3.85817e-01	8.32122e-01
2	0	2	1	1	3	4.10986e-01	-9.27803e-02	3.90143e-01
2	0	3	1	1	3	1.76416e-01	4.84160e-02	1.75490e-01
2	0	4	1	1	3	2.42956e-01	1.23979e-01	2.64593e-01
2	0	5	1	1	3	3.57967e-01	4.32013e-02	3.63973e-01
2	0	6	1	1	3	1.22093e+00	-6.67168e-01	9.30075e-01
2	0	7	1	1	3	2.92156e-01	-4.36810e-03	2.98702e-01
#######################################################################
# BAC                                                                 #
#######################################################################
3	0	0	0	1	3	0.00000e+00	0.00000e+00	0.00000e+00
3	0	1	0	1	3	0.00000e+00	0.00000e+00	0.00000e+00
#######################################################################
# FBH Up                                                              #
#######################################################################
4	0	0	0	2	3	-5.62952e-03	8.96903e-01	-3.53273e+01
4	0	1	0	2	3	-4.29399e-03	7.37975e-01	-3.00049e+01
4	0	2	0	2	3	-5.26894e-03	8.67305e-01	-3.38992e+01
4	0	3	0	2	3	-3.80183e-03	6.69237e-01	-2.72260e+01
4	0	4	0	2	3	-4.35014e-03	7.35785e-01	-2.92008e+01
4	0	5	0	2	3	-4.02541e-03	6.86907e-01	-2.70312e+01
4	0	6	0	2	3	-4.16660e-03	7.08229e-01	-2.81512e+01
4	0	7	0	2	3	-3.93117e-03	6.84759e-01	-2.69101e+01
4	0	8	0	2	3	-4.14423e-03	6.96902e-01	-2.65883e+01
4	0	9	0	2	3	-2.83372e-03	5.62925e-01	-2.20787e+01
4	0	10	0	2	3	-4.07944e-03	7.09420e-01	-2.75603e+01
4	0	11	0	2	3	-3.50961e-03	6.50113e-01	-2.64167e+01
4	0	12	0	2	3	-3.52415e-03	6.49734e-01	-2.67232e+01
4	0	13	0	2	3	-4.13420e-03	7.26957e-01	-2.99675e+01
4	0	14	0	2	3	-4.90315e-03	8.27563e-01	-3.35630e+01
4	0	15	0	2	3	-4.73048e-03	8.13189e-01	-3.31901e+01
#######################################################################
# FBH Down                                                            #
#######################################################################
4	0	0	1	2	3	-5.62952e-03	8.96903e-01	-3.53273e+01
4	0	1	1	2	3	-4.29399e-03	7.37975e-01	-3.00049e+01
4	0	2	1	2	3	-5.26894e-03	8.67305e-01	-3.38992e+01
4	0	3	1	2	3	-3.80183e-03	6.69237e-01	-2.72260e+01
4	0	4	1	2	3	-4.35014e-03	7.35785e-01	-2.92008e+01
4	0	5	1	2	3	-4.02541e-03	6.86907e-01	-2.70312e+01
4	0	6	1	2	3	-4.16660e-03	7.08229e-01	-2.81512e+01
4	0	7	1	2	3	-3.93117e-03	6.84759e-01	-2.69101e+01
4	0	8	1	2	3	-4.14423e-03	6.96902e-01	-2.65883e+01
4	0	9	1	2	3	-2.83372e-03	5.62925e-01	-2.20787e+01
4	0	10	1	2	3	-4.07944e-03	7.09420e-01	-2.75603e+01
4	0	11	1	2	3	-3.50961e-03	6.50113e-01	-2.64167e+01
4	0	12	1	2	3	-3.52415e-03	6.49734e-01	-2.67232e+01
4	0	13	1	2	3	-4.13420e-03	7.26957e-01	-2.99675e+01
4	0	14	1	2	3	-4.90315e-03	8.27563e-01	-3.35630e+01
4	0	15	1	2	3	-4.73048e-03	8.13189e-01	-3.31901e+01
#######################################################################
# PVAC                                                                #
#######################################################################
5	0	0	0	1	3	0.00000e+00	0.00000e+00	0.00000e+00
#######################################################################
# FAC                                                                 #
#######################################################################
6	0	0	0	1	3	0.00000e+00	0.00000e+00	0.00000e+00
#######################################################################
# SCH                                                                 #
#######################################################################
#7	0	0	0	2	3	-0.00500000	0.821213	-32.185321
#7	0	1	0	2	3	-0.00500000	0.830248	-32.269563
#7	0	2	0	2	3	-0.00500000	0.793073	-29.315934
#7	0	3	0	2	3	-0.00500000	0.772144	-28.276705
#7	0	4	0	2	3	-0.00500000	0.801968	-30.687167
#7	0	5	0	2	3	-0.00500000	0.778300	-28.439251
#7	0	6	0	2	3	-0.00500000	0.765872	-27.918181
#7	0	7	0	2	3	-0.00500000	0.738459	-26.016797
#7	0	8	0	2	3	-0.00500000	0.778318	-28.676371
#7	0	9	0	2	3	-0.00500000	0.776670	-28.892887
#7	0	10	0	2	3	-0.00500000	0.764278	-28.122474
#7	0	11	0	2	3	-0.00500000	0.790742	-29.423647
#7	0	12	0	2	3	-0.00500000	0.811330	-30.487019
#7	0	13	0	2	3	-0.00500000	0.818750	-30.891512
#7	0	14	0	2	3	-0.00500000	0.802541	-30.009136
#7	0	15	0	2	3	-0.00500000	0.809525	-30.751746
#7	0	16	0	2	3	-0.00500000	0.802597	-30.845509
#7	0	17	0	2	3	-0.00500000	0.835028	-32.780792
#7	0	18	0	2	3	-0.00500000	0.859176	-33.938731
#7	0	19	0	2	3	-0.00500000	0.814851	-31.445396
#7	0	20	0	2	3	-0.00500000	0.809426	-30.781087
#7	0	21	0	2	3	-0.00500000	0.780678	-28.888756
#7	0	22	0	2	3	-0.00500000	0.808206	-30.719604
#7	0	23	0	2	3	-0.00500000	0.774024	-27.858339
#7	0	24	0	2	3	-0.00500000	0.794308	-29.022101
#7	0	25	0	2	3	-0.00500000	0.775649	-27.980186
#7	0	26	0	2	3	-0.00500000	0.788483	-28.687567
#7	0	27	0	2	3	-0.00466315	0.771386	-29.253260
#7	0	28	0	2	3	-0.00483132	0.790854	-28.637741
#7	0	29	0	2	3	-0.00497049	0.812994	-30.786914
#7	0	30	0	2	3	-0.00500000	0.787793	-28.362716
#7	0	31	0	2	3	-0.00500000	0.790759	-28.876812
#7	0	32	0	2	3	-0.00500000	0.824826	-31.655285
#7	0	33	0	2	3	-0.00500000	0.845304	-33.407765
#7	0	34	0	2	3	-0.00500000	0.832263	-32.939799
#7	0	35	0	2	3	-0.00500000	0.820631	-31.695372
#7	0	36	0	2	3	-0.00500000	0.836997	-33.200590
#7	0	37	0	2	3	-0.00500000	0.819690	-32.097193
#7	0	38	0	2	3	-0.00500000	0.808109	-31.263214
#7	0	39	0	2	3	-0.00500000	0.815224	-31.135523
#7	0	40	0	2	3	-0.00500000	0.803398	-29.897923
#7	0	41	0	2	3	-0.00500000	0.815685	-31.165519
#7	0	42	0	2	3	-0.00500000	0.812980	-30.737261
#7	0	43	0	2	3	-0.00500000	0.829418	-32.693307
#7	0	44	0	2	3	-0.00500000	0.789530	-29.464920
#7	0	45	0	2	3	-0.00500000	0.804789	-31.208151
#7	0	46	0	2	3	-0.00500000	0.830106	-32.806514
#7	0	47	0	2	3	-0.00500000	0.819206	-31.373242
#7	0	48	0	2	3	-0.00500000	0.816165	-31.709319
#7	0	49	0	2	3	-0.00500000	0.798496	-30.201709
#7	0	50	0	2	3	-0.00500000	0.812167	-31.795745
#7	0	51	0	2	3	-0.00500000	0.810749	-31.375226
#7	0	52	0	2	3	-0.00500000	0.803385	-31.372512
#7	0	53	0	2	3	-0.00500000	0.777405	-29.262831
#7	0	54	0	2	3	-0.00500000	0.783954	-29.763410
#7	0	55	0	2	3	-0.00500000	0.789443	-29.976449
#7	0	56	0	2	3	-0.00500000	0.838828	-33.261086
#7	0	57	0	2	3	-0.00500000	0.804421	-30.573195
#7	0	58	0	2	3	-0.00500000	0.773283	-29.111048
#7	0	59	0	2	3	-0.00500000	0.811789	-31.449459
#7	0	60	0	2	3	-0.00500000	0.759724	-28.110014
#7	0	61	0	2	3	-0.00500000	0.810884	-31.379063
#7	0	62	0	2	3	-0.00500000	0.771910	-28.435006
#7	0	63	0	2	3	-0.00500000	0.796658	-30.511906
#######################################################################
# TOF Up                                                              #
#######################################################################
7	0	0	0	1	3	5.24830e+00	-1.96630e+00	2.96170e+00
7	0	1	0	1	3	5.24830e+00	-1.96630e+00	2.96170e+00
7	0	2	0	1	3	5.24830e+00	-1.96630e+00	2.96170e+00
7	0	3	0	1	3	5.24830e+00	-1.96630e+00	2.96170e+00
7	0	4	0	1	3	5.24830e+00	-1.96630e+00	2.96170e+00
7	0	5	0	1	3	5.24830e+00	-1.96630e+00	2.96170e+00
7	0	6	0	1	3	6.97090e+00	-3.03520e+00	3.39910e+00
7	0	7	0	1	3	4.05450e+00	-1.96150e+00	2.30360e+00
7	0	8	0	1	3	1.16940e+02	-2.98600e+01	2.09880e+01
7	0	9	0	1	3	5.24830e+00	-1.96630e+00	2.96170e+00
7	0	10	0	1	3	5.24830e+00	-1.96630e+00	2.96170e+00
7	0	11	0	1	3	5.24830e+00	-1.96630e+00	2.96170e+00
7	0	12	0	1	3	5.24830e+00	-1.96630e+00	2.96170e+00
7	0	13	0	1	3	5.24830e+00	-1.96630e+00	2.96170e+00
7	0	14	0	1	3	5.24830e+00	-1.96630e+00	2.96170e+00
7	0	15	0	1	3	5.24830e+00	-1.96630e+00	2.96170e+00
7	0	16	0	1	3	5.24830e+00	-1.96630e+00	2.96170e+00
7	0	17	0	1	3	5.24830e+00	-1.96630e+00	2.96170e+00
7	0	18	0	1	3	5.24830e+00	-1.96630e+00	2.96170e+00
7	0	19	0	1	3	7.11491e-01	1.85180e-03	5.82402e-01
7	0	20	0	1	3	5.59404e-01	-1.73810e-03	4.50716e-01
7	0	21	0	1	3	8.92499e-01	1.99900e-03	7.37364e-01
7	0	22	0	1	3	6.37553e-01	1.99960e-03	5.45449e-01
7	0	23	0	1	3	1.19210e+00	1.98920e-03	9.99994e-01
#######################################################################
# TOF Down                                                            #
#######################################################################
7	0	0	1	1	3	5.84300e+00	-2.30730e+00	3.11320e+00
7	0	1	1	1	3	5.84300e+00	-2.30730e+00	3.11320e+00
7	0	2	1	1	3	5.84300e+00	-2.30730e+00	3.11320e+00
7	0	3	1	1	3	5.84300e+00	-2.30730e+00	3.11320e+00
7	0	4	1	1	3	5.84300e+00	-2.30730e+00	3.11320e+00
7	0	5	1	1	3	5.84300e+00	-2.30730e+00	3.11320e+00
7	0	6	1	1	3	1.41330e+01	-5.81170e+00	5.32680e+00
7	0	7	1	1	3	7.84850e+01	-2.02870e+01	1.69500e+01
7	0	8	1	1	3	2.20240e+02	-3.62440e+01	3.60080e+01
7	0	9	1	1	3	5.84300e+00	-2.30730e+00	3.11320e+00
7	0	10	1	1	3	5.84300e+00	-2.30730e+00	3.11320e+00
7	0	11	1	1	3	5.84300e+00	-2.30730e+00	3.11320e+00
7	0	12	1	1	3	5.84300e+00	-2.30730e+00	3.11320e+00
7	0	13	1	1	3	5.84300e+00	-2.30730e+00	3.11320e+00
7	0	14	1	1	3	5.84300e+00	-2.30730e+00	3.11320e+00
7	0	15	1	1	3	5.84300e+00	-2.30730e+00	3.11320e+00
7	0	16	1	1	3	5.84300e+00	-2.30730e+00	3.11320e+00
7	0	17	1	1	3	5.84300e+00	-2.30730e+00	3.11320e+00
7	0	18	1	1	3	5.84300e+00	-2.30730e+00	3.11320e+00
7	0	19	1	1	3	6.18741e-01	1.99860e-03	4.90831e-01
7	0	20	1	1	3	5.75901e-01	1.04210e-03	4.72509e-01
7	0	21	1	1	3	9.41046e-01	1.99890e-03	7.79357e-01
7	0	22	1	1	3	4.84266e-01	-1.95590e-03	3.99786e-01
7	0	23	1	1	3	8.97714e-01	1.99860e-03	7.56300e-01
#######################################################################
# BFT U                                                               #
#######################################################################
110	0	0	0	2	3	2.08760e-03	-4.35983e-01	1.24182e+01
110	0	1	0	2	3	4.14150e-03	-5.67834e-01	1.45100e+01
110	0	2	0	2	3	4.10755e-03	-5.83541e-01	1.48649e+01
110	0	3	0	2	3	4.63889e-03	-6.14306e-01	1.44142e+01
110	0	4	0	2	3	3.67723e-03	-5.52999e-01	1.47726e+01
110	0	5	0	2	3	3.43611e-03	-5.21918e-01	1.44307e+01
110	0	6	0	2	3	4.09837e-03	-5.82982e-01	1.45550e+01
110	0	7	0	2	3	4.25083e-03	-5.86631e-01	1.53481e+01
110	0	8	0	2	3	3.79987e-03	-5.64564e-01	1.44963e+01
110	0	9	0	2	3	4.29121e-03	-5.90364e-01	1.62874e+01
110	0	10	0	2	3	3.38677e-03	-5.34919e-01	1.31690e+01
110	0	11	0	2	3	4.68315e-03	-6.11113e-01	1.65302e+01
110	0	12	0	2	3	3.18987e-03	-5.16231e-01	1.30928e+01
110	0	13	0	2	3	3.93490e-03	-5.66139e-01	1.58512e+01
110	0	14	0	2	3	3.71434e-03	-5.53575e-01	1.35743e+01
110	0	15	0	2	3	4.44380e-03	-6.07485e-01	1.66868e+01
110	0	16	0	2	3	3.54969e-03	-5.34613e-01	1.30365e+01
110	0	17	0	2	3	4.19828e-03	-5.80544e-01	1.56083e+01
110	0	18	0	2	3	4.00033e-03	-5.78901e-01	1.39374e+01
110	0	19	0	2	3	4.81371e-03	-6.29990e-01	1.45647e+01
110	0	20	0	2	3	3.33935e-03	-5.22487e-01	1.33697e+01
110	0	21	0	2	3	4.48094e-03	-6.04558e-01	1.74036e+01
110	0	22	0	2	3	4.31820e-03	-5.96873e-01	1.45910e+01
110	0	23	0	2	3	4.15152e-03	-5.75535e-01	1.56051e+01
110	0	24	0	2	3	4.47568e-03	-6.02563e-01	1.50616e+01
110	0	25	0	2	3	3.94390e-03	-5.55620e-01	1.56456e+01
110	0	26	0	2	3	3.97018e-03	-5.74325e-01	1.52910e+01
110	0	27	0	2	3	4.18596e-03	-5.70018e-01	1.52531e+01
110	0	28	0	2	3	3.79564e-03	-5.55740e-01	1.24138e+01
110	0	29	0	2	3	3.70524e-03	-5.35545e-01	1.42139e+01
110	0	30	0	2	3	4.09110e-03	-5.83455e-01	1.42786e+01
110	0	31	0	2	3	4.18131e-03	-5.83024e-01	1.57661e+01
110	0	32	0	2	3	3.97115e-03	-5.78550e-01	1.45415e+01
110	0	33	0	2	3	4.48387e-03	-5.81029e-01	1.38084e+01
110	0	34	0	2	3	4.34153e-03	-5.96955e-01	1.44972e+01
110	0	35	0	2	3	4.92196e-03	-6.46005e-01	1.69452e+01
110	0	36	0	2	3	4.15182e-03	-5.73514e-01	1.38902e+01
110	0	37	0	2	3	4.26276e-03	-5.94397e-01	1.69215e+01
110	0	38	0	2	3	4.29157e-03	-5.87584e-01	1.36935e+01
110	0	39	0	2	3	4.41819e-03	-5.98455e-01	1.56441e+01
110	0	40	0	2	3	3.99585e-03	-5.64080e-01	1.36395e+01
110	0	41	0	2	3	3.98394e-03	-5.65053e-01	1.61223e+01
110	0	42	0	2	3	4.31750e-03	-5.84755e-01	1.44962e+01
110	0	43	0	2	3	4.67485e-03	-6.25650e-01	1.68980e+01
110	0	44	0	2	3	3.97883e-03	-5.70008e-01	1.39563e+01
110	0	45	0	2	3	4.49909e-03	-5.97378e-01	1.61628e+01
110	0	46	0	2	3	4.39783e-03	-6.11344e-01	1.49811e+01
110	0	47	0	2	3	4.43833e-03	-6.09077e-01	1.76460e+01
110	0	48	0	2	3	3.80724e-03	-5.53178e-01	1.25945e+01
110	0	49	0	2	3	4.06592e-03	-5.71057e-01	1.62109e+01
110	0	50	0	2	3	4.47615e-03	-6.06429e-01	1.50010e+01
110	0	51	0	2	3	4.87105e-03	-6.28147e-01	1.60772e+01
110	0	52	0	2	3	3.73245e-03	-5.48533e-01	1.31079e+01
110	0	53	0	2	3	4.64721e-03	-6.08972e-01	1.56043e+01
110	0	54	0	2	3	4.55505e-03	-6.11226e-01	1.46685e+01
110	0	55	0	2	3	4.64549e-03	-6.12403e-01	1.67046e+01
110	0	56	0	2	3	3.99016e-03	-5.82769e-01	1.52300e+01
110	0	57	0	2	3	4.39430e-03	-5.93020e-01	1.59918e+01
110	0	58	0	2	3	4.14969e-03	-5.87401e-01	1.53728e+01
110	0	59	0	2	3	4.16869e-03	-5.95815e-01	1.65263e+01
110	0	60	0	2	3	4.17925e-03	-5.88252e-01	1.39057e+01
110	0	61	0	2	3	3.73657e-03	-5.49199e-01	1.50032e+01
110	0	62	0	2	3	4.90106e-03	-6.33160e-01	1.48984e+01
110	0	63	0	2	3	4.12003e-03	-5.82281e-01	1.45573e+01
110	0	64	0	2	3	4.01564e-03	-5.76788e-01	1.43245e+01
110	0	65	0	2	3	4.14623e-03	-5.81070e-01	1.55091e+01
110	0	66	0	2	3	4.56910e-03	-6.32419e-01	1.66997e+01
110	0	67	0	2	3	3.92964e-03	-5.69322e-01	1.55275e+01
110	0	68	0	2	3	3.84511e-03	-5.78489e-01	1.50299e+01
110	0	69	0	2	3	4.06240e-03	-5.72777e-01	1.48843e+01
110	0	70	0	2	3	4.39993e-03	-6.22095e-01	1.47686e+01
110	0	71	0	2	3	4.51385e-03	-6.13994e-01	1.61039e+01
110	0	72	0	2	3	3.83008e-03	-5.71832e-01	1.36730e+01
110	0	73	0	2	3	4.50263e-03	-6.12208e-01	1.54380e+01
110	0	74	0	2	3	4.44503e-03	-6.21576e-01	1.56527e+01
110	0	75	0	2	3	4.54183e-03	-6.08678e-01	1.55715e+01
110	0	76	0	2	3	3.72161e-03	-5.54328e-01	1.33637e+01
110	0	77	0	2	3	3.75833e-03	-5.56867e-01	1.50526e+01
110	0	78	0	2	3	4.45600e-03	-6.19865e-01	1.49164e+01
110	0	79	0	2	3	4.59355e-03	-6.12914e-01	1.55881e+01
110	0	80	0	2	3	3.87634e-03	-5.69263e-01	1.47271e+01
110	0	81	0	2	3	4.17744e-03	-5.78056e-01	1.50056e+01
110	0	82	0	2	3	4.40732e-03	-6.05917e-01	1.49152e+01
110	0	83	0	2	3	4.65600e-03	-6.20670e-01	1.56480e+01
110	0	84	0	2	3	3.95924e-03	-5.74309e-01	1.42793e+01
110	0	85	0	2	3	4.03120e-03	-5.71963e-01	1.52454e+01
110	0	86	0	2	3	4.85345e-03	-6.50299e-01	1.54570e+01
110	0	87	0	2	3	4.71553e-03	-6.33289e-01	1.66718e+01
110	0	88	0	2	3	4.30967e-03	-5.96632e-01	1.50237e+01
110	0	89	0	2	3	4.19148e-03	-5.90904e-01	1.52684e+01
110	0	90	0	2	3	4.57588e-03	-6.19322e-01	1.45470e+01
110	0	91	0	2	3	4.58422e-03	-6.23058e-01	1.53711e+01
110	0	92	0	2	3	3.83958e-03	-5.79521e-01	1.48076e+01
110	0	93	0	2	3	4.05460e-03	-5.73477e-01	1.45719e+01
110	0	94	0	2	3	4.81491e-03	-6.57853e-01	1.71803e+01
110	0	95	0	2	3	4.60107e-03	-6.22945e-01	1.61938e+01
110	0	96	0	2	3	4.11237e-03	-5.96599e-01	1.47005e+01
110	0	97	0	2	3	4.64143e-03	-6.19321e-01	1.62030e+01
110	0	98	0	2	3	4.37070e-03	-6.18318e-01	1.50986e+01
110	0	99	0	2	3	4.50585e-03	-6.06794e-01	1.56221e+01
110	0	100	0	2	3	4.16027e-03	-5.91249e-01	1.50443e+01
110	0	101	0	2	3	3.80932e-03	-5.61688e-01	1.51202e+01
110	0	102	0	2	3	4.44310e-03	-6.18425e-01	1.58483e+01
110	0	103	0	2	3	3.99865e-03	-5.81478e-01	1.51163e+01
110	0	104	0	2	3	3.99171e-03	-5.80708e-01	1.39981e+01
110	0	105	0	2	3	4.15648e-03	-5.82087e-01	1.48693e+01
110	0	106	0	2	3	4.24372e-03	-6.05326e-01	1.56214e+01
110	0	107	0	2	3	5.25071e-03	-6.59790e-01	1.57444e+01
110	0	108	0	2	3	3.79319e-03	-5.71283e-01	1.47470e+01
110	0	109	0	2	3	4.53204e-03	-6.16190e-01	1.54695e+01
110	0	110	0	2	3	4.92095e-03	-6.49593e-01	1.60668e+01
110	0	111	0	2	3	4.76699e-03	-6.40751e-01	1.60538e+01
110	0	112	0	2	3	3.92302e-03	-5.68260e-01	1.33143e+01
110	0	113	0	2	3	4.25318e-03	-5.92004e-01	1.49792e+01
110	0	114	0	2	3	4.51894e-03	-6.21339e-01	1.56865e+01
110	0	115	0	2	3	5.61260e-03	-6.89066e-01	1.66476e+01
110	0	116	0	2	3	3.72065e-03	-5.61573e-01	1.41150e+01
110	0	117	0	2	3	4.15788e-03	-5.83614e-01	1.57517e+01
110	0	118	0	2	3	5.06155e-03	-6.62996e-01	1.66459e+01
110	0	119	0	2	3	4.34194e-03	-5.92930e-01	1.40512e+01
110	0	120	0	2	3	4.41325e-03	-6.21964e-01	1.54365e+01
110	0	121	0	2	3	4.24568e-03	-5.89788e-01	1.36085e+01
110	0	122	0	2	3	4.78769e-03	-6.50362e-01	1.71514e+01
110	0	123	0	2	3	5.14559e-03	-6.60818e-01	1.65649e+01
110	0	124	0	2	3	4.12950e-03	-5.89533e-01	1.52608e+01
110	0	125	0	2	3	4.93093e-03	-6.23907e-01	1.33334e+01
110	0	126	0	2	3	4.88675e-03	-6.37383e-01	1.54011e+01
110	0	127	0	2	3	2.98868e-03	-4.99372e-01	1.33096e+01
110	0	128	0	2	3	1.62524e-03	-4.51615e-01	1.38151e+01
110	0	129	0	2	3	3.94728e-03	-5.99191e-01	1.57788e+01
110	0	130	0	2	3	4.00975e-03	-6.07679e-01	1.62684e+01
110	0	131	0	2	3	6.82164e-03	-7.81466e-01	1.87916e+01
110	0	132	0	2	3	1.99521e-03	-4.46224e-01	1.34930e+01
110	0	133	0	2	3	4.57689e-03	-6.30748e-01	1.63668e+01
110	0	134	0	2	3	2.91175e-03	-5.42763e-01	1.52254e+01
110	0	135	0	2	3	2.84431e-03	-5.05865e-01	1.34574e+01
110	0	136	0	2	3	3.37983e-03	-5.33303e-01	1.36624e+01
110	0	137	0	2	3	2.91042e-03	-5.18345e-01	1.48074e+01
110	0	138	0	2	3	-5.95303e-03	1.67496e-01	1.48970e+00
110	0	139	0	2	3	2.93137e-03	-5.23883e-01	1.35394e+01
110	0	140	0	2	3	2.75063e-03	-5.11081e-01	1.48652e+01
110	0	141	0	2	3	2.26086e-03	-4.75733e-01	1.29827e+01
110	0	142	0	2	3	-3.49778e-03	-2.34835e-02	4.81844e+00
110	0	143	0	2	3	1.67910e-03	-4.19469e-01	1.20183e+01
110	0	144	0	2	3	1.33186e-03	-4.13524e-01	1.18720e+01
110	0	145	0	2	3	1.04613e-03	-3.74694e-01	1.07270e+01
110	0	146	0	2	3	-8.51775e-04	-2.19296e-01	8.45963e+00
110	0	147	0	2	3	2.08753e-03	-4.45057e-01	1.31349e+01
110	0	148	0	2	3	4.41676e-03	-6.48394e-01	1.64516e+01
110	0	149	0	2	3	3.62822e-03	-5.53850e-01	1.47921e+01
110	0	150	0	2	3	8.73317e-04	-3.77946e-01	1.22624e+01
110	0	151	0	2	3	-3.10613e-04	-2.69190e-01	9.59060e+00
110	0	152	0	2	3	6.19192e-03	-7.42192e-01	1.86796e+01
110	0	153	0	2	3	-1.28576e-02	6.47240e-01	-6.63116e+00
110	0	154	0	2	3	2.96647e-03	-5.30198e-01	1.42797e+01
110	0	155	0	2	3	2.37775e-03	-4.93816e-01	1.26074e+01
110	0	156	0	2	3	1.30643e-03	-4.03490e-01	1.25591e+01
110	0	157	0	2	3	-7.84566e-03	3.22687e-01	-1.52487e+00
110	0	158	0	2	3	-4.85887e-03	8.33277e-02	2.62822e+00
110	0	159	0	2	3	3.46086e-03	-5.81361e-01	1.57996e+01
#######################################################################
# BFT D                                                               #
#######################################################################
110	1	0	0	2	3	1.73220e-03	-4.08799e-01	1.35065e+01
110	1	1	0	2	3	1.52095e-03	-3.98089e-01	1.29319e+01
110	1	2	0	2	3	4.73119e-03	-6.34094e-01	1.66469e+01
110	1	3	0	2	3	2.63733e-03	-4.84675e-01	1.49864e+01
110	1	4	0	2	3	3.73093e-03	-5.63156e-01	1.54027e+01
110	1	5	0	2	3	2.43237e-03	-4.76471e-01	1.50974e+01
110	1	6	0	2	3	3.56894e-03	-5.59040e-01	1.43323e+01
110	1	7	0	2	3	4.01557e-03	-5.74359e-01	1.59285e+01
110	1	8	0	2	3	3.24378e-03	-5.21536e-01	1.48520e+01
110	1	9	0	2	3	2.56631e-03	-4.84548e-01	1.60368e+01
110	1	10	0	2	3	4.39058e-03	-6.11148e-01	1.63175e+01
110	1	11	0	2	3	5.18057e-03	-6.63177e-01	1.74392e+01
110	1	12	0	2	3	3.51197e-03	-5.48125e-01	1.45520e+01
110	1	13	0	2	3	3.36725e-03	-5.28659e-01	1.57171e+01
110	1	14	0	2	3	4.29465e-03	-6.10551e-01	1.55416e+01
110	1	15	0	2	3	4.06829e-03	-5.80927e-01	1.65654e+01
110	1	16	0	2	3	3.75471e-03	-5.63681e-01	1.48707e+01
110	1	17	0	2	3	3.83318e-03	-5.61011e-01	1.54082e+01
110	1	18	0	2	3	4.05010e-03	-5.79469e-01	1.44708e+01
110	1	19	0	2	3	4.80271e-03	-6.39832e-01	1.73734e+01
110	1	20	0	2	3	3.68802e-03	-5.66965e-01	1.53973e+01
110	1	21	0	2	3	3.59165e-03	-5.48604e-01	1.66153e+01
110	1	22	0	2	3	4.06099e-03	-5.84077e-01	1.52036e+01
110	1	23	0	2	3	3.95242e-03	-5.67527e-01	1.61302e+01
110	1	24	0	2	3	3.71066e-03	-5.64115e-01	1.58456e+01
110	1	25	0	2	3	3.93030e-03	-5.67139e-01	1.62235e+01
110	1	26	0	2	3	3.89533e-03	-5.77845e-01	1.49735e+01
110	1	27	0	2	3	4.35550e-03	-5.98922e-01	1.75160e+01
110	1	28	0	2	3	4.10116e-03	-5.94027e-01	1.62880e+01
110	1	29	0	2	3	3.79332e-03	-5.63140e-01	1.64280e+01
110	1	30	0	2	3	3.94895e-03	-5.76872e-01	1.51493e+01
110	1	31	0	2	3	4.65608e-03	-6.32951e-01	1.78415e+01
110	1	32	0	2	3	4.30870e-03	-6.08670e-01	1.70339e+01
110	1	33	0	2	3	3.32836e-03	-5.37136e-01	1.49554e+01
110	1	34	0	2	3	4.51273e-03	-6.09616e-01	1.52206e+01
110	1	35	0	2	3	3.90245e-03	-5.84455e-01	1.70607e+01
110	1	36	0	2	3	4.04134e-03	-5.78817e-01	1.59478e+01
110	1	37	0	2	3	3.64188e-03	-5.47282e-01	1.42301e+01
110	1	38	0	2	3	4.20873e-03	-5.96524e-01	1.65291e+01
110	1	39	0	2	3	4.13115e-03	-5.83460e-01	1.58955e+01
110	1	40	0	2	3	4.19545e-03	-5.89873e-01	1.50112e+01
110	1	41	0	2	3	4.00773e-03	-5.72078e-01	1.60703e+01
110	1	42	0	2	3	3.80151e-03	-5.60521e-01	1.50211e+01
110	1	43	0	2	3	4.24092e-03	-5.91708e-01	1.72117e+01
110	1	44	0	2	3	3.74675e-03	-5.66151e-01	1.48079e+01
110	1	45	0	2	3	3.73287e-03	-5.58256e-01	1.61358e+01
110	1	46	0	2	3	4.19152e-03	-5.98994e-01	1.53588e+01
110	1	47	0	2	3	4.28989e-03	-6.14105e-01	1.80608e+01
110	1	48	0	2	3	4.08566e-03	-5.83328e-01	1.56918e+01
110	1	49	0	2	3	3.55622e-03	-5.39906e-01	1.59741e+01
110	1	50	0	2	3	4.35439e-03	-6.05501e-01	1.50828e+01
110	1	51	0	2	3	4.10149e-03	-5.87540e-01	1.66162e+01
110	1	52	0	2	3	4.15699e-03	-6.00488e-01	1.53340e+01
110	1	53	0	2	3	3.54788e-03	-5.43685e-01	1.60512e+01
110	1	54	0	2	3	4.41264e-03	-6.18041e-01	1.65748e+01
110	1	55	0	2	3	4.10577e-03	-5.87564e-01	1.67045e+01
110	1	56	0	2	3	4.07327e-03	-5.98247e-01	1.53355e+01
110	1	57	0	2	3	4.06091e-03	-5.84498e-01	1.63644e+01
110	1	58	0	2	3	4.04135e-03	-6.00841e-01	1.73711e+01
110	1	59	0	2	3	4.41008e-03	-6.20739e-01	1.83548e+01
110	1	60	0	2	3	4.06688e-03	-5.88858e-01	1.58622e+01
110	1	61	0	2	3	4.22124e-03	-5.82198e-01	1.57593e+01
110	1	62	0	2	3	4.07389e-03	-5.86121e-01	1.47441e+01
110	1	63	0	2	3	3.98926e-03	-5.80752e-01	1.66319e+01
110	1	64	0	2	3	4.10319e-03	-5.96578e-01	1.64359e+01
110	1	65	0	2	3	4.33314e-03	-6.03369e-01	1.62869e+01
110	1	66	0	2	3	4.77169e-03	-6.48643e-01	1.60428e+01
110	1	67	0	2	3	4.35980e-03	-6.09552e-01	1.55300e+01
110	1	68	0	2	3	3.60633e-03	-5.45848e-01	1.37996e+01
110	1	69	0	2	3	4.12212e-03	-5.89836e-01	1.61511e+01
110	1	70	0	2	3	4.15032e-03	-5.95886e-01	1.61355e+01
110	1	71	0	2	3	4.20506e-03	-6.03065e-01	1.66482e+01
110	1	72	0	2	3	3.80748e-03	-5.69254e-01	1.51957e+01
110	1	73	0	2	3	4.11775e-03	-5.96047e-01	1.70297e+01
110	1	74	0	2	3	4.48261e-03	-6.15437e-01	1.51149e+01
110	1	75	0	2	3	4.25809e-03	-6.06519e-01	1.61424e+01
110	1	76	0	2	3	3.95256e-03	-5.76027e-01	1.50744e+01
110	1	77	0	2	3	4.01429e-03	-5.88009e-01	1.58112e+01
110	1	78	0	2	3	4.39700e-03	-6.13468e-01	1.51058e+01
110	1	79	0	2	3	4.16322e-03	-5.90856e-01	1.56546e+01
110	1	80	0	2	3	4.09693e-03	-5.84389e-01	1.50840e+01
110	1	81	0	2	3	3.92504e-03	-5.71005e-01	1.46115e+01
110	1	82	0	2	3	4.73099e-03	-6.34578e-01	1.69323e+01
110	1	83	0	2	3	4.29297e-03	-5.91507e-01	1.52756e+01
110	1	84	0	2	3	3.62314e-03	-5.42436e-01	1.37907e+01
110	1	85	0	2	3	3.88858e-03	-5.67519e-01	1.48111e+01
110	1	86	0	2	3	4.56318e-03	-6.21742e-01	1.64271e+01
110	1	87	0	2	3	4.54468e-03	-6.07508e-01	1.42018e+01
110	1	88	0	2	3	4.00064e-03	-5.84002e-01	1.56055e+01
110	1	89	0	2	3	3.74869e-03	-5.64991e-01	1.44991e+01
110	1	90	0	2	3	4.21156e-03	-5.95756e-01	1.48545e+01
110	1	91	0	2	3	3.93405e-03	-5.71497e-01	1.54171e+01
110	1	92	0	2	3	3.86124e-03	-5.64689e-01	1.47344e+01
110	1	93	0	2	3	4.18196e-03	-5.90837e-01	1.54262e+01
110	1	94	0	2	3	4.45579e-03	-6.20782e-01	1.65874e+01
110	1	95	0	2	3	4.60419e-03	-6.27717e-01	1.58123e+01
110	1	96	0	2	3	3.73133e-03	-5.57268e-01	1.42863e+01
110	1	97	0	2	3	3.87794e-03	-5.69401e-01	1.54514e+01
110	1	98	0	2	3	4.67757e-03	-6.49092e-01	1.73867e+01
110	1	99	0	2	3	4.42696e-03	-6.14028e-01	1.56863e+01
110	1	100	0	2	3	3.71915e-03	-5.48557e-01	1.46355e+01
110	1	101	0	2	3	3.97694e-03	-5.76584e-01	1.54700e+01
110	1	102	0	2	3	4.33472e-03	-6.14307e-01	1.58761e+01
110	1	103	0	2	3	4.67421e-03	-6.23971e-01	1.56092e+01
110	1	104	0	2	3	4.31773e-03	-6.03494e-01	1.56488e+01
110	1	105	0	2	3	3.82520e-03	-5.64078e-01	1.49734e+01
110	1	106	0	2	3	4.49768e-03	-6.21965e-01	1.67603e+01
110	1	107	0	2	3	4.76962e-03	-6.34301e-01	1.60042e+01
110	1	108	0	2	3	3.50028e-03	-5.45892e-01	1.53796e+01
110	1	109	0	2	3	4.23319e-03	-5.95521e-01	1.60932e+01
110	1	110	0	2	3	4.14549e-03	-5.98878e-01	1.56137e+01
110	1	111	0	2	3	4.47559e-03	-6.24668e-01	1.72691e+01
110	1	112	0	2	3	3.65216e-03	-5.59659e-01	1.47461e+01
110	1	113	0	2	3	4.33050e-03	-6.03140e-01	1.57936e+01
110	1	114	0	2	3	4.27378e-03	-6.06363e-01	1.53184e+01
110	1	115	0	2	3	4.82497e-03	-6.38732e-01	1.61075e+01
110	1	116	0	2	3	4.29105e-03	-6.05264e-01	1.57003e+01
110	1	117	0	2	3	3.83091e-03	-5.67151e-01	1.50798e+01
110	1	118	0	2	3	4.53690e-03	-6.21060e-01	1.50651e+01
110	1	119	0	2	3	4.40809e-03	-6.03680e-01	1.57611e+01
110	1	120	0	2	3	3.30196e-03	-5.35873e-01	1.42478e+01
110	1	121	0	2	3	3.55784e-03	-5.43299e-01	1.43782e+01
110	1	122	0	2	3	3.92431e-03	-5.84249e-01	1.64367e+01
110	1	123	0	2	3	2.91284e-03	-5.14293e-01	1.56697e+01
110	1	124	0	2	3	3.95945e-03	-5.72683e-01	1.44340e+01
110	1	125	0	2	3	3.49286e-03	-5.50693e-01	1.50420e+01
110	1	126	0	2	3	4.97961e-03	-6.45015e-01	1.62700e+01
110	1	127	0	2	3	3.50320e-03	-5.39049e-01	1.44423e+01
110	1	128	0	2	3	4.13697e-03	-6.11354e-01	1.64827e+01
110	1	129	0	2	3	4.31193e-03	-6.27425e-01	1.67991e+01
110	1	130	0	2	3	4.78231e-03	-6.57433e-01	1.64201e+01
110	1	131	0	2	3	4.15562e-03	-5.84902e-01	1.51090e+01
110	1	132	0	2	3	2.27803e-03	-4.77085e-01	1.42857e+01
110	1	133	0	2	3	4.99406e-03	-6.50037e-01	1.61750e+01
110	1	134	0	2	3	4.22024e-03	-6.31311e-01	1.72311e+01
110	1	135	0	2	3	4.34722e-03	-6.01564e-01	1.57333e+01
110	1	136	0	2	3	1.09737e-03	-3.80788e-01	1.25255e+01
110	1	137	0	2	3	5.68503e-03	-7.00411e-01	1.74864e+01
110	1	138	0	2	3	4.34901e-03	-6.31102e-01	1.65541e+01
110	1	139	0	2	3	-8.64830e-03	3.55911e-01	-1.49445e+00
110	1	140	0	2	3	5.18299e-03	-6.82646e-01	1.71730e+01
110	1	141	0	2	3	3.56369e-03	-5.67238e-01	1.50455e+01
110	1	142	0	2	3	-1.49555e-03	-1.75443e-01	7.27550e+00
110	1	143	0	2	3	-9.70923e-04	-2.19065e-01	9.23272e+00
110	1	144	0	2	3	2.92642e-03	-4.98265e-01	1.46581e+01
110	1	145	0	2	3	4.49801e-03	-6.14088e-01	1.58255e+01
110	1	146	0	2	3	4.09410e-03	-6.11138e-01	1.60512e+01
110	1	147	0	2	3	3.71586e-03	-5.72677e-01	1.45413e+01
110	1	148	0	2	3	4.41116e-03	-6.43442e-01	1.63281e+01
110	1	149	0	2	3	2.33163e-03	-4.52643e-01	1.33738e+01
110	1	150	0	2	3	4.81430e-03	-6.58770e-01	1.73832e+01
110	1	151	0	2	3	3.00146e-03	-5.22508e-01	1.43558e+01
110	1	152	0	2	3	-4.71164e-03	7.68418e-02	3.80056e+00
110	1	153	0	2	3	-4.33162e-03	5.35192e-02	4.15449e+00
110	1	154	0	2	3	-2.79005e-02	1.81086e+00	-2.87689e+01
110	1	155	0	2	3	6.01026e-03	-7.68561e-01	1.82209e+01
110	1	156	0	2	3	2.14948e-03	-4.39161e-01	1.27868e+01
110	1	157	0	2	3	3.77955e-03	-5.79270e-01	1.62905e+01
110	1	158	0	2	3	5.53905e-04	-3.35652e-01	1.15076e+01
110	1	159	0	2	3	-3.89495e-03	-9.08421e-03	6.13622e+00
