##
#  file: HodoPHCParam_Dummy
#  date: 2016.06.15
#  note: first version
#
#
#######################################################################
# CId	PlId	Seg	UorD	Type	nParam	p0	p1	...
#
#	Type=0 no correction will be performed
#	Type=1 ct=t-p[0]/sqrt(a-p[1])+p[2]
#	Type=2 ct=p[0]*a*a + p[1]*a + p[2] for Fiber
#
#######################################################################
# BH1 Up                                                              #
#######################################################################
1	0	0	0	1	3	5.08705e+00	-1.98362e+00	2.93454e+00
1	0	1	0	1	3	6.69706e-01	2.91546e-01	8.10244e-01
1	0	2	0	1	3	5.01779e-01	3.94271e-01	6.64278e-01
1	0	3	0	1	3	7.45330e-01	1.66754e-01	8.56036e-01
1	0	4	0	1	3	8.52890e-01	8.60054e-02	9.27134e-01
1	0	5	0	1	3	1.69981e+00	-1.50393e-01	1.62794e+00
1	0	6	0	1	3	1.58582e+00	-2.35346e-01	1.46587e+00
1	0	7	0	1	3	1.61970e+00	-1.46184e-01	1.54504e+00
1	0	8	0	1	3	1.37546e+00	-2.52696e-01	1.28233e+00
1	0	9	0	1	3	1.74814e+00	-2.76223e-01	1.64100e+00
1	0	10	0	1	3	1.60339e+01	-4.62629e+00	6.81205e+00
#######################################################################
# BH1 Down                                                            #
#######################################################################
1	0	0	1	1	3	1.33519e+00	-9.13138e-02	1.27257e+00
1	0	1	1	1	3	6.24909e-01	2.88647e-01	7.65429e-01
1	0	2	1	1	3	6.68954e-01	2.21542e-01	7.45264e-01
1	0	3	1	1	3	1.32364e+00	-4.57464e-01	1.08318e+00
1	0	4	1	1	3	1.18002e+00	-7.91080e-02	1.17008e+00
1	0	5	1	1	3	2.07299e+00	-4.79828e-01	1.70935e+00
1	0	6	1	1	3	1.96000e+00	-5.20196e-01	1.63958e+00
1	0	7	1	1	3	1.89852e+00	-4.50289e-01	1.60743e+00
1	0	8	1	1	3	1.02469e+00	-6.73213e-02	1.04734e+00
1	0	9	1	1	3	1.64894e+00	-1.85977e-01	1.61292e+00
1	0	10	1	1	3	7.15603e-01	2.22738e-01	8.54972e-01
#######################################################################
# BH2 Up                                                              #
#######################################################################
2	0	0	0	1	3	1.43047e-01	2.98695e-01	2.00085e-01
2	0	1	0	1	3	8.79554e-01	-2.31747e-01	7.85839e-01
2	0	2	0	1	3	5.94572e-01	-4.97541e-01	4.68956e-01
2	0	3	0	1	3	1.91725e-01	3.94747e-02	1.91115e-01
2	0	4	0	1	3	3.31184e-01	-9.38469e-02	3.15823e-01
2	0	5	0	1	3	1.99769e-01	2.70254e-01	2.37321e-01
2	0	6	0	1	3	2.58948e-01	2.41832e-01	3.10133e-01
2	0	7	0	1	3	3.50426e-01	8.80094e-02	3.70898e-01
#######################################################################
# BH2 Down                                                            #
#######################################################################
2	0	0	1	1	3	3.94607e-01	-1.85207e-01	3.84440e-01
2	0	1	1	1	3	9.92155e-01	-3.85817e-01	8.32122e-01
2	0	2	1	1	3	4.10986e-01	-9.27803e-02	3.90143e-01
2	0	3	1	1	3	1.76416e-01	4.84160e-02	1.75490e-01
2	0	4	1	1	3	2.42956e-01	1.23979e-01	2.64593e-01
2	0	5	1	1	3	3.57967e-01	4.32013e-02	3.63973e-01
2	0	6	1	1	3	1.22093e+00	-6.67168e-01	9.30075e-01
2	0	7	1	1	3	2.92156e-01	-4.36810e-03	2.98702e-01
#######################################################################
# BAC                                                                 #
#######################################################################
3	0	0	0	1	3	0.00000e+00	0.00000e+00	0.00000e+00
3	0	1	0	1	3	0.00000e+00	0.00000e+00	0.00000e+00
#######################################################################
# FBH Up                                                              #
#######################################################################
4	0	0	0	2	3	-5.62952e-03	8.96903e-01	-3.53273e+01
4	0	1	0	2	3	-4.29399e-03	7.37975e-01	-3.00049e+01
4	0	2	0	2	3	-5.26894e-03	8.67305e-01	-3.38992e+01
4	0	3	0	2	3	-3.80183e-03	6.69237e-01	-2.72260e+01
4	0	4	0	2	3	-4.35014e-03	7.35785e-01	-2.92008e+01
4	0	5	0	2	3	-4.02541e-03	6.86907e-01	-2.70312e+01
4	0	6	0	2	3	-4.16660e-03	7.08229e-01	-2.81512e+01
4	0	7	0	2	3	-3.93117e-03	6.84759e-01	-2.69101e+01
4	0	8	0	2	3	-4.14423e-03	6.96902e-01	-2.65883e+01
4	0	9	0	2	3	-2.83372e-03	5.62925e-01	-2.20787e+01
4	0	10	0	2	3	-4.07944e-03	7.09420e-01	-2.75603e+01
4	0	11	0	2	3	-3.50961e-03	6.50113e-01	-2.64167e+01
4	0	12	0	2	3	-3.52415e-03	6.49734e-01	-2.67232e+01
4	0	13	0	2	3	-4.13420e-03	7.26957e-01	-2.99675e+01
4	0	14	0	2	3	-4.90315e-03	8.27563e-01	-3.35630e+01
4	0	15	0	2	3	-4.73048e-03	8.13189e-01	-3.31901e+01
#######################################################################
# FBH Down                                                            #
#######################################################################
4	0	0	1	2	3	-5.62952e-03	8.96903e-01	-3.53273e+01
4	0	1	1	2	3	-4.29399e-03	7.37975e-01	-3.00049e+01
4	0	2	1	2	3	-5.26894e-03	8.67305e-01	-3.38992e+01
4	0	3	1	2	3	-3.80183e-03	6.69237e-01	-2.72260e+01
4	0	4	1	2	3	-4.35014e-03	7.35785e-01	-2.92008e+01
4	0	5	1	2	3	-4.02541e-03	6.86907e-01	-2.70312e+01
4	0	6	1	2	3	-4.16660e-03	7.08229e-01	-2.81512e+01
4	0	7	1	2	3	-3.93117e-03	6.84759e-01	-2.69101e+01
4	0	8	1	2	3	-4.14423e-03	6.96902e-01	-2.65883e+01
4	0	9	1	2	3	-2.83372e-03	5.62925e-01	-2.20787e+01
4	0	10	1	2	3	-4.07944e-03	7.09420e-01	-2.75603e+01
4	0	11	1	2	3	-3.50961e-03	6.50113e-01	-2.64167e+01
4	0	12	1	2	3	-3.52415e-03	6.49734e-01	-2.67232e+01
4	0	13	1	2	3	-4.13420e-03	7.26957e-01	-2.99675e+01
4	0	14	1	2	3	-4.90315e-03	8.27563e-01	-3.35630e+01
4	0	15	1	2	3	-4.73048e-03	8.13189e-01	-3.31901e+01
#######################################################################
# PVAC                                                                #
#######################################################################
5	0	0	0	1	3	0.00000e+00	0.00000e+00	0.00000e+00
#######################################################################
# FAC                                                                 #
#######################################################################
6	0	0	0	1	3	0.00000e+00	0.00000e+00	0.00000e+00
#######################################################################
# SCH                                                                 #
#######################################################################
#7	0	0	0	2	3	-0.00500000	0.821213	-32.185321
#7	0	1	0	2	3	-0.00500000	0.830248	-32.269563
#7	0	2	0	2	3	-0.00500000	0.793073	-29.315934
#7	0	3	0	2	3	-0.00500000	0.772144	-28.276705
#7	0	4	0	2	3	-0.00500000	0.801968	-30.687167
#7	0	5	0	2	3	-0.00500000	0.778300	-28.439251
#7	0	6	0	2	3	-0.00500000	0.765872	-27.918181
#7	0	7	0	2	3	-0.00500000	0.738459	-26.016797
#7	0	8	0	2	3	-0.00500000	0.778318	-28.676371
#7	0	9	0	2	3	-0.00500000	0.776670	-28.892887
#7	0	10	0	2	3	-0.00500000	0.764278	-28.122474
#7	0	11	0	2	3	-0.00500000	0.790742	-29.423647
#7	0	12	0	2	3	-0.00500000	0.811330	-30.487019
#7	0	13	0	2	3	-0.00500000	0.818750	-30.891512
#7	0	14	0	2	3	-0.00500000	0.802541	-30.009136
#7	0	15	0	2	3	-0.00500000	0.809525	-30.751746
#7	0	16	0	2	3	-0.00500000	0.802597	-30.845509
#7	0	17	0	2	3	-0.00500000	0.835028	-32.780792
#7	0	18	0	2	3	-0.00500000	0.859176	-33.938731
#7	0	19	0	2	3	-0.00500000	0.814851	-31.445396
#7	0	20	0	2	3	-0.00500000	0.809426	-30.781087
#7	0	21	0	2	3	-0.00500000	0.780678	-28.888756
#7	0	22	0	2	3	-0.00500000	0.808206	-30.719604
#7	0	23	0	2	3	-0.00500000	0.774024	-27.858339
#7	0	24	0	2	3	-0.00500000	0.794308	-29.022101
#7	0	25	0	2	3	-0.00500000	0.775649	-27.980186
#7	0	26	0	2	3	-0.00500000	0.788483	-28.687567
#7	0	27	0	2	3	-0.00466315	0.771386	-29.253260
#7	0	28	0	2	3	-0.00483132	0.790854	-28.637741
#7	0	29	0	2	3	-0.00497049	0.812994	-30.786914
#7	0	30	0	2	3	-0.00500000	0.787793	-28.362716
#7	0	31	0	2	3	-0.00500000	0.790759	-28.876812
#7	0	32	0	2	3	-0.00500000	0.824826	-31.655285
#7	0	33	0	2	3	-0.00500000	0.845304	-33.407765
#7	0	34	0	2	3	-0.00500000	0.832263	-32.939799
#7	0	35	0	2	3	-0.00500000	0.820631	-31.695372
#7	0	36	0	2	3	-0.00500000	0.836997	-33.200590
#7	0	37	0	2	3	-0.00500000	0.819690	-32.097193
#7	0	38	0	2	3	-0.00500000	0.808109	-31.263214
#7	0	39	0	2	3	-0.00500000	0.815224	-31.135523
#7	0	40	0	2	3	-0.00500000	0.803398	-29.897923
#7	0	41	0	2	3	-0.00500000	0.815685	-31.165519
#7	0	42	0	2	3	-0.00500000	0.812980	-30.737261
#7	0	43	0	2	3	-0.00500000	0.829418	-32.693307
#7	0	44	0	2	3	-0.00500000	0.789530	-29.464920
#7	0	45	0	2	3	-0.00500000	0.804789	-31.208151
#7	0	46	0	2	3	-0.00500000	0.830106	-32.806514
#7	0	47	0	2	3	-0.00500000	0.819206	-31.373242
#7	0	48	0	2	3	-0.00500000	0.816165	-31.709319
#7	0	49	0	2	3	-0.00500000	0.798496	-30.201709
#7	0	50	0	2	3	-0.00500000	0.812167	-31.795745
#7	0	51	0	2	3	-0.00500000	0.810749	-31.375226
#7	0	52	0	2	3	-0.00500000	0.803385	-31.372512
#7	0	53	0	2	3	-0.00500000	0.777405	-29.262831
#7	0	54	0	2	3	-0.00500000	0.783954	-29.763410
#7	0	55	0	2	3	-0.00500000	0.789443	-29.976449
#7	0	56	0	2	3	-0.00500000	0.838828	-33.261086
#7	0	57	0	2	3	-0.00500000	0.804421	-30.573195
#7	0	58	0	2	3	-0.00500000	0.773283	-29.111048
#7	0	59	0	2	3	-0.00500000	0.811789	-31.449459
#7	0	60	0	2	3	-0.00500000	0.759724	-28.110014
#7	0	61	0	2	3	-0.00500000	0.810884	-31.379063
#7	0	62	0	2	3	-0.00500000	0.771910	-28.435006
#7	0	63	0	2	3	-0.00500000	0.796658	-30.511906
#######################################################################
# TOF Up                                                              #
#######################################################################
7	0	0	0	1	3	5.24830e+00	-1.96630e+00	2.96170e+00
7	0	1	0	1	3	5.24830e+00	-1.96630e+00	2.96170e+00
7	0	2	0	1	3	5.24830e+00	-1.96630e+00	2.96170e+00
7	0	3	0	1	3	5.24830e+00	-1.96630e+00	2.96170e+00
7	0	4	0	1	3	5.24830e+00	-1.96630e+00	2.96170e+00
7	0	5	0	1	3	5.24830e+00	-1.96630e+00	2.96170e+00
7	0	6	0	1	3	6.97090e+00	-3.03520e+00	3.39910e+00
7	0	7	0	1	3	4.05450e+00	-1.96150e+00	2.30360e+00
7	0	8	0	1	3	1.16940e+02	-2.98600e+01	2.09880e+01
7	0	9	0	1	3	5.24830e+00	-1.96630e+00	2.96170e+00
7	0	10	0	1	3	5.24830e+00	-1.96630e+00	2.96170e+00
7	0	11	0	1	3	5.24830e+00	-1.96630e+00	2.96170e+00
7	0	12	0	1	3	5.24830e+00	-1.96630e+00	2.96170e+00
7	0	13	0	1	3	5.24830e+00	-1.96630e+00	2.96170e+00
7	0	14	0	1	3	5.24830e+00	-1.96630e+00	2.96170e+00
7	0	15	0	1	3	5.24830e+00	-1.96630e+00	2.96170e+00
7	0	16	0	1	3	5.24830e+00	-1.96630e+00	2.96170e+00
7	0	17	0	1	3	5.24830e+00	-1.96630e+00	2.96170e+00
7	0	18	0	1	3	5.24830e+00	-1.96630e+00	2.96170e+00
7	0	19	0	1	3	7.11491e-01	1.85180e-03	5.82402e-01
7	0	20	0	1	3	5.59404e-01	-1.73810e-03	4.50716e-01
7	0	21	0	1	3	8.92499e-01	1.99900e-03	7.37364e-01
7	0	22	0	1	3	6.37553e-01	1.99960e-03	5.45449e-01
7	0	23	0	1	3	1.19210e+00	1.98920e-03	9.99994e-01
#######################################################################
# TOF Down                                                            #
#######################################################################
7	0	0	1	1	3	5.84300e+00	-2.30730e+00	3.11320e+00
7	0	1	1	1	3	5.84300e+00	-2.30730e+00	3.11320e+00
7	0	2	1	1	3	5.84300e+00	-2.30730e+00	3.11320e+00
7	0	3	1	1	3	5.84300e+00	-2.30730e+00	3.11320e+00
7	0	4	1	1	3	5.84300e+00	-2.30730e+00	3.11320e+00
7	0	5	1	1	3	5.84300e+00	-2.30730e+00	3.11320e+00
7	0	6	1	1	3	1.41330e+01	-5.81170e+00	5.32680e+00
7	0	7	1	1	3	7.84850e+01	-2.02870e+01	1.69500e+01
7	0	8	1	1	3	2.20240e+02	-3.62440e+01	3.60080e+01
7	0	9	1	1	3	5.84300e+00	-2.30730e+00	3.11320e+00
7	0	10	1	1	3	5.84300e+00	-2.30730e+00	3.11320e+00
7	0	11	1	1	3	5.84300e+00	-2.30730e+00	3.11320e+00
7	0	12	1	1	3	5.84300e+00	-2.30730e+00	3.11320e+00
7	0	13	1	1	3	5.84300e+00	-2.30730e+00	3.11320e+00
7	0	14	1	1	3	5.84300e+00	-2.30730e+00	3.11320e+00
7	0	15	1	1	3	5.84300e+00	-2.30730e+00	3.11320e+00
7	0	16	1	1	3	5.84300e+00	-2.30730e+00	3.11320e+00
7	0	17	1	1	3	5.84300e+00	-2.30730e+00	3.11320e+00
7	0	18	1	1	3	5.84300e+00	-2.30730e+00	3.11320e+00
7	0	19	1	1	3	6.18741e-01	1.99860e-03	4.90831e-01
7	0	20	1	1	3	5.75901e-01	1.04210e-03	4.72509e-01
7	0	21	1	1	3	9.41046e-01	1.99890e-03	7.79357e-01
7	0	22	1	1	3	4.84266e-01	-1.95590e-03	3.99786e-01
7	0	23	1	1	3	8.97714e-01	1.99860e-03	7.56300e-01
#######################################################################
# BFT U                                                               #
#######################################################################
110	0	0	0	2	3	5.29691e-03	-6.72110e-01	1.66241e+01
110	0	1	0	2	3	3.03647e-03	-5.08157e-01	1.37611e+01
110	0	2	0	2	3	4.69078e-03	-6.30082e-01	1.56277e+01
110	0	3	0	2	3	5.10844e-03	-6.53904e-01	1.50891e+01
110	0	4	0	2	3	3.37988e-03	-5.28701e-01	1.41281e+01
110	0	5	0	2	3	3.46108e-03	-5.23922e-01	1.42988e+01
110	0	6	0	2	3	2.76159e-03	-4.87386e-01	1.27061e+01
110	0	7	0	2	3	3.32293e-03	-5.11368e-01	1.36929e+01
110	0	8	0	2	3	3.75561e-03	-5.65727e-01	1.44500e+01
110	0	9	0	2	3	5.07559e-03	-6.50149e-01	1.72562e+01
110	0	10	0	2	3	4.83533e-03	-6.32765e-01	1.46529e+01
110	0	11	0	2	3	3.32512e-03	-5.09830e-01	1.45066e+01
110	0	12	0	2	3	3.74993e-03	-5.52886e-01	1.35146e+01
110	0	13	0	2	3	4.22207e-03	-5.89488e-01	1.61502e+01
110	0	14	0	2	3	3.72476e-03	-5.57394e-01	1.35362e+01
110	0	15	0	2	3	6.03517e-03	-7.25830e-01	1.87001e+01
110	0	16	0	2	3	3.46674e-03	-5.34500e-01	1.29578e+01
110	0	17	0	2	3	3.97704e-03	-5.67489e-01	1.52952e+01
110	0	18	0	2	3	4.30624e-03	-5.93776e-01	1.39244e+01
110	0	19	0	2	3	5.30297e-03	-6.62673e-01	1.49803e+01
110	0	20	0	2	3	2.88940e-03	-4.92393e-01	1.27287e+01
110	0	21	0	2	3	4.44445e-03	-6.05347e-01	1.73733e+01
110	0	22	0	2	3	4.62025e-03	-6.19793e-01	1.48990e+01
110	0	23	0	2	3	4.53597e-03	-6.02244e-01	1.58763e+01
110	0	24	0	2	3	3.89522e-03	-5.62988e-01	1.42464e+01
110	0	25	0	2	3	4.62219e-03	-6.04167e-01	1.63516e+01
110	0	26	0	2	3	4.39847e-03	-6.11071e-01	1.59170e+01
110	0	27	0	2	3	4.02510e-03	-5.60263e-01	1.49687e+01
110	0	28	0	2	3	3.24993e-03	-5.20970e-01	1.17192e+01
110	0	29	0	2	3	4.07745e-03	-5.64233e-01	1.46267e+01
110	0	30	0	2	3	3.85117e-03	-5.66646e-01	1.38614e+01
110	0	31	0	2	3	4.14269e-03	-5.78243e-01	1.54643e+01
110	0	32	0	2	3	4.23679e-03	-5.91511e-01	1.45052e+01
110	0	33	0	2	3	3.71634e-03	-5.30859e-01	1.28639e+01
110	0	34	0	2	3	4.32654e-03	-5.97420e-01	1.43840e+01
110	0	35	0	2	3	4.80448e-03	-6.31301e-01	1.64188e+01
110	0	36	0	2	3	3.57420e-03	-5.32621e-01	1.30221e+01
110	0	37	0	2	3	3.54531e-03	-5.42091e-01	1.58295e+01
110	0	38	0	2	3	4.20823e-03	-5.84870e-01	1.35442e+01
110	0	39	0	2	3	4.56968e-03	-6.08531e-01	1.56551e+01
110	0	40	0	2	3	4.12732e-03	-5.71564e-01	1.35833e+01
110	0	41	0	2	3	4.17475e-03	-5.77443e-01	1.61523e+01
110	0	42	0	2	3	4.61279e-03	-6.08451e-01	1.48178e+01
110	0	43	0	2	3	4.71407e-03	-6.31035e-01	1.68881e+01
110	0	44	0	2	3	4.07749e-03	-5.79841e-01	1.40296e+01
110	0	45	0	2	3	4.35106e-03	-5.89627e-01	1.59355e+01
110	0	46	0	2	3	4.37502e-03	-6.08330e-01	1.47526e+01
110	0	47	0	2	3	4.44641e-03	-6.08278e-01	1.74615e+01
110	0	48	0	2	3	3.85828e-03	-5.57394e-01	1.25237e+01
110	0	49	0	2	3	4.08984e-03	-5.72909e-01	1.60943e+01
110	0	50	0	2	3	4.45223e-03	-6.04517e-01	1.48165e+01
110	0	51	0	2	3	4.53272e-03	-6.05173e-01	1.55527e+01
110	0	52	0	2	3	3.79577e-03	-5.50998e-01	1.29507e+01
110	0	53	0	2	3	4.49551e-03	-5.96281e-01	1.51880e+01
110	0	54	0	2	3	4.31805e-03	-5.93294e-01	1.41791e+01
110	0	55	0	2	3	4.73587e-03	-6.22648e-01	1.68165e+01
110	0	56	0	2	3	4.00974e-03	-5.82964e-01	1.50540e+01
110	0	57	0	2	3	4.66588e-03	-6.15811e-01	1.63078e+01
110	0	58	0	2	3	4.18566e-03	-5.90451e-01	1.52860e+01
110	0	59	0	2	3	4.67279e-03	-6.32805e-01	1.70575e+01
110	0	60	0	2	3	4.03979e-03	-5.79547e-01	1.36408e+01
110	0	61	0	2	3	3.74551e-03	-5.49104e-01	1.48344e+01
110	0	62	0	2	3	4.73999e-03	-6.24848e-01	1.46647e+01
110	0	63	0	2	3	4.09375e-03	-5.77697e-01	1.42796e+01
110	0	64	0	2	3	4.09615e-03	-5.83602e-01	1.43141e+01
110	0	65	0	2	3	4.36792e-03	-5.99602e-01	1.57531e+01
110	0	66	0	2	3	4.61041e-03	-6.33248e-01	1.65127e+01
110	0	67	0	2	3	3.86860e-03	-5.66630e-01	1.53743e+01
110	0	68	0	2	3	3.96953e-03	-5.84617e-01	1.49370e+01
110	0	69	0	2	3	3.88678e-03	-5.61649e-01	1.45844e+01
110	0	70	0	2	3	4.51191e-03	-6.31039e-01	1.47989e+01
110	0	71	0	2	3	4.58204e-03	-6.17269e-01	1.59791e+01
110	0	72	0	2	3	4.02122e-03	-5.83955e-01	1.37073e+01
110	0	73	0	2	3	4.34331e-03	-6.02546e-01	1.51531e+01
110	0	74	0	2	3	4.78510e-03	-6.46245e-01	1.59427e+01
110	0	75	0	2	3	4.36225e-03	-5.97666e-01	1.52638e+01
110	0	76	0	2	3	4.04103e-03	-5.78926e-01	1.36625e+01
110	0	77	0	2	3	3.80029e-03	-5.58432e-01	1.49062e+01
110	0	78	0	2	3	4.64677e-03	-6.31402e-01	1.49237e+01
110	0	79	0	2	3	4.52099e-03	-6.09404e-01	1.54373e+01
110	0	80	0	2	3	4.15069e-03	-5.87079e-01	1.48580e+01
110	0	81	0	2	3	4.23043e-03	-5.78853e-01	1.48163e+01
110	0	82	0	2	3	4.44806e-03	-6.07969e-01	1.47737e+01
110	0	83	0	2	3	5.04105e-03	-6.48550e-01	1.59925e+01
110	0	84	0	2	3	3.90442e-03	-5.71145e-01	1.40770e+01
110	0	85	0	2	3	3.95265e-03	-5.67925e-01	1.50545e+01
110	0	86	0	2	3	4.56897e-03	-6.31324e-01	1.49806e+01
110	0	87	0	2	3	4.27360e-03	-5.99771e-01	1.59053e+01
110	0	88	0	2	3	4.01194e-03	-5.75129e-01	1.44794e+01
110	0	89	0	2	3	4.57531e-03	-6.14840e-01	1.54735e+01
110	0	90	0	2	3	4.47075e-03	-6.15848e-01	1.44118e+01
110	0	91	0	2	3	4.31212e-03	-6.05369e-01	1.49530e+01
110	0	92	0	2	3	3.96113e-03	-5.86768e-01	1.47801e+01
110	0	93	0	2	3	3.96879e-03	-5.70407e-01	1.44372e+01
110	0	94	0	2	3	4.17505e-03	-6.14234e-01	1.63369e+01
110	0	95	0	2	3	4.32006e-03	-6.02618e-01	1.56881e+01
110	0	96	0	2	3	4.20448e-03	-6.02713e-01	1.46609e+01
110	0	97	0	2	3	3.61861e-03	-5.47687e-01	1.48372e+01
110	0	98	0	2	3	4.52812e-03	-6.29670e-01	1.51476e+01
110	0	99	0	2	3	4.51411e-03	-6.07565e-01	1.54924e+01
110	0	100	0	2	3	4.00303e-03	-5.83652e-01	1.48465e+01
110	0	101	0	2	3	3.98728e-03	-5.74166e-01	1.51987e+01
110	0	102	0	2	3	4.71585e-03	-6.35275e-01	1.59556e+01
110	0	103	0	2	3	4.45158e-03	-6.13213e-01	1.55319e+01
110	0	104	0	2	3	3.73023e-03	-5.66445e-01	1.36810e+01
110	0	105	0	2	3	4.33126e-03	-5.97348e-01	1.50439e+01
110	0	106	0	2	3	4.19412e-03	-5.99366e-01	1.53045e+01
110	0	107	0	2	3	4.29835e-03	-5.92654e-01	1.44300e+01
110	0	108	0	2	3	4.11724e-03	-5.92748e-01	1.49215e+01
110	0	109	0	2	3	4.47988e-03	-6.10924e-01	1.52053e+01
110	0	110	0	2	3	4.38999e-03	-6.12617e-01	1.53021e+01
110	0	111	0	2	3	4.45892e-03	-6.20676e-01	1.56178e+01
110	0	112	0	2	3	3.89905e-03	-5.68586e-01	1.31947e+01
110	0	113	0	2	3	4.57681e-03	-6.09389e-01	1.50308e+01
110	0	114	0	2	3	4.83645e-03	-6.46192e-01	1.60069e+01
110	0	115	0	2	3	4.58503e-03	-6.16070e-01	1.52263e+01
110	0	116	0	2	3	3.17975e-03	-5.28931e-01	1.35139e+01
110	0	117	0	2	3	4.36936e-03	-6.03951e-01	1.60543e+01
110	0	118	0	2	3	4.24664e-03	-6.10473e-01	1.56864e+01
110	0	119	0	2	3	4.50872e-03	-6.03856e-01	1.40719e+01
110	0	120	0	2	3	4.62229e-03	-6.37557e-01	1.55762e+01
110	0	121	0	2	3	3.62713e-03	-5.46679e-01	1.26850e+01
110	0	122	0	2	3	4.32488e-03	-6.12618e-01	1.62254e+01
110	0	123	0	2	3	4.64649e-03	-6.24967e-01	1.57656e+01
110	0	124	0	2	3	5.21806e-03	-6.60916e-01	1.62748e+01
110	0	125	0	2	3	4.23205e-03	-5.76074e-01	1.24348e+01
110	0	126	0	2	3	4.89061e-03	-6.48018e-01	1.56499e+01
110	0	127	0	2	3	4.18530e-03	-5.83309e-01	1.46066e+01
110	0	128	0	2	3	3.28030e-03	-5.55835e-01	1.51783e+01
110	0	129	0	2	3	4.94149e-03	-6.62993e-01	1.65918e+01
110	0	130	0	2	3	3.70696e-03	-5.79691e-01	1.54793e+01
110	0	131	0	2	3	1.57736e-03	-3.90793e-01	1.14450e+01
110	0	132	0	2	3	3.44430e-03	-5.64558e-01	1.56974e+01
110	0	133	0	2	3	3.48488e-03	-5.48407e-01	1.47243e+01
110	0	134	0	2	3	3.73007e-03	-5.90347e-01	1.57190e+01
110	0	135	0	2	3	2.60937e-03	-4.94947e-01	1.32532e+01
110	0	136	0	2	3	4.76868e-03	-6.48975e-01	1.58479e+01
110	0	137	0	2	3	4.90210e-03	-6.70689e-01	1.74987e+01
110	0	138	0	2	3	3.46681e-03	-5.68267e-01	1.56236e+01
110	0	139	0	2	3	9.90786e-04	-3.65631e-01	1.02166e+01
110	0	140	0	2	3	3.34320e-03	-5.52918e-01	1.54442e+01
110	0	141	0	2	3	3.68589e-03	-5.68604e-01	1.42592e+01
110	0	142	0	2	3	2.65067e-03	-4.82387e-01	1.30359e+01
110	0	143	0	2	3	3.75985e-03	-5.75765e-01	1.47856e+01
110	0	144	0	2	3	2.29587e-03	-4.74851e-01	1.25391e+01
110	0	145	0	2	3	-5.67123e-04	-2.42129e-01	7.91752e+00
110	0	146	0	2	3	2.84051e-03	-5.10512e-01	1.39391e+01
110	0	147	0	2	3	-2.11237e-03	-1.10576e-01	6.32075e+00
110	0	148	0	2	3	6.70935e-03	-8.24899e-01	1.96751e+01
110	0	149	0	2	3	3.19865e-03	-5.22822e-01	1.41934e+01
110	0	150	0	2	3	-1.26441e-03	-1.98116e-01	8.38796e+00
110	0	151	0	2	3	4.08690e-03	-5.92625e-01	1.52739e+01
110	0	152	0	2	3	-2.81943e-05	-3.18611e-01	1.15545e+01
110	0	153	0	2	3	6.23089e-03	-7.86163e-01	1.98706e+01
110	0	154	0	2	3	6.35732e-04	-3.39544e-01	1.02684e+01
110	0	155	0	2	3	6.16492e-03	-7.26833e-01	1.58418e+01
110	0	156	0	2	3	-4.97427e-03	1.05387e-01	2.14202e+00
110	0	157	0	2	3	1.39428e-03	-3.96842e-01	1.21778e+01
110	0	158	0	2	3	2.09126e-03	-4.37098e-01	1.20916e+01
110	0	159	0	2	3	-7.46955e-03	2.80961e-01	-1.12177e+00
#######################################################################
# BFT D                                                               #
#######################################################################
110	1	0	0	2	3	2.80892e-03	-5.03772e-01	1.54007e+01
110	1	1	0	2	3	1.24209e-03	-3.67773e-01	1.20515e+01
110	1	2	0	2	3	4.02218e-03	-5.84204e-01	1.56497e+01
110	1	3	0	2	3	3.70735e-03	-5.67997e-01	1.64714e+01
110	1	4	0	2	3	3.46946e-03	-5.53250e-01	1.52833e+01
110	1	5	0	2	3	3.49115e-03	-5.42121e-01	1.58874e+01
110	1	6	0	2	3	3.52852e-03	-5.49954e-01	1.39113e+01
110	1	7	0	2	3	4.33285e-03	-5.98051e-01	1.62162e+01
110	1	8	0	2	3	3.73091e-03	-5.65905e-01	1.56497e+01
110	1	9	0	2	3	2.50852e-03	-4.71282e-01	1.54756e+01
110	1	10	0	2	3	3.60953e-03	-5.55151e-01	1.51988e+01
110	1	11	0	2	3	5.28349e-03	-6.68241e-01	1.73150e+01
110	1	12	0	2	3	4.02366e-03	-5.90428e-01	1.52814e+01
110	1	13	0	2	3	3.61685e-03	-5.57419e-01	1.63162e+01
110	1	14	0	2	3	4.08614e-03	-5.96928e-01	1.51917e+01
110	1	15	0	2	3	3.95305e-03	-5.66615e-01	1.60735e+01
110	1	16	0	2	3	3.68286e-03	-5.61449e-01	1.47537e+01
110	1	17	0	2	3	3.13158e-03	-5.11243e-01	1.44650e+01
110	1	18	0	2	3	4.35619e-03	-6.02093e-01	1.46993e+01
110	1	19	0	2	3	3.93731e-03	-5.77918e-01	1.61471e+01
110	1	20	0	2	3	3.35191e-03	-5.44756e-01	1.49191e+01
110	1	21	0	2	3	3.14838e-03	-5.24139e-01	1.62093e+01
110	1	22	0	2	3	3.99035e-03	-5.77712e-01	1.49345e+01
110	1	23	0	2	3	3.89390e-03	-5.61598e-01	1.58479e+01
110	1	24	0	2	3	4.16781e-03	-6.04357e-01	1.65739e+01
110	1	25	0	2	3	3.99588e-03	-5.77580e-01	1.63978e+01
110	1	26	0	2	3	3.65472e-03	-5.66153e-01	1.47356e+01
110	1	27	0	2	3	4.42735e-03	-6.11600e-01	1.77607e+01
110	1	28	0	2	3	4.17822e-03	-5.98934e-01	1.62203e+01
110	1	29	0	2	3	3.28759e-03	-5.32323e-01	1.58715e+01
110	1	30	0	2	3	4.36714e-03	-6.08981e-01	1.56336e+01
110	1	31	0	2	3	4.51235e-03	-6.23206e-01	1.75480e+01
110	1	32	0	2	3	3.75046e-03	-5.72880e-01	1.63642e+01
110	1	33	0	2	3	3.54426e-03	-5.51145e-01	1.50358e+01
110	1	34	0	2	3	3.55104e-03	-5.47439e-01	1.41101e+01
110	1	35	0	2	3	4.17919e-03	-6.00686e-01	1.71324e+01
110	1	36	0	2	3	3.79185e-03	-5.61921e-01	1.55201e+01
110	1	37	0	2	3	3.45815e-03	-5.33245e-01	1.38572e+01
110	1	38	0	2	3	4.34402e-03	-6.03432e-01	1.64516e+01
110	1	39	0	2	3	4.03148e-03	-5.75078e-01	1.55942e+01
110	1	40	0	2	3	3.95209e-03	-5.71951e-01	1.45647e+01
110	1	41	0	2	3	3.68395e-03	-5.51222e-01	1.56225e+01
110	1	42	0	2	3	3.80632e-03	-5.58644e-01	1.48111e+01
110	1	43	0	2	3	3.92867e-03	-5.69712e-01	1.67161e+01
110	1	44	0	2	3	3.74274e-03	-5.67009e-01	1.47188e+01
110	1	45	0	2	3	3.46128e-03	-5.37003e-01	1.55881e+01
110	1	46	0	2	3	4.30787e-03	-6.06864e-01	1.53471e+01
110	1	47	0	2	3	4.08721e-03	-6.00829e-01	1.77174e+01
110	1	48	0	2	3	4.02726e-03	-5.78209e-01	1.54532e+01
110	1	49	0	2	3	3.66644e-03	-5.49234e-01	1.60454e+01
110	1	50	0	2	3	4.42673e-03	-6.09496e-01	1.50042e+01
110	1	51	0	2	3	4.27841e-03	-5.98501e-01	1.66489e+01
110	1	52	0	2	3	4.06162e-03	-5.92306e-01	1.50166e+01
110	1	53	0	2	3	3.43571e-03	-5.35987e-01	1.58036e+01
110	1	54	0	2	3	4.36395e-03	-6.16202e-01	1.64542e+01
110	1	55	0	2	3	4.21327e-03	-5.95316e-01	1.67121e+01
110	1	56	0	2	3	4.21967e-03	-6.09006e-01	1.53989e+01
110	1	57	0	2	3	4.17452e-03	-5.91572e-01	1.63385e+01
110	1	58	0	2	3	4.27210e-03	-6.17409e-01	1.75355e+01
110	1	59	0	2	3	4.41877e-03	-6.21419e-01	1.82401e+01
110	1	60	0	2	3	4.17141e-03	-5.96986e-01	1.58848e+01
110	1	61	0	2	3	4.25040e-03	-5.83994e-01	1.56706e+01
110	1	62	0	2	3	4.25870e-03	-5.96324e-01	1.47374e+01
110	1	63	0	2	3	4.32093e-03	-6.03578e-01	1.68883e+01
110	1	64	0	2	3	4.00029e-03	-5.89565e-01	1.61967e+01
110	1	65	0	2	3	4.26168e-03	-5.97412e-01	1.60436e+01
110	1	66	0	2	3	4.87743e-03	-6.55567e-01	1.60288e+01
110	1	67	0	2	3	4.37488e-03	-6.10280e-01	1.54236e+01
110	1	68	0	2	3	3.56935e-03	-5.45403e-01	1.37105e+01
110	1	69	0	2	3	4.36623e-03	-6.06106e-01	1.62765e+01
110	1	70	0	2	3	4.15195e-03	-5.98809e-01	1.61204e+01
110	1	71	0	2	3	4.41057e-03	-6.18246e-01	1.67830e+01
110	1	72	0	2	3	3.86802e-03	-5.72688e-01	1.50986e+01
110	1	73	0	2	3	4.00062e-03	-5.86266e-01	1.67006e+01
110	1	74	0	2	3	4.57642e-03	-6.20354e-01	1.50398e+01
110	1	75	0	2	3	4.36604e-03	-6.12730e-01	1.60938e+01
110	1	76	0	2	3	3.79544e-03	-5.68289e-01	1.48824e+01
110	1	77	0	2	3	3.86780e-03	-5.78708e-01	1.55417e+01
110	1	78	0	2	3	4.41566e-03	-6.16255e-01	1.50412e+01
110	1	79	0	2	3	4.21116e-03	-5.95449e-01	1.56376e+01
110	1	80	0	2	3	4.21060e-03	-5.91730e-01	1.50557e+01
110	1	81	0	2	3	3.95936e-03	-5.74917e-01	1.45678e+01
110	1	82	0	2	3	4.40819e-03	-6.15087e-01	1.65315e+01
110	1	83	0	2	3	4.18552e-03	-5.82432e-01	1.49487e+01
110	1	84	0	2	3	3.89939e-03	-5.61306e-01	1.39758e+01
110	1	85	0	2	3	3.94844e-03	-5.74304e-01	1.48338e+01
110	1	86	0	2	3	4.18133e-03	-5.98460e-01	1.59593e+01
110	1	87	0	2	3	4.25124e-03	-5.90686e-01	1.38442e+01
110	1	88	0	2	3	4.27256e-03	-6.01589e-01	1.57336e+01
110	1	89	0	2	3	3.92981e-03	-5.75987e-01	1.45079e+01
110	1	90	0	2	3	4.07512e-03	-5.89463e-01	1.47004e+01
110	1	91	0	2	3	4.20457e-03	-5.91833e-01	1.56605e+01
110	1	92	0	2	3	4.20276e-03	-5.87340e-01	1.49611e+01
110	1	93	0	2	3	4.00614e-03	-5.80332e-01	1.51630e+01
110	1	94	0	2	3	3.97640e-03	-5.85790e-01	1.58282e+01
110	1	95	0	2	3	4.15309e-03	-5.93652e-01	1.50598e+01
110	1	96	0	2	3	3.90804e-03	-5.69168e-01	1.43414e+01
110	1	97	0	2	3	3.99739e-03	-5.78283e-01	1.54968e+01
110	1	98	0	2	3	4.37984e-03	-6.26871e-01	1.68552e+01
110	1	99	0	2	3	4.10355e-03	-5.87940e-01	1.50367e+01
110	1	100	0	2	3	3.74266e-03	-5.49713e-01	1.45213e+01
110	1	101	0	2	3	3.70597e-03	-5.57578e-01	1.50220e+01
110	1	102	0	2	3	4.50662e-03	-6.27866e-01	1.60053e+01
110	1	103	0	2	3	4.41956e-03	-6.07187e-01	1.52195e+01
110	1	104	0	2	3	4.14691e-03	-5.90673e-01	1.52749e+01
110	1	105	0	2	3	4.16655e-03	-5.89024e-01	1.52947e+01
110	1	106	0	2	3	4.82861e-03	-6.50605e-01	1.72230e+01
110	1	107	0	2	3	4.32542e-03	-6.03391e-01	1.53635e+01
110	1	108	0	2	3	3.82429e-03	-5.70809e-01	1.57348e+01
110	1	109	0	2	3	3.63349e-03	-5.56261e-01	1.53336e+01
110	1	110	0	2	3	4.44056e-03	-6.20598e-01	1.58806e+01
110	1	111	0	2	3	3.91024e-03	-5.85031e-01	1.64556e+01
110	1	112	0	2	3	3.85600e-03	-5.71983e-01	1.47888e+01
110	1	113	0	2	3	4.50703e-03	-6.13261e-01	1.58080e+01
110	1	114	0	2	3	4.40695e-03	-6.18518e-01	1.54341e+01
110	1	115	0	2	3	4.76425e-03	-6.36077e-01	1.59633e+01
110	1	116	0	2	3	3.87197e-03	-5.75874e-01	1.50592e+01
110	1	117	0	2	3	3.86935e-03	-5.65580e-01	1.48405e+01
110	1	118	0	2	3	4.58431e-03	-6.19198e-01	1.48153e+01
110	1	119	0	2	3	4.81519e-03	-6.39095e-01	1.64101e+01
110	1	120	0	2	3	3.61063e-03	-5.51563e-01	1.42533e+01
110	1	121	0	2	3	3.82262e-03	-5.66447e-01	1.47301e+01
110	1	122	0	2	3	4.54706e-03	-6.24226e-01	1.69181e+01
110	1	123	0	2	3	3.21627e-03	-5.31930e-01	1.57514e+01
110	1	124	0	2	3	3.53202e-03	-5.42334e-01	1.37215e+01
110	1	125	0	2	3	3.72705e-03	-5.59429e-01	1.49139e+01
110	1	126	0	2	3	4.00209e-03	-5.86198e-01	1.53206e+01
110	1	127	0	2	3	4.92666e-03	-6.47016e-01	1.63163e+01
110	1	128	0	2	3	4.86385e-03	-6.76274e-01	1.77338e+01
110	1	129	0	2	3	3.00223e-03	-5.31900e-01	1.49689e+01
110	1	130	0	2	3	3.54774e-03	-5.74206e-01	1.49209e+01
110	1	131	0	2	3	3.70483e-03	-5.52146e-01	1.44008e+01
110	1	132	0	2	3	3.38603e-03	-5.50381e-01	1.53304e+01
110	1	133	0	2	3	5.20117e-03	-6.78973e-01	1.68329e+01
110	1	134	0	2	3	4.23527e-03	-6.11945e-01	1.63159e+01
110	1	135	0	2	3	4.55868e-03	-6.28069e-01	1.62177e+01
110	1	136	0	2	3	-2.61834e-03	-1.11105e-01	7.63638e+00
110	1	137	0	2	3	4.36017e-03	-6.15948e-01	1.60773e+01
110	1	138	0	2	3	7.15363e-03	-8.09211e-01	1.91229e+01
110	1	139	0	2	3	5.90273e-03	-7.25736e-01	1.81260e+01
110	1	140	0	2	3	4.50323e-03	-6.29249e-01	1.59209e+01
110	1	141	0	2	3	3.48690e-03	-5.56794e-01	1.46928e+01
110	1	142	0	2	3	5.21406e-03	-6.73150e-01	1.63599e+01
110	1	143	0	2	3	6.37985e-03	-7.64252e-01	1.90683e+01
110	1	144	0	2	3	1.49196e-03	-3.90544e-01	1.25168e+01
110	1	145	0	2	3	6.18026e-03	-7.46166e-01	1.81311e+01
110	1	146	0	2	3	2.36981e-03	-4.56137e-01	1.25990e+01
110	1	147	0	2	3	-7.65076e-04	-2.34481e-01	8.08677e+00
110	1	148	0	2	3	7.05493e-03	-7.99036e-01	1.82629e+01
110	1	149	0	2	3	9.25987e-04	-3.73422e-01	1.22305e+01
110	1	150	0	2	3	3.68859e-03	-5.98259e-01	1.65434e+01
110	1	151	0	2	3	4.54767e-03	-6.15845e-01	1.54648e+01
110	1	152	0	2	3	8.43196e-03	-9.25009e-01	2.26212e+01
110	1	153	0	2	3	3.42935e-03	-5.35468e-01	1.50464e+01
110	1	154	0	2	3	4.74383e-03	-6.49824e-01	1.69904e+01
110	1	155	0	2	3	5.47165e-03	-6.94118e-01	1.60214e+01
110	1	156	0	2	3	7.51996e-03	-8.48068e-01	2.01914e+01
110	1	157	0	2	3	-1.04574e-02	5.05840e-01	-4.26607e+00
110	1	158	0	2	3	-1.05632e-02	4.62866e-01	-2.59845e+00
110	1	159	0	2	3	4.43790e-03	-6.28104e-01	1.73567e+01
