##
#  file: HodoPHCParam_Dummy
#  date: 2016.06.15
#  note: first version
#
#
#######################################################################
# CId	PlId	Seg	UorD	Type	nParam	p0	p1	...
#
#	Type=0 no correction will be performed
#	Type=1 ct=t-p[0]/sqrt(a-p[1])+p[2]
#	Type=2 ct=p[0]*a*a + p[1]*a + p[2] for Fiber
#
#######################################################################
# BH1 Up                                                              #
#######################################################################
1	0	0	0	1	3	9.72882e+01	-2.42381e+01	1.93388e+01
1	0	1	0	1	3	8.39811e-01	2.30870e-01	9.07677e-01
1	0	2	0	1	3	7.96271e-01	2.02772e-01	8.76313e-01
1	0	3	0	1	3	1.24269e+00	-1.47574e-01	1.19840e+00
1	0	4	0	1	3	1.09931e+00	-7.72769e-02	1.08260e+00
1	0	5	0	1	3	1.05845e+00	1.40683e-01	1.18835e+00
1	0	6	0	1	3	1.24845e+00	-7.32092e-02	1.22011e+00
1	0	7	0	1	3	1.38494e+00	-1.69323e-01	1.29113e+00
1	0	8	0	1	3	1.12943e+00	-1.85789e-01	1.05048e+00
1	0	9	0	1	3	1.39270e+00	-1.82072e-01	1.30041e+00
1	0	10	0	1	3	1.71493e+02	-3.15885e+01	3.00372e+01
#######################################################################
# BH1 Down                                                            #
#######################################################################
1	0	0	1	1	3	1.69589e+00	-2.63702e-01	1.46458e+00
1	0	1	1	1	3	6.65147e-01	3.06785e-01	7.74182e-01
1	0	2	1	1	3	1.69164e+00	-4.50471e-01	1.36238e+00
1	0	3	1	1	3	7.14482e+01	-2.23619e+01	1.47724e+01
1	0	4	1	1	3	1.42431e+00	-1.84323e-01	1.31423e+00
1	0	5	1	1	3	1.48351e+00	-1.17877e-01	1.40777e+00
1	0	6	1	1	3	1.64799e+00	-3.01989e-01	1.48452e+00
1	0	7	1	1	3	1.48685e+00	-1.75507e-01	1.38619e+00
1	0	8	1	1	3	5.71792e-01	2.68423e-01	6.99614e-01
1	0	9	1	1	3	1.07020e+00	4.47097e-02	1.11772e+00
1	0	10	1	1	3	5.19525e-01	3.65790e-01	6.45791e-01
#######################################################################
# BH2 Up                                                              #
#######################################################################
2	0	0	0	1	3	1.12115e-01	3.35357e-01	1.33957e-01
2	0	1	0	1	3	4.23202e-01	6.01088e-02	4.32756e-01
2	0	2	0	1	3	4.01076e-01	4.56070e-02	4.03148e-01
2	0	3	0	1	3	3.85284e-01	5.67440e-02	3.98101e-01
2	0	4	0	1	3	2.66200e-01	1.48660e-01	2.92941e-01
2	0	5	0	1	3	1.66891e-01	2.88043e-01	2.06447e-01
2	0	6	0	1	3	1.71542e-01	2.55850e-01	2.12138e-01
2	0	7	0	1	3	1.96083e-01	2.29490e-01	2.30246e-01
#######################################################################
# BH2 Down                                                            #
#######################################################################
2	0	0	1	1	3	1.86082e-01	2.04597e-01	2.06299e-01
2	0	1	1	1	3	3.69447e-01	6.07075e-02	3.67987e-01
2	0	2	1	1	3	4.36704e-01	5.29092e-03	4.17610e-01
2	0	3	1	1	3	5.05110e-01	-2.36197e-01	4.33924e-01
2	0	4	1	1	3	3.34198e-01	6.07922e-02	3.30964e-01
2	0	5	1	1	3	2.71316e-01	1.29618e-01	2.74971e-01
2	0	6	1	1	3	4.51400e-01	-3.05140e-02	4.20447e-01
2	0	7	1	1	3	2.11967e-01	8.42464e-02	2.22906e-01
#######################################################################
# BAC                                                                 #
#######################################################################
3	0	0	0	1	3	0.00000e+00	0.00000e+00	0.00000e+00
3	0	1	0	1	3	0.00000e+00	0.00000e+00	0.00000e+00
#######################################################################
# FBH Up                                                              #
#######################################################################
4	0	0	0	2	3	-5.62952e-03	8.96903e-01	-3.53273e+01
4	0	1	0	2	3	-4.29399e-03	7.37975e-01	-3.00049e+01
4	0	2	0	2	3	-5.26894e-03	8.67305e-01	-3.38992e+01
4	0	3	0	2	3	-3.80183e-03	6.69237e-01	-2.72260e+01
4	0	4	0	2	3	-4.35014e-03	7.35785e-01	-2.92008e+01
4	0	5	0	2	3	-4.02541e-03	6.86907e-01	-2.70312e+01
4	0	6	0	2	3	-4.16660e-03	7.08229e-01	-2.81512e+01
4	0	7	0	2	3	-3.93117e-03	6.84759e-01	-2.69101e+01
4	0	8	0	2	3	-4.14423e-03	6.96902e-01	-2.65883e+01
4	0	9	0	2	3	-2.83372e-03	5.62925e-01	-2.20787e+01
4	0	10	0	2	3	-4.07944e-03	7.09420e-01	-2.75603e+01
4	0	11	0	2	3	-3.50961e-03	6.50113e-01	-2.64167e+01
4	0	12	0	2	3	-3.52415e-03	6.49734e-01	-2.67232e+01
4	0	13	0	2	3	-4.13420e-03	7.26957e-01	-2.99675e+01
4	0	14	0	2	3	-4.90315e-03	8.27563e-01	-3.35630e+01
4	0	15	0	2	3	-4.73048e-03	8.13189e-01	-3.31901e+01
#######################################################################
# FBH Down                                                            #
#######################################################################
4	0	0	1	2	3	-5.62952e-03	8.96903e-01	-3.53273e+01
4	0	1	1	2	3	-4.29399e-03	7.37975e-01	-3.00049e+01
4	0	2	1	2	3	-5.26894e-03	8.67305e-01	-3.38992e+01
4	0	3	1	2	3	-3.80183e-03	6.69237e-01	-2.72260e+01
4	0	4	1	2	3	-4.35014e-03	7.35785e-01	-2.92008e+01
4	0	5	1	2	3	-4.02541e-03	6.86907e-01	-2.70312e+01
4	0	6	1	2	3	-4.16660e-03	7.08229e-01	-2.81512e+01
4	0	7	1	2	3	-3.93117e-03	6.84759e-01	-2.69101e+01
4	0	8	1	2	3	-4.14423e-03	6.96902e-01	-2.65883e+01
4	0	9	1	2	3	-2.83372e-03	5.62925e-01	-2.20787e+01
4	0	10	1	2	3	-4.07944e-03	7.09420e-01	-2.75603e+01
4	0	11	1	2	3	-3.50961e-03	6.50113e-01	-2.64167e+01
4	0	12	1	2	3	-3.52415e-03	6.49734e-01	-2.67232e+01
4	0	13	1	2	3	-4.13420e-03	7.26957e-01	-2.99675e+01
4	0	14	1	2	3	-4.90315e-03	8.27563e-01	-3.35630e+01
4	0	15	1	2	3	-4.73048e-03	8.13189e-01	-3.31901e+01
#######################################################################
# PVAC                                                                #
#######################################################################
5	0	0	0	1	3	0.00000e+00	0.00000e+00	0.00000e+00
#######################################################################
# FAC                                                                 #
#######################################################################
6	0	0	0	1	3	0.00000e+00	0.00000e+00	0.00000e+00
#######################################################################
# SCH                                                                 #
#######################################################################
#7	0	0	0	2	3	-0.00500000	0.821213	-32.185321
#7	0	1	0	2	3	-0.00500000	0.830248	-32.269563
#7	0	2	0	2	3	-0.00500000	0.793073	-29.315934
#7	0	3	0	2	3	-0.00500000	0.772144	-28.276705
#7	0	4	0	2	3	-0.00500000	0.801968	-30.687167
#7	0	5	0	2	3	-0.00500000	0.778300	-28.439251
#7	0	6	0	2	3	-0.00500000	0.765872	-27.918181
#7	0	7	0	2	3	-0.00500000	0.738459	-26.016797
#7	0	8	0	2	3	-0.00500000	0.778318	-28.676371
#7	0	9	0	2	3	-0.00500000	0.776670	-28.892887
#7	0	10	0	2	3	-0.00500000	0.764278	-28.122474
#7	0	11	0	2	3	-0.00500000	0.790742	-29.423647
#7	0	12	0	2	3	-0.00500000	0.811330	-30.487019
#7	0	13	0	2	3	-0.00500000	0.818750	-30.891512
#7	0	14	0	2	3	-0.00500000	0.802541	-30.009136
#7	0	15	0	2	3	-0.00500000	0.809525	-30.751746
#7	0	16	0	2	3	-0.00500000	0.802597	-30.845509
#7	0	17	0	2	3	-0.00500000	0.835028	-32.780792
#7	0	18	0	2	3	-0.00500000	0.859176	-33.938731
#7	0	19	0	2	3	-0.00500000	0.814851	-31.445396
#7	0	20	0	2	3	-0.00500000	0.809426	-30.781087
#7	0	21	0	2	3	-0.00500000	0.780678	-28.888756
#7	0	22	0	2	3	-0.00500000	0.808206	-30.719604
#7	0	23	0	2	3	-0.00500000	0.774024	-27.858339
#7	0	24	0	2	3	-0.00500000	0.794308	-29.022101
#7	0	25	0	2	3	-0.00500000	0.775649	-27.980186
#7	0	26	0	2	3	-0.00500000	0.788483	-28.687567
#7	0	27	0	2	3	-0.00466315	0.771386	-29.253260
#7	0	28	0	2	3	-0.00483132	0.790854	-28.637741
#7	0	29	0	2	3	-0.00497049	0.812994	-30.786914
#7	0	30	0	2	3	-0.00500000	0.787793	-28.362716
#7	0	31	0	2	3	-0.00500000	0.790759	-28.876812
#7	0	32	0	2	3	-0.00500000	0.824826	-31.655285
#7	0	33	0	2	3	-0.00500000	0.845304	-33.407765
#7	0	34	0	2	3	-0.00500000	0.832263	-32.939799
#7	0	35	0	2	3	-0.00500000	0.820631	-31.695372
#7	0	36	0	2	3	-0.00500000	0.836997	-33.200590
#7	0	37	0	2	3	-0.00500000	0.819690	-32.097193
#7	0	38	0	2	3	-0.00500000	0.808109	-31.263214
#7	0	39	0	2	3	-0.00500000	0.815224	-31.135523
#7	0	40	0	2	3	-0.00500000	0.803398	-29.897923
#7	0	41	0	2	3	-0.00500000	0.815685	-31.165519
#7	0	42	0	2	3	-0.00500000	0.812980	-30.737261
#7	0	43	0	2	3	-0.00500000	0.829418	-32.693307
#7	0	44	0	2	3	-0.00500000	0.789530	-29.464920
#7	0	45	0	2	3	-0.00500000	0.804789	-31.208151
#7	0	46	0	2	3	-0.00500000	0.830106	-32.806514
#7	0	47	0	2	3	-0.00500000	0.819206	-31.373242
#7	0	48	0	2	3	-0.00500000	0.816165	-31.709319
#7	0	49	0	2	3	-0.00500000	0.798496	-30.201709
#7	0	50	0	2	3	-0.00500000	0.812167	-31.795745
#7	0	51	0	2	3	-0.00500000	0.810749	-31.375226
#7	0	52	0	2	3	-0.00500000	0.803385	-31.372512
#7	0	53	0	2	3	-0.00500000	0.777405	-29.262831
#7	0	54	0	2	3	-0.00500000	0.783954	-29.763410
#7	0	55	0	2	3	-0.00500000	0.789443	-29.976449
#7	0	56	0	2	3	-0.00500000	0.838828	-33.261086
#7	0	57	0	2	3	-0.00500000	0.804421	-30.573195
#7	0	58	0	2	3	-0.00500000	0.773283	-29.111048
#7	0	59	0	2	3	-0.00500000	0.811789	-31.449459
#7	0	60	0	2	3	-0.00500000	0.759724	-28.110014
#7	0	61	0	2	3	-0.00500000	0.810884	-31.379063
#7	0	62	0	2	3	-0.00500000	0.771910	-28.435006
#7	0	63	0	2	3	-0.00500000	0.796658	-30.511906
#######################################################################
# TOF Up                                                              #
#######################################################################
7	0	0	0	1	3	5.24830e+00	-1.96630e+00	2.96170e+00
7	0	1	0	1	3	5.24830e+00	-1.96630e+00	2.96170e+00
7	0	2	0	1	3	5.24830e+00	-1.96630e+00	2.96170e+00
7	0	3	0	1	3	5.24830e+00	-1.96630e+00	2.96170e+00
7	0	4	0	1	3	5.24830e+00	-1.96630e+00	2.96170e+00
7	0	5	0	1	3	5.24830e+00	-1.96630e+00	2.96170e+00
7	0	6	0	1	3	6.97090e+00	-3.03520e+00	3.39910e+00
7	0	7	0	1	3	4.05450e+00	-1.96150e+00	2.30360e+00
7	0	8	0	1	3	1.16940e+02	-2.98600e+01	2.09880e+01
7	0	9	0	1	3	5.24830e+00	-1.96630e+00	2.96170e+00
7	0	10	0	1	3	5.24830e+00	-1.96630e+00	2.96170e+00
7	0	11	0	1	3	5.24830e+00	-1.96630e+00	2.96170e+00
7	0	12	0	1	3	5.24830e+00	-1.96630e+00	2.96170e+00
7	0	13	0	1	3	5.24830e+00	-1.96630e+00	2.96170e+00
7	0	14	0	1	3	5.24830e+00	-1.96630e+00	2.96170e+00
7	0	15	0	1	3	5.24830e+00	-1.96630e+00	2.96170e+00
7	0	16	0	1	3	5.24830e+00	-1.96630e+00	2.96170e+00
7	0	17	0	1	3	5.24830e+00	-1.96630e+00	2.96170e+00
7	0	18	0	1	3	5.24830e+00	-1.96630e+00	2.96170e+00
7	0	19	0	1	3	7.11491e-01	1.85180e-03	5.82402e-01
7	0	20	0	1	3	5.59404e-01	-1.73810e-03	4.50716e-01
7	0	21	0	1	3	8.92499e-01	1.99900e-03	7.37364e-01
7	0	22	0	1	3	6.37553e-01	1.99960e-03	5.45449e-01
7	0	23	0	1	3	1.19210e+00	1.98920e-03	9.99994e-01
#######################################################################
# TOF Down                                                            #
#######################################################################
7	0	0	1	1	3	5.84300e+00	-2.30730e+00	3.11320e+00
7	0	1	1	1	3	5.84300e+00	-2.30730e+00	3.11320e+00
7	0	2	1	1	3	5.84300e+00	-2.30730e+00	3.11320e+00
7	0	3	1	1	3	5.84300e+00	-2.30730e+00	3.11320e+00
7	0	4	1	1	3	5.84300e+00	-2.30730e+00	3.11320e+00
7	0	5	1	1	3	5.84300e+00	-2.30730e+00	3.11320e+00
7	0	6	1	1	3	1.41330e+01	-5.81170e+00	5.32680e+00
7	0	7	1	1	3	7.84850e+01	-2.02870e+01	1.69500e+01
7	0	8	1	1	3	2.20240e+02	-3.62440e+01	3.60080e+01
7	0	9	1	1	3	5.84300e+00	-2.30730e+00	3.11320e+00
7	0	10	1	1	3	5.84300e+00	-2.30730e+00	3.11320e+00
7	0	11	1	1	3	5.84300e+00	-2.30730e+00	3.11320e+00
7	0	12	1	1	3	5.84300e+00	-2.30730e+00	3.11320e+00
7	0	13	1	1	3	5.84300e+00	-2.30730e+00	3.11320e+00
7	0	14	1	1	3	5.84300e+00	-2.30730e+00	3.11320e+00
7	0	15	1	1	3	5.84300e+00	-2.30730e+00	3.11320e+00
7	0	16	1	1	3	5.84300e+00	-2.30730e+00	3.11320e+00
7	0	17	1	1	3	5.84300e+00	-2.30730e+00	3.11320e+00
7	0	18	1	1	3	5.84300e+00	-2.30730e+00	3.11320e+00
7	0	19	1	1	3	6.18741e-01	1.99860e-03	4.90831e-01
7	0	20	1	1	3	5.75901e-01	1.04210e-03	4.72509e-01
7	0	21	1	1	3	9.41046e-01	1.99890e-03	7.79357e-01
7	0	22	1	1	3	4.84266e-01	-1.95590e-03	3.99786e-01
7	0	23	1	1	3	8.97714e-01	1.99860e-03	7.56300e-01
#######################################################################
# BFT U                                                               #
#######################################################################
110	0	0	0	2	3	-9.21483e-03	2.23833e-01	6.44808e+00
110	0	1	0	2	3	-1.30262e-02	6.86524e-01	-5.13243e+00
110	0	2	0	2	3	4.71427e-03	-5.89179e-01	1.69897e+01
110	0	3	0	2	3	-1.84775e-02	1.10027e+00	-1.45500e+01
110	0	4	0	2	3	-4.54126e-03	9.20240e-02	4.29578e+00
110	0	5	0	2	3	-1.57581e-02	9.42907e-01	-1.10295e+01
110	0	6	0	2	3	3.83863e-03	-5.79017e-01	1.70010e+01
110	0	7	0	2	3	1.30737e-03	-3.77397e-01	1.40530e+01
110	0	8	0	2	3	4.74163e-03	-6.31198e-01	1.79236e+01
110	0	9	0	2	3	2.18567e-03	-4.33657e-01	1.47581e+01
110	0	10	0	2	3	4.20117e-03	-5.91889e-01	1.64736e+01
110	0	11	0	2	3	-1.48954e-03	-1.49998e-01	8.24870e+00
110	0	12	0	2	3	3.08623e-03	-5.15555e-01	1.53892e+01
110	0	13	0	2	3	-2.16755e-03	-1.06278e-01	8.53269e+00
110	0	14	0	2	3	4.42783e-03	-6.03986e-01	1.66603e+01
110	0	15	0	2	3	5.76393e-03	-7.07277e-01	1.97774e+01
110	0	16	0	2	3	4.16065e-03	-5.85305e-01	1.62214e+01
110	0	17	0	2	3	3.18403e-03	-5.03240e-01	1.54303e+01
110	0	18	0	2	3	4.17327e-03	-5.89922e-01	1.62428e+01
110	0	19	0	2	3	4.94211e-03	-6.36170e-01	1.68285e+01
110	0	20	0	2	3	3.55558e-03	-5.44996e-01	1.60622e+01
110	0	21	0	2	3	4.41194e-03	-5.97406e-01	1.74865e+01
110	0	22	0	2	3	3.98692e-03	-5.71562e-01	1.62981e+01
110	0	23	0	2	3	5.05577e-03	-6.36654e-01	1.78147e+01
110	0	24	0	2	3	3.78457e-03	-5.48297e-01	1.61877e+01
110	0	25	0	2	3	4.95253e-03	-6.36557e-01	1.75156e+01
110	0	26	0	2	3	4.43414e-03	-6.09863e-01	1.71293e+01
110	0	27	0	2	3	4.28159e-03	-5.80750e-01	1.67477e+01
110	0	28	0	2	3	3.82910e-03	-5.52336e-01	1.44256e+01
110	0	29	0	2	3	3.73605e-03	-5.43220e-01	1.57002e+01
110	0	30	0	2	3	4.92312e-03	-6.46951e-01	1.76568e+01
110	0	31	0	2	3	3.74347e-03	-5.50709e-01	1.64037e+01
110	0	32	0	2	3	4.63223e-03	-6.24751e-01	1.75351e+01
110	0	33	0	2	3	4.62704e-03	-5.91631e-01	1.42367e+01
110	0	34	0	2	3	4.45154e-03	-6.06661e-01	1.69002e+01
110	0	35	0	2	3	4.13110e-03	-5.88067e-01	1.71386e+01
110	0	36	0	2	3	4.05379e-03	-5.67914e-01	1.60110e+01
110	0	37	0	2	3	1.75790e-03	-4.03684e-01	1.46038e+01
110	0	38	0	2	3	3.53687e-03	-5.35866e-01	1.50205e+01
110	0	39	0	2	3	5.15393e-03	-6.55342e-01	1.79687e+01
110	0	40	0	2	3	3.62168e-03	-5.38317e-01	1.43830e+01
110	0	41	0	2	3	3.66142e-03	-5.43227e-01	1.70425e+01
110	0	42	0	2	3	4.05521e-03	-5.70765e-01	1.55278e+01
110	0	43	0	2	3	4.37062e-03	-6.10454e-01	1.80244e+01
110	0	44	0	2	3	4.34967e-03	-5.98884e-01	1.67012e+01
110	0	45	0	2	3	4.56614e-03	-6.03401e-01	1.75457e+01
110	0	46	0	2	3	4.07330e-03	-5.87840e-01	1.67548e+01
110	0	47	0	2	3	4.72363e-03	-6.34025e-01	1.84725e+01
110	0	48	0	2	3	3.77750e-03	-5.50195e-01	1.47415e+01
110	0	49	0	2	3	4.42625e-03	-6.02793e-01	1.81787e+01
110	0	50	0	2	3	4.84373e-03	-6.32062e-01	1.76548e+01
110	0	51	0	2	3	4.13787e-03	-5.78415e-01	1.65277e+01
110	0	52	0	2	3	3.69421e-03	-5.45624e-01	1.52639e+01
110	0	53	0	2	3	4.50178e-03	-5.99796e-01	1.67513e+01
110	0	54	0	2	3	4.31230e-03	-5.96060e-01	1.66682e+01
110	0	55	0	2	3	4.77797e-03	-6.26074e-01	1.73155e+01
110	0	56	0	2	3	3.97484e-03	-5.84799e-01	1.65737e+01
110	0	57	0	2	3	4.59615e-03	-6.12279e-01	1.77367e+01
110	0	58	0	2	3	4.04915e-03	-5.80312e-01	1.65129e+01
110	0	59	0	2	3	4.32153e-03	-6.06479e-01	1.79841e+01
110	0	60	0	2	3	3.85981e-03	-5.66619e-01	1.58245e+01
110	0	61	0	2	3	3.25947e-03	-5.18258e-01	1.58410e+01
110	0	62	0	2	3	4.57107e-03	-6.11923e-01	1.68143e+01
110	0	63	0	2	3	4.13029e-03	-5.80428e-01	1.67909e+01
110	0	64	0	2	3	4.17890e-03	-5.94160e-01	1.70081e+01
110	0	65	0	2	3	4.14183e-03	-5.85505e-01	1.69845e+01
110	0	66	0	2	3	4.44920e-03	-6.24303e-01	1.78153e+01
110	0	67	0	2	3	3.43001e-03	-5.34005e-01	1.62333e+01
110	0	68	0	2	3	3.87935e-03	-5.82244e-01	1.74144e+01
110	0	69	0	2	3	3.90948e-03	-5.62415e-01	1.60619e+01
110	0	70	0	2	3	4.52688e-03	-6.33669e-01	1.73090e+01
110	0	71	0	2	3	4.18659e-03	-5.93196e-01	1.71157e+01
110	0	72	0	2	3	3.95913e-03	-5.81534e-01	1.61780e+01
110	0	73	0	2	3	4.74102e-03	-6.32491e-01	1.72172e+01
110	0	74	0	2	3	4.53582e-03	-6.28985e-01	1.81184e+01
110	0	75	0	2	3	4.11810e-03	-5.83923e-01	1.66194e+01
110	0	76	0	2	3	4.05635e-03	-5.81012e-01	1.61979e+01
110	0	77	0	2	3	4.23942e-03	-5.94510e-01	1.71574e+01
110	0	78	0	2	3	4.33500e-03	-6.13417e-01	1.72275e+01
110	0	79	0	2	3	4.28855e-03	-5.95102e-01	1.67701e+01
110	0	80	0	2	3	4.03734e-03	-5.82530e-01	1.63755e+01
110	0	81	0	2	3	4.65408e-03	-6.10220e-01	1.69391e+01
110	0	82	0	2	3	4.11311e-03	-5.83423e-01	1.68846e+01
110	0	83	0	2	3	4.22447e-03	-5.90824e-01	1.65359e+01
110	0	84	0	2	3	3.49956e-03	-5.42861e-01	1.61444e+01
110	0	85	0	2	3	3.99608e-03	-5.71706e-01	1.67328e+01
110	0	86	0	2	3	4.55899e-03	-6.27977e-01	1.74364e+01
110	0	87	0	2	3	4.07182e-03	-5.88332e-01	1.73655e+01
110	0	88	0	2	3	4.33883e-03	-5.96454e-01	1.63954e+01
110	0	89	0	2	3	4.48789e-03	-6.09700e-01	1.70316e+01
110	0	90	0	2	3	4.09122e-03	-5.85730e-01	1.64212e+01
110	0	91	0	2	3	4.04161e-03	-5.87123e-01	1.72768e+01
110	0	92	0	2	3	4.39563e-03	-6.19129e-01	1.79545e+01
110	0	93	0	2	3	4.20822e-03	-5.86581e-01	1.63375e+01
110	0	94	0	2	3	4.89509e-03	-6.67663e-01	1.89202e+01
110	0	95	0	2	3	4.28114e-03	-5.97194e-01	1.71684e+01
110	0	96	0	2	3	3.87336e-03	-5.82654e-01	1.70076e+01
110	0	97	0	2	3	3.71216e-03	-5.58113e-01	1.67737e+01
110	0	98	0	2	3	4.38546e-03	-6.20965e-01	1.76622e+01
110	0	99	0	2	3	4.37764e-03	-6.00559e-01	1.71186e+01
110	0	100	0	2	3	3.22971e-03	-5.26629e-01	1.64552e+01
110	0	101	0	2	3	3.56640e-03	-5.45556e-01	1.64316e+01
110	0	102	0	2	3	4.61326e-03	-6.29636e-01	1.75531e+01
110	0	103	0	2	3	3.99340e-03	-5.78198e-01	1.65406e+01
110	0	104	0	2	3	3.93031e-03	-5.80749e-01	1.65911e+01
110	0	105	0	2	3	4.19021e-03	-5.88473e-01	1.66324e+01
110	0	106	0	2	3	4.71830e-03	-6.32891e-01	1.75007e+01
110	0	107	0	2	3	4.56441e-03	-6.08156e-01	1.73336e+01
110	0	108	0	2	3	3.86011e-03	-5.78797e-01	1.74554e+01
110	0	109	0	2	3	3.95016e-03	-5.71978e-01	1.62243e+01
110	0	110	0	2	3	4.39723e-03	-6.09432e-01	1.68447e+01
110	0	111	0	2	3	5.17182e-03	-6.69420e-01	1.81482e+01
110	0	112	0	2	3	4.12178e-03	-5.81702e-01	1.61033e+01
110	0	113	0	2	3	3.47958e-03	-5.31413e-01	1.54207e+01
110	0	114	0	2	3	3.46766e-03	-5.43839e-01	1.68533e+01
110	0	115	0	2	3	5.69104e-03	-6.93537e-01	1.83320e+01
110	0	116	0	2	3	5.00890e-03	-6.51473e-01	1.82388e+01
110	0	117	0	2	3	3.97395e-03	-5.76215e-01	1.73693e+01
110	0	118	0	2	3	4.36039e-03	-6.10180e-01	1.72182e+01
110	0	119	0	2	3	4.17673e-03	-5.89475e-01	1.57596e+01
110	0	120	0	2	3	3.29811e-03	-5.39870e-01	1.65614e+01
110	0	121	0	2	3	3.79267e-03	-5.55456e-01	1.56136e+01
110	0	122	0	2	3	3.00366e-03	-5.17839e-01	1.63944e+01
110	0	123	0	2	3	5.18267e-03	-6.64118e-01	1.82769e+01
110	0	124	0	2	3	1.73924e-03	-4.12640e-01	1.46918e+01
110	0	125	0	2	3	3.65061e-03	-5.41442e-01	1.37473e+01
110	0	126	0	2	3	4.12517e-03	-5.80171e-01	1.59029e+01
110	0	127	0	2	3	3.72829e-03	-5.51406e-01	1.58984e+01
110	0	128	0	2	3	3.86551e-03	-6.14068e-01	1.83575e+01
110	0	129	0	2	3	4.15512e-03	-6.15928e-01	1.77638e+01
110	0	130	0	2	3	2.12478e-03	-4.57713e-01	1.59808e+01
110	0	131	0	2	3	5.22608e-03	-6.66748e-01	1.84440e+01
110	0	132	0	2	3	4.91925e-03	-6.64699e-01	1.91628e+01
110	0	133	0	2	3	3.43171e-03	-5.33752e-01	1.61152e+01
110	0	134	0	2	3	-3.61926e-03	-4.07259e-02	7.34495e+00
110	0	135	0	2	3	3.35619e-03	-5.42942e-01	1.68060e+01
110	0	136	0	2	3	4.07319e-03	-5.94907e-01	1.76352e+01
110	0	137	0	2	3	3.62650e-03	-5.62753e-01	1.71538e+01
110	0	138	0	2	3	2.04946e-03	-4.56959e-01	1.62096e+01
110	0	139	0	2	3	2.99048e-03	-5.34963e-01	1.64594e+01
110	0	140	0	2	3	2.96402e-03	-5.35159e-01	1.70808e+01
110	0	141	0	2	3	2.83103e-03	-5.11553e-01	1.60951e+01
110	0	142	0	2	3	2.63976e-03	-5.04352e-01	1.67502e+01
110	0	143	0	2	3	4.28183e-03	-6.06059e-01	1.69616e+01
110	0	144	0	2	3	2.54756e-03	-4.97018e-01	1.57258e+01
110	0	145	0	2	3	3.53168e-03	-5.48400e-01	1.62669e+01
110	0	146	0	2	3	3.11258e-03	-5.25676e-01	1.58378e+01
110	0	147	0	2	3	2.19434e-03	-4.58859e-01	1.50692e+01
110	0	148	0	2	3	3.60485e-03	-5.62631e-01	1.69760e+01
110	0	149	0	2	3	4.08040e-03	-5.88354e-01	1.70139e+01
110	0	150	0	2	3	1.32469e-03	-4.17191e-01	1.46528e+01
110	0	151	0	2	3	4.31233e-03	-6.15076e-01	1.76017e+01
110	0	152	0	2	3	2.62673e-03	-4.95273e-01	1.60426e+01
110	0	153	0	2	3	4.11926e-03	-6.14427e-01	1.80269e+01
110	0	154	0	2	3	3.55943e-03	-5.65842e-01	1.72948e+01
110	0	155	0	2	3	3.05250e-03	-5.26736e-01	1.54291e+01
110	0	156	0	2	3	-4.05787e-03	-2.26148e-02	8.48222e+00
110	0	157	0	2	3	-1.10936e-02	5.74327e-01	-4.89828e+00
110	0	158	0	2	3	-1.77486e-02	1.03622e+00	-1.13017e+01
110	0	159	0	2	3	5.09903e-03	-5.61813e-01	1.48564e+01
#######################################################################
# BFT D                                                               #
#######################################################################
110	1	0	0	2	3	3.93067e-03	-4.56921e-01	1.36096e+01
110	1	1	0	2	3	6.27970e-04	-3.19045e-01	1.31466e+01
110	1	2	0	2	3	2.60188e-03	-4.40633e-01	1.44582e+01
110	1	3	0	2	3	-1.63316e-02	1.06461e+00	-1.43474e+01
110	1	4	0	2	3	-2.21307e-03	-1.18170e-01	9.41497e+00
110	1	5	0	2	3	-1.56199e-03	-1.55011e-01	9.92313e+00
110	1	6	0	2	3	3.86705e-03	-5.55819e-01	1.60420e+01
110	1	7	0	2	3	1.21313e-03	-3.65007e-01	1.33998e+01
110	1	8	0	2	3	2.72794e-03	-5.03201e-01	1.62494e+01
110	1	9	0	2	3	1.93578e-03	-4.29209e-01	1.52468e+01
110	1	10	0	2	3	2.88925e-03	-5.12415e-01	1.60445e+01
110	1	11	0	2	3	3.20885e-03	-5.41274e-01	1.69923e+01
110	1	12	0	2	3	2.03816e-03	-4.49017e-01	1.41987e+01
110	1	13	0	2	3	3.31279e-03	-5.29185e-01	1.60737e+01
110	1	14	0	2	3	2.41761e-03	-4.61916e-01	1.48328e+01
110	1	15	0	2	3	1.77598e-03	-4.10290e-01	1.36884e+01
110	1	16	0	2	3	2.92953e-03	-5.02583e-01	1.49909e+01
110	1	17	0	2	3	2.43061e-03	-4.60446e-01	1.48593e+01
110	1	18	0	2	3	3.90198e-03	-5.80263e-01	1.68921e+01
110	1	19	0	2	3	-1.65920e-03	-1.51346e-01	9.45838e+00
110	1	20	0	2	3	3.15226e-03	-5.34512e-01	1.61594e+01
110	1	21	0	2	3	4.04024e-03	-5.87767e-01	1.76244e+01
110	1	22	0	2	3	3.84474e-03	-5.69704e-01	1.61632e+01
110	1	23	0	2	3	3.69667e-03	-5.41287e-01	1.57293e+01
110	1	24	0	2	3	3.27173e-03	-5.34297e-01	1.65876e+01
110	1	25	0	2	3	3.37640e-03	-5.25900e-01	1.57044e+01
110	1	26	0	2	3	4.18544e-03	-5.99281e-01	1.75343e+01
110	1	27	0	2	3	3.36857e-03	-5.33955e-01	1.67068e+01
110	1	28	0	2	3	4.37628e-03	-6.11236e-01	1.77276e+01
110	1	29	0	2	3	4.25178e-03	-5.94474e-01	1.71918e+01
110	1	30	0	2	3	4.02419e-03	-5.82242e-01	1.64803e+01
110	1	31	0	2	3	3.91932e-03	-5.83481e-01	1.72837e+01
110	1	32	0	2	3	2.86851e-03	-5.02123e-01	1.63125e+01
110	1	33	0	2	3	3.25404e-03	-5.29615e-01	1.50241e+01
110	1	34	0	2	3	4.01434e-03	-5.78830e-01	1.59815e+01
110	1	35	0	2	3	3.94997e-03	-5.89342e-01	1.84369e+01
110	1	36	0	2	3	3.29846e-03	-5.22071e-01	1.61018e+01
110	1	37	0	2	3	3.78322e-03	-5.55877e-01	1.56059e+01
110	1	38	0	2	3	3.93449e-03	-5.75216e-01	1.73175e+01
110	1	39	0	2	3	3.53460e-03	-5.42579e-01	1.64696e+01
110	1	40	0	2	3	3.64767e-03	-5.48940e-01	1.64865e+01
110	1	41	0	2	3	3.53683e-03	-5.42349e-01	1.58686e+01
110	1	42	0	2	3	3.96934e-03	-5.68678e-01	1.63236e+01
110	1	43	0	2	3	3.33430e-03	-5.23297e-01	1.61861e+01
110	1	44	0	2	3	4.08876e-03	-5.89426e-01	1.74042e+01
110	1	45	0	2	3	3.39489e-03	-5.37319e-01	1.60898e+01
110	1	46	0	2	3	4.21723e-03	-6.03474e-01	1.66963e+01
110	1	47	0	2	3	4.30864e-03	-6.24128e-01	1.96749e+01
110	1	48	0	2	3	3.62016e-03	-5.50889e-01	1.63824e+01
110	1	49	0	2	3	4.10032e-03	-5.77866e-01	1.68898e+01
110	1	50	0	2	3	4.49624e-03	-6.17398e-01	1.75670e+01
110	1	51	0	2	3	3.84412e-03	-5.68287e-01	1.75320e+01
110	1	52	0	2	3	3.98934e-03	-5.96543e-01	1.66737e+01
110	1	53	0	2	3	3.13895e-03	-5.16631e-01	1.59198e+01
110	1	54	0	2	3	3.98872e-03	-5.86308e-01	1.72393e+01
110	1	55	0	2	3	4.26205e-03	-6.04673e-01	1.84253e+01
110	1	56	0	2	3	4.19488e-03	-6.07116e-01	1.77562e+01
110	1	57	0	2	3	3.43457e-03	-5.42496e-01	1.69609e+01
110	1	58	0	2	3	3.07725e-03	-5.25633e-01	1.71719e+01
110	1	59	0	2	3	3.93010e-03	-5.87529e-01	1.81199e+01
110	1	60	0	2	3	3.95630e-03	-5.82940e-01	1.70766e+01
110	1	61	0	2	3	3.93746e-03	-5.65917e-01	1.68728e+01
110	1	62	0	2	3	4.11556e-03	-5.90538e-01	1.61134e+01
110	1	63	0	2	3	4.05212e-03	-5.88971e-01	1.71739e+01
110	1	64	0	2	3	4.14344e-03	-5.99561e-01	1.77612e+01
110	1	65	0	2	3	4.49551e-03	-6.13811e-01	1.67542e+01
110	1	66	0	2	3	4.49376e-03	-6.25963e-01	1.78733e+01
110	1	67	0	2	3	4.40600e-03	-6.08245e-01	1.67599e+01
110	1	68	0	2	3	3.88274e-03	-5.64215e-01	1.63885e+01
110	1	69	0	2	3	3.75371e-03	-5.62831e-01	1.60032e+01
110	1	70	0	2	3	4.63463e-03	-6.31945e-01	1.81219e+01
110	1	71	0	2	3	4.40421e-03	-6.21538e-01	1.74234e+01
110	1	72	0	2	3	3.63193e-03	-5.58708e-01	1.63916e+01
110	1	73	0	2	3	3.98488e-03	-5.88614e-01	1.73212e+01
110	1	74	0	2	3	4.47035e-03	-6.16362e-01	1.65156e+01
110	1	75	0	2	3	4.33123e-03	-6.11676e-01	1.76053e+01
110	1	76	0	2	3	3.38254e-03	-5.37674e-01	1.58048e+01
110	1	77	0	2	3	4.30421e-03	-6.06590e-01	1.74904e+01
110	1	78	0	2	3	4.17919e-03	-5.98850e-01	1.62626e+01
110	1	79	0	2	3	4.23957e-03	-5.96315e-01	1.71237e+01
110	1	80	0	2	3	4.08934e-03	-5.85414e-01	1.65292e+01
110	1	81	0	2	3	3.79731e-03	-5.64263e-01	1.59751e+01
110	1	82	0	2	3	3.99324e-03	-5.80643e-01	1.73604e+01
110	1	83	0	2	3	3.73272e-03	-5.52895e-01	1.60421e+01
110	1	84	0	2	3	3.72875e-03	-5.52710e-01	1.54285e+01
110	1	85	0	2	3	3.92563e-03	-5.71494e-01	1.63545e+01
110	1	86	0	2	3	4.76068e-03	-6.35167e-01	1.80709e+01
110	1	87	0	2	3	4.42155e-03	-6.04381e-01	1.57013e+01
110	1	88	0	2	3	3.67962e-03	-5.60200e-01	1.66348e+01
110	1	89	0	2	3	3.95545e-03	-5.80599e-01	1.62667e+01
110	1	90	0	2	3	4.46227e-03	-6.15497e-01	1.67310e+01
110	1	91	0	2	3	4.12799e-03	-5.90008e-01	1.63265e+01
110	1	92	0	2	3	3.48337e-03	-5.37400e-01	1.57346e+01
110	1	93	0	2	3	4.02747e-03	-5.78318e-01	1.66835e+01
110	1	94	0	2	3	3.77757e-03	-5.67756e-01	1.70435e+01
110	1	95	0	2	3	4.15283e-03	-5.94576e-01	1.67116e+01
110	1	96	0	2	3	3.89738e-03	-5.73843e-01	1.61594e+01
110	1	97	0	2	3	3.93572e-03	-5.74525e-01	1.61182e+01
110	1	98	0	2	3	3.39712e-03	-5.55372e-01	1.72215e+01
110	1	99	0	2	3	4.47498e-03	-6.13441e-01	1.71498e+01
110	1	100	0	2	3	3.61341e-03	-5.42082e-01	1.60729e+01
110	1	101	0	2	3	3.78855e-03	-5.60002e-01	1.56866e+01
110	1	102	0	2	3	4.79380e-03	-6.47758e-01	1.79969e+01
110	1	103	0	2	3	4.40442e-03	-6.08339e-01	1.69768e+01
110	1	104	0	2	3	3.17664e-03	-5.19079e-01	1.56795e+01
110	1	105	0	2	3	3.24199e-03	-5.23445e-01	1.48649e+01
110	1	106	0	2	3	4.03195e-03	-5.91213e-01	1.68616e+01
110	1	107	0	2	3	4.51437e-03	-6.11806e-01	1.61031e+01
110	1	108	0	2	3	4.51620e-03	-6.17870e-01	1.81884e+01
110	1	109	0	2	3	3.31531e-03	-5.36838e-01	1.57820e+01
110	1	110	0	2	3	4.76094e-03	-6.42640e-01	1.79201e+01
110	1	111	0	2	3	5.22973e-03	-6.82581e-01	1.89462e+01
110	1	112	0	2	3	3.86934e-03	-5.75489e-01	1.65899e+01
110	1	113	0	2	3	3.51779e-03	-5.46325e-01	1.64385e+01
110	1	114	0	2	3	3.84044e-03	-5.77336e-01	1.64468e+01
110	1	115	0	2	3	3.46926e-03	-5.38707e-01	1.59249e+01
110	1	116	0	2	3	3.63199e-03	-5.54230e-01	1.63269e+01
110	1	117	0	2	3	3.57824e-03	-5.48426e-01	1.63804e+01
110	1	118	0	2	3	4.55487e-03	-6.20628e-01	1.66329e+01
110	1	119	0	2	3	4.20707e-03	-5.95164e-01	1.63840e+01
110	1	120	0	2	3	3.82705e-03	-5.72919e-01	1.65254e+01
110	1	121	0	2	3	3.63511e-03	-5.50127e-01	1.62574e+01
110	1	122	0	2	3	4.47449e-03	-6.30077e-01	1.90373e+01
110	1	123	0	2	3	4.43122e-03	-6.26275e-01	1.93689e+01
110	1	124	0	2	3	3.49404e-03	-5.41841e-01	1.55962e+01
110	1	125	0	2	3	3.71743e-03	-5.63607e-01	1.68939e+01
110	1	126	0	2	3	4.20165e-03	-5.85775e-01	1.68081e+01
110	1	127	0	2	3	3.40583e-03	-5.34867e-01	1.60950e+01
110	1	128	0	2	3	4.81244e-03	-6.66969e-01	1.92616e+01
110	1	129	0	2	3	5.02310e-03	-6.80146e-01	1.94820e+01
110	1	130	0	2	3	2.52126e-03	-4.96290e-01	1.52362e+01
110	1	131	0	2	3	3.03558e-03	-5.08264e-01	1.55723e+01
110	1	132	0	2	3	2.96253e-03	-5.26026e-01	1.68479e+01
110	1	133	0	2	3	4.62576e-03	-6.27782e-01	1.75652e+01
110	1	134	0	2	3	4.39908e-03	-6.36825e-01	1.88355e+01
110	1	135	0	2	3	2.85360e-03	-5.02513e-01	1.48533e+01
110	1	136	0	2	3	2.26839e-03	-4.59264e-01	1.54834e+01
110	1	137	0	2	3	4.20382e-03	-6.08384e-01	1.68524e+01
110	1	138	0	2	3	3.48711e-03	-5.65311e-01	1.69451e+01
110	1	139	0	2	3	3.39188e-03	-5.48220e-01	1.58586e+01
110	1	140	0	2	3	4.48501e-03	-6.28416e-01	1.77199e+01
110	1	141	0	2	3	3.58710e-03	-5.58494e-01	1.62887e+01
110	1	142	0	2	3	4.79474e-03	-6.45907e-01	1.76495e+01
110	1	143	0	2	3	3.90475e-03	-5.76469e-01	1.72911e+01
110	1	144	0	2	3	4.20293e-03	-6.16711e-01	1.77646e+01
110	1	145	0	2	3	4.14277e-03	-5.88618e-01	1.70488e+01
110	1	146	0	2	3	4.96567e-03	-6.70957e-01	1.86777e+01
110	1	147	0	2	3	5.24891e-03	-6.69463e-01	1.75578e+01
110	1	148	0	2	3	5.09033e-03	-6.70543e-01	1.79224e+01
110	1	149	0	2	3	4.50276e-03	-6.29585e-01	1.84620e+01
110	1	150	0	2	3	4.36719e-03	-6.09672e-01	1.77479e+01
110	1	151	0	2	3	4.74894e-03	-6.39254e-01	1.78557e+01
110	1	152	0	2	3	2.16748e-03	-4.63277e-01	1.58863e+01
110	1	153	0	2	3	3.24381e-03	-5.44204e-01	1.73977e+01
110	1	154	0	2	3	3.64180e-03	-5.74198e-01	1.63389e+01
110	1	155	0	2	3	4.18288e-03	-6.03686e-01	1.72628e+01
110	1	156	0	2	3	4.72745e-03	-6.53071e-01	1.87067e+01
110	1	157	0	2	3	-3.92913e-04	-2.98950e-01	1.31093e+01
110	1	158	0	2	3	-8.12497e-03	2.77321e-01	2.74210e+00
110	1	159	0	2	3	-1.08193e-03	-1.92632e-01	1.06393e+01
