##
#  file: HodoPHCParam_Dummy
#  date: 2016.06.15
#  note: first version
#
#
#######################################################################
# CId	PlId	Seg	UorD	Type	nParam	p0	p1	...
#
#	Type=0 no correction will be performed
#	Type=1 ct=t-p[0]/sqrt(a-p[1])+p[2]
#	Type=2 ct=p[0]*a*a + p[1]*a + p[2] for Fiber
#
#######################################################################
# BH1 Up                                                              #
#######################################################################
1	0	0	0	1	3	5.08705e+00	-1.98362e+00	2.93454e+00
1	0	1	0	1	3	6.69706e-01	2.91546e-01	8.10244e-01
1	0	2	0	1	3	5.01779e-01	3.94271e-01	6.64278e-01
1	0	3	0	1	3	7.45330e-01	1.66754e-01	8.56036e-01
1	0	4	0	1	3	8.52890e-01	8.60054e-02	9.27134e-01
1	0	5	0	1	3	1.69981e+00	-1.50393e-01	1.62794e+00
1	0	6	0	1	3	1.58582e+00	-2.35346e-01	1.46587e+00
1	0	7	0	1	3	1.61970e+00	-1.46184e-01	1.54504e+00
1	0	8	0	1	3	1.37546e+00	-2.52696e-01	1.28233e+00
1	0	9	0	1	3	1.74814e+00	-2.76223e-01	1.64100e+00
1	0	10	0	1	3	1.60339e+01	-4.62629e+00	6.81205e+00
#######################################################################
# BH1 Down                                                            #
#######################################################################
1	0	0	1	1	3	1.33519e+00	-9.13138e-02	1.27257e+00
1	0	1	1	1	3	6.24909e-01	2.88647e-01	7.65429e-01
1	0	2	1	1	3	6.68954e-01	2.21542e-01	7.45264e-01
1	0	3	1	1	3	1.32364e+00	-4.57464e-01	1.08318e+00
1	0	4	1	1	3	1.18002e+00	-7.91080e-02	1.17008e+00
1	0	5	1	1	3	2.07299e+00	-4.79828e-01	1.70935e+00
1	0	6	1	1	3	1.96000e+00	-5.20196e-01	1.63958e+00
1	0	7	1	1	3	1.89852e+00	-4.50289e-01	1.60743e+00
1	0	8	1	1	3	1.02469e+00	-6.73213e-02	1.04734e+00
1	0	9	1	1	3	1.64894e+00	-1.85977e-01	1.61292e+00
1	0	10	1	1	3	7.15603e-01	2.22738e-01	8.54972e-01
#######################################################################
# BH2 Up                                                              #
#######################################################################
2	0	0	0	1	3	1.43047e-01	2.98695e-01	2.00085e-01
2	0	1	0	1	3	8.79554e-01	-2.31747e-01	7.85839e-01
2	0	2	0	1	3	5.94572e-01	-4.97541e-01	4.68956e-01
2	0	3	0	1	3	1.91725e-01	3.94747e-02	1.91115e-01
2	0	4	0	1	3	3.31184e-01	-9.38469e-02	3.15823e-01
2	0	5	0	1	3	1.99769e-01	2.70254e-01	2.37321e-01
2	0	6	0	1	3	2.58948e-01	2.41832e-01	3.10133e-01
2	0	7	0	1	3	3.50426e-01	8.80094e-02	3.70898e-01
#######################################################################
# BH2 Down                                                            #
#######################################################################
2	0	0	1	1	3	3.94607e-01	-1.85207e-01	3.84440e-01
2	0	1	1	1	3	9.92155e-01	-3.85817e-01	8.32122e-01
2	0	2	1	1	3	4.10986e-01	-9.27803e-02	3.90143e-01
2	0	3	1	1	3	1.76416e-01	4.84160e-02	1.75490e-01
2	0	4	1	1	3	2.42956e-01	1.23979e-01	2.64593e-01
2	0	5	1	1	3	3.57967e-01	4.32013e-02	3.63973e-01
2	0	6	1	1	3	1.22093e+00	-6.67168e-01	9.30075e-01
2	0	7	1	1	3	2.92156e-01	-4.36810e-03	2.98702e-01
#######################################################################
# BAC                                                                 #
#######################################################################
3	0	0	0	1	3	0.00000e+00	0.00000e+00	0.00000e+00
3	0	1	0	1	3	0.00000e+00	0.00000e+00	0.00000e+00
#######################################################################
# FBH Up                                                              #
#######################################################################
4	0	0	0	2	3	-5.62952e-03	8.96903e-01	-3.53273e+01
4	0	1	0	2	3	-4.29399e-03	7.37975e-01	-3.00049e+01
4	0	2	0	2	3	-5.26894e-03	8.67305e-01	-3.38992e+01
4	0	3	0	2	3	-3.80183e-03	6.69237e-01	-2.72260e+01
4	0	4	0	2	3	-4.35014e-03	7.35785e-01	-2.92008e+01
4	0	5	0	2	3	-4.02541e-03	6.86907e-01	-2.70312e+01
4	0	6	0	2	3	-4.16660e-03	7.08229e-01	-2.81512e+01
4	0	7	0	2	3	-3.93117e-03	6.84759e-01	-2.69101e+01
4	0	8	0	2	3	-4.14423e-03	6.96902e-01	-2.65883e+01
4	0	9	0	2	3	-2.83372e-03	5.62925e-01	-2.20787e+01
4	0	10	0	2	3	-4.07944e-03	7.09420e-01	-2.75603e+01
4	0	11	0	2	3	-3.50961e-03	6.50113e-01	-2.64167e+01
4	0	12	0	2	3	-3.52415e-03	6.49734e-01	-2.67232e+01
4	0	13	0	2	3	-4.13420e-03	7.26957e-01	-2.99675e+01
4	0	14	0	2	3	-4.90315e-03	8.27563e-01	-3.35630e+01
4	0	15	0	2	3	-4.73048e-03	8.13189e-01	-3.31901e+01
#######################################################################
# FBH Down                                                            #
#######################################################################
4	0	0	1	2	3	-5.62952e-03	8.96903e-01	-3.53273e+01
4	0	1	1	2	3	-4.29399e-03	7.37975e-01	-3.00049e+01
4	0	2	1	2	3	-5.26894e-03	8.67305e-01	-3.38992e+01
4	0	3	1	2	3	-3.80183e-03	6.69237e-01	-2.72260e+01
4	0	4	1	2	3	-4.35014e-03	7.35785e-01	-2.92008e+01
4	0	5	1	2	3	-4.02541e-03	6.86907e-01	-2.70312e+01
4	0	6	1	2	3	-4.16660e-03	7.08229e-01	-2.81512e+01
4	0	7	1	2	3	-3.93117e-03	6.84759e-01	-2.69101e+01
4	0	8	1	2	3	-4.14423e-03	6.96902e-01	-2.65883e+01
4	0	9	1	2	3	-2.83372e-03	5.62925e-01	-2.20787e+01
4	0	10	1	2	3	-4.07944e-03	7.09420e-01	-2.75603e+01
4	0	11	1	2	3	-3.50961e-03	6.50113e-01	-2.64167e+01
4	0	12	1	2	3	-3.52415e-03	6.49734e-01	-2.67232e+01
4	0	13	1	2	3	-4.13420e-03	7.26957e-01	-2.99675e+01
4	0	14	1	2	3	-4.90315e-03	8.27563e-01	-3.35630e+01
4	0	15	1	2	3	-4.73048e-03	8.13189e-01	-3.31901e+01
#######################################################################
# PVAC                                                                #
#######################################################################
5	0	0	0	1	3	0.00000e+00	0.00000e+00	0.00000e+00
#######################################################################
# FAC                                                                 #
#######################################################################
6	0	0	0	1	3	0.00000e+00	0.00000e+00	0.00000e+00
#######################################################################
# SCH                                                                 #
#######################################################################
#7	0	0	0	2	3	-0.00500000	0.821213	-32.185321
#7	0	1	0	2	3	-0.00500000	0.830248	-32.269563
#7	0	2	0	2	3	-0.00500000	0.793073	-29.315934
#7	0	3	0	2	3	-0.00500000	0.772144	-28.276705
#7	0	4	0	2	3	-0.00500000	0.801968	-30.687167
#7	0	5	0	2	3	-0.00500000	0.778300	-28.439251
#7	0	6	0	2	3	-0.00500000	0.765872	-27.918181
#7	0	7	0	2	3	-0.00500000	0.738459	-26.016797
#7	0	8	0	2	3	-0.00500000	0.778318	-28.676371
#7	0	9	0	2	3	-0.00500000	0.776670	-28.892887
#7	0	10	0	2	3	-0.00500000	0.764278	-28.122474
#7	0	11	0	2	3	-0.00500000	0.790742	-29.423647
#7	0	12	0	2	3	-0.00500000	0.811330	-30.487019
#7	0	13	0	2	3	-0.00500000	0.818750	-30.891512
#7	0	14	0	2	3	-0.00500000	0.802541	-30.009136
#7	0	15	0	2	3	-0.00500000	0.809525	-30.751746
#7	0	16	0	2	3	-0.00500000	0.802597	-30.845509
#7	0	17	0	2	3	-0.00500000	0.835028	-32.780792
#7	0	18	0	2	3	-0.00500000	0.859176	-33.938731
#7	0	19	0	2	3	-0.00500000	0.814851	-31.445396
#7	0	20	0	2	3	-0.00500000	0.809426	-30.781087
#7	0	21	0	2	3	-0.00500000	0.780678	-28.888756
#7	0	22	0	2	3	-0.00500000	0.808206	-30.719604
#7	0	23	0	2	3	-0.00500000	0.774024	-27.858339
#7	0	24	0	2	3	-0.00500000	0.794308	-29.022101
#7	0	25	0	2	3	-0.00500000	0.775649	-27.980186
#7	0	26	0	2	3	-0.00500000	0.788483	-28.687567
#7	0	27	0	2	3	-0.00466315	0.771386	-29.253260
#7	0	28	0	2	3	-0.00483132	0.790854	-28.637741
#7	0	29	0	2	3	-0.00497049	0.812994	-30.786914
#7	0	30	0	2	3	-0.00500000	0.787793	-28.362716
#7	0	31	0	2	3	-0.00500000	0.790759	-28.876812
#7	0	32	0	2	3	-0.00500000	0.824826	-31.655285
#7	0	33	0	2	3	-0.00500000	0.845304	-33.407765
#7	0	34	0	2	3	-0.00500000	0.832263	-32.939799
#7	0	35	0	2	3	-0.00500000	0.820631	-31.695372
#7	0	36	0	2	3	-0.00500000	0.836997	-33.200590
#7	0	37	0	2	3	-0.00500000	0.819690	-32.097193
#7	0	38	0	2	3	-0.00500000	0.808109	-31.263214
#7	0	39	0	2	3	-0.00500000	0.815224	-31.135523
#7	0	40	0	2	3	-0.00500000	0.803398	-29.897923
#7	0	41	0	2	3	-0.00500000	0.815685	-31.165519
#7	0	42	0	2	3	-0.00500000	0.812980	-30.737261
#7	0	43	0	2	3	-0.00500000	0.829418	-32.693307
#7	0	44	0	2	3	-0.00500000	0.789530	-29.464920
#7	0	45	0	2	3	-0.00500000	0.804789	-31.208151
#7	0	46	0	2	3	-0.00500000	0.830106	-32.806514
#7	0	47	0	2	3	-0.00500000	0.819206	-31.373242
#7	0	48	0	2	3	-0.00500000	0.816165	-31.709319
#7	0	49	0	2	3	-0.00500000	0.798496	-30.201709
#7	0	50	0	2	3	-0.00500000	0.812167	-31.795745
#7	0	51	0	2	3	-0.00500000	0.810749	-31.375226
#7	0	52	0	2	3	-0.00500000	0.803385	-31.372512
#7	0	53	0	2	3	-0.00500000	0.777405	-29.262831
#7	0	54	0	2	3	-0.00500000	0.783954	-29.763410
#7	0	55	0	2	3	-0.00500000	0.789443	-29.976449
#7	0	56	0	2	3	-0.00500000	0.838828	-33.261086
#7	0	57	0	2	3	-0.00500000	0.804421	-30.573195
#7	0	58	0	2	3	-0.00500000	0.773283	-29.111048
#7	0	59	0	2	3	-0.00500000	0.811789	-31.449459
#7	0	60	0	2	3	-0.00500000	0.759724	-28.110014
#7	0	61	0	2	3	-0.00500000	0.810884	-31.379063
#7	0	62	0	2	3	-0.00500000	0.771910	-28.435006
#7	0	63	0	2	3	-0.00500000	0.796658	-30.511906
#######################################################################
# TOF Up                                                              #
#######################################################################
7	0	0	0	1	3	5.24830e+00	-1.96630e+00	2.96170e+00
7	0	1	0	1	3	5.24830e+00	-1.96630e+00	2.96170e+00
7	0	2	0	1	3	5.24830e+00	-1.96630e+00	2.96170e+00
7	0	3	0	1	3	5.24830e+00	-1.96630e+00	2.96170e+00
7	0	4	0	1	3	5.24830e+00	-1.96630e+00	2.96170e+00
7	0	5	0	1	3	5.24830e+00	-1.96630e+00	2.96170e+00
7	0	6	0	1	3	6.97090e+00	-3.03520e+00	3.39910e+00
7	0	7	0	1	3	4.05450e+00	-1.96150e+00	2.30360e+00
7	0	8	0	1	3	1.16940e+02	-2.98600e+01	2.09880e+01
7	0	9	0	1	3	5.24830e+00	-1.96630e+00	2.96170e+00
7	0	10	0	1	3	5.24830e+00	-1.96630e+00	2.96170e+00
7	0	11	0	1	3	5.24830e+00	-1.96630e+00	2.96170e+00
7	0	12	0	1	3	5.24830e+00	-1.96630e+00	2.96170e+00
7	0	13	0	1	3	5.24830e+00	-1.96630e+00	2.96170e+00
7	0	14	0	1	3	5.24830e+00	-1.96630e+00	2.96170e+00
7	0	15	0	1	3	5.24830e+00	-1.96630e+00	2.96170e+00
7	0	16	0	1	3	5.24830e+00	-1.96630e+00	2.96170e+00
7	0	17	0	1	3	5.24830e+00	-1.96630e+00	2.96170e+00
7	0	18	0	1	3	5.24830e+00	-1.96630e+00	2.96170e+00
7	0	19	0	1	3	7.11491e-01	1.85180e-03	5.82402e-01
7	0	20	0	1	3	5.59404e-01	-1.73810e-03	4.50716e-01
7	0	21	0	1	3	8.92499e-01	1.99900e-03	7.37364e-01
7	0	22	0	1	3	6.37553e-01	1.99960e-03	5.45449e-01
7	0	23	0	1	3	1.19210e+00	1.98920e-03	9.99994e-01
#######################################################################
# TOF Down                                                            #
#######################################################################
7	0	0	1	1	3	5.84300e+00	-2.30730e+00	3.11320e+00
7	0	1	1	1	3	5.84300e+00	-2.30730e+00	3.11320e+00
7	0	2	1	1	3	5.84300e+00	-2.30730e+00	3.11320e+00
7	0	3	1	1	3	5.84300e+00	-2.30730e+00	3.11320e+00
7	0	4	1	1	3	5.84300e+00	-2.30730e+00	3.11320e+00
7	0	5	1	1	3	5.84300e+00	-2.30730e+00	3.11320e+00
7	0	6	1	1	3	1.41330e+01	-5.81170e+00	5.32680e+00
7	0	7	1	1	3	7.84850e+01	-2.02870e+01	1.69500e+01
7	0	8	1	1	3	2.20240e+02	-3.62440e+01	3.60080e+01
7	0	9	1	1	3	5.84300e+00	-2.30730e+00	3.11320e+00
7	0	10	1	1	3	5.84300e+00	-2.30730e+00	3.11320e+00
7	0	11	1	1	3	5.84300e+00	-2.30730e+00	3.11320e+00
7	0	12	1	1	3	5.84300e+00	-2.30730e+00	3.11320e+00
7	0	13	1	1	3	5.84300e+00	-2.30730e+00	3.11320e+00
7	0	14	1	1	3	5.84300e+00	-2.30730e+00	3.11320e+00
7	0	15	1	1	3	5.84300e+00	-2.30730e+00	3.11320e+00
7	0	16	1	1	3	5.84300e+00	-2.30730e+00	3.11320e+00
7	0	17	1	1	3	5.84300e+00	-2.30730e+00	3.11320e+00
7	0	18	1	1	3	5.84300e+00	-2.30730e+00	3.11320e+00
7	0	19	1	1	3	6.18741e-01	1.99860e-03	4.90831e-01
7	0	20	1	1	3	5.75901e-01	1.04210e-03	4.72509e-01
7	0	21	1	1	3	9.41046e-01	1.99890e-03	7.79357e-01
7	0	22	1	1	3	4.84266e-01	-1.95590e-03	3.99786e-01
7	0	23	1	1	3	8.97714e-01	1.99860e-03	7.56300e-01
#######################################################################
# BFT U                                                               #
#######################################################################
110	0	0	0	2	3	-7.50594e-04	-2.15512e-01	8.57913e+00
110	0	1	0	2	3	3.65846e-03	-5.37194e-01	1.43129e+01
110	0	2	0	2	3	4.60605e-03	-6.24497e-01	1.59678e+01
110	0	3	0	2	3	3.38368e-03	-5.29084e-01	1.33277e+01
110	0	4	0	2	3	4.57913e-03	-6.19985e-01	1.62315e+01
110	0	5	0	2	3	4.12270e-04	-2.89193e-01	1.02772e+01
110	0	6	0	2	3	3.74209e-03	-5.57421e-01	1.43433e+01
110	0	7	0	2	3	3.39154e-03	-5.11893e-01	1.40357e+01
110	0	8	0	2	3	2.49571e-03	-4.71458e-01	1.30707e+01
110	0	9	0	2	3	4.65648e-03	-6.08777e-01	1.66987e+01
110	0	10	0	2	3	3.23033e-03	-5.20606e-01	1.31040e+01
110	0	11	0	2	3	2.63362e-03	-4.59953e-01	1.39930e+01
110	0	12	0	2	3	3.30292e-03	-5.29897e-01	1.36749e+01
110	0	13	0	2	3	4.66544e-03	-6.07406e-01	1.65520e+01
110	0	14	0	2	3	4.11181e-03	-5.76700e-01	1.40885e+01
110	0	15	0	2	3	4.68240e-03	-6.17962e-01	1.69459e+01
110	0	16	0	2	3	2.97469e-03	-5.01258e-01	1.28504e+01
110	0	17	0	2	3	3.51121e-03	-5.28930e-01	1.49257e+01
110	0	18	0	2	3	4.71210e-03	-6.18184e-01	1.46649e+01
110	0	19	0	2	3	3.88557e-03	-5.66020e-01	1.37420e+01
110	0	20	0	2	3	2.92678e-03	-4.90432e-01	1.29900e+01
110	0	21	0	2	3	3.88290e-03	-5.50618e-01	1.64870e+01
110	0	22	0	2	3	3.69380e-03	-5.48965e-01	1.40116e+01
110	0	23	0	2	3	1.20720e-03	-3.55161e-01	1.17853e+01
110	0	24	0	2	3	3.73070e-03	-5.50054e-01	1.44014e+01
110	0	25	0	2	3	3.06352e-03	-4.93502e-01	1.48334e+01
110	0	26	0	2	3	3.99205e-03	-5.76709e-01	1.55956e+01
110	0	27	0	2	3	4.72047e-03	-6.04403e-01	1.60148e+01
110	0	28	0	2	3	3.29392e-03	-5.26462e-01	1.22693e+01
110	0	29	0	2	3	3.88790e-03	-5.54792e-01	1.49307e+01
110	0	30	0	2	3	4.51892e-03	-6.12781e-01	1.50522e+01
110	0	31	0	2	3	3.66425e-03	-5.46325e-01	1.53507e+01
110	0	32	0	2	3	3.54294e-03	-5.54575e-01	1.44859e+01
110	0	33	0	2	3	3.70749e-03	-5.29558e-01	1.32175e+01
110	0	34	0	2	3	4.56192e-03	-6.10435e-01	1.49436e+01
110	0	35	0	2	3	4.55235e-03	-6.10757e-01	1.63766e+01
110	0	36	0	2	3	3.83550e-03	-5.51430e-01	1.37858e+01
110	0	37	0	2	3	4.77136e-03	-6.24665e-01	1.75713e+01
110	0	38	0	2	3	4.34177e-03	-5.88032e-01	1.39150e+01
110	0	39	0	2	3	4.55761e-03	-6.03166e-01	1.58747e+01
110	0	40	0	2	3	4.16625e-03	-5.76937e-01	1.41188e+01
110	0	41	0	2	3	4.20278e-03	-5.81027e-01	1.66468e+01
110	0	42	0	2	3	4.27602e-03	-5.85805e-01	1.48655e+01
110	0	43	0	2	3	4.61625e-03	-6.18193e-01	1.69350e+01
110	0	44	0	2	3	3.62562e-03	-5.46985e-01	1.38467e+01
110	0	45	0	2	3	3.86132e-03	-5.53128e-01	1.56679e+01
110	0	46	0	2	3	4.40722e-03	-6.11778e-01	1.52486e+01
110	0	47	0	2	3	4.62802e-03	-6.22754e-01	1.81173e+01
110	0	48	0	2	3	3.89220e-03	-5.58872e-01	1.29471e+01
110	0	49	0	2	3	4.50490e-03	-6.04897e-01	1.71079e+01
110	0	50	0	2	3	4.66057e-03	-6.18565e-01	1.54546e+01
110	0	51	0	2	3	4.53768e-03	-6.03559e-01	1.58889e+01
110	0	52	0	2	3	3.81082e-03	-5.50357e-01	1.33229e+01
110	0	53	0	2	3	4.36083e-03	-5.89485e-01	1.55395e+01
110	0	54	0	2	3	4.73893e-03	-6.25207e-01	1.51849e+01
110	0	55	0	2	3	4.23315e-03	-5.86798e-01	1.65746e+01
110	0	56	0	2	3	3.99321e-03	-5.82390e-01	1.54698e+01
110	0	57	0	2	3	4.48654e-03	-6.01956e-01	1.64658e+01
110	0	58	0	2	3	4.14412e-03	-5.85898e-01	1.55876e+01
110	0	59	0	2	3	4.83791e-03	-6.43654e-01	1.76168e+01
110	0	60	0	2	3	3.77688e-03	-5.62007e-01	1.37388e+01
110	0	61	0	2	3	3.69344e-03	-5.43487e-01	1.50982e+01
110	0	62	0	2	3	4.59038e-03	-6.14759e-01	1.49006e+01
110	0	63	0	2	3	4.36000e-03	-5.95011e-01	1.49454e+01
110	0	64	0	2	3	4.17035e-03	-5.87998e-01	1.48002e+01
110	0	65	0	2	3	3.94042e-03	-5.66301e-01	1.55125e+01
110	0	66	0	2	3	4.61139e-03	-6.34857e-01	1.69855e+01
110	0	67	0	2	3	3.76223e-03	-5.55190e-01	1.54743e+01
110	0	68	0	2	3	3.82567e-03	-5.77258e-01	1.52745e+01
110	0	69	0	2	3	3.88627e-03	-5.60772e-01	1.49338e+01
110	0	70	0	2	3	4.71811e-03	-6.42208e-01	1.53375e+01
110	0	71	0	2	3	4.24387e-03	-5.94471e-01	1.59972e+01
110	0	72	0	2	3	3.65685e-03	-5.58689e-01	1.37116e+01
110	0	73	0	2	3	3.87781e-03	-5.67340e-01	1.49069e+01
110	0	74	0	2	3	4.48426e-03	-6.23136e-01	1.59090e+01
110	0	75	0	2	3	4.97911e-03	-6.40571e-01	1.63796e+01
110	0	76	0	2	3	3.66530e-03	-5.50425e-01	1.35445e+01
110	0	77	0	2	3	3.97180e-03	-5.68395e-01	1.54424e+01
110	0	78	0	2	3	4.60125e-03	-6.29249e-01	1.53142e+01
110	0	79	0	2	3	4.37074e-03	-5.97443e-01	1.55807e+01
110	0	80	0	2	3	4.01027e-03	-5.79105e-01	1.51736e+01
110	0	81	0	2	3	4.25771e-03	-5.78042e-01	1.51423e+01
110	0	82	0	2	3	4.41134e-03	-6.02680e-01	1.50565e+01
110	0	83	0	2	3	4.45780e-03	-6.05548e-01	1.55994e+01
110	0	84	0	2	3	3.67781e-03	-5.51940e-01	1.41091e+01
110	0	85	0	2	3	4.23854e-03	-5.86809e-01	1.57610e+01
110	0	86	0	2	3	4.74702e-03	-6.42053e-01	1.55584e+01
110	0	87	0	2	3	4.45220e-03	-6.15745e-01	1.66560e+01
110	0	88	0	2	3	3.83531e-03	-5.55609e-01	1.44211e+01
110	0	89	0	2	3	3.85031e-03	-5.62454e-01	1.49473e+01
110	0	90	0	2	3	4.18087e-03	-5.94199e-01	1.44442e+01
110	0	91	0	2	3	4.31218e-03	-6.01938e-01	1.52212e+01
110	0	92	0	2	3	4.03677e-03	-5.89081e-01	1.51722e+01
110	0	93	0	2	3	4.08016e-03	-5.76179e-01	1.48930e+01
110	0	94	0	2	3	4.08033e-03	-6.07802e-01	1.66314e+01
110	0	95	0	2	3	4.42374e-03	-6.07614e-01	1.61457e+01
110	0	96	0	2	3	3.76886e-03	-5.70605e-01	1.44969e+01
110	0	97	0	2	3	4.02544e-03	-5.76685e-01	1.57494e+01
110	0	98	0	2	3	4.15378e-03	-6.03369e-01	1.51049e+01
110	0	99	0	2	3	4.39173e-03	-6.01644e-01	1.58441e+01
110	0	100	0	2	3	4.13995e-03	-5.92342e-01	1.53716e+01
110	0	101	0	2	3	3.77697e-03	-5.57996e-01	1.52903e+01
110	0	102	0	2	3	4.34268e-03	-6.09149e-01	1.59128e+01
110	0	103	0	2	3	4.97360e-03	-6.46836e-01	1.64246e+01
110	0	104	0	2	3	4.07707e-03	-5.87069e-01	1.43888e+01
110	0	105	0	2	3	4.57945e-03	-6.12001e-01	1.56413e+01
110	0	106	0	2	3	4.34824e-03	-6.08738e-01	1.58537e+01
110	0	107	0	2	3	4.69090e-03	-6.18179e-01	1.52365e+01
110	0	108	0	2	3	3.87800e-03	-5.77533e-01	1.51267e+01
110	0	109	0	2	3	4.03547e-03	-5.80896e-01	1.51209e+01
110	0	110	0	2	3	3.94569e-03	-5.82300e-01	1.51947e+01
110	0	111	0	2	3	4.42025e-03	-6.14855e-01	1.58275e+01
110	0	112	0	2	3	3.66497e-03	-5.50077e-01	1.32298e+01
110	0	113	0	2	3	4.26310e-03	-5.86843e-01	1.50257e+01
110	0	114	0	2	3	4.93974e-03	-6.55526e-01	1.66488e+01
110	0	115	0	2	3	4.34798e-03	-5.93227e-01	1.51256e+01
110	0	116	0	2	3	3.66481e-03	-5.62426e-01	1.44711e+01
110	0	117	0	2	3	3.99097e-03	-5.68373e-01	1.56674e+01
110	0	118	0	2	3	5.20302e-03	-6.78661e-01	1.72618e+01
110	0	119	0	2	3	4.94158e-03	-6.32309e-01	1.48958e+01
110	0	120	0	2	3	3.95877e-03	-5.83715e-01	1.49109e+01
110	0	121	0	2	3	3.65360e-03	-5.46925e-01	1.30175e+01
110	0	122	0	2	3	5.32453e-03	-6.81444e-01	1.77652e+01
110	0	123	0	2	3	4.35675e-03	-5.90894e-01	1.53242e+01
110	0	124	0	2	3	2.83312e-03	-4.94436e-01	1.38399e+01
110	0	125	0	2	3	3.29947e-03	-5.15252e-01	1.18376e+01
110	0	126	0	2	3	2.06005e-03	-4.42442e-01	1.23078e+01
110	0	127	0	2	3	5.56560e-03	-6.75274e-01	1.64583e+01
110	0	128	0	2	3	4.31046e-03	-6.33685e-01	1.70346e+01
110	0	129	0	2	3	3.30803e-03	-5.42187e-01	1.48395e+01
110	0	130	0	2	3	3.91296e-03	-6.01984e-01	1.64447e+01
110	0	131	0	2	3	3.10336e-03	-5.15154e-01	1.43042e+01
110	0	132	0	2	3	-2.72210e-03	-1.12834e-01	7.93125e+00
110	0	133	0	2	3	3.40613e-03	-5.40395e-01	1.49407e+01
110	0	134	0	2	3	2.59646e-03	-5.08429e-01	1.46325e+01
110	0	135	0	2	3	3.12715e-03	-5.21782e-01	1.39336e+01
110	0	136	0	2	3	3.39600e-03	-5.27498e-01	1.35737e+01
110	0	137	0	2	3	6.00292e-03	-7.58165e-01	1.96339e+01
110	0	138	0	2	3	8.21489e-03	-9.04800e-01	2.17200e+01
110	0	139	0	2	3	3.22852e-03	-5.25751e-01	1.33137e+01
110	0	140	0	2	3	1.45473e-03	-4.24240e-01	1.37097e+01
110	0	141	0	2	3	3.33578e-03	-5.34936e-01	1.39695e+01
110	0	142	0	2	3	2.22340e-03	-4.68448e-01	1.36056e+01
110	0	143	0	2	3	7.79920e-04	-3.66473e-01	1.16047e+01
110	0	144	0	2	3	1.63598e-03	-4.32864e-01	1.22761e+01
110	0	145	0	2	3	6.59131e-03	-7.50675e-01	1.72267e+01
110	0	146	0	2	3	2.03064e-03	-4.57178e-01	1.35303e+01
110	0	147	0	2	3	5.36237e-03	-6.74269e-01	1.72036e+01
110	0	148	0	2	3	3.59321e-03	-5.60822e-01	1.46233e+01
110	0	149	0	2	3	3.70524e-03	-5.34328e-01	1.43625e+01
110	0	150	0	2	3	-1.15772e-02	5.79023e-01	-5.76120e+00
110	0	151	0	2	3	-4.64616e-03	5.46772e-02	3.85599e+00
110	0	152	0	2	3	-3.03928e-04	-3.05247e-01	1.17689e+01
110	0	153	0	2	3	5.28998e-03	-7.07031e-01	1.84039e+01
110	0	154	0	2	3	2.72941e-03	-4.92899e-01	1.34167e+01
110	0	155	0	2	3	3.24362e-03	-5.29036e-01	1.30687e+01
110	0	156	0	2	3	7.94695e-03	-8.63881e-01	2.04483e+01
110	0	157	0	2	3	-1.14446e-02	5.25038e-01	-3.69786e+00
110	0	158	0	2	3	-8.94451e-03	3.96774e-01	-3.14945e+00
110	0	159	0	2	3	-6.60203e-04	-2.93266e-01	1.10200e+01
#######################################################################
# BFT D                                                               #
#######################################################################
110	1	0	0	2	3	1.47729e-03	-3.95826e-01	1.35876e+01
110	1	1	0	2	3	-4.64180e-03	7.61734e-02	4.09817e+00
110	1	2	0	2	3	4.89629e-03	-6.57058e-01	1.74807e+01
110	1	3	0	2	3	3.47308e-03	-5.36145e-01	1.59183e+01
110	1	4	0	2	3	3.64078e-03	-5.54028e-01	1.55267e+01
110	1	5	0	2	3	2.28650e-03	-4.59585e-01	1.48969e+01
110	1	6	0	2	3	3.56244e-03	-5.55933e-01	1.44892e+01
110	1	7	0	2	3	2.85521e-03	-4.84717e-01	1.44428e+01
110	1	8	0	2	3	2.89690e-03	-5.06292e-01	1.50392e+01
110	1	9	0	2	3	2.49345e-03	-4.75169e-01	1.59997e+01
110	1	10	0	2	3	3.23820e-03	-5.29600e-01	1.52140e+01
110	1	11	0	2	3	2.95757e-03	-5.04814e-01	1.49046e+01
110	1	12	0	2	3	3.60543e-03	-5.51843e-01	1.48159e+01
110	1	13	0	2	3	4.09782e-03	-5.96681e-01	1.74442e+01
110	1	14	0	2	3	3.32179e-03	-5.48971e-01	1.48493e+01
110	1	15	0	2	3	2.84814e-03	-4.87917e-01	1.50424e+01
110	1	16	0	2	3	3.99243e-03	-5.75396e-01	1.52270e+01
110	1	17	0	2	3	2.89340e-03	-4.92192e-01	1.44839e+01
110	1	18	0	2	3	4.42676e-03	-6.21161e-01	1.56765e+01
110	1	19	0	2	3	4.03433e-03	-5.71712e-01	1.61443e+01
110	1	20	0	2	3	3.18553e-03	-5.33494e-01	1.50858e+01
110	1	21	0	2	3	2.50975e-03	-4.76383e-01	1.57039e+01
110	1	22	0	2	3	3.64993e-03	-5.56647e-01	1.50231e+01
110	1	23	0	2	3	4.33749e-03	-5.88877e-01	1.65886e+01
110	1	24	0	2	3	4.04675e-03	-5.82074e-01	1.63230e+01
110	1	25	0	2	3	3.77416e-03	-5.68432e-01	1.67423e+01
110	1	26	0	2	3	3.84062e-03	-5.75881e-01	1.52405e+01
110	1	27	0	2	3	3.79723e-03	-5.49926e-01	1.67075e+01
110	1	28	0	2	3	3.83729e-03	-5.72906e-01	1.60991e+01
110	1	29	0	2	3	2.95763e-03	-5.01731e-01	1.55570e+01
110	1	30	0	2	3	3.37257e-03	-5.41421e-01	1.49181e+01
110	1	31	0	2	3	4.31455e-03	-6.02773e-01	1.74406e+01
110	1	32	0	2	3	3.10140e-03	-5.20345e-01	1.56804e+01
110	1	33	0	2	3	3.38020e-03	-5.38175e-01	1.51851e+01
110	1	34	0	2	3	3.83213e-03	-5.61935e-01	1.46531e+01
110	1	35	0	2	3	4.30561e-03	-6.12385e-01	1.77854e+01
110	1	36	0	2	3	4.08704e-03	-5.82672e-01	1.62865e+01
110	1	37	0	2	3	3.57322e-03	-5.43102e-01	1.44230e+01
110	1	38	0	2	3	3.71829e-03	-5.57764e-01	1.60368e+01
110	1	39	0	2	3	3.89474e-03	-5.64768e-01	1.57978e+01
110	1	40	0	2	3	4.05707e-03	-5.75520e-01	1.49338e+01
110	1	41	0	2	3	4.15273e-03	-5.80199e-01	1.64126e+01
110	1	42	0	2	3	3.74515e-03	-5.55373e-01	1.51848e+01
110	1	43	0	2	3	4.56944e-03	-6.17017e-01	1.79521e+01
110	1	44	0	2	3	4.15196e-03	-5.94225e-01	1.55397e+01
110	1	45	0	2	3	3.33214e-03	-5.31991e-01	1.59649e+01
110	1	46	0	2	3	4.13129e-03	-5.94817e-01	1.55374e+01
110	1	47	0	2	3	4.05552e-03	-5.94825e-01	1.79015e+01
110	1	48	0	2	3	3.93034e-03	-5.70677e-01	1.57129e+01
110	1	49	0	2	3	3.47188e-03	-5.33704e-01	1.61207e+01
110	1	50	0	2	3	4.20473e-03	-5.95015e-01	1.51702e+01
110	1	51	0	2	3	3.94047e-03	-5.74808e-01	1.66087e+01
110	1	52	0	2	3	4.16653e-03	-6.02641e-01	1.56726e+01
110	1	53	0	2	3	3.63946e-03	-5.46246e-01	1.62707e+01
110	1	54	0	2	3	4.13620e-03	-5.98393e-01	1.64972e+01
110	1	55	0	2	3	4.06553e-03	-5.82346e-01	1.68024e+01
110	1	56	0	2	3	3.82504e-03	-5.78997e-01	1.52346e+01
110	1	57	0	2	3	3.79484e-03	-5.62472e-01	1.61577e+01
110	1	58	0	2	3	4.14965e-03	-6.04797e-01	1.76065e+01
110	1	59	0	2	3	4.36329e-03	-6.17876e-01	1.85462e+01
110	1	60	0	2	3	3.68785e-03	-5.61460e-01	1.56182e+01
110	1	61	0	2	3	3.83075e-03	-5.57108e-01	1.56218e+01
110	1	62	0	2	3	3.78088e-03	-5.66759e-01	1.47029e+01
110	1	63	0	2	3	4.20980e-03	-5.93755e-01	1.70380e+01
110	1	64	0	2	3	3.96135e-03	-5.82993e-01	1.63876e+01
110	1	65	0	2	3	4.11612e-03	-5.85453e-01	1.61786e+01
110	1	66	0	2	3	4.66145e-03	-6.41465e-01	1.61892e+01
110	1	67	0	2	3	4.45290e-03	-6.14330e-01	1.58359e+01
110	1	68	0	2	3	3.59341e-03	-5.46725e-01	1.40949e+01
110	1	69	0	2	3	3.78107e-03	-5.64895e-01	1.59586e+01
110	1	70	0	2	3	4.00524e-03	-5.85359e-01	1.62110e+01
110	1	71	0	2	3	4.53786e-03	-6.27775e-01	1.73410e+01
110	1	72	0	2	3	4.02496e-03	-5.78216e-01	1.54941e+01
110	1	73	0	2	3	4.09693e-03	-5.91521e-01	1.71376e+01
110	1	74	0	2	3	4.47747e-03	-6.12850e-01	1.52963e+01
110	1	75	0	2	3	4.37058e-03	-6.11024e-01	1.63906e+01
110	1	76	0	2	3	3.88527e-03	-5.73818e-01	1.53320e+01
110	1	77	0	2	3	4.13879e-03	-5.96918e-01	1.62148e+01
110	1	78	0	2	3	4.00133e-03	-5.87432e-01	1.49547e+01
110	1	79	0	2	3	4.35041e-03	-6.02594e-01	1.60809e+01
110	1	80	0	2	3	3.95757e-03	-5.73028e-01	1.51234e+01
110	1	81	0	2	3	3.77817e-03	-5.62831e-01	1.47656e+01
110	1	82	0	2	3	4.89869e-03	-6.46203e-01	1.73737e+01
110	1	83	0	2	3	3.88099e-03	-5.62198e-01	1.50145e+01
110	1	84	0	2	3	3.91595e-03	-5.63666e-01	1.44461e+01
110	1	85	0	2	3	3.93087e-03	-5.70436e-01	1.50887e+01
110	1	86	0	2	3	4.19758e-03	-5.96690e-01	1.62771e+01
110	1	87	0	2	3	4.66633e-03	-6.20295e-01	1.47218e+01
110	1	88	0	2	3	3.91781e-03	-5.75572e-01	1.56629e+01
110	1	89	0	2	3	4.17783e-03	-5.96090e-01	1.53021e+01
110	1	90	0	2	3	4.33871e-03	-6.05738e-01	1.53144e+01
110	1	91	0	2	3	4.34698e-03	-6.00837e-01	1.61830e+01
110	1	92	0	2	3	3.85504e-03	-5.65296e-01	1.50169e+01
110	1	93	0	2	3	3.90876e-03	-5.72439e-01	1.53667e+01
110	1	94	0	2	3	3.94136e-03	-5.83055e-01	1.61610e+01
110	1	95	0	2	3	4.41950e-03	-6.10748e-01	1.57029e+01
110	1	96	0	2	3	3.73732e-03	-5.57876e-01	1.45616e+01
110	1	97	0	2	3	4.03224e-03	-5.75940e-01	1.57503e+01
110	1	98	0	2	3	4.29066e-03	-6.22568e-01	1.72105e+01
110	1	99	0	2	3	4.02150e-03	-5.78745e-01	1.51911e+01
110	1	100	0	2	3	3.60165e-03	-5.41157e-01	1.47901e+01
110	1	101	0	2	3	3.87982e-03	-5.67234e-01	1.55231e+01
110	1	102	0	2	3	4.58858e-03	-6.35234e-01	1.65405e+01
110	1	103	0	2	3	4.54004e-03	-6.14930e-01	1.57318e+01
110	1	104	0	2	3	4.03222e-03	-5.79108e-01	1.54104e+01
110	1	105	0	2	3	3.57627e-03	-5.51383e-01	1.51311e+01
110	1	106	0	2	3	4.70468e-03	-6.36662e-01	1.72546e+01
110	1	107	0	2	3	4.52091e-03	-6.20801e-01	1.61240e+01
110	1	108	0	2	3	3.84593e-03	-5.66762e-01	1.59306e+01
110	1	109	0	2	3	3.90846e-03	-5.73891e-01	1.59721e+01
110	1	110	0	2	3	4.08276e-03	-5.94938e-01	1.58183e+01
110	1	111	0	2	3	4.15603e-03	-5.97221e-01	1.69022e+01
110	1	112	0	2	3	3.93848e-03	-5.74452e-01	1.51534e+01
110	1	113	0	2	3	4.41522e-03	-6.03940e-01	1.59484e+01
110	1	114	0	2	3	4.41095e-03	-6.19388e-01	1.58646e+01
110	1	115	0	2	3	4.97603e-03	-6.50149e-01	1.65408e+01
110	1	116	0	2	3	4.41677e-03	-6.14247e-01	1.60980e+01
110	1	117	0	2	3	3.81743e-03	-5.68125e-01	1.53918e+01
110	1	118	0	2	3	3.84415e-03	-5.69996e-01	1.43820e+01
110	1	119	0	2	3	4.36126e-03	-5.99929e-01	1.58878e+01
110	1	120	0	2	3	4.19667e-03	-5.91591e-01	1.52826e+01
110	1	121	0	2	3	3.49550e-03	-5.39972e-01	1.46036e+01
110	1	122	0	2	3	2.42998e-03	-4.75172e-01	1.47212e+01
110	1	123	0	2	3	4.86885e-03	-6.59718e-01	1.85757e+01
110	1	124	0	2	3	4.02993e-03	-5.75091e-01	1.46546e+01
110	1	125	0	2	3	3.04305e-03	-5.16934e-01	1.46617e+01
110	1	126	0	2	3	3.66599e-03	-5.51384e-01	1.48722e+01
110	1	127	0	2	3	4.19044e-03	-5.84009e-01	1.54125e+01
110	1	128	0	2	3	3.34622e-03	-5.69875e-01	1.62992e+01
110	1	129	0	2	3	5.03023e-03	-6.83055e-01	1.80825e+01
110	1	130	0	2	3	3.35466e-03	-5.49727e-01	1.46486e+01
110	1	131	0	2	3	3.70281e-03	-5.60204e-01	1.50928e+01
110	1	132	0	2	3	3.96032e-03	-5.97660e-01	1.65814e+01
110	1	133	0	2	3	4.22246e-03	-6.01886e-01	1.57428e+01
110	1	134	0	2	3	3.62777e-03	-5.76073e-01	1.61740e+01
110	1	135	0	2	3	3.17856e-03	-5.17050e-01	1.44394e+01
110	1	136	0	2	3	3.72323e-03	-5.74964e-01	1.63039e+01
110	1	137	0	2	3	6.26980e-03	-7.36165e-01	1.81709e+01
110	1	138	0	2	3	7.79276e-03	-8.59056e-01	2.04042e+01
110	1	139	0	2	3	4.02434e-03	-5.87627e-01	1.59607e+01
110	1	140	0	2	3	4.89065e-03	-6.62091e-01	1.70064e+01
110	1	141	0	2	3	5.68927e-03	-7.10725e-01	1.75595e+01
110	1	142	0	2	3	3.94092e-04	-3.11088e-01	1.01461e+01
110	1	143	0	2	3	4.80672e-03	-6.51550e-01	1.75820e+01
110	1	144	0	2	3	3.55568e-03	-5.89985e-01	1.74773e+01
110	1	145	0	2	3	3.74701e-03	-5.58990e-01	1.50708e+01
110	1	146	0	2	3	8.20365e-03	-9.16520e-01	2.19377e+01
110	1	147	0	2	3	5.94474e-03	-7.35949e-01	1.76034e+01
110	1	148	0	2	3	4.99288e-03	-6.90137e-01	1.74837e+01
110	1	149	0	2	3	4.71500e-03	-6.56701e-01	1.79393e+01
110	1	150	0	2	3	6.77914e-03	-7.80875e-01	1.94528e+01
110	1	151	0	2	3	7.94811e-03	-8.40437e-01	1.95117e+01
110	1	152	0	2	3	-6.63742e-04	-2.18600e-01	9.23867e+00
110	1	153	0	2	3	-2.27682e-02	1.48176e+00	-2.30542e+01
110	1	154	0	2	3	-1.01178e-02	4.30082e-01	-2.32065e+00
110	1	155	0	2	3	1.63659e-03	-4.30028e-01	1.19844e+01
110	1	156	0	2	3	1.99868e-03	-4.57200e-01	1.38144e+01
110	1	157	0	2	3	5.75289e-03	-7.10685e-01	1.89878e+01
110	1	158	0	2	3	2.45601e-03	-4.61037e-01	1.38168e+01
110	1	159	0	2	3	-1.56660e-02	9.08743e-01	-1.13421e+01
