##
#  file: HodoPHCParam_Dummy
#  date: 2016.06.15
#  note: first version
#
#
#######################################################################
# CId	PlId	Seg	UorD	Type	nParam	p0	p1	...
#
#	Type=0 no correction will be performed
#	Type=1 ct=t-p[0]/sqrt(a-p[1])+p[2]
#	Type=2 ct=p[0]*a*a + p[1]*a + p[2] for Fiber
#
#######################################################################
# BH1 Up                                                              #
#######################################################################
1	0	0	0	1	3	5.08705e+00	-1.98362e+00	2.93454e+00
1	0	1	0	1	3	6.69706e-01	2.91546e-01	8.10244e-01
1	0	2	0	1	3	5.01779e-01	3.94271e-01	6.64278e-01
1	0	3	0	1	3	7.45330e-01	1.66754e-01	8.56036e-01
1	0	4	0	1	3	8.52890e-01	8.60054e-02	9.27134e-01
1	0	5	0	1	3	1.69981e+00	-1.50393e-01	1.62794e+00
1	0	6	0	1	3	1.58582e+00	-2.35346e-01	1.46587e+00
1	0	7	0	1	3	1.61970e+00	-1.46184e-01	1.54504e+00
1	0	8	0	1	3	1.37546e+00	-2.52696e-01	1.28233e+00
1	0	9	0	1	3	1.74814e+00	-2.76223e-01	1.64100e+00
1	0	10	0	1	3	1.60339e+01	-4.62629e+00	6.81205e+00
#######################################################################
# BH1 Down                                                            #
#######################################################################
1	0	0	1	1	3	1.33519e+00	-9.13138e-02	1.27257e+00
1	0	1	1	1	3	6.24909e-01	2.88647e-01	7.65429e-01
1	0	2	1	1	3	6.68954e-01	2.21542e-01	7.45264e-01
1	0	3	1	1	3	1.32364e+00	-4.57464e-01	1.08318e+00
1	0	4	1	1	3	1.18002e+00	-7.91080e-02	1.17008e+00
1	0	5	1	1	3	2.07299e+00	-4.79828e-01	1.70935e+00
1	0	6	1	1	3	1.96000e+00	-5.20196e-01	1.63958e+00
1	0	7	1	1	3	1.89852e+00	-4.50289e-01	1.60743e+00
1	0	8	1	1	3	1.02469e+00	-6.73213e-02	1.04734e+00
1	0	9	1	1	3	1.64894e+00	-1.85977e-01	1.61292e+00
1	0	10	1	1	3	7.15603e-01	2.22738e-01	8.54972e-01
#######################################################################
# BH2 Up                                                              #
#######################################################################
2	0	0	0	1	3	1.43047e-01	2.98695e-01	2.00085e-01
2	0	1	0	1	3	8.79554e-01	-2.31747e-01	7.85839e-01
2	0	2	0	1	3	5.94572e-01	-4.97541e-01	4.68956e-01
2	0	3	0	1	3	1.91725e-01	3.94747e-02	1.91115e-01
2	0	4	0	1	3	3.31184e-01	-9.38469e-02	3.15823e-01
2	0	5	0	1	3	1.99769e-01	2.70254e-01	2.37321e-01
2	0	6	0	1	3	2.58948e-01	2.41832e-01	3.10133e-01
2	0	7	0	1	3	3.50426e-01	8.80094e-02	3.70898e-01
#######################################################################
# BH2 Down                                                            #
#######################################################################
2	0	0	1	1	3	3.94607e-01	-1.85207e-01	3.84440e-01
2	0	1	1	1	3	9.92155e-01	-3.85817e-01	8.32122e-01
2	0	2	1	1	3	4.10986e-01	-9.27803e-02	3.90143e-01
2	0	3	1	1	3	1.76416e-01	4.84160e-02	1.75490e-01
2	0	4	1	1	3	2.42956e-01	1.23979e-01	2.64593e-01
2	0	5	1	1	3	3.57967e-01	4.32013e-02	3.63973e-01
2	0	6	1	1	3	1.22093e+00	-6.67168e-01	9.30075e-01
2	0	7	1	1	3	2.92156e-01	-4.36810e-03	2.98702e-01
#######################################################################
# BAC                                                                 #
#######################################################################
3	0	0	0	1	3	0.00000e+00	0.00000e+00	0.00000e+00
3	0	1	0	1	3	0.00000e+00	0.00000e+00	0.00000e+00
#######################################################################
# FBH Up                                                              #
#######################################################################
4	0	0	0	2	3	-5.62952e-03	8.96903e-01	-3.53273e+01
4	0	1	0	2	3	-4.29399e-03	7.37975e-01	-3.00049e+01
4	0	2	0	2	3	-5.26894e-03	8.67305e-01	-3.38992e+01
4	0	3	0	2	3	-3.80183e-03	6.69237e-01	-2.72260e+01
4	0	4	0	2	3	-4.35014e-03	7.35785e-01	-2.92008e+01
4	0	5	0	2	3	-4.02541e-03	6.86907e-01	-2.70312e+01
4	0	6	0	2	3	-4.16660e-03	7.08229e-01	-2.81512e+01
4	0	7	0	2	3	-3.93117e-03	6.84759e-01	-2.69101e+01
4	0	8	0	2	3	-4.14423e-03	6.96902e-01	-2.65883e+01
4	0	9	0	2	3	-2.83372e-03	5.62925e-01	-2.20787e+01
4	0	10	0	2	3	-4.07944e-03	7.09420e-01	-2.75603e+01
4	0	11	0	2	3	-3.50961e-03	6.50113e-01	-2.64167e+01
4	0	12	0	2	3	-3.52415e-03	6.49734e-01	-2.67232e+01
4	0	13	0	2	3	-4.13420e-03	7.26957e-01	-2.99675e+01
4	0	14	0	2	3	-4.90315e-03	8.27563e-01	-3.35630e+01
4	0	15	0	2	3	-4.73048e-03	8.13189e-01	-3.31901e+01
#######################################################################
# FBH Down                                                            #
#######################################################################
4	0	0	1	2	3	-5.62952e-03	8.96903e-01	-3.53273e+01
4	0	1	1	2	3	-4.29399e-03	7.37975e-01	-3.00049e+01
4	0	2	1	2	3	-5.26894e-03	8.67305e-01	-3.38992e+01
4	0	3	1	2	3	-3.80183e-03	6.69237e-01	-2.72260e+01
4	0	4	1	2	3	-4.35014e-03	7.35785e-01	-2.92008e+01
4	0	5	1	2	3	-4.02541e-03	6.86907e-01	-2.70312e+01
4	0	6	1	2	3	-4.16660e-03	7.08229e-01	-2.81512e+01
4	0	7	1	2	3	-3.93117e-03	6.84759e-01	-2.69101e+01
4	0	8	1	2	3	-4.14423e-03	6.96902e-01	-2.65883e+01
4	0	9	1	2	3	-2.83372e-03	5.62925e-01	-2.20787e+01
4	0	10	1	2	3	-4.07944e-03	7.09420e-01	-2.75603e+01
4	0	11	1	2	3	-3.50961e-03	6.50113e-01	-2.64167e+01
4	0	12	1	2	3	-3.52415e-03	6.49734e-01	-2.67232e+01
4	0	13	1	2	3	-4.13420e-03	7.26957e-01	-2.99675e+01
4	0	14	1	2	3	-4.90315e-03	8.27563e-01	-3.35630e+01
4	0	15	1	2	3	-4.73048e-03	8.13189e-01	-3.31901e+01
#######################################################################
# PVAC                                                                #
#######################################################################
5	0	0	0	1	3	0.00000e+00	0.00000e+00	0.00000e+00
#######################################################################
# FAC                                                                 #
#######################################################################
6	0	0	0	1	3	0.00000e+00	0.00000e+00	0.00000e+00
#######################################################################
# SCH                                                                 #
#######################################################################
#7	0	0	0	2	3	-0.00500000	0.821213	-32.185321
#7	0	1	0	2	3	-0.00500000	0.830248	-32.269563
#7	0	2	0	2	3	-0.00500000	0.793073	-29.315934
#7	0	3	0	2	3	-0.00500000	0.772144	-28.276705
#7	0	4	0	2	3	-0.00500000	0.801968	-30.687167
#7	0	5	0	2	3	-0.00500000	0.778300	-28.439251
#7	0	6	0	2	3	-0.00500000	0.765872	-27.918181
#7	0	7	0	2	3	-0.00500000	0.738459	-26.016797
#7	0	8	0	2	3	-0.00500000	0.778318	-28.676371
#7	0	9	0	2	3	-0.00500000	0.776670	-28.892887
#7	0	10	0	2	3	-0.00500000	0.764278	-28.122474
#7	0	11	0	2	3	-0.00500000	0.790742	-29.423647
#7	0	12	0	2	3	-0.00500000	0.811330	-30.487019
#7	0	13	0	2	3	-0.00500000	0.818750	-30.891512
#7	0	14	0	2	3	-0.00500000	0.802541	-30.009136
#7	0	15	0	2	3	-0.00500000	0.809525	-30.751746
#7	0	16	0	2	3	-0.00500000	0.802597	-30.845509
#7	0	17	0	2	3	-0.00500000	0.835028	-32.780792
#7	0	18	0	2	3	-0.00500000	0.859176	-33.938731
#7	0	19	0	2	3	-0.00500000	0.814851	-31.445396
#7	0	20	0	2	3	-0.00500000	0.809426	-30.781087
#7	0	21	0	2	3	-0.00500000	0.780678	-28.888756
#7	0	22	0	2	3	-0.00500000	0.808206	-30.719604
#7	0	23	0	2	3	-0.00500000	0.774024	-27.858339
#7	0	24	0	2	3	-0.00500000	0.794308	-29.022101
#7	0	25	0	2	3	-0.00500000	0.775649	-27.980186
#7	0	26	0	2	3	-0.00500000	0.788483	-28.687567
#7	0	27	0	2	3	-0.00466315	0.771386	-29.253260
#7	0	28	0	2	3	-0.00483132	0.790854	-28.637741
#7	0	29	0	2	3	-0.00497049	0.812994	-30.786914
#7	0	30	0	2	3	-0.00500000	0.787793	-28.362716
#7	0	31	0	2	3	-0.00500000	0.790759	-28.876812
#7	0	32	0	2	3	-0.00500000	0.824826	-31.655285
#7	0	33	0	2	3	-0.00500000	0.845304	-33.407765
#7	0	34	0	2	3	-0.00500000	0.832263	-32.939799
#7	0	35	0	2	3	-0.00500000	0.820631	-31.695372
#7	0	36	0	2	3	-0.00500000	0.836997	-33.200590
#7	0	37	0	2	3	-0.00500000	0.819690	-32.097193
#7	0	38	0	2	3	-0.00500000	0.808109	-31.263214
#7	0	39	0	2	3	-0.00500000	0.815224	-31.135523
#7	0	40	0	2	3	-0.00500000	0.803398	-29.897923
#7	0	41	0	2	3	-0.00500000	0.815685	-31.165519
#7	0	42	0	2	3	-0.00500000	0.812980	-30.737261
#7	0	43	0	2	3	-0.00500000	0.829418	-32.693307
#7	0	44	0	2	3	-0.00500000	0.789530	-29.464920
#7	0	45	0	2	3	-0.00500000	0.804789	-31.208151
#7	0	46	0	2	3	-0.00500000	0.830106	-32.806514
#7	0	47	0	2	3	-0.00500000	0.819206	-31.373242
#7	0	48	0	2	3	-0.00500000	0.816165	-31.709319
#7	0	49	0	2	3	-0.00500000	0.798496	-30.201709
#7	0	50	0	2	3	-0.00500000	0.812167	-31.795745
#7	0	51	0	2	3	-0.00500000	0.810749	-31.375226
#7	0	52	0	2	3	-0.00500000	0.803385	-31.372512
#7	0	53	0	2	3	-0.00500000	0.777405	-29.262831
#7	0	54	0	2	3	-0.00500000	0.783954	-29.763410
#7	0	55	0	2	3	-0.00500000	0.789443	-29.976449
#7	0	56	0	2	3	-0.00500000	0.838828	-33.261086
#7	0	57	0	2	3	-0.00500000	0.804421	-30.573195
#7	0	58	0	2	3	-0.00500000	0.773283	-29.111048
#7	0	59	0	2	3	-0.00500000	0.811789	-31.449459
#7	0	60	0	2	3	-0.00500000	0.759724	-28.110014
#7	0	61	0	2	3	-0.00500000	0.810884	-31.379063
#7	0	62	0	2	3	-0.00500000	0.771910	-28.435006
#7	0	63	0	2	3	-0.00500000	0.796658	-30.511906
#######################################################################
# TOF Up                                                              #
#######################################################################
7	0	0	0	1	3	5.24830e+00	-1.96630e+00	2.96170e+00
7	0	1	0	1	3	5.24830e+00	-1.96630e+00	2.96170e+00
7	0	2	0	1	3	5.24830e+00	-1.96630e+00	2.96170e+00
7	0	3	0	1	3	5.24830e+00	-1.96630e+00	2.96170e+00
7	0	4	0	1	3	5.24830e+00	-1.96630e+00	2.96170e+00
7	0	5	0	1	3	5.24830e+00	-1.96630e+00	2.96170e+00
7	0	6	0	1	3	6.97090e+00	-3.03520e+00	3.39910e+00
7	0	7	0	1	3	4.05450e+00	-1.96150e+00	2.30360e+00
7	0	8	0	1	3	1.16940e+02	-2.98600e+01	2.09880e+01
7	0	9	0	1	3	5.24830e+00	-1.96630e+00	2.96170e+00
7	0	10	0	1	3	5.24830e+00	-1.96630e+00	2.96170e+00
7	0	11	0	1	3	5.24830e+00	-1.96630e+00	2.96170e+00
7	0	12	0	1	3	5.24830e+00	-1.96630e+00	2.96170e+00
7	0	13	0	1	3	5.24830e+00	-1.96630e+00	2.96170e+00
7	0	14	0	1	3	5.24830e+00	-1.96630e+00	2.96170e+00
7	0	15	0	1	3	5.24830e+00	-1.96630e+00	2.96170e+00
7	0	16	0	1	3	5.24830e+00	-1.96630e+00	2.96170e+00
7	0	17	0	1	3	5.24830e+00	-1.96630e+00	2.96170e+00
7	0	18	0	1	3	5.24830e+00	-1.96630e+00	2.96170e+00
7	0	19	0	1	3	7.11491e-01	1.85180e-03	5.82402e-01
7	0	20	0	1	3	5.59404e-01	-1.73810e-03	4.50716e-01
7	0	21	0	1	3	8.92499e-01	1.99900e-03	7.37364e-01
7	0	22	0	1	3	6.37553e-01	1.99960e-03	5.45449e-01
7	0	23	0	1	3	1.19210e+00	1.98920e-03	9.99994e-01
#######################################################################
# TOF Down                                                            #
#######################################################################
7	0	0	1	1	3	5.84300e+00	-2.30730e+00	3.11320e+00
7	0	1	1	1	3	5.84300e+00	-2.30730e+00	3.11320e+00
7	0	2	1	1	3	5.84300e+00	-2.30730e+00	3.11320e+00
7	0	3	1	1	3	5.84300e+00	-2.30730e+00	3.11320e+00
7	0	4	1	1	3	5.84300e+00	-2.30730e+00	3.11320e+00
7	0	5	1	1	3	5.84300e+00	-2.30730e+00	3.11320e+00
7	0	6	1	1	3	1.41330e+01	-5.81170e+00	5.32680e+00
7	0	7	1	1	3	7.84850e+01	-2.02870e+01	1.69500e+01
7	0	8	1	1	3	2.20240e+02	-3.62440e+01	3.60080e+01
7	0	9	1	1	3	5.84300e+00	-2.30730e+00	3.11320e+00
7	0	10	1	1	3	5.84300e+00	-2.30730e+00	3.11320e+00
7	0	11	1	1	3	5.84300e+00	-2.30730e+00	3.11320e+00
7	0	12	1	1	3	5.84300e+00	-2.30730e+00	3.11320e+00
7	0	13	1	1	3	5.84300e+00	-2.30730e+00	3.11320e+00
7	0	14	1	1	3	5.84300e+00	-2.30730e+00	3.11320e+00
7	0	15	1	1	3	5.84300e+00	-2.30730e+00	3.11320e+00
7	0	16	1	1	3	5.84300e+00	-2.30730e+00	3.11320e+00
7	0	17	1	1	3	5.84300e+00	-2.30730e+00	3.11320e+00
7	0	18	1	1	3	5.84300e+00	-2.30730e+00	3.11320e+00
7	0	19	1	1	3	6.18741e-01	1.99860e-03	4.90831e-01
7	0	20	1	1	3	5.75901e-01	1.04210e-03	4.72509e-01
7	0	21	1	1	3	9.41046e-01	1.99890e-03	7.79357e-01
7	0	22	1	1	3	4.84266e-01	-1.95590e-03	3.99786e-01
7	0	23	1	1	3	8.97714e-01	1.99860e-03	7.56300e-01
#######################################################################
# BFT U                                                               #
#######################################################################
110	0	0	0	2	3	2.67963e-03	-4.77054e-01	1.32763e+01
110	0	1	0	2	3	5.46575e-03	-6.81525e-01	1.70444e+01
110	0	2	0	2	3	4.11696e-03	-5.82594e-01	1.48994e+01
110	0	3	0	2	3	3.85574e-03	-5.65867e-01	1.37818e+01
110	0	4	0	2	3	3.50583e-03	-5.36350e-01	1.44599e+01
110	0	5	0	2	3	4.60916e-03	-6.06181e-01	1.59589e+01
110	0	6	0	2	3	3.21260e-03	-5.23347e-01	1.36799e+01
110	0	7	0	2	3	4.15937e-03	-5.82710e-01	1.54171e+01
110	0	8	0	2	3	3.64889e-03	-5.49378e-01	1.41963e+01
110	0	9	0	2	3	4.55359e-03	-6.07783e-01	1.66549e+01
110	0	10	0	2	3	4.60342e-03	-6.18076e-01	1.46088e+01
110	0	11	0	2	3	4.97188e-03	-6.36386e-01	1.71093e+01
110	0	12	0	2	3	3.23178e-03	-5.18778e-01	1.31482e+01
110	0	13	0	2	3	3.50408e-03	-5.34807e-01	1.53155e+01
110	0	14	0	2	3	4.38775e-03	-5.99590e-01	1.43909e+01
110	0	15	0	2	3	5.10190e-03	-6.50448e-01	1.74256e+01
110	0	16	0	2	3	4.09681e-03	-5.72699e-01	1.37566e+01
110	0	17	0	2	3	4.02297e-03	-5.63581e-01	1.53111e+01
110	0	18	0	2	3	4.07243e-03	-5.78928e-01	1.39282e+01
110	0	19	0	2	3	3.92345e-03	-5.71177e-01	1.36825e+01
110	0	20	0	2	3	3.75803e-03	-5.52865e-01	1.39922e+01
110	0	21	0	2	3	3.46640e-03	-5.26102e-01	1.60108e+01
110	0	22	0	2	3	4.13130e-03	-5.85076e-01	1.44983e+01
110	0	23	0	2	3	4.13518e-03	-5.73609e-01	1.56196e+01
110	0	24	0	2	3	4.32605e-03	-5.96068e-01	1.50992e+01
110	0	25	0	2	3	4.32484e-03	-5.82919e-01	1.61998e+01
110	0	26	0	2	3	3.30610e-03	-5.32520e-01	1.47425e+01
110	0	27	0	2	3	4.64177e-03	-6.05460e-01	1.59900e+01
110	0	28	0	2	3	3.76835e-03	-5.57825e-01	1.25787e+01
110	0	29	0	2	3	4.25800e-03	-5.73439e-01	1.49119e+01
110	0	30	0	2	3	4.43701e-03	-6.09856e-01	1.48422e+01
110	0	31	0	2	3	3.85426e-03	-5.55237e-01	1.52494e+01
110	0	32	0	2	3	3.72200e-03	-5.61693e-01	1.43213e+01
110	0	33	0	2	3	4.39771e-03	-5.70964e-01	1.36379e+01
110	0	34	0	2	3	4.12175e-03	-5.80802e-01	1.42684e+01
110	0	35	0	2	3	4.46338e-03	-6.07687e-01	1.62348e+01
110	0	36	0	2	3	3.70106e-03	-5.41502e-01	1.33998e+01
110	0	37	0	2	3	4.05847e-03	-5.74314e-01	1.65087e+01
110	0	38	0	2	3	3.93701e-03	-5.62092e-01	1.32990e+01
110	0	39	0	2	3	4.42811e-03	-5.99782e-01	1.57465e+01
110	0	40	0	2	3	4.16750e-03	-5.74282e-01	1.38359e+01
110	0	41	0	2	3	4.07672e-03	-5.72035e-01	1.63108e+01
110	0	42	0	2	3	4.25651e-03	-5.85571e-01	1.46804e+01
110	0	43	0	2	3	4.44513e-03	-6.09029e-01	1.66507e+01
110	0	44	0	2	3	4.02226e-03	-5.72278e-01	1.40449e+01
110	0	45	0	2	3	4.35004e-03	-5.86719e-01	1.60451e+01
110	0	46	0	2	3	4.66704e-03	-6.29717e-01	1.53491e+01
110	0	47	0	2	3	4.96627e-03	-6.47142e-01	1.83824e+01
110	0	48	0	2	3	3.93639e-03	-5.61072e-01	1.27679e+01
110	0	49	0	2	3	4.11532e-03	-5.73818e-01	1.63155e+01
110	0	50	0	2	3	4.64041e-03	-6.17173e-01	1.52312e+01
110	0	51	0	2	3	4.86767e-03	-6.28591e-01	1.61630e+01
110	0	52	0	2	3	4.00015e-03	-5.64853e-01	1.34055e+01
110	0	53	0	2	3	4.32162e-03	-5.85364e-01	1.52436e+01
110	0	54	0	2	3	4.39585e-03	-6.01429e-01	1.45931e+01
110	0	55	0	2	3	5.31644e-03	-6.62641e-01	1.76895e+01
110	0	56	0	2	3	3.92944e-03	-5.76957e-01	1.51624e+01
110	0	57	0	2	3	4.69293e-03	-6.17575e-01	1.65623e+01
110	0	58	0	2	3	4.16395e-03	-5.87580e-01	1.54355e+01
110	0	59	0	2	3	4.45733e-03	-6.19088e-01	1.70448e+01
110	0	60	0	2	3	4.11763e-03	-5.83992e-01	1.39136e+01
110	0	61	0	2	3	3.34527e-03	-5.19091e-01	1.44901e+01
110	0	62	0	2	3	4.67007e-03	-6.20161e-01	1.47988e+01
110	0	63	0	2	3	4.28420e-03	-5.92134e-01	1.47598e+01
110	0	64	0	2	3	4.02455e-03	-5.79919e-01	1.44977e+01
110	0	65	0	2	3	3.95153e-03	-5.68874e-01	1.54018e+01
110	0	66	0	2	3	4.90458e-03	-6.54854e-01	1.71235e+01
110	0	67	0	2	3	3.67134e-03	-5.52320e-01	1.53284e+01
110	0	68	0	2	3	4.05254e-03	-5.92752e-01	1.53382e+01
110	0	69	0	2	3	3.88195e-03	-5.58888e-01	1.46937e+01
110	0	70	0	2	3	4.82856e-03	-6.51962e-01	1.53387e+01
110	0	71	0	2	3	4.39492e-03	-6.02683e-01	1.59127e+01
110	0	72	0	2	3	3.72330e-03	-5.62679e-01	1.35499e+01
110	0	73	0	2	3	4.28706e-03	-5.96161e-01	1.52034e+01
110	0	74	0	2	3	4.41203e-03	-6.19281e-01	1.56714e+01
110	0	75	0	2	3	4.43288e-03	-5.99855e-01	1.54529e+01
110	0	76	0	2	3	3.62158e-03	-5.50612e-01	1.34144e+01
110	0	77	0	2	3	3.95264e-03	-5.69224e-01	1.53011e+01
110	0	78	0	2	3	4.41926e-03	-6.18927e-01	1.50100e+01
110	0	79	0	2	3	4.36628e-03	-5.98023e-01	1.54243e+01
110	0	80	0	2	3	4.05311e-03	-5.80338e-01	1.49555e+01
110	0	81	0	2	3	4.01283e-03	-5.63654e-01	1.47708e+01
110	0	82	0	2	3	4.44522e-03	-6.08112e-01	1.50115e+01
110	0	83	0	2	3	4.28454e-03	-5.96189e-01	1.53155e+01
110	0	84	0	2	3	3.65176e-03	-5.47290e-01	1.37618e+01
110	0	85	0	2	3	4.25368e-03	-5.87230e-01	1.55689e+01
110	0	86	0	2	3	4.57151e-03	-6.30053e-01	1.51565e+01
110	0	87	0	2	3	4.40150e-03	-6.11605e-01	1.63752e+01
110	0	88	0	2	3	3.50637e-03	-5.37288e-01	1.40087e+01
110	0	89	0	2	3	3.84680e-03	-5.64079e-01	1.48260e+01
110	0	90	0	2	3	4.13581e-03	-5.93350e-01	1.42523e+01
110	0	91	0	2	3	4.59902e-03	-6.24979e-01	1.54779e+01
110	0	92	0	2	3	3.77472e-03	-5.72133e-01	1.46959e+01
110	0	93	0	2	3	3.88566e-03	-5.61767e-01	1.44624e+01
110	0	94	0	2	3	4.64741e-03	-6.46336e-01	1.70684e+01
110	0	95	0	2	3	4.60693e-03	-6.24112e-01	1.62807e+01
110	0	96	0	2	3	4.02640e-03	-5.86807e-01	1.45251e+01
110	0	97	0	2	3	4.34470e-03	-5.98055e-01	1.59066e+01
110	0	98	0	2	3	4.54292e-03	-6.27549e-01	1.52395e+01
110	0	99	0	2	3	4.22576e-03	-5.87703e-01	1.53856e+01
110	0	100	0	2	3	3.93638e-03	-5.75418e-01	1.48320e+01
110	0	101	0	2	3	4.09621e-03	-5.80522e-01	1.54940e+01
110	0	102	0	2	3	4.70115e-03	-6.36381e-01	1.62321e+01
110	0	103	0	2	3	4.50276e-03	-6.16574e-01	1.57775e+01
110	0	104	0	2	3	4.00356e-03	-5.82856e-01	1.41252e+01
110	0	105	0	2	3	4.39896e-03	-5.99831e-01	1.52627e+01
110	0	106	0	2	3	4.69813e-03	-6.34992e-01	1.61489e+01
110	0	107	0	2	3	4.43798e-03	-6.03772e-01	1.48500e+01
110	0	108	0	2	3	4.01013e-03	-5.86194e-01	1.50525e+01
110	0	109	0	2	3	4.28206e-03	-5.94859e-01	1.51011e+01
110	0	110	0	2	3	4.32164e-03	-6.10180e-01	1.55160e+01
110	0	111	0	2	3	5.05998e-03	-6.60031e-01	1.64350e+01
110	0	112	0	2	3	3.93575e-03	-5.69370e-01	1.33768e+01
110	0	113	0	2	3	4.53453e-03	-6.06326e-01	1.51743e+01
110	0	114	0	2	3	4.69635e-03	-6.37749e-01	1.61209e+01
110	0	115	0	2	3	4.68307e-03	-6.25147e-01	1.56357e+01
110	0	116	0	2	3	3.91859e-03	-5.79370e-01	1.45599e+01
110	0	117	0	2	3	4.19939e-03	-5.91705e-01	1.60727e+01
110	0	118	0	2	3	4.14640e-03	-5.99519e-01	1.55948e+01
110	0	119	0	2	3	4.71581e-03	-6.14310e-01	1.43656e+01
110	0	120	0	2	3	4.16968e-03	-6.03944e-01	1.51657e+01
110	0	121	0	2	3	3.75394e-03	-5.52308e-01	1.29410e+01
110	0	122	0	2	3	3.70811e-03	-5.60072e-01	1.53616e+01
110	0	123	0	2	3	5.17895e-03	-6.62669e-01	1.66429e+01
110	0	124	0	2	3	3.32336e-03	-5.23906e-01	1.40416e+01
110	0	125	0	2	3	4.15958e-03	-5.67415e-01	1.24686e+01
110	0	126	0	2	3	3.89466e-03	-5.69930e-01	1.43329e+01
110	0	127	0	2	3	4.52559e-03	-6.05482e-01	1.51668e+01
110	0	128	0	2	3	4.34737e-03	-6.38466e-01	1.69267e+01
110	0	129	0	2	3	3.97522e-03	-5.93536e-01	1.56417e+01
110	0	130	0	2	3	4.21326e-03	-6.25495e-01	1.67385e+01
110	0	131	0	2	3	5.47632e-03	-6.90889e-01	1.73982e+01
110	0	132	0	2	3	3.68864e-03	-5.80824e-01	1.62224e+01
110	0	133	0	2	3	3.80435e-03	-5.69324e-01	1.52922e+01
110	0	134	0	2	3	5.03650e-03	-6.74785e-01	1.72141e+01
110	0	135	0	2	3	1.31775e-03	-3.88235e-01	1.12807e+01
110	0	136	0	2	3	2.73804e-03	-4.93269e-01	1.31305e+01
110	0	137	0	2	3	3.93459e-03	-5.98426e-01	1.64138e+01
110	0	138	0	2	3	2.21148e-03	-4.77681e-01	1.41544e+01
110	0	139	0	2	3	2.77611e-03	-5.01740e-01	1.29617e+01
110	0	140	0	2	3	-1.13928e-02	5.72379e-01	-5.62598e+00
110	0	141	0	2	3	3.50369e-03	-5.58153e-01	1.43031e+01
110	0	142	0	2	3	-1.42784e-04	-2.94977e-01	1.03226e+01
110	0	143	0	2	3	6.21408e-03	-7.54007e-01	1.82248e+01
110	0	144	0	2	3	3.60343e-03	-5.63602e-01	1.41786e+01
110	0	145	0	2	3	-6.09750e-03	1.71220e-01	5.09438e-01
110	0	146	0	2	3	8.14617e-03	-8.95429e-01	2.10227e+01
110	0	147	0	2	3	-1.19620e-02	6.16974e-01	-6.69124e+00
110	0	148	0	2	3	4.39688e-03	-6.37486e-01	1.62567e+01
110	0	149	0	2	3	-7.68376e-04	-2.27312e-01	8.89859e+00
110	0	150	0	2	3	2.15334e-03	-4.58916e-01	1.34456e+01
110	0	151	0	2	3	-3.16781e-03	-3.91589e-02	5.16657e+00
110	0	152	0	2	3	-2.90272e-03	-6.82985e-02	6.37300e+00
110	0	153	0	2	3	2.67087e-03	-5.00233e-01	1.42567e+01
110	0	154	0	2	3	4.52163e-03	-6.26691e-01	1.57301e+01
110	0	155	0	2	3	4.53908e-03	-6.19227e-01	1.44257e+01
110	0	156	0	2	3	1.22520e-03	-3.74323e-01	1.14827e+01
110	0	157	0	2	3	2.03437e-03	-4.61107e-01	1.39099e+01
110	0	158	0	2	3	5.58702e-03	-7.15668e-01	1.75965e+01
110	0	159	0	2	3	-5.36693e-03	8.92239e-02	3.23608e+00
#######################################################################
# BFT D                                                               #
#######################################################################
110	1	0	0	2	3	3.30570e-03	-5.13321e-01	1.51856e+01
110	1	1	0	2	3	4.38476e-03	-5.95703e-01	1.62462e+01
110	1	2	0	2	3	3.85838e-03	-5.74229e-01	1.57444e+01
110	1	3	0	2	3	3.59998e-03	-5.52315e-01	1.62247e+01
110	1	4	0	2	3	3.53051e-03	-5.46727e-01	1.51567e+01
110	1	5	0	2	3	3.92612e-03	-5.67353e-01	1.63918e+01
110	1	6	0	2	3	3.53593e-03	-5.53701e-01	1.42304e+01
110	1	7	0	2	3	3.53149e-03	-5.37596e-01	1.53157e+01
110	1	8	0	2	3	3.56785e-03	-5.49586e-01	1.55034e+01
110	1	9	0	2	3	2.18918e-03	-4.51713e-01	1.54053e+01
110	1	10	0	2	3	4.25070e-03	-5.96764e-01	1.60940e+01
110	1	11	0	2	3	4.63598e-03	-6.25630e-01	1.68942e+01
110	1	12	0	2	3	2.54759e-03	-4.79326e-01	1.33951e+01
110	1	13	0	2	3	3.81348e-03	-5.65607e-01	1.65089e+01
110	1	14	0	2	3	4.00471e-03	-5.86496e-01	1.51221e+01
110	1	15	0	2	3	4.69335e-03	-6.30078e-01	1.75890e+01
110	1	16	0	2	3	3.21319e-03	-5.27961e-01	1.43769e+01
110	1	17	0	2	3	3.39255e-03	-5.31511e-01	1.50056e+01
110	1	18	0	2	3	3.47003e-03	-5.47736e-01	1.41820e+01
110	1	19	0	2	3	4.10325e-03	-5.84285e-01	1.63294e+01
110	1	20	0	2	3	4.04598e-03	-5.88337e-01	1.57230e+01
110	1	21	0	2	3	3.21668e-03	-5.27201e-01	1.64276e+01
110	1	22	0	2	3	4.07467e-03	-5.87324e-01	1.53671e+01
110	1	23	0	2	3	3.52515e-03	-5.38000e-01	1.56780e+01
110	1	24	0	2	3	3.88174e-03	-5.78858e-01	1.62388e+01
110	1	25	0	2	3	3.31932e-03	-5.27552e-01	1.56916e+01
110	1	26	0	2	3	4.12637e-03	-5.92907e-01	1.52756e+01
110	1	27	0	2	3	4.22386e-03	-5.89202e-01	1.73919e+01
110	1	28	0	2	3	3.84388e-03	-5.75883e-01	1.60346e+01
110	1	29	0	2	3	3.27284e-03	-5.27424e-01	1.58962e+01
110	1	30	0	2	3	4.34897e-03	-6.08227e-01	1.58308e+01
110	1	31	0	2	3	3.85344e-03	-5.73831e-01	1.68203e+01
110	1	32	0	2	3	3.72422e-03	-5.65983e-01	1.63368e+01
110	1	33	0	2	3	3.60765e-03	-5.53837e-01	1.52428e+01
110	1	34	0	2	3	4.22073e-03	-5.91867e-01	1.50249e+01
110	1	35	0	2	3	4.66535e-03	-6.40953e-01	1.81437e+01
110	1	36	0	2	3	4.11600e-03	-5.82604e-01	1.60533e+01
110	1	37	0	2	3	3.69745e-03	-5.50597e-01	1.43445e+01
110	1	38	0	2	3	4.21752e-03	-5.98050e-01	1.66399e+01
110	1	39	0	2	3	4.20843e-03	-5.89217e-01	1.60627e+01
110	1	40	0	2	3	4.00635e-03	-5.74504e-01	1.47774e+01
110	1	41	0	2	3	3.76492e-03	-5.54842e-01	1.58345e+01
110	1	42	0	2	3	3.94331e-03	-5.68309e-01	1.51816e+01
110	1	43	0	2	3	4.37752e-03	-6.00642e-01	1.74174e+01
110	1	44	0	2	3	4.00849e-03	-5.83544e-01	1.51455e+01
110	1	45	0	2	3	3.64863e-03	-5.49805e-01	1.60048e+01
110	1	46	0	2	3	4.08019e-03	-5.91646e-01	1.53165e+01
110	1	47	0	2	3	4.09659e-03	-6.02513e-01	1.79690e+01
110	1	48	0	2	3	3.89139e-03	-5.71049e-01	1.55782e+01
110	1	49	0	2	3	3.72851e-03	-5.54360e-01	1.63478e+01
110	1	50	0	2	3	4.23904e-03	-5.96567e-01	1.49772e+01
110	1	51	0	2	3	4.17901e-03	-5.89605e-01	1.66466e+01
110	1	52	0	2	3	4.09570e-03	-5.97010e-01	1.53436e+01
110	1	53	0	2	3	3.57957e-03	-5.45969e-01	1.61598e+01
110	1	54	0	2	3	4.15537e-03	-6.01156e-01	1.63677e+01
110	1	55	0	2	3	4.19678e-03	-5.92647e-01	1.68310e+01
110	1	56	0	2	3	3.98523e-03	-5.93584e-01	1.53577e+01
110	1	57	0	2	3	4.01220e-03	-5.82268e-01	1.64181e+01
110	1	58	0	2	3	4.14620e-03	-6.05826e-01	1.74683e+01
110	1	59	0	2	3	4.73237e-03	-6.44953e-01	1.88673e+01
110	1	60	0	2	3	3.99508e-03	-5.86125e-01	1.59190e+01
110	1	61	0	2	3	4.11864e-03	-5.76649e-01	1.57771e+01
110	1	62	0	2	3	4.10113e-03	-5.86977e-01	1.48051e+01
110	1	63	0	2	3	4.32725e-03	-6.04037e-01	1.70811e+01
110	1	64	0	2	3	4.01481e-03	-5.89062e-01	1.63449e+01
110	1	65	0	2	3	4.19721e-03	-5.92491e-01	1.61354e+01
110	1	66	0	2	3	4.65481e-03	-6.37875e-01	1.58662e+01
110	1	67	0	2	3	4.47919e-03	-6.16518e-01	1.56987e+01
110	1	68	0	2	3	3.53927e-03	-5.42609e-01	1.38308e+01
110	1	69	0	2	3	4.19202e-03	-5.92398e-01	1.62052e+01
110	1	70	0	2	3	4.36245e-03	-6.10213e-01	1.64374e+01
110	1	71	0	2	3	4.47415e-03	-6.22548e-01	1.70594e+01
110	1	72	0	2	3	3.79202e-03	-5.67936e-01	1.52395e+01
110	1	73	0	2	3	4.20305e-03	-6.01242e-01	1.71656e+01
110	1	74	0	2	3	4.33346e-03	-6.05664e-01	1.50361e+01
110	1	75	0	2	3	4.44393e-03	-6.16656e-01	1.63199e+01
110	1	76	0	2	3	3.80286e-03	-5.65292e-01	1.49441e+01
110	1	77	0	2	3	4.06768e-03	-5.90449e-01	1.58953e+01
110	1	78	0	2	3	4.39153e-03	-6.12331e-01	1.51377e+01
110	1	79	0	2	3	4.00688e-03	-5.82021e-01	1.55991e+01
110	1	80	0	2	3	4.00914e-03	-5.77856e-01	1.50337e+01
110	1	81	0	2	3	3.98263e-03	-5.75099e-01	1.47414e+01
110	1	82	0	2	3	4.95332e-03	-6.51690e-01	1.73166e+01
110	1	83	0	2	3	4.36240e-03	-5.94890e-01	1.53574e+01
110	1	84	0	2	3	3.54299e-03	-5.38084e-01	1.38019e+01
110	1	85	0	2	3	3.88160e-03	-5.68844e-01	1.49325e+01
110	1	86	0	2	3	4.27128e-03	-6.02782e-01	1.61803e+01
110	1	87	0	2	3	4.33729e-03	-5.99175e-01	1.42406e+01
110	1	88	0	2	3	4.13108e-03	-5.91371e-01	1.57569e+01
110	1	89	0	2	3	3.64706e-03	-5.58420e-01	1.44456e+01
110	1	90	0	2	3	4.13828e-03	-5.91636e-01	1.48817e+01
110	1	91	0	2	3	4.30064e-03	-5.98585e-01	1.59617e+01
110	1	92	0	2	3	3.51402e-03	-5.40362e-01	1.43830e+01
110	1	93	0	2	3	3.97128e-03	-5.76215e-01	1.52502e+01
110	1	94	0	2	3	3.96624e-03	-5.85047e-01	1.60180e+01
110	1	95	0	2	3	4.44889e-03	-6.15413e-01	1.56330e+01
110	1	96	0	2	3	3.57560e-03	-5.49281e-01	1.42552e+01
110	1	97	0	2	3	3.97782e-03	-5.75854e-01	1.56532e+01
110	1	98	0	2	3	4.02036e-03	-6.01491e-01	1.66182e+01
110	1	99	0	2	3	4.28121e-03	-6.00746e-01	1.54501e+01
110	1	100	0	2	3	3.75648e-03	-5.51650e-01	1.47579e+01
110	1	101	0	2	3	3.88976e-03	-5.67092e-01	1.53073e+01
110	1	102	0	2	3	4.22488e-03	-6.10065e-01	1.59413e+01
110	1	103	0	2	3	4.21103e-03	-5.92279e-01	1.51605e+01
110	1	104	0	2	3	4.12410e-03	-5.90210e-01	1.55002e+01
110	1	105	0	2	3	4.24960e-03	-5.94158e-01	1.55744e+01
110	1	106	0	2	3	4.93263e-03	-6.55717e-01	1.74708e+01
110	1	107	0	2	3	4.62410e-03	-6.25442e-01	1.59438e+01
110	1	108	0	2	3	4.09068e-03	-5.86060e-01	1.61185e+01
110	1	109	0	2	3	3.74814e-03	-5.61960e-01	1.55818e+01
110	1	110	0	2	3	4.67428e-03	-6.32911e-01	1.62085e+01
110	1	111	0	2	3	4.18627e-03	-6.04026e-01	1.69520e+01
110	1	112	0	2	3	4.29668e-03	-6.02738e-01	1.55099e+01
110	1	113	0	2	3	3.73200e-03	-5.61160e-01	1.51393e+01
110	1	114	0	2	3	4.70722e-03	-6.37186e-01	1.58937e+01
110	1	115	0	2	3	4.89139e-03	-6.39266e-01	1.61286e+01
110	1	116	0	2	3	3.98134e-03	-5.82472e-01	1.53456e+01
110	1	117	0	2	3	3.75603e-03	-5.62406e-01	1.50842e+01
110	1	118	0	2	3	3.85803e-03	-5.70412e-01	1.41890e+01
110	1	119	0	2	3	4.68656e-03	-6.20686e-01	1.60878e+01
110	1	120	0	2	3	4.11541e-03	-5.89640e-01	1.51427e+01
110	1	121	0	2	3	4.02843e-03	-5.82938e-01	1.52599e+01
110	1	122	0	2	3	5.46966e-03	-7.06014e-01	1.88391e+01
110	1	123	0	2	3	3.95336e-03	-5.83205e-01	1.67871e+01
110	1	124	0	2	3	3.52798e-03	-5.43760e-01	1.39962e+01
110	1	125	0	2	3	3.80419e-03	-5.72677e-01	1.54969e+01
110	1	126	0	2	3	3.80592e-03	-5.59531e-01	1.48233e+01
110	1	127	0	2	3	5.16045e-03	-6.55900e-01	1.65230e+01
110	1	128	0	2	3	3.96629e-03	-6.08839e-01	1.66755e+01
110	1	129	0	2	3	4.24183e-03	-6.22313e-01	1.67302e+01
110	1	130	0	2	3	3.19728e-03	-5.31736e-01	1.40138e+01
110	1	131	0	2	3	3.46860e-03	-5.40086e-01	1.44538e+01
110	1	132	0	2	3	5.65805e-03	-7.24717e-01	1.87756e+01
110	1	133	0	2	3	4.31605e-03	-6.00900e-01	1.53153e+01
110	1	134	0	2	3	3.48675e-03	-5.61498e-01	1.56665e+01
110	1	135	0	2	3	4.85515e-03	-6.37942e-01	1.64659e+01
110	1	136	0	2	3	1.68644e-03	-4.29959e-01	1.35941e+01
110	1	137	0	2	3	4.09434e-03	-5.97611e-01	1.59274e+01
110	1	138	0	2	3	3.70983e-03	-5.68975e-01	1.51662e+01
110	1	139	0	2	3	3.29030e-03	-5.47954e-01	1.54005e+01
110	1	140	0	2	3	4.86331e-03	-6.51488e-01	1.64436e+01
110	1	141	0	2	3	1.68484e-03	-4.11523e-01	1.19096e+01
110	1	142	0	2	3	5.37148e-03	-6.83803e-01	1.68132e+01
110	1	143	0	2	3	4.36518e-03	-6.25336e-01	1.69548e+01
110	1	144	0	2	3	1.02173e-03	-3.76072e-01	1.28436e+01
110	1	145	0	2	3	5.91726e-03	-7.07162e-01	1.73925e+01
110	1	146	0	2	3	-9.28382e-03	3.76905e-01	-1.89296e+00
110	1	147	0	2	3	5.15833e-03	-6.64043e-01	1.59495e+01
110	1	148	0	2	3	4.47462e-03	-6.38137e-01	1.61194e+01
110	1	149	0	2	3	7.74975e-03	-8.49755e-01	2.05410e+01
110	1	150	0	2	3	2.90076e-03	-5.04155e-01	1.45026e+01
110	1	151	0	2	3	6.14580e-03	-7.30837e-01	1.77652e+01
110	1	152	0	2	3	-5.31138e-03	1.25366e-01	2.91785e+00
110	1	153	0	2	3	-3.49035e-03	-8.21151e-03	5.24006e+00
110	1	154	0	2	3	4.56589e-03	-6.26205e-01	1.64252e+01
110	1	155	0	2	3	4.27495e-03	-5.95405e-01	1.43944e+01
110	1	156	0	2	3	3.08767e-03	-5.46518e-01	1.55067e+01
110	1	157	0	2	3	7.90252e-03	-8.63712e-01	2.10611e+01
110	1	158	0	2	3	4.35982e-03	-6.15100e-01	1.66828e+01
110	1	159	0	2	3	-3.62242e-03	-2.31402e-02	6.36192e+00
