##
#  file: HodoPHCParam_Dummy
#  date: 2016.06.15
#  note: first version
#
#
#######################################################################
# CId	PlId	Seg	UorD	Type	nParam	p0	p1	...
#
#	Type=0 no correction will be performed
#	Type=1 ct=t-p[0]/sqrt(a-p[1])+p[2]
#	Type=2 ct=p[0]*a*a + p[1]*a + p[2] for Fiber
#
#######################################################################
# BH1 Up                                                              #
#######################################################################
1	0	0	0	1	3	5.08705e+00	-1.98362e+00	2.93454e+00
1	0	1	0	1	3	6.69706e-01	2.91546e-01	8.10244e-01
1	0	2	0	1	3	5.01779e-01	3.94271e-01	6.64278e-01
1	0	3	0	1	3	7.45330e-01	1.66754e-01	8.56036e-01
1	0	4	0	1	3	8.52890e-01	8.60054e-02	9.27134e-01
1	0	5	0	1	3	1.69981e+00	-1.50393e-01	1.62794e+00
1	0	6	0	1	3	1.58582e+00	-2.35346e-01	1.46587e+00
1	0	7	0	1	3	1.61970e+00	-1.46184e-01	1.54504e+00
1	0	8	0	1	3	1.37546e+00	-2.52696e-01	1.28233e+00
1	0	9	0	1	3	1.74814e+00	-2.76223e-01	1.64100e+00
1	0	10	0	1	3	1.60339e+01	-4.62629e+00	6.81205e+00
#######################################################################
# BH1 Down                                                            #
#######################################################################
1	0	0	1	1	3	1.33519e+00	-9.13138e-02	1.27257e+00
1	0	1	1	1	3	6.24909e-01	2.88647e-01	7.65429e-01
1	0	2	1	1	3	6.68954e-01	2.21542e-01	7.45264e-01
1	0	3	1	1	3	1.32364e+00	-4.57464e-01	1.08318e+00
1	0	4	1	1	3	1.18002e+00	-7.91080e-02	1.17008e+00
1	0	5	1	1	3	2.07299e+00	-4.79828e-01	1.70935e+00
1	0	6	1	1	3	1.96000e+00	-5.20196e-01	1.63958e+00
1	0	7	1	1	3	1.89852e+00	-4.50289e-01	1.60743e+00
1	0	8	1	1	3	1.02469e+00	-6.73213e-02	1.04734e+00
1	0	9	1	1	3	1.64894e+00	-1.85977e-01	1.61292e+00
1	0	10	1	1	3	7.15603e-01	2.22738e-01	8.54972e-01
#######################################################################
# BH2 Up                                                              #
#######################################################################
2	0	0	0	1	3	1.43047e-01	2.98695e-01	2.00085e-01
2	0	1	0	1	3	8.79554e-01	-2.31747e-01	7.85839e-01
2	0	2	0	1	3	5.94572e-01	-4.97541e-01	4.68956e-01
2	0	3	0	1	3	1.91725e-01	3.94747e-02	1.91115e-01
2	0	4	0	1	3	3.31184e-01	-9.38469e-02	3.15823e-01
2	0	5	0	1	3	1.99769e-01	2.70254e-01	2.37321e-01
2	0	6	0	1	3	2.58948e-01	2.41832e-01	3.10133e-01
2	0	7	0	1	3	3.50426e-01	8.80094e-02	3.70898e-01
#######################################################################
# BH2 Down                                                            #
#######################################################################
2	0	0	1	1	3	3.94607e-01	-1.85207e-01	3.84440e-01
2	0	1	1	1	3	9.92155e-01	-3.85817e-01	8.32122e-01
2	0	2	1	1	3	4.10986e-01	-9.27803e-02	3.90143e-01
2	0	3	1	1	3	1.76416e-01	4.84160e-02	1.75490e-01
2	0	4	1	1	3	2.42956e-01	1.23979e-01	2.64593e-01
2	0	5	1	1	3	3.57967e-01	4.32013e-02	3.63973e-01
2	0	6	1	1	3	1.22093e+00	-6.67168e-01	9.30075e-01
2	0	7	1	1	3	2.92156e-01	-4.36810e-03	2.98702e-01
#######################################################################
# BAC                                                                 #
#######################################################################
3	0	0	0	1	3	0.00000e+00	0.00000e+00	0.00000e+00
3	0	1	0	1	3	0.00000e+00	0.00000e+00	0.00000e+00
#######################################################################
# FBH Up                                                              #
#######################################################################
4	0	0	0	2	3	-5.62952e-03	8.96903e-01	-3.53273e+01
4	0	1	0	2	3	-4.29399e-03	7.37975e-01	-3.00049e+01
4	0	2	0	2	3	-5.26894e-03	8.67305e-01	-3.38992e+01
4	0	3	0	2	3	-3.80183e-03	6.69237e-01	-2.72260e+01
4	0	4	0	2	3	-4.35014e-03	7.35785e-01	-2.92008e+01
4	0	5	0	2	3	-4.02541e-03	6.86907e-01	-2.70312e+01
4	0	6	0	2	3	-4.16660e-03	7.08229e-01	-2.81512e+01
4	0	7	0	2	3	-3.93117e-03	6.84759e-01	-2.69101e+01
4	0	8	0	2	3	-4.14423e-03	6.96902e-01	-2.65883e+01
4	0	9	0	2	3	-2.83372e-03	5.62925e-01	-2.20787e+01
4	0	10	0	2	3	-4.07944e-03	7.09420e-01	-2.75603e+01
4	0	11	0	2	3	-3.50961e-03	6.50113e-01	-2.64167e+01
4	0	12	0	2	3	-3.52415e-03	6.49734e-01	-2.67232e+01
4	0	13	0	2	3	-4.13420e-03	7.26957e-01	-2.99675e+01
4	0	14	0	2	3	-4.90315e-03	8.27563e-01	-3.35630e+01
4	0	15	0	2	3	-4.73048e-03	8.13189e-01	-3.31901e+01
#######################################################################
# FBH Down                                                            #
#######################################################################
4	0	0	1	2	3	-5.62952e-03	8.96903e-01	-3.53273e+01
4	0	1	1	2	3	-4.29399e-03	7.37975e-01	-3.00049e+01
4	0	2	1	2	3	-5.26894e-03	8.67305e-01	-3.38992e+01
4	0	3	1	2	3	-3.80183e-03	6.69237e-01	-2.72260e+01
4	0	4	1	2	3	-4.35014e-03	7.35785e-01	-2.92008e+01
4	0	5	1	2	3	-4.02541e-03	6.86907e-01	-2.70312e+01
4	0	6	1	2	3	-4.16660e-03	7.08229e-01	-2.81512e+01
4	0	7	1	2	3	-3.93117e-03	6.84759e-01	-2.69101e+01
4	0	8	1	2	3	-4.14423e-03	6.96902e-01	-2.65883e+01
4	0	9	1	2	3	-2.83372e-03	5.62925e-01	-2.20787e+01
4	0	10	1	2	3	-4.07944e-03	7.09420e-01	-2.75603e+01
4	0	11	1	2	3	-3.50961e-03	6.50113e-01	-2.64167e+01
4	0	12	1	2	3	-3.52415e-03	6.49734e-01	-2.67232e+01
4	0	13	1	2	3	-4.13420e-03	7.26957e-01	-2.99675e+01
4	0	14	1	2	3	-4.90315e-03	8.27563e-01	-3.35630e+01
4	0	15	1	2	3	-4.73048e-03	8.13189e-01	-3.31901e+01
#######################################################################
# PVAC                                                                #
#######################################################################
5	0	0	0	1	3	0.00000e+00	0.00000e+00	0.00000e+00
#######################################################################
# FAC                                                                 #
#######################################################################
6	0	0	0	1	3	0.00000e+00	0.00000e+00	0.00000e+00
#######################################################################
# SCH                                                                 #
#######################################################################
#7	0	0	0	2	3	-0.00500000	0.821213	-32.185321
#7	0	1	0	2	3	-0.00500000	0.830248	-32.269563
#7	0	2	0	2	3	-0.00500000	0.793073	-29.315934
#7	0	3	0	2	3	-0.00500000	0.772144	-28.276705
#7	0	4	0	2	3	-0.00500000	0.801968	-30.687167
#7	0	5	0	2	3	-0.00500000	0.778300	-28.439251
#7	0	6	0	2	3	-0.00500000	0.765872	-27.918181
#7	0	7	0	2	3	-0.00500000	0.738459	-26.016797
#7	0	8	0	2	3	-0.00500000	0.778318	-28.676371
#7	0	9	0	2	3	-0.00500000	0.776670	-28.892887
#7	0	10	0	2	3	-0.00500000	0.764278	-28.122474
#7	0	11	0	2	3	-0.00500000	0.790742	-29.423647
#7	0	12	0	2	3	-0.00500000	0.811330	-30.487019
#7	0	13	0	2	3	-0.00500000	0.818750	-30.891512
#7	0	14	0	2	3	-0.00500000	0.802541	-30.009136
#7	0	15	0	2	3	-0.00500000	0.809525	-30.751746
#7	0	16	0	2	3	-0.00500000	0.802597	-30.845509
#7	0	17	0	2	3	-0.00500000	0.835028	-32.780792
#7	0	18	0	2	3	-0.00500000	0.859176	-33.938731
#7	0	19	0	2	3	-0.00500000	0.814851	-31.445396
#7	0	20	0	2	3	-0.00500000	0.809426	-30.781087
#7	0	21	0	2	3	-0.00500000	0.780678	-28.888756
#7	0	22	0	2	3	-0.00500000	0.808206	-30.719604
#7	0	23	0	2	3	-0.00500000	0.774024	-27.858339
#7	0	24	0	2	3	-0.00500000	0.794308	-29.022101
#7	0	25	0	2	3	-0.00500000	0.775649	-27.980186
#7	0	26	0	2	3	-0.00500000	0.788483	-28.687567
#7	0	27	0	2	3	-0.00466315	0.771386	-29.253260
#7	0	28	0	2	3	-0.00483132	0.790854	-28.637741
#7	0	29	0	2	3	-0.00497049	0.812994	-30.786914
#7	0	30	0	2	3	-0.00500000	0.787793	-28.362716
#7	0	31	0	2	3	-0.00500000	0.790759	-28.876812
#7	0	32	0	2	3	-0.00500000	0.824826	-31.655285
#7	0	33	0	2	3	-0.00500000	0.845304	-33.407765
#7	0	34	0	2	3	-0.00500000	0.832263	-32.939799
#7	0	35	0	2	3	-0.00500000	0.820631	-31.695372
#7	0	36	0	2	3	-0.00500000	0.836997	-33.200590
#7	0	37	0	2	3	-0.00500000	0.819690	-32.097193
#7	0	38	0	2	3	-0.00500000	0.808109	-31.263214
#7	0	39	0	2	3	-0.00500000	0.815224	-31.135523
#7	0	40	0	2	3	-0.00500000	0.803398	-29.897923
#7	0	41	0	2	3	-0.00500000	0.815685	-31.165519
#7	0	42	0	2	3	-0.00500000	0.812980	-30.737261
#7	0	43	0	2	3	-0.00500000	0.829418	-32.693307
#7	0	44	0	2	3	-0.00500000	0.789530	-29.464920
#7	0	45	0	2	3	-0.00500000	0.804789	-31.208151
#7	0	46	0	2	3	-0.00500000	0.830106	-32.806514
#7	0	47	0	2	3	-0.00500000	0.819206	-31.373242
#7	0	48	0	2	3	-0.00500000	0.816165	-31.709319
#7	0	49	0	2	3	-0.00500000	0.798496	-30.201709
#7	0	50	0	2	3	-0.00500000	0.812167	-31.795745
#7	0	51	0	2	3	-0.00500000	0.810749	-31.375226
#7	0	52	0	2	3	-0.00500000	0.803385	-31.372512
#7	0	53	0	2	3	-0.00500000	0.777405	-29.262831
#7	0	54	0	2	3	-0.00500000	0.783954	-29.763410
#7	0	55	0	2	3	-0.00500000	0.789443	-29.976449
#7	0	56	0	2	3	-0.00500000	0.838828	-33.261086
#7	0	57	0	2	3	-0.00500000	0.804421	-30.573195
#7	0	58	0	2	3	-0.00500000	0.773283	-29.111048
#7	0	59	0	2	3	-0.00500000	0.811789	-31.449459
#7	0	60	0	2	3	-0.00500000	0.759724	-28.110014
#7	0	61	0	2	3	-0.00500000	0.810884	-31.379063
#7	0	62	0	2	3	-0.00500000	0.771910	-28.435006
#7	0	63	0	2	3	-0.00500000	0.796658	-30.511906
#######################################################################
# TOF Up                                                              #
#######################################################################
7	0	0	0	1	3	5.24830e+00	-1.96630e+00	2.96170e+00
7	0	1	0	1	3	5.24830e+00	-1.96630e+00	2.96170e+00
7	0	2	0	1	3	5.24830e+00	-1.96630e+00	2.96170e+00
7	0	3	0	1	3	5.24830e+00	-1.96630e+00	2.96170e+00
7	0	4	0	1	3	5.24830e+00	-1.96630e+00	2.96170e+00
7	0	5	0	1	3	5.24830e+00	-1.96630e+00	2.96170e+00
7	0	6	0	1	3	6.97090e+00	-3.03520e+00	3.39910e+00
7	0	7	0	1	3	4.05450e+00	-1.96150e+00	2.30360e+00
7	0	8	0	1	3	1.16940e+02	-2.98600e+01	2.09880e+01
7	0	9	0	1	3	5.24830e+00	-1.96630e+00	2.96170e+00
7	0	10	0	1	3	5.24830e+00	-1.96630e+00	2.96170e+00
7	0	11	0	1	3	5.24830e+00	-1.96630e+00	2.96170e+00
7	0	12	0	1	3	5.24830e+00	-1.96630e+00	2.96170e+00
7	0	13	0	1	3	5.24830e+00	-1.96630e+00	2.96170e+00
7	0	14	0	1	3	5.24830e+00	-1.96630e+00	2.96170e+00
7	0	15	0	1	3	5.24830e+00	-1.96630e+00	2.96170e+00
7	0	16	0	1	3	5.24830e+00	-1.96630e+00	2.96170e+00
7	0	17	0	1	3	5.24830e+00	-1.96630e+00	2.96170e+00
7	0	18	0	1	3	5.24830e+00	-1.96630e+00	2.96170e+00
7	0	19	0	1	3	7.11491e-01	1.85180e-03	5.82402e-01
7	0	20	0	1	3	5.59404e-01	-1.73810e-03	4.50716e-01
7	0	21	0	1	3	8.92499e-01	1.99900e-03	7.37364e-01
7	0	22	0	1	3	6.37553e-01	1.99960e-03	5.45449e-01
7	0	23	0	1	3	1.19210e+00	1.98920e-03	9.99994e-01
#######################################################################
# TOF Down                                                            #
#######################################################################
7	0	0	1	1	3	5.84300e+00	-2.30730e+00	3.11320e+00
7	0	1	1	1	3	5.84300e+00	-2.30730e+00	3.11320e+00
7	0	2	1	1	3	5.84300e+00	-2.30730e+00	3.11320e+00
7	0	3	1	1	3	5.84300e+00	-2.30730e+00	3.11320e+00
7	0	4	1	1	3	5.84300e+00	-2.30730e+00	3.11320e+00
7	0	5	1	1	3	5.84300e+00	-2.30730e+00	3.11320e+00
7	0	6	1	1	3	1.41330e+01	-5.81170e+00	5.32680e+00
7	0	7	1	1	3	7.84850e+01	-2.02870e+01	1.69500e+01
7	0	8	1	1	3	2.20240e+02	-3.62440e+01	3.60080e+01
7	0	9	1	1	3	5.84300e+00	-2.30730e+00	3.11320e+00
7	0	10	1	1	3	5.84300e+00	-2.30730e+00	3.11320e+00
7	0	11	1	1	3	5.84300e+00	-2.30730e+00	3.11320e+00
7	0	12	1	1	3	5.84300e+00	-2.30730e+00	3.11320e+00
7	0	13	1	1	3	5.84300e+00	-2.30730e+00	3.11320e+00
7	0	14	1	1	3	5.84300e+00	-2.30730e+00	3.11320e+00
7	0	15	1	1	3	5.84300e+00	-2.30730e+00	3.11320e+00
7	0	16	1	1	3	5.84300e+00	-2.30730e+00	3.11320e+00
7	0	17	1	1	3	5.84300e+00	-2.30730e+00	3.11320e+00
7	0	18	1	1	3	5.84300e+00	-2.30730e+00	3.11320e+00
7	0	19	1	1	3	6.18741e-01	1.99860e-03	4.90831e-01
7	0	20	1	1	3	5.75901e-01	1.04210e-03	4.72509e-01
7	0	21	1	1	3	9.41046e-01	1.99890e-03	7.79357e-01
7	0	22	1	1	3	4.84266e-01	-1.95590e-03	3.99786e-01
7	0	23	1	1	3	8.97714e-01	1.99860e-03	7.56300e-01
#######################################################################
# BFT U                                                               #
#######################################################################
110	0	0	0	2	3	2.47451e-03	-4.61225e-01	1.29582e+01
110	0	1	0	2	3	2.94099e-03	-4.88240e-01	1.33234e+01
110	0	2	0	2	3	3.64458e-03	-5.50410e-01	1.43793e+01
110	0	3	0	2	3	3.95209e-03	-5.69409e-01	1.37617e+01
110	0	4	0	2	3	4.04725e-03	-5.73650e-01	1.50883e+01
110	0	5	0	2	3	4.43629e-03	-5.97895e-01	1.58797e+01
110	0	6	0	2	3	4.04123e-03	-5.81362e-01	1.46351e+01
110	0	7	0	2	3	3.35386e-03	-5.09463e-01	1.38440e+01
110	0	8	0	2	3	4.03994e-03	-5.79943e-01	1.48443e+01
110	0	9	0	2	3	4.10335e-03	-5.68732e-01	1.58036e+01
110	0	10	0	2	3	4.14368e-03	-5.89533e-01	1.42473e+01
110	0	11	0	2	3	3.72544e-03	-5.44088e-01	1.54289e+01
110	0	12	0	2	3	3.58155e-03	-5.43036e-01	1.36087e+01
110	0	13	0	2	3	4.00019e-03	-5.67542e-01	1.58663e+01
110	0	14	0	2	3	4.41085e-03	-6.00797e-01	1.44198e+01
110	0	15	0	2	3	5.05174e-03	-6.56640e-01	1.77569e+01
110	0	16	0	2	3	3.18701e-03	-5.16054e-01	1.29336e+01
110	0	17	0	2	3	3.79616e-03	-5.43716e-01	1.48674e+01
110	0	18	0	2	3	4.29877e-03	-5.95560e-01	1.42150e+01
110	0	19	0	2	3	4.29528e-03	-5.97137e-01	1.41516e+01
110	0	20	0	2	3	3.91538e-03	-5.60995e-01	1.40840e+01
110	0	21	0	2	3	4.68778e-03	-6.21997e-01	1.78549e+01
110	0	22	0	2	3	4.57504e-03	-6.15413e-01	1.50113e+01
110	0	23	0	2	3	4.29170e-03	-5.89274e-01	1.60031e+01
110	0	24	0	2	3	4.44182e-03	-5.99161e-01	1.50480e+01
110	0	25	0	2	3	4.53465e-03	-6.01173e-01	1.66087e+01
110	0	26	0	2	3	3.88702e-03	-5.75354e-01	1.55351e+01
110	0	27	0	2	3	4.26505e-03	-5.75595e-01	1.54009e+01
110	0	28	0	2	3	3.57039e-03	-5.41764e-01	1.22789e+01
110	0	29	0	2	3	4.49137e-03	-5.95658e-01	1.54149e+01
110	0	30	0	2	3	4.31969e-03	-5.97840e-01	1.45694e+01
110	0	31	0	2	3	4.00340e-03	-5.69588e-01	1.55783e+01
110	0	32	0	2	3	3.80438e-03	-5.63447e-01	1.42918e+01
110	0	33	0	2	3	4.23945e-03	-5.66338e-01	1.36780e+01
110	0	34	0	2	3	4.29245e-03	-5.95385e-01	1.45757e+01
110	0	35	0	2	3	4.70751e-03	-6.24902e-01	1.65496e+01
110	0	36	0	2	3	3.47575e-03	-5.27907e-01	1.32084e+01
110	0	37	0	2	3	4.35314e-03	-5.95016e-01	1.68812e+01
110	0	38	0	2	3	4.11453e-03	-5.75451e-01	1.35575e+01
110	0	39	0	2	3	4.72153e-03	-6.19211e-01	1.60630e+01
110	0	40	0	2	3	3.95944e-03	-5.60354e-01	1.36347e+01
110	0	41	0	2	3	4.15119e-03	-5.71965e-01	1.62028e+01
110	0	42	0	2	3	4.23431e-03	-5.82314e-01	1.45934e+01
110	0	43	0	2	3	4.63832e-03	-6.24649e-01	1.69878e+01
110	0	44	0	2	3	4.14405e-03	-5.84699e-01	1.43394e+01
110	0	45	0	2	3	4.43931e-03	-5.91515e-01	1.61025e+01
110	0	46	0	2	3	4.41019e-03	-6.13217e-01	1.51123e+01
110	0	47	0	2	3	5.18818e-03	-6.65108e-01	1.87485e+01
110	0	48	0	2	3	3.67246e-03	-5.44551e-01	1.25310e+01
110	0	49	0	2	3	4.39739e-03	-5.95089e-01	1.67125e+01
110	0	50	0	2	3	4.40849e-03	-6.00693e-01	1.49454e+01
110	0	51	0	2	3	4.44166e-03	-5.98223e-01	1.56345e+01
110	0	52	0	2	3	3.91286e-03	-5.59830e-01	1.33472e+01
110	0	53	0	2	3	4.27042e-03	-5.83685e-01	1.52613e+01
110	0	54	0	2	3	4.22914e-03	-5.88119e-01	1.43304e+01
110	0	55	0	2	3	4.71837e-03	-6.21075e-01	1.69959e+01
110	0	56	0	2	3	4.09179e-03	-5.88721e-01	1.53831e+01
110	0	57	0	2	3	4.63676e-03	-6.13410e-01	1.64865e+01
110	0	58	0	2	3	4.19624e-03	-5.91103e-01	1.55293e+01
110	0	59	0	2	3	4.27858e-03	-6.05846e-01	1.68233e+01
110	0	60	0	2	3	3.99063e-03	-5.77574e-01	1.38609e+01
110	0	61	0	2	3	3.47969e-03	-5.28657e-01	1.46689e+01
110	0	62	0	2	3	4.63787e-03	-6.18387e-01	1.47917e+01
110	0	63	0	2	3	4.15109e-03	-5.82792e-01	1.46134e+01
110	0	64	0	2	3	3.87031e-03	-5.69132e-01	1.43224e+01
110	0	65	0	2	3	3.85679e-03	-5.61674e-01	1.52739e+01
110	0	66	0	2	3	4.59003e-03	-6.32907e-01	1.67602e+01
110	0	67	0	2	3	3.78062e-03	-5.59308e-01	1.54366e+01
110	0	68	0	2	3	3.95892e-03	-5.85369e-01	1.51969e+01
110	0	69	0	2	3	4.09364e-03	-5.73792e-01	1.49593e+01
110	0	70	0	2	3	4.37963e-03	-6.20251e-01	1.47993e+01
110	0	71	0	2	3	4.46025e-03	-6.08606e-01	1.60507e+01
110	0	72	0	2	3	3.94396e-03	-5.79971e-01	1.38833e+01
110	0	73	0	2	3	4.36212e-03	-6.01357e-01	1.53073e+01
110	0	74	0	2	3	4.87666e-03	-6.50749e-01	1.62016e+01
110	0	75	0	2	3	4.22522e-03	-5.87096e-01	1.52763e+01
110	0	76	0	2	3	3.72531e-03	-5.59999e-01	1.36127e+01
110	0	77	0	2	3	3.86330e-03	-5.63678e-01	1.52188e+01
110	0	78	0	2	3	4.58764e-03	-6.29666e-01	1.51710e+01
110	0	79	0	2	3	4.41902e-03	-6.01697e-01	1.54904e+01
110	0	80	0	2	3	4.24189e-03	-5.94591e-01	1.52340e+01
110	0	81	0	2	3	3.96619e-03	-5.61449e-01	1.47569e+01
110	0	82	0	2	3	4.48919e-03	-6.11066e-01	1.50647e+01
110	0	83	0	2	3	4.96844e-03	-6.44672e-01	1.61678e+01
110	0	84	0	2	3	3.53428e-03	-5.43066e-01	1.37781e+01
110	0	85	0	2	3	4.09281e-03	-5.76956e-01	1.54249e+01
110	0	86	0	2	3	4.85489e-03	-6.51208e-01	1.55449e+01
110	0	87	0	2	3	4.54099e-03	-6.24691e-01	1.66748e+01
110	0	88	0	2	3	3.78167e-03	-5.57317e-01	1.43705e+01
110	0	89	0	2	3	4.57041e-03	-6.17362e-01	1.57946e+01
110	0	90	0	2	3	4.02549e-03	-5.81850e-01	1.39960e+01
110	0	91	0	2	3	4.79858e-03	-6.38685e-01	1.57244e+01
110	0	92	0	2	3	3.96723e-03	-5.88901e-01	1.50648e+01
110	0	93	0	2	3	4.02788e-03	-5.74437e-01	1.47246e+01
110	0	94	0	2	3	4.71468e-03	-6.51860e-01	1.71762e+01
110	0	95	0	2	3	4.17875e-03	-5.94454e-01	1.58023e+01
110	0	96	0	2	3	3.90788e-03	-5.85176e-01	1.46462e+01
110	0	97	0	2	3	3.90933e-03	-5.64577e-01	1.52727e+01
110	0	98	0	2	3	4.54219e-03	-6.31771e-01	1.54102e+01
110	0	99	0	2	3	4.48402e-03	-6.05009e-01	1.56562e+01
110	0	100	0	2	3	3.74388e-03	-5.62305e-01	1.46280e+01
110	0	101	0	2	3	3.52992e-03	-5.38220e-01	1.47354e+01
110	0	102	0	2	3	4.73408e-03	-6.38841e-01	1.62793e+01
110	0	103	0	2	3	4.69925e-03	-6.28261e-01	1.59385e+01
110	0	104	0	2	3	3.96599e-03	-5.80914e-01	1.41130e+01
110	0	105	0	2	3	4.12821e-03	-5.79649e-01	1.48913e+01
110	0	106	0	2	3	4.18306e-03	-5.96803e-01	1.54617e+01
110	0	107	0	2	3	4.68804e-03	-6.20996e-01	1.51532e+01
110	0	108	0	2	3	4.03158e-03	-5.87115e-01	1.50629e+01
110	0	109	0	2	3	4.25443e-03	-5.96679e-01	1.52204e+01
110	0	110	0	2	3	3.89423e-03	-5.78037e-01	1.49190e+01
110	0	111	0	2	3	4.45078e-03	-6.18373e-01	1.57416e+01
110	0	112	0	2	3	3.96146e-03	-5.71225e-01	1.34483e+01
110	0	113	0	2	3	4.55447e-03	-6.12335e-01	1.53782e+01
110	0	114	0	2	3	4.84794e-03	-6.44941e-01	1.61596e+01
110	0	115	0	2	3	4.47549e-03	-6.09840e-01	1.53602e+01
110	0	116	0	2	3	3.42182e-03	-5.46279e-01	1.40462e+01
110	0	117	0	2	3	4.26978e-03	-5.95721e-01	1.61350e+01
110	0	118	0	2	3	3.90667e-03	-5.84088e-01	1.53961e+01
110	0	119	0	2	3	4.56076e-03	-6.03000e-01	1.41786e+01
110	0	120	0	2	3	3.99431e-03	-5.93197e-01	1.50515e+01
110	0	121	0	2	3	4.57538e-03	-6.08569e-01	1.39009e+01
110	0	122	0	2	3	4.41451e-03	-6.13678e-01	1.63658e+01
110	0	123	0	2	3	4.63121e-03	-6.16920e-01	1.57490e+01
110	0	124	0	2	3	4.66995e-03	-6.24631e-01	1.58821e+01
110	0	125	0	2	3	3.86050e-03	-5.58807e-01	1.24669e+01
110	0	126	0	2	3	5.21707e-03	-6.66286e-01	1.60793e+01
110	0	127	0	2	3	3.78407e-03	-5.60527e-01	1.45420e+01
110	0	128	0	2	3	4.59726e-03	-6.57258e-01	1.73387e+01
110	0	129	0	2	3	3.13288e-03	-5.44177e-01	1.49461e+01
110	0	130	0	2	3	3.36237e-03	-5.67114e-01	1.57731e+01
110	0	131	0	2	3	1.49218e-03	-3.96066e-01	1.20135e+01
110	0	132	0	2	3	3.49049e-03	-5.57872e-01	1.56068e+01
110	0	133	0	2	3	4.03468e-03	-5.89842e-01	1.57032e+01
110	0	134	0	2	3	3.83411e-03	-5.87878e-01	1.56293e+01
110	0	135	0	2	3	-3.08795e-03	-7.23451e-02	5.75913e+00
110	0	136	0	2	3	5.32632e-03	-6.86811e-01	1.66475e+01
110	0	137	0	2	3	2.04212e-03	-4.59076e-01	1.38912e+01
110	0	138	0	2	3	-1.26254e-04	-2.78974e-01	1.00583e+01
110	0	139	0	2	3	1.35012e-03	-4.02224e-01	1.12197e+01
110	0	140	0	2	3	2.27703e-03	-4.71134e-01	1.41042e+01
110	0	141	0	2	3	3.87422e-03	-5.90895e-01	1.50636e+01
110	0	142	0	2	3	-2.49710e-03	-1.07645e-01	6.58010e+00
110	0	143	0	2	3	-1.82094e-03	-1.57549e-01	7.32339e+00
110	0	144	0	2	3	3.77112e-03	-5.51002e-01	1.35308e+01
110	0	145	0	2	3	3.07008e-03	-5.06035e-01	1.29189e+01
110	0	146	0	2	3	7.80880e-03	-8.72808e-01	2.07117e+01
110	0	147	0	2	3	9.15634e-04	-3.55919e-01	1.14675e+01
110	0	148	0	2	3	4.45184e-03	-6.29505e-01	1.56916e+01
110	0	149	0	2	3	-1.18558e-02	6.13760e-01	-6.81609e+00
110	0	150	0	2	3	3.68499e-03	-5.89069e-01	1.62242e+01
110	0	151	0	2	3	1.39974e-03	-4.01547e-01	1.21132e+01
110	0	152	0	2	3	2.74481e-03	-4.83398e-01	1.39915e+01
110	0	153	0	2	3	2.81535e-03	-5.05310e-01	1.42719e+01
110	0	154	0	2	3	2.35701e-03	-4.66830e-01	1.28068e+01
110	0	155	0	2	3	4.57681e-03	-6.22688e-01	1.44072e+01
110	0	156	0	2	3	2.08263e-03	-4.33988e-01	1.25410e+01
110	0	157	0	2	3	-1.17358e-02	6.57110e-01	-8.67824e+00
110	0	158	0	2	3	1.37607e-03	-4.23412e-01	1.27108e+01
110	0	159	0	2	3	4.59735e-03	-6.49146e-01	1.67821e+01
#######################################################################
# BFT D                                                               #
#######################################################################
110	1	0	0	2	3	2.56750e-03	-4.64931e-01	1.44654e+01
110	1	1	0	2	3	2.51795e-03	-4.71124e-01	1.42803e+01
110	1	2	0	2	3	3.92596e-03	-5.80512e-01	1.58517e+01
110	1	3	0	2	3	4.23216e-04	-3.08380e-01	1.16050e+01
110	1	4	0	2	3	2.71490e-03	-4.90072e-01	1.41889e+01
110	1	5	0	2	3	2.42169e-03	-4.65660e-01	1.47109e+01
110	1	6	0	2	3	3.31176e-03	-5.36539e-01	1.39175e+01
110	1	7	0	2	3	2.55491e-03	-4.76225e-01	1.44209e+01
110	1	8	0	2	3	4.15396e-03	-5.90218e-01	1.61792e+01
110	1	9	0	2	3	-1.43869e-03	-1.77531e-01	1.03044e+01
110	1	10	0	2	3	3.40882e-03	-5.35786e-01	1.49975e+01
110	1	11	0	2	3	3.34358e-03	-5.37143e-01	1.54058e+01
110	1	12	0	2	3	3.81828e-03	-5.70250e-01	1.50330e+01
110	1	13	0	2	3	3.14157e-03	-5.14552e-01	1.55508e+01
110	1	14	0	2	3	4.85835e-03	-6.49577e-01	1.62844e+01
110	1	15	0	2	3	3.17994e-03	-5.12937e-01	1.53414e+01
110	1	16	0	2	3	3.56187e-03	-5.45774e-01	1.45703e+01
110	1	17	0	2	3	3.28154e-03	-5.21223e-01	1.47987e+01
110	1	18	0	2	3	4.63084e-03	-6.24388e-01	1.53835e+01
110	1	19	0	2	3	5.00527e-03	-6.53037e-01	1.76288e+01
110	1	20	0	2	3	3.34803e-03	-5.44577e-01	1.51021e+01
110	1	21	0	2	3	2.80778e-03	-4.93934e-01	1.57596e+01
110	1	22	0	2	3	4.14270e-03	-5.87537e-01	1.52883e+01
110	1	23	0	2	3	3.68849e-03	-5.43030e-01	1.56613e+01
110	1	24	0	2	3	3.45415e-03	-5.47359e-01	1.56696e+01
110	1	25	0	2	3	3.56583e-03	-5.41785e-01	1.58602e+01
110	1	26	0	2	3	4.22101e-03	-6.00654e-01	1.54329e+01
110	1	27	0	2	3	3.98531e-03	-5.71846e-01	1.70899e+01
110	1	28	0	2	3	3.68719e-03	-5.65252e-01	1.58663e+01
110	1	29	0	2	3	3.26762e-03	-5.23367e-01	1.57415e+01
110	1	30	0	2	3	3.92831e-03	-5.77713e-01	1.52825e+01
110	1	31	0	2	3	4.60027e-03	-6.29418e-01	1.78442e+01
110	1	32	0	2	3	3.28325e-03	-5.34255e-01	1.57797e+01
110	1	33	0	2	3	3.32509e-03	-5.34788e-01	1.49518e+01
110	1	34	0	2	3	4.23831e-03	-5.90445e-01	1.49595e+01
110	1	35	0	2	3	3.89442e-03	-5.79741e-01	1.69477e+01
110	1	36	0	2	3	3.90195e-03	-5.70288e-01	1.59013e+01
110	1	37	0	2	3	3.72245e-03	-5.53122e-01	1.44297e+01
110	1	38	0	2	3	4.21522e-03	-5.94916e-01	1.65228e+01
110	1	39	0	2	3	4.22690e-03	-5.89525e-01	1.60526e+01
110	1	40	0	2	3	4.05515e-03	-5.79894e-01	1.49154e+01
110	1	41	0	2	3	3.56602e-03	-5.38741e-01	1.55201e+01
110	1	42	0	2	3	4.03027e-03	-5.74642e-01	1.52980e+01
110	1	43	0	2	3	4.33425e-03	-5.99839e-01	1.74623e+01
110	1	44	0	2	3	3.84981e-03	-5.71175e-01	1.49321e+01
110	1	45	0	2	3	3.73835e-03	-5.57397e-01	1.61545e+01
110	1	46	0	2	3	4.12183e-03	-5.93192e-01	1.53078e+01
110	1	47	0	2	3	4.09786e-03	-6.02038e-01	1.79619e+01
110	1	48	0	2	3	4.04757e-03	-5.79958e-01	1.56963e+01
110	1	49	0	2	3	3.62113e-03	-5.44932e-01	1.61608e+01
110	1	50	0	2	3	4.12534e-03	-5.90641e-01	1.49238e+01
110	1	51	0	2	3	4.42590e-03	-6.10130e-01	1.70714e+01
110	1	52	0	2	3	4.21509e-03	-6.04857e-01	1.54750e+01
110	1	53	0	2	3	3.38151e-03	-5.31677e-01	1.59139e+01
110	1	54	0	2	3	4.45959e-03	-6.19865e-01	1.66455e+01
110	1	55	0	2	3	3.77931e-03	-5.61183e-01	1.62642e+01
110	1	56	0	2	3	3.91852e-03	-5.88173e-01	1.52660e+01
110	1	57	0	2	3	3.76367e-03	-5.62647e-01	1.60410e+01
110	1	58	0	2	3	4.02467e-03	-5.99493e-01	1.74095e+01
110	1	59	0	2	3	4.44078e-03	-6.22566e-01	1.84529e+01
110	1	60	0	2	3	3.99972e-03	-5.86613e-01	1.59375e+01
110	1	61	0	2	3	4.02204e-03	-5.68194e-01	1.55955e+01
110	1	62	0	2	3	4.09384e-03	-5.87456e-01	1.48416e+01
110	1	63	0	2	3	3.91933e-03	-5.73882e-01	1.65344e+01
110	1	64	0	2	3	4.08361e-03	-5.92332e-01	1.63776e+01
110	1	65	0	2	3	4.09325e-03	-5.86641e-01	1.60785e+01
110	1	66	0	2	3	5.03769e-03	-6.66954e-01	1.64260e+01
110	1	67	0	2	3	4.41803e-03	-6.11395e-01	1.55857e+01
110	1	68	0	2	3	3.43595e-03	-5.35915e-01	1.37390e+01
110	1	69	0	2	3	4.20686e-03	-5.93412e-01	1.62295e+01
110	1	70	0	2	3	4.09039e-03	-5.92345e-01	1.61563e+01
110	1	71	0	2	3	4.27781e-03	-6.07542e-01	1.67730e+01
110	1	72	0	2	3	3.67303e-03	-5.57955e-01	1.50465e+01
110	1	73	0	2	3	4.07665e-03	-5.90178e-01	1.69318e+01
110	1	74	0	2	3	4.29393e-03	-6.01265e-01	1.49436e+01
110	1	75	0	2	3	4.30218e-03	-6.07042e-01	1.61548e+01
110	1	76	0	2	3	3.70009e-03	-5.60136e-01	1.48977e+01
110	1	77	0	2	3	3.89698e-03	-5.79847e-01	1.57421e+01
110	1	78	0	2	3	4.27387e-03	-6.04848e-01	1.50362e+01
110	1	79	0	2	3	4.20622e-03	-5.95189e-01	1.58215e+01
110	1	80	0	2	3	4.15849e-03	-5.89687e-01	1.52640e+01
110	1	81	0	2	3	3.98874e-03	-5.76323e-01	1.47846e+01
110	1	82	0	2	3	4.30333e-03	-6.05477e-01	1.65227e+01
110	1	83	0	2	3	4.55290e-03	-6.07776e-01	1.55673e+01
110	1	84	0	2	3	3.69669e-03	-5.48776e-01	1.40031e+01
110	1	85	0	2	3	3.97341e-03	-5.74887e-01	1.50270e+01
110	1	86	0	2	3	4.24814e-03	-6.01628e-01	1.61855e+01
110	1	87	0	2	3	4.03398e-03	-5.72976e-01	1.37099e+01
110	1	88	0	2	3	3.81886e-03	-5.72620e-01	1.54957e+01
110	1	89	0	2	3	3.95878e-03	-5.80336e-01	1.48379e+01
110	1	90	0	2	3	4.03058e-03	-5.85656e-01	1.48212e+01
110	1	91	0	2	3	3.97821e-03	-5.75342e-01	1.55686e+01
110	1	92	0	2	3	3.47080e-03	-5.38301e-01	1.43770e+01
110	1	93	0	2	3	3.92566e-03	-5.72897e-01	1.51926e+01
110	1	94	0	2	3	4.24995e-03	-6.04566e-01	1.63417e+01
110	1	95	0	2	3	4.12969e-03	-5.93580e-01	1.52888e+01
110	1	96	0	2	3	3.69530e-03	-5.57526e-01	1.44175e+01
110	1	97	0	2	3	3.73052e-03	-5.57763e-01	1.53151e+01
110	1	98	0	2	3	4.26090e-03	-6.18914e-01	1.69265e+01
110	1	99	0	2	3	4.52270e-03	-6.14287e-01	1.56319e+01
110	1	100	0	2	3	3.65214e-03	-5.45078e-01	1.46750e+01
110	1	101	0	2	3	3.92036e-03	-5.69154e-01	1.53539e+01
110	1	102	0	2	3	4.46931e-03	-6.25512e-01	1.61890e+01
110	1	103	0	2	3	4.31629e-03	-6.01747e-01	1.53718e+01
110	1	104	0	2	3	4.03558e-03	-5.81792e-01	1.53149e+01
110	1	105	0	2	3	4.11613e-03	-5.85319e-01	1.54497e+01
110	1	106	0	2	3	4.73236e-03	-6.42222e-01	1.72433e+01
110	1	107	0	2	3	4.99434e-03	-6.49319e-01	1.63209e+01
110	1	108	0	2	3	3.45026e-03	-5.43508e-01	1.54438e+01
110	1	109	0	2	3	3.39665e-03	-5.42026e-01	1.53463e+01
110	1	110	0	2	3	4.80413e-03	-6.44791e-01	1.64772e+01
110	1	111	0	2	3	3.98257e-03	-5.88713e-01	1.66771e+01
110	1	112	0	2	3	3.77611e-03	-5.65336e-01	1.48677e+01
110	1	113	0	2	3	4.42799e-03	-6.10339e-01	1.59894e+01
110	1	114	0	2	3	4.61743e-03	-6.33099e-01	1.59036e+01
110	1	115	0	2	3	4.49875e-03	-6.16929e-01	1.58077e+01
110	1	116	0	2	3	3.51377e-03	-5.47819e-01	1.47207e+01
110	1	117	0	2	3	3.75390e-03	-5.64850e-01	1.51854e+01
110	1	118	0	2	3	4.22512e-03	-5.98354e-01	1.47136e+01
110	1	119	0	2	3	4.61628e-03	-6.22275e-01	1.62245e+01
110	1	120	0	2	3	3.55861e-03	-5.49907e-01	1.44753e+01
110	1	121	0	2	3	4.49079e-03	-6.07839e-01	1.55770e+01
110	1	122	0	2	3	3.71979e-03	-5.70310e-01	1.62865e+01
110	1	123	0	2	3	4.03925e-03	-5.95988e-01	1.71530e+01
110	1	124	0	2	3	4.58326e-03	-6.15978e-01	1.52211e+01
110	1	125	0	2	3	3.41775e-03	-5.49309e-01	1.51930e+01
110	1	126	0	2	3	4.54689e-03	-6.18044e-01	1.59464e+01
110	1	127	0	2	3	4.74099e-03	-6.30803e-01	1.61922e+01
110	1	128	0	2	3	4.98982e-03	-6.76266e-01	1.77754e+01
110	1	129	0	2	3	4.55563e-03	-6.50601e-01	1.73642e+01
110	1	130	0	2	3	4.48998e-03	-6.31892e-01	1.58886e+01
110	1	131	0	2	3	5.04853e-03	-6.58501e-01	1.66613e+01
110	1	132	0	2	3	6.83867e-03	-8.14935e-01	2.05195e+01
110	1	133	0	2	3	3.82465e-03	-5.69567e-01	1.48607e+01
110	1	134	0	2	3	5.33046e-03	-6.88559e-01	1.78401e+01
110	1	135	0	2	3	3.33630e-03	-5.29502e-01	1.45141e+01
110	1	136	0	2	3	4.84740e-03	-6.63973e-01	1.78688e+01
110	1	137	0	2	3	4.83437e-03	-6.51984e-01	1.69765e+01
110	1	138	0	2	3	3.60262e-03	-5.51570e-01	1.46730e+01
110	1	139	0	2	3	7.59058e-03	-8.33711e-01	1.99905e+01
110	1	140	0	2	3	7.56152e-03	-8.59887e-01	2.04866e+01
110	1	141	0	2	3	5.02364e-03	-6.65560e-01	1.67148e+01
110	1	142	0	2	3	3.52024e-03	-5.49801e-01	1.43741e+01
110	1	143	0	2	3	1.41312e-03	-4.07821e-01	1.29063e+01
110	1	144	0	2	3	-3.45750e-04	-2.88423e-01	1.14008e+01
110	1	145	0	2	3	2.36144e-03	-4.57307e-01	1.30884e+01
110	1	146	0	2	3	3.60551e-03	-5.70425e-01	1.53061e+01
110	1	147	0	2	3	5.37911e-03	-6.65033e-01	1.56760e+01
110	1	148	0	2	3	5.34314e-03	-6.94483e-01	1.70915e+01
110	1	149	0	2	3	2.22951e-03	-4.68248e-01	1.41641e+01
110	1	150	0	2	3	2.63026e-03	-4.79017e-01	1.38299e+01
110	1	151	0	2	3	8.63980e-03	-9.28337e-01	2.16104e+01
110	1	152	0	2	3	-8.62675e-03	4.09564e-01	-3.11623e+00
110	1	153	0	2	3	1.59262e-03	-3.92751e-01	1.24437e+01
110	1	154	0	2	3	3.63698e-03	-5.83177e-01	1.62611e+01
110	1	155	0	2	3	-1.30730e-03	-1.92197e-01	7.12081e+00
110	1	156	0	2	3	6.78672e-03	-7.81187e-01	1.91065e+01
110	1	157	0	2	3	5.62677e-03	-7.10951e-01	1.86311e+01
110	1	158	0	2	3	-8.05678e-04	-2.41700e-01	1.01600e+01
110	1	159	0	2	3	-1.99611e-03	-1.30060e-01	8.08358e+00
