##
#  file: HodoPHCParam_Dummy
#  date: 2016.06.15
#  note: first version
#
#
#######################################################################
# CId	PlId	Seg	UorD	Type	nParam	p0	p1	...
#
#	Type=0 no correction will be performed
#	Type=1 ct=t-p[0]/sqrt(a-p[1])+p[2]
#	Type=2 ct=p[0]*a*a + p[1]*a + p[2] for Fiber
#
#######################################################################
# BH1 Up                                                              #
#######################################################################
1	0	0	0	1	3	9.72882e+01	-2.42381e+01	1.93388e+01
1	0	1	0	1	3	8.39811e-01	2.30870e-01	9.07677e-01
1	0	2	0	1	3	7.96271e-01	2.02772e-01	8.76313e-01
1	0	3	0	1	3	1.24269e+00	-1.47574e-01	1.19840e+00
1	0	4	0	1	3	1.09931e+00	-7.72769e-02	1.08260e+00
1	0	5	0	1	3	1.05845e+00	1.40683e-01	1.18835e+00
1	0	6	0	1	3	1.24845e+00	-7.32092e-02	1.22011e+00
1	0	7	0	1	3	1.38494e+00	-1.69323e-01	1.29113e+00
1	0	8	0	1	3	1.12943e+00	-1.85789e-01	1.05048e+00
1	0	9	0	1	3	1.39270e+00	-1.82072e-01	1.30041e+00
1	0	10	0	1	3	1.71493e+02	-3.15885e+01	3.00372e+01
#######################################################################
# BH1 Down                                                            #
#######################################################################
1	0	0	1	1	3	1.69589e+00	-2.63702e-01	1.46458e+00
1	0	1	1	1	3	6.65147e-01	3.06785e-01	7.74182e-01
1	0	2	1	1	3	1.69164e+00	-4.50471e-01	1.36238e+00
1	0	3	1	1	3	7.14482e+01	-2.23619e+01	1.47724e+01
1	0	4	1	1	3	1.42431e+00	-1.84323e-01	1.31423e+00
1	0	5	1	1	3	1.48351e+00	-1.17877e-01	1.40777e+00
1	0	6	1	1	3	1.64799e+00	-3.01989e-01	1.48452e+00
1	0	7	1	1	3	1.48685e+00	-1.75507e-01	1.38619e+00
1	0	8	1	1	3	5.71792e-01	2.68423e-01	6.99614e-01
1	0	9	1	1	3	1.07020e+00	4.47097e-02	1.11772e+00
1	0	10	1	1	3	5.19525e-01	3.65790e-01	6.45791e-01
#######################################################################
# BH2 Up                                                              #
#######################################################################
2	0	0	0	1	3	1.12115e-01	3.35357e-01	1.33957e-01
2	0	1	0	1	3	4.23202e-01	6.01088e-02	4.32756e-01
2	0	2	0	1	3	4.01076e-01	4.56070e-02	4.03148e-01
2	0	3	0	1	3	3.85284e-01	5.67440e-02	3.98101e-01
2	0	4	0	1	3	2.66200e-01	1.48660e-01	2.92941e-01
2	0	5	0	1	3	1.66891e-01	2.88043e-01	2.06447e-01
2	0	6	0	1	3	1.71542e-01	2.55850e-01	2.12138e-01
2	0	7	0	1	3	1.96083e-01	2.29490e-01	2.30246e-01
#######################################################################
# BH2 Down                                                            #
#######################################################################
2	0	0	1	1	3	1.86082e-01	2.04597e-01	2.06299e-01
2	0	1	1	1	3	3.69447e-01	6.07075e-02	3.67987e-01
2	0	2	1	1	3	4.36704e-01	5.29092e-03	4.17610e-01
2	0	3	1	1	3	5.05110e-01	-2.36197e-01	4.33924e-01
2	0	4	1	1	3	3.34198e-01	6.07922e-02	3.30964e-01
2	0	5	1	1	3	2.71316e-01	1.29618e-01	2.74971e-01
2	0	6	1	1	3	4.51400e-01	-3.05140e-02	4.20447e-01
2	0	7	1	1	3	2.11967e-01	8.42464e-02	2.22906e-01
#######################################################################
# BAC                                                                 #
#######################################################################
3	0	0	0	1	3	0.00000e+00	0.00000e+00	0.00000e+00
3	0	1	0	1	3	0.00000e+00	0.00000e+00	0.00000e+00
#######################################################################
# FBH Up                                                              #
#######################################################################
4	0	0	0	2	3	-5.62952e-03	8.96903e-01	-3.53273e+01
4	0	1	0	2	3	-4.29399e-03	7.37975e-01	-3.00049e+01
4	0	2	0	2	3	-5.26894e-03	8.67305e-01	-3.38992e+01
4	0	3	0	2	3	-3.80183e-03	6.69237e-01	-2.72260e+01
4	0	4	0	2	3	-4.35014e-03	7.35785e-01	-2.92008e+01
4	0	5	0	2	3	-4.02541e-03	6.86907e-01	-2.70312e+01
4	0	6	0	2	3	-4.16660e-03	7.08229e-01	-2.81512e+01
4	0	7	0	2	3	-3.93117e-03	6.84759e-01	-2.69101e+01
4	0	8	0	2	3	-4.14423e-03	6.96902e-01	-2.65883e+01
4	0	9	0	2	3	-2.83372e-03	5.62925e-01	-2.20787e+01
4	0	10	0	2	3	-4.07944e-03	7.09420e-01	-2.75603e+01
4	0	11	0	2	3	-3.50961e-03	6.50113e-01	-2.64167e+01
4	0	12	0	2	3	-3.52415e-03	6.49734e-01	-2.67232e+01
4	0	13	0	2	3	-4.13420e-03	7.26957e-01	-2.99675e+01
4	0	14	0	2	3	-4.90315e-03	8.27563e-01	-3.35630e+01
4	0	15	0	2	3	-4.73048e-03	8.13189e-01	-3.31901e+01
#######################################################################
# FBH Down                                                            #
#######################################################################
4	0	0	1	2	3	-5.62952e-03	8.96903e-01	-3.53273e+01
4	0	1	1	2	3	-4.29399e-03	7.37975e-01	-3.00049e+01
4	0	2	1	2	3	-5.26894e-03	8.67305e-01	-3.38992e+01
4	0	3	1	2	3	-3.80183e-03	6.69237e-01	-2.72260e+01
4	0	4	1	2	3	-4.35014e-03	7.35785e-01	-2.92008e+01
4	0	5	1	2	3	-4.02541e-03	6.86907e-01	-2.70312e+01
4	0	6	1	2	3	-4.16660e-03	7.08229e-01	-2.81512e+01
4	0	7	1	2	3	-3.93117e-03	6.84759e-01	-2.69101e+01
4	0	8	1	2	3	-4.14423e-03	6.96902e-01	-2.65883e+01
4	0	9	1	2	3	-2.83372e-03	5.62925e-01	-2.20787e+01
4	0	10	1	2	3	-4.07944e-03	7.09420e-01	-2.75603e+01
4	0	11	1	2	3	-3.50961e-03	6.50113e-01	-2.64167e+01
4	0	12	1	2	3	-3.52415e-03	6.49734e-01	-2.67232e+01
4	0	13	1	2	3	-4.13420e-03	7.26957e-01	-2.99675e+01
4	0	14	1	2	3	-4.90315e-03	8.27563e-01	-3.35630e+01
4	0	15	1	2	3	-4.73048e-03	8.13189e-01	-3.31901e+01
#######################################################################
# PVAC                                                                #
#######################################################################
5	0	0	0	1	3	0.00000e+00	0.00000e+00	0.00000e+00
#######################################################################
# FAC                                                                 #
#######################################################################
6	0	0	0	1	3	0.00000e+00	0.00000e+00	0.00000e+00
#######################################################################
# SCH                                                                 #
#######################################################################
#7	0	0	0	2	3	-0.00500000	0.821213	-32.185321
#7	0	1	0	2	3	-0.00500000	0.830248	-32.269563
#7	0	2	0	2	3	-0.00500000	0.793073	-29.315934
#7	0	3	0	2	3	-0.00500000	0.772144	-28.276705
#7	0	4	0	2	3	-0.00500000	0.801968	-30.687167
#7	0	5	0	2	3	-0.00500000	0.778300	-28.439251
#7	0	6	0	2	3	-0.00500000	0.765872	-27.918181
#7	0	7	0	2	3	-0.00500000	0.738459	-26.016797
#7	0	8	0	2	3	-0.00500000	0.778318	-28.676371
#7	0	9	0	2	3	-0.00500000	0.776670	-28.892887
#7	0	10	0	2	3	-0.00500000	0.764278	-28.122474
#7	0	11	0	2	3	-0.00500000	0.790742	-29.423647
#7	0	12	0	2	3	-0.00500000	0.811330	-30.487019
#7	0	13	0	2	3	-0.00500000	0.818750	-30.891512
#7	0	14	0	2	3	-0.00500000	0.802541	-30.009136
#7	0	15	0	2	3	-0.00500000	0.809525	-30.751746
#7	0	16	0	2	3	-0.00500000	0.802597	-30.845509
#7	0	17	0	2	3	-0.00500000	0.835028	-32.780792
#7	0	18	0	2	3	-0.00500000	0.859176	-33.938731
#7	0	19	0	2	3	-0.00500000	0.814851	-31.445396
#7	0	20	0	2	3	-0.00500000	0.809426	-30.781087
#7	0	21	0	2	3	-0.00500000	0.780678	-28.888756
#7	0	22	0	2	3	-0.00500000	0.808206	-30.719604
#7	0	23	0	2	3	-0.00500000	0.774024	-27.858339
#7	0	24	0	2	3	-0.00500000	0.794308	-29.022101
#7	0	25	0	2	3	-0.00500000	0.775649	-27.980186
#7	0	26	0	2	3	-0.00500000	0.788483	-28.687567
#7	0	27	0	2	3	-0.00466315	0.771386	-29.253260
#7	0	28	0	2	3	-0.00483132	0.790854	-28.637741
#7	0	29	0	2	3	-0.00497049	0.812994	-30.786914
#7	0	30	0	2	3	-0.00500000	0.787793	-28.362716
#7	0	31	0	2	3	-0.00500000	0.790759	-28.876812
#7	0	32	0	2	3	-0.00500000	0.824826	-31.655285
#7	0	33	0	2	3	-0.00500000	0.845304	-33.407765
#7	0	34	0	2	3	-0.00500000	0.832263	-32.939799
#7	0	35	0	2	3	-0.00500000	0.820631	-31.695372
#7	0	36	0	2	3	-0.00500000	0.836997	-33.200590
#7	0	37	0	2	3	-0.00500000	0.819690	-32.097193
#7	0	38	0	2	3	-0.00500000	0.808109	-31.263214
#7	0	39	0	2	3	-0.00500000	0.815224	-31.135523
#7	0	40	0	2	3	-0.00500000	0.803398	-29.897923
#7	0	41	0	2	3	-0.00500000	0.815685	-31.165519
#7	0	42	0	2	3	-0.00500000	0.812980	-30.737261
#7	0	43	0	2	3	-0.00500000	0.829418	-32.693307
#7	0	44	0	2	3	-0.00500000	0.789530	-29.464920
#7	0	45	0	2	3	-0.00500000	0.804789	-31.208151
#7	0	46	0	2	3	-0.00500000	0.830106	-32.806514
#7	0	47	0	2	3	-0.00500000	0.819206	-31.373242
#7	0	48	0	2	3	-0.00500000	0.816165	-31.709319
#7	0	49	0	2	3	-0.00500000	0.798496	-30.201709
#7	0	50	0	2	3	-0.00500000	0.812167	-31.795745
#7	0	51	0	2	3	-0.00500000	0.810749	-31.375226
#7	0	52	0	2	3	-0.00500000	0.803385	-31.372512
#7	0	53	0	2	3	-0.00500000	0.777405	-29.262831
#7	0	54	0	2	3	-0.00500000	0.783954	-29.763410
#7	0	55	0	2	3	-0.00500000	0.789443	-29.976449
#7	0	56	0	2	3	-0.00500000	0.838828	-33.261086
#7	0	57	0	2	3	-0.00500000	0.804421	-30.573195
#7	0	58	0	2	3	-0.00500000	0.773283	-29.111048
#7	0	59	0	2	3	-0.00500000	0.811789	-31.449459
#7	0	60	0	2	3	-0.00500000	0.759724	-28.110014
#7	0	61	0	2	3	-0.00500000	0.810884	-31.379063
#7	0	62	0	2	3	-0.00500000	0.771910	-28.435006
#7	0	63	0	2	3	-0.00500000	0.796658	-30.511906
#######################################################################
# TOF Up                                                              #
#######################################################################
7	0	0	0	1	3	5.24830e+00	-1.96630e+00	2.96170e+00
7	0	1	0	1	3	5.24830e+00	-1.96630e+00	2.96170e+00
7	0	2	0	1	3	5.24830e+00	-1.96630e+00	2.96170e+00
7	0	3	0	1	3	5.24830e+00	-1.96630e+00	2.96170e+00
7	0	4	0	1	3	5.24830e+00	-1.96630e+00	2.96170e+00
7	0	5	0	1	3	5.24830e+00	-1.96630e+00	2.96170e+00
7	0	6	0	1	3	6.97090e+00	-3.03520e+00	3.39910e+00
7	0	7	0	1	3	4.05450e+00	-1.96150e+00	2.30360e+00
7	0	8	0	1	3	1.16940e+02	-2.98600e+01	2.09880e+01
7	0	9	0	1	3	5.24830e+00	-1.96630e+00	2.96170e+00
7	0	10	0	1	3	5.24830e+00	-1.96630e+00	2.96170e+00
7	0	11	0	1	3	5.24830e+00	-1.96630e+00	2.96170e+00
7	0	12	0	1	3	5.24830e+00	-1.96630e+00	2.96170e+00
7	0	13	0	1	3	5.24830e+00	-1.96630e+00	2.96170e+00
7	0	14	0	1	3	5.24830e+00	-1.96630e+00	2.96170e+00
7	0	15	0	1	3	5.24830e+00	-1.96630e+00	2.96170e+00
7	0	16	0	1	3	5.24830e+00	-1.96630e+00	2.96170e+00
7	0	17	0	1	3	5.24830e+00	-1.96630e+00	2.96170e+00
7	0	18	0	1	3	5.24830e+00	-1.96630e+00	2.96170e+00
7	0	19	0	1	3	7.11491e-01	1.85180e-03	5.82402e-01
7	0	20	0	1	3	5.59404e-01	-1.73810e-03	4.50716e-01
7	0	21	0	1	3	8.92499e-01	1.99900e-03	7.37364e-01
7	0	22	0	1	3	6.37553e-01	1.99960e-03	5.45449e-01
7	0	23	0	1	3	1.19210e+00	1.98920e-03	9.99994e-01
#######################################################################
# TOF Down                                                            #
#######################################################################
7	0	0	1	1	3	5.84300e+00	-2.30730e+00	3.11320e+00
7	0	1	1	1	3	5.84300e+00	-2.30730e+00	3.11320e+00
7	0	2	1	1	3	5.84300e+00	-2.30730e+00	3.11320e+00
7	0	3	1	1	3	5.84300e+00	-2.30730e+00	3.11320e+00
7	0	4	1	1	3	5.84300e+00	-2.30730e+00	3.11320e+00
7	0	5	1	1	3	5.84300e+00	-2.30730e+00	3.11320e+00
7	0	6	1	1	3	1.41330e+01	-5.81170e+00	5.32680e+00
7	0	7	1	1	3	7.84850e+01	-2.02870e+01	1.69500e+01
7	0	8	1	1	3	2.20240e+02	-3.62440e+01	3.60080e+01
7	0	9	1	1	3	5.84300e+00	-2.30730e+00	3.11320e+00
7	0	10	1	1	3	5.84300e+00	-2.30730e+00	3.11320e+00
7	0	11	1	1	3	5.84300e+00	-2.30730e+00	3.11320e+00
7	0	12	1	1	3	5.84300e+00	-2.30730e+00	3.11320e+00
7	0	13	1	1	3	5.84300e+00	-2.30730e+00	3.11320e+00
7	0	14	1	1	3	5.84300e+00	-2.30730e+00	3.11320e+00
7	0	15	1	1	3	5.84300e+00	-2.30730e+00	3.11320e+00
7	0	16	1	1	3	5.84300e+00	-2.30730e+00	3.11320e+00
7	0	17	1	1	3	5.84300e+00	-2.30730e+00	3.11320e+00
7	0	18	1	1	3	5.84300e+00	-2.30730e+00	3.11320e+00
7	0	19	1	1	3	6.18741e-01	1.99860e-03	4.90831e-01
7	0	20	1	1	3	5.75901e-01	1.04210e-03	4.72509e-01
7	0	21	1	1	3	9.41046e-01	1.99890e-03	7.79357e-01
7	0	22	1	1	3	4.84266e-01	-1.95590e-03	3.99786e-01
7	0	23	1	1	3	8.97714e-01	1.99860e-03	7.56300e-01
#######################################################################
# BFT U                                                               #
#######################################################################
110	0	0	0	2	3	-3.14433e-03	-3.35557e-03	6.57148e+00
110	0	1	0	2	3	-1.72105e-02	1.05998e+00	-1.33759e+01
110	0	2	0	2	3	-6.69697e-03	2.03496e-01	3.72298e+00
110	0	3	0	2	3	-3.08727e-03	-8.79358e-02	7.51596e+00
110	0	4	0	2	3	-1.87336e-04	-2.63115e-01	1.16265e+01
110	0	5	0	2	3	-2.29725e-02	1.49567e+00	-2.15972e+01
110	0	6	0	2	3	4.07425e-03	-5.63139e-01	1.60192e+01
110	0	7	0	2	3	1.02927e-03	-3.38178e-01	1.17980e+01
110	0	8	0	2	3	2.34062e-03	-4.70199e-01	1.51221e+01
110	0	9	0	2	3	-4.18919e-03	5.40482e-02	5.42249e+00
110	0	10	0	2	3	2.06052e-03	-4.35795e-01	1.35905e+01
110	0	11	0	2	3	4.15405e-03	-5.73587e-01	1.60958e+01
110	0	12	0	2	3	3.29617e-03	-5.26880e-01	1.45030e+01
110	0	13	0	2	3	-6.41222e-03	2.27036e-01	2.01072e+00
110	0	14	0	2	3	4.45675e-03	-6.08233e-01	1.67035e+01
110	0	15	0	2	3	4.38147e-03	-6.00151e-01	1.76080e+01
110	0	16	0	2	3	3.69262e-03	-5.50667e-01	1.55476e+01
110	0	17	0	2	3	2.94392e-03	-4.89554e-01	1.50946e+01
110	0	18	0	2	3	3.51256e-03	-5.41400e-01	1.53510e+01
110	0	19	0	2	3	4.76857e-03	-6.21354e-01	1.54582e+01
110	0	20	0	2	3	3.68206e-03	-5.47393e-01	1.58909e+01
110	0	21	0	2	3	5.16999e-03	-6.52897e-01	1.83938e+01
110	0	22	0	2	3	4.99313e-03	-6.48092e-01	1.76633e+01
110	0	23	0	2	3	4.78041e-03	-6.21707e-01	1.75494e+01
110	0	24	0	2	3	4.25949e-03	-5.83936e-01	1.57539e+01
110	0	25	0	2	3	2.96181e-03	-4.85082e-01	1.45678e+01
110	0	26	0	2	3	3.48212e-03	-5.49196e-01	1.61707e+01
110	0	27	0	2	3	4.64361e-03	-6.06208e-01	1.70834e+01
110	0	28	0	2	3	3.24319e-03	-5.18897e-01	1.39321e+01
110	0	29	0	2	3	3.33373e-03	-5.06246e-01	1.48125e+01
110	0	30	0	2	3	3.48503e-03	-5.37714e-01	1.55549e+01
110	0	31	0	2	3	4.13023e-03	-5.80950e-01	1.68898e+01
110	0	32	0	2	3	3.50889e-03	-5.47701e-01	1.61617e+01
110	0	33	0	2	3	3.90952e-03	-5.43065e-01	1.33525e+01
110	0	34	0	2	3	3.71243e-03	-5.51950e-01	1.58359e+01
110	0	35	0	2	3	4.59020e-03	-6.22418e-01	1.76915e+01
110	0	36	0	2	3	4.38011e-03	-5.87750e-01	1.52217e+01
110	0	37	0	2	3	4.04006e-03	-5.74285e-01	1.66594e+01
110	0	38	0	2	3	4.63346e-03	-6.12568e-01	1.62845e+01
110	0	39	0	2	3	4.64128e-03	-6.17223e-01	1.72024e+01
110	0	40	0	2	3	3.75384e-03	-5.47378e-01	1.44944e+01
110	0	41	0	2	3	5.00097e-03	-6.43745e-01	1.77684e+01
110	0	42	0	2	3	3.94445e-03	-5.64169e-01	1.54094e+01
110	0	43	0	2	3	4.08634e-03	-5.85526e-01	1.74126e+01
110	0	44	0	2	3	3.83485e-03	-5.62926e-01	1.60273e+01
110	0	45	0	2	3	3.69163e-03	-5.41683e-01	1.64099e+01
110	0	46	0	2	3	4.61585e-03	-6.28265e-01	1.74501e+01
110	0	47	0	2	3	4.24242e-03	-5.96168e-01	1.76355e+01
110	0	48	0	2	3	3.83384e-03	-5.57502e-01	1.48638e+01
110	0	49	0	2	3	4.06265e-03	-5.69605e-01	1.63560e+01
110	0	50	0	2	3	4.54122e-03	-6.09419e-01	1.71728e+01
110	0	51	0	2	3	4.14241e-03	-5.77492e-01	1.63919e+01
110	0	52	0	2	3	3.66943e-03	-5.43121e-01	1.51494e+01
110	0	53	0	2	3	4.38459e-03	-5.92983e-01	1.65666e+01
110	0	54	0	2	3	4.22084e-03	-5.91765e-01	1.65793e+01
110	0	55	0	2	3	4.84876e-03	-6.31938e-01	1.73485e+01
110	0	56	0	2	3	3.87203e-03	-5.74243e-01	1.62646e+01
110	0	57	0	2	3	4.24851e-03	-5.88449e-01	1.72422e+01
110	0	58	0	2	3	4.31688e-03	-5.99701e-01	1.67829e+01
110	0	59	0	2	3	4.34877e-03	-6.07029e-01	1.78877e+01
110	0	60	0	2	3	4.05773e-03	-5.83174e-01	1.60963e+01
110	0	61	0	2	3	3.26925e-03	-5.15449e-01	1.56316e+01
110	0	62	0	2	3	4.43867e-03	-6.06420e-01	1.67439e+01
110	0	63	0	2	3	4.48019e-03	-6.05404e-01	1.61313e+01
110	0	64	0	2	3	3.92868e-03	-5.75049e-01	1.66187e+01
110	0	65	0	2	3	3.82891e-03	-5.59952e-01	1.64146e+01
110	0	66	0	2	3	4.32374e-03	-6.11939e-01	1.74994e+01
110	0	67	0	2	3	3.91646e-03	-5.68269e-01	1.67599e+01
110	0	68	0	2	3	4.08355e-03	-5.94812e-01	1.65358e+01
110	0	69	0	2	3	3.94233e-03	-5.66972e-01	1.60972e+01
110	0	70	0	2	3	4.64685e-03	-6.39620e-01	1.73181e+01
110	0	71	0	2	3	4.05045e-03	-5.81537e-01	1.68121e+01
110	0	72	0	2	3	3.60831e-03	-5.54928e-01	1.56278e+01
110	0	73	0	2	3	4.22305e-03	-5.97802e-01	1.65907e+01
110	0	74	0	2	3	4.29658e-03	-6.12766e-01	1.68092e+01
110	0	75	0	2	3	4.17440e-03	-5.82975e-01	1.64230e+01
110	0	76	0	2	3	3.66044e-03	-5.53132e-01	1.56786e+01
110	0	77	0	2	3	3.68992e-03	-5.53065e-01	1.62996e+01
110	0	78	0	2	3	4.02959e-03	-5.90020e-01	1.67188e+01
110	0	79	0	2	3	3.79544e-03	-5.58430e-01	1.60011e+01
110	0	80	0	2	3	3.72125e-03	-5.56985e-01	1.58213e+01
110	0	81	0	2	3	3.91349e-03	-5.62207e-01	1.61331e+01
110	0	82	0	2	3	4.38204e-03	-6.01190e-01	1.71088e+01
110	0	83	0	2	3	4.48479e-03	-6.13310e-01	1.69607e+01
110	0	84	0	2	3	3.30806e-03	-5.25330e-01	1.57223e+01
110	0	85	0	2	3	3.73894e-03	-5.54333e-01	1.63719e+01
110	0	86	0	2	3	4.43448e-03	-6.19315e-01	1.72382e+01
110	0	87	0	2	3	4.58527e-03	-6.27694e-01	1.80323e+01
110	0	88	0	2	3	4.34354e-03	-5.93969e-01	1.62596e+01
110	0	89	0	2	3	3.82657e-03	-5.63869e-01	1.61710e+01
110	0	90	0	2	3	4.29937e-03	-6.03807e-01	1.67525e+01
110	0	91	0	2	3	4.77508e-03	-6.36087e-01	1.69872e+01
110	0	92	0	2	3	3.28089e-03	-5.35506e-01	1.63859e+01
110	0	93	0	2	3	3.97968e-03	-5.69278e-01	1.59700e+01
110	0	94	0	2	3	4.38327e-03	-6.23893e-01	1.79319e+01
110	0	95	0	2	3	4.22411e-03	-5.95655e-01	1.71447e+01
110	0	96	0	2	3	4.13201e-03	-5.96930e-01	1.71304e+01
110	0	97	0	2	3	4.70167e-03	-6.24302e-01	1.77470e+01
110	0	98	0	2	3	4.12127e-03	-6.02458e-01	1.72768e+01
110	0	99	0	2	3	4.20278e-03	-5.82257e-01	1.56045e+01
110	0	100	0	2	3	3.85700e-03	-5.71048e-01	1.61863e+01
110	0	101	0	2	3	3.48474e-03	-5.35451e-01	1.60730e+01
110	0	102	0	2	3	4.25733e-03	-6.03922e-01	1.70400e+01
110	0	103	0	2	3	4.13626e-03	-5.94578e-01	1.68901e+01
110	0	104	0	2	3	4.37849e-03	-6.11693e-01	1.70772e+01
110	0	105	0	2	3	4.17842e-03	-5.86824e-01	1.65119e+01
110	0	106	0	2	3	4.35587e-03	-6.10653e-01	1.71161e+01
110	0	107	0	2	3	4.81570e-03	-6.27727e-01	1.66670e+01
110	0	108	0	2	3	3.66264e-03	-5.59825e-01	1.59900e+01
110	0	109	0	2	3	4.07515e-03	-5.83867e-01	1.64550e+01
110	0	110	0	2	3	4.98351e-03	-6.54865e-01	1.76838e+01
110	0	111	0	2	3	5.00789e-03	-6.61115e-01	1.80006e+01
110	0	112	0	2	3	4.42156e-03	-6.02275e-01	1.64288e+01
110	0	113	0	2	3	3.64510e-03	-5.44587e-01	1.56302e+01
110	0	114	0	2	3	4.15554e-03	-5.97955e-01	1.78711e+01
110	0	115	0	2	3	4.73942e-03	-6.23657e-01	1.70171e+01
110	0	116	0	2	3	3.47453e-03	-5.47692e-01	1.64688e+01
110	0	117	0	2	3	4.46930e-03	-6.09352e-01	1.68260e+01
110	0	118	0	2	3	3.50082e-03	-5.50295e-01	1.61619e+01
110	0	119	0	2	3	4.42816e-03	-6.00069e-01	1.57245e+01
110	0	120	0	2	3	3.90447e-03	-5.84863e-01	1.73403e+01
110	0	121	0	2	3	3.52802e-03	-5.36086e-01	1.41766e+01
110	0	122	0	2	3	3.63556e-03	-5.68833e-01	1.73212e+01
110	0	123	0	2	3	4.01135e-03	-5.75718e-01	1.65560e+01
110	0	124	0	2	3	4.49177e-03	-6.09403e-01	1.70699e+01
110	0	125	0	2	3	4.23699e-03	-5.77056e-01	1.41769e+01
110	0	126	0	2	3	4.79291e-03	-6.37948e-01	1.71273e+01
110	0	127	0	2	3	3.86700e-03	-5.60164e-01	1.59551e+01
110	0	128	0	2	3	3.05816e-03	-5.38579e-01	1.65858e+01
110	0	129	0	2	3	3.27601e-03	-5.51609e-01	1.65300e+01
110	0	130	0	2	3	3.68649e-03	-5.96755e-01	1.89494e+01
110	0	131	0	2	3	4.32536e-03	-5.93859e-01	1.69409e+01
110	0	132	0	2	3	3.72318e-03	-5.76448e-01	1.75076e+01
110	0	133	0	2	3	2.90225e-03	-5.02618e-01	1.55632e+01
110	0	134	0	2	3	3.85374e-03	-6.02175e-01	1.76908e+01
110	0	135	0	2	3	2.49989e-03	-4.83776e-01	1.57539e+01
110	0	136	0	2	3	4.25919e-03	-6.05016e-01	1.66833e+01
110	0	137	0	2	3	4.05065e-03	-5.96401e-01	1.77138e+01
110	0	138	0	2	3	2.05488e-03	-4.55132e-01	1.60228e+01
110	0	139	0	2	3	2.38144e-03	-4.81278e-01	1.52273e+01
110	0	140	0	2	3	4.04992e-03	-6.17201e-01	1.85885e+01
110	0	141	0	2	3	2.64760e-03	-4.97417e-01	1.47575e+01
110	0	142	0	2	3	3.88584e-03	-5.87146e-01	1.79485e+01
110	0	143	0	2	3	3.56093e-03	-5.60883e-01	1.61530e+01
110	0	144	0	2	3	3.75476e-03	-5.83090e-01	1.71758e+01
110	0	145	0	2	3	3.98228e-03	-5.75080e-01	1.65690e+01
110	0	146	0	2	3	2.52091e-03	-4.93175e-01	1.54133e+01
110	0	147	0	2	3	3.15234e-03	-5.30644e-01	1.62834e+01
110	0	148	0	2	3	3.83662e-03	-5.96241e-01	1.78546e+01
110	0	149	0	2	3	3.23449e-03	-5.34575e-01	1.61621e+01
110	0	150	0	2	3	2.47317e-03	-4.86069e-01	1.55005e+01
110	0	151	0	2	3	3.28680e-03	-5.49808e-01	1.64947e+01
110	0	152	0	2	3	3.26354e-03	-5.55405e-01	1.72857e+01
110	0	153	0	2	3	4.42727e-03	-6.44967e-01	1.86548e+01
110	0	154	0	2	3	4.50698e-03	-6.18834e-01	1.68554e+01
110	0	155	0	2	3	4.40984e-03	-6.09552e-01	1.65639e+01
110	0	156	0	2	3	3.17395e-04	-3.10093e-01	1.29512e+01
110	0	157	0	2	3	1.15913e-03	-3.74995e-01	1.33936e+01
110	0	158	0	2	3	5.35361e-03	-6.88145e-01	1.93490e+01
110	0	159	0	2	3	-1.96563e-03	-1.61269e-01	1.01688e+01
#######################################################################
# BFT D                                                               #
#######################################################################
110	1	0	0	2	3	8.36130e-03	-8.45325e-01	2.17014e+01
110	1	1	0	2	3	2.23303e-03	-4.44599e-01	1.54929e+01
110	1	2	0	2	3	8.06671e-03	-8.85901e-01	2.20492e+01
110	1	3	0	2	3	-6.07376e-03	1.47211e-01	5.85471e+00
110	1	4	0	2	3	5.23386e-03	-6.37885e-01	1.81000e+01
110	1	5	0	2	3	-4.14860e-03	3.21258e-02	6.48084e+00
110	1	6	0	2	3	3.15515e-04	-3.30615e-01	1.26609e+01
110	1	7	0	2	3	3.14062e-03	-4.86662e-01	1.51210e+01
110	1	8	0	2	3	2.12925e-03	-4.38658e-01	1.45652e+01
110	1	9	0	2	3	5.54370e-03	-7.29603e-01	2.12885e+01
110	1	10	0	2	3	2.47979e-03	-4.74286e-01	1.51376e+01
110	1	11	0	2	3	3.84711e-03	-5.70986e-01	1.70162e+01
110	1	12	0	2	3	3.63879e-03	-5.38886e-01	1.52339e+01
110	1	13	0	2	3	3.29071e-03	-5.18761e-01	1.56253e+01
110	1	14	0	2	3	2.76703e-03	-5.04854e-01	1.58929e+01
110	1	15	0	2	3	2.17203e-03	-4.39038e-01	1.41255e+01
110	1	16	0	2	3	3.27844e-03	-5.32970e-01	1.55365e+01
110	1	17	0	2	3	2.97732e-03	-4.94081e-01	1.52633e+01
110	1	18	0	2	3	3.71209e-03	-5.62378e-01	1.54532e+01
110	1	19	0	2	3	7.11108e-04	-3.27828e-01	1.26175e+01
110	1	20	0	2	3	3.03471e-03	-5.29011e-01	1.60609e+01
110	1	21	0	2	3	2.63179e-03	-4.80503e-01	1.55031e+01
110	1	22	0	2	3	3.41042e-03	-5.34643e-01	1.53594e+01
110	1	23	0	2	3	4.49749e-03	-6.02384e-01	1.67815e+01
110	1	24	0	2	3	3.95117e-03	-5.84434e-01	1.74146e+01
110	1	25	0	2	3	4.18838e-03	-5.94445e-01	1.70319e+01
110	1	26	0	2	3	4.19738e-03	-6.02154e-01	1.75733e+01
110	1	27	0	2	3	3.80260e-03	-5.61420e-01	1.70510e+01
110	1	28	0	2	3	4.24524e-03	-6.03190e-01	1.65676e+01
110	1	29	0	2	3	2.87494e-03	-4.93692e-01	1.52855e+01
110	1	30	0	2	3	4.07726e-03	-5.89988e-01	1.66046e+01
110	1	31	0	2	3	4.45838e-03	-6.13167e-01	1.75255e+01
110	1	32	0	2	3	4.05195e-03	-5.94098e-01	1.80051e+01
110	1	33	0	2	3	3.48449e-03	-5.46752e-01	1.52773e+01
110	1	34	0	2	3	3.91412e-03	-5.71508e-01	1.57764e+01
110	1	35	0	2	3	4.29228e-03	-6.15202e-01	1.88241e+01
110	1	36	0	2	3	4.01533e-03	-5.77632e-01	1.70880e+01
110	1	37	0	2	3	3.87855e-03	-5.63975e-01	1.56752e+01
110	1	38	0	2	3	3.88577e-03	-5.74145e-01	1.63044e+01
110	1	39	0	2	3	3.46805e-03	-5.35633e-01	1.62148e+01
110	1	40	0	2	3	3.71155e-03	-5.55421e-01	1.55588e+01
110	1	41	0	2	3	3.89881e-03	-5.66020e-01	1.61529e+01
110	1	42	0	2	3	3.99554e-03	-5.69098e-01	1.52496e+01
110	1	43	0	2	3	4.25254e-03	-5.93220e-01	1.74303e+01
110	1	44	0	2	3	3.59536e-03	-5.51481e-01	1.56406e+01
110	1	45	0	2	3	3.70326e-03	-5.58012e-01	1.63276e+01
110	1	46	0	2	3	3.99575e-03	-5.83891e-01	1.62340e+01
110	1	47	0	2	3	3.89304e-03	-5.88519e-01	1.78626e+01
110	1	48	0	2	3	4.00683e-03	-5.79070e-01	1.68253e+01
110	1	49	0	2	3	4.15770e-03	-5.84778e-01	1.69918e+01
110	1	50	0	2	3	4.62266e-03	-6.24674e-01	1.65952e+01
110	1	51	0	2	3	4.45071e-03	-6.14397e-01	1.83090e+01
110	1	52	0	2	3	3.92965e-03	-5.87070e-01	1.63225e+01
110	1	53	0	2	3	3.29986e-03	-5.25146e-01	1.59159e+01
110	1	54	0	2	3	4.55836e-03	-6.29339e-01	1.79868e+01
110	1	55	0	2	3	3.36785e-03	-5.36124e-01	1.70248e+01
110	1	56	0	2	3	3.99294e-03	-5.93316e-01	1.74665e+01
110	1	57	0	2	3	4.13520e-03	-5.90246e-01	1.76799e+01
110	1	58	0	2	3	4.00661e-03	-5.99478e-01	1.85724e+01
110	1	59	0	2	3	3.29288e-03	-5.39050e-01	1.71251e+01
110	1	60	0	2	3	3.56634e-03	-5.58487e-01	1.66539e+01
110	1	61	0	2	3	3.64657e-03	-5.46070e-01	1.64728e+01
110	1	62	0	2	3	3.97631e-03	-5.80820e-01	1.59074e+01
110	1	63	0	2	3	3.99578e-03	-5.84023e-01	1.69823e+01
110	1	64	0	2	3	4.02952e-03	-5.89964e-01	1.75310e+01
110	1	65	0	2	3	4.43792e-03	-6.11029e-01	1.66684e+01
110	1	66	0	2	3	4.89123e-03	-6.58359e-01	1.74736e+01
110	1	67	0	2	3	4.68251e-03	-6.29445e-01	1.70870e+01
110	1	68	0	2	3	3.56012e-03	-5.42643e-01	1.50007e+01
110	1	69	0	2	3	4.19694e-03	-5.97747e-01	1.66107e+01
110	1	70	0	2	3	4.27606e-03	-6.05595e-01	1.75730e+01
110	1	71	0	2	3	3.91070e-03	-5.83963e-01	1.66371e+01
110	1	72	0	2	3	3.59994e-03	-5.52590e-01	1.61447e+01
110	1	73	0	2	3	4.63881e-03	-6.34822e-01	1.80446e+01
110	1	74	0	2	3	4.60235e-03	-6.20546e-01	1.64569e+01
110	1	75	0	2	3	4.12300e-03	-5.95123e-01	1.72097e+01
110	1	76	0	2	3	4.00817e-03	-5.79382e-01	1.64238e+01
110	1	77	0	2	3	3.84152e-03	-5.76049e-01	1.69415e+01
110	1	78	0	2	3	4.24421e-03	-6.03772e-01	1.62886e+01
110	1	79	0	2	3	4.27810e-03	-6.00534e-01	1.61918e+01
110	1	80	0	2	3	3.75599e-03	-5.62697e-01	1.61005e+01
110	1	81	0	2	3	3.95850e-03	-5.75140e-01	1.60788e+01
110	1	82	0	2	3	4.62919e-03	-6.28279e-01	1.81919e+01
110	1	83	0	2	3	4.52560e-03	-6.06295e-01	1.68447e+01
110	1	84	0	2	3	3.84849e-03	-5.62914e-01	1.55978e+01
110	1	85	0	2	3	3.41628e-03	-5.41430e-01	1.58791e+01
110	1	86	0	2	3	4.31624e-03	-6.08309e-01	1.66428e+01
110	1	87	0	2	3	3.91622e-03	-5.70390e-01	1.50635e+01
110	1	88	0	2	3	3.68564e-03	-5.61782e-01	1.66129e+01
110	1	89	0	2	3	4.23981e-03	-5.96184e-01	1.63736e+01
110	1	90	0	2	3	4.21599e-03	-5.99963e-01	1.64198e+01
110	1	91	0	2	3	4.08914e-03	-5.85425e-01	1.61152e+01
110	1	92	0	2	3	3.69216e-03	-5.53415e-01	1.59838e+01
110	1	93	0	2	3	3.66024e-03	-5.54984e-01	1.62696e+01
110	1	94	0	2	3	4.24027e-03	-6.05455e-01	1.67492e+01
110	1	95	0	2	3	4.43326e-03	-6.18371e-01	1.71490e+01
110	1	96	0	2	3	3.79220e-03	-5.63243e-01	1.58440e+01
110	1	97	0	2	3	4.07764e-03	-5.83699e-01	1.61594e+01
110	1	98	0	2	3	3.81765e-03	-5.84806e-01	1.76837e+01
110	1	99	0	2	3	4.58157e-03	-6.18443e-01	1.70992e+01
110	1	100	0	2	3	3.41259e-03	-5.27383e-01	1.57575e+01
110	1	101	0	2	3	3.50266e-03	-5.41615e-01	1.53518e+01
110	1	102	0	2	3	4.45977e-03	-6.22451e-01	1.74596e+01
110	1	103	0	2	3	4.32876e-03	-6.04425e-01	1.68635e+01
110	1	104	0	2	3	4.21129e-03	-5.92781e-01	1.69083e+01
110	1	105	0	2	3	3.48929e-03	-5.44238e-01	1.52508e+01
110	1	106	0	2	3	4.27849e-03	-6.05168e-01	1.69379e+01
110	1	107	0	2	3	4.10393e-03	-5.87336e-01	1.57090e+01
110	1	108	0	2	3	2.79449e-03	-4.93819e-01	1.59447e+01
110	1	109	0	2	3	3.84841e-03	-5.69647e-01	1.61764e+01
110	1	110	0	2	3	4.30834e-03	-6.08613e-01	1.73118e+01
110	1	111	0	2	3	3.73521e-03	-5.69228e-01	1.67656e+01
110	1	112	0	2	3	4.68751e-03	-6.24428e-01	1.72241e+01
110	1	113	0	2	3	3.53931e-03	-5.48364e-01	1.64293e+01
110	1	114	0	2	3	4.42719e-03	-6.21352e-01	1.72086e+01
110	1	115	0	2	3	4.41834e-03	-6.10747e-01	1.71983e+01
110	1	116	0	2	3	3.57891e-03	-5.59644e-01	1.65698e+01
110	1	117	0	2	3	3.36004e-03	-5.33120e-01	1.60578e+01
110	1	118	0	2	3	4.38292e-03	-6.08954e-01	1.63761e+01
110	1	119	0	2	3	4.83860e-03	-6.37702e-01	1.70077e+01
110	1	120	0	2	3	3.83952e-03	-5.66087e-01	1.61670e+01
110	1	121	0	2	3	3.32353e-03	-5.29558e-01	1.57998e+01
110	1	122	0	2	3	5.08405e-03	-6.73525e-01	1.97256e+01
110	1	123	0	2	3	4.56647e-03	-6.36475e-01	1.84880e+01
110	1	124	0	2	3	3.39936e-03	-5.28807e-01	1.51401e+01
110	1	125	0	2	3	3.64871e-03	-5.58631e-01	1.67172e+01
110	1	126	0	2	3	4.27098e-03	-5.93288e-01	1.59719e+01
110	1	127	0	2	3	3.49890e-03	-5.45274e-01	1.62708e+01
110	1	128	0	2	3	4.12933e-03	-6.15876e-01	1.82919e+01
110	1	129	0	2	3	2.82988e-03	-5.14684e-01	1.62933e+01
110	1	130	0	2	3	4.53049e-03	-6.37258e-01	1.76395e+01
110	1	131	0	2	3	2.63899e-03	-4.83390e-01	1.51034e+01
110	1	132	0	2	3	3.86507e-03	-5.95349e-01	1.80825e+01
110	1	133	0	2	3	3.80076e-03	-5.74775e-01	1.66761e+01
110	1	134	0	2	3	3.96721e-03	-6.09025e-01	1.73496e+01
110	1	135	0	2	3	4.21371e-03	-5.97286e-01	1.63416e+01
110	1	136	0	2	3	4.29292e-03	-6.25461e-01	1.87616e+01
110	1	137	0	2	3	4.56241e-03	-6.31954e-01	1.71266e+01
110	1	138	0	2	3	3.28342e-03	-5.48417e-01	1.65389e+01
110	1	139	0	2	3	2.77589e-03	-5.00627e-01	1.49073e+01
110	1	140	0	2	3	3.02010e-03	-5.20674e-01	1.57052e+01
110	1	141	0	2	3	3.80416e-03	-5.81311e-01	1.67953e+01
110	1	142	0	2	3	3.87283e-03	-5.86217e-01	1.67495e+01
110	1	143	0	2	3	3.37249e-03	-5.48371e-01	1.69510e+01
110	1	144	0	2	3	4.46887e-03	-6.40931e-01	1.82424e+01
110	1	145	0	2	3	3.58167e-03	-5.47559e-01	1.62179e+01
110	1	146	0	2	3	3.34724e-03	-5.52900e-01	1.64275e+01
110	1	147	0	2	3	3.43577e-03	-5.46403e-01	1.54503e+01
110	1	148	0	2	3	4.56279e-03	-6.34899e-01	1.73059e+01
110	1	149	0	2	3	5.34143e-03	-6.92784e-01	1.95368e+01
110	1	150	0	2	3	3.91934e-03	-5.80151e-01	1.62622e+01
110	1	151	0	2	3	4.94920e-03	-6.50631e-01	1.78998e+01
110	1	152	0	2	3	3.24337e-03	-5.40207e-01	1.62054e+01
110	1	153	0	2	3	1.94405e-03	-4.35018e-01	1.51036e+01
110	1	154	0	2	3	4.13337e-03	-6.24043e-01	1.74315e+01
110	1	155	0	2	3	3.57761e-03	-5.65838e-01	1.65215e+01
110	1	156	0	2	3	5.42478e-03	-7.05831e-01	1.95580e+01
110	1	157	0	2	3	-4.15596e-03	-1.92286e-03	7.47590e+00
110	1	158	0	2	3	1.49524e-03	-4.20075e-01	1.48904e+01
110	1	159	0	2	3	1.09926e-03	-3.69654e-01	1.37453e+01
