##
#  file: HodoPHCParam_Dummy
#  date: 2016.06.15
#  note: first version
#
#
#######################################################################
# CId	PlId	Seg	UorD	Type	nParam	p0	p1	...
#
#	Type=0 no correction will be performed
#	Type=1 ct=t-p[0]/sqrt(a-p[1])+p[2]
#	Type=2 ct=p[0]*a*a + p[1]*a + p[2] for Fiber
#
#######################################################################
# BH1 Up                                                              #
#######################################################################
1	0	0	0	1	3	5.08705e+00	-1.98362e+00	2.93454e+00
1	0	1	0	1	3	6.69706e-01	2.91546e-01	8.10244e-01
1	0	2	0	1	3	5.01779e-01	3.94271e-01	6.64278e-01
1	0	3	0	1	3	7.45330e-01	1.66754e-01	8.56036e-01
1	0	4	0	1	3	8.52890e-01	8.60054e-02	9.27134e-01
1	0	5	0	1	3	1.69981e+00	-1.50393e-01	1.62794e+00
1	0	6	0	1	3	1.58582e+00	-2.35346e-01	1.46587e+00
1	0	7	0	1	3	1.61970e+00	-1.46184e-01	1.54504e+00
1	0	8	0	1	3	1.37546e+00	-2.52696e-01	1.28233e+00
1	0	9	0	1	3	1.74814e+00	-2.76223e-01	1.64100e+00
1	0	10	0	1	3	1.60339e+01	-4.62629e+00	6.81205e+00
#######################################################################
# BH1 Down                                                            #
#######################################################################
1	0	0	1	1	3	1.33519e+00	-9.13138e-02	1.27257e+00
1	0	1	1	1	3	6.24909e-01	2.88647e-01	7.65429e-01
1	0	2	1	1	3	6.68954e-01	2.21542e-01	7.45264e-01
1	0	3	1	1	3	1.32364e+00	-4.57464e-01	1.08318e+00
1	0	4	1	1	3	1.18002e+00	-7.91080e-02	1.17008e+00
1	0	5	1	1	3	2.07299e+00	-4.79828e-01	1.70935e+00
1	0	6	1	1	3	1.96000e+00	-5.20196e-01	1.63958e+00
1	0	7	1	1	3	1.89852e+00	-4.50289e-01	1.60743e+00
1	0	8	1	1	3	1.02469e+00	-6.73213e-02	1.04734e+00
1	0	9	1	1	3	1.64894e+00	-1.85977e-01	1.61292e+00
1	0	10	1	1	3	7.15603e-01	2.22738e-01	8.54972e-01
#######################################################################
# BH2 Up                                                              #
#######################################################################
2	0	0	0	1	3	1.43047e-01	2.98695e-01	2.00085e-01
2	0	1	0	1	3	8.79554e-01	-2.31747e-01	7.85839e-01
2	0	2	0	1	3	5.94572e-01	-4.97541e-01	4.68956e-01
2	0	3	0	1	3	1.91725e-01	3.94747e-02	1.91115e-01
2	0	4	0	1	3	3.31184e-01	-9.38469e-02	3.15823e-01
2	0	5	0	1	3	1.99769e-01	2.70254e-01	2.37321e-01
2	0	6	0	1	3	2.58948e-01	2.41832e-01	3.10133e-01
2	0	7	0	1	3	3.50426e-01	8.80094e-02	3.70898e-01
#######################################################################
# BH2 Down                                                            #
#######################################################################
2	0	0	1	1	3	3.94607e-01	-1.85207e-01	3.84440e-01
2	0	1	1	1	3	9.92155e-01	-3.85817e-01	8.32122e-01
2	0	2	1	1	3	4.10986e-01	-9.27803e-02	3.90143e-01
2	0	3	1	1	3	1.76416e-01	4.84160e-02	1.75490e-01
2	0	4	1	1	3	2.42956e-01	1.23979e-01	2.64593e-01
2	0	5	1	1	3	3.57967e-01	4.32013e-02	3.63973e-01
2	0	6	1	1	3	1.22093e+00	-6.67168e-01	9.30075e-01
2	0	7	1	1	3	2.92156e-01	-4.36810e-03	2.98702e-01
#######################################################################
# BAC                                                                 #
#######################################################################
3	0	0	0	1	3	0.00000e+00	0.00000e+00	0.00000e+00
3	0	1	0	1	3	0.00000e+00	0.00000e+00	0.00000e+00
#######################################################################
# FBH Up                                                              #
#######################################################################
4	0	0	0	2	3	-5.62952e-03	8.96903e-01	-3.53273e+01
4	0	1	0	2	3	-4.29399e-03	7.37975e-01	-3.00049e+01
4	0	2	0	2	3	-5.26894e-03	8.67305e-01	-3.38992e+01
4	0	3	0	2	3	-3.80183e-03	6.69237e-01	-2.72260e+01
4	0	4	0	2	3	-4.35014e-03	7.35785e-01	-2.92008e+01
4	0	5	0	2	3	-4.02541e-03	6.86907e-01	-2.70312e+01
4	0	6	0	2	3	-4.16660e-03	7.08229e-01	-2.81512e+01
4	0	7	0	2	3	-3.93117e-03	6.84759e-01	-2.69101e+01
4	0	8	0	2	3	-4.14423e-03	6.96902e-01	-2.65883e+01
4	0	9	0	2	3	-2.83372e-03	5.62925e-01	-2.20787e+01
4	0	10	0	2	3	-4.07944e-03	7.09420e-01	-2.75603e+01
4	0	11	0	2	3	-3.50961e-03	6.50113e-01	-2.64167e+01
4	0	12	0	2	3	-3.52415e-03	6.49734e-01	-2.67232e+01
4	0	13	0	2	3	-4.13420e-03	7.26957e-01	-2.99675e+01
4	0	14	0	2	3	-4.90315e-03	8.27563e-01	-3.35630e+01
4	0	15	0	2	3	-4.73048e-03	8.13189e-01	-3.31901e+01
#######################################################################
# FBH Down                                                            #
#######################################################################
4	0	0	1	2	3	-5.62952e-03	8.96903e-01	-3.53273e+01
4	0	1	1	2	3	-4.29399e-03	7.37975e-01	-3.00049e+01
4	0	2	1	2	3	-5.26894e-03	8.67305e-01	-3.38992e+01
4	0	3	1	2	3	-3.80183e-03	6.69237e-01	-2.72260e+01
4	0	4	1	2	3	-4.35014e-03	7.35785e-01	-2.92008e+01
4	0	5	1	2	3	-4.02541e-03	6.86907e-01	-2.70312e+01
4	0	6	1	2	3	-4.16660e-03	7.08229e-01	-2.81512e+01
4	0	7	1	2	3	-3.93117e-03	6.84759e-01	-2.69101e+01
4	0	8	1	2	3	-4.14423e-03	6.96902e-01	-2.65883e+01
4	0	9	1	2	3	-2.83372e-03	5.62925e-01	-2.20787e+01
4	0	10	1	2	3	-4.07944e-03	7.09420e-01	-2.75603e+01
4	0	11	1	2	3	-3.50961e-03	6.50113e-01	-2.64167e+01
4	0	12	1	2	3	-3.52415e-03	6.49734e-01	-2.67232e+01
4	0	13	1	2	3	-4.13420e-03	7.26957e-01	-2.99675e+01
4	0	14	1	2	3	-4.90315e-03	8.27563e-01	-3.35630e+01
4	0	15	1	2	3	-4.73048e-03	8.13189e-01	-3.31901e+01
#######################################################################
# PVAC                                                                #
#######################################################################
5	0	0	0	1	3	0.00000e+00	0.00000e+00	0.00000e+00
#######################################################################
# FAC                                                                 #
#######################################################################
6	0	0	0	1	3	0.00000e+00	0.00000e+00	0.00000e+00
#######################################################################
# SCH                                                                 #
#######################################################################
#7	0	0	0	2	3	-0.00500000	0.821213	-32.185321
#7	0	1	0	2	3	-0.00500000	0.830248	-32.269563
#7	0	2	0	2	3	-0.00500000	0.793073	-29.315934
#7	0	3	0	2	3	-0.00500000	0.772144	-28.276705
#7	0	4	0	2	3	-0.00500000	0.801968	-30.687167
#7	0	5	0	2	3	-0.00500000	0.778300	-28.439251
#7	0	6	0	2	3	-0.00500000	0.765872	-27.918181
#7	0	7	0	2	3	-0.00500000	0.738459	-26.016797
#7	0	8	0	2	3	-0.00500000	0.778318	-28.676371
#7	0	9	0	2	3	-0.00500000	0.776670	-28.892887
#7	0	10	0	2	3	-0.00500000	0.764278	-28.122474
#7	0	11	0	2	3	-0.00500000	0.790742	-29.423647
#7	0	12	0	2	3	-0.00500000	0.811330	-30.487019
#7	0	13	0	2	3	-0.00500000	0.818750	-30.891512
#7	0	14	0	2	3	-0.00500000	0.802541	-30.009136
#7	0	15	0	2	3	-0.00500000	0.809525	-30.751746
#7	0	16	0	2	3	-0.00500000	0.802597	-30.845509
#7	0	17	0	2	3	-0.00500000	0.835028	-32.780792
#7	0	18	0	2	3	-0.00500000	0.859176	-33.938731
#7	0	19	0	2	3	-0.00500000	0.814851	-31.445396
#7	0	20	0	2	3	-0.00500000	0.809426	-30.781087
#7	0	21	0	2	3	-0.00500000	0.780678	-28.888756
#7	0	22	0	2	3	-0.00500000	0.808206	-30.719604
#7	0	23	0	2	3	-0.00500000	0.774024	-27.858339
#7	0	24	0	2	3	-0.00500000	0.794308	-29.022101
#7	0	25	0	2	3	-0.00500000	0.775649	-27.980186
#7	0	26	0	2	3	-0.00500000	0.788483	-28.687567
#7	0	27	0	2	3	-0.00466315	0.771386	-29.253260
#7	0	28	0	2	3	-0.00483132	0.790854	-28.637741
#7	0	29	0	2	3	-0.00497049	0.812994	-30.786914
#7	0	30	0	2	3	-0.00500000	0.787793	-28.362716
#7	0	31	0	2	3	-0.00500000	0.790759	-28.876812
#7	0	32	0	2	3	-0.00500000	0.824826	-31.655285
#7	0	33	0	2	3	-0.00500000	0.845304	-33.407765
#7	0	34	0	2	3	-0.00500000	0.832263	-32.939799
#7	0	35	0	2	3	-0.00500000	0.820631	-31.695372
#7	0	36	0	2	3	-0.00500000	0.836997	-33.200590
#7	0	37	0	2	3	-0.00500000	0.819690	-32.097193
#7	0	38	0	2	3	-0.00500000	0.808109	-31.263214
#7	0	39	0	2	3	-0.00500000	0.815224	-31.135523
#7	0	40	0	2	3	-0.00500000	0.803398	-29.897923
#7	0	41	0	2	3	-0.00500000	0.815685	-31.165519
#7	0	42	0	2	3	-0.00500000	0.812980	-30.737261
#7	0	43	0	2	3	-0.00500000	0.829418	-32.693307
#7	0	44	0	2	3	-0.00500000	0.789530	-29.464920
#7	0	45	0	2	3	-0.00500000	0.804789	-31.208151
#7	0	46	0	2	3	-0.00500000	0.830106	-32.806514
#7	0	47	0	2	3	-0.00500000	0.819206	-31.373242
#7	0	48	0	2	3	-0.00500000	0.816165	-31.709319
#7	0	49	0	2	3	-0.00500000	0.798496	-30.201709
#7	0	50	0	2	3	-0.00500000	0.812167	-31.795745
#7	0	51	0	2	3	-0.00500000	0.810749	-31.375226
#7	0	52	0	2	3	-0.00500000	0.803385	-31.372512
#7	0	53	0	2	3	-0.00500000	0.777405	-29.262831
#7	0	54	0	2	3	-0.00500000	0.783954	-29.763410
#7	0	55	0	2	3	-0.00500000	0.789443	-29.976449
#7	0	56	0	2	3	-0.00500000	0.838828	-33.261086
#7	0	57	0	2	3	-0.00500000	0.804421	-30.573195
#7	0	58	0	2	3	-0.00500000	0.773283	-29.111048
#7	0	59	0	2	3	-0.00500000	0.811789	-31.449459
#7	0	60	0	2	3	-0.00500000	0.759724	-28.110014
#7	0	61	0	2	3	-0.00500000	0.810884	-31.379063
#7	0	62	0	2	3	-0.00500000	0.771910	-28.435006
#7	0	63	0	2	3	-0.00500000	0.796658	-30.511906
#######################################################################
# TOF Up                                                              #
#######################################################################
7	0	0	0	1	3	5.24830e+00	-1.96630e+00	2.96170e+00
7	0	1	0	1	3	5.24830e+00	-1.96630e+00	2.96170e+00
7	0	2	0	1	3	5.24830e+00	-1.96630e+00	2.96170e+00
7	0	3	0	1	3	5.24830e+00	-1.96630e+00	2.96170e+00
7	0	4	0	1	3	5.24830e+00	-1.96630e+00	2.96170e+00
7	0	5	0	1	3	5.24830e+00	-1.96630e+00	2.96170e+00
7	0	6	0	1	3	6.97090e+00	-3.03520e+00	3.39910e+00
7	0	7	0	1	3	4.05450e+00	-1.96150e+00	2.30360e+00
7	0	8	0	1	3	1.16940e+02	-2.98600e+01	2.09880e+01
7	0	9	0	1	3	5.24830e+00	-1.96630e+00	2.96170e+00
7	0	10	0	1	3	5.24830e+00	-1.96630e+00	2.96170e+00
7	0	11	0	1	3	5.24830e+00	-1.96630e+00	2.96170e+00
7	0	12	0	1	3	5.24830e+00	-1.96630e+00	2.96170e+00
7	0	13	0	1	3	5.24830e+00	-1.96630e+00	2.96170e+00
7	0	14	0	1	3	5.24830e+00	-1.96630e+00	2.96170e+00
7	0	15	0	1	3	5.24830e+00	-1.96630e+00	2.96170e+00
7	0	16	0	1	3	5.24830e+00	-1.96630e+00	2.96170e+00
7	0	17	0	1	3	5.24830e+00	-1.96630e+00	2.96170e+00
7	0	18	0	1	3	5.24830e+00	-1.96630e+00	2.96170e+00
7	0	19	0	1	3	7.11491e-01	1.85180e-03	5.82402e-01
7	0	20	0	1	3	5.59404e-01	-1.73810e-03	4.50716e-01
7	0	21	0	1	3	8.92499e-01	1.99900e-03	7.37364e-01
7	0	22	0	1	3	6.37553e-01	1.99960e-03	5.45449e-01
7	0	23	0	1	3	1.19210e+00	1.98920e-03	9.99994e-01
#######################################################################
# TOF Down                                                            #
#######################################################################
7	0	0	1	1	3	5.84300e+00	-2.30730e+00	3.11320e+00
7	0	1	1	1	3	5.84300e+00	-2.30730e+00	3.11320e+00
7	0	2	1	1	3	5.84300e+00	-2.30730e+00	3.11320e+00
7	0	3	1	1	3	5.84300e+00	-2.30730e+00	3.11320e+00
7	0	4	1	1	3	5.84300e+00	-2.30730e+00	3.11320e+00
7	0	5	1	1	3	5.84300e+00	-2.30730e+00	3.11320e+00
7	0	6	1	1	3	1.41330e+01	-5.81170e+00	5.32680e+00
7	0	7	1	1	3	7.84850e+01	-2.02870e+01	1.69500e+01
7	0	8	1	1	3	2.20240e+02	-3.62440e+01	3.60080e+01
7	0	9	1	1	3	5.84300e+00	-2.30730e+00	3.11320e+00
7	0	10	1	1	3	5.84300e+00	-2.30730e+00	3.11320e+00
7	0	11	1	1	3	5.84300e+00	-2.30730e+00	3.11320e+00
7	0	12	1	1	3	5.84300e+00	-2.30730e+00	3.11320e+00
7	0	13	1	1	3	5.84300e+00	-2.30730e+00	3.11320e+00
7	0	14	1	1	3	5.84300e+00	-2.30730e+00	3.11320e+00
7	0	15	1	1	3	5.84300e+00	-2.30730e+00	3.11320e+00
7	0	16	1	1	3	5.84300e+00	-2.30730e+00	3.11320e+00
7	0	17	1	1	3	5.84300e+00	-2.30730e+00	3.11320e+00
7	0	18	1	1	3	5.84300e+00	-2.30730e+00	3.11320e+00
7	0	19	1	1	3	6.18741e-01	1.99860e-03	4.90831e-01
7	0	20	1	1	3	5.75901e-01	1.04210e-03	4.72509e-01
7	0	21	1	1	3	9.41046e-01	1.99890e-03	7.79357e-01
7	0	22	1	1	3	4.84266e-01	-1.95590e-03	3.99786e-01
7	0	23	1	1	3	8.97714e-01	1.99860e-03	7.56300e-01
#######################################################################
# BFT U                                                               #
#######################################################################
110	0	0	0	2	3	3.98404e-03	-5.71554e-01	1.51872e+01
110	0	1	0	2	3	4.77295e-03	-6.18483e-01	1.58460e+01
110	0	2	0	2	3	4.45512e-03	-6.15716e-01	1.58813e+01
110	0	3	0	2	3	3.24551e-03	-5.25108e-01	1.33392e+01
110	0	4	0	2	3	3.45171e-03	-5.35834e-01	1.47478e+01
110	0	5	0	2	3	4.83561e-03	-6.20130e-01	1.63447e+01
110	0	6	0	2	3	4.33134e-03	-5.99195e-01	1.51334e+01
110	0	7	0	2	3	3.76123e-03	-5.42078e-01	1.46936e+01
110	0	8	0	2	3	3.72108e-03	-5.53021e-01	1.44683e+01
110	0	9	0	2	3	3.54972e-03	-5.33045e-01	1.54641e+01
110	0	10	0	2	3	3.15162e-03	-5.14255e-01	1.30762e+01
110	0	11	0	2	3	4.11094e-03	-5.69983e-01	1.60746e+01
110	0	12	0	2	3	3.33156e-03	-5.27323e-01	1.35664e+01
110	0	13	0	2	3	4.34649e-03	-5.91070e-01	1.64691e+01
110	0	14	0	2	3	3.82431e-03	-5.64116e-01	1.40751e+01
110	0	15	0	2	3	3.43177e-03	-5.31247e-01	1.55463e+01
110	0	16	0	2	3	4.29126e-03	-5.86194e-01	1.42119e+01
110	0	17	0	2	3	2.88077e-03	-4.82760e-01	1.41029e+01
110	0	18	0	2	3	3.37478e-03	-5.39307e-01	1.36156e+01
110	0	19	0	2	3	4.05537e-03	-5.87462e-01	1.43201e+01
110	0	20	0	2	3	3.65024e-03	-5.41281e-01	1.39266e+01
110	0	21	0	2	3	3.67939e-03	-5.45910e-01	1.66547e+01
110	0	22	0	2	3	4.09083e-03	-5.83124e-01	1.47042e+01
110	0	23	0	2	3	3.40732e-03	-5.17228e-01	1.47391e+01
110	0	24	0	2	3	4.03497e-03	-5.72836e-01	1.48516e+01
110	0	25	0	2	3	3.99177e-03	-5.62072e-01	1.61294e+01
110	0	26	0	2	3	4.41581e-03	-6.05304e-01	1.61143e+01
110	0	27	0	2	3	4.70137e-03	-6.09985e-01	1.63293e+01
110	0	28	0	2	3	3.61059e-03	-5.49650e-01	1.27154e+01
110	0	29	0	2	3	4.42222e-03	-5.91463e-01	1.55730e+01
110	0	30	0	2	3	3.81091e-03	-5.64568e-01	1.42502e+01
110	0	31	0	2	3	4.16031e-03	-5.74946e-01	1.57726e+01
110	0	32	0	2	3	3.70595e-03	-5.59319e-01	1.44936e+01
110	0	33	0	2	3	4.15924e-03	-5.61563e-01	1.38091e+01
110	0	34	0	2	3	4.13740e-03	-5.83536e-01	1.45773e+01
110	0	35	0	2	3	4.56801e-03	-6.15718e-01	1.66106e+01
110	0	36	0	2	3	3.68213e-03	-5.40831e-01	1.36130e+01
110	0	37	0	2	3	4.15940e-03	-5.84352e-01	1.69787e+01
110	0	38	0	2	3	4.04664e-03	-5.68834e-01	1.36380e+01
110	0	39	0	2	3	4.78565e-03	-6.24033e-01	1.63552e+01
110	0	40	0	2	3	3.97891e-03	-5.62705e-01	1.39112e+01
110	0	41	0	2	3	3.91269e-03	-5.59550e-01	1.62958e+01
110	0	42	0	2	3	4.12797e-03	-5.76635e-01	1.47411e+01
110	0	43	0	2	3	5.28892e-03	-6.68802e-01	1.78983e+01
110	0	44	0	2	3	3.65886e-03	-5.50279e-01	1.39466e+01
110	0	45	0	2	3	4.25269e-03	-5.77261e-01	1.60454e+01
110	0	46	0	2	3	4.56621e-03	-6.23380e-01	1.54831e+01
110	0	47	0	2	3	4.75194e-03	-6.33188e-01	1.83754e+01
110	0	48	0	2	3	3.68975e-03	-5.47151e-01	1.28261e+01
110	0	49	0	2	3	4.50960e-03	-5.99919e-01	1.69476e+01
110	0	50	0	2	3	4.39225e-03	-5.97366e-01	1.50729e+01
110	0	51	0	2	3	4.64215e-03	-6.12465e-01	1.61028e+01
110	0	52	0	2	3	3.64907e-03	-5.42880e-01	1.32979e+01
110	0	53	0	2	3	4.29336e-03	-5.83695e-01	1.54500e+01
110	0	54	0	2	3	4.44148e-03	-6.04493e-01	1.48632e+01
110	0	55	0	2	3	4.45125e-03	-6.03576e-01	1.69267e+01
110	0	56	0	2	3	3.90091e-03	-5.76356e-01	1.54198e+01
110	0	57	0	2	3	4.28951e-03	-5.86494e-01	1.61836e+01
110	0	58	0	2	3	4.14006e-03	-5.87029e-01	1.56738e+01
110	0	59	0	2	3	4.78099e-03	-6.40110e-01	1.75859e+01
110	0	60	0	2	3	4.07383e-03	-5.83300e-01	1.41677e+01
110	0	61	0	2	3	3.89545e-03	-5.59187e-01	1.54341e+01
110	0	62	0	2	3	4.87507e-03	-6.33286e-01	1.52178e+01
110	0	63	0	2	3	3.95854e-03	-5.66688e-01	1.44925e+01
110	0	64	0	2	3	3.69440e-03	-5.56536e-01	1.43232e+01
110	0	65	0	2	3	4.05166e-03	-5.73293e-01	1.56329e+01
110	0	66	0	2	3	4.75134e-03	-6.45116e-01	1.72131e+01
110	0	67	0	2	3	3.57110e-03	-5.42415e-01	1.53106e+01
110	0	68	0	2	3	4.03439e-03	-5.91732e-01	1.55523e+01
110	0	69	0	2	3	4.11801e-03	-5.75224e-01	1.51873e+01
110	0	70	0	2	3	4.42357e-03	-6.21447e-01	1.49908e+01
110	0	71	0	2	3	4.46769e-03	-6.09170e-01	1.62737e+01
110	0	72	0	2	3	3.82807e-03	-5.71575e-01	1.39637e+01
110	0	73	0	2	3	4.30841e-03	-5.98009e-01	1.54640e+01
110	0	74	0	2	3	4.53813e-03	-6.27460e-01	1.60367e+01
110	0	75	0	2	3	4.48955e-03	-6.06300e-01	1.58382e+01
110	0	76	0	2	3	3.88262e-03	-5.67532e-01	1.39084e+01
110	0	77	0	2	3	3.96731e-03	-5.68970e-01	1.54900e+01
110	0	78	0	2	3	4.71891e-03	-6.38397e-01	1.55341e+01
110	0	79	0	2	3	4.42950e-03	-6.01127e-01	1.56663e+01
110	0	80	0	2	3	3.88302e-03	-5.68809e-01	1.50063e+01
110	0	81	0	2	3	4.00028e-03	-5.64682e-01	1.50369e+01
110	0	82	0	2	3	4.47793e-03	-6.08592e-01	1.52031e+01
110	0	83	0	2	3	4.56796e-03	-6.14196e-01	1.58118e+01
110	0	84	0	2	3	3.85988e-03	-5.64667e-01	1.43350e+01
110	0	85	0	2	3	3.82775e-03	-5.57552e-01	1.52807e+01
110	0	86	0	2	3	4.63934e-03	-6.34466e-01	1.54563e+01
110	0	87	0	2	3	4.30342e-03	-6.03356e-01	1.64284e+01
110	0	88	0	2	3	3.73541e-03	-5.52883e-01	1.45096e+01
110	0	89	0	2	3	3.81994e-03	-5.60344e-01	1.49496e+01
110	0	90	0	2	3	4.43748e-03	-6.09814e-01	1.46776e+01
110	0	91	0	2	3	4.66530e-03	-6.31356e-01	1.58426e+01
110	0	92	0	2	3	3.82420e-03	-5.76425e-01	1.50179e+01
110	0	93	0	2	3	4.01682e-03	-5.73491e-01	1.49162e+01
110	0	94	0	2	3	4.88366e-03	-6.61940e-01	1.75369e+01
110	0	95	0	2	3	4.46323e-03	-6.11802e-01	1.62431e+01
110	0	96	0	2	3	4.05257e-03	-5.90387e-01	1.48490e+01
110	0	97	0	2	3	3.89538e-03	-5.64704e-01	1.55098e+01
110	0	98	0	2	3	4.39583e-03	-6.18169e-01	1.53503e+01
110	0	99	0	2	3	4.56933e-03	-6.12626e-01	1.60261e+01
110	0	100	0	2	3	3.70795e-03	-5.62457e-01	1.49108e+01
110	0	101	0	2	3	3.88457e-03	-5.65805e-01	1.54593e+01
110	0	102	0	2	3	4.84333e-03	-6.45495e-01	1.65835e+01
110	0	103	0	2	3	4.74844e-03	-6.31632e-01	1.62106e+01
110	0	104	0	2	3	3.92740e-03	-5.80165e-01	1.43494e+01
110	0	105	0	2	3	4.20743e-03	-5.85703e-01	1.52196e+01
110	0	106	0	2	3	4.45301e-03	-6.17485e-01	1.60650e+01
110	0	107	0	2	3	4.67278e-03	-6.18225e-01	1.52787e+01
110	0	108	0	2	3	3.60522e-03	-5.55506e-01	1.47129e+01
110	0	109	0	2	3	4.19375e-03	-5.89234e-01	1.52299e+01
110	0	110	0	2	3	4.07999e-03	-5.90619e-01	1.53356e+01
110	0	111	0	2	3	4.51828e-03	-6.25688e-01	1.61431e+01
110	0	112	0	2	3	3.99465e-03	-5.74618e-01	1.37393e+01
110	0	113	0	2	3	4.01777e-03	-5.73523e-01	1.48901e+01
110	0	114	0	2	3	4.92011e-03	-6.51264e-01	1.65434e+01
110	0	115	0	2	3	4.84396e-03	-6.31254e-01	1.58698e+01
110	0	116	0	2	3	3.97126e-03	-5.77855e-01	1.46531e+01
110	0	117	0	2	3	5.06439e-03	-6.52037e-01	1.73337e+01
110	0	118	0	2	3	4.63347e-03	-6.33993e-01	1.64466e+01
110	0	119	0	2	3	4.82672e-03	-6.23174e-01	1.47643e+01
110	0	120	0	2	3	4.24523e-03	-6.11831e-01	1.56150e+01
110	0	121	0	2	3	4.32357e-03	-5.93360e-01	1.38873e+01
110	0	122	0	2	3	5.09636e-03	-6.65878e-01	1.75707e+01
110	0	123	0	2	3	4.89937e-03	-6.36468e-01	1.62701e+01
110	0	124	0	2	3	3.73356e-03	-5.52170e-01	1.47228e+01
110	0	125	0	2	3	4.43198e-03	-5.90231e-01	1.30605e+01
110	0	126	0	2	3	3.96185e-03	-5.69617e-01	1.44520e+01
110	0	127	0	2	3	3.57721e-03	-5.45933e-01	1.45092e+01
110	0	128	0	2	3	3.54902e-03	-5.89150e-01	1.64749e+01
110	0	129	0	2	3	4.43988e-03	-6.30371e-01	1.65012e+01
110	0	130	0	2	3	2.75385e-03	-5.18032e-01	1.49607e+01
110	0	131	0	2	3	4.50105e-03	-6.15561e-01	1.61210e+01
110	0	132	0	2	3	4.21945e-03	-6.08785e-01	1.66529e+01
110	0	133	0	2	3	5.04587e-03	-6.58267e-01	1.70546e+01
110	0	134	0	2	3	3.89627e-03	-5.98453e-01	1.62319e+01
110	0	135	0	2	3	3.40819e-03	-5.33187e-01	1.39463e+01
110	0	136	0	2	3	4.86675e-03	-6.48538e-01	1.61038e+01
110	0	137	0	2	3	3.24508e-03	-5.45053e-01	1.56223e+01
110	0	138	0	2	3	4.25215e-03	-6.20065e-01	1.67759e+01
110	0	139	0	2	3	4.15676e-03	-6.02992e-01	1.50320e+01
110	0	140	0	2	3	9.42754e-05	-2.98683e-01	1.09469e+01
110	0	141	0	2	3	4.59502e-03	-6.45499e-01	1.63310e+01
110	0	142	0	2	3	2.32861e-03	-4.76589e-01	1.37781e+01
110	0	143	0	2	3	4.35344e-03	-6.10664e-01	1.56860e+01
110	0	144	0	2	3	2.76887e-03	-5.07474e-01	1.35797e+01
110	0	145	0	2	3	3.17604e-03	-5.20420e-01	1.34510e+01
110	0	146	0	2	3	4.15712e-03	-6.14622e-01	1.64462e+01
110	0	147	0	2	3	4.24345e-03	-5.91733e-01	1.57243e+01
110	0	148	0	2	3	5.56531e-03	-7.06499e-01	1.73254e+01
110	0	149	0	2	3	7.20804e-03	-8.15907e-01	1.99806e+01
110	0	150	0	2	3	1.80104e-03	-4.40402e-01	1.35525e+01
110	0	151	0	2	3	2.95859e-03	-5.22049e-01	1.47211e+01
110	0	152	0	2	3	4.65396e-03	-6.41101e-01	1.74253e+01
110	0	153	0	2	3	3.88216e-03	-5.82154e-01	1.58328e+01
110	0	154	0	2	3	5.21563e-03	-6.47825e-01	1.57861e+01
110	0	155	0	2	3	3.24494e-03	-5.29499e-01	1.30579e+01
110	0	156	0	2	3	7.01424e-05	-2.97883e-01	1.05876e+01
110	0	157	0	2	3	-4.35542e-03	4.44446e-02	4.28356e+00
110	0	158	0	2	3	1.01557e-03	-3.76998e-01	1.16840e+01
110	0	159	0	2	3	1.81919e-03	-4.13712e-01	1.20586e+01
#######################################################################
# BFT D                                                               #
#######################################################################
110	1	0	0	2	3	-1.59768e-04	-2.65947e-01	1.10950e+01
110	1	1	0	2	3	4.07803e-03	-5.93653e-01	1.68917e+01
110	1	2	0	2	3	3.96706e-03	-5.83604e-01	1.61595e+01
110	1	3	0	2	3	3.50652e-03	-5.39683e-01	1.60998e+01
110	1	4	0	2	3	2.78153e-03	-4.94450e-01	1.45195e+01
110	1	5	0	2	3	2.51299e-03	-4.70127e-01	1.49798e+01
110	1	6	0	2	3	2.85820e-03	-5.05491e-01	1.36301e+01
110	1	7	0	2	3	3.63378e-03	-5.45338e-01	1.56755e+01
110	1	8	0	2	3	4.34381e-03	-6.06830e-01	1.67218e+01
110	1	9	0	2	3	2.70616e-03	-4.88072e-01	1.62455e+01
110	1	10	0	2	3	3.28197e-03	-5.39556e-01	1.55001e+01
110	1	11	0	2	3	4.21679e-03	-5.94231e-01	1.64975e+01
110	1	12	0	2	3	3.36635e-03	-5.40128e-01	1.47389e+01
110	1	13	0	2	3	3.31367e-03	-5.28063e-01	1.60359e+01
110	1	14	0	2	3	4.09971e-03	-5.99926e-01	1.56780e+01
110	1	15	0	2	3	3.85863e-03	-5.66260e-01	1.66169e+01
110	1	16	0	2	3	3.44781e-03	-5.40985e-01	1.47627e+01
110	1	17	0	2	3	3.66895e-03	-5.49671e-01	1.55126e+01
110	1	18	0	2	3	4.08184e-03	-5.89093e-01	1.50695e+01
110	1	19	0	2	3	5.17280e-03	-6.67732e-01	1.81809e+01
110	1	20	0	2	3	3.83485e-03	-5.77081e-01	1.58327e+01
110	1	21	0	2	3	2.31798e-03	-4.55958e-01	1.52481e+01
110	1	22	0	2	3	3.58906e-03	-5.48545e-01	1.47957e+01
110	1	23	0	2	3	4.28645e-03	-5.87624e-01	1.66891e+01
110	1	24	0	2	3	3.28629e-03	-5.31361e-01	1.55255e+01
110	1	25	0	2	3	2.99751e-03	-5.04119e-01	1.55057e+01
110	1	26	0	2	3	4.21272e-03	-6.04092e-01	1.57760e+01
110	1	27	0	2	3	4.05609e-03	-5.80749e-01	1.75563e+01
110	1	28	0	2	3	3.86341e-03	-5.74377e-01	1.61909e+01
110	1	29	0	2	3	3.36882e-03	-5.34646e-01	1.62500e+01
110	1	30	0	2	3	3.83949e-03	-5.70880e-01	1.53772e+01
110	1	31	0	2	3	3.95178e-03	-5.82346e-01	1.72294e+01
110	1	32	0	2	3	3.72200e-03	-5.63701e-01	1.64663e+01
110	1	33	0	2	3	3.06882e-03	-5.20693e-01	1.49903e+01
110	1	34	0	2	3	4.09239e-03	-5.80700e-01	1.50241e+01
110	1	35	0	2	3	4.25880e-03	-6.07978e-01	1.76936e+01
110	1	36	0	2	3	3.77171e-03	-5.60791e-01	1.59474e+01
110	1	37	0	2	3	3.39746e-03	-5.30868e-01	1.42590e+01
110	1	38	0	2	3	3.89211e-03	-5.74395e-01	1.64376e+01
110	1	39	0	2	3	3.88211e-03	-5.66149e-01	1.58909e+01
110	1	40	0	2	3	4.22339e-03	-5.90657e-01	1.52774e+01
110	1	41	0	2	3	3.85214e-03	-5.59107e-01	1.60893e+01
110	1	42	0	2	3	3.94793e-03	-5.69828e-01	1.54566e+01
110	1	43	0	2	3	3.84422e-03	-5.61668e-01	1.69304e+01
110	1	44	0	2	3	4.00938e-03	-5.82123e-01	1.53359e+01
110	1	45	0	2	3	3.60238e-03	-5.47036e-01	1.61712e+01
110	1	46	0	2	3	4.03525e-03	-5.85897e-01	1.53872e+01
110	1	47	0	2	3	4.50549e-03	-6.29597e-01	1.86083e+01
110	1	48	0	2	3	3.71334e-03	-5.55920e-01	1.55030e+01
110	1	49	0	2	3	3.41670e-03	-5.28456e-01	1.60493e+01
110	1	50	0	2	3	4.12039e-03	-5.91119e-01	1.51643e+01
110	1	51	0	2	3	4.55955e-03	-6.17184e-01	1.73501e+01
110	1	52	0	2	3	4.03810e-03	-5.92096e-01	1.54732e+01
110	1	53	0	2	3	3.71200e-03	-5.54550e-01	1.65142e+01
110	1	54	0	2	3	4.31230e-03	-6.08559e-01	1.66588e+01
110	1	55	0	2	3	4.19907e-03	-5.91045e-01	1.69851e+01
110	1	56	0	2	3	3.83012e-03	-5.82086e-01	1.53729e+01
110	1	57	0	2	3	4.00760e-03	-5.79302e-01	1.65234e+01
110	1	58	0	2	3	4.19809e-03	-6.07656e-01	1.76754e+01
110	1	59	0	2	3	4.76378e-03	-6.46201e-01	1.90811e+01
110	1	60	0	2	3	3.76000e-03	-5.68032e-01	1.58091e+01
110	1	61	0	2	3	3.90070e-03	-5.59400e-01	1.56485e+01
110	1	62	0	2	3	3.88320e-03	-5.72869e-01	1.48183e+01
110	1	63	0	2	3	4.29425e-03	-6.01465e-01	1.72534e+01
110	1	64	0	2	3	4.02812e-03	-5.88946e-01	1.65378e+01
110	1	65	0	2	3	4.30630e-03	-5.98870e-01	1.64484e+01
110	1	66	0	2	3	4.77025e-03	-6.46790e-01	1.62646e+01
110	1	67	0	2	3	4.30920e-03	-6.05742e-01	1.57466e+01
110	1	68	0	2	3	3.58163e-03	-5.43516e-01	1.40444e+01
110	1	69	0	2	3	3.94393e-03	-5.75151e-01	1.61412e+01
110	1	70	0	2	3	4.12692e-03	-5.95742e-01	1.64491e+01
110	1	71	0	2	3	4.23708e-03	-6.04306e-01	1.69244e+01
110	1	72	0	2	3	3.82241e-03	-5.66270e-01	1.53519e+01
110	1	73	0	2	3	3.96252e-03	-5.82696e-01	1.70322e+01
110	1	74	0	2	3	4.04396e-03	-5.87329e-01	1.49886e+01
110	1	75	0	2	3	4.38453e-03	-6.15262e-01	1.65694e+01
110	1	76	0	2	3	3.76743e-03	-5.63758e-01	1.51719e+01
110	1	77	0	2	3	3.80463e-03	-5.72610e-01	1.58076e+01
110	1	78	0	2	3	4.24738e-03	-6.02561e-01	1.52025e+01
110	1	79	0	2	3	4.21555e-03	-5.95263e-01	1.60162e+01
110	1	80	0	2	3	4.02794e-03	-5.79712e-01	1.53048e+01
110	1	81	0	2	3	4.02073e-03	-5.78743e-01	1.50457e+01
110	1	82	0	2	3	4.25972e-03	-6.00647e-01	1.66192e+01
110	1	83	0	2	3	4.17303e-03	-5.80380e-01	1.53100e+01
110	1	84	0	2	3	3.75705e-03	-5.52314e-01	1.42529e+01
110	1	85	0	2	3	3.79305e-03	-5.61344e-01	1.49981e+01
110	1	86	0	2	3	4.06056e-03	-5.88775e-01	1.62074e+01
110	1	87	0	2	3	4.06527e-03	-5.77319e-01	1.40190e+01
110	1	88	0	2	3	3.66849e-03	-5.59485e-01	1.54411e+01
110	1	89	0	2	3	4.22056e-03	-5.96177e-01	1.52731e+01
110	1	90	0	2	3	3.96776e-03	-5.80781e-01	1.49393e+01
110	1	91	0	2	3	3.82485e-03	-5.65499e-01	1.56378e+01
110	1	92	0	2	3	3.72684e-03	-5.56572e-01	1.49132e+01
110	1	93	0	2	3	3.69398e-03	-5.58183e-01	1.51806e+01
110	1	94	0	2	3	4.00202e-03	-5.85067e-01	1.61917e+01
110	1	95	0	2	3	4.11919e-03	-5.94431e-01	1.55551e+01
110	1	96	0	2	3	3.72542e-03	-5.57405e-01	1.45788e+01
110	1	97	0	2	3	3.94804e-03	-5.75897e-01	1.59077e+01
110	1	98	0	2	3	3.97489e-03	-6.00263e-01	1.68759e+01
110	1	99	0	2	3	3.93821e-03	-5.75047e-01	1.52011e+01
110	1	100	0	2	3	3.35700e-03	-5.22963e-01	1.44960e+01
110	1	101	0	2	3	3.72089e-03	-5.58830e-01	1.54707e+01
110	1	102	0	2	3	4.35895e-03	-6.17971e-01	1.62684e+01
110	1	103	0	2	3	4.53675e-03	-6.16346e-01	1.58011e+01
110	1	104	0	2	3	4.09603e-03	-5.87037e-01	1.56315e+01
110	1	105	0	2	3	4.07986e-03	-5.82306e-01	1.55913e+01
110	1	106	0	2	3	4.40667e-03	-6.16805e-01	1.69798e+01
110	1	107	0	2	3	4.51988e-03	-6.18093e-01	1.60457e+01
110	1	108	0	2	3	3.59737e-03	-5.53677e-01	1.58435e+01
110	1	109	0	2	3	3.80543e-03	-5.67659e-01	1.59317e+01
110	1	110	0	2	3	4.50042e-03	-6.23492e-01	1.63120e+01
110	1	111	0	2	3	4.37265e-03	-6.15836e-01	1.73451e+01
110	1	112	0	2	3	4.27971e-03	-5.98376e-01	1.56002e+01
110	1	113	0	2	3	4.14285e-03	-5.91407e-01	1.58977e+01
110	1	114	0	2	3	4.63593e-03	-6.30277e-01	1.59884e+01
110	1	115	0	2	3	4.72118e-03	-6.30717e-01	1.62305e+01
110	1	116	0	2	3	4.29914e-03	-6.03815e-01	1.59158e+01
110	1	117	0	2	3	4.45795e-03	-6.06567e-01	1.59663e+01
110	1	118	0	2	3	3.98738e-03	-5.86160e-01	1.47950e+01
110	1	119	0	2	3	4.39224e-03	-6.09840e-01	1.63021e+01
110	1	120	0	2	3	3.92845e-03	-5.73200e-01	1.50334e+01
110	1	121	0	2	3	3.60759e-03	-5.50177e-01	1.48394e+01
110	1	122	0	2	3	4.01711e-03	-5.95772e-01	1.70301e+01
110	1	123	0	2	3	4.19144e-03	-6.06375e-01	1.75443e+01
110	1	124	0	2	3	4.04105e-03	-5.79327e-01	1.48632e+01
110	1	125	0	2	3	2.96943e-03	-5.09349e-01	1.45165e+01
110	1	126	0	2	3	3.80350e-03	-5.72041e-01	1.54723e+01
110	1	127	0	2	3	4.28064e-03	-6.00526e-01	1.59076e+01
110	1	128	0	2	3	3.92143e-03	-5.99789e-01	1.66535e+01
110	1	129	0	2	3	4.81544e-03	-6.63680e-01	1.76895e+01
110	1	130	0	2	3	3.60773e-03	-5.68071e-01	1.50347e+01
110	1	131	0	2	3	4.29895e-03	-6.03686e-01	1.58618e+01
110	1	132	0	2	3	4.24444e-03	-6.13712e-01	1.68583e+01
110	1	133	0	2	3	5.13058e-03	-6.63563e-01	1.67992e+01
110	1	134	0	2	3	4.38941e-03	-6.27561e-01	1.70882e+01
110	1	135	0	2	3	4.54490e-03	-6.15749e-01	1.62636e+01
110	1	136	0	2	3	3.75177e-03	-5.89163e-01	1.68909e+01
110	1	137	0	2	3	4.56460e-03	-6.37322e-01	1.69601e+01
110	1	138	0	2	3	4.19358e-03	-5.94359e-01	1.56870e+01
110	1	139	0	2	3	4.13361e-03	-5.92425e-01	1.60805e+01
110	1	140	0	2	3	6.06740e-03	-7.48302e-01	1.85874e+01
110	1	141	0	2	3	4.00749e-03	-5.90766e-01	1.56173e+01
110	1	142	0	2	3	4.75785e-03	-6.42457e-01	1.63245e+01
110	1	143	0	2	3	1.45796e-03	-4.24322e-01	1.37737e+01
110	1	144	0	2	3	5.62517e-03	-7.16995e-01	1.91668e+01
110	1	145	0	2	3	3.86667e-03	-5.74785e-01	1.55993e+01
110	1	146	0	2	3	4.79944e-03	-6.57343e-01	1.70310e+01
110	1	147	0	2	3	4.07151e-03	-5.90367e-01	1.49814e+01
110	1	148	0	2	3	5.26416e-03	-6.91350e-01	1.71477e+01
110	1	149	0	2	3	7.71769e-04	-3.49499e-01	1.20056e+01
110	1	150	0	2	3	4.99483e-03	-6.55953e-01	1.73307e+01
110	1	151	0	2	3	4.62782e-03	-6.07234e-01	1.54970e+01
110	1	152	0	2	3	3.51995e-03	-5.89404e-01	1.73609e+01
110	1	153	0	2	3	-1.75172e-03	-1.62065e-01	8.98457e+00
110	1	154	0	2	3	6.65169e-03	-7.58707e-01	1.87307e+01
110	1	155	0	2	3	6.07452e-03	-7.21434e-01	1.66567e+01
110	1	156	0	2	3	2.44424e-03	-5.02140e-01	1.48708e+01
110	1	157	0	2	3	4.50772e-03	-6.29229e-01	1.73992e+01
110	1	158	0	2	3	-4.99126e-03	6.77683e-02	4.60722e+00
110	1	159	0	2	3	5.72398e-03	-7.28011e-01	1.97148e+01
