##
#  file: HodoPHCParam_Dummy
#  date: 2016.06.15
#  note: first version
#
#
#######################################################################
# CId	PlId	Seg	UorD	Type	nParam	p0	p1	...
#
#	Type=0 no correction will be performed
#	Type=1 ct=t-p[0]/sqrt(a-p[1])+p[2]
#	Type=2 ct=p[0]*a*a + p[1]*a + p[2] for Fiber
#
#######################################################################
# BH1 Up                                                              #
#######################################################################
1	0	0	0	1	3	1.47730e+00	-2.35290e-01	1.36110e+00
1	0	1	0	1	3	6.62130e-01	3.34480e-01	8.67710e-01
1	0	2	0	1	3	7.54820e-01	2.48290e-01	9.34610e-01
1	0	3	0	1	3	1.23270e+00	-1.14280e-01	1.26640e+00
1	0	4	0	1	3	1.29730e+00	-1.98210e-01	1.21160e+00
1	0	5	0	1	3	1.43110e+00	-7.87430e-02	1.42120e+00
1	0	6	0	1	3	1.41000e+00	-1.74510e-01	1.32020e+00
1	0	7	0	1	3	1.25340e+00	-3.62780e-02	1.24940e+00
1	0	8	0	1	3	1.44900e+00	-3.83590e-01	1.25050e+00
1	0	9	0	1	3	2.28060e+00	-6.04700e-01	1.82360e+00
1	0	10	0	1	3	9.33520e-01	5.26570e-02	9.95230e-01
#######################################################################
# BH1 Down                                                            #
#######################################################################
1	0	0	1	1	3	2.02010e+00	-5.58670e-01	1.64300e+00
1	0	1	1	1	3	8.49690e-01	1.88140e-01	1.01360e+00
1	0	2	1	1	3	1.21680e+00	-7.53470e-02	1.21540e+00
1	0	3	1	1	3	2.08470e+02	-6.59470e+01	2.55410e+01
1	0	4	1	1	3	1.41330e+00	-2.47510e-01	1.29810e+00
1	0	5	1	1	3	1.63380e+00	-2.25070e-01	1.48610e+00
1	0	6	1	1	3	1.64270e+00	-3.28680e-01	1.48410e+00
1	0	7	1	1	3	1.48840e+00	-1.98800e-01	1.38020e+00
1	0	8	1	1	3	9.57720e-01	-5.07090e-03	9.79170e-01
1	0	9	1	1	3	1.28980e+00	-8.52640e-02	1.26930e+00
1	0	10	1	1	3	1.29280e+00	-1.52360e-01	1.25330e+00
#######################################################################
# BH2 Up                                                              #
#######################################################################
2	0	0	0	1	3	1.23928e-01	3.19092e-01	1.64921e-01
2	0	1	0	1	3	7.53706e-01	-1.79708e-01	6.99096e-01
2	0	2	0	1	3	4.42202e-01	-1.79103e-01	4.01925e-01
2	0	3	0	1	3	3.11545e-01	-5.77250e-02	3.02038e-01
2	0	4	0	1	3	2.94738e-01	-1.61080e-01	2.70687e-01
2	0	5	0	1	3	1.70974e-01	2.75206e-01	2.01729e-01
2	0	6	0	1	3	3.73818e-01	9.75170e-02	3.97597e-01
2	0	7	0	1	3	3.15997e-01	6.59460e-02	3.24278e-01
#######################################################################
# BH2 Down                                                            #
#######################################################################
2	0	0	1	1	3	2.64639e-01	1.04767e-01	3.03250e-01
2	0	1	1	1	3	1.34101e+00	-8.16725e-01	9.87325e-01
2	0	2	1	1	3	4.33143e-01	-7.83380e-02	4.15357e-01
2	0	3	1	1	3	2.71422e-01	-7.15340e-02	2.53653e-01
2	0	4	1	1	3	2.16354e-01	1.56752e-01	2.36613e-01
2	0	5	1	1	3	2.26477e-01	2.19430e-01	2.54177e-01
2	0	6	1	1	3	1.46634e+00	-7.69085e-01	1.07966e+00
2	0	7	1	1	3	2.49431e-01	7.90660e-02	2.64418e-01
#######################################################################
# BAC                                                                 #
#######################################################################
3	0	0	0	1	3	0.00000e+00	0.00000e+00	0.00000e+00
3	0	1	0	1	3	0.00000e+00	0.00000e+00	0.00000e+00
#######################################################################
# FBH Up                                                              #
#######################################################################
4	0	0	0	2	3	-5.62952e-03	8.96903e-01	-3.53273e+01
4	0	1	0	2	3	-4.29399e-03	7.37975e-01	-3.00049e+01
4	0	2	0	2	3	-5.26894e-03	8.67305e-01	-3.38992e+01
4	0	3	0	2	3	-3.80183e-03	6.69237e-01	-2.72260e+01
4	0	4	0	2	3	-4.35014e-03	7.35785e-01	-2.92008e+01
4	0	5	0	2	3	-4.02541e-03	6.86907e-01	-2.70312e+01
4	0	6	0	2	3	-4.16660e-03	7.08229e-01	-2.81512e+01
4	0	7	0	2	3	-3.93117e-03	6.84759e-01	-2.69101e+01
4	0	8	0	2	3	-4.14423e-03	6.96902e-01	-2.65883e+01
4	0	9	0	2	3	-2.83372e-03	5.62925e-01	-2.20787e+01
4	0	10	0	2	3	-4.07944e-03	7.09420e-01	-2.75603e+01
4	0	11	0	2	3	-3.50961e-03	6.50113e-01	-2.64167e+01
4	0	12	0	2	3	-3.52415e-03	6.49734e-01	-2.67232e+01
4	0	13	0	2	3	-4.13420e-03	7.26957e-01	-2.99675e+01
4	0	14	0	2	3	-4.90315e-03	8.27563e-01	-3.35630e+01
4	0	15	0	2	3	-4.73048e-03	8.13189e-01	-3.31901e+01
#######################################################################
# FBH Down                                                            #
#######################################################################
4	0	0	1	2	3	-5.62952e-03	8.96903e-01	-3.53273e+01
4	0	1	1	2	3	-4.29399e-03	7.37975e-01	-3.00049e+01
4	0	2	1	2	3	-5.26894e-03	8.67305e-01	-3.38992e+01
4	0	3	1	2	3	-3.80183e-03	6.69237e-01	-2.72260e+01
4	0	4	1	2	3	-4.35014e-03	7.35785e-01	-2.92008e+01
4	0	5	1	2	3	-4.02541e-03	6.86907e-01	-2.70312e+01
4	0	6	1	2	3	-4.16660e-03	7.08229e-01	-2.81512e+01
4	0	7	1	2	3	-3.93117e-03	6.84759e-01	-2.69101e+01
4	0	8	1	2	3	-4.14423e-03	6.96902e-01	-2.65883e+01
4	0	9	1	2	3	-2.83372e-03	5.62925e-01	-2.20787e+01
4	0	10	1	2	3	-4.07944e-03	7.09420e-01	-2.75603e+01
4	0	11	1	2	3	-3.50961e-03	6.50113e-01	-2.64167e+01
4	0	12	1	2	3	-3.52415e-03	6.49734e-01	-2.67232e+01
4	0	13	1	2	3	-4.13420e-03	7.26957e-01	-2.99675e+01
4	0	14	1	2	3	-4.90315e-03	8.27563e-01	-3.35630e+01
4	0	15	1	2	3	-4.73048e-03	8.13189e-01	-3.31901e+01
#######################################################################
# PVAC                                                                #
#######################################################################
5	0	0	0	1	3	0.00000e+00	0.00000e+00	0.00000e+00
#######################################################################
# FAC                                                                 #
#######################################################################
6	0	0	0	1	3	0.00000e+00	0.00000e+00	0.00000e+00
#######################################################################
# SCH                                                                 #
#######################################################################
#7	0	0	0	2	3	-0.00500000	0.821213	-32.185321
#7	0	1	0	2	3	-0.00500000	0.830248	-32.269563
#7	0	2	0	2	3	-0.00500000	0.793073	-29.315934
#7	0	3	0	2	3	-0.00500000	0.772144	-28.276705
#7	0	4	0	2	3	-0.00500000	0.801968	-30.687167
#7	0	5	0	2	3	-0.00500000	0.778300	-28.439251
#7	0	6	0	2	3	-0.00500000	0.765872	-27.918181
#7	0	7	0	2	3	-0.00500000	0.738459	-26.016797
#7	0	8	0	2	3	-0.00500000	0.778318	-28.676371
#7	0	9	0	2	3	-0.00500000	0.776670	-28.892887
#7	0	10	0	2	3	-0.00500000	0.764278	-28.122474
#7	0	11	0	2	3	-0.00500000	0.790742	-29.423647
#7	0	12	0	2	3	-0.00500000	0.811330	-30.487019
#7	0	13	0	2	3	-0.00500000	0.818750	-30.891512
#7	0	14	0	2	3	-0.00500000	0.802541	-30.009136
#7	0	15	0	2	3	-0.00500000	0.809525	-30.751746
#7	0	16	0	2	3	-0.00500000	0.802597	-30.845509
#7	0	17	0	2	3	-0.00500000	0.835028	-32.780792
#7	0	18	0	2	3	-0.00500000	0.859176	-33.938731
#7	0	19	0	2	3	-0.00500000	0.814851	-31.445396
#7	0	20	0	2	3	-0.00500000	0.809426	-30.781087
#7	0	21	0	2	3	-0.00500000	0.780678	-28.888756
#7	0	22	0	2	3	-0.00500000	0.808206	-30.719604
#7	0	23	0	2	3	-0.00500000	0.774024	-27.858339
#7	0	24	0	2	3	-0.00500000	0.794308	-29.022101
#7	0	25	0	2	3	-0.00500000	0.775649	-27.980186
#7	0	26	0	2	3	-0.00500000	0.788483	-28.687567
#7	0	27	0	2	3	-0.00466315	0.771386	-29.253260
#7	0	28	0	2	3	-0.00483132	0.790854	-28.637741
#7	0	29	0	2	3	-0.00497049	0.812994	-30.786914
#7	0	30	0	2	3	-0.00500000	0.787793	-28.362716
#7	0	31	0	2	3	-0.00500000	0.790759	-28.876812
#7	0	32	0	2	3	-0.00500000	0.824826	-31.655285
#7	0	33	0	2	3	-0.00500000	0.845304	-33.407765
#7	0	34	0	2	3	-0.00500000	0.832263	-32.939799
#7	0	35	0	2	3	-0.00500000	0.820631	-31.695372
#7	0	36	0	2	3	-0.00500000	0.836997	-33.200590
#7	0	37	0	2	3	-0.00500000	0.819690	-32.097193
#7	0	38	0	2	3	-0.00500000	0.808109	-31.263214
#7	0	39	0	2	3	-0.00500000	0.815224	-31.135523
#7	0	40	0	2	3	-0.00500000	0.803398	-29.897923
#7	0	41	0	2	3	-0.00500000	0.815685	-31.165519
#7	0	42	0	2	3	-0.00500000	0.812980	-30.737261
#7	0	43	0	2	3	-0.00500000	0.829418	-32.693307
#7	0	44	0	2	3	-0.00500000	0.789530	-29.464920
#7	0	45	0	2	3	-0.00500000	0.804789	-31.208151
#7	0	46	0	2	3	-0.00500000	0.830106	-32.806514
#7	0	47	0	2	3	-0.00500000	0.819206	-31.373242
#7	0	48	0	2	3	-0.00500000	0.816165	-31.709319
#7	0	49	0	2	3	-0.00500000	0.798496	-30.201709
#7	0	50	0	2	3	-0.00500000	0.812167	-31.795745
#7	0	51	0	2	3	-0.00500000	0.810749	-31.375226
#7	0	52	0	2	3	-0.00500000	0.803385	-31.372512
#7	0	53	0	2	3	-0.00500000	0.777405	-29.262831
#7	0	54	0	2	3	-0.00500000	0.783954	-29.763410
#7	0	55	0	2	3	-0.00500000	0.789443	-29.976449
#7	0	56	0	2	3	-0.00500000	0.838828	-33.261086
#7	0	57	0	2	3	-0.00500000	0.804421	-30.573195
#7	0	58	0	2	3	-0.00500000	0.773283	-29.111048
#7	0	59	0	2	3	-0.00500000	0.811789	-31.449459
#7	0	60	0	2	3	-0.00500000	0.759724	-28.110014
#7	0	61	0	2	3	-0.00500000	0.810884	-31.379063
#7	0	62	0	2	3	-0.00500000	0.771910	-28.435006
#7	0	63	0	2	3	-0.00500000	0.796658	-30.511906
#######################################################################
# TOF Up                                                              #
#######################################################################
7	0	0	0	1	3	5.24830e+00	-1.96630e+00	2.96170e+00
7	0	1	0	1	3	5.24830e+00	-1.96630e+00	2.96170e+00
7	0	2	0	1	3	5.24830e+00	-1.96630e+00	2.96170e+00
7	0	3	0	1	3	5.24830e+00	-1.96630e+00	2.96170e+00
7	0	4	0	1	3	5.24830e+00	-1.96630e+00	2.96170e+00
7	0	5	0	1	3	5.24830e+00	-1.96630e+00	2.96170e+00
7	0	6	0	1	3	6.97090e+00	-3.03520e+00	3.39910e+00
7	0	7	0	1	3	4.05450e+00	-1.96150e+00	2.30360e+00
7	0	8	0	1	3	1.16940e+02	-2.98600e+01	2.09880e+01
7	0	9	0	1	3	5.24830e+00	-1.96630e+00	2.96170e+00
7	0	10	0	1	3	5.24830e+00	-1.96630e+00	2.96170e+00
7	0	11	0	1	3	5.24830e+00	-1.96630e+00	2.96170e+00
7	0	12	0	1	3	5.24830e+00	-1.96630e+00	2.96170e+00
7	0	13	0	1	3	5.24830e+00	-1.96630e+00	2.96170e+00
7	0	14	0	1	3	5.24830e+00	-1.96630e+00	2.96170e+00
7	0	15	0	1	3	5.24830e+00	-1.96630e+00	2.96170e+00
7	0	16	0	1	3	5.24830e+00	-1.96630e+00	2.96170e+00
7	0	17	0	1	3	5.24830e+00	-1.96630e+00	2.96170e+00
7	0	18	0	1	3	5.24830e+00	-1.96630e+00	2.96170e+00
7	0	19	0	1	3	7.11491e-01	1.85180e-03	5.82402e-01
7	0	20	0	1	3	5.59404e-01	-1.73810e-03	4.50716e-01
7	0	21	0	1	3	8.92499e-01	1.99900e-03	7.37364e-01
7	0	22	0	1	3	6.37553e-01	1.99960e-03	5.45449e-01
7	0	23	0	1	3	1.19210e+00	1.98920e-03	9.99994e-01
#######################################################################
# TOF Down                                                            #
#######################################################################
7	0	0	1	1	3	5.84300e+00	-2.30730e+00	3.11320e+00
7	0	1	1	1	3	5.84300e+00	-2.30730e+00	3.11320e+00
7	0	2	1	1	3	5.84300e+00	-2.30730e+00	3.11320e+00
7	0	3	1	1	3	5.84300e+00	-2.30730e+00	3.11320e+00
7	0	4	1	1	3	5.84300e+00	-2.30730e+00	3.11320e+00
7	0	5	1	1	3	5.84300e+00	-2.30730e+00	3.11320e+00
7	0	6	1	1	3	1.41330e+01	-5.81170e+00	5.32680e+00
7	0	7	1	1	3	7.84850e+01	-2.02870e+01	1.69500e+01
7	0	8	1	1	3	2.20240e+02	-3.62440e+01	3.60080e+01
7	0	9	1	1	3	5.84300e+00	-2.30730e+00	3.11320e+00
7	0	10	1	1	3	5.84300e+00	-2.30730e+00	3.11320e+00
7	0	11	1	1	3	5.84300e+00	-2.30730e+00	3.11320e+00
7	0	12	1	1	3	5.84300e+00	-2.30730e+00	3.11320e+00
7	0	13	1	1	3	5.84300e+00	-2.30730e+00	3.11320e+00
7	0	14	1	1	3	5.84300e+00	-2.30730e+00	3.11320e+00
7	0	15	1	1	3	5.84300e+00	-2.30730e+00	3.11320e+00
7	0	16	1	1	3	5.84300e+00	-2.30730e+00	3.11320e+00
7	0	17	1	1	3	5.84300e+00	-2.30730e+00	3.11320e+00
7	0	18	1	1	3	5.84300e+00	-2.30730e+00	3.11320e+00
7	0	19	1	1	3	6.18741e-01	1.99860e-03	4.90831e-01
7	0	20	1	1	3	5.75901e-01	1.04210e-03	4.72509e-01
7	0	21	1	1	3	9.41046e-01	1.99890e-03	7.79357e-01
7	0	22	1	1	3	4.84266e-01	-1.95590e-03	3.99786e-01
7	0	23	1	1	3	8.97714e-01	1.99860e-03	7.56300e-01
#######################################################################
# BFT U                                                               #
#######################################################################
110	0	0	0	2	3	6.67829e-03	-7.23597e-01	1.72982e+01
110	0	1	0	2	3	-9.13318e-03	4.37404e-01	-2.64794e+00
110	0	2	0	2	3	4.17137e-03	-6.22821e-01	1.79167e+01
110	0	3	0	2	3	-1.20340e-02	6.53033e-01	-7.84280e+00
110	0	4	0	2	3	-3.26078e-03	-1.54672e-02	6.13533e+00
110	0	5	0	2	3	-7.33477e-03	2.86911e-01	1.71582e-02
110	0	6	0	2	3	2.10625e-03	-4.50358e-01	1.39278e+01
110	0	7	0	2	3	-3.51195e-03	3.23299e-03	5.83454e+00
110	0	8	0	2	3	4.81491e-03	-6.49904e-01	1.77020e+01
110	0	9	0	2	3	4.45339e-03	-5.87237e-01	1.63194e+01
110	0	10	0	2	3	6.61246e-03	-7.57485e-01	1.83948e+01
110	0	11	0	2	3	2.75476e-03	-4.73860e-01	1.46061e+01
110	0	12	0	2	3	2.68529e-03	-4.69450e-01	1.25965e+01
110	0	13	0	2	3	7.80316e-04	-3.16834e-01	1.14772e+01
110	0	14	0	2	3	3.07257e-03	-5.06767e-01	1.42933e+01
110	0	15	0	2	3	4.37420e-03	-5.87851e-01	1.65680e+01
110	0	16	0	2	3	3.26623e-03	-5.21893e-01	1.44714e+01
110	0	17	0	2	3	2.73786e-03	-4.57455e-01	1.45952e+01
110	0	18	0	2	3	2.93467e-03	-5.01486e-01	1.41168e+01
110	0	19	0	2	3	3.22075e-03	-5.24506e-01	1.34277e+01
110	0	20	0	2	3	3.62420e-03	-5.39357e-01	1.52050e+01
110	0	21	0	2	3	3.53812e-03	-5.42812e-01	1.69985e+01
110	0	22	0	2	3	4.25999e-03	-5.94155e-01	1.61081e+01
110	0	23	0	2	3	2.91113e-03	-4.69871e-01	1.39523e+01
110	0	24	0	2	3	2.89340e-03	-4.85367e-01	1.44920e+01
110	0	25	0	2	3	2.71390e-03	-4.66495e-01	1.46147e+01
110	0	26	0	2	3	3.92673e-03	-5.72562e-01	1.58061e+01
110	0	27	0	2	3	4.84754e-03	-6.28672e-01	1.70444e+01
110	0	28	0	2	3	3.84455e-03	-5.59496e-01	1.40026e+01
110	0	29	0	2	3	4.11861e-03	-5.60698e-01	1.61144e+01
110	0	30	0	2	3	3.80596e-03	-5.56738e-01	1.51905e+01
110	0	31	0	2	3	5.38194e-03	-6.72421e-01	1.88953e+01
110	0	32	0	2	3	3.75295e-03	-5.66782e-01	1.59148e+01
110	0	33	0	2	3	4.20386e-03	-5.62303e-01	1.39261e+01
110	0	34	0	2	3	3.81714e-03	-5.60235e-01	1.53583e+01
110	0	35	0	2	3	4.28933e-03	-5.91017e-01	1.72857e+01
110	0	36	0	2	3	3.81301e-03	-5.47201e-01	1.48703e+01
110	0	37	0	2	3	4.35641e-03	-6.03205e-01	1.76185e+01
110	0	38	0	2	3	4.07862e-03	-5.71383e-01	1.48801e+01
110	0	39	0	2	3	4.20382e-03	-5.83595e-01	1.68959e+01
110	0	40	0	2	3	3.88345e-03	-5.55370e-01	1.39695e+01
110	0	41	0	2	3	5.04884e-03	-6.44377e-01	1.80542e+01
110	0	42	0	2	3	4.42390e-03	-5.90534e-01	1.50367e+01
110	0	43	0	2	3	3.82448e-03	-5.68238e-01	1.74320e+01
110	0	44	0	2	3	3.78078e-03	-5.58118e-01	1.52646e+01
110	0	45	0	2	3	4.38558e-03	-5.93804e-01	1.66705e+01
110	0	46	0	2	3	4.30158e-03	-6.01507e-01	1.62434e+01
110	0	47	0	2	3	4.23469e-03	-5.92066e-01	1.77593e+01
110	0	48	0	2	3	3.42391e-03	-5.27953e-01	1.37165e+01
110	0	49	0	2	3	4.34078e-03	-5.91839e-01	1.71135e+01
110	0	50	0	2	3	4.84343e-03	-6.27339e-01	1.67791e+01
110	0	51	0	2	3	4.87365e-03	-6.27223e-01	1.75466e+01
110	0	52	0	2	3	3.67796e-03	-5.42074e-01	1.45012e+01
110	0	53	0	2	3	4.19762e-03	-5.78303e-01	1.66451e+01
110	0	54	0	2	3	3.93040e-03	-5.65990e-01	1.54303e+01
110	0	55	0	2	3	5.16368e-03	-6.54872e-01	1.80860e+01
110	0	56	0	2	3	3.61483e-03	-5.56744e-01	1.53670e+01
110	0	57	0	2	3	4.59629e-03	-6.07056e-01	1.67897e+01
110	0	58	0	2	3	3.75790e-03	-5.58337e-01	1.64232e+01
110	0	59	0	2	3	4.67484e-03	-6.33416e-01	1.87809e+01
110	0	60	0	2	3	3.52904e-03	-5.47085e-01	1.49107e+01
110	0	61	0	2	3	3.64945e-03	-5.40885e-01	1.54018e+01
110	0	62	0	2	3	4.74654e-03	-6.24649e-01	1.64101e+01
110	0	63	0	2	3	4.13764e-03	-5.83410e-01	1.61739e+01
110	0	64	0	2	3	3.72396e-03	-5.56152e-01	1.56270e+01
110	0	65	0	2	3	4.54141e-03	-6.10256e-01	1.66588e+01
110	0	66	0	2	3	4.34441e-03	-6.12456e-01	1.68742e+01
110	0	67	0	2	3	3.75679e-03	-5.57844e-01	1.59489e+01
110	0	68	0	2	3	3.93554e-03	-5.83663e-01	1.67466e+01
110	0	69	0	2	3	3.64484e-03	-5.42538e-01	1.59747e+01
110	0	70	0	2	3	4.49662e-03	-6.24217e-01	1.63814e+01
110	0	71	0	2	3	4.06385e-03	-5.80529e-01	1.61332e+01
110	0	72	0	2	3	3.85803e-03	-5.70012e-01	1.52667e+01
110	0	73	0	2	3	4.28088e-03	-5.97665e-01	1.68721e+01
110	0	74	0	2	3	4.03707e-03	-5.92528e-01	1.68371e+01
110	0	75	0	2	3	4.42480e-03	-6.00178e-01	1.60815e+01
110	0	76	0	2	3	3.28120e-03	-5.27230e-01	1.46599e+01
110	0	77	0	2	3	3.59919e-03	-5.45402e-01	1.55195e+01
110	0	78	0	2	3	4.02053e-03	-5.88366e-01	1.60713e+01
110	0	79	0	2	3	4.18433e-03	-5.87662e-01	1.59193e+01
110	0	80	0	2	3	3.86040e-03	-5.66031e-01	1.53800e+01
110	0	81	0	2	3	4.04096e-03	-5.67817e-01	1.55321e+01
110	0	82	0	2	3	4.50879e-03	-6.10719e-01	1.66910e+01
110	0	83	0	2	3	4.56150e-03	-6.16839e-01	1.73395e+01
110	0	84	0	2	3	3.74510e-03	-5.55780e-01	1.56503e+01
110	0	85	0	2	3	3.88736e-03	-5.62328e-01	1.58362e+01
110	0	86	0	2	3	4.38895e-03	-6.20210e-01	1.67358e+01
110	0	87	0	2	3	4.47111e-03	-6.16749e-01	1.81359e+01
110	0	88	0	2	3	3.18696e-03	-5.13068e-01	1.42772e+01
110	0	89	0	2	3	4.09368e-03	-5.81311e-01	1.57791e+01
110	0	90	0	2	3	4.06861e-03	-5.87197e-01	1.58525e+01
110	0	91	0	2	3	4.47591e-03	-6.16495e-01	1.70257e+01
110	0	92	0	2	3	3.45932e-03	-5.49832e-01	1.60482e+01
110	0	93	0	2	3	3.88804e-03	-5.62015e-01	1.61341e+01
110	0	94	0	2	3	4.39741e-03	-6.26341e-01	1.84072e+01
110	0	95	0	2	3	4.55446e-03	-6.19504e-01	1.68839e+01
110	0	96	0	2	3	3.93448e-03	-5.84538e-01	1.63129e+01
110	0	97	0	2	3	4.07586e-03	-5.77847e-01	1.62363e+01
110	0	98	0	2	3	4.08319e-03	-5.95331e-01	1.64220e+01
110	0	99	0	2	3	4.33413e-03	-5.93091e-01	1.61330e+01
110	0	100	0	2	3	3.71269e-03	-5.59456e-01	1.62977e+01
110	0	101	0	2	3	4.12324e-03	-5.83527e-01	1.62851e+01
110	0	102	0	2	3	4.71888e-03	-6.37190e-01	1.69830e+01
110	0	103	0	2	3	4.14965e-03	-5.91919e-01	1.70726e+01
110	0	104	0	2	3	3.83083e-03	-5.72979e-01	1.57743e+01
110	0	105	0	2	3	4.09323e-03	-5.76877e-01	1.65597e+01
110	0	106	0	2	3	4.33415e-03	-6.03548e-01	1.72403e+01
110	0	107	0	2	3	5.46432e-03	-6.74944e-01	1.77886e+01
110	0	108	0	2	3	3.37673e-03	-5.37461e-01	1.59067e+01
110	0	109	0	2	3	3.84046e-03	-5.66507e-01	1.63945e+01
110	0	110	0	2	3	4.31433e-03	-6.01864e-01	1.69807e+01
110	0	111	0	2	3	3.94008e-03	-5.79250e-01	1.67727e+01
110	0	112	0	2	3	3.36558e-03	-5.31335e-01	1.45962e+01
110	0	113	0	2	3	3.28182e-03	-5.19959e-01	1.55120e+01
110	0	114	0	2	3	4.48779e-03	-6.18257e-01	1.74589e+01
110	0	115	0	2	3	4.71056e-03	-6.29072e-01	1.75320e+01
110	0	116	0	2	3	3.78464e-03	-5.70118e-01	1.62009e+01
110	0	117	0	2	3	4.36697e-03	-6.04101e-01	1.70700e+01
110	0	118	0	2	3	4.09404e-03	-5.93663e-01	1.73047e+01
110	0	119	0	2	3	4.77216e-03	-6.26299e-01	1.65050e+01
110	0	120	0	2	3	3.49098e-03	-5.52940e-01	1.60824e+01
110	0	121	0	2	3	4.15330e-03	-5.79740e-01	1.52005e+01
110	0	122	0	2	3	3.03462e-03	-5.16198e-01	1.64772e+01
110	0	123	0	2	3	5.13189e-03	-6.64475e-01	1.85836e+01
110	0	124	0	2	3	1.45936e-03	-3.73404e-01	1.29063e+01
110	0	125	0	2	3	4.17663e-03	-5.71132e-01	1.43510e+01
110	0	126	0	2	3	4.28409e-03	-5.98214e-01	1.66819e+01
110	0	127	0	2	3	3.68686e-03	-5.43163e-01	1.48914e+01
110	0	128	0	2	3	3.15245e-03	-5.58335e-01	1.74549e+01
110	0	129	0	2	3	2.51475e-03	-4.93106e-01	1.47867e+01
110	0	130	0	2	3	3.21224e-03	-5.48106e-01	1.71387e+01
110	0	131	0	2	3	1.79893e-03	-4.42411e-01	1.51965e+01
110	0	132	0	2	3	4.11587e-03	-5.94460e-01	1.69152e+01
110	0	133	0	2	3	1.40460e-03	-3.88717e-01	1.37623e+01
110	0	134	0	2	3	2.28691e-03	-4.80784e-01	1.57604e+01
110	0	135	0	2	3	1.58079e-03	-4.01721e-01	1.32727e+01
110	0	136	0	2	3	2.75548e-03	-4.96990e-01	1.51127e+01
110	0	137	0	2	3	2.55164e-03	-4.77486e-01	1.46437e+01
110	0	138	0	2	3	5.07384e-03	-7.01734e-01	2.03780e+01
110	0	139	0	2	3	3.12890e-03	-5.37921e-01	1.57102e+01
110	0	140	0	2	3	2.41882e-03	-4.73540e-01	1.58500e+01
110	0	141	0	2	3	2.44600e-03	-4.82080e-01	1.48551e+01
110	0	142	0	2	3	-5.15402e-03	9.10625e-02	4.74357e+00
110	0	143	0	2	3	6.02483e-03	-7.35688e-01	1.95841e+01
110	0	144	0	2	3	-7.95708e-03	3.07483e-01	-8.02595e-02
110	0	145	0	2	3	1.93882e-03	-4.26976e-01	1.32323e+01
110	0	146	0	2	3	1.37435e-03	-4.09453e-01	1.42887e+01
110	0	147	0	2	3	4.15606e-04	-3.22847e-01	1.16974e+01
110	0	148	0	2	3	5.52530e-03	-7.13742e-01	1.91884e+01
110	0	149	0	2	3	4.29434e-03	-6.10023e-01	1.78736e+01
110	0	150	0	2	3	1.06489e-02	-1.11115e+00	2.76482e+01
110	0	151	0	2	3	-5.59673e-03	1.33856e-01	3.84731e+00
110	0	152	0	2	3	1.66194e-03	-4.25600e-01	1.50907e+01
110	0	153	0	2	3	2.50853e-03	-5.01951e-01	1.53726e+01
110	0	154	0	2	3	7.13392e-04	-3.56213e-01	1.28197e+01
110	0	155	0	2	3	8.24289e-03	-8.99964e-01	2.15041e+01
110	0	156	0	2	3	1.03488e-03	-3.78874e-01	1.39084e+01
110	0	157	0	2	3	6.73881e-04	-3.35688e-01	1.27717e+01
110	0	158	0	2	3	-1.40346e-02	7.82987e-01	-8.57566e+00
110	0	159	0	2	3	-2.95498e-03	-8.17170e-02	8.06194e+00
#######################################################################
# BFT D                                                               #
#######################################################################
110	1	0	0	2	3	-9.99097e-04	-2.26563e-01	1.02873e+01
110	1	1	0	2	3	-2.66155e-02	1.92296e+00	-3.37852e+01
110	1	2	0	2	3	-6.90283e-03	2.02740e-01	2.47730e+00
110	1	3	0	2	3	1.63184e-03	-4.02179e-01	1.39605e+01
110	1	4	0	2	3	4.77551e-03	-6.53815e-01	1.80069e+01
110	1	5	0	2	3	2.22765e-03	-4.48714e-01	1.47103e+01
110	1	6	0	2	3	5.82027e-03	-7.36595e-01	1.93243e+01
110	1	7	0	2	3	3.91267e-03	-5.58798e-01	1.59849e+01
110	1	8	0	2	3	4.44940e-03	-6.16088e-01	1.71175e+01
110	1	9	0	2	3	-2.52340e-03	-7.35112e-02	7.32386e+00
110	1	10	0	2	3	2.75883e-03	-4.95905e-01	1.39199e+01
110	1	11	0	2	3	5.25788e-03	-6.57104e-01	1.76093e+01
110	1	12	0	2	3	3.04872e-03	-5.28030e-01	1.49448e+01
110	1	13	0	2	3	2.37446e-03	-4.66739e-01	1.43187e+01
110	1	14	0	2	3	3.22112e-03	-5.33690e-01	1.47418e+01
110	1	15	0	2	3	5.20779e-03	-6.66608e-01	1.87160e+01
110	1	16	0	2	3	2.19285e-03	-4.47669e-01	1.33406e+01
110	1	17	0	2	3	2.45559e-03	-4.65798e-01	1.44180e+01
110	1	18	0	2	3	3.36799e-03	-5.28059e-01	1.41243e+01
110	1	19	0	2	3	6.18318e-03	-7.39814e-01	1.97114e+01
110	1	20	0	2	3	2.23407e-03	-4.70831e-01	1.44295e+01
110	1	21	0	2	3	2.42383e-03	-4.59261e-01	1.55222e+01
110	1	22	0	2	3	4.16173e-03	-5.84919e-01	1.56500e+01
110	1	23	0	2	3	4.99539e-03	-6.36088e-01	1.77361e+01
110	1	24	0	2	3	3.91522e-03	-5.77202e-01	1.66152e+01
110	1	25	0	2	3	3.62938e-03	-5.41501e-01	1.52472e+01
110	1	26	0	2	3	3.51847e-03	-5.50006e-01	1.59802e+01
110	1	27	0	2	3	4.01875e-03	-5.83280e-01	1.69821e+01
110	1	28	0	2	3	3.71504e-03	-5.62227e-01	1.52300e+01
110	1	29	0	2	3	3.01476e-03	-5.03761e-01	1.48044e+01
110	1	30	0	2	3	2.57661e-03	-4.82097e-01	1.41324e+01
110	1	31	0	2	3	4.39527e-03	-6.09374e-01	1.68578e+01
110	1	32	0	2	3	2.80604e-03	-4.91628e-01	1.53555e+01
110	1	33	0	2	3	3.09731e-03	-5.17877e-01	1.40763e+01
110	1	34	0	2	3	2.96617e-03	-5.05943e-01	1.40476e+01
110	1	35	0	2	3	4.05049e-03	-5.94509e-01	1.77425e+01
110	1	36	0	2	3	3.04738e-03	-5.10016e-01	1.53120e+01
110	1	37	0	2	3	3.74386e-03	-5.49516e-01	1.47167e+01
110	1	38	0	2	3	4.32457e-03	-5.98798e-01	1.69591e+01
110	1	39	0	2	3	3.92070e-03	-5.59133e-01	1.57801e+01
110	1	40	0	2	3	3.61628e-03	-5.45653e-01	1.57266e+01
110	1	41	0	2	3	3.63788e-03	-5.44319e-01	1.60278e+01
110	1	42	0	2	3	3.71774e-03	-5.49454e-01	1.52396e+01
110	1	43	0	2	3	3.73249e-03	-5.53607e-01	1.60234e+01
110	1	44	0	2	3	3.60683e-03	-5.54638e-01	1.61143e+01
110	1	45	0	2	3	3.11725e-03	-5.10834e-01	1.57529e+01
110	1	46	0	2	3	4.18589e-03	-5.95062e-01	1.57375e+01
110	1	47	0	2	3	4.22802e-03	-6.12304e-01	1.85817e+01
110	1	48	0	2	3	3.51277e-03	-5.42549e-01	1.55486e+01
110	1	49	0	2	3	3.58900e-03	-5.41949e-01	1.65552e+01
110	1	50	0	2	3	4.26376e-03	-6.00005e-01	1.65469e+01
110	1	51	0	2	3	4.48098e-03	-6.08671e-01	1.73989e+01
110	1	52	0	2	3	3.78788e-03	-5.75757e-01	1.54901e+01
110	1	53	0	2	3	3.44413e-03	-5.34019e-01	1.64079e+01
110	1	54	0	2	3	4.27929e-03	-6.08937e-01	1.69965e+01
110	1	55	0	2	3	4.42021e-03	-6.06728e-01	1.75466e+01
110	1	56	0	2	3	3.83487e-03	-5.80918e-01	1.66254e+01
110	1	57	0	2	3	3.78857e-03	-5.62563e-01	1.65096e+01
110	1	58	0	2	3	4.13980e-03	-6.07776e-01	1.80722e+01
110	1	59	0	2	3	4.12310e-03	-5.95794e-01	1.84222e+01
110	1	60	0	2	3	3.81003e-03	-5.73132e-01	1.62588e+01
110	1	61	0	2	3	4.08357e-03	-5.74777e-01	1.62949e+01
110	1	62	0	2	3	4.02533e-03	-5.87676e-01	1.54985e+01
110	1	63	0	2	3	4.00744e-03	-5.81408e-01	1.72448e+01
110	1	64	0	2	3	3.62183e-03	-5.56793e-01	1.62598e+01
110	1	65	0	2	3	4.18316e-03	-5.91463e-01	1.66619e+01
110	1	66	0	2	3	4.53946e-03	-6.29545e-01	1.63201e+01
110	1	67	0	2	3	4.16526e-03	-5.96824e-01	1.59459e+01
110	1	68	0	2	3	3.24255e-03	-5.20811e-01	1.50303e+01
110	1	69	0	2	3	3.79999e-03	-5.64222e-01	1.62854e+01
110	1	70	0	2	3	3.95287e-03	-5.81570e-01	1.65736e+01
110	1	71	0	2	3	4.13573e-03	-5.99433e-01	1.72711e+01
110	1	72	0	2	3	3.78859e-03	-5.65819e-01	1.57865e+01
110	1	73	0	2	3	4.17300e-03	-5.97685e-01	1.76777e+01
110	1	74	0	2	3	3.84452e-03	-5.69524e-01	1.50262e+01
110	1	75	0	2	3	3.93833e-03	-5.85235e-01	1.64693e+01
110	1	76	0	2	3	3.46396e-03	-5.42485e-01	1.52361e+01
110	1	77	0	2	3	3.67035e-03	-5.62660e-01	1.60456e+01
110	1	78	0	2	3	3.72783e-03	-5.68492e-01	1.51238e+01
110	1	79	0	2	3	4.22996e-03	-5.97901e-01	1.65169e+01
110	1	80	0	2	3	3.92907e-03	-5.72212e-01	1.56180e+01
110	1	81	0	2	3	3.74100e-03	-5.60674e-01	1.52046e+01
110	1	82	0	2	3	4.27499e-03	-5.99563e-01	1.70266e+01
110	1	83	0	2	3	4.24913e-03	-5.87485e-01	1.59080e+01
110	1	84	0	2	3	3.74173e-03	-5.48095e-01	1.45898e+01
110	1	85	0	2	3	3.69494e-03	-5.56314e-01	1.54058e+01
110	1	86	0	2	3	4.07834e-03	-5.89279e-01	1.66971e+01
110	1	87	0	2	3	4.29559e-03	-5.93350e-01	1.47503e+01
110	1	88	0	2	3	3.86524e-03	-5.70281e-01	1.60781e+01
110	1	89	0	2	3	3.52010e-03	-5.51066e-01	1.50479e+01
110	1	90	0	2	3	3.88095e-03	-5.74057e-01	1.53220e+01
110	1	91	0	2	3	4.03616e-03	-5.78032e-01	1.62831e+01
110	1	92	0	2	3	3.09582e-03	-5.10477e-01	1.45932e+01
110	1	93	0	2	3	3.96852e-03	-5.76260e-01	1.59397e+01
110	1	94	0	2	3	3.81115e-03	-5.71025e-01	1.64605e+01
110	1	95	0	2	3	4.11877e-03	-5.92315e-01	1.59562e+01
110	1	96	0	2	3	3.45009e-03	-5.37100e-01	1.47246e+01
110	1	97	0	2	3	3.86258e-03	-5.66900e-01	1.61818e+01
110	1	98	0	2	3	3.61065e-03	-5.68640e-01	1.67534e+01
110	1	99	0	2	3	4.32697e-03	-6.00705e-01	1.61259e+01
110	1	100	0	2	3	3.06495e-03	-5.00182e-01	1.46088e+01
110	1	101	0	2	3	3.61045e-03	-5.48408e-01	1.57525e+01
110	1	102	0	2	3	4.14715e-03	-6.02939e-01	1.65507e+01
110	1	103	0	2	3	3.92178e-03	-5.73656e-01	1.56062e+01
110	1	104	0	2	3	3.63864e-03	-5.53938e-01	1.56062e+01
110	1	105	0	2	3	4.16259e-03	-5.91275e-01	1.63330e+01
110	1	106	0	2	3	4.16655e-03	-5.99851e-01	1.72518e+01
110	1	107	0	2	3	3.68033e-03	-5.55827e-01	1.54443e+01
110	1	108	0	2	3	4.25907e-03	-5.96714e-01	1.70651e+01
110	1	109	0	2	3	3.75813e-03	-5.64151e-01	1.63896e+01
110	1	110	0	2	3	4.01260e-03	-5.87878e-01	1.62725e+01
110	1	111	0	2	3	4.51676e-03	-6.28741e-01	1.81628e+01
110	1	112	0	2	3	3.50142e-03	-5.46818e-01	1.53648e+01
110	1	113	0	2	3	4.23422e-03	-6.01383e-01	1.67208e+01
110	1	114	0	2	3	3.78221e-03	-5.75454e-01	1.57372e+01
110	1	115	0	2	3	4.38889e-03	-6.01550e-01	1.61864e+01
110	1	116	0	2	3	3.03388e-03	-5.14151e-01	1.49764e+01
110	1	117	0	2	3	4.62186e-03	-6.16214e-01	1.66429e+01
110	1	118	0	2	3	3.98756e-03	-5.87112e-01	1.54652e+01
110	1	119	0	2	3	3.96255e-03	-5.81627e-01	1.64157e+01
110	1	120	0	2	3	4.61052e-03	-6.18301e-01	1.74091e+01
110	1	121	0	2	3	3.44190e-03	-5.36616e-01	1.52118e+01
110	1	122	0	2	3	3.75350e-03	-5.72258e-01	1.71629e+01
110	1	123	0	2	3	4.19737e-03	-5.98206e-01	1.78271e+01
110	1	124	0	2	3	2.72992e-03	-4.89615e-01	1.40132e+01
110	1	125	0	2	3	2.56699e-03	-4.78419e-01	1.45136e+01
110	1	126	0	2	3	2.87486e-03	-4.91132e-01	1.44550e+01
110	1	127	0	2	3	2.44744e-03	-4.61014e-01	1.39292e+01
110	1	128	0	2	3	3.81170e-03	-5.79176e-01	1.67087e+01
110	1	129	0	2	3	3.86130e-03	-5.78782e-01	1.65734e+01
110	1	130	0	2	3	4.47931e-03	-6.26425e-01	1.76651e+01
110	1	131	0	2	3	4.83019e-03	-6.36982e-01	1.70703e+01
110	1	132	0	2	3	4.00584e-03	-5.87950e-01	1.70037e+01
110	1	133	0	2	3	4.16822e-03	-5.96338e-01	1.62123e+01
110	1	134	0	2	3	3.34212e-03	-5.58421e-01	1.67195e+01
110	1	135	0	2	3	1.52098e-03	-4.30016e-01	1.42157e+01
110	1	136	0	2	3	3.43004e-03	-5.59672e-01	1.69240e+01
110	1	137	0	2	3	1.04728e-03	-3.90076e-01	1.33574e+01
110	1	138	0	2	3	9.25580e-04	-3.64223e-01	1.24464e+01
110	1	139	0	2	3	9.77274e-04	-3.91408e-01	1.37192e+01
110	1	140	0	2	3	4.23655e-03	-6.01162e-01	1.73291e+01
110	1	141	0	2	3	5.01274e-03	-6.54814e-01	1.81042e+01
110	1	142	0	2	3	3.77209e-03	-5.75664e-01	1.58678e+01
110	1	143	0	2	3	4.08460e-03	-6.15117e-01	1.79338e+01
110	1	144	0	2	3	5.70082e-03	-7.30169e-01	2.02814e+01
110	1	145	0	2	3	2.85957e-03	-5.09266e-01	1.50842e+01
110	1	146	0	2	3	4.35122e-03	-6.13714e-01	1.67278e+01
110	1	147	0	2	3	2.99983e-03	-5.07942e-01	1.39721e+01
110	1	148	0	2	3	4.12387e-03	-6.03328e-01	1.72286e+01
110	1	149	0	2	3	1.67523e-03	-4.09872e-01	1.36205e+01
110	1	150	0	2	3	-2.47244e-03	-1.07907e-01	8.09609e+00
110	1	151	0	2	3	4.23130e-03	-6.09283e-01	1.67004e+01
110	1	152	0	2	3	5.62567e-04	-3.40914e-01	1.29743e+01
110	1	153	0	2	3	7.82113e-04	-3.41548e-01	1.26134e+01
110	1	154	0	2	3	3.62036e-03	-6.02401e-01	1.67018e+01
110	1	155	0	2	3	5.39351e-03	-7.12696e-01	1.88158e+01
110	1	156	0	2	3	5.03935e-03	-6.87633e-01	1.89355e+01
110	1	157	0	2	3	-7.09889e-03	2.00076e-01	3.47534e+00
110	1	158	0	2	3	-5.74830e-04	-2.54592e-01	1.09980e+01
110	1	159	0	2	3	-6.88476e-04	-2.71405e-01	1.25444e+01
