##
#  file: HodoPHCParam_Dummy
#  date: 2016.06.15
#  note: first version
#
#
#######################################################################
# CId	PlId	Seg	UorD	Type	nParam	p0	p1	...
#
#	Type=0 no correction will be performed
#	Type=1 ct=t-p[0]/sqrt(a-p[1])+p[2]
#	Type=2 ct=p[0]*a*a + p[1]*a + p[2] for Fiber
#
#######################################################################
# BH1 Up                                                              #
#######################################################################
1	0	0	0	1	3	9.72882e+01	-2.42381e+01	1.93388e+01
1	0	1	0	1	3	8.39811e-01	2.30870e-01	9.07677e-01
1	0	2	0	1	3	7.96271e-01	2.02772e-01	8.76313e-01
1	0	3	0	1	3	1.24269e+00	-1.47574e-01	1.19840e+00
1	0	4	0	1	3	1.09931e+00	-7.72769e-02	1.08260e+00
1	0	5	0	1	3	1.05845e+00	1.40683e-01	1.18835e+00
1	0	6	0	1	3	1.24845e+00	-7.32092e-02	1.22011e+00
1	0	7	0	1	3	1.38494e+00	-1.69323e-01	1.29113e+00
1	0	8	0	1	3	1.12943e+00	-1.85789e-01	1.05048e+00
1	0	9	0	1	3	1.39270e+00	-1.82072e-01	1.30041e+00
1	0	10	0	1	3	1.71493e+02	-3.15885e+01	3.00372e+01
#######################################################################
# BH1 Down                                                            #
#######################################################################
1	0	0	1	1	3	1.69589e+00	-2.63702e-01	1.46458e+00
1	0	1	1	1	3	6.65147e-01	3.06785e-01	7.74182e-01
1	0	2	1	1	3	1.69164e+00	-4.50471e-01	1.36238e+00
1	0	3	1	1	3	7.14482e+01	-2.23619e+01	1.47724e+01
1	0	4	1	1	3	1.42431e+00	-1.84323e-01	1.31423e+00
1	0	5	1	1	3	1.48351e+00	-1.17877e-01	1.40777e+00
1	0	6	1	1	3	1.64799e+00	-3.01989e-01	1.48452e+00
1	0	7	1	1	3	1.48685e+00	-1.75507e-01	1.38619e+00
1	0	8	1	1	3	5.71792e-01	2.68423e-01	6.99614e-01
1	0	9	1	1	3	1.07020e+00	4.47097e-02	1.11772e+00
1	0	10	1	1	3	5.19525e-01	3.65790e-01	6.45791e-01
#######################################################################
# BH2 Up                                                              #
#######################################################################
2	0	0	0	1	3	1.12115e-01	3.35357e-01	1.33957e-01
2	0	1	0	1	3	4.23202e-01	6.01088e-02	4.32756e-01
2	0	2	0	1	3	4.01076e-01	4.56070e-02	4.03148e-01
2	0	3	0	1	3	3.85284e-01	5.67440e-02	3.98101e-01
2	0	4	0	1	3	2.66200e-01	1.48660e-01	2.92941e-01
2	0	5	0	1	3	1.66891e-01	2.88043e-01	2.06447e-01
2	0	6	0	1	3	1.71542e-01	2.55850e-01	2.12138e-01
2	0	7	0	1	3	1.96083e-01	2.29490e-01	2.30246e-01
#######################################################################
# BH2 Down                                                            #
#######################################################################
2	0	0	1	1	3	1.86082e-01	2.04597e-01	2.06299e-01
2	0	1	1	1	3	3.69447e-01	6.07075e-02	3.67987e-01
2	0	2	1	1	3	4.36704e-01	5.29092e-03	4.17610e-01
2	0	3	1	1	3	5.05110e-01	-2.36197e-01	4.33924e-01
2	0	4	1	1	3	3.34198e-01	6.07922e-02	3.30964e-01
2	0	5	1	1	3	2.71316e-01	1.29618e-01	2.74971e-01
2	0	6	1	1	3	4.51400e-01	-3.05140e-02	4.20447e-01
2	0	7	1	1	3	2.11967e-01	8.42464e-02	2.22906e-01
#######################################################################
# BAC                                                                 #
#######################################################################
3	0	0	0	1	3	0.00000e+00	0.00000e+00	0.00000e+00
3	0	1	0	1	3	0.00000e+00	0.00000e+00	0.00000e+00
#######################################################################
# FBH Up                                                              #
#######################################################################
4	0	0	0	2	3	-5.62952e-03	8.96903e-01	-3.53273e+01
4	0	1	0	2	3	-4.29399e-03	7.37975e-01	-3.00049e+01
4	0	2	0	2	3	-5.26894e-03	8.67305e-01	-3.38992e+01
4	0	3	0	2	3	-3.80183e-03	6.69237e-01	-2.72260e+01
4	0	4	0	2	3	-4.35014e-03	7.35785e-01	-2.92008e+01
4	0	5	0	2	3	-4.02541e-03	6.86907e-01	-2.70312e+01
4	0	6	0	2	3	-4.16660e-03	7.08229e-01	-2.81512e+01
4	0	7	0	2	3	-3.93117e-03	6.84759e-01	-2.69101e+01
4	0	8	0	2	3	-4.14423e-03	6.96902e-01	-2.65883e+01
4	0	9	0	2	3	-2.83372e-03	5.62925e-01	-2.20787e+01
4	0	10	0	2	3	-4.07944e-03	7.09420e-01	-2.75603e+01
4	0	11	0	2	3	-3.50961e-03	6.50113e-01	-2.64167e+01
4	0	12	0	2	3	-3.52415e-03	6.49734e-01	-2.67232e+01
4	0	13	0	2	3	-4.13420e-03	7.26957e-01	-2.99675e+01
4	0	14	0	2	3	-4.90315e-03	8.27563e-01	-3.35630e+01
4	0	15	0	2	3	-4.73048e-03	8.13189e-01	-3.31901e+01
#######################################################################
# FBH Down                                                            #
#######################################################################
4	0	0	1	2	3	-5.62952e-03	8.96903e-01	-3.53273e+01
4	0	1	1	2	3	-4.29399e-03	7.37975e-01	-3.00049e+01
4	0	2	1	2	3	-5.26894e-03	8.67305e-01	-3.38992e+01
4	0	3	1	2	3	-3.80183e-03	6.69237e-01	-2.72260e+01
4	0	4	1	2	3	-4.35014e-03	7.35785e-01	-2.92008e+01
4	0	5	1	2	3	-4.02541e-03	6.86907e-01	-2.70312e+01
4	0	6	1	2	3	-4.16660e-03	7.08229e-01	-2.81512e+01
4	0	7	1	2	3	-3.93117e-03	6.84759e-01	-2.69101e+01
4	0	8	1	2	3	-4.14423e-03	6.96902e-01	-2.65883e+01
4	0	9	1	2	3	-2.83372e-03	5.62925e-01	-2.20787e+01
4	0	10	1	2	3	-4.07944e-03	7.09420e-01	-2.75603e+01
4	0	11	1	2	3	-3.50961e-03	6.50113e-01	-2.64167e+01
4	0	12	1	2	3	-3.52415e-03	6.49734e-01	-2.67232e+01
4	0	13	1	2	3	-4.13420e-03	7.26957e-01	-2.99675e+01
4	0	14	1	2	3	-4.90315e-03	8.27563e-01	-3.35630e+01
4	0	15	1	2	3	-4.73048e-03	8.13189e-01	-3.31901e+01
#######################################################################
# PVAC                                                                #
#######################################################################
5	0	0	0	1	3	0.00000e+00	0.00000e+00	0.00000e+00
#######################################################################
# FAC                                                                 #
#######################################################################
6	0	0	0	1	3	0.00000e+00	0.00000e+00	0.00000e+00
#######################################################################
# SCH                                                                 #
#######################################################################
#7	0	0	0	2	3	-0.00500000	0.821213	-32.185321
#7	0	1	0	2	3	-0.00500000	0.830248	-32.269563
#7	0	2	0	2	3	-0.00500000	0.793073	-29.315934
#7	0	3	0	2	3	-0.00500000	0.772144	-28.276705
#7	0	4	0	2	3	-0.00500000	0.801968	-30.687167
#7	0	5	0	2	3	-0.00500000	0.778300	-28.439251
#7	0	6	0	2	3	-0.00500000	0.765872	-27.918181
#7	0	7	0	2	3	-0.00500000	0.738459	-26.016797
#7	0	8	0	2	3	-0.00500000	0.778318	-28.676371
#7	0	9	0	2	3	-0.00500000	0.776670	-28.892887
#7	0	10	0	2	3	-0.00500000	0.764278	-28.122474
#7	0	11	0	2	3	-0.00500000	0.790742	-29.423647
#7	0	12	0	2	3	-0.00500000	0.811330	-30.487019
#7	0	13	0	2	3	-0.00500000	0.818750	-30.891512
#7	0	14	0	2	3	-0.00500000	0.802541	-30.009136
#7	0	15	0	2	3	-0.00500000	0.809525	-30.751746
#7	0	16	0	2	3	-0.00500000	0.802597	-30.845509
#7	0	17	0	2	3	-0.00500000	0.835028	-32.780792
#7	0	18	0	2	3	-0.00500000	0.859176	-33.938731
#7	0	19	0	2	3	-0.00500000	0.814851	-31.445396
#7	0	20	0	2	3	-0.00500000	0.809426	-30.781087
#7	0	21	0	2	3	-0.00500000	0.780678	-28.888756
#7	0	22	0	2	3	-0.00500000	0.808206	-30.719604
#7	0	23	0	2	3	-0.00500000	0.774024	-27.858339
#7	0	24	0	2	3	-0.00500000	0.794308	-29.022101
#7	0	25	0	2	3	-0.00500000	0.775649	-27.980186
#7	0	26	0	2	3	-0.00500000	0.788483	-28.687567
#7	0	27	0	2	3	-0.00466315	0.771386	-29.253260
#7	0	28	0	2	3	-0.00483132	0.790854	-28.637741
#7	0	29	0	2	3	-0.00497049	0.812994	-30.786914
#7	0	30	0	2	3	-0.00500000	0.787793	-28.362716
#7	0	31	0	2	3	-0.00500000	0.790759	-28.876812
#7	0	32	0	2	3	-0.00500000	0.824826	-31.655285
#7	0	33	0	2	3	-0.00500000	0.845304	-33.407765
#7	0	34	0	2	3	-0.00500000	0.832263	-32.939799
#7	0	35	0	2	3	-0.00500000	0.820631	-31.695372
#7	0	36	0	2	3	-0.00500000	0.836997	-33.200590
#7	0	37	0	2	3	-0.00500000	0.819690	-32.097193
#7	0	38	0	2	3	-0.00500000	0.808109	-31.263214
#7	0	39	0	2	3	-0.00500000	0.815224	-31.135523
#7	0	40	0	2	3	-0.00500000	0.803398	-29.897923
#7	0	41	0	2	3	-0.00500000	0.815685	-31.165519
#7	0	42	0	2	3	-0.00500000	0.812980	-30.737261
#7	0	43	0	2	3	-0.00500000	0.829418	-32.693307
#7	0	44	0	2	3	-0.00500000	0.789530	-29.464920
#7	0	45	0	2	3	-0.00500000	0.804789	-31.208151
#7	0	46	0	2	3	-0.00500000	0.830106	-32.806514
#7	0	47	0	2	3	-0.00500000	0.819206	-31.373242
#7	0	48	0	2	3	-0.00500000	0.816165	-31.709319
#7	0	49	0	2	3	-0.00500000	0.798496	-30.201709
#7	0	50	0	2	3	-0.00500000	0.812167	-31.795745
#7	0	51	0	2	3	-0.00500000	0.810749	-31.375226
#7	0	52	0	2	3	-0.00500000	0.803385	-31.372512
#7	0	53	0	2	3	-0.00500000	0.777405	-29.262831
#7	0	54	0	2	3	-0.00500000	0.783954	-29.763410
#7	0	55	0	2	3	-0.00500000	0.789443	-29.976449
#7	0	56	0	2	3	-0.00500000	0.838828	-33.261086
#7	0	57	0	2	3	-0.00500000	0.804421	-30.573195
#7	0	58	0	2	3	-0.00500000	0.773283	-29.111048
#7	0	59	0	2	3	-0.00500000	0.811789	-31.449459
#7	0	60	0	2	3	-0.00500000	0.759724	-28.110014
#7	0	61	0	2	3	-0.00500000	0.810884	-31.379063
#7	0	62	0	2	3	-0.00500000	0.771910	-28.435006
#7	0	63	0	2	3	-0.00500000	0.796658	-30.511906
#######################################################################
# TOF Up                                                              #
#######################################################################
7	0	0	0	1	3	5.24830e+00	-1.96630e+00	2.96170e+00
7	0	1	0	1	3	5.24830e+00	-1.96630e+00	2.96170e+00
7	0	2	0	1	3	5.24830e+00	-1.96630e+00	2.96170e+00
7	0	3	0	1	3	5.24830e+00	-1.96630e+00	2.96170e+00
7	0	4	0	1	3	5.24830e+00	-1.96630e+00	2.96170e+00
7	0	5	0	1	3	5.24830e+00	-1.96630e+00	2.96170e+00
7	0	6	0	1	3	6.97090e+00	-3.03520e+00	3.39910e+00
7	0	7	0	1	3	4.05450e+00	-1.96150e+00	2.30360e+00
7	0	8	0	1	3	1.16940e+02	-2.98600e+01	2.09880e+01
7	0	9	0	1	3	5.24830e+00	-1.96630e+00	2.96170e+00
7	0	10	0	1	3	5.24830e+00	-1.96630e+00	2.96170e+00
7	0	11	0	1	3	5.24830e+00	-1.96630e+00	2.96170e+00
7	0	12	0	1	3	5.24830e+00	-1.96630e+00	2.96170e+00
7	0	13	0	1	3	5.24830e+00	-1.96630e+00	2.96170e+00
7	0	14	0	1	3	5.24830e+00	-1.96630e+00	2.96170e+00
7	0	15	0	1	3	5.24830e+00	-1.96630e+00	2.96170e+00
7	0	16	0	1	3	5.24830e+00	-1.96630e+00	2.96170e+00
7	0	17	0	1	3	5.24830e+00	-1.96630e+00	2.96170e+00
7	0	18	0	1	3	5.24830e+00	-1.96630e+00	2.96170e+00
7	0	19	0	1	3	7.11491e-01	1.85180e-03	5.82402e-01
7	0	20	0	1	3	5.59404e-01	-1.73810e-03	4.50716e-01
7	0	21	0	1	3	8.92499e-01	1.99900e-03	7.37364e-01
7	0	22	0	1	3	6.37553e-01	1.99960e-03	5.45449e-01
7	0	23	0	1	3	1.19210e+00	1.98920e-03	9.99994e-01
#######################################################################
# TOF Down                                                            #
#######################################################################
7	0	0	1	1	3	5.84300e+00	-2.30730e+00	3.11320e+00
7	0	1	1	1	3	5.84300e+00	-2.30730e+00	3.11320e+00
7	0	2	1	1	3	5.84300e+00	-2.30730e+00	3.11320e+00
7	0	3	1	1	3	5.84300e+00	-2.30730e+00	3.11320e+00
7	0	4	1	1	3	5.84300e+00	-2.30730e+00	3.11320e+00
7	0	5	1	1	3	5.84300e+00	-2.30730e+00	3.11320e+00
7	0	6	1	1	3	1.41330e+01	-5.81170e+00	5.32680e+00
7	0	7	1	1	3	7.84850e+01	-2.02870e+01	1.69500e+01
7	0	8	1	1	3	2.20240e+02	-3.62440e+01	3.60080e+01
7	0	9	1	1	3	5.84300e+00	-2.30730e+00	3.11320e+00
7	0	10	1	1	3	5.84300e+00	-2.30730e+00	3.11320e+00
7	0	11	1	1	3	5.84300e+00	-2.30730e+00	3.11320e+00
7	0	12	1	1	3	5.84300e+00	-2.30730e+00	3.11320e+00
7	0	13	1	1	3	5.84300e+00	-2.30730e+00	3.11320e+00
7	0	14	1	1	3	5.84300e+00	-2.30730e+00	3.11320e+00
7	0	15	1	1	3	5.84300e+00	-2.30730e+00	3.11320e+00
7	0	16	1	1	3	5.84300e+00	-2.30730e+00	3.11320e+00
7	0	17	1	1	3	5.84300e+00	-2.30730e+00	3.11320e+00
7	0	18	1	1	3	5.84300e+00	-2.30730e+00	3.11320e+00
7	0	19	1	1	3	6.18741e-01	1.99860e-03	4.90831e-01
7	0	20	1	1	3	5.75901e-01	1.04210e-03	4.72509e-01
7	0	21	1	1	3	9.41046e-01	1.99890e-03	7.79357e-01
7	0	22	1	1	3	4.84266e-01	-1.95590e-03	3.99786e-01
7	0	23	1	1	3	8.97714e-01	1.99860e-03	7.56300e-01
#######################################################################
# BFT U                                                               #
#######################################################################
110	0	0	0	2	3	-8.02886e-03	2.56372e-01	3.31193e+00
110	0	1	0	2	3	7.93338e-04	-3.05007e-01	1.23930e+01
110	0	2	0	2	3	2.03306e-03	-4.39742e-01	1.49503e+01
110	0	3	0	2	3	-1.35273e-03	-2.59711e-01	1.12994e+01
110	0	4	0	2	3	3.17972e-03	-5.35920e-01	1.66556e+01
110	0	5	0	2	3	-2.43434e-02	1.55521e+00	-2.21359e+01
110	0	6	0	2	3	1.53683e-03	-4.15543e-01	1.37794e+01
110	0	7	0	2	3	3.20185e-03	-5.17019e-01	1.60707e+01
110	0	8	0	2	3	3.53192e-03	-5.46551e-01	1.61426e+01
110	0	9	0	2	3	-4.06057e-03	6.18545e-02	4.60362e+00
110	0	10	0	2	3	3.98680e-03	-5.82957e-01	1.60689e+01
110	0	11	0	2	3	-2.34361e-03	-8.90908e-02	7.83509e+00
110	0	12	0	2	3	4.43070e-03	-6.03650e-01	1.64674e+01
110	0	13	0	2	3	-1.64692e-03	-1.20651e-01	7.94054e+00
110	0	14	0	2	3	3.50170e-03	-5.37165e-01	1.51355e+01
110	0	15	0	2	3	4.70279e-03	-6.16771e-01	1.75209e+01
110	0	16	0	2	3	4.96181e-03	-6.33575e-01	1.65449e+01
110	0	17	0	2	3	3.91086e-03	-5.67930e-01	1.64044e+01
110	0	18	0	2	3	4.12471e-03	-5.80411e-01	1.56731e+01
110	0	19	0	2	3	4.93363e-03	-6.39496e-01	1.56084e+01
110	0	20	0	2	3	3.54927e-03	-5.42459e-01	1.55897e+01
110	0	21	0	2	3	2.93399e-03	-4.86110e-01	1.50147e+01
110	0	22	0	2	3	3.24354e-03	-5.26875e-01	1.53363e+01
110	0	23	0	2	3	3.67440e-03	-5.42118e-01	1.58609e+01
110	0	24	0	2	3	4.19746e-03	-5.86883e-01	1.66672e+01
110	0	25	0	2	3	3.12110e-03	-4.92066e-01	1.52610e+01
110	0	26	0	2	3	3.47929e-03	-5.47792e-01	1.58356e+01
110	0	27	0	2	3	4.10181e-03	-5.64263e-01	1.59909e+01
110	0	28	0	2	3	4.26161e-03	-5.81091e-01	1.45662e+01
110	0	29	0	2	3	3.92214e-03	-5.57456e-01	1.55772e+01
110	0	30	0	2	3	4.25727e-03	-5.97434e-01	1.64322e+01
110	0	31	0	2	3	3.90991e-03	-5.62441e-01	1.62331e+01
110	0	32	0	2	3	3.94165e-03	-5.79011e-01	1.64274e+01
110	0	33	0	2	3	4.59689e-03	-5.84096e-01	1.36185e+01
110	0	34	0	2	3	3.71480e-03	-5.53110e-01	1.55776e+01
110	0	35	0	2	3	4.62179e-03	-6.24881e-01	1.74655e+01
110	0	36	0	2	3	4.38531e-03	-5.89727e-01	1.60144e+01
110	0	37	0	2	3	3.26359e-03	-5.15252e-01	1.62446e+01
110	0	38	0	2	3	4.54268e-03	-6.06956e-01	1.59044e+01
110	0	39	0	2	3	4.11009e-03	-5.76431e-01	1.61224e+01
110	0	40	0	2	3	4.16401e-03	-5.74785e-01	1.46666e+01
110	0	41	0	2	3	3.80770e-03	-5.49781e-01	1.66735e+01
110	0	42	0	2	3	4.45383e-03	-5.97767e-01	1.56502e+01
110	0	43	0	2	3	5.18014e-03	-6.64938e-01	1.85055e+01
110	0	44	0	2	3	3.92761e-03	-5.68676e-01	1.58255e+01
110	0	45	0	2	3	4.28823e-03	-5.85537e-01	1.68878e+01
110	0	46	0	2	3	4.28316e-03	-6.04579e-01	1.67553e+01
110	0	47	0	2	3	4.57965e-03	-6.17606e-01	1.76563e+01
110	0	48	0	2	3	3.88369e-03	-5.56872e-01	1.45030e+01
110	0	49	0	2	3	4.48382e-03	-6.00745e-01	1.76269e+01
110	0	50	0	2	3	4.12983e-03	-5.83760e-01	1.65128e+01
110	0	51	0	2	3	4.49526e-03	-6.06030e-01	1.66874e+01
110	0	52	0	2	3	3.96828e-03	-5.64466e-01	1.52476e+01
110	0	53	0	2	3	4.22354e-03	-5.78271e-01	1.59574e+01
110	0	54	0	2	3	4.40828e-03	-6.03528e-01	1.64757e+01
110	0	55	0	2	3	4.09235e-03	-5.74186e-01	1.69724e+01
110	0	56	0	2	3	4.04604e-03	-5.88386e-01	1.62478e+01
110	0	57	0	2	3	4.14859e-03	-5.77285e-01	1.66752e+01
110	0	58	0	2	3	4.42683e-03	-6.08458e-01	1.66931e+01
110	0	59	0	2	3	4.10566e-03	-5.92353e-01	1.74148e+01
110	0	60	0	2	3	3.82810e-03	-5.68440e-01	1.55719e+01
110	0	61	0	2	3	3.46714e-03	-5.29334e-01	1.55656e+01
110	0	62	0	2	3	4.48641e-03	-6.08226e-01	1.64815e+01
110	0	63	0	2	3	4.51958e-03	-6.09675e-01	1.69784e+01
110	0	64	0	2	3	3.71022e-03	-5.60424e-01	1.60921e+01
110	0	65	0	2	3	4.15477e-03	-5.86710e-01	1.66734e+01
110	0	66	0	2	3	4.59969e-03	-6.30709e-01	1.75461e+01
110	0	67	0	2	3	3.15030e-03	-5.16246e-01	1.56065e+01
110	0	68	0	2	3	3.69506e-03	-5.65507e-01	1.67168e+01
110	0	69	0	2	3	4.03277e-03	-5.69972e-01	1.68142e+01
110	0	70	0	2	3	4.29433e-03	-6.15818e-01	1.66614e+01
110	0	71	0	2	3	3.98269e-03	-5.78302e-01	1.65025e+01
110	0	72	0	2	3	3.88785e-03	-5.76536e-01	1.57498e+01
110	0	73	0	2	3	4.40508e-03	-6.06818e-01	1.73820e+01
110	0	74	0	2	3	4.51069e-03	-6.26315e-01	1.77345e+01
110	0	75	0	2	3	4.22506e-03	-5.87518e-01	1.62431e+01
110	0	76	0	2	3	3.66420e-03	-5.49912e-01	1.52819e+01
110	0	77	0	2	3	3.89478e-03	-5.63530e-01	1.61303e+01
110	0	78	0	2	3	4.22301e-03	-6.07679e-01	1.68294e+01
110	0	79	0	2	3	4.45775e-03	-6.06489e-01	1.65786e+01
110	0	80	0	2	3	4.32660e-03	-6.00472e-01	1.62996e+01
110	0	81	0	2	3	3.96975e-03	-5.64736e-01	1.58501e+01
110	0	82	0	2	3	4.17093e-03	-5.87836e-01	1.66266e+01
110	0	83	0	2	3	4.60152e-03	-6.18278e-01	1.66841e+01
110	0	84	0	2	3	3.45124e-03	-5.35549e-01	1.56005e+01
110	0	85	0	2	3	4.25178e-03	-5.91213e-01	1.67436e+01
110	0	86	0	2	3	4.45759e-03	-6.22448e-01	1.70486e+01
110	0	87	0	2	3	4.17993e-03	-5.97180e-01	1.71965e+01
110	0	88	0	2	3	3.79113e-03	-5.57808e-01	1.54014e+01
110	0	89	0	2	3	4.30882e-03	-5.95400e-01	1.63698e+01
110	0	90	0	2	3	4.36101e-03	-6.04977e-01	1.64406e+01
110	0	91	0	2	3	4.71869e-03	-6.33813e-01	1.77161e+01
110	0	92	0	2	3	3.85664e-03	-5.76528e-01	1.67934e+01
110	0	93	0	2	3	3.99849e-03	-5.71964e-01	1.57095e+01
110	0	94	0	2	3	4.34241e-03	-6.30387e-01	1.79522e+01
110	0	95	0	2	3	4.65690e-03	-6.28679e-01	1.74610e+01
110	0	96	0	2	3	3.68569e-03	-5.65053e-01	1.62849e+01
110	0	97	0	2	3	3.48383e-03	-5.39823e-01	1.60329e+01
110	0	98	0	2	3	4.23194e-03	-6.07786e-01	1.70427e+01
110	0	99	0	2	3	4.22040e-03	-5.90336e-01	1.65691e+01
110	0	100	0	2	3	4.11567e-03	-5.87809e-01	1.71486e+01
110	0	101	0	2	3	4.05411e-03	-5.82236e-01	1.67277e+01
110	0	102	0	2	3	4.54797e-03	-6.25013e-01	1.71192e+01
110	0	103	0	2	3	4.80446e-03	-6.32936e-01	1.70807e+01
110	0	104	0	2	3	3.59517e-03	-5.53919e-01	1.57422e+01
110	0	105	0	2	3	3.70566e-03	-5.49171e-01	1.54677e+01
110	0	106	0	2	3	4.68937e-03	-6.34307e-01	1.72652e+01
110	0	107	0	2	3	4.17726e-03	-5.87026e-01	1.57282e+01
110	0	108	0	2	3	3.65307e-03	-5.58811e-01	1.56821e+01
110	0	109	0	2	3	4.17863e-03	-5.92167e-01	1.63035e+01
110	0	110	0	2	3	4.24987e-03	-6.00120e-01	1.63801e+01
110	0	111	0	2	3	4.37853e-03	-6.06216e-01	1.65781e+01
110	0	112	0	2	3	4.49975e-03	-6.09465e-01	1.62576e+01
110	0	113	0	2	3	4.52858e-03	-6.08099e-01	1.64410e+01
110	0	114	0	2	3	4.32440e-03	-6.07870e-01	1.77102e+01
110	0	115	0	2	3	4.35992e-03	-6.05233e-01	1.65411e+01
110	0	116	0	2	3	3.44861e-03	-5.40599e-01	1.59469e+01
110	0	117	0	2	3	4.36257e-03	-6.10269e-01	1.77554e+01
110	0	118	0	2	3	5.11799e-03	-6.73092e-01	1.82231e+01
110	0	119	0	2	3	4.43558e-03	-5.98893e-01	1.63911e+01
110	0	120	0	2	3	3.66561e-03	-5.68057e-01	1.67138e+01
110	0	121	0	2	3	4.25100e-03	-5.82989e-01	1.56211e+01
110	0	122	0	2	3	4.31241e-03	-6.07436e-01	1.75090e+01
110	0	123	0	2	3	5.47493e-03	-6.88145e-01	1.84294e+01
110	0	124	0	2	3	3.69829e-03	-5.60822e-01	1.61233e+01
110	0	125	0	2	3	4.68757e-03	-6.06299e-01	1.42890e+01
110	0	126	0	2	3	3.59190e-03	-5.42761e-01	1.49578e+01
110	0	127	0	2	3	4.41328e-03	-5.98076e-01	1.63035e+01
110	0	128	0	2	3	2.46631e-03	-5.04300e-01	1.58289e+01
110	0	129	0	2	3	4.16786e-03	-6.14110e-01	1.73531e+01
110	0	130	0	2	3	2.03532e-03	-4.66289e-01	1.60776e+01
110	0	131	0	2	3	2.60602e-03	-4.75106e-01	1.46301e+01
110	0	132	0	2	3	2.80592e-03	-5.15857e-01	1.62446e+01
110	0	133	0	2	3	3.16634e-03	-5.23870e-01	1.57096e+01
110	0	134	0	2	3	3.71776e-03	-5.81851e-01	1.68326e+01
110	0	135	0	2	3	2.67544e-03	-4.95254e-01	1.55872e+01
110	0	136	0	2	3	2.85832e-03	-5.08439e-01	1.57607e+01
110	0	137	0	2	3	4.34847e-03	-6.31507e-01	1.83171e+01
110	0	138	0	2	3	3.85935e-03	-5.86535e-01	1.81165e+01
110	0	139	0	2	3	3.52749e-03	-5.59611e-01	1.62511e+01
110	0	140	0	2	3	3.55709e-03	-5.82507e-01	1.76747e+01
110	0	141	0	2	3	2.97607e-03	-5.26936e-01	1.60911e+01
110	0	142	0	2	3	3.17019e-03	-5.42470e-01	1.70308e+01
110	0	143	0	2	3	4.05442e-03	-5.98652e-01	1.76744e+01
110	0	144	0	2	3	2.72937e-03	-4.99027e-01	1.52300e+01
110	0	145	0	2	3	3.76235e-03	-5.56160e-01	1.58522e+01
110	0	146	0	2	3	2.58672e-03	-4.99697e-01	1.52353e+01
110	0	147	0	2	3	2.87341e-03	-5.04748e-01	1.53952e+01
110	0	148	0	2	3	2.22366e-03	-4.73382e-01	1.52203e+01
110	0	149	0	2	3	3.87211e-03	-5.75183e-01	1.65195e+01
110	0	150	0	2	3	1.94712e-03	-4.48319e-01	1.45442e+01
110	0	151	0	2	3	2.27248e-03	-4.67869e-01	1.45488e+01
110	0	152	0	2	3	4.41876e-03	-6.36764e-01	1.84122e+01
110	0	153	0	2	3	3.20379e-03	-5.45102e-01	1.63610e+01
110	0	154	0	2	3	2.74604e-03	-5.07688e-01	1.59076e+01
110	0	155	0	2	3	9.63646e-04	-3.80961e-01	1.26021e+01
110	0	156	0	2	3	2.26190e-03	-4.50319e-01	1.50785e+01
110	0	157	0	2	3	1.98442e-03	-4.64157e-01	1.51326e+01
110	0	158	0	2	3	-3.51330e-03	-5.36178e-02	8.98803e+00
110	0	159	0	2	3	7.91563e-04	-4.27522e-01	1.59017e+01
#######################################################################
# BFT D                                                               #
#######################################################################
110	1	0	0	2	3	-1.35249e-03	-3.87467e-02	4.64492e+00
110	1	1	0	2	3	-4.08024e-04	-2.16964e-01	1.03327e+01
110	1	2	0	2	3	5.41479e-04	-2.73812e-01	1.07073e+01
110	1	3	0	2	3	-3.31270e-03	-3.45236e-02	8.29320e+00
110	1	4	0	2	3	6.20629e-03	-7.37035e-01	2.03033e+01
110	1	5	0	2	3	-5.31424e-03	1.10377e-01	5.03464e+00
110	1	6	0	2	3	3.37117e-03	-5.60011e-01	1.64999e+01
110	1	7	0	2	3	3.49398e-03	-5.32852e-01	1.60342e+01
110	1	8	0	2	3	3.32905e-03	-5.24635e-01	1.58227e+01
110	1	9	0	2	3	-1.04553e-03	-2.01649e-01	1.14453e+01
110	1	10	0	2	3	1.82848e-03	-4.32693e-01	1.42219e+01
110	1	11	0	2	3	1.78898e-03	-4.05417e-01	1.35001e+01
110	1	12	0	2	3	2.78770e-03	-5.02201e-01	1.47456e+01
110	1	13	0	2	3	1.72738e-03	-4.06805e-01	1.34270e+01
110	1	14	0	2	3	3.20043e-03	-5.29028e-01	1.58548e+01
110	1	15	0	2	3	4.63338e-03	-6.24983e-01	1.73464e+01
110	1	16	0	2	3	3.22790e-03	-5.34205e-01	1.53825e+01
110	1	17	0	2	3	4.04387e-03	-5.83297e-01	1.68405e+01
110	1	18	0	2	3	3.30347e-03	-5.43639e-01	1.59615e+01
110	1	19	0	2	3	3.25715e-03	-5.22117e-01	1.59887e+01
110	1	20	0	2	3	4.19114e-03	-5.99633e-01	1.67001e+01
110	1	21	0	2	3	3.28033e-03	-5.33910e-01	1.63794e+01
110	1	22	0	2	3	3.23876e-03	-5.19645e-01	1.47808e+01
110	1	23	0	2	3	3.98327e-03	-5.66263e-01	1.58731e+01
110	1	24	0	2	3	3.88485e-03	-5.76949e-01	1.69211e+01
110	1	25	0	2	3	4.11877e-03	-5.87828e-01	1.66215e+01
110	1	26	0	2	3	4.08683e-03	-5.99449e-01	1.73375e+01
110	1	27	0	2	3	3.04234e-03	-5.03548e-01	1.56929e+01
110	1	28	0	2	3	2.53955e-03	-4.85613e-01	1.52764e+01
110	1	29	0	2	3	2.91902e-03	-5.01090e-01	1.52118e+01
110	1	30	0	2	3	4.59495e-03	-6.21758e-01	1.67795e+01
110	1	31	0	2	3	3.76369e-03	-5.69908e-01	1.66620e+01
110	1	32	0	2	3	3.47350e-03	-5.47114e-01	1.67865e+01
110	1	33	0	2	3	3.53865e-03	-5.49156e-01	1.49706e+01
110	1	34	0	2	3	3.69988e-03	-5.55617e-01	1.52054e+01
110	1	35	0	2	3	3.81372e-03	-5.74529e-01	1.76949e+01
110	1	36	0	2	3	4.03301e-03	-5.81163e-01	1.69405e+01
110	1	37	0	2	3	4.09230e-03	-5.75906e-01	1.55334e+01
110	1	38	0	2	3	4.07250e-03	-5.86229e-01	1.62059e+01
110	1	39	0	2	3	4.54452e-03	-6.11898e-01	1.72498e+01
110	1	40	0	2	3	3.98575e-03	-5.73429e-01	1.65803e+01
110	1	41	0	2	3	3.75924e-03	-5.57887e-01	1.57935e+01
110	1	42	0	2	3	4.13741e-03	-5.79748e-01	1.61456e+01
110	1	43	0	2	3	4.21956e-03	-5.89692e-01	1.70497e+01
110	1	44	0	2	3	3.69459e-03	-5.61970e-01	1.65940e+01
110	1	45	0	2	3	3.62715e-03	-5.50650e-01	1.58894e+01
110	1	46	0	2	3	4.47545e-03	-6.19166e-01	1.65766e+01
110	1	47	0	2	3	3.77838e-03	-5.76008e-01	1.82745e+01
110	1	48	0	2	3	3.81320e-03	-5.66172e-01	1.63262e+01
110	1	49	0	2	3	3.59906e-03	-5.42990e-01	1.59421e+01
110	1	50	0	2	3	4.31666e-03	-6.01056e-01	1.68635e+01
110	1	51	0	2	3	4.11140e-03	-5.87311e-01	1.74907e+01
110	1	52	0	2	3	4.12002e-03	-6.03490e-01	1.63732e+01
110	1	53	0	2	3	3.81039e-03	-5.61071e-01	1.62581e+01
110	1	54	0	2	3	4.16617e-03	-6.00399e-01	1.71693e+01
110	1	55	0	2	3	4.12276e-03	-5.88299e-01	1.76186e+01
110	1	56	0	2	3	3.85122e-03	-5.84705e-01	1.70584e+01
110	1	57	0	2	3	3.94892e-03	-5.78070e-01	1.72240e+01
110	1	58	0	2	3	3.85863e-03	-5.88264e-01	1.80860e+01
110	1	59	0	2	3	4.65483e-03	-6.39373e-01	1.86577e+01
110	1	60	0	2	3	4.06488e-03	-5.91732e-01	1.69012e+01
110	1	61	0	2	3	4.00332e-03	-5.67871e-01	1.64976e+01
110	1	62	0	2	3	3.96591e-03	-5.79364e-01	1.55964e+01
110	1	63	0	2	3	4.53627e-03	-6.20463e-01	1.72896e+01
110	1	64	0	2	3	3.72863e-03	-5.70096e-01	1.69364e+01
110	1	65	0	2	3	4.07088e-03	-5.84986e-01	1.59521e+01
110	1	66	0	2	3	4.56786e-03	-6.34577e-01	1.67506e+01
110	1	67	0	2	3	4.61325e-03	-6.25543e-01	1.67668e+01
110	1	68	0	2	3	3.56508e-03	-5.45986e-01	1.48361e+01
110	1	69	0	2	3	3.72344e-03	-5.61318e-01	1.66450e+01
110	1	70	0	2	3	4.19054e-03	-6.00460e-01	1.72283e+01
110	1	71	0	2	3	4.09350e-03	-5.97921e-01	1.76134e+01
110	1	72	0	2	3	3.94341e-03	-5.79168e-01	1.63766e+01
110	1	73	0	2	3	4.12387e-03	-5.96963e-01	1.80809e+01
110	1	74	0	2	3	4.57670e-03	-6.22613e-01	1.62743e+01
110	1	75	0	2	3	4.05110e-03	-5.92864e-01	1.69567e+01
110	1	76	0	2	3	3.48810e-03	-5.44997e-01	1.56011e+01
110	1	77	0	2	3	4.35742e-03	-6.14025e-01	1.73402e+01
110	1	78	0	2	3	3.97225e-03	-5.84219e-01	1.56548e+01
110	1	79	0	2	3	4.42890e-03	-6.12522e-01	1.61501e+01
110	1	80	0	2	3	3.93447e-03	-5.72160e-01	1.59073e+01
110	1	81	0	2	3	4.22106e-03	-5.93683e-01	1.61035e+01
110	1	82	0	2	3	5.25464e-03	-6.75333e-01	1.87648e+01
110	1	83	0	2	3	4.54357e-03	-6.07731e-01	1.65983e+01
110	1	84	0	2	3	4.07853e-03	-5.75828e-01	1.54802e+01
110	1	85	0	2	3	3.98332e-03	-5.75829e-01	1.60935e+01
110	1	86	0	2	3	4.18708e-03	-5.96899e-01	1.71327e+01
110	1	87	0	2	3	4.04253e-03	-5.77670e-01	1.49024e+01
110	1	88	0	2	3	4.24994e-03	-5.99401e-01	1.69195e+01
110	1	89	0	2	3	3.88892e-03	-5.76824e-01	1.58643e+01
110	1	90	0	2	3	4.05613e-03	-5.87075e-01	1.58946e+01
110	1	91	0	2	3	4.02248e-03	-5.80376e-01	1.57617e+01
110	1	92	0	2	3	3.59115e-03	-5.46087e-01	1.55410e+01
110	1	93	0	2	3	3.96809e-03	-5.76746e-01	1.63456e+01
110	1	94	0	2	3	3.73380e-03	-5.68803e-01	1.58065e+01
110	1	95	0	2	3	4.46821e-03	-6.19849e-01	1.68671e+01
110	1	96	0	2	3	3.92214e-03	-5.67810e-01	1.55460e+01
110	1	97	0	2	3	4.05709e-03	-5.87127e-01	1.60449e+01
110	1	98	0	2	3	4.38454e-03	-6.30020e-01	1.82601e+01
110	1	99	0	2	3	4.62387e-03	-6.23352e-01	1.69143e+01
110	1	100	0	2	3	3.74754e-03	-5.47135e-01	1.57177e+01
110	1	101	0	2	3	4.20015e-03	-5.87740e-01	1.57751e+01
110	1	102	0	2	3	4.06560e-03	-5.99934e-01	1.69302e+01
110	1	103	0	2	3	4.24693e-03	-5.99135e-01	1.64782e+01
110	1	104	0	2	3	4.66518e-03	-6.22317e-01	1.70560e+01
110	1	105	0	2	3	4.11998e-03	-5.86209e-01	1.56077e+01
110	1	106	0	2	3	3.83973e-03	-5.79617e-01	1.63324e+01
110	1	107	0	2	3	4.56700e-03	-6.16633e-01	1.58702e+01
110	1	108	0	2	3	3.14111e-03	-5.22816e-01	1.62629e+01
110	1	109	0	2	3	4.09300e-03	-5.88175e-01	1.62324e+01
110	1	110	0	2	3	4.28609e-03	-6.14871e-01	1.72496e+01
110	1	111	0	2	3	4.16840e-03	-6.04928e-01	1.82026e+01
110	1	112	0	2	3	4.66708e-03	-6.28502e-01	1.71359e+01
110	1	113	0	2	3	3.80206e-03	-5.67603e-01	1.64486e+01
110	1	114	0	2	3	3.86116e-03	-5.86254e-01	1.64229e+01
110	1	115	0	2	3	4.52168e-03	-6.13135e-01	1.68465e+01
110	1	116	0	2	3	4.39434e-03	-6.17110e-01	1.72532e+01
110	1	117	0	2	3	3.47415e-03	-5.38501e-01	1.57953e+01
110	1	118	0	2	3	4.33658e-03	-6.05310e-01	1.60195e+01
110	1	119	0	2	3	4.33719e-03	-6.05329e-01	1.72025e+01
110	1	120	0	2	3	3.71055e-03	-5.59371e-01	1.58127e+01
110	1	121	0	2	3	4.40227e-03	-6.13851e-01	1.70977e+01
110	1	122	0	2	3	3.99289e-03	-5.94598e-01	1.80324e+01
110	1	123	0	2	3	3.37722e-03	-5.45463e-01	1.74603e+01
110	1	124	0	2	3	4.67968e-03	-6.17167e-01	1.63652e+01
110	1	125	0	2	3	2.91333e-03	-5.09681e-01	1.56424e+01
110	1	126	0	2	3	4.57579e-03	-6.14521e-01	1.69968e+01
110	1	127	0	2	3	3.26426e-03	-5.27033e-01	1.56854e+01
110	1	128	0	2	3	5.06017e-03	-6.80682e-01	1.90468e+01
110	1	129	0	2	3	4.54819e-03	-6.49246e-01	1.86059e+01
110	1	130	0	2	3	4.57251e-03	-6.39493e-01	1.73269e+01
110	1	131	0	2	3	3.62687e-03	-5.64841e-01	1.64385e+01
110	1	132	0	2	3	3.92065e-03	-5.95048e-01	1.77050e+01
110	1	133	0	2	3	3.97643e-03	-5.83824e-01	1.65077e+01
110	1	134	0	2	3	3.49060e-03	-5.74956e-01	1.74322e+01
110	1	135	0	2	3	3.78219e-03	-5.66592e-01	1.55505e+01
110	1	136	0	2	3	3.76364e-03	-5.96173e-01	1.81146e+01
110	1	137	0	2	3	4.50141e-03	-6.33113e-01	1.69952e+01
110	1	138	0	2	3	3.47822e-03	-5.56296e-01	1.62734e+01
110	1	139	0	2	3	3.95101e-03	-5.83715e-01	1.60681e+01
110	1	140	0	2	3	4.43411e-03	-6.31832e-01	1.75236e+01
110	1	141	0	2	3	4.44487e-03	-6.20740e-01	1.70081e+01
110	1	142	0	2	3	3.67502e-03	-5.70340e-01	1.61095e+01
110	1	143	0	2	3	4.11489e-03	-6.03060e-01	1.76702e+01
110	1	144	0	2	3	4.51847e-03	-6.41907e-01	1.79225e+01
110	1	145	0	2	3	4.27442e-03	-5.97083e-01	1.67683e+01
110	1	146	0	2	3	3.22180e-03	-5.45447e-01	1.60376e+01
110	1	147	0	2	3	4.56117e-03	-6.28742e-01	1.66201e+01
110	1	148	0	2	3	5.01557e-03	-6.67916e-01	1.75847e+01
110	1	149	0	2	3	3.12580e-03	-5.25118e-01	1.61424e+01
110	1	150	0	2	3	3.37304e-03	-5.50303e-01	1.65671e+01
110	1	151	0	2	3	3.54838e-03	-5.54727e-01	1.60163e+01
110	1	152	0	2	3	4.51537e-03	-6.30308e-01	1.84732e+01
110	1	153	0	2	3	4.14743e-03	-5.96730e-01	1.77481e+01
110	1	154	0	2	3	4.99619e-03	-6.52907e-01	1.70073e+01
110	1	155	0	2	3	4.32542e-03	-5.97616e-01	1.65129e+01
110	1	156	0	2	3	7.24847e-03	-8.29958e-01	2.14150e+01
110	1	157	0	2	3	3.67201e-03	-5.67060e-01	1.71987e+01
110	1	158	0	2	3	-2.23676e-03	-1.51475e-01	1.07388e+01
110	1	159	0	2	3	-1.86115e-03	-1.93723e-01	1.11303e+01
