##
#  file: HodoPHCParam_Dummy
#  date: 2016.06.15
#  note: first version
#
#
#######################################################################
# CId	PlId	Seg	UorD	Type	nParam	p0	p1	...
#
#	Type=0 no correction will be performed
#	Type=1 ct=t-p[0]/sqrt(a-p[1])+p[2]
#	Type=2 ct=p[0]*a*a + p[1]*a + p[2] for Fiber
#
#######################################################################
# BH1 Up                                                              #
#######################################################################
1	0	0	0	1	3	5.08705e+00	-1.98362e+00	2.93454e+00
1	0	1	0	1	3	6.69706e-01	2.91546e-01	8.10244e-01
1	0	2	0	1	3	5.01779e-01	3.94271e-01	6.64278e-01
1	0	3	0	1	3	7.45330e-01	1.66754e-01	8.56036e-01
1	0	4	0	1	3	8.52890e-01	8.60054e-02	9.27134e-01
1	0	5	0	1	3	1.69981e+00	-1.50393e-01	1.62794e+00
1	0	6	0	1	3	1.58582e+00	-2.35346e-01	1.46587e+00
1	0	7	0	1	3	1.61970e+00	-1.46184e-01	1.54504e+00
1	0	8	0	1	3	1.37546e+00	-2.52696e-01	1.28233e+00
1	0	9	0	1	3	1.74814e+00	-2.76223e-01	1.64100e+00
1	0	10	0	1	3	1.60339e+01	-4.62629e+00	6.81205e+00
#######################################################################
# BH1 Down                                                            #
#######################################################################
1	0	0	1	1	3	1.33519e+00	-9.13138e-02	1.27257e+00
1	0	1	1	1	3	6.24909e-01	2.88647e-01	7.65429e-01
1	0	2	1	1	3	6.68954e-01	2.21542e-01	7.45264e-01
1	0	3	1	1	3	1.32364e+00	-4.57464e-01	1.08318e+00
1	0	4	1	1	3	1.18002e+00	-7.91080e-02	1.17008e+00
1	0	5	1	1	3	2.07299e+00	-4.79828e-01	1.70935e+00
1	0	6	1	1	3	1.96000e+00	-5.20196e-01	1.63958e+00
1	0	7	1	1	3	1.89852e+00	-4.50289e-01	1.60743e+00
1	0	8	1	1	3	1.02469e+00	-6.73213e-02	1.04734e+00
1	0	9	1	1	3	1.64894e+00	-1.85977e-01	1.61292e+00
1	0	10	1	1	3	7.15603e-01	2.22738e-01	8.54972e-01
#######################################################################
# BH2 Up                                                              #
#######################################################################
2	0	0	0	1	3	1.43047e-01	2.98695e-01	2.00085e-01
2	0	1	0	1	3	8.79554e-01	-2.31747e-01	7.85839e-01
2	0	2	0	1	3	5.94572e-01	-4.97541e-01	4.68956e-01
2	0	3	0	1	3	1.91725e-01	3.94747e-02	1.91115e-01
2	0	4	0	1	3	3.31184e-01	-9.38469e-02	3.15823e-01
2	0	5	0	1	3	1.99769e-01	2.70254e-01	2.37321e-01
2	0	6	0	1	3	2.58948e-01	2.41832e-01	3.10133e-01
2	0	7	0	1	3	3.50426e-01	8.80094e-02	3.70898e-01
#######################################################################
# BH2 Down                                                            #
#######################################################################
2	0	0	1	1	3	3.94607e-01	-1.85207e-01	3.84440e-01
2	0	1	1	1	3	9.92155e-01	-3.85817e-01	8.32122e-01
2	0	2	1	1	3	4.10986e-01	-9.27803e-02	3.90143e-01
2	0	3	1	1	3	1.76416e-01	4.84160e-02	1.75490e-01
2	0	4	1	1	3	2.42956e-01	1.23979e-01	2.64593e-01
2	0	5	1	1	3	3.57967e-01	4.32013e-02	3.63973e-01
2	0	6	1	1	3	1.22093e+00	-6.67168e-01	9.30075e-01
2	0	7	1	1	3	2.92156e-01	-4.36810e-03	2.98702e-01
#######################################################################
# BAC                                                                 #
#######################################################################
3	0	0	0	1	3	0.00000e+00	0.00000e+00	0.00000e+00
3	0	1	0	1	3	0.00000e+00	0.00000e+00	0.00000e+00
#######################################################################
# FBH Up                                                              #
#######################################################################
4	0	0	0	2	3	-5.62952e-03	8.96903e-01	-3.53273e+01
4	0	1	0	2	3	-4.29399e-03	7.37975e-01	-3.00049e+01
4	0	2	0	2	3	-5.26894e-03	8.67305e-01	-3.38992e+01
4	0	3	0	2	3	-3.80183e-03	6.69237e-01	-2.72260e+01
4	0	4	0	2	3	-4.35014e-03	7.35785e-01	-2.92008e+01
4	0	5	0	2	3	-4.02541e-03	6.86907e-01	-2.70312e+01
4	0	6	0	2	3	-4.16660e-03	7.08229e-01	-2.81512e+01
4	0	7	0	2	3	-3.93117e-03	6.84759e-01	-2.69101e+01
4	0	8	0	2	3	-4.14423e-03	6.96902e-01	-2.65883e+01
4	0	9	0	2	3	-2.83372e-03	5.62925e-01	-2.20787e+01
4	0	10	0	2	3	-4.07944e-03	7.09420e-01	-2.75603e+01
4	0	11	0	2	3	-3.50961e-03	6.50113e-01	-2.64167e+01
4	0	12	0	2	3	-3.52415e-03	6.49734e-01	-2.67232e+01
4	0	13	0	2	3	-4.13420e-03	7.26957e-01	-2.99675e+01
4	0	14	0	2	3	-4.90315e-03	8.27563e-01	-3.35630e+01
4	0	15	0	2	3	-4.73048e-03	8.13189e-01	-3.31901e+01
#######################################################################
# FBH Down                                                            #
#######################################################################
4	0	0	1	2	3	-5.62952e-03	8.96903e-01	-3.53273e+01
4	0	1	1	2	3	-4.29399e-03	7.37975e-01	-3.00049e+01
4	0	2	1	2	3	-5.26894e-03	8.67305e-01	-3.38992e+01
4	0	3	1	2	3	-3.80183e-03	6.69237e-01	-2.72260e+01
4	0	4	1	2	3	-4.35014e-03	7.35785e-01	-2.92008e+01
4	0	5	1	2	3	-4.02541e-03	6.86907e-01	-2.70312e+01
4	0	6	1	2	3	-4.16660e-03	7.08229e-01	-2.81512e+01
4	0	7	1	2	3	-3.93117e-03	6.84759e-01	-2.69101e+01
4	0	8	1	2	3	-4.14423e-03	6.96902e-01	-2.65883e+01
4	0	9	1	2	3	-2.83372e-03	5.62925e-01	-2.20787e+01
4	0	10	1	2	3	-4.07944e-03	7.09420e-01	-2.75603e+01
4	0	11	1	2	3	-3.50961e-03	6.50113e-01	-2.64167e+01
4	0	12	1	2	3	-3.52415e-03	6.49734e-01	-2.67232e+01
4	0	13	1	2	3	-4.13420e-03	7.26957e-01	-2.99675e+01
4	0	14	1	2	3	-4.90315e-03	8.27563e-01	-3.35630e+01
4	0	15	1	2	3	-4.73048e-03	8.13189e-01	-3.31901e+01
#######################################################################
# PVAC                                                                #
#######################################################################
5	0	0	0	1	3	0.00000e+00	0.00000e+00	0.00000e+00
#######################################################################
# FAC                                                                 #
#######################################################################
6	0	0	0	1	3	0.00000e+00	0.00000e+00	0.00000e+00
#######################################################################
# SCH                                                                 #
#######################################################################
#7	0	0	0	2	3	-0.00500000	0.821213	-32.185321
#7	0	1	0	2	3	-0.00500000	0.830248	-32.269563
#7	0	2	0	2	3	-0.00500000	0.793073	-29.315934
#7	0	3	0	2	3	-0.00500000	0.772144	-28.276705
#7	0	4	0	2	3	-0.00500000	0.801968	-30.687167
#7	0	5	0	2	3	-0.00500000	0.778300	-28.439251
#7	0	6	0	2	3	-0.00500000	0.765872	-27.918181
#7	0	7	0	2	3	-0.00500000	0.738459	-26.016797
#7	0	8	0	2	3	-0.00500000	0.778318	-28.676371
#7	0	9	0	2	3	-0.00500000	0.776670	-28.892887
#7	0	10	0	2	3	-0.00500000	0.764278	-28.122474
#7	0	11	0	2	3	-0.00500000	0.790742	-29.423647
#7	0	12	0	2	3	-0.00500000	0.811330	-30.487019
#7	0	13	0	2	3	-0.00500000	0.818750	-30.891512
#7	0	14	0	2	3	-0.00500000	0.802541	-30.009136
#7	0	15	0	2	3	-0.00500000	0.809525	-30.751746
#7	0	16	0	2	3	-0.00500000	0.802597	-30.845509
#7	0	17	0	2	3	-0.00500000	0.835028	-32.780792
#7	0	18	0	2	3	-0.00500000	0.859176	-33.938731
#7	0	19	0	2	3	-0.00500000	0.814851	-31.445396
#7	0	20	0	2	3	-0.00500000	0.809426	-30.781087
#7	0	21	0	2	3	-0.00500000	0.780678	-28.888756
#7	0	22	0	2	3	-0.00500000	0.808206	-30.719604
#7	0	23	0	2	3	-0.00500000	0.774024	-27.858339
#7	0	24	0	2	3	-0.00500000	0.794308	-29.022101
#7	0	25	0	2	3	-0.00500000	0.775649	-27.980186
#7	0	26	0	2	3	-0.00500000	0.788483	-28.687567
#7	0	27	0	2	3	-0.00466315	0.771386	-29.253260
#7	0	28	0	2	3	-0.00483132	0.790854	-28.637741
#7	0	29	0	2	3	-0.00497049	0.812994	-30.786914
#7	0	30	0	2	3	-0.00500000	0.787793	-28.362716
#7	0	31	0	2	3	-0.00500000	0.790759	-28.876812
#7	0	32	0	2	3	-0.00500000	0.824826	-31.655285
#7	0	33	0	2	3	-0.00500000	0.845304	-33.407765
#7	0	34	0	2	3	-0.00500000	0.832263	-32.939799
#7	0	35	0	2	3	-0.00500000	0.820631	-31.695372
#7	0	36	0	2	3	-0.00500000	0.836997	-33.200590
#7	0	37	0	2	3	-0.00500000	0.819690	-32.097193
#7	0	38	0	2	3	-0.00500000	0.808109	-31.263214
#7	0	39	0	2	3	-0.00500000	0.815224	-31.135523
#7	0	40	0	2	3	-0.00500000	0.803398	-29.897923
#7	0	41	0	2	3	-0.00500000	0.815685	-31.165519
#7	0	42	0	2	3	-0.00500000	0.812980	-30.737261
#7	0	43	0	2	3	-0.00500000	0.829418	-32.693307
#7	0	44	0	2	3	-0.00500000	0.789530	-29.464920
#7	0	45	0	2	3	-0.00500000	0.804789	-31.208151
#7	0	46	0	2	3	-0.00500000	0.830106	-32.806514
#7	0	47	0	2	3	-0.00500000	0.819206	-31.373242
#7	0	48	0	2	3	-0.00500000	0.816165	-31.709319
#7	0	49	0	2	3	-0.00500000	0.798496	-30.201709
#7	0	50	0	2	3	-0.00500000	0.812167	-31.795745
#7	0	51	0	2	3	-0.00500000	0.810749	-31.375226
#7	0	52	0	2	3	-0.00500000	0.803385	-31.372512
#7	0	53	0	2	3	-0.00500000	0.777405	-29.262831
#7	0	54	0	2	3	-0.00500000	0.783954	-29.763410
#7	0	55	0	2	3	-0.00500000	0.789443	-29.976449
#7	0	56	0	2	3	-0.00500000	0.838828	-33.261086
#7	0	57	0	2	3	-0.00500000	0.804421	-30.573195
#7	0	58	0	2	3	-0.00500000	0.773283	-29.111048
#7	0	59	0	2	3	-0.00500000	0.811789	-31.449459
#7	0	60	0	2	3	-0.00500000	0.759724	-28.110014
#7	0	61	0	2	3	-0.00500000	0.810884	-31.379063
#7	0	62	0	2	3	-0.00500000	0.771910	-28.435006
#7	0	63	0	2	3	-0.00500000	0.796658	-30.511906
#######################################################################
# TOF Up                                                              #
#######################################################################
7	0	0	0	1	3	5.24830e+00	-1.96630e+00	2.96170e+00
7	0	1	0	1	3	5.24830e+00	-1.96630e+00	2.96170e+00
7	0	2	0	1	3	5.24830e+00	-1.96630e+00	2.96170e+00
7	0	3	0	1	3	5.24830e+00	-1.96630e+00	2.96170e+00
7	0	4	0	1	3	5.24830e+00	-1.96630e+00	2.96170e+00
7	0	5	0	1	3	5.24830e+00	-1.96630e+00	2.96170e+00
7	0	6	0	1	3	6.97090e+00	-3.03520e+00	3.39910e+00
7	0	7	0	1	3	4.05450e+00	-1.96150e+00	2.30360e+00
7	0	8	0	1	3	1.16940e+02	-2.98600e+01	2.09880e+01
7	0	9	0	1	3	5.24830e+00	-1.96630e+00	2.96170e+00
7	0	10	0	1	3	5.24830e+00	-1.96630e+00	2.96170e+00
7	0	11	0	1	3	5.24830e+00	-1.96630e+00	2.96170e+00
7	0	12	0	1	3	5.24830e+00	-1.96630e+00	2.96170e+00
7	0	13	0	1	3	5.24830e+00	-1.96630e+00	2.96170e+00
7	0	14	0	1	3	5.24830e+00	-1.96630e+00	2.96170e+00
7	0	15	0	1	3	5.24830e+00	-1.96630e+00	2.96170e+00
7	0	16	0	1	3	5.24830e+00	-1.96630e+00	2.96170e+00
7	0	17	0	1	3	5.24830e+00	-1.96630e+00	2.96170e+00
7	0	18	0	1	3	5.24830e+00	-1.96630e+00	2.96170e+00
7	0	19	0	1	3	7.11491e-01	1.85180e-03	5.82402e-01
7	0	20	0	1	3	5.59404e-01	-1.73810e-03	4.50716e-01
7	0	21	0	1	3	8.92499e-01	1.99900e-03	7.37364e-01
7	0	22	0	1	3	6.37553e-01	1.99960e-03	5.45449e-01
7	0	23	0	1	3	1.19210e+00	1.98920e-03	9.99994e-01
#######################################################################
# TOF Down                                                            #
#######################################################################
7	0	0	1	1	3	5.84300e+00	-2.30730e+00	3.11320e+00
7	0	1	1	1	3	5.84300e+00	-2.30730e+00	3.11320e+00
7	0	2	1	1	3	5.84300e+00	-2.30730e+00	3.11320e+00
7	0	3	1	1	3	5.84300e+00	-2.30730e+00	3.11320e+00
7	0	4	1	1	3	5.84300e+00	-2.30730e+00	3.11320e+00
7	0	5	1	1	3	5.84300e+00	-2.30730e+00	3.11320e+00
7	0	6	1	1	3	1.41330e+01	-5.81170e+00	5.32680e+00
7	0	7	1	1	3	7.84850e+01	-2.02870e+01	1.69500e+01
7	0	8	1	1	3	2.20240e+02	-3.62440e+01	3.60080e+01
7	0	9	1	1	3	5.84300e+00	-2.30730e+00	3.11320e+00
7	0	10	1	1	3	5.84300e+00	-2.30730e+00	3.11320e+00
7	0	11	1	1	3	5.84300e+00	-2.30730e+00	3.11320e+00
7	0	12	1	1	3	5.84300e+00	-2.30730e+00	3.11320e+00
7	0	13	1	1	3	5.84300e+00	-2.30730e+00	3.11320e+00
7	0	14	1	1	3	5.84300e+00	-2.30730e+00	3.11320e+00
7	0	15	1	1	3	5.84300e+00	-2.30730e+00	3.11320e+00
7	0	16	1	1	3	5.84300e+00	-2.30730e+00	3.11320e+00
7	0	17	1	1	3	5.84300e+00	-2.30730e+00	3.11320e+00
7	0	18	1	1	3	5.84300e+00	-2.30730e+00	3.11320e+00
7	0	19	1	1	3	6.18741e-01	1.99860e-03	4.90831e-01
7	0	20	1	1	3	5.75901e-01	1.04210e-03	4.72509e-01
7	0	21	1	1	3	9.41046e-01	1.99890e-03	7.79357e-01
7	0	22	1	1	3	4.84266e-01	-1.95590e-03	3.99786e-01
7	0	23	1	1	3	8.97714e-01	1.99860e-03	7.56300e-01
#######################################################################
# BFT U                                                               #
#######################################################################
110	0	0	0	2	3	1.99232e-03	-4.29399e-01	1.22748e+01
110	0	1	0	2	3	-3.17530e-03	-2.01920e-02	4.27942e+00
110	0	2	0	2	3	4.10738e-03	-5.86718e-01	1.48768e+01
110	0	3	0	2	3	3.37545e-03	-5.22057e-01	1.26133e+01
110	0	4	0	2	3	3.96885e-03	-5.69390e-01	1.48400e+01
110	0	5	0	2	3	3.87714e-03	-5.49940e-01	1.46871e+01
110	0	6	0	2	3	3.14540e-03	-5.23778e-01	1.35342e+01
110	0	7	0	2	3	4.55759e-03	-6.06628e-01	1.55332e+01
110	0	8	0	2	3	3.28950e-03	-5.26785e-01	1.36792e+01
110	0	9	0	2	3	4.15559e-03	-5.92504e-01	1.64658e+01
110	0	10	0	2	3	3.26908e-03	-5.27017e-01	1.29255e+01
110	0	11	0	2	3	3.79271e-03	-5.48451e-01	1.53068e+01
110	0	12	0	2	3	3.73853e-03	-5.52151e-01	1.35116e+01
110	0	13	0	2	3	2.54848e-03	-4.65301e-01	1.38878e+01
110	0	14	0	2	3	4.19572e-03	-5.90167e-01	1.40872e+01
110	0	15	0	2	3	3.67076e-03	-5.48660e-01	1.54382e+01
110	0	16	0	2	3	4.02176e-03	-5.68811e-01	1.34899e+01
110	0	17	0	2	3	4.50373e-03	-6.00258e-01	1.57930e+01
110	0	18	0	2	3	3.96797e-03	-5.77485e-01	1.38186e+01
110	0	19	0	2	3	4.31009e-03	-5.98203e-01	1.39697e+01
110	0	20	0	2	3	3.95945e-03	-5.66950e-01	1.40251e+01
110	0	21	0	2	3	3.64401e-03	-5.38898e-01	1.60127e+01
110	0	22	0	2	3	4.54569e-03	-6.14244e-01	1.47962e+01
110	0	23	0	2	3	4.45911e-03	-6.02003e-01	1.60273e+01
110	0	24	0	2	3	4.69951e-03	-6.16746e-01	1.51390e+01
110	0	25	0	2	3	3.66682e-03	-5.38720e-01	1.52945e+01
110	0	26	0	2	3	4.86929e-03	-6.39799e-01	1.63242e+01
110	0	27	0	2	3	4.50773e-03	-5.93630e-01	1.55332e+01
110	0	28	0	2	3	3.81039e-03	-5.57894e-01	1.23423e+01
110	0	29	0	2	3	4.62133e-03	-6.04871e-01	1.53800e+01
110	0	30	0	2	3	4.24812e-03	-5.95369e-01	1.43970e+01
110	0	31	0	2	3	4.32237e-03	-5.94914e-01	1.58516e+01
110	0	32	0	2	3	3.74067e-03	-5.60774e-01	1.40758e+01
110	0	33	0	2	3	4.07896e-03	-5.51307e-01	1.31643e+01
110	0	34	0	2	3	4.03996e-03	-5.78719e-01	1.41165e+01
110	0	35	0	2	3	4.63313e-03	-6.19611e-01	1.62507e+01
110	0	36	0	2	3	4.01686e-03	-5.61392e-01	1.35004e+01
110	0	37	0	2	3	4.35949e-03	-5.99772e-01	1.68541e+01
110	0	38	0	2	3	4.54214e-03	-6.04271e-01	1.38403e+01
110	0	39	0	2	3	4.41460e-03	-5.99061e-01	1.55407e+01
110	0	40	0	2	3	3.65856e-03	-5.42289e-01	1.31641e+01
110	0	41	0	2	3	4.38246e-03	-5.94861e-01	1.65205e+01
110	0	42	0	2	3	4.33227e-03	-5.89612e-01	1.45371e+01
110	0	43	0	2	3	4.27815e-03	-5.99296e-01	1.63509e+01
110	0	44	0	2	3	4.04933e-03	-5.76607e-01	1.39718e+01
110	0	45	0	2	3	4.22634e-03	-5.76971e-01	1.56401e+01
110	0	46	0	2	3	4.39053e-03	-6.11277e-01	1.48522e+01
110	0	47	0	2	3	4.56161e-03	-6.15421e-01	1.75773e+01
110	0	48	0	2	3	3.81962e-03	-5.52817e-01	1.24360e+01
110	0	49	0	2	3	4.33211e-03	-5.91431e-01	1.64684e+01
110	0	50	0	2	3	4.76872e-03	-6.28218e-01	1.52699e+01
110	0	51	0	2	3	4.25781e-03	-5.84965e-01	1.52056e+01
110	0	52	0	2	3	3.81072e-03	-5.52906e-01	1.30158e+01
110	0	53	0	2	3	4.52234e-03	-5.97214e-01	1.52096e+01
110	0	54	0	2	3	4.36035e-03	-5.99357e-01	1.43653e+01
110	0	55	0	2	3	4.84357e-03	-6.30431e-01	1.69701e+01
110	0	56	0	2	3	4.25206e-03	-6.00763e-01	1.53940e+01
110	0	57	0	2	3	4.45652e-03	-6.01798e-01	1.60950e+01
110	0	58	0	2	3	4.09014e-03	-5.83149e-01	1.51814e+01
110	0	59	0	2	3	4.72067e-03	-6.36465e-01	1.71391e+01
110	0	60	0	2	3	4.04521e-03	-5.80869e-01	1.36906e+01
110	0	61	0	2	3	3.52692e-03	-5.31699e-01	1.45111e+01
110	0	62	0	2	3	4.71745e-03	-6.22292e-01	1.46229e+01
110	0	63	0	2	3	3.86185e-03	-5.63820e-01	1.41026e+01
110	0	64	0	2	3	3.71040e-03	-5.58305e-01	1.39437e+01
110	0	65	0	2	3	3.87964e-03	-5.62740e-01	1.50855e+01
110	0	66	0	2	3	4.47667e-03	-6.22094e-01	1.63051e+01
110	0	67	0	2	3	3.86166e-03	-5.64214e-01	1.53185e+01
110	0	68	0	2	3	4.17010e-03	-6.00943e-01	1.52864e+01
110	0	69	0	2	3	4.14452e-03	-5.81616e-01	1.49851e+01
110	0	70	0	2	3	4.54125e-03	-6.31679e-01	1.47952e+01
110	0	71	0	2	3	4.49220e-03	-6.11543e-01	1.59196e+01
110	0	72	0	2	3	3.70352e-03	-5.62825e-01	1.33899e+01
110	0	73	0	2	3	4.45847e-03	-6.10730e-01	1.53235e+01
110	0	74	0	2	3	4.49730e-03	-6.23925e-01	1.55467e+01
110	0	75	0	2	3	4.49796e-03	-6.06148e-01	1.54110e+01
110	0	76	0	2	3	3.50780e-03	-5.42002e-01	1.30747e+01
110	0	77	0	2	3	3.62859e-03	-5.46264e-01	1.47112e+01
110	0	78	0	2	3	4.48331e-03	-6.23234e-01	1.48831e+01
110	0	79	0	2	3	4.49773e-03	-6.08351e-01	1.54296e+01
110	0	80	0	2	3	4.00229e-03	-5.77529e-01	1.47403e+01
110	0	81	0	2	3	4.19751e-03	-5.77366e-01	1.48309e+01
110	0	82	0	2	3	4.36845e-03	-6.03142e-01	1.47324e+01
110	0	83	0	2	3	4.53581e-03	-6.13607e-01	1.54297e+01
110	0	84	0	2	3	4.15355e-03	-5.85991e-01	1.42969e+01
110	0	85	0	2	3	4.18574e-03	-5.82211e-01	1.52948e+01
110	0	86	0	2	3	4.66742e-03	-6.35743e-01	1.50452e+01
110	0	87	0	2	3	4.49714e-03	-6.21116e-01	1.64152e+01
110	0	88	0	2	3	3.83075e-03	-5.60169e-01	1.42095e+01
110	0	89	0	2	3	4.15731e-03	-5.86266e-01	1.50171e+01
110	0	90	0	2	3	4.57414e-03	-6.18573e-01	1.43808e+01
110	0	91	0	2	3	4.16458e-03	-5.94220e-01	1.47628e+01
110	0	92	0	2	3	3.81013e-03	-5.74273e-01	1.45261e+01
110	0	93	0	2	3	3.81645e-03	-5.61355e-01	1.43270e+01
110	0	94	0	2	3	4.40049e-03	-6.27011e-01	1.64988e+01
110	0	95	0	2	3	4.51218e-03	-6.15174e-01	1.59082e+01
110	0	96	0	2	3	3.76423e-03	-5.72207e-01	1.41650e+01
110	0	97	0	2	3	4.25393e-03	-5.92238e-01	1.56093e+01
110	0	98	0	2	3	4.52931e-03	-6.29935e-01	1.51561e+01
110	0	99	0	2	3	4.71061e-03	-6.20970e-01	1.57417e+01
110	0	100	0	2	3	4.25993e-03	-5.98656e-01	1.50463e+01
110	0	101	0	2	3	3.94738e-03	-5.72047e-01	1.51901e+01
110	0	102	0	2	3	4.77843e-03	-6.43548e-01	1.61910e+01
110	0	103	0	2	3	4.76026e-03	-6.30147e-01	1.57302e+01
110	0	104	0	2	3	4.10093e-03	-5.88178e-01	1.39937e+01
110	0	105	0	2	3	3.98472e-03	-5.73516e-01	1.46757e+01
110	0	106	0	2	3	4.72784e-03	-6.37840e-01	1.60094e+01
110	0	107	0	2	3	5.11200e-03	-6.52185e-01	1.55342e+01
110	0	108	0	2	3	3.98244e-03	-5.83281e-01	1.47951e+01
110	0	109	0	2	3	4.46387e-03	-6.07866e-01	1.51293e+01
110	0	110	0	2	3	3.97742e-03	-5.85054e-01	1.48623e+01
110	0	111	0	2	3	4.64542e-03	-6.31063e-01	1.57785e+01
110	0	112	0	2	3	4.01806e-03	-5.73251e-01	1.32388e+01
110	0	113	0	2	3	4.04595e-03	-5.75692e-01	1.45342e+01
110	0	114	0	2	3	4.77461e-03	-6.45056e-01	1.60903e+01
110	0	115	0	2	3	5.07844e-03	-6.46035e-01	1.57047e+01
110	0	116	0	2	3	3.64621e-03	-5.60248e-01	1.40224e+01
110	0	117	0	2	3	4.85284e-03	-6.38950e-01	1.67262e+01
110	0	118	0	2	3	4.55713e-03	-6.33215e-01	1.61111e+01
110	0	119	0	2	3	5.21831e-03	-6.54569e-01	1.49887e+01
110	0	120	0	2	3	3.86887e-03	-5.79599e-01	1.45213e+01
110	0	121	0	2	3	4.56263e-03	-6.08584e-01	1.37157e+01
110	0	122	0	2	3	4.25121e-03	-6.10749e-01	1.62986e+01
110	0	123	0	2	3	4.55489e-03	-6.19613e-01	1.57198e+01
110	0	124	0	2	3	3.07353e-03	-4.98794e-01	1.32533e+01
110	0	125	0	2	3	3.75092e-03	-5.45603e-01	1.19703e+01
110	0	126	0	2	3	4.31648e-03	-5.92410e-01	1.44235e+01
110	0	127	0	2	3	4.51167e-03	-6.04849e-01	1.49593e+01
110	0	128	0	2	3	4.44950e-03	-6.47399e-01	1.69441e+01
110	0	129	0	2	3	3.63360e-03	-5.77712e-01	1.53391e+01
110	0	130	0	2	3	4.87171e-03	-6.68859e-01	1.72075e+01
110	0	131	0	2	3	5.92874e-04	-3.23794e-01	1.03438e+01
110	0	132	0	2	3	4.10093e-03	-6.03384e-01	1.62258e+01
110	0	133	0	2	3	5.03584e-03	-6.54789e-01	1.65408e+01
110	0	134	0	2	3	-4.63467e-03	4.57393e-02	3.75352e+00
110	0	135	0	2	3	1.61140e-03	-4.10981e-01	1.15650e+01
110	0	136	0	2	3	3.38114e-03	-5.36356e-01	1.36197e+01
110	0	137	0	2	3	3.12285e-03	-5.27881e-01	1.47712e+01
110	0	138	0	2	3	4.05409e-03	-5.97363e-01	1.58023e+01
110	0	139	0	2	3	4.56751e-03	-6.27528e-01	1.48774e+01
110	0	140	0	2	3	1.83162e-03	-4.43093e-01	1.34415e+01
110	0	141	0	2	3	4.08471e-03	-6.05665e-01	1.51215e+01
110	0	142	0	2	3	4.48076e-03	-6.36899e-01	1.62878e+01
110	0	143	0	2	3	2.97872e-03	-5.32402e-01	1.42804e+01
110	0	144	0	2	3	2.48367e-03	-4.63668e-01	1.19728e+01
110	0	145	0	2	3	4.70917e-03	-6.32830e-01	1.50112e+01
110	0	146	0	2	3	2.47459e-03	-4.81714e-01	1.34183e+01
110	0	147	0	2	3	2.37220e-03	-4.40153e-01	1.24360e+01
110	0	148	0	2	3	7.20448e-04	-3.60379e-01	1.07620e+01
110	0	149	0	2	3	4.39675e-03	-6.19739e-01	1.60514e+01
110	0	150	0	2	3	-1.24398e-02	6.39633e-01	-7.09687e+00
110	0	151	0	2	3	3.56438e-04	-3.16989e-01	1.02734e+01
110	0	152	0	2	3	-2.31415e-03	-9.78599e-02	6.40167e+00
110	0	153	0	2	3	2.91682e-03	-5.34487e-01	1.49726e+01
110	0	154	0	2	3	5.90760e-03	-7.28904e-01	1.73304e+01
110	0	155	0	2	3	3.58466e-03	-5.62347e-01	1.33846e+01
110	0	156	0	2	3	2.80966e-03	-4.76941e-01	1.30111e+01
110	0	157	0	2	3	-1.91985e-03	-1.36335e-01	7.14324e+00
110	0	158	0	2	3	1.42703e-03	-3.81563e-01	1.07651e+01
110	0	159	0	2	3	8.57971e-03	-9.12691e-01	2.07525e+01
#######################################################################
# BFT D                                                               #
#######################################################################
110	1	0	0	2	3	2.81655e-03	-5.02570e-01	1.52661e+01
110	1	1	0	2	3	3.41172e-03	-5.35393e-01	1.52083e+01
110	1	2	0	2	3	3.87516e-03	-5.79507e-01	1.56888e+01
110	1	3	0	2	3	2.03381e-03	-4.29384e-01	1.36517e+01
110	1	4	0	2	3	3.53623e-03	-5.45866e-01	1.49715e+01
110	1	5	0	2	3	3.94786e-03	-5.83218e-01	1.67920e+01
110	1	6	0	2	3	3.97290e-03	-5.80700e-01	1.44384e+01
110	1	7	0	2	3	3.99566e-03	-5.70135e-01	1.56806e+01
110	1	8	0	2	3	3.00168e-03	-5.13673e-01	1.47929e+01
110	1	9	0	2	3	3.40389e-03	-5.46851e-01	1.70575e+01
110	1	10	0	2	3	4.11269e-03	-5.91650e-01	1.59049e+01
110	1	11	0	2	3	4.39828e-03	-6.10572e-01	1.64504e+01
110	1	12	0	2	3	3.75441e-03	-5.60669e-01	1.45454e+01
110	1	13	0	2	3	2.95053e-03	-5.03057e-01	1.52109e+01
110	1	14	0	2	3	3.76121e-03	-5.69357e-01	1.46302e+01
110	1	15	0	2	3	3.42783e-03	-5.33977e-01	1.56108e+01
110	1	16	0	2	3	4.00049e-03	-5.88535e-01	1.53199e+01
110	1	17	0	2	3	4.27934e-03	-5.96441e-01	1.60135e+01
110	1	18	0	2	3	4.07735e-03	-5.92731e-01	1.48033e+01
110	1	19	0	2	3	4.32689e-03	-5.97485e-01	1.63354e+01
110	1	20	0	2	3	3.34260e-03	-5.41487e-01	1.48152e+01
110	1	21	0	2	3	3.78026e-03	-5.72993e-01	1.71524e+01
110	1	22	0	2	3	3.87905e-03	-5.71548e-01	1.48654e+01
110	1	23	0	2	3	3.73045e-03	-5.51331e-01	1.57138e+01
110	1	24	0	2	3	3.43237e-03	-5.42412e-01	1.53366e+01
110	1	25	0	2	3	3.69661e-03	-5.55914e-01	1.60401e+01
110	1	26	0	2	3	4.62015e-03	-6.27569e-01	1.57059e+01
110	1	27	0	2	3	4.15769e-03	-5.85283e-01	1.71644e+01
110	1	28	0	2	3	3.94495e-03	-5.84284e-01	1.60302e+01
110	1	29	0	2	3	3.47460e-03	-5.38029e-01	1.58394e+01
110	1	30	0	2	3	3.94903e-03	-5.80665e-01	1.51876e+01
110	1	31	0	2	3	4.31047e-03	-6.08142e-01	1.73086e+01
110	1	32	0	2	3	4.05797e-03	-5.92235e-01	1.66697e+01
110	1	33	0	2	3	3.63294e-03	-5.57452e-01	1.51738e+01
110	1	34	0	2	3	3.93823e-03	-5.72170e-01	1.45144e+01
110	1	35	0	2	3	4.31038e-03	-6.13327e-01	1.74515e+01
110	1	36	0	2	3	3.77944e-03	-5.61025e-01	1.55478e+01
110	1	37	0	2	3	3.45968e-03	-5.35618e-01	1.39473e+01
110	1	38	0	2	3	4.23062e-03	-5.96128e-01	1.63615e+01
110	1	39	0	2	3	4.24046e-03	-5.92616e-01	1.59768e+01
110	1	40	0	2	3	4.08174e-03	-5.80072e-01	1.46942e+01
110	1	41	0	2	3	3.65620e-03	-5.48808e-01	1.55960e+01
110	1	42	0	2	3	4.13323e-03	-5.82173e-01	1.52590e+01
110	1	43	0	2	3	3.66732e-03	-5.50840e-01	1.64012e+01
110	1	44	0	2	3	3.81284e-03	-5.67107e-01	1.46394e+01
110	1	45	0	2	3	3.61559e-03	-5.52024e-01	1.59563e+01
110	1	46	0	2	3	3.96283e-03	-5.83549e-01	1.49903e+01
110	1	47	0	2	3	4.14562e-03	-6.04053e-01	1.77735e+01
110	1	48	0	2	3	3.75281e-03	-5.59646e-01	1.51676e+01
110	1	49	0	2	3	3.53432e-03	-5.36826e-01	1.57864e+01
110	1	50	0	2	3	4.21180e-03	-5.96237e-01	1.48298e+01
110	1	51	0	2	3	4.30626e-03	-5.98475e-01	1.66188e+01
110	1	52	0	2	3	3.90402e-03	-5.84787e-01	1.49755e+01
110	1	53	0	2	3	3.48557e-03	-5.38984e-01	1.58590e+01
110	1	54	0	2	3	4.29343e-03	-6.07480e-01	1.62436e+01
110	1	55	0	2	3	4.35616e-03	-6.04019e-01	1.68598e+01
110	1	56	0	2	3	3.99638e-03	-5.95347e-01	1.52418e+01
110	1	57	0	2	3	3.81964e-03	-5.68094e-01	1.59812e+01
110	1	58	0	2	3	4.40481e-03	-6.25783e-01	1.76743e+01
110	1	59	0	2	3	4.50974e-03	-6.27787e-01	1.83719e+01
110	1	60	0	2	3	3.92342e-03	-5.81179e-01	1.56702e+01
110	1	61	0	2	3	4.35389e-03	-5.91268e-01	1.58000e+01
110	1	62	0	2	3	4.09144e-03	-5.86165e-01	1.46126e+01
110	1	63	0	2	3	4.17757e-03	-5.93868e-01	1.67403e+01
110	1	64	0	2	3	4.15201e-03	-5.98386e-01	1.63254e+01
110	1	65	0	2	3	4.14444e-03	-5.91070e-01	1.59980e+01
110	1	66	0	2	3	4.77268e-03	-6.48633e-01	1.59321e+01
110	1	67	0	2	3	4.68123e-03	-6.30258e-01	1.57648e+01
110	1	68	0	2	3	3.24546e-03	-5.21180e-01	1.32757e+01
110	1	69	0	2	3	4.00762e-03	-5.80576e-01	1.58609e+01
110	1	70	0	2	3	4.11874e-03	-5.96519e-01	1.60960e+01
110	1	71	0	2	3	4.23311e-03	-6.05989e-01	1.66115e+01
110	1	72	0	2	3	3.97031e-03	-5.79246e-01	1.52279e+01
110	1	73	0	2	3	4.14479e-03	-5.97149e-01	1.69218e+01
110	1	74	0	2	3	4.32800e-03	-6.05222e-01	1.48444e+01
110	1	75	0	2	3	4.18563e-03	-6.00127e-01	1.58943e+01
110	1	76	0	2	3	3.62470e-03	-5.53830e-01	1.45935e+01
110	1	77	0	2	3	4.26567e-03	-6.04341e-01	1.59575e+01
110	1	78	0	2	3	4.27134e-03	-6.05110e-01	1.48666e+01
110	1	79	0	2	3	4.36107e-03	-6.07495e-01	1.58849e+01
110	1	80	0	2	3	4.26615e-03	-5.94802e-01	1.51221e+01
110	1	81	0	2	3	3.46826e-03	-5.41650e-01	1.40361e+01
110	1	82	0	2	3	4.46482e-03	-6.15427e-01	1.64655e+01
110	1	83	0	2	3	4.47105e-03	-6.01809e-01	1.52899e+01
110	1	84	0	2	3	3.81927e-03	-5.58386e-01	1.39893e+01
110	1	85	0	2	3	3.95626e-03	-5.73464e-01	1.48257e+01
110	1	86	0	2	3	4.22226e-03	-6.00822e-01	1.60068e+01
110	1	87	0	2	3	4.29213e-03	-5.92757e-01	1.38931e+01
110	1	88	0	2	3	3.96266e-03	-5.79334e-01	1.53568e+01
110	1	89	0	2	3	4.20423e-03	-5.96210e-01	1.49068e+01
110	1	90	0	2	3	3.85432e-03	-5.73390e-01	1.44398e+01
110	1	91	0	2	3	4.33749e-03	-5.99660e-01	1.57934e+01
110	1	92	0	2	3	4.22210e-03	-5.92089e-01	1.51192e+01
110	1	93	0	2	3	4.04416e-03	-5.79741e-01	1.50871e+01
110	1	94	0	2	3	4.36988e-03	-6.13759e-01	1.63340e+01
110	1	95	0	2	3	3.93277e-03	-5.82158e-01	1.49385e+01
110	1	96	0	2	3	3.82607e-03	-5.69135e-01	1.44573e+01
110	1	97	0	2	3	3.84106e-03	-5.68068e-01	1.53545e+01
110	1	98	0	2	3	4.04556e-03	-6.03079e-01	1.64666e+01
110	1	99	0	2	3	4.64486e-03	-6.24727e-01	1.56678e+01
110	1	100	0	2	3	3.86054e-03	-5.60937e-01	1.47823e+01
110	1	101	0	2	3	3.92925e-03	-5.69389e-01	1.51818e+01
110	1	102	0	2	3	4.18613e-03	-6.04600e-01	1.56226e+01
110	1	103	0	2	3	4.50561e-03	-6.16082e-01	1.54386e+01
110	1	104	0	2	3	3.96481e-03	-5.78817e-01	1.51115e+01
110	1	105	0	2	3	4.23694e-03	-5.92879e-01	1.53636e+01
110	1	106	0	2	3	4.32227e-03	-6.12175e-01	1.65276e+01
110	1	107	0	2	3	4.81310e-03	-6.36600e-01	1.59227e+01
110	1	108	0	2	3	4.23440e-03	-5.97489e-01	1.61623e+01
110	1	109	0	2	3	4.11180e-03	-5.88686e-01	1.58825e+01
110	1	110	0	2	3	4.55517e-03	-6.29968e-01	1.60896e+01
110	1	111	0	2	3	3.99259e-03	-5.91334e-01	1.65806e+01
110	1	112	0	2	3	3.86041e-03	-5.69413e-01	1.46970e+01
110	1	113	0	2	3	4.20938e-03	-5.92355e-01	1.54359e+01
110	1	114	0	2	3	4.35918e-03	-6.15987e-01	1.54631e+01
110	1	115	0	2	3	4.36163e-03	-6.06044e-01	1.54358e+01
110	1	116	0	2	3	4.16426e-03	-5.97751e-01	1.54918e+01
110	1	117	0	2	3	3.82201e-03	-5.64865e-01	1.49117e+01
110	1	118	0	2	3	4.12424e-03	-5.90824e-01	1.43795e+01
110	1	119	0	2	3	4.60414e-03	-6.19154e-01	1.59618e+01
110	1	120	0	2	3	4.25180e-03	-6.00138e-01	1.51798e+01
110	1	121	0	2	3	3.72572e-03	-5.56897e-01	1.45559e+01
110	1	122	0	2	3	4.00018e-03	-5.90779e-01	1.64623e+01
110	1	123	0	2	3	3.77984e-03	-5.75244e-01	1.65770e+01
110	1	124	0	2	3	3.84435e-03	-5.68105e-01	1.43062e+01
110	1	125	0	2	3	4.14159e-03	-5.90313e-01	1.55186e+01
110	1	126	0	2	3	4.73054e-03	-6.31981e-01	1.60274e+01
110	1	127	0	2	3	4.55983e-03	-6.20261e-01	1.58359e+01
110	1	128	0	2	3	4.54387e-03	-6.45650e-01	1.70498e+01
110	1	129	0	2	3	4.73295e-03	-6.55698e-01	1.71389e+01
110	1	130	0	2	3	4.25741e-03	-6.22718e-01	1.57357e+01
110	1	131	0	2	3	4.95893e-03	-6.52635e-01	1.63708e+01
110	1	132	0	2	3	4.47872e-03	-6.36678e-01	1.69887e+01
110	1	133	0	2	3	3.57700e-03	-5.51789e-01	1.44256e+01
110	1	134	0	2	3	4.74613e-03	-6.54038e-01	1.72407e+01
110	1	135	0	2	3	4.42928e-03	-6.02708e-01	1.55982e+01
110	1	136	0	2	3	3.05015e-03	-5.41669e-01	1.57144e+01
110	1	137	0	2	3	4.45909e-03	-6.37359e-01	1.67785e+01
110	1	138	0	2	3	3.99803e-03	-5.90063e-01	1.54058e+01
110	1	139	0	2	3	1.72329e-03	-4.20210e-01	1.26614e+01
110	1	140	0	2	3	3.34612e-03	-5.40610e-01	1.42909e+01
110	1	141	0	2	3	2.16738e-03	-4.68513e-01	1.32108e+01
110	1	142	0	2	3	4.10995e-03	-6.02206e-01	1.53442e+01
110	1	143	0	2	3	-4.01085e-03	3.70439e-03	5.12532e+00
110	1	144	0	2	3	2.68157e-03	-4.96419e-01	1.47591e+01
110	1	145	0	2	3	3.63169e-03	-5.47300e-01	1.45133e+01
110	1	146	0	2	3	4.65659e-03	-6.31979e-01	1.59106e+01
110	1	147	0	2	3	3.69442e-03	-5.63339e-01	1.40235e+01
110	1	148	0	2	3	2.24673e-03	-4.71415e-01	1.28248e+01
110	1	149	0	2	3	1.17895e-02	-1.15966e+00	2.61590e+01
110	1	150	0	2	3	3.33859e-03	-5.37893e-01	1.47709e+01
110	1	151	0	2	3	3.31232e-03	-5.40692e-01	1.44733e+01
110	1	152	0	2	3	-1.94513e-03	-1.49091e-01	8.24786e+00
110	1	153	0	2	3	-1.07622e-02	5.54346e-01	-5.66200e+00
110	1	154	0	2	3	7.82687e-03	-8.57233e-01	2.03373e+01
110	1	155	0	2	3	3.03859e-03	-5.23935e-01	1.31354e+01
110	1	156	0	2	3	-1.01261e-03	-2.48953e-01	1.00735e+01
110	1	157	0	2	3	4.40958e-03	-6.06184e-01	1.62516e+01
110	1	158	0	2	3	1.67272e-03	-4.05471e-01	1.25682e+01
110	1	159	0	2	3	2.79512e-03	-5.01444e-01	1.47373e+01
