##
#  file: HodoPHCParam_Dummy
#  date: 2016.06.15
#  note: first version
#
#
#######################################################################
# CId	PlId	Seg	UorD	Type	nParam	p0	p1	...
#
#	Type=0 no correction will be performed
#	Type=1 ct=t-p[0]/sqrt(a-p[1])+p[2]
#	Type=2 ct=p[0]*a*a + p[1]*a + p[2] for Fiber
#
#######################################################################
# BH1 Up                                                              #
#######################################################################
1	0	0	0	1	3	5.09675e-04	2.12498e-01	5.41041e-03
1	0	1	0	1	3	1.95061e+00	-4.05492e-02	1.89154e+00
1	0	2	0	1	3	2.57298e-01	5.06376e-01	3.84083e-01
1	0	3	0	1	3	6.12463e+01	-1.75930e+01	1.42505e+01
1	0	4	0	1	3	8.44419e-01	2.07390e-02	8.75961e-01
1	0	5	0	1	3	1.70096e+01	-5.74610e+00	6.59971e+00
1	0	6	0	1	3	1.07062e+02	-2.49490e+01	2.10062e+01
1	0	7	0	1	3	1.89464e+00	-8.18907e-01	1.44448e+00
1	0	8	0	1	3	2.60600e-01	4.71868e-01	3.89693e-01
1	0	9	0	1	3	1.20014e+02	-2.06034e+01	2.58376e+01
1	0	10	0	1	3	2.53278e+02	-4.51548e+01	3.73206e+01
#######################################################################
# BH1 Down                                                            #
#######################################################################
1	0	0	1	1	3	5.40915e-01	4.20330e-01	1.31205e+00
1	0	1	1	1	3	3.90302e-01	5.45751e-01	5.52437e-01
1	0	2	1	1	3	1.17500e+02	-3.19469e+01	2.04673e+01
1	0	3	1	1	3	1.14146e+01	-7.95415e+00	3.83454e+00
1	0	4	1	1	3	3.06928e+00	-1.13074e+00	2.07760e+00
1	0	5	1	1	3	3.29584e+00	-1.18677e+00	2.21566e+00
1	0	6	1	1	3	9.45151e+01	-6.67044e+01	1.15595e+01
1	0	7	1	1	3	1.92845e+00	-5.30434e-01	1.56212e+00
1	0	8	1	1	3	3.04237e-01	4.36813e-01	4.45422e-01
1	0	9	1	1	3	1.01390e+02	-2.23541e+01	2.10150e+01
1	0	10	1	1	3	8.24391e-01	1.41642e-01	8.83681e-01
#######################################################################
# BH2 Up                                                              #
#######################################################################
2	0	0	0	1	3	2.57702e-01	3.03819e-02	2.66542e-01
2	0	1	0	1	3	4.23778e-01	2.60597e-01	5.12997e-01
2	0	2	0	1	3	8.11081e-01	-2.27111e-01	7.37728e-01
2	0	3	0	1	3	7.42356e-01	-2.26802e-01	6.87464e-01
2	0	4	0	1	3	3.04828e-01	1.28740e-01	3.41149e-01
2	0	5	0	1	3	1.28070e-01	4.03761e-01	1.81966e-01
2	0	6	0	1	3	1.69751e-01	3.20195e-01	2.22448e-01
2	0	7	0	1	3	1.88197e-01	2.68558e-01	2.27575e-01
#######################################################################
# BH2 Down                                                            #
#######################################################################
2	0	0	1	1	3	1.75811e-01	2.97707e-01	2.03423e-01
2	0	1	1	1	3	6.21011e-01	-1.07405e-01	5.61578e-01
2	0	2	1	1	3	9.56045e-01	-5.07020e-01	7.53696e-01
2	0	3	1	1	3	3.71710e-01	8.34859e-02	3.62623e-01
2	0	4	1	1	3	3.65532e-01	5.03619e-02	3.59470e-01
2	0	5	1	1	3	2.01902e-01	3.53829e-01	2.45031e-01
2	0	6	1	1	3	2.83172e-01	2.53261e-01	3.11416e-01
2	0	7	1	1	3	1.59905e-01	2.86794e-01	1.94586e-01
#######################################################################
# BAC                                                                 #
#######################################################################
3	0	0	0	1	3	0.00000e+00	0.00000e+00	0.00000e+00
3	0	1	0	1	3	0.00000e+00	0.00000e+00	0.00000e+00
#######################################################################
# FBH Up                                                              #
#######################################################################
4	0	0	0	2	3	-5.62952e-03	8.96903e-01	-3.53273e+01
4	0	1	0	2	3	-4.29399e-03	7.37975e-01	-3.00049e+01
4	0	2	0	2	3	-5.26894e-03	8.67305e-01	-3.38992e+01
4	0	3	0	2	3	-3.80183e-03	6.69237e-01	-2.72260e+01
4	0	4	0	2	3	-4.35014e-03	7.35785e-01	-2.92008e+01
4	0	5	0	2	3	-4.02541e-03	6.86907e-01	-2.70312e+01
4	0	6	0	2	3	-4.16660e-03	7.08229e-01	-2.81512e+01
4	0	7	0	2	3	-3.93117e-03	6.84759e-01	-2.69101e+01
4	0	8	0	2	3	-4.14423e-03	6.96902e-01	-2.65883e+01
4	0	9	0	2	3	-2.83372e-03	5.62925e-01	-2.20787e+01
4	0	10	0	2	3	-4.07944e-03	7.09420e-01	-2.75603e+01
4	0	11	0	2	3	-3.50961e-03	6.50113e-01	-2.64167e+01
4	0	12	0	2	3	-3.52415e-03	6.49734e-01	-2.67232e+01
4	0	13	0	2	3	-4.13420e-03	7.26957e-01	-2.99675e+01
4	0	14	0	2	3	-4.90315e-03	8.27563e-01	-3.35630e+01
4	0	15	0	2	3	-4.73048e-03	8.13189e-01	-3.31901e+01
#######################################################################
# FBH Down                                                            #
#######################################################################
4	0	0	1	2	3	-5.62952e-03	8.96903e-01	-3.53273e+01
4	0	1	1	2	3	-4.29399e-03	7.37975e-01	-3.00049e+01
4	0	2	1	2	3	-5.26894e-03	8.67305e-01	-3.38992e+01
4	0	3	1	2	3	-3.80183e-03	6.69237e-01	-2.72260e+01
4	0	4	1	2	3	-4.35014e-03	7.35785e-01	-2.92008e+01
4	0	5	1	2	3	-4.02541e-03	6.86907e-01	-2.70312e+01
4	0	6	1	2	3	-4.16660e-03	7.08229e-01	-2.81512e+01
4	0	7	1	2	3	-3.93117e-03	6.84759e-01	-2.69101e+01
4	0	8	1	2	3	-4.14423e-03	6.96902e-01	-2.65883e+01
4	0	9	1	2	3	-2.83372e-03	5.62925e-01	-2.20787e+01
4	0	10	1	2	3	-4.07944e-03	7.09420e-01	-2.75603e+01
4	0	11	1	2	3	-3.50961e-03	6.50113e-01	-2.64167e+01
4	0	12	1	2	3	-3.52415e-03	6.49734e-01	-2.67232e+01
4	0	13	1	2	3	-4.13420e-03	7.26957e-01	-2.99675e+01
4	0	14	1	2	3	-4.90315e-03	8.27563e-01	-3.35630e+01
4	0	15	1	2	3	-4.73048e-03	8.13189e-01	-3.31901e+01
#######################################################################
# PVAC                                                                #
#######################################################################
5	0	0	0	1	3	0.00000e+00	0.00000e+00	0.00000e+00
#######################################################################
# FAC                                                                 #
#######################################################################
6	0	0	0	1	3	0.00000e+00	0.00000e+00	0.00000e+00
#######################################################################
# SCH                                                                 #
#######################################################################
#7	0	0	0	2	3	-0.00500000	0.821213	-32.185321
#7	0	1	0	2	3	-0.00500000	0.830248	-32.269563
#7	0	2	0	2	3	-0.00500000	0.793073	-29.315934
#7	0	3	0	2	3	-0.00500000	0.772144	-28.276705
#7	0	4	0	2	3	-0.00500000	0.801968	-30.687167
#7	0	5	0	2	3	-0.00500000	0.778300	-28.439251
#7	0	6	0	2	3	-0.00500000	0.765872	-27.918181
#7	0	7	0	2	3	-0.00500000	0.738459	-26.016797
#7	0	8	0	2	3	-0.00500000	0.778318	-28.676371
#7	0	9	0	2	3	-0.00500000	0.776670	-28.892887
#7	0	10	0	2	3	-0.00500000	0.764278	-28.122474
#7	0	11	0	2	3	-0.00500000	0.790742	-29.423647
#7	0	12	0	2	3	-0.00500000	0.811330	-30.487019
#7	0	13	0	2	3	-0.00500000	0.818750	-30.891512
#7	0	14	0	2	3	-0.00500000	0.802541	-30.009136
#7	0	15	0	2	3	-0.00500000	0.809525	-30.751746
#7	0	16	0	2	3	-0.00500000	0.802597	-30.845509
#7	0	17	0	2	3	-0.00500000	0.835028	-32.780792
#7	0	18	0	2	3	-0.00500000	0.859176	-33.938731
#7	0	19	0	2	3	-0.00500000	0.814851	-31.445396
#7	0	20	0	2	3	-0.00500000	0.809426	-30.781087
#7	0	21	0	2	3	-0.00500000	0.780678	-28.888756
#7	0	22	0	2	3	-0.00500000	0.808206	-30.719604
#7	0	23	0	2	3	-0.00500000	0.774024	-27.858339
#7	0	24	0	2	3	-0.00500000	0.794308	-29.022101
#7	0	25	0	2	3	-0.00500000	0.775649	-27.980186
#7	0	26	0	2	3	-0.00500000	0.788483	-28.687567
#7	0	27	0	2	3	-0.00466315	0.771386	-29.253260
#7	0	28	0	2	3	-0.00483132	0.790854	-28.637741
#7	0	29	0	2	3	-0.00497049	0.812994	-30.786914
#7	0	30	0	2	3	-0.00500000	0.787793	-28.362716
#7	0	31	0	2	3	-0.00500000	0.790759	-28.876812
#7	0	32	0	2	3	-0.00500000	0.824826	-31.655285
#7	0	33	0	2	3	-0.00500000	0.845304	-33.407765
#7	0	34	0	2	3	-0.00500000	0.832263	-32.939799
#7	0	35	0	2	3	-0.00500000	0.820631	-31.695372
#7	0	36	0	2	3	-0.00500000	0.836997	-33.200590
#7	0	37	0	2	3	-0.00500000	0.819690	-32.097193
#7	0	38	0	2	3	-0.00500000	0.808109	-31.263214
#7	0	39	0	2	3	-0.00500000	0.815224	-31.135523
#7	0	40	0	2	3	-0.00500000	0.803398	-29.897923
#7	0	41	0	2	3	-0.00500000	0.815685	-31.165519
#7	0	42	0	2	3	-0.00500000	0.812980	-30.737261
#7	0	43	0	2	3	-0.00500000	0.829418	-32.693307
#7	0	44	0	2	3	-0.00500000	0.789530	-29.464920
#7	0	45	0	2	3	-0.00500000	0.804789	-31.208151
#7	0	46	0	2	3	-0.00500000	0.830106	-32.806514
#7	0	47	0	2	3	-0.00500000	0.819206	-31.373242
#7	0	48	0	2	3	-0.00500000	0.816165	-31.709319
#7	0	49	0	2	3	-0.00500000	0.798496	-30.201709
#7	0	50	0	2	3	-0.00500000	0.812167	-31.795745
#7	0	51	0	2	3	-0.00500000	0.810749	-31.375226
#7	0	52	0	2	3	-0.00500000	0.803385	-31.372512
#7	0	53	0	2	3	-0.00500000	0.777405	-29.262831
#7	0	54	0	2	3	-0.00500000	0.783954	-29.763410
#7	0	55	0	2	3	-0.00500000	0.789443	-29.976449
#7	0	56	0	2	3	-0.00500000	0.838828	-33.261086
#7	0	57	0	2	3	-0.00500000	0.804421	-30.573195
#7	0	58	0	2	3	-0.00500000	0.773283	-29.111048
#7	0	59	0	2	3	-0.00500000	0.811789	-31.449459
#7	0	60	0	2	3	-0.00500000	0.759724	-28.110014
#7	0	61	0	2	3	-0.00500000	0.810884	-31.379063
#7	0	62	0	2	3	-0.00500000	0.771910	-28.435006
#7	0	63	0	2	3	-0.00500000	0.796658	-30.511906
#######################################################################
# TOF Up                                                              #
#######################################################################
7	0	0	0	1	3	5.24830e+00	-1.96630e+00	2.96170e+00
7	0	1	0	1	3	5.24830e+00	-1.96630e+00	2.96170e+00
7	0	2	0	1	3	5.24830e+00	-1.96630e+00	2.96170e+00
7	0	3	0	1	3	5.24830e+00	-1.96630e+00	2.96170e+00
7	0	4	0	1	3	5.24830e+00	-1.96630e+00	2.96170e+00
7	0	5	0	1	3	5.24830e+00	-1.96630e+00	2.96170e+00
7	0	6	0	1	3	6.97090e+00	-3.03520e+00	3.39910e+00
7	0	7	0	1	3	4.05450e+00	-1.96150e+00	2.30360e+00
7	0	8	0	1	3	1.16940e+02	-2.98600e+01	2.09880e+01
7	0	9	0	1	3	5.24830e+00	-1.96630e+00	2.96170e+00
7	0	10	0	1	3	5.24830e+00	-1.96630e+00	2.96170e+00
7	0	11	0	1	3	5.24830e+00	-1.96630e+00	2.96170e+00
7	0	12	0	1	3	5.24830e+00	-1.96630e+00	2.96170e+00
7	0	13	0	1	3	5.24830e+00	-1.96630e+00	2.96170e+00
7	0	14	0	1	3	5.24830e+00	-1.96630e+00	2.96170e+00
7	0	15	0	1	3	5.24830e+00	-1.96630e+00	2.96170e+00
7	0	16	0	1	3	5.24830e+00	-1.96630e+00	2.96170e+00
7	0	17	0	1	3	5.24830e+00	-1.96630e+00	2.96170e+00
7	0	18	0	1	3	5.24830e+00	-1.96630e+00	2.96170e+00
7	0	19	0	1	3	7.11491e-01	1.85180e-03	5.82402e-01
7	0	20	0	1	3	5.59404e-01	-1.73810e-03	4.50716e-01
7	0	21	0	1	3	8.92499e-01	1.99900e-03	7.37364e-01
7	0	22	0	1	3	6.37553e-01	1.99960e-03	5.45449e-01
7	0	23	0	1	3	1.19210e+00	1.98920e-03	9.99994e-01
#######################################################################
# TOF Down                                                            #
#######################################################################
7	0	0	1	1	3	5.84300e+00	-2.30730e+00	3.11320e+00
7	0	1	1	1	3	5.84300e+00	-2.30730e+00	3.11320e+00
7	0	2	1	1	3	5.84300e+00	-2.30730e+00	3.11320e+00
7	0	3	1	1	3	5.84300e+00	-2.30730e+00	3.11320e+00
7	0	4	1	1	3	5.84300e+00	-2.30730e+00	3.11320e+00
7	0	5	1	1	3	5.84300e+00	-2.30730e+00	3.11320e+00
7	0	6	1	1	3	1.41330e+01	-5.81170e+00	5.32680e+00
7	0	7	1	1	3	7.84850e+01	-2.02870e+01	1.69500e+01
7	0	8	1	1	3	2.20240e+02	-3.62440e+01	3.60080e+01
7	0	9	1	1	3	5.84300e+00	-2.30730e+00	3.11320e+00
7	0	10	1	1	3	5.84300e+00	-2.30730e+00	3.11320e+00
7	0	11	1	1	3	5.84300e+00	-2.30730e+00	3.11320e+00
7	0	12	1	1	3	5.84300e+00	-2.30730e+00	3.11320e+00
7	0	13	1	1	3	5.84300e+00	-2.30730e+00	3.11320e+00
7	0	14	1	1	3	5.84300e+00	-2.30730e+00	3.11320e+00
7	0	15	1	1	3	5.84300e+00	-2.30730e+00	3.11320e+00
7	0	16	1	1	3	5.84300e+00	-2.30730e+00	3.11320e+00
7	0	17	1	1	3	5.84300e+00	-2.30730e+00	3.11320e+00
7	0	18	1	1	3	5.84300e+00	-2.30730e+00	3.11320e+00
7	0	19	1	1	3	6.18741e-01	1.99860e-03	4.90831e-01
7	0	20	1	1	3	5.75901e-01	1.04210e-03	4.72509e-01
7	0	21	1	1	3	9.41046e-01	1.99890e-03	7.79357e-01
7	0	22	1	1	3	4.84266e-01	-1.95590e-03	3.99786e-01
7	0	23	1	1	3	8.97714e-01	1.99860e-03	7.56300e-01
#######################################################################
# BFT U                                                               #
#######################################################################
110	0	0	0	2	3	6.26000e-03	-7.09479e-01	1.81146e+01
110	0	1	0	2	3	9.99500e-03	-1.03071e+00	2.55418e+01
110	0	2	0	2	3	7.38700e-03	-8.46904e-01	2.18768e+01
110	0	3	0	2	3	2.02400e-03	-4.44117e-01	1.30280e+01
110	0	4	0	2	3	7.12700e-03	-7.84775e-01	1.95185e+01
110	0	5	0	2	3	5.00800e-03	-5.96233e-01	1.57442e+01
110	0	6	0	2	3	9.28200e-03	-9.53069e-01	2.19864e+01
110	0	7	0	2	3	1.67390e-02	-1.55627e+00	3.47237e+01
110	0	8	0	2	3	2.34500e-03	-4.62545e-01	1.37538e+01
110	0	9	0	2	3	1.69090e-02	-1.59973e+00	3.73002e+01
110	0	10	0	2	3	4.84800e-03	-6.36734e-01	1.67093e+01
110	0	11	0	2	3	1.08900e-02	-1.09409e+00	2.63651e+01
110	0	12	0	2	3	2.98200e-03	-5.30572e-01	1.47923e+01
110	0	13	0	2	3	3.68600e-03	-5.51819e-01	1.65243e+01
110	0	14	0	2	3	-3.07300e-03	-6.85730e-02	6.95106e+00
110	0	15	0	2	3	-3.18000e-04	-2.51813e-01	1.08888e+01
110	0	16	0	2	3	-4.51000e-04	-2.73051e-01	9.80892e+00
110	0	17	0	2	3	1.73000e-04	-2.63379e-01	1.03733e+01
110	0	18	0	2	3	2.25700e-03	-4.98799e-01	1.42987e+01
110	0	19	0	2	3	-2.35200e-03	-1.13513e-01	6.45552e+00
110	0	20	0	2	3	2.87700e-03	-5.16959e-01	1.47329e+01
110	0	21	0	2	3	6.48100e-03	-7.68903e-01	2.08138e+01
110	0	22	0	2	3	8.43600e-03	-9.48511e-01	2.28863e+01
110	0	23	0	2	3	3.03800e-03	-4.92833e-01	1.50858e+01
110	0	24	0	2	3	3.11300e-03	-5.05723e-01	1.32994e+01
110	0	25	0	2	3	3.73300e-03	-5.68352e-01	1.65477e+01
110	0	26	0	2	3	2.00800e-03	-4.43907e-01	1.32581e+01
110	0	27	0	2	3	3.88400e-03	-5.34317e-01	1.53028e+01
110	0	28	0	2	3	3.98600e-03	-5.65625e-01	1.35835e+01
110	0	29	0	2	3	-3.80800e-03	4.42460e-02	4.14446e+00
110	0	30	0	2	3	4.25700e-03	-5.87305e-01	1.62988e+01
110	0	31	0	2	3	3.18200e-03	-4.93671e-01	1.48685e+01
110	0	32	0	2	3	3.47700e-03	-5.31619e-01	1.47065e+01
110	0	33	0	2	3	4.73400e-03	-5.87365e-01	1.37340e+01
110	0	34	0	2	3	5.27100e-03	-6.53344e-01	1.73129e+01
110	0	35	0	2	3	5.65700e-03	-6.91275e-01	1.86515e+01
110	0	36	0	2	3	4.05800e-03	-5.79981e-01	1.52641e+01
110	0	37	0	2	3	4.36900e-03	-6.11016e-01	1.73992e+01
110	0	38	0	2	3	4.09400e-03	-5.99640e-01	1.54209e+01
110	0	39	0	2	3	3.80300e-03	-5.49985e-01	1.57657e+01
110	0	40	0	2	3	3.53900e-03	-5.38156e-01	1.33934e+01
110	0	41	0	2	3	2.00600e-03	-4.01973e-01	1.28789e+01
110	0	42	0	2	3	1.47300e-03	-4.13511e-01	1.22031e+01
110	0	43	0	2	3	4.79400e-03	-6.46237e-01	1.86113e+01
110	0	44	0	2	3	3.20600e-03	-5.26484e-01	1.45246e+01
110	0	45	0	2	3	3.62900e-03	-5.24810e-01	1.47477e+01
110	0	46	0	2	3	3.63400e-03	-5.55804e-01	1.51221e+01
110	0	47	0	2	3	4.49500e-03	-6.01694e-01	1.72878e+01
110	0	48	0	2	3	1.68700e-03	-4.21213e-01	1.17974e+01
110	0	49	0	2	3	6.78500e-03	-7.88597e-01	2.06433e+01
110	0	50	0	2	3	2.87200e-03	-4.99273e-01	1.44387e+01
110	0	51	0	2	3	4.22200e-03	-5.76506e-01	1.61227e+01
110	0	52	0	2	3	3.44700e-03	-5.36152e-01	1.41482e+01
110	0	53	0	2	3	4.50900e-03	-6.05294e-01	1.67717e+01
110	0	54	0	2	3	4.06100e-03	-5.81915e-01	1.54184e+01
110	0	55	0	2	3	4.93100e-03	-6.36718e-01	1.73163e+01
110	0	56	0	2	3	2.32900e-03	-4.69897e-01	1.44928e+01
110	0	57	0	2	3	3.45300e-03	-5.20181e-01	1.57295e+01
110	0	58	0	2	3	4.21500e-03	-5.96396e-01	1.67896e+01
110	0	59	0	2	3	5.51400e-03	-7.06253e-01	1.98704e+01
110	0	60	0	2	3	3.38700e-03	-5.41439e-01	1.44081e+01
110	0	61	0	2	3	3.82700e-03	-5.54181e-01	1.61498e+01
110	0	62	0	2	3	3.15100e-03	-5.13808e-01	1.41296e+01
110	0	63	0	2	3	4.39200e-03	-6.07416e-01	1.62934e+01
110	0	64	0	2	3	2.76500e-03	-4.92677e-01	1.41795e+01
110	0	65	0	2	3	4.60600e-03	-6.21525e-01	1.75553e+01
110	0	66	0	2	3	3.60400e-03	-5.69041e-01	1.59233e+01
110	0	67	0	2	3	2.75900e-03	-4.88622e-01	1.43651e+01
110	0	68	0	2	3	4.00700e-03	-5.94833e-01	1.66591e+01
110	0	69	0	2	3	3.81400e-03	-5.67779e-01	1.62074e+01
110	0	70	0	2	3	3.61100e-03	-5.73576e-01	1.62753e+01
110	0	71	0	2	3	2.96500e-03	-4.99664e-01	1.52007e+01
110	0	72	0	2	3	3.14300e-03	-5.31337e-01	1.53452e+01
110	0	73	0	2	3	3.67400e-03	-5.62202e-01	1.59369e+01
110	0	74	0	2	3	3.75200e-03	-5.81107e-01	1.63458e+01
110	0	75	0	2	3	4.56400e-03	-6.18500e-01	1.70471e+01
110	0	76	0	2	3	3.25700e-03	-5.26330e-01	1.42165e+01
110	0	77	0	2	3	3.73900e-03	-5.63608e-01	1.64685e+01
110	0	78	0	2	3	3.13300e-03	-5.28116e-01	1.55544e+01
110	0	79	0	2	3	4.52600e-03	-6.10871e-01	1.67537e+01
110	0	80	0	2	3	3.14100e-03	-5.17593e-01	1.50610e+01
110	0	81	0	2	3	4.24200e-03	-5.84794e-01	1.63732e+01
110	0	82	0	2	3	4.40200e-03	-6.06177e-01	1.61976e+01
110	0	83	0	2	3	2.88300e-03	-4.98590e-01	1.48098e+01
110	0	84	0	2	3	1.60100e-03	-3.99190e-01	1.22752e+01
110	0	85	0	2	3	1.30900e-03	-3.77347e-01	1.30903e+01
110	0	86	0	2	3	3.61400e-03	-5.63860e-01	1.51993e+01
110	0	87	0	2	3	4.18200e-03	-5.95964e-01	1.72379e+01
110	0	88	0	2	3	2.32500e-03	-4.58183e-01	1.38720e+01
110	0	89	0	2	3	3.85600e-03	-5.76891e-01	1.64524e+01
110	0	90	0	2	3	2.40800e-03	-4.82740e-01	1.37661e+01
110	0	91	0	2	3	3.87900e-03	-5.69756e-01	1.56236e+01
110	0	92	0	2	3	2.40800e-03	-4.80945e-01	1.44331e+01
110	0	93	0	2	3	2.42600e-03	-4.53547e-01	1.36282e+01
110	0	94	0	2	3	2.91900e-03	-5.18843e-01	1.59294e+01
110	0	95	0	2	3	4.30100e-03	-6.03426e-01	1.70934e+01
110	0	96	0	2	3	4.17200e-03	-6.08707e-01	1.73510e+01
110	0	97	0	2	3	3.86100e-03	-5.77743e-01	1.69624e+01
110	0	98	0	2	3	1.56900e-03	-4.21094e-01	1.29822e+01
110	0	99	0	2	3	2.77600e-03	-4.70900e-01	1.41545e+01
110	0	100	0	2	3	1.49900e-03	-4.07746e-01	1.32518e+01
110	0	101	0	2	3	1.54700e-03	-3.74732e-01	1.25576e+01
110	0	102	0	2	3	2.99700e-03	-5.19451e-01	1.54878e+01
110	0	103	0	2	3	2.99900e-03	-5.14688e-01	1.52616e+01
110	0	104	0	2	3	3.71400e-03	-5.79085e-01	1.55445e+01
110	0	105	0	2	3	2.88100e-03	-4.96479e-01	1.47064e+01
110	0	106	0	2	3	4.56400e-03	-6.27812e-01	1.72668e+01
110	0	107	0	2	3	4.85300e-03	-6.34077e-01	1.65315e+01
110	0	108	0	2	3	3.44400e-03	-5.45069e-01	1.55140e+01
110	0	109	0	2	3	3.81100e-03	-5.67384e-01	1.60178e+01
110	0	110	0	2	3	3.58100e-03	-5.44181e-01	1.53288e+01
110	0	111	0	2	3	5.46000e-04	-3.39640e-01	1.21983e+01
110	0	112	0	2	3	2.11100e-03	-4.44166e-01	1.35919e+01
110	0	113	0	2	3	3.22700e-03	-5.18001e-01	1.49701e+01
110	0	114	0	2	3	8.60000e-05	-2.87938e-01	1.07575e+01
110	0	115	0	2	3	3.66100e-03	-5.58453e-01	1.57760e+01
110	0	116	0	2	3	5.90400e-03	-6.87249e-01	1.79282e+01
110	0	117	0	2	3	-1.80000e-03	-1.35841e-01	8.72694e+00
110	0	118	0	2	3	3.47700e-03	-5.71046e-01	1.68916e+01
110	0	119	0	2	3	2.90400e-03	-4.74508e-01	1.30131e+01
110	0	120	0	2	3	1.46100e-03	-4.20031e-01	1.33980e+01
110	0	121	0	2	3	6.69700e-03	-7.92714e-01	1.89823e+01
110	0	122	0	2	3	2.75800e-03	-4.85310e-01	1.53150e+01
110	0	123	0	2	3	4.11900e-03	-5.95318e-01	1.66738e+01
110	0	124	0	2	3	1.75300e-03	-4.17965e-01	1.35133e+01
110	0	125	0	2	3	1.38620e-02	-1.15674e+00	2.24913e+01
110	0	126	0	2	3	3.99000e-03	-5.87392e-01	1.59438e+01
110	0	127	0	2	3	6.01300e-03	-7.10599e-01	1.82348e+01
110	0	128	0	2	3	-9.70000e-05	-3.25627e-01	1.26864e+01
110	0	129	0	2	3	2.20100e-03	-4.51235e-01	1.40774e+01
110	0	130	0	2	3	6.56600e-03	-8.18622e-01	2.20563e+01
110	0	131	0	2	3	1.43820e-02	-1.37704e+00	3.17605e+01
110	0	132	0	2	3	4.51800e-03	-6.29908e-01	1.82700e+01
110	0	133	0	2	3	2.23200e-03	-4.78051e-01	1.53714e+01
110	0	134	0	2	3	-8.14100e-03	2.73976e-01	1.89976e+00
110	0	135	0	2	3	1.00990e-02	-1.03195e+00	2.53480e+01
110	0	136	0	2	3	4.98800e-03	-6.66863e-01	1.77571e+01
110	0	137	0	2	3	9.21500e-03	-1.02622e+00	2.63692e+01
110	0	138	0	2	3	9.49000e-04	-4.08521e-01	1.50073e+01
110	0	139	0	2	3	1.62890e-02	-1.43898e+00	3.11738e+01
110	0	140	0	2	3	3.54000e-04	-3.26811e-01	1.32838e+01
110	0	141	0	2	3	8.10000e-04	-4.22055e-01	1.50516e+01
110	0	142	0	2	3	-8.80500e-03	4.01080e-01	-1.27054e+00
110	0	143	0	2	3	-4.25400e-03	9.40400e-03	5.92825e+00
110	0	144	0	2	3	-1.40880e-02	7.32793e-01	-6.73036e+00
110	0	145	0	2	3	-7.47500e-03	2.50552e-01	2.17199e+00
110	0	146	0	2	3	7.57500e-03	-8.78799e-01	2.26693e+01
110	0	147	0	2	3	3.94000e-04	-2.96436e-01	1.10769e+01
110	0	148	0	2	3	-4.23900e-03	-2.88300e-03	7.27454e+00
110	0	149	0	2	3	1.34100e-03	-3.38830e-01	1.14356e+01
110	0	150	0	2	3	-2.08900e-02	1.34901e+00	-1.91136e+01
110	0	151	0	2	3	1.44030e-02	-1.51907e+00	3.71429e+01
110	0	152	0	2	3	-1.16000e-04	-2.80717e-01	1.18703e+01
110	0	153	0	2	3	2.54600e-03	-4.77438e-01	1.54242e+01
110	0	154	0	2	3	-9.45000e-03	3.65583e-01	-1.31677e-01
110	0	155	0	2	3	-1.81040e-02	1.09611e+00	-1.50052e+01
110	0	156	0	2	3	-5.05060e-02	3.04773e+00	-3.99469e+01
110	0	157	0	2	3	3.12300e-03	-5.75737e-01	1.65438e+01
110	0	158	0	2	3	-9.16600e-03	2.40671e-01	5.26010e+00
110	0	159	0	2	3	-2.11200e-02	1.53560e+00	-2.68319e+01
#######################################################################
# BFT D                                                               #
#######################################################################
110	1	0	0	2	3	-4.21800e-03	-5.76710e-02	1.03496e+01
110	1	1	0	2	3	-3.49120e-02	2.54805e+00	-4.38928e+01
110	1	2	0	2	3	2.01000e-03	-2.89864e-01	7.63830e+00
110	1	3	0	2	3	-3.94200e-03	-1.13550e-02	6.27672e+00
110	1	4	0	2	3	6.94400e-03	-7.06058e-01	1.73349e+01
110	1	5	0	2	3	-3.20800e-03	-2.79720e-02	6.62076e+00
110	1	6	0	2	3	7.36800e-03	-8.09810e-01	2.00534e+01
110	1	7	0	2	3	-1.49900e-03	-1.23160e-01	7.65755e+00
110	1	8	0	2	3	-1.25700e-03	-1.82682e-01	8.58531e+00
110	1	9	0	2	3	-8.24800e-03	4.03846e-01	-1.87528e+00
110	1	10	0	2	3	-8.99000e-04	-2.55357e-01	1.03319e+01
110	1	11	0	2	3	1.53400e-03	-3.70335e-01	1.26096e+01
110	1	12	0	2	3	7.08400e-03	-8.20223e-01	2.04702e+01
110	1	13	0	2	3	-3.58600e-03	-1.85810e-02	6.49219e+00
110	1	14	0	2	3	1.16140e-02	-1.13396e+00	2.57070e+01
110	1	15	0	2	3	3.82400e-03	-6.12581e-01	1.80575e+01
110	1	16	0	2	3	4.76000e-03	-6.65593e-01	1.82787e+01
110	1	17	0	2	3	-2.83800e-03	-2.66910e-02	5.93457e+00
110	1	18	0	2	3	6.00000e-04	-3.62091e-01	1.23387e+01
110	1	19	0	2	3	-4.80000e-04	-2.50985e-01	1.06180e+01
110	1	20	0	2	3	3.09900e-03	-5.45134e-01	1.63470e+01
110	1	21	0	2	3	-6.18200e-03	2.28442e-01	1.41672e+00
110	1	22	0	2	3	5.88100e-03	-7.27805e-01	1.90994e+01
110	1	23	0	2	3	-1.81000e-04	-2.62673e-01	1.06838e+01
110	1	24	0	2	3	2.46400e-03	-4.87644e-01	1.48782e+01
110	1	25	0	2	3	1.07300e-03	-3.66539e-01	1.28995e+01
110	1	26	0	2	3	4.61000e-04	-3.41042e-01	1.21356e+01
110	1	27	0	2	3	1.17180e-02	-1.17619e+00	2.87099e+01
110	1	28	0	2	3	1.39500e-03	-4.13581e-01	1.34252e+01
110	1	29	0	2	3	4.06800e-03	-6.03537e-01	1.75790e+01
110	1	30	0	2	3	4.36500e-03	-6.08832e-01	1.67954e+01
110	1	31	0	2	3	1.12100e-03	-3.55020e-01	1.25399e+01
110	1	32	0	2	3	4.81200e-03	-6.50423e-01	1.79567e+01
110	1	33	0	2	3	2.04600e-03	-4.23334e-01	1.25416e+01
110	1	34	0	2	3	2.43000e-03	-4.70845e-01	1.30004e+01
110	1	35	0	2	3	4.73300e-03	-6.49255e-01	1.84034e+01
110	1	36	0	2	3	2.29400e-03	-4.55672e-01	1.38828e+01
110	1	37	0	2	3	3.48000e-03	-5.51648e-01	1.56183e+01
110	1	38	0	2	3	3.37500e-03	-5.36829e-01	1.55263e+01
110	1	39	0	2	3	4.66400e-03	-6.33871e-01	1.81155e+01
110	1	40	0	2	3	3.73900e-03	-5.73702e-01	1.61371e+01
110	1	41	0	2	3	2.16100e-03	-4.35876e-01	1.36729e+01
110	1	42	0	2	3	2.65000e-03	-4.83872e-01	1.39005e+01
110	1	43	0	2	3	4.86400e-03	-6.56938e-01	1.89273e+01
110	1	44	0	2	3	4.19800e-03	-5.98774e-01	1.65751e+01
110	1	45	0	2	3	4.74200e-03	-6.45408e-01	1.81575e+01
110	1	46	0	2	3	2.65000e-03	-5.00834e-01	1.49457e+01
110	1	47	0	2	3	3.61300e-03	-5.70460e-01	1.76097e+01
110	1	48	0	2	3	2.37100e-03	-4.70149e-01	1.40427e+01
110	1	49	0	2	3	3.68400e-03	-5.52564e-01	1.64244e+01
110	1	50	0	2	3	3.62700e-03	-5.65959e-01	1.57608e+01
110	1	51	0	2	3	3.78600e-03	-5.64716e-01	1.73883e+01
110	1	52	0	2	3	3.33000e-03	-5.48479e-01	1.57161e+01
110	1	53	0	2	3	1.82800e-03	-4.17149e-01	1.39171e+01
110	1	54	0	2	3	3.47900e-03	-5.51825e-01	1.56264e+01
110	1	55	0	2	3	4.01600e-03	-5.86159e-01	1.69668e+01
110	1	56	0	2	3	2.81000e-03	-5.15694e-01	1.51977e+01
110	1	57	0	2	3	2.41300e-03	-4.58836e-01	1.51958e+01
110	1	58	0	2	3	3.77500e-03	-5.82562e-01	1.72228e+01
110	1	59	0	2	3	4.21600e-03	-6.08259e-01	1.83422e+01
110	1	60	0	2	3	3.33700e-03	-5.53002e-01	1.57560e+01
110	1	61	0	2	3	4.66400e-03	-6.28820e-01	1.80896e+01
110	1	62	0	2	3	3.10600e-03	-5.20877e-01	1.38774e+01
110	1	63	0	2	3	4.32300e-03	-6.14908e-01	1.76217e+01
110	1	64	0	2	3	3.87500e-03	-5.89825e-01	1.66762e+01
110	1	65	0	2	3	3.96200e-03	-5.86075e-01	1.62981e+01
110	1	66	0	2	3	2.40200e-03	-4.87076e-01	1.45278e+01
110	1	67	0	2	3	2.69100e-03	-4.92119e-01	1.46537e+01
110	1	68	0	2	3	2.88900e-03	-5.08830e-01	1.46185e+01
110	1	69	0	2	3	2.46300e-03	-4.71479e-01	1.42401e+01
110	1	70	0	2	3	3.07700e-03	-5.26112e-01	1.52384e+01
110	1	71	0	2	3	2.86100e-03	-5.05557e-01	1.50362e+01
110	1	72	0	2	3	2.99700e-03	-5.11702e-01	1.53705e+01
110	1	73	0	2	3	4.83300e-03	-6.56559e-01	1.84224e+01
110	1	74	0	2	3	3.35600e-03	-5.45546e-01	1.52422e+01
110	1	75	0	2	3	1.82600e-03	-4.35465e-01	1.33590e+01
110	1	76	0	2	3	3.13400e-03	-5.29352e-01	1.56634e+01
110	1	77	0	2	3	3.41000e-03	-5.47075e-01	1.63199e+01
110	1	78	0	2	3	2.52200e-03	-4.90406e-01	1.43814e+01
110	1	79	0	2	3	3.21900e-03	-5.21318e-01	1.45346e+01
110	1	80	0	2	3	4.05700e-03	-5.86009e-01	1.63827e+01
110	1	81	0	2	3	3.40200e-03	-5.37485e-01	1.52859e+01
110	1	82	0	2	3	3.58700e-03	-5.58212e-01	1.69366e+01
110	1	83	0	2	3	3.71500e-03	-5.49160e-01	1.56534e+01
110	1	84	0	2	3	2.66100e-03	-4.84157e-01	1.41550e+01
110	1	85	0	2	3	2.45800e-03	-4.74068e-01	1.45261e+01
110	1	86	0	2	3	3.93500e-03	-5.84243e-01	1.61336e+01
110	1	87	0	2	3	3.55800e-03	-5.39071e-01	1.41683e+01
110	1	88	0	2	3	3.54800e-03	-5.59017e-01	1.64986e+01
110	1	89	0	2	3	3.48000e-03	-5.45648e-01	1.53300e+01
110	1	90	0	2	3	4.12500e-03	-5.96445e-01	1.62888e+01
110	1	91	0	2	3	1.48700e-03	-3.98275e-01	1.25896e+01
110	1	92	0	2	3	2.23500e-03	-4.57106e-01	1.42392e+01
110	1	93	0	2	3	3.04700e-03	-5.17948e-01	1.54491e+01
110	1	94	0	2	3	3.98500e-03	-5.89226e-01	1.62468e+01
110	1	95	0	2	3	2.74100e-03	-4.98015e-01	1.47979e+01
110	1	96	0	2	3	1.28800e-03	-3.95244e-01	1.29384e+01
110	1	97	0	2	3	6.70000e-04	-3.41713e-01	1.17103e+01
110	1	98	0	2	3	2.55100e-03	-4.87582e-01	1.46002e+01
110	1	99	0	2	3	6.15000e-04	-3.32558e-01	1.17334e+01
110	1	100	0	2	3	2.31200e-03	-4.65166e-01	1.47004e+01
110	1	101	0	2	3	2.45300e-03	-4.75146e-01	1.40606e+01
110	1	102	0	2	3	3.51200e-03	-5.67715e-01	1.64779e+01
110	1	103	0	2	3	3.91200e-03	-5.74230e-01	1.60533e+01
110	1	104	0	2	3	3.57100e-03	-5.57517e-01	1.62543e+01
110	1	105	0	2	3	2.03000e-04	-3.04177e-01	1.16166e+01
110	1	106	0	2	3	4.06500e-03	-5.90690e-01	1.64100e+01
110	1	107	0	2	3	3.83100e-03	-5.72377e-01	1.61879e+01
110	1	108	0	2	3	1.72500e-03	-4.06383e-01	1.29151e+01
110	1	109	0	2	3	2.89100e-03	-5.04155e-01	1.48351e+01
110	1	110	0	2	3	4.44700e-03	-6.13094e-01	1.69752e+01
110	1	111	0	2	3	5.87700e-03	-7.41132e-01	2.08341e+01
110	1	112	0	2	3	2.83400e-03	-4.94879e-01	1.46995e+01
110	1	113	0	2	3	1.20700e-03	-3.69389e-01	1.27590e+01
110	1	114	0	2	3	5.79700e-03	-7.24821e-01	1.87908e+01
110	1	115	0	2	3	4.93000e-03	-6.75284e-01	1.85834e+01
110	1	116	0	2	3	3.92200e-03	-5.74448e-01	1.62406e+01
110	1	117	0	2	3	6.90400e-03	-7.94088e-01	2.03782e+01
110	1	118	0	2	3	3.35500e-03	-5.52559e-01	1.44437e+01
110	1	119	0	2	3	2.68400e-03	-4.53914e-01	1.40026e+01
110	1	120	0	2	3	1.17400e-03	-3.63431e-01	1.20743e+01
110	1	121	0	2	3	3.69700e-03	-5.75850e-01	1.68418e+01
110	1	122	0	2	3	2.56800e-03	-4.91201e-01	1.62969e+01
110	1	123	0	2	3	8.26200e-03	-9.35443e-01	2.50809e+01
110	1	124	0	2	3	4.32100e-03	-5.85549e-01	1.55558e+01
110	1	125	0	2	3	8.63000e-04	-3.29834e-01	1.19943e+01
110	1	126	0	2	3	3.50900e-03	-5.34018e-01	1.46866e+01
110	1	127	0	2	3	5.82100e-03	-7.15955e-01	1.92058e+01
110	1	128	0	2	3	3.19500e-03	-5.03786e-01	1.50395e+01
110	1	129	0	2	3	8.93900e-03	-1.00995e+00	2.58218e+01
110	1	130	0	2	3	-6.66500e-03	1.24732e-01	5.05180e+00
110	1	131	0	2	3	-1.88700e-03	-1.26372e-01	8.08687e+00
110	1	132	0	2	3	4.28900e-03	-6.06818e-01	1.73061e+01
110	1	133	0	2	3	-5.14300e-03	6.69150e-02	4.69905e+00
110	1	134	0	2	3	7.34300e-03	-8.42417e-01	2.07981e+01
110	1	135	0	2	3	-5.01100e-03	8.77250e-02	3.56638e+00
110	1	136	0	2	3	-6.38500e-03	-6.53300e-03	1.18359e+01
110	1	137	0	2	3	1.37400e-03	-3.60402e-01	1.20953e+01
110	1	138	0	2	3	8.21500e-03	-9.57532e-01	2.42944e+01
110	1	139	0	2	3	-4.31100e-03	4.63280e-02	4.28843e+00
110	1	140	0	2	3	-8.74300e-03	2.92179e-01	2.15905e+00
110	1	141	0	2	3	5.20600e-03	-6.80536e-01	1.78200e+01
110	1	142	0	2	3	1.42300e-03	-3.85881e-01	1.25939e+01
110	1	143	0	2	3	2.01300e-03	-4.73220e-01	1.66404e+01
110	1	144	0	2	3	6.11900e-03	-7.67305e-01	2.12126e+01
110	1	145	0	2	3	8.98500e-03	-9.87296e-01	2.46109e+01
110	1	146	0	2	3	-2.95200e-03	-3.94510e-02	5.88940e+00
110	1	147	0	2	3	9.79000e-04	-3.63860e-01	1.32023e+01
110	1	148	0	2	3	-7.30900e-03	9.61420e-02	7.23213e+00
110	1	149	0	2	3	7.82200e-03	-8.43500e-01	2.14373e+01
110	1	150	0	2	3	1.54700e-03	-4.49405e-01	1.42269e+01
110	1	151	0	2	3	4.52500e-03	-5.80718e-01	1.55625e+01
110	1	152	0	2	3	-2.46040e-02	1.53386e+00	-2.07279e+01
110	1	153	0	2	3	1.89740e-02	-1.87494e+00	4.42428e+01
110	1	154	0	2	3	6.32700e-03	-7.88079e-01	2.12461e+01
110	1	155	0	2	3	-7.46000e-04	-3.23185e-01	1.33638e+01
110	1	156	0	2	3	1.00420e-02	-1.06617e+00	2.61628e+01
110	1	157	0	2	3	-4.98800e-03	1.81060e-01	6.60239e-01
110	1	158	0	2	3	5.84000e-03	-2.60046e-01	4.56305e-01
110	1	159	0	2	3	-3.85400e-03	-3.62714e-01	2.17393e+01
