##
#  file: HodoPHCParam_Dummy
#  date: 2016.06.15
#  note: first version
#
#
#######################################################################
# CId	PlId	Seg	UorD	Type	nParam	p0	p1	...
#
#	Type=0 no correction will be performed
#	Type=1 ct=t-p[0]/sqrt(a-p[1])+p[2]
#	Type=2 ct=p[0]*a*a + p[1]*a + p[2] for Fiber
#
#######################################################################
# BH1 Up                                                              #
#######################################################################
1	0	0	0	1	3	5.08705e+00	-1.98362e+00	2.93454e+00
1	0	1	0	1	3	6.69706e-01	2.91546e-01	8.10244e-01
1	0	2	0	1	3	5.01779e-01	3.94271e-01	6.64278e-01
1	0	3	0	1	3	7.45330e-01	1.66754e-01	8.56036e-01
1	0	4	0	1	3	8.52890e-01	8.60054e-02	9.27134e-01
1	0	5	0	1	3	1.69981e+00	-1.50393e-01	1.62794e+00
1	0	6	0	1	3	1.58582e+00	-2.35346e-01	1.46587e+00
1	0	7	0	1	3	1.61970e+00	-1.46184e-01	1.54504e+00
1	0	8	0	1	3	1.37546e+00	-2.52696e-01	1.28233e+00
1	0	9	0	1	3	1.74814e+00	-2.76223e-01	1.64100e+00
1	0	10	0	1	3	1.60339e+01	-4.62629e+00	6.81205e+00
#######################################################################
# BH1 Down                                                            #
#######################################################################
1	0	0	1	1	3	1.33519e+00	-9.13138e-02	1.27257e+00
1	0	1	1	1	3	6.24909e-01	2.88647e-01	7.65429e-01
1	0	2	1	1	3	6.68954e-01	2.21542e-01	7.45264e-01
1	0	3	1	1	3	1.32364e+00	-4.57464e-01	1.08318e+00
1	0	4	1	1	3	1.18002e+00	-7.91080e-02	1.17008e+00
1	0	5	1	1	3	2.07299e+00	-4.79828e-01	1.70935e+00
1	0	6	1	1	3	1.96000e+00	-5.20196e-01	1.63958e+00
1	0	7	1	1	3	1.89852e+00	-4.50289e-01	1.60743e+00
1	0	8	1	1	3	1.02469e+00	-6.73213e-02	1.04734e+00
1	0	9	1	1	3	1.64894e+00	-1.85977e-01	1.61292e+00
1	0	10	1	1	3	7.15603e-01	2.22738e-01	8.54972e-01
#######################################################################
# BH2 Up                                                              #
#######################################################################
2	0	0	0	1	3	1.43047e-01	2.98695e-01	2.00085e-01
2	0	1	0	1	3	8.79554e-01	-2.31747e-01	7.85839e-01
2	0	2	0	1	3	5.94572e-01	-4.97541e-01	4.68956e-01
2	0	3	0	1	3	1.91725e-01	3.94747e-02	1.91115e-01
2	0	4	0	1	3	3.31184e-01	-9.38469e-02	3.15823e-01
2	0	5	0	1	3	1.99769e-01	2.70254e-01	2.37321e-01
2	0	6	0	1	3	2.58948e-01	2.41832e-01	3.10133e-01
2	0	7	0	1	3	3.50426e-01	8.80094e-02	3.70898e-01
#######################################################################
# BH2 Down                                                            #
#######################################################################
2	0	0	1	1	3	3.94607e-01	-1.85207e-01	3.84440e-01
2	0	1	1	1	3	9.92155e-01	-3.85817e-01	8.32122e-01
2	0	2	1	1	3	4.10986e-01	-9.27803e-02	3.90143e-01
2	0	3	1	1	3	1.76416e-01	4.84160e-02	1.75490e-01
2	0	4	1	1	3	2.42956e-01	1.23979e-01	2.64593e-01
2	0	5	1	1	3	3.57967e-01	4.32013e-02	3.63973e-01
2	0	6	1	1	3	1.22093e+00	-6.67168e-01	9.30075e-01
2	0	7	1	1	3	2.92156e-01	-4.36810e-03	2.98702e-01
#######################################################################
# BAC                                                                 #
#######################################################################
3	0	0	0	1	3	0.00000e+00	0.00000e+00	0.00000e+00
3	0	1	0	1	3	0.00000e+00	0.00000e+00	0.00000e+00
#######################################################################
# FBH Up                                                              #
#######################################################################
4	0	0	0	2	3	-5.62952e-03	8.96903e-01	-3.53273e+01
4	0	1	0	2	3	-4.29399e-03	7.37975e-01	-3.00049e+01
4	0	2	0	2	3	-5.26894e-03	8.67305e-01	-3.38992e+01
4	0	3	0	2	3	-3.80183e-03	6.69237e-01	-2.72260e+01
4	0	4	0	2	3	-4.35014e-03	7.35785e-01	-2.92008e+01
4	0	5	0	2	3	-4.02541e-03	6.86907e-01	-2.70312e+01
4	0	6	0	2	3	-4.16660e-03	7.08229e-01	-2.81512e+01
4	0	7	0	2	3	-3.93117e-03	6.84759e-01	-2.69101e+01
4	0	8	0	2	3	-4.14423e-03	6.96902e-01	-2.65883e+01
4	0	9	0	2	3	-2.83372e-03	5.62925e-01	-2.20787e+01
4	0	10	0	2	3	-4.07944e-03	7.09420e-01	-2.75603e+01
4	0	11	0	2	3	-3.50961e-03	6.50113e-01	-2.64167e+01
4	0	12	0	2	3	-3.52415e-03	6.49734e-01	-2.67232e+01
4	0	13	0	2	3	-4.13420e-03	7.26957e-01	-2.99675e+01
4	0	14	0	2	3	-4.90315e-03	8.27563e-01	-3.35630e+01
4	0	15	0	2	3	-4.73048e-03	8.13189e-01	-3.31901e+01
#######################################################################
# FBH Down                                                            #
#######################################################################
4	0	0	1	2	3	-5.62952e-03	8.96903e-01	-3.53273e+01
4	0	1	1	2	3	-4.29399e-03	7.37975e-01	-3.00049e+01
4	0	2	1	2	3	-5.26894e-03	8.67305e-01	-3.38992e+01
4	0	3	1	2	3	-3.80183e-03	6.69237e-01	-2.72260e+01
4	0	4	1	2	3	-4.35014e-03	7.35785e-01	-2.92008e+01
4	0	5	1	2	3	-4.02541e-03	6.86907e-01	-2.70312e+01
4	0	6	1	2	3	-4.16660e-03	7.08229e-01	-2.81512e+01
4	0	7	1	2	3	-3.93117e-03	6.84759e-01	-2.69101e+01
4	0	8	1	2	3	-4.14423e-03	6.96902e-01	-2.65883e+01
4	0	9	1	2	3	-2.83372e-03	5.62925e-01	-2.20787e+01
4	0	10	1	2	3	-4.07944e-03	7.09420e-01	-2.75603e+01
4	0	11	1	2	3	-3.50961e-03	6.50113e-01	-2.64167e+01
4	0	12	1	2	3	-3.52415e-03	6.49734e-01	-2.67232e+01
4	0	13	1	2	3	-4.13420e-03	7.26957e-01	-2.99675e+01
4	0	14	1	2	3	-4.90315e-03	8.27563e-01	-3.35630e+01
4	0	15	1	2	3	-4.73048e-03	8.13189e-01	-3.31901e+01
#######################################################################
# PVAC                                                                #
#######################################################################
5	0	0	0	1	3	0.00000e+00	0.00000e+00	0.00000e+00
#######################################################################
# FAC                                                                 #
#######################################################################
6	0	0	0	1	3	0.00000e+00	0.00000e+00	0.00000e+00
#######################################################################
# SCH                                                                 #
#######################################################################
#7	0	0	0	2	3	-0.00500000	0.821213	-32.185321
#7	0	1	0	2	3	-0.00500000	0.830248	-32.269563
#7	0	2	0	2	3	-0.00500000	0.793073	-29.315934
#7	0	3	0	2	3	-0.00500000	0.772144	-28.276705
#7	0	4	0	2	3	-0.00500000	0.801968	-30.687167
#7	0	5	0	2	3	-0.00500000	0.778300	-28.439251
#7	0	6	0	2	3	-0.00500000	0.765872	-27.918181
#7	0	7	0	2	3	-0.00500000	0.738459	-26.016797
#7	0	8	0	2	3	-0.00500000	0.778318	-28.676371
#7	0	9	0	2	3	-0.00500000	0.776670	-28.892887
#7	0	10	0	2	3	-0.00500000	0.764278	-28.122474
#7	0	11	0	2	3	-0.00500000	0.790742	-29.423647
#7	0	12	0	2	3	-0.00500000	0.811330	-30.487019
#7	0	13	0	2	3	-0.00500000	0.818750	-30.891512
#7	0	14	0	2	3	-0.00500000	0.802541	-30.009136
#7	0	15	0	2	3	-0.00500000	0.809525	-30.751746
#7	0	16	0	2	3	-0.00500000	0.802597	-30.845509
#7	0	17	0	2	3	-0.00500000	0.835028	-32.780792
#7	0	18	0	2	3	-0.00500000	0.859176	-33.938731
#7	0	19	0	2	3	-0.00500000	0.814851	-31.445396
#7	0	20	0	2	3	-0.00500000	0.809426	-30.781087
#7	0	21	0	2	3	-0.00500000	0.780678	-28.888756
#7	0	22	0	2	3	-0.00500000	0.808206	-30.719604
#7	0	23	0	2	3	-0.00500000	0.774024	-27.858339
#7	0	24	0	2	3	-0.00500000	0.794308	-29.022101
#7	0	25	0	2	3	-0.00500000	0.775649	-27.980186
#7	0	26	0	2	3	-0.00500000	0.788483	-28.687567
#7	0	27	0	2	3	-0.00466315	0.771386	-29.253260
#7	0	28	0	2	3	-0.00483132	0.790854	-28.637741
#7	0	29	0	2	3	-0.00497049	0.812994	-30.786914
#7	0	30	0	2	3	-0.00500000	0.787793	-28.362716
#7	0	31	0	2	3	-0.00500000	0.790759	-28.876812
#7	0	32	0	2	3	-0.00500000	0.824826	-31.655285
#7	0	33	0	2	3	-0.00500000	0.845304	-33.407765
#7	0	34	0	2	3	-0.00500000	0.832263	-32.939799
#7	0	35	0	2	3	-0.00500000	0.820631	-31.695372
#7	0	36	0	2	3	-0.00500000	0.836997	-33.200590
#7	0	37	0	2	3	-0.00500000	0.819690	-32.097193
#7	0	38	0	2	3	-0.00500000	0.808109	-31.263214
#7	0	39	0	2	3	-0.00500000	0.815224	-31.135523
#7	0	40	0	2	3	-0.00500000	0.803398	-29.897923
#7	0	41	0	2	3	-0.00500000	0.815685	-31.165519
#7	0	42	0	2	3	-0.00500000	0.812980	-30.737261
#7	0	43	0	2	3	-0.00500000	0.829418	-32.693307
#7	0	44	0	2	3	-0.00500000	0.789530	-29.464920
#7	0	45	0	2	3	-0.00500000	0.804789	-31.208151
#7	0	46	0	2	3	-0.00500000	0.830106	-32.806514
#7	0	47	0	2	3	-0.00500000	0.819206	-31.373242
#7	0	48	0	2	3	-0.00500000	0.816165	-31.709319
#7	0	49	0	2	3	-0.00500000	0.798496	-30.201709
#7	0	50	0	2	3	-0.00500000	0.812167	-31.795745
#7	0	51	0	2	3	-0.00500000	0.810749	-31.375226
#7	0	52	0	2	3	-0.00500000	0.803385	-31.372512
#7	0	53	0	2	3	-0.00500000	0.777405	-29.262831
#7	0	54	0	2	3	-0.00500000	0.783954	-29.763410
#7	0	55	0	2	3	-0.00500000	0.789443	-29.976449
#7	0	56	0	2	3	-0.00500000	0.838828	-33.261086
#7	0	57	0	2	3	-0.00500000	0.804421	-30.573195
#7	0	58	0	2	3	-0.00500000	0.773283	-29.111048
#7	0	59	0	2	3	-0.00500000	0.811789	-31.449459
#7	0	60	0	2	3	-0.00500000	0.759724	-28.110014
#7	0	61	0	2	3	-0.00500000	0.810884	-31.379063
#7	0	62	0	2	3	-0.00500000	0.771910	-28.435006
#7	0	63	0	2	3	-0.00500000	0.796658	-30.511906
#######################################################################
# TOF Up                                                              #
#######################################################################
7	0	0	0	1	3	5.24830e+00	-1.96630e+00	2.96170e+00
7	0	1	0	1	3	5.24830e+00	-1.96630e+00	2.96170e+00
7	0	2	0	1	3	5.24830e+00	-1.96630e+00	2.96170e+00
7	0	3	0	1	3	5.24830e+00	-1.96630e+00	2.96170e+00
7	0	4	0	1	3	5.24830e+00	-1.96630e+00	2.96170e+00
7	0	5	0	1	3	5.24830e+00	-1.96630e+00	2.96170e+00
7	0	6	0	1	3	6.97090e+00	-3.03520e+00	3.39910e+00
7	0	7	0	1	3	4.05450e+00	-1.96150e+00	2.30360e+00
7	0	8	0	1	3	1.16940e+02	-2.98600e+01	2.09880e+01
7	0	9	0	1	3	5.24830e+00	-1.96630e+00	2.96170e+00
7	0	10	0	1	3	5.24830e+00	-1.96630e+00	2.96170e+00
7	0	11	0	1	3	5.24830e+00	-1.96630e+00	2.96170e+00
7	0	12	0	1	3	5.24830e+00	-1.96630e+00	2.96170e+00
7	0	13	0	1	3	5.24830e+00	-1.96630e+00	2.96170e+00
7	0	14	0	1	3	5.24830e+00	-1.96630e+00	2.96170e+00
7	0	15	0	1	3	5.24830e+00	-1.96630e+00	2.96170e+00
7	0	16	0	1	3	5.24830e+00	-1.96630e+00	2.96170e+00
7	0	17	0	1	3	5.24830e+00	-1.96630e+00	2.96170e+00
7	0	18	0	1	3	5.24830e+00	-1.96630e+00	2.96170e+00
7	0	19	0	1	3	7.11491e-01	1.85180e-03	5.82402e-01
7	0	20	0	1	3	5.59404e-01	-1.73810e-03	4.50716e-01
7	0	21	0	1	3	8.92499e-01	1.99900e-03	7.37364e-01
7	0	22	0	1	3	6.37553e-01	1.99960e-03	5.45449e-01
7	0	23	0	1	3	1.19210e+00	1.98920e-03	9.99994e-01
#######################################################################
# TOF Down                                                            #
#######################################################################
7	0	0	1	1	3	5.84300e+00	-2.30730e+00	3.11320e+00
7	0	1	1	1	3	5.84300e+00	-2.30730e+00	3.11320e+00
7	0	2	1	1	3	5.84300e+00	-2.30730e+00	3.11320e+00
7	0	3	1	1	3	5.84300e+00	-2.30730e+00	3.11320e+00
7	0	4	1	1	3	5.84300e+00	-2.30730e+00	3.11320e+00
7	0	5	1	1	3	5.84300e+00	-2.30730e+00	3.11320e+00
7	0	6	1	1	3	1.41330e+01	-5.81170e+00	5.32680e+00
7	0	7	1	1	3	7.84850e+01	-2.02870e+01	1.69500e+01
7	0	8	1	1	3	2.20240e+02	-3.62440e+01	3.60080e+01
7	0	9	1	1	3	5.84300e+00	-2.30730e+00	3.11320e+00
7	0	10	1	1	3	5.84300e+00	-2.30730e+00	3.11320e+00
7	0	11	1	1	3	5.84300e+00	-2.30730e+00	3.11320e+00
7	0	12	1	1	3	5.84300e+00	-2.30730e+00	3.11320e+00
7	0	13	1	1	3	5.84300e+00	-2.30730e+00	3.11320e+00
7	0	14	1	1	3	5.84300e+00	-2.30730e+00	3.11320e+00
7	0	15	1	1	3	5.84300e+00	-2.30730e+00	3.11320e+00
7	0	16	1	1	3	5.84300e+00	-2.30730e+00	3.11320e+00
7	0	17	1	1	3	5.84300e+00	-2.30730e+00	3.11320e+00
7	0	18	1	1	3	5.84300e+00	-2.30730e+00	3.11320e+00
7	0	19	1	1	3	6.18741e-01	1.99860e-03	4.90831e-01
7	0	20	1	1	3	5.75901e-01	1.04210e-03	4.72509e-01
7	0	21	1	1	3	9.41046e-01	1.99890e-03	7.79357e-01
7	0	22	1	1	3	4.84266e-01	-1.95590e-03	3.99786e-01
7	0	23	1	1	3	8.97714e-01	1.99860e-03	7.56300e-01
#######################################################################
# BFT U                                                               #
#######################################################################
110	0	0	0	2	3	5.67430e-05	-2.95608e-01	1.02696e+01
110	0	1	0	2	3	-6.21592e-05	-2.60544e-01	9.07894e+00
110	0	2	0	2	3	4.19204e-03	-5.87114e-01	1.49938e+01
110	0	3	0	2	3	3.46154e-03	-5.35897e-01	1.32257e+01
110	0	4	0	2	3	3.85092e-03	-5.64427e-01	1.50205e+01
110	0	5	0	2	3	4.06104e-03	-5.65310e-01	1.52514e+01
110	0	6	0	2	3	3.80266e-03	-5.67964e-01	1.44513e+01
110	0	7	0	2	3	4.19590e-03	-5.74433e-01	1.50650e+01
110	0	8	0	2	3	3.98655e-03	-5.79300e-01	1.48592e+01
110	0	9	0	2	3	3.76644e-03	-5.47997e-01	1.55479e+01
110	0	10	0	2	3	4.13712e-03	-5.86240e-01	1.41187e+01
110	0	11	0	2	3	4.71411e-03	-6.16214e-01	1.67162e+01
110	0	12	0	2	3	3.69610e-03	-5.55189e-01	1.38770e+01
110	0	13	0	2	3	3.49554e-03	-5.26540e-01	1.50193e+01
110	0	14	0	2	3	3.60874e-03	-5.47395e-01	1.35605e+01
110	0	15	0	2	3	4.90716e-03	-6.37787e-01	1.71919e+01
110	0	16	0	2	3	4.58527e-03	-6.05802e-01	1.43119e+01
110	0	17	0	2	3	3.36364e-03	-5.15964e-01	1.44591e+01
110	0	18	0	2	3	4.16000e-03	-5.86369e-01	1.40774e+01
110	0	19	0	2	3	4.50749e-03	-6.10085e-01	1.43283e+01
110	0	20	0	2	3	3.81276e-03	-5.53431e-01	1.39524e+01
110	0	21	0	2	3	3.29177e-03	-5.09809e-01	1.56149e+01
110	0	22	0	2	3	4.37546e-03	-6.04721e-01	1.49074e+01
110	0	23	0	2	3	3.92879e-03	-5.54185e-01	1.51893e+01
110	0	24	0	2	3	3.82424e-03	-5.61724e-01	1.45322e+01
110	0	25	0	2	3	4.31626e-03	-5.82329e-01	1.62122e+01
110	0	26	0	2	3	4.44394e-03	-6.11983e-01	1.61069e+01
110	0	27	0	2	3	4.98980e-03	-6.28766e-01	1.63751e+01
110	0	28	0	2	3	3.85574e-03	-5.58814e-01	1.25197e+01
110	0	29	0	2	3	4.22505e-03	-5.74457e-01	1.50279e+01
110	0	30	0	2	3	3.80666e-03	-5.62717e-01	1.39868e+01
110	0	31	0	2	3	4.53909e-03	-6.07051e-01	1.62191e+01
110	0	32	0	2	3	3.86237e-03	-5.71705e-01	1.45176e+01
110	0	33	0	2	3	4.62246e-03	-5.88360e-01	1.39796e+01
110	0	34	0	2	3	4.07715e-03	-5.77908e-01	1.42381e+01
110	0	35	0	2	3	4.63614e-03	-6.22358e-01	1.65601e+01
110	0	36	0	2	3	3.68706e-03	-5.41739e-01	1.34256e+01
110	0	37	0	2	3	4.26548e-03	-5.90750e-01	1.68664e+01
110	0	38	0	2	3	4.25722e-03	-5.85006e-01	1.37255e+01
110	0	39	0	2	3	4.65678e-03	-6.17141e-01	1.60939e+01
110	0	40	0	2	3	3.94532e-03	-5.60211e-01	1.36524e+01
110	0	41	0	2	3	4.25922e-03	-5.82842e-01	1.64566e+01
110	0	42	0	2	3	4.31030e-03	-5.88087e-01	1.47314e+01
110	0	43	0	2	3	4.35871e-03	-6.02582e-01	1.65467e+01
110	0	44	0	2	3	3.84791e-03	-5.60608e-01	1.38752e+01
110	0	45	0	2	3	4.11882e-03	-5.70212e-01	1.57671e+01
110	0	46	0	2	3	4.68200e-03	-6.31059e-01	1.53960e+01
110	0	47	0	2	3	4.72231e-03	-6.27246e-01	1.80042e+01
110	0	48	0	2	3	4.06682e-03	-5.69712e-01	1.29351e+01
110	0	49	0	2	3	4.17082e-03	-5.79661e-01	1.64613e+01
110	0	50	0	2	3	4.44697e-03	-6.03594e-01	1.50234e+01
110	0	51	0	2	3	4.55509e-03	-6.07047e-01	1.58198e+01
110	0	52	0	2	3	3.93528e-03	-5.60912e-01	1.33623e+01
110	0	53	0	2	3	4.39596e-03	-5.90342e-01	1.53455e+01
110	0	54	0	2	3	4.16684e-03	-5.84424e-01	1.42934e+01
110	0	55	0	2	3	5.12848e-03	-6.49797e-01	1.74903e+01
110	0	56	0	2	3	4.11829e-03	-5.92138e-01	1.54892e+01
110	0	57	0	2	3	4.39163e-03	-5.93511e-01	1.60905e+01
110	0	58	0	2	3	4.51824e-03	-6.14198e-01	1.59309e+01
110	0	59	0	2	3	4.35734e-03	-6.10614e-01	1.68916e+01
110	0	60	0	2	3	3.98569e-03	-5.74184e-01	1.37480e+01
110	0	61	0	2	3	3.61182e-03	-5.38356e-01	1.48500e+01
110	0	62	0	2	3	4.62141e-03	-6.16695e-01	1.47654e+01
110	0	63	0	2	3	4.07606e-03	-5.76344e-01	1.44736e+01
110	0	64	0	2	3	3.84575e-03	-5.66204e-01	1.42529e+01
110	0	65	0	2	3	4.15218e-03	-5.81471e-01	1.56024e+01
110	0	66	0	2	3	4.52079e-03	-6.26791e-01	1.66388e+01
110	0	67	0	2	3	3.38335e-03	-5.33081e-01	1.50093e+01
110	0	68	0	2	3	3.76083e-03	-5.71123e-01	1.49457e+01
110	0	69	0	2	3	4.08794e-03	-5.74206e-01	1.49852e+01
110	0	70	0	2	3	4.50746e-03	-6.28056e-01	1.49179e+01
110	0	71	0	2	3	4.47359e-03	-6.10382e-01	1.60945e+01
110	0	72	0	2	3	3.86422e-03	-5.73616e-01	1.37812e+01
110	0	73	0	2	3	4.03160e-03	-5.79245e-01	1.49588e+01
110	0	74	0	2	3	4.55518e-03	-6.26843e-01	1.57696e+01
110	0	75	0	2	3	4.34977e-03	-5.96123e-01	1.54440e+01
110	0	76	0	2	3	3.94270e-03	-5.73848e-01	1.38296e+01
110	0	77	0	2	3	3.72050e-03	-5.55502e-01	1.51229e+01
110	0	78	0	2	3	4.49327e-03	-6.22225e-01	1.50410e+01
110	0	79	0	2	3	4.47790e-03	-6.06567e-01	1.56011e+01
110	0	80	0	2	3	4.08312e-03	-5.83456e-01	1.50598e+01
110	0	81	0	2	3	4.28177e-03	-5.84296e-01	1.51748e+01
110	0	82	0	2	3	4.57876e-03	-6.15566e-01	1.51120e+01
110	0	83	0	2	3	4.58640e-03	-6.15278e-01	1.56132e+01
110	0	84	0	2	3	3.91984e-03	-5.69943e-01	1.42443e+01
110	0	85	0	2	3	4.00050e-03	-5.68927e-01	1.52611e+01
110	0	86	0	2	3	4.69624e-03	-6.40243e-01	1.53676e+01
110	0	87	0	2	3	4.58344e-03	-6.25859e-01	1.66735e+01
110	0	88	0	2	3	4.15763e-03	-5.82981e-01	1.48128e+01
110	0	89	0	2	3	4.14398e-03	-5.85090e-01	1.51998e+01
110	0	90	0	2	3	4.34698e-03	-6.06941e-01	1.44845e+01
110	0	91	0	2	3	4.35108e-03	-6.09989e-01	1.52868e+01
110	0	92	0	2	3	3.96954e-03	-5.86553e-01	1.49686e+01
110	0	93	0	2	3	4.00725e-03	-5.72827e-01	1.47071e+01
110	0	94	0	2	3	4.03236e-03	-6.01662e-01	1.63030e+01
110	0	95	0	2	3	4.46275e-03	-6.12486e-01	1.60818e+01
110	0	96	0	2	3	4.15423e-03	-5.98420e-01	1.47860e+01
110	0	97	0	2	3	4.19616e-03	-5.86228e-01	1.56936e+01
110	0	98	0	2	3	4.46638e-03	-6.24487e-01	1.52724e+01
110	0	99	0	2	3	4.36149e-03	-5.97354e-01	1.55591e+01
110	0	100	0	2	3	4.50124e-03	-6.17071e-01	1.56068e+01
110	0	101	0	2	3	3.98877e-03	-5.72206e-01	1.53335e+01
110	0	102	0	2	3	4.56168e-03	-6.26355e-01	1.60581e+01
110	0	103	0	2	3	4.53771e-03	-6.19995e-01	1.58659e+01
110	0	104	0	2	3	4.45680e-03	-6.12179e-01	1.45904e+01
110	0	105	0	2	3	4.12124e-03	-5.82194e-01	1.49859e+01
110	0	106	0	2	3	4.92790e-03	-6.51356e-01	1.64452e+01
110	0	107	0	2	3	4.70613e-03	-6.21277e-01	1.51466e+01
110	0	108	0	2	3	3.62549e-03	-5.58538e-01	1.45819e+01
110	0	109	0	2	3	4.53403e-03	-6.14802e-01	1.54970e+01
110	0	110	0	2	3	3.94413e-03	-5.81473e-01	1.49868e+01
110	0	111	0	2	3	5.12342e-03	-6.65373e-01	1.65531e+01
110	0	112	0	2	3	4.20086e-03	-5.84867e-01	1.36238e+01
110	0	113	0	2	3	4.06904e-03	-5.74473e-01	1.46825e+01
110	0	114	0	2	3	5.03244e-03	-6.58354e-01	1.64391e+01
110	0	115	0	2	3	4.83612e-03	-6.32206e-01	1.57110e+01
110	0	116	0	2	3	4.38901e-03	-6.08758e-01	1.50080e+01
110	0	117	0	2	3	4.47791e-03	-6.09827e-01	1.63831e+01
110	0	118	0	2	3	4.62480e-03	-6.35213e-01	1.63121e+01
110	0	119	0	2	3	4.45134e-03	-6.01360e-01	1.42776e+01
110	0	120	0	2	3	4.09351e-03	-6.03844e-01	1.53167e+01
110	0	121	0	2	3	4.58238e-03	-6.13855e-01	1.40833e+01
110	0	122	0	2	3	3.76792e-03	-5.73915e-01	1.58121e+01
110	0	123	0	2	3	5.33104e-03	-6.71599e-01	1.67562e+01
110	0	124	0	2	3	3.47498e-03	-5.37419e-01	1.43337e+01
110	0	125	0	2	3	5.13732e-03	-6.31092e-01	1.34189e+01
110	0	126	0	2	3	3.85704e-03	-5.63855e-01	1.41529e+01
110	0	127	0	2	3	5.59722e-03	-6.83793e-01	1.66039e+01
110	0	128	0	2	3	2.17621e-03	-4.78019e-01	1.40723e+01
110	0	129	0	2	3	4.49859e-03	-6.34322e-01	1.63597e+01
110	0	130	0	2	3	3.77663e-03	-6.03955e-01	1.65867e+01
110	0	131	0	2	3	4.38613e-03	-6.07504e-01	1.58070e+01
110	0	132	0	2	3	4.34189e-03	-6.30147e-01	1.71166e+01
110	0	133	0	2	3	4.84803e-03	-6.49145e-01	1.68084e+01
110	0	134	0	2	3	4.26272e-03	-6.43227e-01	1.71582e+01
110	0	135	0	2	3	2.96684e-03	-5.09837e-01	1.34634e+01
110	0	136	0	2	3	2.92895e-03	-5.15667e-01	1.37060e+01
110	0	137	0	2	3	3.75998e-03	-5.75920e-01	1.58680e+01
110	0	138	0	2	3	4.88384e-03	-6.64913e-01	1.73830e+01
110	0	139	0	2	3	2.45356e-03	-4.81357e-01	1.26802e+01
110	0	140	0	2	3	4.69346e-03	-6.54985e-01	1.75826e+01
110	0	141	0	2	3	2.83157e-03	-5.15840e-01	1.37843e+01
110	0	142	0	2	3	1.81365e-03	-4.24699e-01	1.23023e+01
110	0	143	0	2	3	2.31880e-03	-4.60274e-01	1.27298e+01
110	0	144	0	2	3	5.94970e-03	-7.57700e-01	1.81631e+01
110	0	145	0	2	3	3.60801e-03	-5.39750e-01	1.33720e+01
110	0	146	0	2	3	-3.20516e-03	-7.38155e-02	6.48180e+00
110	0	147	0	2	3	4.99230e-03	-6.49260e-01	1.66634e+01
110	0	148	0	2	3	-2.73570e-02	1.75951e+00	-2.84588e+01
110	0	149	0	2	3	3.09848e-03	-5.16181e-01	1.42457e+01
110	0	150	0	2	3	1.20847e-03	-3.55889e-01	1.09609e+01
110	0	151	0	2	3	1.10238e-03	-3.75630e-01	1.16605e+01
110	0	152	0	2	3	3.44585e-03	-5.51392e-01	1.55687e+01
110	0	153	0	2	3	3.74965e-03	-5.74171e-01	1.55126e+01
110	0	154	0	2	3	1.96076e-03	-4.50634e-01	1.28399e+01
110	0	155	0	2	3	2.88387e-03	-5.07040e-01	1.24740e+01
110	0	156	0	2	3	1.56554e-03	-4.55445e-01	1.42811e+01
110	0	157	0	2	3	-7.23965e-03	2.44586e-01	5.71500e-01
110	0	158	0	2	3	3.04486e-03	-5.72661e-01	1.59552e+01
110	0	159	0	2	3	6.22842e-03	-7.44632e-01	1.80383e+01
#######################################################################
# BFT D                                                               #
#######################################################################
110	1	0	0	2	3	3.40973e-03	-5.47277e-01	1.63179e+01
110	1	1	0	2	3	3.88823e-03	-5.64626e-01	1.58414e+01
110	1	2	0	2	3	4.18595e-03	-5.98420e-01	1.61708e+01
110	1	3	0	2	3	3.24138e-03	-5.17905e-01	1.54604e+01
110	1	4	0	2	3	3.79896e-03	-5.69083e-01	1.56212e+01
110	1	5	0	2	3	3.92031e-03	-5.81024e-01	1.69753e+01
110	1	6	0	2	3	3.15600e-03	-5.21268e-01	1.36078e+01
110	1	7	0	2	3	3.57130e-03	-5.37469e-01	1.52508e+01
110	1	8	0	2	3	3.49424e-03	-5.42660e-01	1.53729e+01
110	1	9	0	2	3	2.43706e-03	-4.68437e-01	1.56695e+01
110	1	10	0	2	3	3.93133e-03	-5.75631e-01	1.57420e+01
110	1	11	0	2	3	3.75030e-03	-5.62722e-01	1.57916e+01
110	1	12	0	2	3	3.40374e-03	-5.42164e-01	1.45933e+01
110	1	13	0	2	3	2.95240e-03	-4.99458e-01	1.52917e+01
110	1	14	0	2	3	3.54973e-03	-5.64102e-01	1.49362e+01
110	1	15	0	2	3	4.07996e-03	-5.84209e-01	1.67784e+01
110	1	16	0	2	3	4.10533e-03	-5.91581e-01	1.55012e+01
110	1	17	0	2	3	3.04761e-03	-5.03608e-01	1.44838e+01
110	1	18	0	2	3	4.07263e-03	-5.90048e-01	1.48925e+01
110	1	19	0	2	3	3.98187e-03	-5.74345e-01	1.61672e+01
110	1	20	0	2	3	4.17539e-03	-5.99472e-01	1.60004e+01
110	1	21	0	2	3	3.66148e-03	-5.53005e-01	1.67284e+01
110	1	22	0	2	3	4.09327e-03	-5.80811e-01	1.51249e+01
110	1	23	0	2	3	3.89886e-03	-5.64722e-01	1.61791e+01
110	1	24	0	2	3	4.08689e-03	-5.87903e-01	1.62878e+01
110	1	25	0	2	3	3.65831e-03	-5.50530e-01	1.60792e+01
110	1	26	0	2	3	4.15738e-03	-5.93803e-01	1.52742e+01
110	1	27	0	2	3	4.29399e-03	-5.97576e-01	1.76301e+01
110	1	28	0	2	3	3.80393e-03	-5.71803e-01	1.59649e+01
110	1	29	0	2	3	3.60536e-03	-5.45314e-01	1.61127e+01
110	1	30	0	2	3	4.06748e-03	-5.87816e-01	1.54741e+01
110	1	31	0	2	3	4.11127e-03	-5.93774e-01	1.72277e+01
110	1	32	0	2	3	4.30994e-03	-6.09843e-01	1.71756e+01
110	1	33	0	2	3	3.05047e-03	-5.15798e-01	1.46195e+01
110	1	34	0	2	3	4.32752e-03	-5.98407e-01	1.51264e+01
110	1	35	0	2	3	4.55025e-03	-6.30760e-01	1.79361e+01
110	1	36	0	2	3	3.53713e-03	-5.44724e-01	1.54565e+01
110	1	37	0	2	3	3.67784e-03	-5.52346e-01	1.44471e+01
110	1	38	0	2	3	4.35663e-03	-6.06243e-01	1.67626e+01
110	1	39	0	2	3	4.02926e-03	-5.73390e-01	1.57408e+01
110	1	40	0	2	3	3.73452e-03	-5.56161e-01	1.44864e+01
110	1	41	0	2	3	4.02074e-03	-5.73911e-01	1.61911e+01
110	1	42	0	2	3	3.80747e-03	-5.59087e-01	1.50597e+01
110	1	43	0	2	3	3.92340e-03	-5.69613e-01	1.69264e+01
110	1	44	0	2	3	3.84612e-03	-5.72898e-01	1.50043e+01
110	1	45	0	2	3	3.59962e-03	-5.48973e-01	1.60499e+01
110	1	46	0	2	3	4.21985e-03	-6.00039e-01	1.54347e+01
110	1	47	0	2	3	4.48291e-03	-6.28935e-01	1.84086e+01
110	1	48	0	2	3	3.98482e-03	-5.76803e-01	1.56738e+01
110	1	49	0	2	3	3.79224e-03	-5.56266e-01	1.63425e+01
110	1	50	0	2	3	4.25784e-03	-6.00030e-01	1.50984e+01
110	1	51	0	2	3	4.06342e-03	-5.81867e-01	1.65316e+01
110	1	52	0	2	3	4.06687e-03	-5.94327e-01	1.52936e+01
110	1	53	0	2	3	3.43356e-03	-5.33719e-01	1.59184e+01
110	1	54	0	2	3	4.36937e-03	-6.14424e-01	1.65936e+01
110	1	55	0	2	3	4.40422e-03	-6.09224e-01	1.71643e+01
110	1	56	0	2	3	4.02856e-03	-5.97127e-01	1.54435e+01
110	1	57	0	2	3	3.84959e-03	-5.69533e-01	1.61810e+01
110	1	58	0	2	3	3.97047e-03	-5.92334e-01	1.72276e+01
110	1	59	0	2	3	4.68014e-03	-6.40447e-01	1.87905e+01
110	1	60	0	2	3	3.88897e-03	-5.76314e-01	1.57227e+01
110	1	61	0	2	3	3.77682e-03	-5.50062e-01	1.52792e+01
110	1	62	0	2	3	4.09707e-03	-5.87902e-01	1.48660e+01
110	1	63	0	2	3	4.24277e-03	-5.97931e-01	1.69848e+01
110	1	64	0	2	3	3.95876e-03	-5.84607e-01	1.62818e+01
110	1	65	0	2	3	4.16446e-03	-5.90800e-01	1.61315e+01
110	1	66	0	2	3	4.68195e-03	-6.41020e-01	1.59549e+01
110	1	67	0	2	3	4.25567e-03	-6.01050e-01	1.54525e+01
110	1	68	0	2	3	3.70339e-03	-5.52337e-01	1.39910e+01
110	1	69	0	2	3	4.02132e-03	-5.78121e-01	1.59363e+01
110	1	70	0	2	3	4.24390e-03	-6.02606e-01	1.63362e+01
110	1	71	0	2	3	4.31208e-03	-6.10267e-01	1.68329e+01
110	1	72	0	2	3	3.71788e-03	-5.61683e-01	1.51206e+01
110	1	73	0	2	3	4.02175e-03	-5.88476e-01	1.69587e+01
110	1	74	0	2	3	4.26514e-03	-5.99759e-01	1.49279e+01
110	1	75	0	2	3	4.19440e-03	-6.01422e-01	1.61115e+01
110	1	76	0	2	3	3.38603e-03	-5.37555e-01	1.45274e+01
110	1	77	0	2	3	4.17576e-03	-5.97085e-01	1.60046e+01
110	1	78	0	2	3	4.04253e-03	-5.89760e-01	1.47978e+01
110	1	79	0	2	3	4.06850e-03	-5.85490e-01	1.56628e+01
110	1	80	0	2	3	4.14849e-03	-5.88629e-01	1.52624e+01
110	1	81	0	2	3	4.36746e-03	-6.02911e-01	1.52308e+01
110	1	82	0	2	3	4.42311e-03	-6.13973e-01	1.66612e+01
110	1	83	0	2	3	4.75720e-03	-6.20633e-01	1.57658e+01
110	1	84	0	2	3	3.63727e-03	-5.45762e-01	1.39701e+01
110	1	85	0	2	3	3.88214e-03	-5.66524e-01	1.48588e+01
110	1	86	0	2	3	4.36277e-03	-6.12147e-01	1.64165e+01
110	1	87	0	2	3	4.34093e-03	-5.94345e-01	1.40667e+01
110	1	88	0	2	3	3.39420e-03	-5.39395e-01	1.48795e+01
110	1	89	0	2	3	4.05758e-03	-5.86049e-01	1.49320e+01
110	1	90	0	2	3	4.28544e-03	-6.03932e-01	1.51397e+01
110	1	91	0	2	3	4.21119e-03	-5.90568e-01	1.58091e+01
110	1	92	0	2	3	3.98134e-03	-5.75027e-01	1.50273e+01
110	1	93	0	2	3	4.19706e-03	-5.89347e-01	1.54214e+01
110	1	94	0	2	3	4.41967e-03	-6.18643e-01	1.66416e+01
110	1	95	0	2	3	4.22481e-03	-5.99908e-01	1.53777e+01
110	1	96	0	2	3	3.67610e-03	-5.54136e-01	1.43224e+01
110	1	97	0	2	3	3.72056e-03	-5.60783e-01	1.54549e+01
110	1	98	0	2	3	4.65398e-03	-6.46876e-01	1.74103e+01
110	1	99	0	2	3	4.16493e-03	-5.90414e-01	1.52584e+01
110	1	100	0	2	3	3.55837e-03	-5.38240e-01	1.45580e+01
110	1	101	0	2	3	3.73945e-03	-5.56341e-01	1.51391e+01
110	1	102	0	2	3	4.82365e-03	-6.49561e-01	1.65874e+01
110	1	103	0	2	3	4.38195e-03	-6.02397e-01	1.52959e+01
110	1	104	0	2	3	3.82131e-03	-5.66617e-01	1.50551e+01
110	1	105	0	2	3	3.83475e-03	-5.66109e-01	1.51350e+01
110	1	106	0	2	3	4.70624e-03	-6.36799e-01	1.70835e+01
110	1	107	0	2	3	4.75720e-03	-6.35046e-01	1.61283e+01
110	1	108	0	2	3	3.86898e-03	-5.73190e-01	1.59704e+01
110	1	109	0	2	3	3.83569e-03	-5.71046e-01	1.57951e+01
110	1	110	0	2	3	4.32698e-03	-6.09285e-01	1.58391e+01
110	1	111	0	2	3	4.38582e-03	-6.12746e-01	1.69961e+01
110	1	112	0	2	3	4.06094e-03	-5.86498e-01	1.52598e+01
110	1	113	0	2	3	4.68735e-03	-6.28674e-01	1.63200e+01
110	1	114	0	2	3	4.77422e-03	-6.41408e-01	1.59894e+01
110	1	115	0	2	3	4.81046e-03	-6.36639e-01	1.61291e+01
110	1	116	0	2	3	4.11128e-03	-5.90555e-01	1.54623e+01
110	1	117	0	2	3	3.38572e-03	-5.30636e-01	1.44301e+01
110	1	118	0	2	3	4.45737e-03	-6.12738e-01	1.49188e+01
110	1	119	0	2	3	4.42575e-03	-6.04769e-01	1.58375e+01
110	1	120	0	2	3	3.59469e-03	-5.49772e-01	1.44724e+01
110	1	121	0	2	3	4.73070e-03	-6.26667e-01	1.59358e+01
110	1	122	0	2	3	4.53566e-03	-6.34144e-01	1.75474e+01
110	1	123	0	2	3	4.09794e-03	-6.02196e-01	1.73193e+01
110	1	124	0	2	3	4.49121e-03	-6.16948e-01	1.53916e+01
110	1	125	0	2	3	4.38657e-03	-6.15134e-01	1.62470e+01
110	1	126	0	2	3	3.89065e-03	-5.79420e-01	1.54416e+01
110	1	127	0	2	3	3.83329e-03	-5.61482e-01	1.48922e+01
110	1	128	0	2	3	3.91293e-03	-5.99723e-01	1.64622e+01
110	1	129	0	2	3	4.84893e-03	-6.70169e-01	1.77321e+01
110	1	130	0	2	3	4.15566e-03	-6.11763e-01	1.56355e+01
110	1	131	0	2	3	5.29649e-03	-6.75261e-01	1.69647e+01
110	1	132	0	2	3	2.82390e-03	-5.26133e-01	1.53978e+01
110	1	133	0	2	3	3.85162e-03	-5.77598e-01	1.51786e+01
110	1	134	0	2	3	4.96110e-03	-6.79695e-01	1.80168e+01
110	1	135	0	2	3	5.08533e-03	-6.54744e-01	1.67446e+01
110	1	136	0	2	3	2.99811e-03	-5.31566e-01	1.55818e+01
110	1	137	0	2	3	4.07828e-03	-6.04074e-01	1.63517e+01
110	1	138	0	2	3	3.04571e-03	-5.24844e-01	1.44780e+01
110	1	139	0	2	3	4.73697e-03	-6.48064e-01	1.71441e+01
110	1	140	0	2	3	7.06094e-03	-8.17282e-01	1.95503e+01
110	1	141	0	2	3	-1.11852e-03	-2.17588e-01	8.65386e+00
110	1	142	0	2	3	4.61902e-03	-6.34952e-01	1.60261e+01
110	1	143	0	2	3	7.26827e-03	-8.37793e-01	2.08200e+01
110	1	144	0	2	3	-4.12120e-04	-2.67383e-01	1.06521e+01
110	1	145	0	2	3	5.58034e-03	-6.95360e-01	1.74723e+01
110	1	146	0	2	3	5.60936e-04	-3.62438e-01	1.18431e+01
110	1	147	0	2	3	3.36317e-03	-5.29641e-01	1.34652e+01
110	1	148	0	2	3	1.04458e-03	-3.73209e-01	1.10589e+01
110	1	149	0	2	3	3.47478e-03	-5.32105e-01	1.48499e+01
110	1	150	0	2	3	1.96122e-03	-4.56816e-01	1.39142e+01
110	1	151	0	2	3	8.56004e-03	-9.11302e-01	2.11088e+01
110	1	152	0	2	3	-1.21529e-03	-2.10685e-01	9.69386e+00
110	1	153	0	2	3	1.90290e-03	-4.49016e-01	1.42426e+01
110	1	154	0	2	3	4.74512e-03	-6.28001e-01	1.63188e+01
110	1	155	0	2	3	2.60352e-03	-4.78174e-01	1.22354e+01
110	1	156	0	2	3	2.52673e-03	-5.04278e-01	1.48430e+01
110	1	157	0	2	3	-1.76758e-02	1.05512e+00	-1.43241e+01
110	1	158	0	2	3	4.51241e-03	-6.05907e-01	1.61544e+01
110	1	159	0	2	3	4.04014e-03	-5.85712e-01	1.64821e+01
