##
#  file: HodoPHCParam_Dummy
#  date: 2016.06.15
#  note: first version
#
#
#######################################################################
# CId	PlId	Seg	UorD	Type	nParam	p0	p1	...
#
#	Type=0 no correction will be performed
#	Type=1 ct=t-p[0]/sqrt(a-p[1])+p[2]
#	Type=2 ct=p[0]*a*a + p[1]*a + p[2] for Fiber
#
#######################################################################
# BH1 Up                                                              #
#######################################################################
1	0	0	0	1	3	5.08705e+00	-1.98362e+00	2.93454e+00
1	0	1	0	1	3	6.69706e-01	2.91546e-01	8.10244e-01
1	0	2	0	1	3	5.01779e-01	3.94271e-01	6.64278e-01
1	0	3	0	1	3	7.45330e-01	1.66754e-01	8.56036e-01
1	0	4	0	1	3	8.52890e-01	8.60054e-02	9.27134e-01
1	0	5	0	1	3	1.69981e+00	-1.50393e-01	1.62794e+00
1	0	6	0	1	3	1.58582e+00	-2.35346e-01	1.46587e+00
1	0	7	0	1	3	1.61970e+00	-1.46184e-01	1.54504e+00
1	0	8	0	1	3	1.37546e+00	-2.52696e-01	1.28233e+00
1	0	9	0	1	3	1.74814e+00	-2.76223e-01	1.64100e+00
1	0	10	0	1	3	1.60339e+01	-4.62629e+00	6.81205e+00
#######################################################################
# BH1 Down                                                            #
#######################################################################
1	0	0	1	1	3	1.33519e+00	-9.13138e-02	1.27257e+00
1	0	1	1	1	3	6.24909e-01	2.88647e-01	7.65429e-01
1	0	2	1	1	3	6.68954e-01	2.21542e-01	7.45264e-01
1	0	3	1	1	3	1.32364e+00	-4.57464e-01	1.08318e+00
1	0	4	1	1	3	1.18002e+00	-7.91080e-02	1.17008e+00
1	0	5	1	1	3	2.07299e+00	-4.79828e-01	1.70935e+00
1	0	6	1	1	3	1.96000e+00	-5.20196e-01	1.63958e+00
1	0	7	1	1	3	1.89852e+00	-4.50289e-01	1.60743e+00
1	0	8	1	1	3	1.02469e+00	-6.73213e-02	1.04734e+00
1	0	9	1	1	3	1.64894e+00	-1.85977e-01	1.61292e+00
1	0	10	1	1	3	7.15603e-01	2.22738e-01	8.54972e-01
#######################################################################
# BH2 Up                                                              #
#######################################################################
2	0	0	0	1	3	1.43047e-01	2.98695e-01	2.00085e-01
2	0	1	0	1	3	8.79554e-01	-2.31747e-01	7.85839e-01
2	0	2	0	1	3	5.94572e-01	-4.97541e-01	4.68956e-01
2	0	3	0	1	3	1.91725e-01	3.94747e-02	1.91115e-01
2	0	4	0	1	3	3.31184e-01	-9.38469e-02	3.15823e-01
2	0	5	0	1	3	1.99769e-01	2.70254e-01	2.37321e-01
2	0	6	0	1	3	2.58948e-01	2.41832e-01	3.10133e-01
2	0	7	0	1	3	3.50426e-01	8.80094e-02	3.70898e-01
#######################################################################
# BH2 Down                                                            #
#######################################################################
2	0	0	1	1	3	3.94607e-01	-1.85207e-01	3.84440e-01
2	0	1	1	1	3	9.92155e-01	-3.85817e-01	8.32122e-01
2	0	2	1	1	3	4.10986e-01	-9.27803e-02	3.90143e-01
2	0	3	1	1	3	1.76416e-01	4.84160e-02	1.75490e-01
2	0	4	1	1	3	2.42956e-01	1.23979e-01	2.64593e-01
2	0	5	1	1	3	3.57967e-01	4.32013e-02	3.63973e-01
2	0	6	1	1	3	1.22093e+00	-6.67168e-01	9.30075e-01
2	0	7	1	1	3	2.92156e-01	-4.36810e-03	2.98702e-01
#######################################################################
# BAC                                                                 #
#######################################################################
3	0	0	0	1	3	0.00000e+00	0.00000e+00	0.00000e+00
3	0	1	0	1	3	0.00000e+00	0.00000e+00	0.00000e+00
#######################################################################
# FBH Up                                                              #
#######################################################################
4	0	0	0	2	3	-5.62952e-03	8.96903e-01	-3.53273e+01
4	0	1	0	2	3	-4.29399e-03	7.37975e-01	-3.00049e+01
4	0	2	0	2	3	-5.26894e-03	8.67305e-01	-3.38992e+01
4	0	3	0	2	3	-3.80183e-03	6.69237e-01	-2.72260e+01
4	0	4	0	2	3	-4.35014e-03	7.35785e-01	-2.92008e+01
4	0	5	0	2	3	-4.02541e-03	6.86907e-01	-2.70312e+01
4	0	6	0	2	3	-4.16660e-03	7.08229e-01	-2.81512e+01
4	0	7	0	2	3	-3.93117e-03	6.84759e-01	-2.69101e+01
4	0	8	0	2	3	-4.14423e-03	6.96902e-01	-2.65883e+01
4	0	9	0	2	3	-2.83372e-03	5.62925e-01	-2.20787e+01
4	0	10	0	2	3	-4.07944e-03	7.09420e-01	-2.75603e+01
4	0	11	0	2	3	-3.50961e-03	6.50113e-01	-2.64167e+01
4	0	12	0	2	3	-3.52415e-03	6.49734e-01	-2.67232e+01
4	0	13	0	2	3	-4.13420e-03	7.26957e-01	-2.99675e+01
4	0	14	0	2	3	-4.90315e-03	8.27563e-01	-3.35630e+01
4	0	15	0	2	3	-4.73048e-03	8.13189e-01	-3.31901e+01
#######################################################################
# FBH Down                                                            #
#######################################################################
4	0	0	1	2	3	-5.62952e-03	8.96903e-01	-3.53273e+01
4	0	1	1	2	3	-4.29399e-03	7.37975e-01	-3.00049e+01
4	0	2	1	2	3	-5.26894e-03	8.67305e-01	-3.38992e+01
4	0	3	1	2	3	-3.80183e-03	6.69237e-01	-2.72260e+01
4	0	4	1	2	3	-4.35014e-03	7.35785e-01	-2.92008e+01
4	0	5	1	2	3	-4.02541e-03	6.86907e-01	-2.70312e+01
4	0	6	1	2	3	-4.16660e-03	7.08229e-01	-2.81512e+01
4	0	7	1	2	3	-3.93117e-03	6.84759e-01	-2.69101e+01
4	0	8	1	2	3	-4.14423e-03	6.96902e-01	-2.65883e+01
4	0	9	1	2	3	-2.83372e-03	5.62925e-01	-2.20787e+01
4	0	10	1	2	3	-4.07944e-03	7.09420e-01	-2.75603e+01
4	0	11	1	2	3	-3.50961e-03	6.50113e-01	-2.64167e+01
4	0	12	1	2	3	-3.52415e-03	6.49734e-01	-2.67232e+01
4	0	13	1	2	3	-4.13420e-03	7.26957e-01	-2.99675e+01
4	0	14	1	2	3	-4.90315e-03	8.27563e-01	-3.35630e+01
4	0	15	1	2	3	-4.73048e-03	8.13189e-01	-3.31901e+01
#######################################################################
# PVAC                                                                #
#######################################################################
5	0	0	0	1	3	0.00000e+00	0.00000e+00	0.00000e+00
#######################################################################
# FAC                                                                 #
#######################################################################
6	0	0	0	1	3	0.00000e+00	0.00000e+00	0.00000e+00
#######################################################################
# SCH                                                                 #
#######################################################################
#7	0	0	0	2	3	-0.00500000	0.821213	-32.185321
#7	0	1	0	2	3	-0.00500000	0.830248	-32.269563
#7	0	2	0	2	3	-0.00500000	0.793073	-29.315934
#7	0	3	0	2	3	-0.00500000	0.772144	-28.276705
#7	0	4	0	2	3	-0.00500000	0.801968	-30.687167
#7	0	5	0	2	3	-0.00500000	0.778300	-28.439251
#7	0	6	0	2	3	-0.00500000	0.765872	-27.918181
#7	0	7	0	2	3	-0.00500000	0.738459	-26.016797
#7	0	8	0	2	3	-0.00500000	0.778318	-28.676371
#7	0	9	0	2	3	-0.00500000	0.776670	-28.892887
#7	0	10	0	2	3	-0.00500000	0.764278	-28.122474
#7	0	11	0	2	3	-0.00500000	0.790742	-29.423647
#7	0	12	0	2	3	-0.00500000	0.811330	-30.487019
#7	0	13	0	2	3	-0.00500000	0.818750	-30.891512
#7	0	14	0	2	3	-0.00500000	0.802541	-30.009136
#7	0	15	0	2	3	-0.00500000	0.809525	-30.751746
#7	0	16	0	2	3	-0.00500000	0.802597	-30.845509
#7	0	17	0	2	3	-0.00500000	0.835028	-32.780792
#7	0	18	0	2	3	-0.00500000	0.859176	-33.938731
#7	0	19	0	2	3	-0.00500000	0.814851	-31.445396
#7	0	20	0	2	3	-0.00500000	0.809426	-30.781087
#7	0	21	0	2	3	-0.00500000	0.780678	-28.888756
#7	0	22	0	2	3	-0.00500000	0.808206	-30.719604
#7	0	23	0	2	3	-0.00500000	0.774024	-27.858339
#7	0	24	0	2	3	-0.00500000	0.794308	-29.022101
#7	0	25	0	2	3	-0.00500000	0.775649	-27.980186
#7	0	26	0	2	3	-0.00500000	0.788483	-28.687567
#7	0	27	0	2	3	-0.00466315	0.771386	-29.253260
#7	0	28	0	2	3	-0.00483132	0.790854	-28.637741
#7	0	29	0	2	3	-0.00497049	0.812994	-30.786914
#7	0	30	0	2	3	-0.00500000	0.787793	-28.362716
#7	0	31	0	2	3	-0.00500000	0.790759	-28.876812
#7	0	32	0	2	3	-0.00500000	0.824826	-31.655285
#7	0	33	0	2	3	-0.00500000	0.845304	-33.407765
#7	0	34	0	2	3	-0.00500000	0.832263	-32.939799
#7	0	35	0	2	3	-0.00500000	0.820631	-31.695372
#7	0	36	0	2	3	-0.00500000	0.836997	-33.200590
#7	0	37	0	2	3	-0.00500000	0.819690	-32.097193
#7	0	38	0	2	3	-0.00500000	0.808109	-31.263214
#7	0	39	0	2	3	-0.00500000	0.815224	-31.135523
#7	0	40	0	2	3	-0.00500000	0.803398	-29.897923
#7	0	41	0	2	3	-0.00500000	0.815685	-31.165519
#7	0	42	0	2	3	-0.00500000	0.812980	-30.737261
#7	0	43	0	2	3	-0.00500000	0.829418	-32.693307
#7	0	44	0	2	3	-0.00500000	0.789530	-29.464920
#7	0	45	0	2	3	-0.00500000	0.804789	-31.208151
#7	0	46	0	2	3	-0.00500000	0.830106	-32.806514
#7	0	47	0	2	3	-0.00500000	0.819206	-31.373242
#7	0	48	0	2	3	-0.00500000	0.816165	-31.709319
#7	0	49	0	2	3	-0.00500000	0.798496	-30.201709
#7	0	50	0	2	3	-0.00500000	0.812167	-31.795745
#7	0	51	0	2	3	-0.00500000	0.810749	-31.375226
#7	0	52	0	2	3	-0.00500000	0.803385	-31.372512
#7	0	53	0	2	3	-0.00500000	0.777405	-29.262831
#7	0	54	0	2	3	-0.00500000	0.783954	-29.763410
#7	0	55	0	2	3	-0.00500000	0.789443	-29.976449
#7	0	56	0	2	3	-0.00500000	0.838828	-33.261086
#7	0	57	0	2	3	-0.00500000	0.804421	-30.573195
#7	0	58	0	2	3	-0.00500000	0.773283	-29.111048
#7	0	59	0	2	3	-0.00500000	0.811789	-31.449459
#7	0	60	0	2	3	-0.00500000	0.759724	-28.110014
#7	0	61	0	2	3	-0.00500000	0.810884	-31.379063
#7	0	62	0	2	3	-0.00500000	0.771910	-28.435006
#7	0	63	0	2	3	-0.00500000	0.796658	-30.511906
#######################################################################
# TOF Up                                                              #
#######################################################################
7	0	0	0	1	3	5.24830e+00	-1.96630e+00	2.96170e+00
7	0	1	0	1	3	5.24830e+00	-1.96630e+00	2.96170e+00
7	0	2	0	1	3	5.24830e+00	-1.96630e+00	2.96170e+00
7	0	3	0	1	3	5.24830e+00	-1.96630e+00	2.96170e+00
7	0	4	0	1	3	5.24830e+00	-1.96630e+00	2.96170e+00
7	0	5	0	1	3	5.24830e+00	-1.96630e+00	2.96170e+00
7	0	6	0	1	3	6.97090e+00	-3.03520e+00	3.39910e+00
7	0	7	0	1	3	4.05450e+00	-1.96150e+00	2.30360e+00
7	0	8	0	1	3	1.16940e+02	-2.98600e+01	2.09880e+01
7	0	9	0	1	3	5.24830e+00	-1.96630e+00	2.96170e+00
7	0	10	0	1	3	5.24830e+00	-1.96630e+00	2.96170e+00
7	0	11	0	1	3	5.24830e+00	-1.96630e+00	2.96170e+00
7	0	12	0	1	3	5.24830e+00	-1.96630e+00	2.96170e+00
7	0	13	0	1	3	5.24830e+00	-1.96630e+00	2.96170e+00
7	0	14	0	1	3	5.24830e+00	-1.96630e+00	2.96170e+00
7	0	15	0	1	3	5.24830e+00	-1.96630e+00	2.96170e+00
7	0	16	0	1	3	5.24830e+00	-1.96630e+00	2.96170e+00
7	0	17	0	1	3	5.24830e+00	-1.96630e+00	2.96170e+00
7	0	18	0	1	3	5.24830e+00	-1.96630e+00	2.96170e+00
7	0	19	0	1	3	7.11491e-01	1.85180e-03	5.82402e-01
7	0	20	0	1	3	5.59404e-01	-1.73810e-03	4.50716e-01
7	0	21	0	1	3	8.92499e-01	1.99900e-03	7.37364e-01
7	0	22	0	1	3	6.37553e-01	1.99960e-03	5.45449e-01
7	0	23	0	1	3	1.19210e+00	1.98920e-03	9.99994e-01
#######################################################################
# TOF Down                                                            #
#######################################################################
7	0	0	1	1	3	5.84300e+00	-2.30730e+00	3.11320e+00
7	0	1	1	1	3	5.84300e+00	-2.30730e+00	3.11320e+00
7	0	2	1	1	3	5.84300e+00	-2.30730e+00	3.11320e+00
7	0	3	1	1	3	5.84300e+00	-2.30730e+00	3.11320e+00
7	0	4	1	1	3	5.84300e+00	-2.30730e+00	3.11320e+00
7	0	5	1	1	3	5.84300e+00	-2.30730e+00	3.11320e+00
7	0	6	1	1	3	1.41330e+01	-5.81170e+00	5.32680e+00
7	0	7	1	1	3	7.84850e+01	-2.02870e+01	1.69500e+01
7	0	8	1	1	3	2.20240e+02	-3.62440e+01	3.60080e+01
7	0	9	1	1	3	5.84300e+00	-2.30730e+00	3.11320e+00
7	0	10	1	1	3	5.84300e+00	-2.30730e+00	3.11320e+00
7	0	11	1	1	3	5.84300e+00	-2.30730e+00	3.11320e+00
7	0	12	1	1	3	5.84300e+00	-2.30730e+00	3.11320e+00
7	0	13	1	1	3	5.84300e+00	-2.30730e+00	3.11320e+00
7	0	14	1	1	3	5.84300e+00	-2.30730e+00	3.11320e+00
7	0	15	1	1	3	5.84300e+00	-2.30730e+00	3.11320e+00
7	0	16	1	1	3	5.84300e+00	-2.30730e+00	3.11320e+00
7	0	17	1	1	3	5.84300e+00	-2.30730e+00	3.11320e+00
7	0	18	1	1	3	5.84300e+00	-2.30730e+00	3.11320e+00
7	0	19	1	1	3	6.18741e-01	1.99860e-03	4.90831e-01
7	0	20	1	1	3	5.75901e-01	1.04210e-03	4.72509e-01
7	0	21	1	1	3	9.41046e-01	1.99890e-03	7.79357e-01
7	0	22	1	1	3	4.84266e-01	-1.95590e-03	3.99786e-01
7	0	23	1	1	3	8.97714e-01	1.99860e-03	7.56300e-01
#######################################################################
# BFT U                                                               #
#######################################################################
110	0	0	0	2	3	1.80579e-03	-4.13382e-01	1.19912e+01
110	0	1	0	2	3	1.84106e-03	-4.08206e-01	1.17835e+01
110	0	2	0	2	3	3.48623e-03	-5.49032e-01	1.44254e+01
110	0	3	0	2	3	4.70365e-03	-6.25110e-01	1.46437e+01
110	0	4	0	2	3	3.64347e-03	-5.49372e-01	1.46495e+01
110	0	5	0	2	3	3.81107e-03	-5.44850e-01	1.46938e+01
110	0	6	0	2	3	4.67976e-03	-6.27718e-01	1.53356e+01
110	0	7	0	2	3	4.00862e-03	-5.69439e-01	1.50000e+01
110	0	8	0	2	3	3.54302e-03	-5.44704e-01	1.40692e+01
110	0	9	0	2	3	4.19954e-03	-5.89199e-01	1.63310e+01
110	0	10	0	2	3	3.58483e-03	-5.47053e-01	1.32726e+01
110	0	11	0	2	3	4.66967e-03	-6.13731e-01	1.65720e+01
110	0	12	0	2	3	3.64725e-03	-5.52399e-01	1.37180e+01
110	0	13	0	2	3	5.15317e-03	-6.52972e-01	1.73028e+01
110	0	14	0	2	3	3.57127e-03	-5.41908e-01	1.32921e+01
110	0	15	0	2	3	3.92097e-03	-5.67474e-01	1.58610e+01
110	0	16	0	2	3	3.74737e-03	-5.50099e-01	1.32873e+01
110	0	17	0	2	3	4.81309e-03	-6.24489e-01	1.63364e+01
110	0	18	0	2	3	4.00392e-03	-5.76465e-01	1.37969e+01
110	0	19	0	2	3	4.70356e-03	-6.19416e-01	1.43317e+01
110	0	20	0	2	3	3.73821e-03	-5.51128e-01	1.38066e+01
110	0	21	0	2	3	3.50424e-03	-5.29169e-01	1.59337e+01
110	0	22	0	2	3	3.97462e-03	-5.72843e-01	1.41673e+01
110	0	23	0	2	3	5.09729e-03	-6.45882e-01	1.68272e+01
110	0	24	0	2	3	4.19139e-03	-5.83168e-01	1.46872e+01
110	0	25	0	2	3	4.47481e-03	-5.93436e-01	1.62892e+01
110	0	26	0	2	3	3.72927e-03	-5.57342e-01	1.49565e+01
110	0	27	0	2	3	4.26914e-03	-5.76292e-01	1.53183e+01
110	0	28	0	2	3	3.54906e-03	-5.36169e-01	1.19826e+01
110	0	29	0	2	3	3.92583e-03	-5.53727e-01	1.45400e+01
110	0	30	0	2	3	3.89583e-03	-5.71799e-01	1.40703e+01
110	0	31	0	2	3	3.85709e-03	-5.57911e-01	1.52175e+01
110	0	32	0	2	3	4.26524e-03	-5.95710e-01	1.47330e+01
110	0	33	0	2	3	4.17173e-03	-5.58208e-01	1.33577e+01
110	0	34	0	2	3	4.23777e-03	-5.93017e-01	1.44383e+01
110	0	35	0	2	3	4.38874e-03	-6.04553e-01	1.61107e+01
110	0	36	0	2	3	3.70552e-03	-5.43557e-01	1.33518e+01
110	0	37	0	2	3	4.15160e-03	-5.81388e-01	1.65300e+01
110	0	38	0	2	3	4.41725e-03	-5.96443e-01	1.38015e+01
110	0	39	0	2	3	4.43736e-03	-5.99072e-01	1.55958e+01
110	0	40	0	2	3	3.79660e-03	-5.50318e-01	1.33588e+01
110	0	41	0	2	3	4.42721e-03	-5.97242e-01	1.66275e+01
110	0	42	0	2	3	4.07191e-03	-5.72514e-01	1.43372e+01
110	0	43	0	2	3	4.42398e-03	-6.09598e-01	1.65893e+01
110	0	44	0	2	3	4.02436e-03	-5.74729e-01	1.40137e+01
110	0	45	0	2	3	4.49940e-03	-5.96658e-01	1.60784e+01
110	0	46	0	2	3	4.34243e-03	-6.06911e-01	1.48492e+01
110	0	47	0	2	3	4.41267e-03	-6.08194e-01	1.76042e+01
110	0	48	0	2	3	3.72877e-03	-5.46204e-01	1.23880e+01
110	0	49	0	2	3	4.53167e-03	-6.04350e-01	1.67444e+01
110	0	50	0	2	3	4.43239e-03	-6.01959e-01	1.48450e+01
110	0	51	0	2	3	4.64949e-03	-6.14511e-01	1.58286e+01
110	0	52	0	2	3	4.05085e-03	-5.69585e-01	1.33895e+01
110	0	53	0	2	3	4.65163e-03	-6.09010e-01	1.55459e+01
110	0	54	0	2	3	4.32260e-03	-5.95102e-01	1.43445e+01
110	0	55	0	2	3	4.58947e-03	-6.10546e-01	1.66660e+01
110	0	56	0	2	3	4.04096e-03	-5.86550e-01	1.52534e+01
110	0	57	0	2	3	4.49182e-03	-6.00841e-01	1.60877e+01
110	0	58	0	2	3	4.07360e-03	-5.81654e-01	1.52201e+01
110	0	59	0	2	3	4.53006e-03	-6.20028e-01	1.68567e+01
110	0	60	0	2	3	3.94509e-03	-5.73548e-01	1.36477e+01
110	0	61	0	2	3	3.47875e-03	-5.29361e-01	1.45683e+01
110	0	62	0	2	3	4.77190e-03	-6.26622e-01	1.47821e+01
110	0	63	0	2	3	4.19009e-03	-5.86723e-01	1.45733e+01
110	0	64	0	2	3	3.98010e-03	-5.76646e-01	1.43280e+01
110	0	65	0	2	3	4.16616e-03	-5.84186e-01	1.55573e+01
110	0	66	0	2	3	4.55909e-03	-6.31175e-01	1.66234e+01
110	0	67	0	2	3	3.72264e-03	-5.55165e-01	1.52438e+01
110	0	68	0	2	3	3.77082e-03	-5.73699e-01	1.49055e+01
110	0	69	0	2	3	4.12083e-03	-5.75069e-01	1.48362e+01
110	0	70	0	2	3	4.58809e-03	-6.36378e-01	1.49784e+01
110	0	71	0	2	3	4.26118e-03	-5.96887e-01	1.57706e+01
110	0	72	0	2	3	3.84356e-03	-5.71715e-01	1.36066e+01
110	0	73	0	2	3	4.23823e-03	-5.92840e-01	1.50452e+01
110	0	74	0	2	3	4.60457e-03	-6.32791e-01	1.57947e+01
110	0	75	0	2	3	4.02347e-03	-5.73370e-01	1.49307e+01
110	0	76	0	2	3	3.83399e-03	-5.65307e-01	1.35447e+01
110	0	77	0	2	3	3.82178e-03	-5.60997e-01	1.50633e+01
110	0	78	0	2	3	4.43384e-03	-6.17479e-01	1.48152e+01
110	0	79	0	2	3	4.26131e-03	-5.90881e-01	1.51938e+01
110	0	80	0	2	3	3.94359e-03	-5.72429e-01	1.47043e+01
110	0	81	0	2	3	4.18091e-03	-5.76007e-01	1.48772e+01
110	0	82	0	2	3	4.31974e-03	-6.00328e-01	1.47879e+01
110	0	83	0	2	3	4.58877e-03	-6.16883e-01	1.55544e+01
110	0	84	0	2	3	3.54774e-03	-5.42713e-01	1.36174e+01
110	0	85	0	2	3	3.95954e-03	-5.67357e-01	1.51192e+01
110	0	86	0	2	3	4.54530e-03	-6.28364e-01	1.50222e+01
110	0	87	0	2	3	4.25986e-03	-6.02449e-01	1.61313e+01
110	0	88	0	2	3	3.80841e-03	-5.58968e-01	1.42832e+01
110	0	89	0	2	3	4.69149e-03	-6.21041e-01	1.56420e+01
110	0	90	0	2	3	4.41861e-03	-6.07878e-01	1.42986e+01
110	0	91	0	2	3	4.60071e-03	-6.20552e-01	1.52120e+01
110	0	92	0	2	3	3.96466e-03	-5.85904e-01	1.48368e+01
110	0	93	0	2	3	4.21643e-03	-5.87834e-01	1.48278e+01
110	0	94	0	2	3	4.34995e-03	-6.24158e-01	1.65323e+01
110	0	95	0	2	3	4.20930e-03	-5.95693e-01	1.56781e+01
110	0	96	0	2	3	4.02556e-03	-5.87948e-01	1.44505e+01
110	0	97	0	2	3	3.94635e-03	-5.70009e-01	1.52941e+01
110	0	98	0	2	3	4.59961e-03	-6.34660e-01	1.53254e+01
110	0	99	0	2	3	4.43443e-03	-6.03570e-01	1.55610e+01
110	0	100	0	2	3	3.80410e-03	-5.65173e-01	1.45323e+01
110	0	101	0	2	3	4.07307e-03	-5.78694e-01	1.53390e+01
110	0	102	0	2	3	4.79182e-03	-6.42810e-01	1.62237e+01
110	0	103	0	2	3	4.32936e-03	-6.05254e-01	1.55005e+01
110	0	104	0	2	3	4.10905e-03	-5.91641e-01	1.41886e+01
110	0	105	0	2	3	4.03982e-03	-5.71844e-01	1.46108e+01
110	0	106	0	2	3	4.77232e-03	-6.39360e-01	1.60883e+01
110	0	107	0	2	3	4.66852e-03	-6.18567e-01	1.49843e+01
110	0	108	0	2	3	4.04973e-03	-5.87606e-01	1.49383e+01
110	0	109	0	2	3	4.07927e-03	-5.79430e-01	1.47012e+01
110	0	110	0	2	3	4.14678e-03	-5.94279e-01	1.50482e+01
110	0	111	0	2	3	4.90530e-03	-6.47851e-01	1.60947e+01
110	0	112	0	2	3	3.88089e-03	-5.67369e-01	1.32840e+01
110	0	113	0	2	3	4.17731e-03	-5.84282e-01	1.47477e+01
110	0	114	0	2	3	4.85756e-03	-6.47539e-01	1.61470e+01
110	0	115	0	2	3	4.50752e-03	-6.12754e-01	1.53494e+01
110	0	116	0	2	3	3.68037e-03	-5.67514e-01	1.43354e+01
110	0	117	0	2	3	4.16436e-03	-5.92859e-01	1.60568e+01
110	0	118	0	2	3	5.16095e-03	-6.76655e-01	1.69608e+01
110	0	119	0	2	3	4.65125e-03	-6.15376e-01	1.43999e+01
110	0	120	0	2	3	4.22090e-03	-6.10758e-01	1.52454e+01
110	0	121	0	2	3	4.17670e-03	-5.80044e-01	1.32952e+01
110	0	122	0	2	3	5.16682e-03	-6.71802e-01	1.73654e+01
110	0	123	0	2	3	5.62154e-03	-6.90982e-01	1.69530e+01
110	0	124	0	2	3	4.34847e-03	-6.08778e-01	1.56781e+01
110	0	125	0	2	3	3.19288e-03	-5.14967e-01	1.16988e+01
110	0	126	0	2	3	3.11362e-03	-5.11642e-01	1.31681e+01
110	0	127	0	2	3	4.92662e-03	-6.38108e-01	1.57066e+01
110	0	128	0	2	3	3.02845e-03	-5.44927e-01	1.52262e+01
110	0	129	0	2	3	3.43854e-03	-5.60659e-01	1.50301e+01
110	0	130	0	2	3	5.22943e-03	-7.01478e-01	1.80240e+01
110	0	131	0	2	3	4.73832e-03	-6.23258e-01	1.58159e+01
110	0	132	0	2	3	3.60182e-03	-5.68637e-01	1.56942e+01
110	0	133	0	2	3	-9.06699e-04	-2.26937e-01	9.02081e+00
110	0	134	0	2	3	2.00496e-03	-4.70472e-01	1.37971e+01
110	0	135	0	2	3	1.87601e-03	-4.32606e-01	1.21083e+01
110	0	136	0	2	3	2.06531e-03	-4.52216e-01	1.24740e+01
110	0	137	0	2	3	3.90766e-03	-5.90643e-01	1.60546e+01
110	0	138	0	2	3	9.58123e-04	-3.69842e-01	1.17819e+01
110	0	139	0	2	3	3.40845e-03	-5.43867e-01	1.35172e+01
110	0	140	0	2	3	2.20211e-03	-4.55681e-01	1.35529e+01
110	0	141	0	2	3	3.21577e-03	-5.36665e-01	1.37755e+01
110	0	142	0	2	3	-2.95230e-03	-7.39893e-02	5.84161e+00
110	0	143	0	2	3	1.34347e-03	-3.90489e-01	1.14590e+01
110	0	144	0	2	3	4.04552e-03	-5.97049e-01	1.47959e+01
110	0	145	0	2	3	2.52894e-03	-4.74633e-01	1.23072e+01
110	0	146	0	2	3	3.49649e-03	-5.47138e-01	1.44902e+01
110	0	147	0	2	3	-1.53171e-04	-2.74176e-01	9.87801e+00
110	0	148	0	2	3	3.10737e-03	-5.24871e-01	1.36976e+01
110	0	149	0	2	3	-1.57046e-03	-1.72156e-01	7.90078e+00
110	0	150	0	2	3	-7.80343e-03	2.88460e-01	-4.27170e-01
110	0	151	0	2	3	-3.19008e-04	-2.82278e-01	1.01434e+01
110	0	152	0	2	3	8.98632e-04	-3.50838e-01	1.15649e+01
110	0	153	0	2	3	4.80761e-03	-6.44586e-01	1.65963e+01
110	0	154	0	2	3	1.23156e-03	-3.79111e-01	1.10064e+01
110	0	155	0	2	3	5.26858e-03	-6.56553e-01	1.45053e+01
110	0	156	0	2	3	1.19302e-02	-1.18563e+00	2.67417e+01
110	0	157	0	2	3	-2.88294e-03	-1.30632e-02	3.85721e+00
110	0	158	0	2	3	4.49951e-03	-6.04682e-01	1.49801e+01
110	0	159	0	2	3	-2.24730e-02	1.46900e+00	-2.43449e+01
#######################################################################
# BFT D                                                               #
#######################################################################
110	1	0	0	2	3	3.12557e-03	-5.19237e-01	1.55489e+01
110	1	1	0	2	3	3.25627e-03	-5.20749e-01	1.50003e+01
110	1	2	0	2	3	4.09023e-03	-5.97166e-01	1.61298e+01
110	1	3	0	2	3	4.33458e-03	-6.01633e-01	1.68713e+01
110	1	4	0	2	3	2.60535e-03	-4.78318e-01	1.38197e+01
110	1	5	0	2	3	1.91448e-03	-4.22358e-01	1.37361e+01
110	1	6	0	2	3	3.04296e-03	-5.19575e-01	1.35347e+01
110	1	7	0	2	3	4.19443e-03	-5.83478e-01	1.59604e+01
110	1	8	0	2	3	3.89024e-03	-5.70313e-01	1.57046e+01
110	1	9	0	2	3	3.75296e-03	-5.68274e-01	1.74049e+01
110	1	10	0	2	3	4.19232e-03	-5.93884e-01	1.59334e+01
110	1	11	0	2	3	3.48972e-03	-5.49944e-01	1.55408e+01
110	1	12	0	2	3	3.88441e-03	-5.77049e-01	1.50748e+01
110	1	13	0	2	3	3.89660e-03	-5.71029e-01	1.65073e+01
110	1	14	0	2	3	4.03492e-03	-5.89575e-01	1.50751e+01
110	1	15	0	2	3	3.20692e-03	-5.15381e-01	1.53113e+01
110	1	16	0	2	3	3.34943e-03	-5.41126e-01	1.45594e+01
110	1	17	0	2	3	4.14371e-03	-5.84021e-01	1.57987e+01
110	1	18	0	2	3	4.49156e-03	-6.19574e-01	1.52820e+01
110	1	19	0	2	3	3.56367e-03	-5.45111e-01	1.55221e+01
110	1	20	0	2	3	3.63035e-03	-5.61730e-01	1.52163e+01
110	1	21	0	2	3	2.68228e-03	-4.84978e-01	1.54980e+01
110	1	22	0	2	3	3.91277e-03	-5.74761e-01	1.50070e+01
110	1	23	0	2	3	4.29520e-03	-5.90281e-01	1.64294e+01
110	1	24	0	2	3	3.52436e-03	-5.50998e-01	1.55812e+01
110	1	25	0	2	3	3.21245e-03	-5.20713e-01	1.54770e+01
110	1	26	0	2	3	4.42001e-03	-6.15187e-01	1.55709e+01
110	1	27	0	2	3	3.84543e-03	-5.61313e-01	1.67838e+01
110	1	28	0	2	3	4.46321e-03	-6.17640e-01	1.65988e+01
110	1	29	0	2	3	4.20060e-03	-5.93253e-01	1.69149e+01
110	1	30	0	2	3	4.21092e-03	-5.98027e-01	1.55387e+01
110	1	31	0	2	3	4.11494e-03	-5.96417e-01	1.72133e+01
110	1	32	0	2	3	3.91712e-03	-5.80364e-01	1.64943e+01
110	1	33	0	2	3	3.51453e-03	-5.48265e-01	1.50646e+01
110	1	34	0	2	3	4.15767e-03	-5.85898e-01	1.47905e+01
110	1	35	0	2	3	4.41346e-03	-6.19618e-01	1.75858e+01
110	1	36	0	2	3	4.05783e-03	-5.83847e-01	1.60572e+01
110	1	37	0	2	3	3.47730e-03	-5.37618e-01	1.40485e+01
110	1	38	0	2	3	4.73233e-03	-6.36649e-01	1.72269e+01
110	1	39	0	2	3	3.92381e-03	-5.68618e-01	1.55915e+01
110	1	40	0	2	3	3.78736e-03	-5.60967e-01	1.44570e+01
110	1	41	0	2	3	3.87692e-03	-5.64640e-01	1.59273e+01
110	1	42	0	2	3	3.90686e-03	-5.66157e-01	1.50438e+01
110	1	43	0	2	3	4.18612e-03	-5.87187e-01	1.70732e+01
110	1	44	0	2	3	4.04610e-03	-5.88387e-01	1.51713e+01
110	1	45	0	2	3	3.66168e-03	-5.53381e-01	1.60034e+01
110	1	46	0	2	3	4.16031e-03	-5.98160e-01	1.53298e+01
110	1	47	0	2	3	4.20257e-03	-6.09337e-01	1.79507e+01
110	1	48	0	2	3	3.75856e-03	-5.60847e-01	1.52716e+01
110	1	49	0	2	3	3.58897e-03	-5.42395e-01	1.59848e+01
110	1	50	0	2	3	4.41509e-03	-6.10494e-01	1.51372e+01
110	1	51	0	2	3	4.34945e-03	-6.02677e-01	1.67726e+01
110	1	52	0	2	3	3.92115e-03	-5.82620e-01	1.49431e+01
110	1	53	0	2	3	3.42312e-03	-5.33490e-01	1.57932e+01
110	1	54	0	2	3	4.32299e-03	-6.13424e-01	1.64855e+01
110	1	55	0	2	3	4.37832e-03	-6.05919e-01	1.69546e+01
110	1	56	0	2	3	3.94752e-03	-5.92401e-01	1.52588e+01
110	1	57	0	2	3	4.09035e-03	-5.86348e-01	1.63381e+01
110	1	58	0	2	3	4.38005e-03	-6.24222e-01	1.77046e+01
110	1	59	0	2	3	4.49464e-03	-6.26743e-01	1.84095e+01
110	1	60	0	2	3	3.86776e-03	-5.75808e-01	1.56074e+01
110	1	61	0	2	3	4.11701e-03	-5.75144e-01	1.56129e+01
110	1	62	0	2	3	4.07603e-03	-5.85683e-01	1.46816e+01
110	1	63	0	2	3	4.12482e-03	-5.89468e-01	1.67088e+01
110	1	64	0	2	3	3.93886e-03	-5.81809e-01	1.60726e+01
110	1	65	0	2	3	4.30643e-03	-6.00160e-01	1.61593e+01
110	1	66	0	2	3	4.74718e-03	-6.46706e-01	1.59519e+01
110	1	67	0	2	3	4.63153e-03	-6.26633e-01	1.57494e+01
110	1	68	0	2	3	3.38148e-03	-5.30732e-01	1.34993e+01
110	1	69	0	2	3	4.12754e-03	-5.89477e-01	1.60857e+01
110	1	70	0	2	3	4.32439e-03	-6.08044e-01	1.63001e+01
110	1	71	0	2	3	4.31723e-03	-6.12622e-01	1.67933e+01
110	1	72	0	2	3	3.92869e-03	-5.75764e-01	1.52229e+01
110	1	73	0	2	3	4.24650e-03	-6.05270e-01	1.71421e+01
110	1	74	0	2	3	4.35368e-03	-6.05549e-01	1.48747e+01
110	1	75	0	2	3	4.34363e-03	-6.09881e-01	1.60920e+01
110	1	76	0	2	3	3.86554e-03	-5.71491e-01	1.49709e+01
110	1	77	0	2	3	4.16083e-03	-5.98428e-01	1.59350e+01
110	1	78	0	2	3	4.04275e-03	-5.89782e-01	1.46737e+01
110	1	79	0	2	3	4.60321e-03	-6.22571e-01	1.61598e+01
110	1	80	0	2	3	4.02678e-03	-5.78019e-01	1.48969e+01
110	1	81	0	2	3	4.09269e-03	-5.81865e-01	1.47226e+01
110	1	82	0	2	3	4.59646e-03	-6.26010e-01	1.67405e+01
110	1	83	0	2	3	4.64867e-03	-6.12911e-01	1.55072e+01
110	1	84	0	2	3	3.76607e-03	-5.50604e-01	1.38467e+01
110	1	85	0	2	3	3.76632e-03	-5.61849e-01	1.47127e+01
110	1	86	0	2	3	4.51727e-03	-6.22812e-01	1.64714e+01
110	1	87	0	2	3	3.93840e-03	-5.70382e-01	1.36221e+01
110	1	88	0	2	3	4.15448e-03	-5.94462e-01	1.57185e+01
110	1	89	0	2	3	4.03809e-03	-5.86630e-01	1.48339e+01
110	1	90	0	2	3	4.31330e-03	-6.05078e-01	1.50311e+01
110	1	91	0	2	3	4.28017e-03	-5.95705e-01	1.57909e+01
110	1	92	0	2	3	3.86153e-03	-5.64159e-01	1.46605e+01
110	1	93	0	2	3	3.76207e-03	-5.63933e-01	1.49677e+01
110	1	94	0	2	3	4.20095e-03	-6.04128e-01	1.62710e+01
110	1	95	0	2	3	3.89453e-03	-5.77481e-01	1.48930e+01
110	1	96	0	2	3	4.18955e-03	-5.92596e-01	1.48969e+01
110	1	97	0	2	3	3.97620e-03	-5.75251e-01	1.54968e+01
110	1	98	0	2	3	4.07416e-03	-6.05449e-01	1.65670e+01
110	1	99	0	2	3	4.27693e-03	-6.01863e-01	1.53918e+01
110	1	100	0	2	3	3.65932e-03	-5.43989e-01	1.44918e+01
110	1	101	0	2	3	3.70528e-03	-5.55607e-01	1.50341e+01
110	1	102	0	2	3	4.50657e-03	-6.28315e-01	1.61045e+01
110	1	103	0	2	3	4.39924e-03	-6.09824e-01	1.54241e+01
110	1	104	0	2	3	4.02374e-03	-5.81273e-01	1.51895e+01
110	1	105	0	2	3	4.18940e-03	-5.91252e-01	1.54318e+01
110	1	106	0	2	3	4.12581e-03	-5.97399e-01	1.63197e+01
110	1	107	0	2	3	4.52608e-03	-6.14258e-01	1.55644e+01
110	1	108	0	2	3	3.57217e-03	-5.52995e-01	1.55137e+01
110	1	109	0	2	3	3.81727e-03	-5.65467e-01	1.54878e+01
110	1	110	0	2	3	4.43015e-03	-6.20451e-01	1.59854e+01
110	1	111	0	2	3	4.40741e-03	-6.16642e-01	1.69967e+01
110	1	112	0	2	3	4.23929e-03	-5.99650e-01	1.53479e+01
110	1	113	0	2	3	4.08696e-03	-5.85240e-01	1.54211e+01
110	1	114	0	2	3	3.85520e-03	-5.77378e-01	1.47948e+01
110	1	115	0	2	3	4.68808e-03	-6.26991e-01	1.58026e+01
110	1	116	0	2	3	4.67818e-03	-6.34482e-01	1.61809e+01
110	1	117	0	2	3	3.68902e-03	-5.56029e-01	1.48270e+01
110	1	118	0	2	3	4.25239e-03	-5.97752e-01	1.45450e+01
110	1	119	0	2	3	4.85005e-03	-6.41078e-01	1.64812e+01
110	1	120	0	2	3	3.09617e-03	-5.17911e-01	1.38048e+01
110	1	121	0	2	3	4.00764e-03	-5.83202e-01	1.52073e+01
110	1	122	0	2	3	4.17886e-03	-6.11535e-01	1.70296e+01
110	1	123	0	2	3	3.22342e-03	-5.17524e-01	1.52390e+01
110	1	124	0	2	3	3.99551e-03	-5.72673e-01	1.43029e+01
110	1	125	0	2	3	2.76359e-03	-4.99020e-01	1.40952e+01
110	1	126	0	2	3	3.86135e-03	-5.70526e-01	1.50280e+01
110	1	127	0	2	3	4.45877e-03	-6.09993e-01	1.57111e+01
110	1	128	0	2	3	4.71560e-03	-6.72762e-01	1.79092e+01
110	1	129	0	2	3	4.23017e-03	-6.30318e-01	1.69958e+01
110	1	130	0	2	3	3.82030e-03	-5.92455e-01	1.52891e+01
110	1	131	0	2	3	3.97318e-03	-5.84457e-01	1.53136e+01
110	1	132	0	2	3	3.65165e-03	-5.72219e-01	1.58214e+01
110	1	133	0	2	3	4.25328e-03	-5.95815e-01	1.51299e+01
110	1	134	0	2	3	3.36952e-03	-5.68395e-01	1.60643e+01
110	1	135	0	2	3	3.75645e-03	-5.75062e-01	1.55172e+01
110	1	136	0	2	3	3.14390e-03	-5.34886e-01	1.53407e+01
110	1	137	0	2	3	5.59652e-03	-7.04780e-01	1.77727e+01
110	1	138	0	2	3	6.58690e-03	-7.77070e-01	1.88013e+01
110	1	139	0	2	3	-8.92712e-03	3.53601e-01	-1.03936e+00
110	1	140	0	2	3	5.77784e-03	-7.22012e-01	1.76762e+01
110	1	141	0	2	3	6.37522e-03	-7.60845e-01	1.81743e+01
110	1	142	0	2	3	1.51841e-03	-4.08972e-01	1.18660e+01
110	1	143	0	2	3	2.92718e-03	-5.24127e-01	1.51288e+01
110	1	144	0	2	3	6.19926e-03	-7.73846e-01	2.01871e+01
110	1	145	0	2	3	3.88686e-03	-5.68840e-01	1.49441e+01
110	1	146	0	2	3	4.88549e-03	-6.54077e-01	1.65324e+01
110	1	147	0	2	3	3.94243e-03	-5.73050e-01	1.41858e+01
110	1	148	0	2	3	5.67085e-03	-7.19793e-01	1.73038e+01
110	1	149	0	2	3	5.06090e-03	-6.65533e-01	1.72995e+01
110	1	150	0	2	3	4.30350e-03	-6.30409e-01	1.70746e+01
110	1	151	0	2	3	6.81389e-03	-7.70985e-01	1.82163e+01
110	1	152	0	2	3	3.71072e-03	-5.76981e-01	1.62649e+01
110	1	153	0	2	3	1.89850e-04	-2.89494e-01	1.05286e+01
110	1	154	0	2	3	1.24976e-03	-3.95123e-01	1.24515e+01
110	1	155	0	2	3	3.57726e-03	-5.36346e-01	1.29194e+01
110	1	156	0	2	3	-1.15092e-03	-2.21273e-01	9.29001e+00
110	1	157	0	2	3	3.18838e-03	-5.57026e-01	1.62993e+01
110	1	158	0	2	3	-1.09812e-02	4.73001e-01	-2.30529e+00
110	1	159	0	2	3	5.76049e-03	-7.36452e-01	1.95018e+01
