##
#  file: HodoPHCParam_Dummy
#  date: 2016.06.15
#  note: first version
#
#
#######################################################################
# CId	PlId	Seg	UorD	Type	nParam	p0	p1	...
#
#	Type=0 no correction will be performed
#	Type=1 ct=t-p[0]/sqrt(a-p[1])+p[2]
#	Type=2 ct=p[0]*a*a + p[1]*a + p[2] for Fiber
#
#######################################################################
# BH1 Up                                                              #
#######################################################################
1	0	0	0	1	3	9.72882e+01	-2.42381e+01	1.93388e+01
1	0	1	0	1	3	8.39811e-01	2.30870e-01	9.07677e-01
1	0	2	0	1	3	7.96271e-01	2.02772e-01	8.76313e-01
1	0	3	0	1	3	1.24269e+00	-1.47574e-01	1.19840e+00
1	0	4	0	1	3	1.09931e+00	-7.72769e-02	1.08260e+00
1	0	5	0	1	3	1.05845e+00	1.40683e-01	1.18835e+00
1	0	6	0	1	3	1.24845e+00	-7.32092e-02	1.22011e+00
1	0	7	0	1	3	1.38494e+00	-1.69323e-01	1.29113e+00
1	0	8	0	1	3	1.12943e+00	-1.85789e-01	1.05048e+00
1	0	9	0	1	3	1.39270e+00	-1.82072e-01	1.30041e+00
1	0	10	0	1	3	1.71493e+02	-3.15885e+01	3.00372e+01
#######################################################################
# BH1 Down                                                            #
#######################################################################
1	0	0	1	1	3	1.69589e+00	-2.63702e-01	1.46458e+00
1	0	1	1	1	3	6.65147e-01	3.06785e-01	7.74182e-01
1	0	2	1	1	3	1.69164e+00	-4.50471e-01	1.36238e+00
1	0	3	1	1	3	7.14482e+01	-2.23619e+01	1.47724e+01
1	0	4	1	1	3	1.42431e+00	-1.84323e-01	1.31423e+00
1	0	5	1	1	3	1.48351e+00	-1.17877e-01	1.40777e+00
1	0	6	1	1	3	1.64799e+00	-3.01989e-01	1.48452e+00
1	0	7	1	1	3	1.48685e+00	-1.75507e-01	1.38619e+00
1	0	8	1	1	3	5.71792e-01	2.68423e-01	6.99614e-01
1	0	9	1	1	3	1.07020e+00	4.47097e-02	1.11772e+00
1	0	10	1	1	3	5.19525e-01	3.65790e-01	6.45791e-01
#######################################################################
# BH2 Up                                                              #
#######################################################################
2	0	0	0	1	3	1.12115e-01	3.35357e-01	1.33957e-01
2	0	1	0	1	3	4.23202e-01	6.01088e-02	4.32756e-01
2	0	2	0	1	3	4.01076e-01	4.56070e-02	4.03148e-01
2	0	3	0	1	3	3.85284e-01	5.67440e-02	3.98101e-01
2	0	4	0	1	3	2.66200e-01	1.48660e-01	2.92941e-01
2	0	5	0	1	3	1.66891e-01	2.88043e-01	2.06447e-01
2	0	6	0	1	3	1.71542e-01	2.55850e-01	2.12138e-01
2	0	7	0	1	3	1.96083e-01	2.29490e-01	2.30246e-01
#######################################################################
# BH2 Down                                                            #
#######################################################################
2	0	0	1	1	3	1.86082e-01	2.04597e-01	2.06299e-01
2	0	1	1	1	3	3.69447e-01	6.07075e-02	3.67987e-01
2	0	2	1	1	3	4.36704e-01	5.29092e-03	4.17610e-01
2	0	3	1	1	3	5.05110e-01	-2.36197e-01	4.33924e-01
2	0	4	1	1	3	3.34198e-01	6.07922e-02	3.30964e-01
2	0	5	1	1	3	2.71316e-01	1.29618e-01	2.74971e-01
2	0	6	1	1	3	4.51400e-01	-3.05140e-02	4.20447e-01
2	0	7	1	1	3	2.11967e-01	8.42464e-02	2.22906e-01
#######################################################################
# BAC                                                                 #
#######################################################################
3	0	0	0	1	3	0.00000e+00	0.00000e+00	0.00000e+00
3	0	1	0	1	3	0.00000e+00	0.00000e+00	0.00000e+00
#######################################################################
# FBH Up                                                              #
#######################################################################
4	0	0	0	2	3	-5.62952e-03	8.96903e-01	-3.53273e+01
4	0	1	0	2	3	-4.29399e-03	7.37975e-01	-3.00049e+01
4	0	2	0	2	3	-5.26894e-03	8.67305e-01	-3.38992e+01
4	0	3	0	2	3	-3.80183e-03	6.69237e-01	-2.72260e+01
4	0	4	0	2	3	-4.35014e-03	7.35785e-01	-2.92008e+01
4	0	5	0	2	3	-4.02541e-03	6.86907e-01	-2.70312e+01
4	0	6	0	2	3	-4.16660e-03	7.08229e-01	-2.81512e+01
4	0	7	0	2	3	-3.93117e-03	6.84759e-01	-2.69101e+01
4	0	8	0	2	3	-4.14423e-03	6.96902e-01	-2.65883e+01
4	0	9	0	2	3	-2.83372e-03	5.62925e-01	-2.20787e+01
4	0	10	0	2	3	-4.07944e-03	7.09420e-01	-2.75603e+01
4	0	11	0	2	3	-3.50961e-03	6.50113e-01	-2.64167e+01
4	0	12	0	2	3	-3.52415e-03	6.49734e-01	-2.67232e+01
4	0	13	0	2	3	-4.13420e-03	7.26957e-01	-2.99675e+01
4	0	14	0	2	3	-4.90315e-03	8.27563e-01	-3.35630e+01
4	0	15	0	2	3	-4.73048e-03	8.13189e-01	-3.31901e+01
#######################################################################
# FBH Down                                                            #
#######################################################################
4	0	0	1	2	3	-5.62952e-03	8.96903e-01	-3.53273e+01
4	0	1	1	2	3	-4.29399e-03	7.37975e-01	-3.00049e+01
4	0	2	1	2	3	-5.26894e-03	8.67305e-01	-3.38992e+01
4	0	3	1	2	3	-3.80183e-03	6.69237e-01	-2.72260e+01
4	0	4	1	2	3	-4.35014e-03	7.35785e-01	-2.92008e+01
4	0	5	1	2	3	-4.02541e-03	6.86907e-01	-2.70312e+01
4	0	6	1	2	3	-4.16660e-03	7.08229e-01	-2.81512e+01
4	0	7	1	2	3	-3.93117e-03	6.84759e-01	-2.69101e+01
4	0	8	1	2	3	-4.14423e-03	6.96902e-01	-2.65883e+01
4	0	9	1	2	3	-2.83372e-03	5.62925e-01	-2.20787e+01
4	0	10	1	2	3	-4.07944e-03	7.09420e-01	-2.75603e+01
4	0	11	1	2	3	-3.50961e-03	6.50113e-01	-2.64167e+01
4	0	12	1	2	3	-3.52415e-03	6.49734e-01	-2.67232e+01
4	0	13	1	2	3	-4.13420e-03	7.26957e-01	-2.99675e+01
4	0	14	1	2	3	-4.90315e-03	8.27563e-01	-3.35630e+01
4	0	15	1	2	3	-4.73048e-03	8.13189e-01	-3.31901e+01
#######################################################################
# PVAC                                                                #
#######################################################################
5	0	0	0	1	3	0.00000e+00	0.00000e+00	0.00000e+00
#######################################################################
# FAC                                                                 #
#######################################################################
6	0	0	0	1	3	0.00000e+00	0.00000e+00	0.00000e+00
#######################################################################
# SCH                                                                 #
#######################################################################
#7	0	0	0	2	3	-0.00500000	0.821213	-32.185321
#7	0	1	0	2	3	-0.00500000	0.830248	-32.269563
#7	0	2	0	2	3	-0.00500000	0.793073	-29.315934
#7	0	3	0	2	3	-0.00500000	0.772144	-28.276705
#7	0	4	0	2	3	-0.00500000	0.801968	-30.687167
#7	0	5	0	2	3	-0.00500000	0.778300	-28.439251
#7	0	6	0	2	3	-0.00500000	0.765872	-27.918181
#7	0	7	0	2	3	-0.00500000	0.738459	-26.016797
#7	0	8	0	2	3	-0.00500000	0.778318	-28.676371
#7	0	9	0	2	3	-0.00500000	0.776670	-28.892887
#7	0	10	0	2	3	-0.00500000	0.764278	-28.122474
#7	0	11	0	2	3	-0.00500000	0.790742	-29.423647
#7	0	12	0	2	3	-0.00500000	0.811330	-30.487019
#7	0	13	0	2	3	-0.00500000	0.818750	-30.891512
#7	0	14	0	2	3	-0.00500000	0.802541	-30.009136
#7	0	15	0	2	3	-0.00500000	0.809525	-30.751746
#7	0	16	0	2	3	-0.00500000	0.802597	-30.845509
#7	0	17	0	2	3	-0.00500000	0.835028	-32.780792
#7	0	18	0	2	3	-0.00500000	0.859176	-33.938731
#7	0	19	0	2	3	-0.00500000	0.814851	-31.445396
#7	0	20	0	2	3	-0.00500000	0.809426	-30.781087
#7	0	21	0	2	3	-0.00500000	0.780678	-28.888756
#7	0	22	0	2	3	-0.00500000	0.808206	-30.719604
#7	0	23	0	2	3	-0.00500000	0.774024	-27.858339
#7	0	24	0	2	3	-0.00500000	0.794308	-29.022101
#7	0	25	0	2	3	-0.00500000	0.775649	-27.980186
#7	0	26	0	2	3	-0.00500000	0.788483	-28.687567
#7	0	27	0	2	3	-0.00466315	0.771386	-29.253260
#7	0	28	0	2	3	-0.00483132	0.790854	-28.637741
#7	0	29	0	2	3	-0.00497049	0.812994	-30.786914
#7	0	30	0	2	3	-0.00500000	0.787793	-28.362716
#7	0	31	0	2	3	-0.00500000	0.790759	-28.876812
#7	0	32	0	2	3	-0.00500000	0.824826	-31.655285
#7	0	33	0	2	3	-0.00500000	0.845304	-33.407765
#7	0	34	0	2	3	-0.00500000	0.832263	-32.939799
#7	0	35	0	2	3	-0.00500000	0.820631	-31.695372
#7	0	36	0	2	3	-0.00500000	0.836997	-33.200590
#7	0	37	0	2	3	-0.00500000	0.819690	-32.097193
#7	0	38	0	2	3	-0.00500000	0.808109	-31.263214
#7	0	39	0	2	3	-0.00500000	0.815224	-31.135523
#7	0	40	0	2	3	-0.00500000	0.803398	-29.897923
#7	0	41	0	2	3	-0.00500000	0.815685	-31.165519
#7	0	42	0	2	3	-0.00500000	0.812980	-30.737261
#7	0	43	0	2	3	-0.00500000	0.829418	-32.693307
#7	0	44	0	2	3	-0.00500000	0.789530	-29.464920
#7	0	45	0	2	3	-0.00500000	0.804789	-31.208151
#7	0	46	0	2	3	-0.00500000	0.830106	-32.806514
#7	0	47	0	2	3	-0.00500000	0.819206	-31.373242
#7	0	48	0	2	3	-0.00500000	0.816165	-31.709319
#7	0	49	0	2	3	-0.00500000	0.798496	-30.201709
#7	0	50	0	2	3	-0.00500000	0.812167	-31.795745
#7	0	51	0	2	3	-0.00500000	0.810749	-31.375226
#7	0	52	0	2	3	-0.00500000	0.803385	-31.372512
#7	0	53	0	2	3	-0.00500000	0.777405	-29.262831
#7	0	54	0	2	3	-0.00500000	0.783954	-29.763410
#7	0	55	0	2	3	-0.00500000	0.789443	-29.976449
#7	0	56	0	2	3	-0.00500000	0.838828	-33.261086
#7	0	57	0	2	3	-0.00500000	0.804421	-30.573195
#7	0	58	0	2	3	-0.00500000	0.773283	-29.111048
#7	0	59	0	2	3	-0.00500000	0.811789	-31.449459
#7	0	60	0	2	3	-0.00500000	0.759724	-28.110014
#7	0	61	0	2	3	-0.00500000	0.810884	-31.379063
#7	0	62	0	2	3	-0.00500000	0.771910	-28.435006
#7	0	63	0	2	3	-0.00500000	0.796658	-30.511906
#######################################################################
# TOF Up                                                              #
#######################################################################
7	0	0	0	1	3	5.24830e+00	-1.96630e+00	2.96170e+00
7	0	1	0	1	3	5.24830e+00	-1.96630e+00	2.96170e+00
7	0	2	0	1	3	5.24830e+00	-1.96630e+00	2.96170e+00
7	0	3	0	1	3	5.24830e+00	-1.96630e+00	2.96170e+00
7	0	4	0	1	3	5.24830e+00	-1.96630e+00	2.96170e+00
7	0	5	0	1	3	5.24830e+00	-1.96630e+00	2.96170e+00
7	0	6	0	1	3	6.97090e+00	-3.03520e+00	3.39910e+00
7	0	7	0	1	3	4.05450e+00	-1.96150e+00	2.30360e+00
7	0	8	0	1	3	1.16940e+02	-2.98600e+01	2.09880e+01
7	0	9	0	1	3	5.24830e+00	-1.96630e+00	2.96170e+00
7	0	10	0	1	3	5.24830e+00	-1.96630e+00	2.96170e+00
7	0	11	0	1	3	5.24830e+00	-1.96630e+00	2.96170e+00
7	0	12	0	1	3	5.24830e+00	-1.96630e+00	2.96170e+00
7	0	13	0	1	3	5.24830e+00	-1.96630e+00	2.96170e+00
7	0	14	0	1	3	5.24830e+00	-1.96630e+00	2.96170e+00
7	0	15	0	1	3	5.24830e+00	-1.96630e+00	2.96170e+00
7	0	16	0	1	3	5.24830e+00	-1.96630e+00	2.96170e+00
7	0	17	0	1	3	5.24830e+00	-1.96630e+00	2.96170e+00
7	0	18	0	1	3	5.24830e+00	-1.96630e+00	2.96170e+00
7	0	19	0	1	3	7.11491e-01	1.85180e-03	5.82402e-01
7	0	20	0	1	3	5.59404e-01	-1.73810e-03	4.50716e-01
7	0	21	0	1	3	8.92499e-01	1.99900e-03	7.37364e-01
7	0	22	0	1	3	6.37553e-01	1.99960e-03	5.45449e-01
7	0	23	0	1	3	1.19210e+00	1.98920e-03	9.99994e-01
#######################################################################
# TOF Down                                                            #
#######################################################################
7	0	0	1	1	3	5.84300e+00	-2.30730e+00	3.11320e+00
7	0	1	1	1	3	5.84300e+00	-2.30730e+00	3.11320e+00
7	0	2	1	1	3	5.84300e+00	-2.30730e+00	3.11320e+00
7	0	3	1	1	3	5.84300e+00	-2.30730e+00	3.11320e+00
7	0	4	1	1	3	5.84300e+00	-2.30730e+00	3.11320e+00
7	0	5	1	1	3	5.84300e+00	-2.30730e+00	3.11320e+00
7	0	6	1	1	3	1.41330e+01	-5.81170e+00	5.32680e+00
7	0	7	1	1	3	7.84850e+01	-2.02870e+01	1.69500e+01
7	0	8	1	1	3	2.20240e+02	-3.62440e+01	3.60080e+01
7	0	9	1	1	3	5.84300e+00	-2.30730e+00	3.11320e+00
7	0	10	1	1	3	5.84300e+00	-2.30730e+00	3.11320e+00
7	0	11	1	1	3	5.84300e+00	-2.30730e+00	3.11320e+00
7	0	12	1	1	3	5.84300e+00	-2.30730e+00	3.11320e+00
7	0	13	1	1	3	5.84300e+00	-2.30730e+00	3.11320e+00
7	0	14	1	1	3	5.84300e+00	-2.30730e+00	3.11320e+00
7	0	15	1	1	3	5.84300e+00	-2.30730e+00	3.11320e+00
7	0	16	1	1	3	5.84300e+00	-2.30730e+00	3.11320e+00
7	0	17	1	1	3	5.84300e+00	-2.30730e+00	3.11320e+00
7	0	18	1	1	3	5.84300e+00	-2.30730e+00	3.11320e+00
7	0	19	1	1	3	6.18741e-01	1.99860e-03	4.90831e-01
7	0	20	1	1	3	5.75901e-01	1.04210e-03	4.72509e-01
7	0	21	1	1	3	9.41046e-01	1.99890e-03	7.79357e-01
7	0	22	1	1	3	4.84266e-01	-1.95590e-03	3.99786e-01
7	0	23	1	1	3	8.97714e-01	1.99860e-03	7.56300e-01
#######################################################################
# BFT U                                                               #
#######################################################################
110	0	0	0	2	3	4.08308e-03	-5.22847e-01	1.53903e+01
110	0	1	0	2	3	-7.20155e-03	3.01245e-01	7.31879e-01
110	0	2	0	2	3	4.25336e-03	-5.69529e-01	1.66924e+01
110	0	3	0	2	3	6.49090e-03	-7.45213e-01	1.84253e+01
110	0	4	0	2	3	9.11074e-04	-3.49090e-01	1.30255e+01
110	0	5	0	2	3	2.87188e-03	-4.85092e-01	1.47889e+01
110	0	6	0	2	3	1.28854e-03	-3.72500e-01	1.26650e+01
110	0	7	0	2	3	2.61091e-03	-4.57668e-01	1.38969e+01
110	0	8	0	2	3	4.83165e-03	-6.31246e-01	1.65229e+01
110	0	9	0	2	3	-3.25549e-03	-2.67937e-02	6.89623e+00
110	0	10	0	2	3	3.98049e-03	-5.74275e-01	1.58013e+01
110	0	11	0	2	3	5.36688e-03	-6.63780e-01	1.74948e+01
110	0	12	0	2	3	3.83141e-03	-5.61137e-01	1.47828e+01
110	0	13	0	2	3	-1.97168e-03	-1.21747e-01	8.54325e+00
110	0	14	0	2	3	2.68161e-03	-4.76049e-01	1.40880e+01
110	0	15	0	2	3	4.91450e-03	-6.39651e-01	1.71349e+01
110	0	16	0	2	3	3.73068e-03	-5.56517e-01	1.55148e+01
110	0	17	0	2	3	3.93343e-03	-5.46498e-01	1.56460e+01
110	0	18	0	2	3	3.82682e-03	-5.57896e-01	1.53273e+01
110	0	19	0	2	3	4.65008e-03	-6.20823e-01	1.54055e+01
110	0	20	0	2	3	3.48936e-03	-5.39698e-01	1.56761e+01
110	0	21	0	2	3	2.74815e-03	-4.75134e-01	1.49564e+01
110	0	22	0	2	3	3.43290e-03	-5.40380e-01	1.56390e+01
110	0	23	0	2	3	4.25578e-03	-5.88353e-01	1.68339e+01
110	0	24	0	2	3	4.27920e-03	-5.90975e-01	1.57944e+01
110	0	25	0	2	3	4.31151e-03	-5.90233e-01	1.63559e+01
110	0	26	0	2	3	4.27191e-03	-5.97162e-01	1.66145e+01
110	0	27	0	2	3	4.98521e-03	-6.31410e-01	1.73269e+01
110	0	28	0	2	3	3.75147e-03	-5.48685e-01	1.41237e+01
110	0	29	0	2	3	4.57533e-03	-5.98236e-01	1.62426e+01
110	0	30	0	2	3	3.65575e-03	-5.55196e-01	1.57727e+01
110	0	31	0	2	3	3.36257e-03	-5.17319e-01	1.53860e+01
110	0	32	0	2	3	3.37612e-03	-5.39221e-01	1.58452e+01
110	0	33	0	2	3	3.53519e-03	-5.18270e-01	1.27100e+01
110	0	34	0	2	3	4.37411e-03	-6.02301e-01	1.65684e+01
110	0	35	0	2	3	4.67116e-03	-6.25346e-01	1.74894e+01
110	0	36	0	2	3	3.85367e-03	-5.55018e-01	1.45306e+01
110	0	37	0	2	3	4.33764e-03	-5.97800e-01	1.78802e+01
110	0	38	0	2	3	4.11948e-03	-5.75129e-01	1.53867e+01
110	0	39	0	2	3	4.38792e-03	-6.00301e-01	1.67115e+01
110	0	40	0	2	3	4.06362e-03	-5.69911e-01	1.46811e+01
110	0	41	0	2	3	3.77501e-03	-5.56450e-01	1.70266e+01
110	0	42	0	2	3	4.44414e-03	-5.98220e-01	1.57461e+01
110	0	43	0	2	3	4.54003e-03	-6.17345e-01	1.77321e+01
110	0	44	0	2	3	4.12427e-03	-5.83189e-01	1.61620e+01
110	0	45	0	2	3	4.51019e-03	-6.02110e-01	1.72861e+01
110	0	46	0	2	3	4.30001e-03	-6.05460e-01	1.68475e+01
110	0	47	0	2	3	4.42999e-03	-6.15552e-01	1.78736e+01
110	0	48	0	2	3	3.78001e-03	-5.52849e-01	1.45791e+01
110	0	49	0	2	3	4.36788e-03	-5.94308e-01	1.66312e+01
110	0	50	0	2	3	4.54832e-03	-6.11142e-01	1.70183e+01
110	0	51	0	2	3	4.39429e-03	-5.97270e-01	1.65775e+01
110	0	52	0	2	3	3.74036e-03	-5.50098e-01	1.51021e+01
110	0	53	0	2	3	4.16028e-03	-5.73972e-01	1.59595e+01
110	0	54	0	2	3	4.30701e-03	-5.97507e-01	1.64618e+01
110	0	55	0	2	3	4.89880e-03	-6.36596e-01	1.72369e+01
110	0	56	0	2	3	3.70479e-03	-5.61539e-01	1.58221e+01
110	0	57	0	2	3	4.04270e-03	-5.71833e-01	1.66828e+01
110	0	58	0	2	3	4.03877e-03	-5.79079e-01	1.62221e+01
110	0	59	0	2	3	4.09957e-03	-5.89473e-01	1.73789e+01
110	0	60	0	2	3	4.01877e-03	-5.82024e-01	1.48907e+01
110	0	61	0	2	3	3.40155e-03	-5.24864e-01	1.55794e+01
110	0	62	0	2	3	4.54344e-03	-6.14321e-01	1.66942e+01
110	0	63	0	2	3	4.30870e-03	-5.97711e-01	1.58937e+01
110	0	64	0	2	3	4.02471e-03	-5.79228e-01	1.64431e+01
110	0	65	0	2	3	4.10570e-03	-5.79279e-01	1.65366e+01
110	0	66	0	2	3	4.79869e-03	-6.49298e-01	1.80350e+01
110	0	67	0	2	3	3.86313e-03	-5.67719e-01	1.66000e+01
110	0	68	0	2	3	4.04758e-03	-5.91131e-01	1.62653e+01
110	0	69	0	2	3	3.93523e-03	-5.65320e-01	1.58433e+01
110	0	70	0	2	3	4.15247e-03	-6.04098e-01	1.65071e+01
110	0	71	0	2	3	4.22235e-03	-5.96553e-01	1.69382e+01
110	0	72	0	2	3	3.81096e-03	-5.70797e-01	1.57277e+01
110	0	73	0	2	3	4.50982e-03	-6.16663e-01	1.66676e+01
110	0	74	0	2	3	4.48598e-03	-6.23228e-01	1.67453e+01
110	0	75	0	2	3	4.09091e-03	-5.77623e-01	1.61421e+01
110	0	76	0	2	3	3.55455e-03	-5.47534e-01	1.54214e+01
110	0	77	0	2	3	3.90110e-03	-5.66780e-01	1.63254e+01
110	0	78	0	2	3	4.05196e-03	-5.90808e-01	1.65292e+01
110	0	79	0	2	3	4.70442e-03	-6.20093e-01	1.68337e+01
110	0	80	0	2	3	3.85729e-03	-5.66182e-01	1.57697e+01
110	0	81	0	2	3	3.89043e-03	-5.58717e-01	1.58412e+01
110	0	82	0	2	3	4.10075e-03	-5.85233e-01	1.67221e+01
110	0	83	0	2	3	3.91395e-03	-5.70947e-01	1.59881e+01
110	0	84	0	2	3	3.71632e-03	-5.53173e-01	1.59723e+01
110	0	85	0	2	3	3.90175e-03	-5.66502e-01	1.63924e+01
110	0	86	0	2	3	4.91978e-03	-6.54494e-01	1.76480e+01
110	0	87	0	2	3	4.72978e-03	-6.37045e-01	1.79919e+01
110	0	88	0	2	3	3.65792e-03	-5.50077e-01	1.53774e+01
110	0	89	0	2	3	4.00920e-03	-5.76565e-01	1.61930e+01
110	0	90	0	2	3	4.48301e-03	-6.19932e-01	1.68927e+01
110	0	91	0	2	3	4.89895e-03	-6.48117e-01	1.70596e+01
110	0	92	0	2	3	4.02811e-03	-5.93497e-01	1.72578e+01
110	0	93	0	2	3	4.18549e-03	-5.83304e-01	1.59733e+01
110	0	94	0	2	3	4.74572e-03	-6.52224e-01	1.82820e+01
110	0	95	0	2	3	4.04712e-03	-5.83639e-01	1.67085e+01
110	0	96	0	2	3	4.13323e-03	-6.00061e-01	1.70425e+01
110	0	97	0	2	3	3.92775e-03	-5.71617e-01	1.66688e+01
110	0	98	0	2	3	3.83617e-03	-5.83585e-01	1.68132e+01
110	0	99	0	2	3	4.19861e-03	-5.85038e-01	1.54923e+01
110	0	100	0	2	3	3.68917e-03	-5.60774e-01	1.58665e+01
110	0	101	0	2	3	4.03357e-03	-5.70822e-01	1.64195e+01
110	0	102	0	2	3	4.36813e-03	-6.14117e-01	1.70739e+01
110	0	103	0	2	3	4.89977e-03	-6.46236e-01	1.75225e+01
110	0	104	0	2	3	3.00645e-03	-5.14952e-01	1.52031e+01
110	0	105	0	2	3	3.43634e-03	-5.35230e-01	1.54380e+01
110	0	106	0	2	3	4.39646e-03	-6.17608e-01	1.71629e+01
110	0	107	0	2	3	4.42718e-03	-6.02530e-01	1.60663e+01
110	0	108	0	2	3	4.44008e-03	-6.17080e-01	1.68503e+01
110	0	109	0	2	3	3.34657e-03	-5.36645e-01	1.54880e+01
110	0	110	0	2	3	4.33356e-03	-6.09824e-01	1.67183e+01
110	0	111	0	2	3	4.40076e-03	-6.16660e-01	1.69937e+01
110	0	112	0	2	3	3.58074e-03	-5.47026e-01	1.53121e+01
110	0	113	0	2	3	4.47598e-03	-6.02272e-01	1.63857e+01
110	0	114	0	2	3	3.81240e-03	-5.71991e-01	1.62043e+01
110	0	115	0	2	3	4.86815e-03	-6.38552e-01	1.71881e+01
110	0	116	0	2	3	3.97184e-03	-5.82629e-01	1.68658e+01
110	0	117	0	2	3	3.97792e-03	-5.73991e-01	1.70096e+01
110	0	118	0	2	3	3.95701e-03	-5.90981e-01	1.68554e+01
110	0	119	0	2	3	4.61260e-03	-6.13420e-01	1.57738e+01
110	0	120	0	2	3	3.43575e-03	-5.57528e-01	1.67984e+01
110	0	121	0	2	3	4.67413e-03	-6.20812e-01	1.55207e+01
110	0	122	0	2	3	4.12535e-03	-6.01949e-01	1.76522e+01
110	0	123	0	2	3	5.14029e-03	-6.59007e-01	1.78953e+01
110	0	124	0	2	3	4.57491e-03	-6.20127e-01	1.71742e+01
110	0	125	0	2	3	2.64401e-03	-4.83896e-01	1.26985e+01
110	0	126	0	2	3	3.64713e-03	-5.47526e-01	1.51766e+01
110	0	127	0	2	3	3.28014e-03	-5.25791e-01	1.52815e+01
110	0	128	0	2	3	3.84832e-03	-6.06523e-01	1.77988e+01
110	0	129	0	2	3	4.66882e-03	-6.45676e-01	1.79087e+01
110	0	130	0	2	3	4.05017e-04	-3.41034e-01	1.38740e+01
110	0	131	0	2	3	3.45893e-03	-5.43279e-01	1.60373e+01
110	0	132	0	2	3	4.94353e-03	-6.71407e-01	1.90853e+01
110	0	133	0	2	3	3.00963e-03	-5.18699e-01	1.58423e+01
110	0	134	0	2	3	3.07890e-03	-5.43514e-01	1.64047e+01
110	0	135	0	2	3	2.19047e-03	-4.66223e-01	1.53245e+01
110	0	136	0	2	3	4.78699e-03	-6.37357e-01	1.69468e+01
110	0	137	0	2	3	3.18707e-03	-5.44910e-01	1.68198e+01
110	0	138	0	2	3	3.14681e-03	-5.35653e-01	1.62850e+01
110	0	139	0	2	3	3.88594e-03	-5.86702e-01	1.68126e+01
110	0	140	0	2	3	2.06248e-03	-4.64454e-01	1.54422e+01
110	0	141	0	2	3	3.43473e-03	-5.56026e-01	1.56780e+01
110	0	142	0	2	3	2.31434e-03	-4.82639e-01	1.60872e+01
110	0	143	0	2	3	3.68094e-03	-5.65633e-01	1.60382e+01
110	0	144	0	2	3	3.38676e-03	-5.54918e-01	1.64877e+01
110	0	145	0	2	3	3.73470e-03	-5.61409e-01	1.62577e+01
110	0	146	0	2	3	3.29059e-03	-5.36303e-01	1.57088e+01
110	0	147	0	2	3	3.96706e-03	-5.74261e-01	1.55901e+01
110	0	148	0	2	3	2.76128e-03	-5.00950e-01	1.55428e+01
110	0	149	0	2	3	3.45863e-03	-5.43856e-01	1.60301e+01
110	0	150	0	2	3	2.66586e-03	-5.05488e-01	1.56976e+01
110	0	151	0	2	3	2.37748e-03	-4.81494e-01	1.50417e+01
110	0	152	0	2	3	2.30055e-03	-4.78352e-01	1.55857e+01
110	0	153	0	2	3	2.97381e-03	-5.25903e-01	1.60984e+01
110	0	154	0	2	3	2.98844e-03	-5.34577e-01	1.56569e+01
110	0	155	0	2	3	5.46416e-03	-6.76386e-01	1.73206e+01
110	0	156	0	2	3	-5.21115e-04	-2.61943e-01	1.11425e+01
110	0	157	0	2	3	7.08085e-04	-3.40880e-01	1.25298e+01
110	0	158	0	2	3	5.24079e-03	-6.74097e-01	1.86640e+01
110	0	159	0	2	3	-3.85209e-03	-2.65924e-02	7.63527e+00
#######################################################################
# BFT D                                                               #
#######################################################################
110	1	0	0	2	3	6.89917e-03	-7.33793e-01	1.94692e+01
110	1	1	0	2	3	-7.27412e-03	1.98823e-01	4.56894e+00
110	1	2	0	2	3	-7.82348e-04	-2.33362e-01	1.11623e+01
110	1	3	0	2	3	9.50830e-04	-3.67492e-01	1.38459e+01
110	1	4	0	2	3	2.58548e-03	-4.86402e-01	1.61032e+01
110	1	5	0	2	3	8.04423e-04	-3.51924e-01	1.37226e+01
110	1	6	0	2	3	5.48634e-03	-6.83166e-01	1.82590e+01
110	1	7	0	2	3	2.03394e-03	-4.31226e-01	1.44666e+01
110	1	8	0	2	3	2.06434e-03	-4.37822e-01	1.44083e+01
110	1	9	0	2	3	1.83798e-03	-4.16290e-01	1.45563e+01
110	1	10	0	2	3	5.53395e-03	-6.93168e-01	1.78159e+01
110	1	11	0	2	3	4.34900e-03	-6.10141e-01	1.75795e+01
110	1	12	0	2	3	2.84615e-03	-5.08590e-01	1.49466e+01
110	1	13	0	2	3	1.35328e-03	-3.88034e-01	1.32887e+01
110	1	14	0	2	3	4.20015e-03	-6.10988e-01	1.65744e+01
110	1	15	0	2	3	2.69197e-03	-4.81142e-01	1.47928e+01
110	1	16	0	2	3	4.55045e-03	-6.19701e-01	1.68121e+01
110	1	17	0	2	3	2.20411e-03	-4.44038e-01	1.43398e+01
110	1	18	0	2	3	3.92925e-03	-5.76799e-01	1.54492e+01
110	1	19	0	2	3	4.63409e-03	-6.15207e-01	1.75553e+01
110	1	20	0	2	3	5.26138e-03	-6.77886e-01	1.81802e+01
110	1	21	0	2	3	2.13690e-03	-4.43018e-01	1.46262e+01
110	1	22	0	2	3	3.19432e-03	-5.25215e-01	1.50806e+01
110	1	23	0	2	3	3.68692e-03	-5.56741e-01	1.60051e+01
110	1	24	0	2	3	2.46855e-03	-4.82713e-01	1.54814e+01
110	1	25	0	2	3	4.61846e-03	-6.24061e-01	1.73341e+01
110	1	26	0	2	3	3.83319e-03	-5.79491e-01	1.60189e+01
110	1	27	0	2	3	4.12811e-03	-5.81982e-01	1.71551e+01
110	1	28	0	2	3	4.64089e-03	-6.32362e-01	1.68589e+01
110	1	29	0	2	3	3.37924e-03	-5.30768e-01	1.57268e+01
110	1	30	0	2	3	3.75139e-03	-5.67197e-01	1.60233e+01
110	1	31	0	2	3	4.12822e-03	-5.93479e-01	1.70730e+01
110	1	32	0	2	3	3.93167e-03	-5.82836e-01	1.75666e+01
110	1	33	0	2	3	3.35124e-03	-5.40810e-01	1.50235e+01
110	1	34	0	2	3	4.08797e-03	-5.83865e-01	1.58040e+01
110	1	35	0	2	3	3.10076e-03	-5.21861e-01	1.68136e+01
110	1	36	0	2	3	3.46787e-03	-5.43084e-01	1.53564e+01
110	1	37	0	2	3	3.35407e-03	-5.27984e-01	1.48899e+01
110	1	38	0	2	3	4.07599e-03	-5.88209e-01	1.63188e+01
110	1	39	0	2	3	3.79067e-03	-5.60028e-01	1.64688e+01
110	1	40	0	2	3	4.10929e-03	-5.79382e-01	1.57089e+01
110	1	41	0	2	3	3.96879e-03	-5.71369e-01	1.60429e+01
110	1	42	0	2	3	3.97685e-03	-5.71583e-01	1.51305e+01
110	1	43	0	2	3	4.14501e-03	-5.85832e-01	1.71081e+01
110	1	44	0	2	3	3.91542e-03	-5.78860e-01	1.60068e+01
110	1	45	0	2	3	4.03055e-03	-5.83055e-01	1.66010e+01
110	1	46	0	2	3	4.41299e-03	-6.13351e-01	1.65323e+01
110	1	47	0	2	3	3.97909e-03	-5.90869e-01	1.76087e+01
110	1	48	0	2	3	3.99368e-03	-5.77485e-01	1.65835e+01
110	1	49	0	2	3	3.73189e-03	-5.57234e-01	1.63665e+01
110	1	50	0	2	3	4.23903e-03	-5.98676e-01	1.59545e+01
110	1	51	0	2	3	3.99555e-03	-5.77877e-01	1.73674e+01
110	1	52	0	2	3	4.10725e-03	-5.97515e-01	1.62678e+01
110	1	53	0	2	3	3.93348e-03	-5.74547e-01	1.66617e+01
110	1	54	0	2	3	4.22087e-03	-6.04400e-01	1.73326e+01
110	1	55	0	2	3	4.07434e-03	-5.85904e-01	1.66864e+01
110	1	56	0	2	3	3.64037e-03	-5.68910e-01	1.58653e+01
110	1	57	0	2	3	4.17066e-03	-5.94566e-01	1.75971e+01
110	1	58	0	2	3	3.97379e-03	-5.94368e-01	1.82400e+01
110	1	59	0	2	3	4.48067e-03	-6.23707e-01	1.83996e+01
110	1	60	0	2	3	3.89573e-03	-5.76574e-01	1.66494e+01
110	1	61	0	2	3	4.18523e-03	-5.80337e-01	1.67764e+01
110	1	62	0	2	3	4.04249e-03	-5.87774e-01	1.58704e+01
110	1	63	0	2	3	4.55032e-03	-6.23282e-01	1.74544e+01
110	1	64	0	2	3	4.10211e-03	-5.96349e-01	1.74792e+01
110	1	65	0	2	3	4.17003e-03	-5.91146e-01	1.61013e+01
110	1	66	0	2	3	4.35520e-03	-6.19358e-01	1.65857e+01
110	1	67	0	2	3	4.12787e-03	-5.93732e-01	1.63395e+01
110	1	68	0	2	3	3.35949e-03	-5.30663e-01	1.46541e+01
110	1	69	0	2	3	4.00114e-03	-5.83098e-01	1.61293e+01
110	1	70	0	2	3	4.69854e-03	-6.34684e-01	1.78548e+01
110	1	71	0	2	3	4.24365e-03	-6.06901e-01	1.68161e+01
110	1	72	0	2	3	3.58232e-03	-5.51723e-01	1.59490e+01
110	1	73	0	2	3	4.37697e-03	-6.19031e-01	1.76299e+01
110	1	74	0	2	3	4.29100e-03	-6.05910e-01	1.61088e+01
110	1	75	0	2	3	4.33420e-03	-6.14681e-01	1.64571e+01
110	1	76	0	2	3	3.83008e-03	-5.67828e-01	1.60453e+01
110	1	77	0	2	3	4.09615e-03	-5.92616e-01	1.70027e+01
110	1	78	0	2	3	3.95478e-03	-5.82454e-01	1.57129e+01
110	1	79	0	2	3	4.26215e-03	-5.99926e-01	1.59865e+01
110	1	80	0	2	3	4.12205e-03	-5.86081e-01	1.62434e+01
110	1	81	0	2	3	3.76789e-03	-5.62356e-01	1.56478e+01
110	1	82	0	2	3	4.38965e-03	-6.13665e-01	1.77924e+01
110	1	83	0	2	3	3.91106e-03	-5.67816e-01	1.50867e+01
110	1	84	0	2	3	3.72082e-03	-5.52947e-01	1.52124e+01
110	1	85	0	2	3	3.57551e-03	-5.47777e-01	1.56876e+01
110	1	86	0	2	3	4.52367e-03	-6.19661e-01	1.65865e+01
110	1	87	0	2	3	4.22646e-03	-5.89138e-01	1.51448e+01
110	1	88	0	2	3	3.59006e-03	-5.55387e-01	1.63008e+01
110	1	89	0	2	3	3.91039e-03	-5.77733e-01	1.59300e+01
110	1	90	0	2	3	4.21524e-03	-6.01826e-01	1.62811e+01
110	1	91	0	2	3	4.76077e-03	-6.28496e-01	1.66002e+01
110	1	92	0	2	3	3.79704e-03	-5.62173e-01	1.59425e+01
110	1	93	0	2	3	4.08960e-03	-5.84556e-01	1.65462e+01
110	1	94	0	2	3	4.57702e-03	-6.26072e-01	1.68336e+01
110	1	95	0	2	3	4.39930e-03	-6.12371e-01	1.67528e+01
110	1	96	0	2	3	4.00140e-03	-5.80752e-01	1.59991e+01
110	1	97	0	2	3	3.99696e-03	-5.76963e-01	1.58405e+01
110	1	98	0	2	3	4.03858e-03	-6.05483e-01	1.69015e+01
110	1	99	0	2	3	4.47846e-03	-6.14510e-01	1.68996e+01
110	1	100	0	2	3	3.50566e-03	-5.35144e-01	1.57152e+01
110	1	101	0	2	3	3.77186e-03	-5.61956e-01	1.55137e+01
110	1	102	0	2	3	4.48831e-03	-6.25207e-01	1.73414e+01
110	1	103	0	2	3	4.39511e-03	-6.04811e-01	1.65729e+01
110	1	104	0	2	3	4.09281e-03	-5.87560e-01	1.66564e+01
110	1	105	0	2	3	4.14882e-03	-5.86104e-01	1.56607e+01
110	1	106	0	2	3	4.68257e-03	-6.38996e-01	1.74214e+01
110	1	107	0	2	3	4.47110e-03	-6.17099e-01	1.60848e+01
110	1	108	0	2	3	3.74705e-03	-5.62979e-01	1.59968e+01
110	1	109	0	2	3	3.49177e-03	-5.48426e-01	1.57051e+01
110	1	110	0	2	3	4.73568e-03	-6.39249e-01	1.76294e+01
110	1	111	0	2	3	4.64295e-03	-6.38701e-01	1.78590e+01
110	1	112	0	2	3	2.93448e-03	-5.06747e-01	1.51390e+01
110	1	113	0	2	3	3.98760e-03	-5.81602e-01	1.68328e+01
110	1	114	0	2	3	3.94449e-03	-5.85152e-01	1.63199e+01
110	1	115	0	2	3	4.98383e-03	-6.45459e-01	1.75034e+01
110	1	116	0	2	3	4.19738e-03	-5.98471e-01	1.69233e+01
110	1	117	0	2	3	4.27454e-03	-5.97891e-01	1.59791e+01
110	1	118	0	2	3	4.15999e-03	-5.96364e-01	1.60184e+01
110	1	119	0	2	3	4.04815e-03	-5.84977e-01	1.59692e+01
110	1	120	0	2	3	3.62762e-03	-5.56247e-01	1.59399e+01
110	1	121	0	2	3	3.76125e-03	-5.65802e-01	1.63512e+01
110	1	122	0	2	3	4.50657e-03	-6.30385e-01	1.87556e+01
110	1	123	0	2	3	3.90265e-03	-5.84613e-01	1.72621e+01
110	1	124	0	2	3	4.09217e-03	-5.80229e-01	1.58829e+01
110	1	125	0	2	3	4.10051e-03	-5.91506e-01	1.71226e+01
110	1	126	0	2	3	3.54151e-03	-5.50269e-01	1.51567e+01
110	1	127	0	2	3	4.67622e-03	-6.25881e-01	1.74179e+01
110	1	128	0	2	3	3.59203e-03	-5.83226e-01	1.76248e+01
110	1	129	0	2	3	3.94902e-03	-5.98912e-01	1.77269e+01
110	1	130	0	2	3	3.66142e-03	-5.81055e-01	1.65412e+01
110	1	131	0	2	3	3.65794e-03	-5.62329e-01	1.64296e+01
110	1	132	0	2	3	3.40235e-03	-5.60685e-01	1.72202e+01
110	1	133	0	2	3	5.11792e-03	-6.62241e-01	1.78606e+01
110	1	134	0	2	3	4.31167e-03	-6.22062e-01	1.71118e+01
110	1	135	0	2	3	4.26467e-03	-5.99480e-01	1.61771e+01
110	1	136	0	2	3	3.75021e-03	-5.86674e-01	1.79002e+01
110	1	137	0	2	3	5.41965e-03	-6.87593e-01	1.77968e+01
110	1	138	0	2	3	4.91990e-03	-6.57208e-01	1.80832e+01
110	1	139	0	2	3	5.64448e-03	-7.02202e-01	1.81605e+01
110	1	140	0	2	3	4.45157e-03	-6.20761e-01	1.71895e+01
110	1	141	0	2	3	3.45366e-03	-5.49180e-01	1.58508e+01
110	1	142	0	2	3	4.17603e-03	-6.08957e-01	1.69476e+01
110	1	143	0	2	3	3.29434e-03	-5.48305e-01	1.68476e+01
110	1	144	0	2	3	4.58139e-03	-6.43188e-01	1.79767e+01
110	1	145	0	2	3	5.32626e-03	-6.74387e-01	1.82925e+01
110	1	146	0	2	3	4.38634e-03	-6.29816e-01	1.76419e+01
110	1	147	0	2	3	4.08609e-03	-5.94592e-01	1.61370e+01
110	1	148	0	2	3	3.84252e-03	-5.87915e-01	1.62833e+01
110	1	149	0	2	3	4.34859e-03	-6.17932e-01	1.70002e+01
110	1	150	0	2	3	4.29023e-03	-6.19572e-01	1.69612e+01
110	1	151	0	2	3	4.03574e-03	-5.94270e-01	1.69057e+01
110	1	152	0	2	3	3.45097e-03	-5.54200e-01	1.62546e+01
110	1	153	0	2	3	4.34038e-03	-6.12596e-01	1.81048e+01
110	1	154	0	2	3	3.94757e-03	-6.04275e-01	1.67369e+01
110	1	155	0	2	3	3.68490e-03	-5.57450e-01	1.59774e+01
110	1	156	0	2	3	5.28012e-03	-6.84491e-01	1.87535e+01
110	1	157	0	2	3	2.96697e-03	-5.41696e-01	1.65278e+01
110	1	158	0	2	3	2.44477e-03	-4.70635e-01	1.51291e+01
110	1	159	0	2	3	-1.84932e-03	-2.27255e-01	1.23392e+01
