##
#  file: HodoPHCParam_Dummy
#  date: 2016.06.15
#  note: first version
#
#
#######################################################################
# CId	PlId	Seg	UorD	Type	nParam	p0	p1	...
#
#	Type=0 no correction will be performed
#	Type=1 ct=t-p[0]/sqrt(a-p[1])+p[2]
#	Type=2 ct=p[0]*a*a + p[1]*a + p[2] for Fiber
#
#######################################################################
# BH1 Up                                                              #
#######################################################################
1	0	0	0	1	3	9.72882e+01	-2.42381e+01	1.93388e+01
1	0	1	0	1	3	8.39811e-01	2.30870e-01	9.07677e-01
1	0	2	0	1	3	7.96271e-01	2.02772e-01	8.76313e-01
1	0	3	0	1	3	1.24269e+00	-1.47574e-01	1.19840e+00
1	0	4	0	1	3	1.09931e+00	-7.72769e-02	1.08260e+00
1	0	5	0	1	3	1.05845e+00	1.40683e-01	1.18835e+00
1	0	6	0	1	3	1.24845e+00	-7.32092e-02	1.22011e+00
1	0	7	0	1	3	1.38494e+00	-1.69323e-01	1.29113e+00
1	0	8	0	1	3	1.12943e+00	-1.85789e-01	1.05048e+00
1	0	9	0	1	3	1.39270e+00	-1.82072e-01	1.30041e+00
1	0	10	0	1	3	1.71493e+02	-3.15885e+01	3.00372e+01
#######################################################################
# BH1 Down                                                            #
#######################################################################
1	0	0	1	1	3	1.69589e+00	-2.63702e-01	1.46458e+00
1	0	1	1	1	3	6.65147e-01	3.06785e-01	7.74182e-01
1	0	2	1	1	3	1.69164e+00	-4.50471e-01	1.36238e+00
1	0	3	1	1	3	7.14482e+01	-2.23619e+01	1.47724e+01
1	0	4	1	1	3	1.42431e+00	-1.84323e-01	1.31423e+00
1	0	5	1	1	3	1.48351e+00	-1.17877e-01	1.40777e+00
1	0	6	1	1	3	1.64799e+00	-3.01989e-01	1.48452e+00
1	0	7	1	1	3	1.48685e+00	-1.75507e-01	1.38619e+00
1	0	8	1	1	3	5.71792e-01	2.68423e-01	6.99614e-01
1	0	9	1	1	3	1.07020e+00	4.47097e-02	1.11772e+00
1	0	10	1	1	3	5.19525e-01	3.65790e-01	6.45791e-01
#######################################################################
# BH2 Up                                                              #
#######################################################################
2	0	0	0	1	3	1.12115e-01	3.35357e-01	1.33957e-01
2	0	1	0	1	3	4.23202e-01	6.01088e-02	4.32756e-01
2	0	2	0	1	3	4.01076e-01	4.56070e-02	4.03148e-01
2	0	3	0	1	3	3.85284e-01	5.67440e-02	3.98101e-01
2	0	4	0	1	3	2.66200e-01	1.48660e-01	2.92941e-01
2	0	5	0	1	3	1.66891e-01	2.88043e-01	2.06447e-01
2	0	6	0	1	3	1.71542e-01	2.55850e-01	2.12138e-01
2	0	7	0	1	3	1.96083e-01	2.29490e-01	2.30246e-01
#######################################################################
# BH2 Down                                                            #
#######################################################################
2	0	0	1	1	3	1.86082e-01	2.04597e-01	2.06299e-01
2	0	1	1	1	3	3.69447e-01	6.07075e-02	3.67987e-01
2	0	2	1	1	3	4.36704e-01	5.29092e-03	4.17610e-01
2	0	3	1	1	3	5.05110e-01	-2.36197e-01	4.33924e-01
2	0	4	1	1	3	3.34198e-01	6.07922e-02	3.30964e-01
2	0	5	1	1	3	2.71316e-01	1.29618e-01	2.74971e-01
2	0	6	1	1	3	4.51400e-01	-3.05140e-02	4.20447e-01
2	0	7	1	1	3	2.11967e-01	8.42464e-02	2.22906e-01
#######################################################################
# BAC                                                                 #
#######################################################################
3	0	0	0	1	3	0.00000e+00	0.00000e+00	0.00000e+00
3	0	1	0	1	3	0.00000e+00	0.00000e+00	0.00000e+00
#######################################################################
# FBH Up                                                              #
#######################################################################
4	0	0	0	2	3	-5.62952e-03	8.96903e-01	-3.53273e+01
4	0	1	0	2	3	-4.29399e-03	7.37975e-01	-3.00049e+01
4	0	2	0	2	3	-5.26894e-03	8.67305e-01	-3.38992e+01
4	0	3	0	2	3	-3.80183e-03	6.69237e-01	-2.72260e+01
4	0	4	0	2	3	-4.35014e-03	7.35785e-01	-2.92008e+01
4	0	5	0	2	3	-4.02541e-03	6.86907e-01	-2.70312e+01
4	0	6	0	2	3	-4.16660e-03	7.08229e-01	-2.81512e+01
4	0	7	0	2	3	-3.93117e-03	6.84759e-01	-2.69101e+01
4	0	8	0	2	3	-4.14423e-03	6.96902e-01	-2.65883e+01
4	0	9	0	2	3	-2.83372e-03	5.62925e-01	-2.20787e+01
4	0	10	0	2	3	-4.07944e-03	7.09420e-01	-2.75603e+01
4	0	11	0	2	3	-3.50961e-03	6.50113e-01	-2.64167e+01
4	0	12	0	2	3	-3.52415e-03	6.49734e-01	-2.67232e+01
4	0	13	0	2	3	-4.13420e-03	7.26957e-01	-2.99675e+01
4	0	14	0	2	3	-4.90315e-03	8.27563e-01	-3.35630e+01
4	0	15	0	2	3	-4.73048e-03	8.13189e-01	-3.31901e+01
#######################################################################
# FBH Down                                                            #
#######################################################################
4	0	0	1	2	3	-5.62952e-03	8.96903e-01	-3.53273e+01
4	0	1	1	2	3	-4.29399e-03	7.37975e-01	-3.00049e+01
4	0	2	1	2	3	-5.26894e-03	8.67305e-01	-3.38992e+01
4	0	3	1	2	3	-3.80183e-03	6.69237e-01	-2.72260e+01
4	0	4	1	2	3	-4.35014e-03	7.35785e-01	-2.92008e+01
4	0	5	1	2	3	-4.02541e-03	6.86907e-01	-2.70312e+01
4	0	6	1	2	3	-4.16660e-03	7.08229e-01	-2.81512e+01
4	0	7	1	2	3	-3.93117e-03	6.84759e-01	-2.69101e+01
4	0	8	1	2	3	-4.14423e-03	6.96902e-01	-2.65883e+01
4	0	9	1	2	3	-2.83372e-03	5.62925e-01	-2.20787e+01
4	0	10	1	2	3	-4.07944e-03	7.09420e-01	-2.75603e+01
4	0	11	1	2	3	-3.50961e-03	6.50113e-01	-2.64167e+01
4	0	12	1	2	3	-3.52415e-03	6.49734e-01	-2.67232e+01
4	0	13	1	2	3	-4.13420e-03	7.26957e-01	-2.99675e+01
4	0	14	1	2	3	-4.90315e-03	8.27563e-01	-3.35630e+01
4	0	15	1	2	3	-4.73048e-03	8.13189e-01	-3.31901e+01
#######################################################################
# PVAC                                                                #
#######################################################################
5	0	0	0	1	3	0.00000e+00	0.00000e+00	0.00000e+00
#######################################################################
# FAC                                                                 #
#######################################################################
6	0	0	0	1	3	0.00000e+00	0.00000e+00	0.00000e+00
#######################################################################
# SCH                                                                 #
#######################################################################
#7	0	0	0	2	3	-0.00500000	0.821213	-32.185321
#7	0	1	0	2	3	-0.00500000	0.830248	-32.269563
#7	0	2	0	2	3	-0.00500000	0.793073	-29.315934
#7	0	3	0	2	3	-0.00500000	0.772144	-28.276705
#7	0	4	0	2	3	-0.00500000	0.801968	-30.687167
#7	0	5	0	2	3	-0.00500000	0.778300	-28.439251
#7	0	6	0	2	3	-0.00500000	0.765872	-27.918181
#7	0	7	0	2	3	-0.00500000	0.738459	-26.016797
#7	0	8	0	2	3	-0.00500000	0.778318	-28.676371
#7	0	9	0	2	3	-0.00500000	0.776670	-28.892887
#7	0	10	0	2	3	-0.00500000	0.764278	-28.122474
#7	0	11	0	2	3	-0.00500000	0.790742	-29.423647
#7	0	12	0	2	3	-0.00500000	0.811330	-30.487019
#7	0	13	0	2	3	-0.00500000	0.818750	-30.891512
#7	0	14	0	2	3	-0.00500000	0.802541	-30.009136
#7	0	15	0	2	3	-0.00500000	0.809525	-30.751746
#7	0	16	0	2	3	-0.00500000	0.802597	-30.845509
#7	0	17	0	2	3	-0.00500000	0.835028	-32.780792
#7	0	18	0	2	3	-0.00500000	0.859176	-33.938731
#7	0	19	0	2	3	-0.00500000	0.814851	-31.445396
#7	0	20	0	2	3	-0.00500000	0.809426	-30.781087
#7	0	21	0	2	3	-0.00500000	0.780678	-28.888756
#7	0	22	0	2	3	-0.00500000	0.808206	-30.719604
#7	0	23	0	2	3	-0.00500000	0.774024	-27.858339
#7	0	24	0	2	3	-0.00500000	0.794308	-29.022101
#7	0	25	0	2	3	-0.00500000	0.775649	-27.980186
#7	0	26	0	2	3	-0.00500000	0.788483	-28.687567
#7	0	27	0	2	3	-0.00466315	0.771386	-29.253260
#7	0	28	0	2	3	-0.00483132	0.790854	-28.637741
#7	0	29	0	2	3	-0.00497049	0.812994	-30.786914
#7	0	30	0	2	3	-0.00500000	0.787793	-28.362716
#7	0	31	0	2	3	-0.00500000	0.790759	-28.876812
#7	0	32	0	2	3	-0.00500000	0.824826	-31.655285
#7	0	33	0	2	3	-0.00500000	0.845304	-33.407765
#7	0	34	0	2	3	-0.00500000	0.832263	-32.939799
#7	0	35	0	2	3	-0.00500000	0.820631	-31.695372
#7	0	36	0	2	3	-0.00500000	0.836997	-33.200590
#7	0	37	0	2	3	-0.00500000	0.819690	-32.097193
#7	0	38	0	2	3	-0.00500000	0.808109	-31.263214
#7	0	39	0	2	3	-0.00500000	0.815224	-31.135523
#7	0	40	0	2	3	-0.00500000	0.803398	-29.897923
#7	0	41	0	2	3	-0.00500000	0.815685	-31.165519
#7	0	42	0	2	3	-0.00500000	0.812980	-30.737261
#7	0	43	0	2	3	-0.00500000	0.829418	-32.693307
#7	0	44	0	2	3	-0.00500000	0.789530	-29.464920
#7	0	45	0	2	3	-0.00500000	0.804789	-31.208151
#7	0	46	0	2	3	-0.00500000	0.830106	-32.806514
#7	0	47	0	2	3	-0.00500000	0.819206	-31.373242
#7	0	48	0	2	3	-0.00500000	0.816165	-31.709319
#7	0	49	0	2	3	-0.00500000	0.798496	-30.201709
#7	0	50	0	2	3	-0.00500000	0.812167	-31.795745
#7	0	51	0	2	3	-0.00500000	0.810749	-31.375226
#7	0	52	0	2	3	-0.00500000	0.803385	-31.372512
#7	0	53	0	2	3	-0.00500000	0.777405	-29.262831
#7	0	54	0	2	3	-0.00500000	0.783954	-29.763410
#7	0	55	0	2	3	-0.00500000	0.789443	-29.976449
#7	0	56	0	2	3	-0.00500000	0.838828	-33.261086
#7	0	57	0	2	3	-0.00500000	0.804421	-30.573195
#7	0	58	0	2	3	-0.00500000	0.773283	-29.111048
#7	0	59	0	2	3	-0.00500000	0.811789	-31.449459
#7	0	60	0	2	3	-0.00500000	0.759724	-28.110014
#7	0	61	0	2	3	-0.00500000	0.810884	-31.379063
#7	0	62	0	2	3	-0.00500000	0.771910	-28.435006
#7	0	63	0	2	3	-0.00500000	0.796658	-30.511906
#######################################################################
# TOF Up                                                              #
#######################################################################
7	0	0	0	1	3	5.24830e+00	-1.96630e+00	2.96170e+00
7	0	1	0	1	3	5.24830e+00	-1.96630e+00	2.96170e+00
7	0	2	0	1	3	5.24830e+00	-1.96630e+00	2.96170e+00
7	0	3	0	1	3	5.24830e+00	-1.96630e+00	2.96170e+00
7	0	4	0	1	3	5.24830e+00	-1.96630e+00	2.96170e+00
7	0	5	0	1	3	5.24830e+00	-1.96630e+00	2.96170e+00
7	0	6	0	1	3	6.97090e+00	-3.03520e+00	3.39910e+00
7	0	7	0	1	3	4.05450e+00	-1.96150e+00	2.30360e+00
7	0	8	0	1	3	1.16940e+02	-2.98600e+01	2.09880e+01
7	0	9	0	1	3	5.24830e+00	-1.96630e+00	2.96170e+00
7	0	10	0	1	3	5.24830e+00	-1.96630e+00	2.96170e+00
7	0	11	0	1	3	5.24830e+00	-1.96630e+00	2.96170e+00
7	0	12	0	1	3	5.24830e+00	-1.96630e+00	2.96170e+00
7	0	13	0	1	3	5.24830e+00	-1.96630e+00	2.96170e+00
7	0	14	0	1	3	5.24830e+00	-1.96630e+00	2.96170e+00
7	0	15	0	1	3	5.24830e+00	-1.96630e+00	2.96170e+00
7	0	16	0	1	3	5.24830e+00	-1.96630e+00	2.96170e+00
7	0	17	0	1	3	5.24830e+00	-1.96630e+00	2.96170e+00
7	0	18	0	1	3	5.24830e+00	-1.96630e+00	2.96170e+00
7	0	19	0	1	3	7.11491e-01	1.85180e-03	5.82402e-01
7	0	20	0	1	3	5.59404e-01	-1.73810e-03	4.50716e-01
7	0	21	0	1	3	8.92499e-01	1.99900e-03	7.37364e-01
7	0	22	0	1	3	6.37553e-01	1.99960e-03	5.45449e-01
7	0	23	0	1	3	1.19210e+00	1.98920e-03	9.99994e-01
#######################################################################
# TOF Down                                                            #
#######################################################################
7	0	0	1	1	3	5.84300e+00	-2.30730e+00	3.11320e+00
7	0	1	1	1	3	5.84300e+00	-2.30730e+00	3.11320e+00
7	0	2	1	1	3	5.84300e+00	-2.30730e+00	3.11320e+00
7	0	3	1	1	3	5.84300e+00	-2.30730e+00	3.11320e+00
7	0	4	1	1	3	5.84300e+00	-2.30730e+00	3.11320e+00
7	0	5	1	1	3	5.84300e+00	-2.30730e+00	3.11320e+00
7	0	6	1	1	3	1.41330e+01	-5.81170e+00	5.32680e+00
7	0	7	1	1	3	7.84850e+01	-2.02870e+01	1.69500e+01
7	0	8	1	1	3	2.20240e+02	-3.62440e+01	3.60080e+01
7	0	9	1	1	3	5.84300e+00	-2.30730e+00	3.11320e+00
7	0	10	1	1	3	5.84300e+00	-2.30730e+00	3.11320e+00
7	0	11	1	1	3	5.84300e+00	-2.30730e+00	3.11320e+00
7	0	12	1	1	3	5.84300e+00	-2.30730e+00	3.11320e+00
7	0	13	1	1	3	5.84300e+00	-2.30730e+00	3.11320e+00
7	0	14	1	1	3	5.84300e+00	-2.30730e+00	3.11320e+00
7	0	15	1	1	3	5.84300e+00	-2.30730e+00	3.11320e+00
7	0	16	1	1	3	5.84300e+00	-2.30730e+00	3.11320e+00
7	0	17	1	1	3	5.84300e+00	-2.30730e+00	3.11320e+00
7	0	18	1	1	3	5.84300e+00	-2.30730e+00	3.11320e+00
7	0	19	1	1	3	6.18741e-01	1.99860e-03	4.90831e-01
7	0	20	1	1	3	5.75901e-01	1.04210e-03	4.72509e-01
7	0	21	1	1	3	9.41046e-01	1.99890e-03	7.79357e-01
7	0	22	1	1	3	4.84266e-01	-1.95590e-03	3.99786e-01
7	0	23	1	1	3	8.97714e-01	1.99860e-03	7.56300e-01
#######################################################################
# BFT U                                                               #
#######################################################################
110	0	0	0	2	3	4.61329e-02	-2.79660e+00	4.41714e+01
110	0	1	0	2	3	-1.71525e-02	6.62492e-01	4.61325e-01
110	0	2	0	2	3	1.74204e-02	-1.07187e+00	1.78157e+01
110	0	3	0	2	3	1.17439e-03	-3.33982e-01	1.10343e+01
110	0	4	0	2	3	-5.31501e-03	2.18341e-03	8.79827e+00
110	0	5	0	2	3	4.69733e-03	-5.17436e-01	1.42512e+01
110	0	6	0	2	3	-2.02565e-02	9.86644e-01	-8.49192e+00
110	0	7	0	2	3	-5.80396e-04	-1.69901e-01	8.18658e+00
110	0	8	0	2	3	7.95569e-03	-7.76452e-01	1.77911e+01
110	0	9	0	2	3	-4.75451e-03	7.60212e-02	5.48176e+00
110	0	10	0	2	3	8.39118e-03	-8.78317e-01	2.12240e+01
110	0	11	0	2	3	-1.62660e-02	9.88094e-01	-1.26486e+01
110	0	12	0	2	3	-2.17494e-03	-2.25766e-01	1.05939e+01
110	0	13	0	2	3	4.80375e-04	-2.70520e-01	1.08030e+01
110	0	14	0	2	3	2.91520e-03	-4.91729e-01	1.47321e+01
110	0	15	0	2	3	1.90923e-03	-4.60405e-01	1.58323e+01
110	0	16	0	2	3	4.01463e-03	-5.97932e-01	1.66576e+01
110	0	17	0	2	3	-6.14761e-03	1.96816e-01	2.22086e+00
110	0	18	0	2	3	-1.76015e-03	-2.02595e-01	1.00942e+01
110	0	19	0	2	3	-4.46573e-03	-5.27856e-02	6.93387e+00
110	0	20	0	2	3	4.02794e-03	-6.21498e-01	1.72407e+01
110	0	21	0	2	3	2.12639e-03	-4.70790e-01	1.59335e+01
110	0	22	0	2	3	2.32882e-03	-4.81128e-01	1.51162e+01
110	0	23	0	2	3	1.32400e-03	-4.10945e-01	1.46928e+01
110	0	24	0	2	3	8.45508e-04	-3.47789e-01	1.25852e+01
110	0	25	0	2	3	-6.17822e-04	-1.86942e-01	8.34436e+00
110	0	26	0	2	3	5.18367e-03	-6.50080e-01	1.73773e+01
110	0	27	0	2	3	4.04636e-03	-5.40316e-01	1.43387e+01
110	0	28	0	2	3	1.09450e-03	-3.73537e-01	1.14397e+01
110	0	29	0	2	3	2.21421e-03	-4.23340e-01	1.33329e+01
110	0	30	0	2	3	4.03369e-03	-5.79369e-01	1.63142e+01
110	0	31	0	2	3	6.37195e-03	-7.56495e-01	2.01900e+01
110	0	32	0	2	3	4.07931e-03	-6.02249e-01	1.72981e+01
110	0	33	0	2	3	6.46965e-03	-7.07850e-01	1.59210e+01
110	0	34	0	2	3	1.56551e-03	-4.01568e-01	1.31961e+01
110	0	35	0	2	3	6.16127e-03	-7.35709e-01	1.97036e+01
110	0	36	0	2	3	3.84307e-03	-5.60908e-01	1.48952e+01
110	0	37	0	2	3	1.70882e-03	-3.99445e-01	1.33870e+01
110	0	38	0	2	3	5.33490e-03	-6.55076e-01	1.68540e+01
110	0	39	0	2	3	3.74824e-03	-5.60576e-01	1.62726e+01
110	0	40	0	2	3	2.77220e-03	-4.93400e-01	1.38638e+01
110	0	41	0	2	3	2.07675e-03	-3.93805e-01	1.35137e+01
110	0	42	0	2	3	6.04336e-03	-7.09437e-01	1.78459e+01
110	0	43	0	2	3	4.59721e-03	-5.88338e-01	1.66203e+01
110	0	44	0	2	3	1.57804e-03	-3.95340e-01	1.30140e+01
110	0	45	0	2	3	3.35672e-03	-5.27063e-01	1.53173e+01
110	0	46	0	2	3	2.16336e-03	-4.57863e-01	1.45653e+01
110	0	47	0	2	3	2.75410e-03	-4.72395e-01	1.50505e+01
110	0	48	0	2	3	3.03693e-03	-5.00328e-01	1.37898e+01
110	0	49	0	2	3	2.26689e-03	-4.20351e-01	1.32271e+01
110	0	50	0	2	3	6.44048e-03	-7.40738e-01	1.93319e+01
110	0	51	0	2	3	5.02218e-03	-6.32055e-01	1.71664e+01
110	0	52	0	2	3	2.55912e-03	-4.60938e-01	1.36750e+01
110	0	53	0	2	3	4.31120e-03	-5.76214e-01	1.60248e+01
110	0	54	0	2	3	5.68872e-03	-6.80489e-01	1.77922e+01
110	0	55	0	2	3	4.78627e-03	-6.26820e-01	1.72296e+01
110	0	56	0	2	3	4.69055e-03	-6.40207e-01	1.75219e+01
110	0	57	0	2	3	1.01083e-03	-3.44796e-01	1.26930e+01
110	0	58	0	2	3	2.95167e-03	-4.95243e-01	1.47812e+01
110	0	59	0	2	3	5.80698e-03	-7.00366e-01	1.92637e+01
110	0	60	0	2	3	3.19228e-03	-5.20153e-01	1.39715e+01
110	0	61	0	2	3	2.79459e-03	-4.82154e-01	1.50810e+01
110	0	62	0	2	3	4.52947e-03	-6.12963e-01	1.68568e+01
110	0	63	0	2	3	4.67967e-03	-6.17769e-01	1.72454e+01
110	0	64	0	2	3	2.13794e-03	-4.48127e-01	1.43135e+01
110	0	65	0	2	3	2.42542e-03	-4.59381e-01	1.45352e+01
110	0	66	0	2	3	3.71611e-03	-5.63083e-01	1.65385e+01
110	0	67	0	2	3	3.76849e-03	-5.66383e-01	1.58714e+01
110	0	68	0	2	3	2.11286e-03	-4.39341e-01	1.35061e+01
110	0	69	0	2	3	3.16776e-03	-5.09203e-01	1.49395e+01
110	0	70	0	2	3	4.35761e-03	-6.11739e-01	1.66811e+01
110	0	71	0	2	3	4.68586e-03	-6.35226e-01	1.78786e+01
110	0	72	0	2	3	4.63849e-03	-6.24162e-01	1.67346e+01
110	0	73	0	2	3	3.91041e-03	-5.67090e-01	1.58085e+01
110	0	74	0	2	3	4.35190e-03	-6.03770e-01	1.63928e+01
110	0	75	0	2	3	3.54283e-03	-5.23459e-01	1.50759e+01
110	0	76	0	2	3	2.15164e-03	-4.59078e-01	1.43143e+01
110	0	77	0	2	3	4.57039e-03	-6.04715e-01	1.70207e+01
110	0	78	0	2	3	3.44096e-03	-5.49936e-01	1.60605e+01
110	0	79	0	2	3	3.99290e-03	-5.77050e-01	1.63899e+01
110	0	80	0	2	3	3.33307e-03	-5.25561e-01	1.52137e+01
110	0	81	0	2	3	5.48150e-03	-6.66950e-01	1.77588e+01
110	0	82	0	2	3	3.59485e-03	-5.33580e-01	1.56106e+01
110	0	83	0	2	3	5.97308e-03	-7.08112e-01	1.83624e+01
110	0	84	0	2	3	5.79532e-03	-7.15700e-01	1.93473e+01
110	0	85	0	2	3	2.86355e-03	-4.93375e-01	1.52980e+01
110	0	86	0	2	3	4.61164e-03	-6.27007e-01	1.72809e+01
110	0	87	0	2	3	5.30371e-03	-6.72789e-01	1.86967e+01
110	0	88	0	2	3	3.65308e-03	-5.45938e-01	1.53648e+01
110	0	89	0	2	3	5.34958e-03	-6.71884e-01	1.80723e+01
110	0	90	0	2	3	4.32930e-03	-5.99233e-01	1.64850e+01
110	0	91	0	2	3	4.85455e-03	-6.46427e-01	1.72245e+01
110	0	92	0	2	3	4.13178e-03	-5.90502e-01	1.71295e+01
110	0	93	0	2	3	3.27637e-03	-5.09324e-01	1.46609e+01
110	0	94	0	2	3	3.26769e-03	-5.32508e-01	1.61221e+01
110	0	95	0	2	3	4.60710e-03	-6.23726e-01	1.75767e+01
110	0	96	0	2	3	4.12898e-03	-5.79633e-01	1.65375e+01
110	0	97	0	2	3	2.74324e-03	-4.80003e-01	1.51076e+01
110	0	98	0	2	3	3.39612e-03	-5.72502e-01	1.72838e+01
110	0	99	0	2	3	4.93423e-03	-6.39161e-01	1.66507e+01
110	0	100	0	2	3	2.67439e-03	-4.67925e-01	1.40479e+01
110	0	101	0	2	3	2.05684e-03	-4.29844e-01	1.41716e+01
110	0	102	0	2	3	3.67985e-03	-5.87320e-01	1.71433e+01
110	0	103	0	2	3	-4.97842e-03	6.37467e-02	5.22491e+00
110	0	104	0	2	3	6.08813e-03	-7.36810e-01	1.93370e+01
110	0	105	0	2	3	1.00838e-03	-3.67268e-01	1.26952e+01
110	0	106	0	2	3	4.15242e-03	-5.96710e-01	1.67730e+01
110	0	107	0	2	3	8.25887e-03	-8.68340e-01	2.07480e+01
110	0	108	0	2	3	4.02826e-03	-5.77536e-01	1.60953e+01
110	0	109	0	2	3	2.74678e-03	-4.93396e-01	1.48445e+01
110	0	110	0	2	3	2.19380e-04	-3.12108e-01	1.15519e+01
110	0	111	0	2	3	9.81584e-04	-3.69164e-01	1.27182e+01
110	0	112	0	2	3	7.44776e-03	-7.82552e-01	1.89057e+01
110	0	113	0	2	3	2.81666e-03	-5.00475e-01	1.51528e+01
110	0	114	0	2	3	4.55534e-03	-6.12844e-01	1.76971e+01
110	0	115	0	2	3	-2.33357e-03	-1.04384e-01	7.61517e+00
110	0	116	0	2	3	-1.96784e-04	-2.79439e-01	1.16249e+01
110	0	117	0	2	3	3.48633e-03	-5.34426e-01	1.61570e+01
110	0	118	0	2	3	5.27570e-03	-6.79846e-01	1.84936e+01
110	0	119	0	2	3	4.82920e-03	-6.38717e-01	1.66042e+01
110	0	120	0	2	3	9.96113e-04	-3.49956e-01	1.25106e+01
110	0	121	0	2	3	5.21920e-03	-6.40689e-01	1.56104e+01
110	0	122	0	2	3	-4.39037e-03	7.33158e-02	4.56170e+00
110	0	123	0	2	3	6.79394e-03	-7.76491e-01	1.99746e+01
110	0	124	0	2	3	3.91910e-03	-6.07063e-01	1.78946e+01
110	0	125	0	2	3	1.46928e-02	-1.24434e+00	2.44018e+01
110	0	126	0	2	3	2.84544e-03	-5.13550e-01	1.52102e+01
110	0	127	0	2	3	7.03980e-03	-8.15755e-01	1.99802e+01
110	0	128	0	2	3	1.95544e-03	-4.42498e-01	1.45537e+01
110	0	129	0	2	3	6.65301e-03	-7.61850e-01	1.97108e+01
110	0	130	0	2	3	1.59212e-03	-4.42583e-01	1.51485e+01
110	0	131	0	2	3	-5.85201e-03	1.44629e-01	3.60062e+00
110	0	132	0	2	3	9.38747e-04	-3.57187e-01	1.31085e+01
110	0	133	0	2	3	-3.62296e-03	-6.26655e-02	8.40281e+00
110	0	134	0	2	3	2.74501e-03	-5.05963e-01	1.55404e+01
110	0	135	0	2	3	-1.37859e-02	6.16990e-01	-2.09558e+00
110	0	136	0	2	3	-5.10301e-03	6.47564e-02	5.86847e+00
110	0	137	0	2	3	1.77701e-03	-4.27797e-01	1.45236e+01
110	0	138	0	2	3	5.55932e-03	-6.60246e-01	1.74830e+01
110	0	139	0	2	3	-3.02774e-04	-3.14114e-01	1.28492e+01
110	0	140	0	2	3	7.31161e-03	-8.69074e-01	2.34975e+01
110	0	141	0	2	3	2.69977e-03	-5.15362e-01	1.53435e+01
110	0	142	0	2	3	2.79535e-03	-4.95882e-01	1.50614e+01
110	0	143	0	2	3	-1.74889e-03	-2.39868e-01	1.19526e+01
110	0	144	0	2	3	1.16929e-03	-3.70886e-01	1.26482e+01
110	0	145	0	2	3	-3.51439e-03	-4.12961e-02	7.46460e+00
110	0	146	0	2	3	4.52117e-03	-6.54454e-01	1.96540e+01
110	0	147	0	2	3	2.84467e-03	-4.75446e-01	1.35226e+01
110	0	148	0	2	3	-7.75722e-03	1.93163e-01	5.00995e+00
110	0	149	0	2	3	2.48053e-03	-4.94689e-01	1.48154e+01
110	0	150	0	2	3	-7.61884e-03	2.52124e-01	2.52616e+00
110	0	151	0	2	3	5.36184e-03	-6.57447e-01	1.76384e+01
110	0	152	0	2	3	-3.56066e-03	-1.02264e-01	9.94648e+00
110	0	153	0	2	3	-3.81252e-03	-6.36448e-02	8.66258e+00
110	0	154	0	2	3	4.36446e-03	-5.97131e-01	1.60068e+01
110	0	155	0	2	3	3.51564e-03	-6.26697e-01	1.85937e+01
110	0	156	0	2	3	1.76487e-03	-4.00927e-01	1.32964e+01
110	0	157	0	2	3	-1.12546e-02	5.28705e-01	-2.51669e+00
110	0	158	0	2	3	-5.03831e-02	3.01257e+00	-3.97020e+01
110	0	159	0	2	3	-2.94270e-02	1.49650e+00	-1.49074e+01
#######################################################################
# BFT D                                                               #
#######################################################################
110	1	0	0	2	3	-8.42635e-03	6.05033e-01	-8.61137e+00
110	1	1	0	2	3	8.53648e-04	-1.58236e-01	5.94655e+00
110	1	2	0	2	3	-2.30840e-02	9.57635e-01	-2.57325e+00
110	1	3	0	2	3	7.81596e-03	-7.00909e-01	1.62488e+01
110	1	4	0	2	3	4.09433e-04	-3.91182e-01	1.48058e+01
110	1	5	0	2	3	1.01699e-02	-8.59092e-01	2.03891e+01
110	1	6	0	2	3	4.05703e-03	-3.78232e-01	9.19726e+00
110	1	7	0	2	3	5.51283e-03	-6.13000e-01	1.53182e+01
110	1	8	0	2	3	5.81043e-03	-6.50275e-01	1.59708e+01
110	1	9	0	2	3	-1.90597e-02	1.10562e+00	-1.08939e+01
110	1	10	0	2	3	1.14643e-02	-1.01275e+00	2.28277e+01
110	1	11	0	2	3	3.19722e-03	-5.48032e-01	1.75266e+01
110	1	12	0	2	3	9.55549e-03	-1.01880e+00	2.44201e+01
110	1	13	0	2	3	-1.43595e-02	6.88998e-01	-4.31385e+00
110	1	14	0	2	3	9.73790e-04	-3.62181e-01	1.30493e+01
110	1	15	0	2	3	-9.80577e-03	3.88736e-01	9.80126e-01
110	1	16	0	2	3	3.79110e-03	-5.41307e-01	1.50928e+01
110	1	17	0	2	3	1.27962e-03	-4.04229e-01	1.43903e+01
110	1	18	0	2	3	1.09085e-02	-1.04689e+00	2.40979e+01
110	1	19	0	2	3	6.30301e-03	-6.86013e-01	1.79380e+01
110	1	20	0	2	3	2.20521e-03	-4.46670e-01	1.39877e+01
110	1	21	0	2	3	-1.18687e-02	6.27291e-01	-5.39153e+00
110	1	22	0	2	3	1.34275e-03	-4.04129e-01	1.34814e+01
110	1	23	0	2	3	2.55810e-03	-4.68725e-01	1.43495e+01
110	1	24	0	2	3	6.16698e-03	-7.51527e-01	2.04843e+01
110	1	25	0	2	3	3.68844e-03	-5.76496e-01	1.71189e+01
110	1	26	0	2	3	4.38108e-03	-6.10956e-01	1.75669e+01
110	1	27	0	2	3	4.87713e-03	-6.13108e-01	1.73996e+01
110	1	28	0	2	3	7.48264e-04	-3.59703e-01	1.24262e+01
110	1	29	0	2	3	2.09179e-03	-4.31872e-01	1.39975e+01
110	1	30	0	2	3	4.91140e-03	-6.87675e-01	1.89933e+01
110	1	31	0	2	3	4.52426e-03	-6.22118e-01	1.77245e+01
110	1	32	0	2	3	5.35114e-03	-6.60267e-01	1.86109e+01
110	1	33	0	2	3	2.18848e-03	-4.71635e-01	1.42263e+01
110	1	34	0	2	3	2.98527e-03	-4.99417e-01	1.43573e+01
110	1	35	0	2	3	-7.69400e-03	3.49496e-01	-5.57139e-01
110	1	36	0	2	3	1.75423e-03	-3.98663e-01	1.25729e+01
110	1	37	0	2	3	3.18621e-03	-5.15555e-01	1.48321e+01
110	1	38	0	2	3	9.06820e-04	-3.58359e-01	1.23280e+01
110	1	39	0	2	3	4.65769e-03	-6.01004e-01	1.68943e+01
110	1	40	0	2	3	3.78354e-03	-5.63236e-01	1.56894e+01
110	1	41	0	2	3	5.80047e-03	-7.09111e-01	1.87569e+01
110	1	42	0	2	3	2.88701e-03	-4.84273e-01	1.35094e+01
110	1	43	0	2	3	5.03867e-03	-6.60926e-01	1.88100e+01
110	1	44	0	2	3	5.96326e-03	-7.22246e-01	1.95374e+01
110	1	45	0	2	3	4.73896e-03	-6.32233e-01	1.75513e+01
110	1	46	0	2	3	3.49098e-03	-5.57593e-01	1.60274e+01
110	1	47	0	2	3	9.14473e-04	-3.74170e-01	1.39786e+01
110	1	48	0	2	3	4.39988e-03	-5.96459e-01	1.68095e+01
110	1	49	0	2	3	3.77229e-03	-5.43052e-01	1.58806e+01
110	1	50	0	2	3	4.48445e-03	-6.12533e-01	1.62747e+01
110	1	51	0	2	3	2.73226e-03	-4.99977e-01	1.64946e+01
110	1	52	0	2	3	2.62717e-03	-5.03442e-01	1.49718e+01
110	1	53	0	2	3	4.12171e-03	-5.85434e-01	1.69674e+01
110	1	54	0	2	3	4.10100e-03	-5.90789e-01	1.70843e+01
110	1	55	0	2	3	1.88566e-03	-4.18597e-01	1.36765e+01
110	1	56	0	2	3	3.98071e-03	-6.00234e-01	1.76633e+01
110	1	57	0	2	3	3.42750e-03	-5.29444e-01	1.63976e+01
110	1	58	0	2	3	3.48051e-03	-5.41220e-01	1.70230e+01
110	1	59	0	2	3	4.72389e-03	-6.74074e-01	2.01540e+01
110	1	60	0	2	3	4.21188e-03	-5.98726e-01	1.71874e+01
110	1	61	0	2	3	1.69156e-03	-4.02191e-01	1.38071e+01
110	1	62	0	2	3	5.42391e-03	-6.88973e-01	1.78732e+01
110	1	63	0	2	3	1.65724e-03	-4.11260e-01	1.38216e+01
110	1	64	0	2	3	1.27861e-03	-3.96462e-01	1.41641e+01
110	1	65	0	2	3	3.32550e-03	-5.36530e-01	1.54347e+01
110	1	66	0	2	3	5.65704e-03	-6.91229e-01	1.76097e+01
110	1	67	0	2	3	4.62967e-03	-6.07758e-01	1.63374e+01
110	1	68	0	2	3	3.10723e-03	-5.22845e-01	1.48517e+01
110	1	69	0	2	3	1.87636e-03	-4.42697e-01	1.40723e+01
110	1	70	0	2	3	4.81576e-03	-6.47528e-01	1.83466e+01
110	1	71	0	2	3	3.22467e-03	-5.36737e-01	1.58492e+01
110	1	72	0	2	3	4.80285e-03	-6.47738e-01	1.79761e+01
110	1	73	0	2	3	2.76787e-03	-4.94808e-01	1.53800e+01
110	1	74	0	2	3	2.83007e-03	-4.99477e-01	1.43658e+01
110	1	75	0	2	3	4.70670e-03	-6.26683e-01	1.65505e+01
110	1	76	0	2	3	3.26411e-03	-5.18005e-01	1.51260e+01
110	1	77	0	2	3	4.21459e-03	-6.01283e-01	1.73403e+01
110	1	78	0	2	3	3.75897e-03	-5.64617e-01	1.54156e+01
110	1	79	0	2	3	5.13041e-03	-6.54013e-01	1.69339e+01
110	1	80	0	2	3	4.23538e-03	-5.89423e-01	1.63081e+01
110	1	81	0	2	3	3.40382e-03	-5.22326e-01	1.48257e+01
110	1	82	0	2	3	3.94719e-03	-5.89511e-01	1.77035e+01
110	1	83	0	2	3	1.73119e-03	-4.05629e-01	1.23589e+01
110	1	84	0	2	3	2.52012e-03	-4.49502e-01	1.32027e+01
110	1	85	0	2	3	5.07501e-03	-6.39825e-01	1.71830e+01
110	1	86	0	2	3	4.96536e-03	-6.32288e-01	1.66154e+01
110	1	87	0	2	3	3.66828e-03	-5.40979e-01	1.33293e+01
110	1	88	0	2	3	-5.95879e-04	-2.41234e-01	1.06741e+01
110	1	89	0	2	3	5.19912e-03	-6.61627e-01	1.73753e+01
110	1	90	0	2	3	-1.10207e-03	-2.19370e-01	9.66755e+00
110	1	91	0	2	3	6.40454e-03	-7.30346e-01	1.82855e+01
110	1	92	0	2	3	1.41248e-03	-3.96030e-01	1.32953e+01
110	1	93	0	2	3	3.64009e-03	-5.57744e-01	1.63373e+01
110	1	94	0	2	3	2.58456e-03	-4.84544e-01	1.45727e+01
110	1	95	0	2	3	3.36654e-03	-5.37530e-01	1.55653e+01
110	1	96	0	2	3	3.46690e-03	-5.08819e-01	1.41871e+01
110	1	97	0	2	3	5.56666e-03	-6.82631e-01	1.76835e+01
110	1	98	0	2	3	4.24973e-03	-6.36086e-01	1.79688e+01
110	1	99	0	2	3	3.45302e-03	-5.32307e-01	1.53825e+01
110	1	100	0	2	3	4.01907e-03	-5.68528e-01	1.63874e+01
110	1	101	0	2	3	2.38703e-03	-4.54707e-01	1.35649e+01
110	1	102	0	2	3	2.87148e-03	-4.99357e-01	1.51184e+01
110	1	103	0	2	3	4.25600e-03	-5.94303e-01	1.65268e+01
110	1	104	0	2	3	2.58115e-03	-4.89819e-01	1.53499e+01
110	1	105	0	2	3	2.44651e-03	-4.68241e-01	1.37995e+01
110	1	106	0	2	3	4.73665e-03	-6.45916e-01	1.77144e+01
110	1	107	0	2	3	3.60591e-03	-5.56010e-01	1.51826e+01
110	1	108	0	2	3	3.12770e-03	-4.89082e-01	1.41596e+01
110	1	109	0	2	3	6.54873e-03	-7.67765e-01	1.97244e+01
110	1	110	0	2	3	-1.31796e-04	-2.80799e-01	1.12286e+01
110	1	111	0	2	3	2.25308e-03	-4.29717e-01	1.35196e+01
110	1	112	0	2	3	5.90395e-03	-7.23247e-01	1.90991e+01
110	1	113	0	2	3	8.52825e-03	-9.20284e-01	2.31707e+01
110	1	114	0	2	3	6.60230e-03	-7.55870e-01	1.90650e+01
110	1	115	0	2	3	2.95197e-03	-4.93333e-01	1.48655e+01
110	1	116	0	2	3	9.50045e-03	-9.96557e-01	2.43860e+01
110	1	117	0	2	3	2.68554e-03	-4.90569e-01	1.44374e+01
110	1	118	0	2	3	4.70354e-03	-6.01201e-01	1.46146e+01
110	1	119	0	2	3	1.58956e-03	-3.84732e-01	1.21038e+01
110	1	120	0	2	3	6.89149e-03	-7.93947e-01	2.03249e+01
110	1	121	0	2	3	2.76618e-03	-4.74557e-01	1.45300e+01
110	1	122	0	2	3	3.72424e-03	-5.55135e-01	1.70704e+01
110	1	123	0	2	3	-7.99370e-03	3.28840e-01	1.88804e-02
110	1	124	0	2	3	4.75394e-03	-6.01012e-01	1.60066e+01
110	1	125	0	2	3	1.93165e-03	-4.00077e-01	1.31026e+01
110	1	126	0	2	3	4.87273e-03	-6.61904e-01	1.77043e+01
110	1	127	0	2	3	1.00140e-02	-1.01105e+00	2.44700e+01
110	1	128	0	2	3	-4.37401e-03	2.21062e-02	6.53494e+00
110	1	129	0	2	3	8.46112e-03	-9.15770e-01	2.32977e+01
110	1	130	0	2	3	3.41778e-03	-5.61965e-01	1.62220e+01
110	1	131	0	2	3	7.33754e-03	-8.30136e-01	2.05763e+01
110	1	132	0	2	3	1.53600e-03	-4.07833e-01	1.43810e+01
110	1	133	0	2	3	3.41014e-03	-5.46515e-01	1.61372e+01
110	1	134	0	2	3	5.34725e-03	-6.71911e-01	1.78784e+01
110	1	135	0	2	3	3.52117e-03	-5.53687e-01	1.57760e+01
110	1	136	0	2	3	4.80540e-03	-6.74933e-01	1.99359e+01
110	1	137	0	2	3	3.11445e-03	-4.97648e-01	1.49341e+01
110	1	138	0	2	3	6.95309e-03	-8.44127e-01	2.23376e+01
110	1	139	0	2	3	1.70188e-03	-4.77909e-01	1.54858e+01
110	1	140	0	2	3	8.08366e-03	-9.33841e-01	2.38783e+01
110	1	141	0	2	3	-2.03456e-03	-1.31146e-01	8.22996e+00
110	1	142	0	2	3	8.27937e-03	-8.52119e-01	2.01965e+01
110	1	143	0	2	3	7.00094e-03	-8.20074e-01	2.19156e+01
110	1	144	0	2	3	9.63684e-03	-9.85610e-01	2.46852e+01
110	1	145	0	2	3	7.62494e-03	-8.10808e-01	2.01477e+01
110	1	146	0	2	3	6.33546e-03	-7.85419e-01	2.07995e+01
110	1	147	0	2	3	2.05579e-03	-4.45459e-01	1.36660e+01
110	1	148	0	2	3	5.76262e-03	-7.09563e-01	1.83046e+01
110	1	149	0	2	3	7.40327e-03	-8.25315e-01	2.05317e+01
110	1	150	0	2	3	3.81242e-03	-6.03102e-01	1.72603e+01
110	1	151	0	2	3	-3.98959e-04	-3.06405e-01	1.24634e+01
110	1	152	0	2	3	4.45453e-03	-5.92019e-01	1.63330e+01
110	1	153	0	2	3	8.10138e-04	-3.37394e-01	1.32103e+01
110	1	154	0	2	3	1.15207e-02	-1.12241e+00	2.56033e+01
110	1	155	0	2	3	-6.10422e-03	1.96089e-01	1.24525e+00
110	1	156	0	2	3	1.72528e-02	-1.36317e+00	2.82881e+01
110	1	157	0	2	3	-1.18462e-02	2.41453e-01	5.59266e+00
110	1	158	0	2	3	-7.02139e-03	1.64016e-01	4.55686e+00
110	1	159	0	2	3	-2.52156e-02	1.22301e+00	-8.70604e+00
