##
#  file: HodoPHCParam_Dummy
#  date: 2016.06.15
#  note: first version
#
#
#######################################################################
# CId	PlId	Seg	UorD	Type	nParam	p0	p1	...
#
#	Type=0 no correction will be performed
#	Type=1 ct=t-p[0]/sqrt(a-p[1])+p[2]
#	Type=2 ct=p[0]*a*a + p[1]*a + p[2] for Fiber
#
#######################################################################
# BH1 Up                                                              #
#######################################################################
1	0	0	0	1	3	-1.10761e+00	-1.71131e-01	-1.05976e+00
1	0	1	0	1	3	-1.70176e+00	-5.14644e-01	-1.40549e+00
1	0	2	0	1	3	-4.63428e+02	-6.54500e+01	-5.68375e+01
1	0	3	0	1	3	-1.16112e+00	-7.15738e-02	-1.12042e+00
1	0	4	0	1	3	-3.63242e+02	-5.76125e+01	-4.74403e+01
1	0	5	0	1	3	-5.44410e+02	-6.28494e+01	-6.81280e+01
1	0	6	0	1	3	-2.96010e+02	-4.55759e+01	-4.33615e+01
1	0	7	0	1	3	-5.12439e+02	-6.30192e+01	-6.40095e+01
1	0	8	0	1	3	-2.47670e+02	-4.86957e+01	-3.50841e+01
1	0	9	0	1	3	-5.65249e+02	-7.28112e+01	-6.57462e+01
1	0	10	0	1	3	-4.83150e+02	-6.81475e+01	-5.80385e+01
#######################################################################
# BH1 Down                                                            #
#######################################################################
1	0	0	1	1	3	-8.19441e-01	4.45829e-02	-8.70189e-01
1	0	1	1	1	3	-3.21209e+00	-1.28957e+00	-2.15116e+00
1	0	2	1	1	3	-3.12951e+00	-1.46797e+00	-1.96490e+00
1	0	3	1	1	3	-3.98931e+02	-7.20977e+01	-4.66449e+01
1	0	4	1	1	3	-5.06864e+02	-6.81008e+01	-6.09394e+01
1	0	5	1	1	3	-9.35126e+02	-9.05748e+01	-9.77038e+01
1	0	6	1	1	3	-4.56980e+02	-6.22978e+01	-5.74188e+01
1	0	7	1	1	3	-7.64149e+02	-8.07861e+01	-8.44663e+01
1	0	8	1	1	3	-2.23917e+01	-9.10490e+00	-7.01283e+00
1	0	9	1	1	3	-7.20191e+02	-8.52655e+01	-7.75001e+01
1	0	10	1	1	3	-4.56150e+02	-6.75606e+01	-5.50156e+01
#######################################################################
# BH2 Up                                                              #
#######################################################################
2	0	0	0	1	3	-1.01932e+00	-3.10942e-01	-9.41672e-01
2	0	1	0	1	3	-9.92103e-01	-1.77994e-01	-9.50250e-01
2	0	2	0	1	3	-7.81692e-01	-3.01217e-02	-8.13006e-01
2	0	3	0	1	3	-7.51043e+00	-3.88900e+00	-3.41970e+00
2	0	4	0	1	3	-9.05623e-01	-1.35908e-01	-8.91336e-01
2	0	5	0	1	3	-6.78968e-01	2.58693e-02	-6.85425e-01
2	0	6	0	1	3	-1.91856e+02	-4.47420e+01	-2.83279e+01
2	0	7	0	1	3	-1.23832e+00	-5.27224e-01	-9.61493e-01
#######################################################################
# BH2 Down                                                            #
#######################################################################
2	0	0	1	1	3	-1.01932e+00	-3.10942e-01	-9.41672e-01
2	0	1	1	1	3	-9.92103e-01	-1.77994e-01	-9.50250e-01
2	0	2	1	1	3	-7.81692e-01	-3.01217e-02	-8.13006e-01
2	0	3	1	1	3	-7.51043e+00	-3.88900e+00	-3.41970e+00
2	0	4	1	1	3	-9.05623e-01	-1.35908e-01	-8.91336e-01
2	0	5	1	1	3	-6.78968e-01	2.58693e-02	-6.85425e-01
2	0	6	1	1	3	-1.91856e+02	-4.47420e+01	-2.83279e+01
2	0	7	1	1	3	-1.23832e+00	-5.27224e-01	-9.61493e-01
#######################################################################
# BAC                                                                 #
#######################################################################
3	0	0	0	1	3	0.00000e+00	0.00000e+00	0.00000e+00
3	0	1	0	1	3	0.00000e+00	0.00000e+00	0.00000e+00
#######################################################################
# FBH Up                                                              #
#######################################################################
4	0	0	0	2	3	-5.62952e-03	8.96903e-01	-3.53273e+01
4	0	1	0	2	3	-4.29399e-03	7.37975e-01	-3.00049e+01
4	0	2	0	2	3	-5.26894e-03	8.67305e-01	-3.38992e+01
4	0	3	0	2	3	-3.80183e-03	6.69237e-01	-2.72260e+01
4	0	4	0	2	3	-4.35014e-03	7.35785e-01	-2.92008e+01
4	0	5	0	2	3	-4.02541e-03	6.86907e-01	-2.70312e+01
4	0	6	0	2	3	-4.16660e-03	7.08229e-01	-2.81512e+01
4	0	7	0	2	3	-3.93117e-03	6.84759e-01	-2.69101e+01
4	0	8	0	2	3	-4.14423e-03	6.96902e-01	-2.65883e+01
4	0	9	0	2	3	-2.83372e-03	5.62925e-01	-2.20787e+01
4	0	10	0	2	3	-4.07944e-03	7.09420e-01	-2.75603e+01
4	0	11	0	2	3	-3.50961e-03	6.50113e-01	-2.64167e+01
4	0	12	0	2	3	-3.52415e-03	6.49734e-01	-2.67232e+01
4	0	13	0	2	3	-4.13420e-03	7.26957e-01	-2.99675e+01
4	0	14	0	2	3	-4.90315e-03	8.27563e-01	-3.35630e+01
4	0	15	0	2	3	-4.73048e-03	8.13189e-01	-3.31901e+01
#######################################################################
# FBH Down                                                            #
#######################################################################
4	0	0	1	2	3	-5.62952e-03	8.96903e-01	-3.53273e+01
4	0	1	1	2	3	-4.29399e-03	7.37975e-01	-3.00049e+01
4	0	2	1	2	3	-5.26894e-03	8.67305e-01	-3.38992e+01
4	0	3	1	2	3	-3.80183e-03	6.69237e-01	-2.72260e+01
4	0	4	1	2	3	-4.35014e-03	7.35785e-01	-2.92008e+01
4	0	5	1	2	3	-4.02541e-03	6.86907e-01	-2.70312e+01
4	0	6	1	2	3	-4.16660e-03	7.08229e-01	-2.81512e+01
4	0	7	1	2	3	-3.93117e-03	6.84759e-01	-2.69101e+01
4	0	8	1	2	3	-4.14423e-03	6.96902e-01	-2.65883e+01
4	0	9	1	2	3	-2.83372e-03	5.62925e-01	-2.20787e+01
4	0	10	1	2	3	-4.07944e-03	7.09420e-01	-2.75603e+01
4	0	11	1	2	3	-3.50961e-03	6.50113e-01	-2.64167e+01
4	0	12	1	2	3	-3.52415e-03	6.49734e-01	-2.67232e+01
4	0	13	1	2	3	-4.13420e-03	7.26957e-01	-2.99675e+01
4	0	14	1	2	3	-4.90315e-03	8.27563e-01	-3.35630e+01
4	0	15	1	2	3	-4.73048e-03	8.13189e-01	-3.31901e+01
#######################################################################
# PVAC                                                                #
#######################################################################
5	0	0	0	1	3	0.00000e+00	0.00000e+00	0.00000e+00
#######################################################################
# FAC                                                                 #
#######################################################################
6	0	0	0	1	3	0.00000e+00	0.00000e+00	0.00000e+00
#######################################################################
# SCH                                                                 #
#######################################################################
#7	0	0	0	2	3	-0.00500000	0.821213	-32.185321
#7	0	1	0	2	3	-0.00500000	0.830248	-32.269563
#7	0	2	0	2	3	-0.00500000	0.793073	-29.315934
#7	0	3	0	2	3	-0.00500000	0.772144	-28.276705
#7	0	4	0	2	3	-0.00500000	0.801968	-30.687167
#7	0	5	0	2	3	-0.00500000	0.778300	-28.439251
#7	0	6	0	2	3	-0.00500000	0.765872	-27.918181
#7	0	7	0	2	3	-0.00500000	0.738459	-26.016797
#7	0	8	0	2	3	-0.00500000	0.778318	-28.676371
#7	0	9	0	2	3	-0.00500000	0.776670	-28.892887
#7	0	10	0	2	3	-0.00500000	0.764278	-28.122474
#7	0	11	0	2	3	-0.00500000	0.790742	-29.423647
#7	0	12	0	2	3	-0.00500000	0.811330	-30.487019
#7	0	13	0	2	3	-0.00500000	0.818750	-30.891512
#7	0	14	0	2	3	-0.00500000	0.802541	-30.009136
#7	0	15	0	2	3	-0.00500000	0.809525	-30.751746
#7	0	16	0	2	3	-0.00500000	0.802597	-30.845509
#7	0	17	0	2	3	-0.00500000	0.835028	-32.780792
#7	0	18	0	2	3	-0.00500000	0.859176	-33.938731
#7	0	19	0	2	3	-0.00500000	0.814851	-31.445396
#7	0	20	0	2	3	-0.00500000	0.809426	-30.781087
#7	0	21	0	2	3	-0.00500000	0.780678	-28.888756
#7	0	22	0	2	3	-0.00500000	0.808206	-30.719604
#7	0	23	0	2	3	-0.00500000	0.774024	-27.858339
#7	0	24	0	2	3	-0.00500000	0.794308	-29.022101
#7	0	25	0	2	3	-0.00500000	0.775649	-27.980186
#7	0	26	0	2	3	-0.00500000	0.788483	-28.687567
#7	0	27	0	2	3	-0.00466315	0.771386	-29.253260
#7	0	28	0	2	3	-0.00483132	0.790854	-28.637741
#7	0	29	0	2	3	-0.00497049	0.812994	-30.786914
#7	0	30	0	2	3	-0.00500000	0.787793	-28.362716
#7	0	31	0	2	3	-0.00500000	0.790759	-28.876812
#7	0	32	0	2	3	-0.00500000	0.824826	-31.655285
#7	0	33	0	2	3	-0.00500000	0.845304	-33.407765
#7	0	34	0	2	3	-0.00500000	0.832263	-32.939799
#7	0	35	0	2	3	-0.00500000	0.820631	-31.695372
#7	0	36	0	2	3	-0.00500000	0.836997	-33.200590
#7	0	37	0	2	3	-0.00500000	0.819690	-32.097193
#7	0	38	0	2	3	-0.00500000	0.808109	-31.263214
#7	0	39	0	2	3	-0.00500000	0.815224	-31.135523
#7	0	40	0	2	3	-0.00500000	0.803398	-29.897923
#7	0	41	0	2	3	-0.00500000	0.815685	-31.165519
#7	0	42	0	2	3	-0.00500000	0.812980	-30.737261
#7	0	43	0	2	3	-0.00500000	0.829418	-32.693307
#7	0	44	0	2	3	-0.00500000	0.789530	-29.464920
#7	0	45	0	2	3	-0.00500000	0.804789	-31.208151
#7	0	46	0	2	3	-0.00500000	0.830106	-32.806514
#7	0	47	0	2	3	-0.00500000	0.819206	-31.373242
#7	0	48	0	2	3	-0.00500000	0.816165	-31.709319
#7	0	49	0	2	3	-0.00500000	0.798496	-30.201709
#7	0	50	0	2	3	-0.00500000	0.812167	-31.795745
#7	0	51	0	2	3	-0.00500000	0.810749	-31.375226
#7	0	52	0	2	3	-0.00500000	0.803385	-31.372512
#7	0	53	0	2	3	-0.00500000	0.777405	-29.262831
#7	0	54	0	2	3	-0.00500000	0.783954	-29.763410
#7	0	55	0	2	3	-0.00500000	0.789443	-29.976449
#7	0	56	0	2	3	-0.00500000	0.838828	-33.261086
#7	0	57	0	2	3	-0.00500000	0.804421	-30.573195
#7	0	58	0	2	3	-0.00500000	0.773283	-29.111048
#7	0	59	0	2	3	-0.00500000	0.811789	-31.449459
#7	0	60	0	2	3	-0.00500000	0.759724	-28.110014
#7	0	61	0	2	3	-0.00500000	0.810884	-31.379063
#7	0	62	0	2	3	-0.00500000	0.771910	-28.435006
#7	0	63	0	2	3	-0.00500000	0.796658	-30.511906
#######################################################################
# TOF Up                                                              #
#######################################################################
7	0	0	0	1	3	5.24830e+00	-1.96630e+00	2.96170e+00
7	0	1	0	1	3	5.24830e+00	-1.96630e+00	2.96170e+00
7	0	2	0	1	3	5.24830e+00	-1.96630e+00	2.96170e+00
7	0	3	0	1	3	5.24830e+00	-1.96630e+00	2.96170e+00
7	0	4	0	1	3	5.24830e+00	-1.96630e+00	2.96170e+00
7	0	5	0	1	3	5.24830e+00	-1.96630e+00	2.96170e+00
7	0	6	0	1	3	6.97090e+00	-3.03520e+00	3.39910e+00
7	0	7	0	1	3	4.05450e+00	-1.96150e+00	2.30360e+00
7	0	8	0	1	3	1.16940e+02	-2.98600e+01	2.09880e+01
7	0	9	0	1	3	5.24830e+00	-1.96630e+00	2.96170e+00
7	0	10	0	1	3	5.24830e+00	-1.96630e+00	2.96170e+00
7	0	11	0	1	3	5.24830e+00	-1.96630e+00	2.96170e+00
7	0	12	0	1	3	5.24830e+00	-1.96630e+00	2.96170e+00
7	0	13	0	1	3	5.24830e+00	-1.96630e+00	2.96170e+00
7	0	14	0	1	3	5.24830e+00	-1.96630e+00	2.96170e+00
7	0	15	0	1	3	5.24830e+00	-1.96630e+00	2.96170e+00
7	0	16	0	1	3	5.24830e+00	-1.96630e+00	2.96170e+00
7	0	17	0	1	3	5.24830e+00	-1.96630e+00	2.96170e+00
7	0	18	0	1	3	5.24830e+00	-1.96630e+00	2.96170e+00
7	0	19	0	1	3	7.11491e-01	1.85180e-03	5.82402e-01
7	0	20	0	1	3	5.59404e-01	-1.73810e-03	4.50716e-01
7	0	21	0	1	3	8.92499e-01	1.99900e-03	7.37364e-01
7	0	22	0	1	3	6.37553e-01	1.99960e-03	5.45449e-01
7	0	23	0	1	3	1.19210e+00	1.98920e-03	9.99994e-01
#######################################################################
# TOF Down                                                            #
#######################################################################
7	0	0	1	1	3	5.84300e+00	-2.30730e+00	3.11320e+00
7	0	1	1	1	3	5.84300e+00	-2.30730e+00	3.11320e+00
7	0	2	1	1	3	5.84300e+00	-2.30730e+00	3.11320e+00
7	0	3	1	1	3	5.84300e+00	-2.30730e+00	3.11320e+00
7	0	4	1	1	3	5.84300e+00	-2.30730e+00	3.11320e+00
7	0	5	1	1	3	5.84300e+00	-2.30730e+00	3.11320e+00
7	0	6	1	1	3	1.41330e+01	-5.81170e+00	5.32680e+00
7	0	7	1	1	3	7.84850e+01	-2.02870e+01	1.69500e+01
7	0	8	1	1	3	2.20240e+02	-3.62440e+01	3.60080e+01
7	0	9	1	1	3	5.84300e+00	-2.30730e+00	3.11320e+00
7	0	10	1	1	3	5.84300e+00	-2.30730e+00	3.11320e+00
7	0	11	1	1	3	5.84300e+00	-2.30730e+00	3.11320e+00
7	0	12	1	1	3	5.84300e+00	-2.30730e+00	3.11320e+00
7	0	13	1	1	3	5.84300e+00	-2.30730e+00	3.11320e+00
7	0	14	1	1	3	5.84300e+00	-2.30730e+00	3.11320e+00
7	0	15	1	1	3	5.84300e+00	-2.30730e+00	3.11320e+00
7	0	16	1	1	3	5.84300e+00	-2.30730e+00	3.11320e+00
7	0	17	1	1	3	5.84300e+00	-2.30730e+00	3.11320e+00
7	0	18	1	1	3	5.84300e+00	-2.30730e+00	3.11320e+00
7	0	19	1	1	3	6.18741e-01	1.99860e-03	4.90831e-01
7	0	20	1	1	3	5.75901e-01	1.04210e-03	4.72509e-01
7	0	21	1	1	3	9.41046e-01	1.99890e-03	7.79357e-01
7	0	22	1	1	3	4.84266e-01	-1.95590e-03	3.99786e-01
7	0	23	1	1	3	8.97714e-01	1.99860e-03	7.56300e-01
#######################################################################
# BFT U                                                               #
#######################################################################
110	0	0	0	2	3	5.31024e-03	-5.41719e-01	1.26134e+01
110	0	1	0	2	3	6.38086e-03	-6.54246e-01	1.58640e+01
110	0	2	0	2	3	9.76416e-03	-8.30384e-01	1.70190e+01
110	0	3	0	2	3	6.27093e-03	-6.04429e-01	1.25056e+01
110	0	4	0	2	3	1.74026e-04	-2.91154e-01	9.88536e+00
110	0	5	0	2	3	9.92691e-03	-8.29031e-01	1.71295e+01
110	0	6	0	2	3	1.04103e-02	-9.52493e-01	1.99805e+01
110	0	7	0	2	3	4.67961e-03	-5.28756e-01	1.28376e+01
110	0	8	0	2	3	-3.51630e-03	-6.67563e-02	6.12093e+00
110	0	9	0	2	3	3.06177e-03	-4.22755e-01	1.12375e+01
110	0	10	0	2	3	8.40071e-03	-7.91473e-01	1.65239e+01
110	0	11	0	2	3	8.15815e-03	-7.53165e-01	1.59986e+01
110	0	12	0	2	3	2.81033e-03	-4.43316e-01	1.10464e+01
110	0	13	0	2	3	7.28618e-04	-2.97333e-01	9.52561e+00
110	0	14	0	2	3	5.79639e-03	-6.28164e-01	1.42739e+01
110	0	15	0	2	3	5.00337e-03	-5.66259e-01	1.35245e+01
110	0	16	0	2	3	-6.20643e-04	-2.59758e-01	8.59666e+00
110	0	17	0	2	3	6.66919e-03	-7.06512e-01	1.62941e+01
110	0	18	0	2	3	5.96054e-03	-6.46566e-01	1.42569e+01
110	0	19	0	2	3	4.31704e-03	-5.27305e-01	1.17873e+01
110	0	20	0	2	3	2.76789e-03	-4.50063e-01	1.16524e+01
110	0	21	0	2	3	5.64372e-03	-6.36918e-01	1.54064e+01
110	0	22	0	2	3	3.88261e-03	-5.33654e-01	1.31236e+01
110	0	23	0	2	3	2.42620e-03	-4.02948e-01	1.09046e+01
110	0	24	0	2	3	3.67027e-03	-4.76855e-01	1.16581e+01
110	0	25	0	2	3	9.24266e-03	-8.28280e-01	1.73810e+01
110	0	26	0	2	3	8.25634e-03	-7.75729e-01	1.65913e+01
110	0	27	0	2	3	4.33705e-03	-4.94096e-01	1.15336e+01
110	0	28	0	2	3	7.33257e-03	-6.83799e-01	1.35175e+01
110	0	29	0	2	3	6.79922e-03	-6.90696e-01	1.53047e+01
110	0	30	0	2	3	8.56471e-03	-7.91581e-01	1.66494e+01
110	0	31	0	2	3	3.56833e-03	-4.93454e-01	1.26772e+01
110	0	32	0	2	3	1.58820e-03	-3.89493e-01	1.09197e+01
110	0	33	0	2	3	6.40967e-03	-6.34539e-01	1.23363e+01
110	0	34	0	2	3	7.46919e-03	-7.50479e-01	1.63689e+01
110	0	35	0	2	3	6.32766e-03	-6.77757e-01	1.56729e+01
110	0	36	0	2	3	4.71358e-03	-5.42786e-01	1.22448e+01
110	0	37	0	2	3	5.51765e-03	-5.80699e-01	1.37579e+01
110	0	38	0	2	3	6.82932e-03	-6.90067e-01	1.46738e+01
110	0	39	0	2	3	1.04557e-02	-9.14628e-01	1.88514e+01
110	0	40	0	2	3	7.44264e-03	-6.96958e-01	1.40071e+01
110	0	41	0	2	3	6.75266e-03	-6.54802e-01	1.47717e+01
110	0	42	0	2	3	6.16334e-03	-6.48057e-01	1.39627e+01
110	0	43	0	2	3	5.93742e-03	-6.55126e-01	1.56661e+01
110	0	44	0	2	3	2.39527e-03	-4.29077e-01	1.11333e+01
110	0	45	0	2	3	5.92725e-03	-5.94356e-01	1.33826e+01
110	0	46	0	2	3	6.88188e-03	-7.20341e-01	1.60142e+01
110	0	47	0	2	3	1.04354e-02	-9.34305e-01	2.00407e+01
110	0	48	0	2	3	5.84939e-03	-6.27547e-01	1.33190e+01
110	0	49	0	2	3	6.59248e-03	-6.46181e-01	1.46759e+01
110	0	50	0	2	3	2.90585e-03	-4.39122e-01	1.12750e+01
110	0	51	0	2	3	9.83009e-03	-8.68238e-01	1.80127e+01
110	0	52	0	2	3	5.47630e-03	-6.09871e-01	1.36058e+01
110	0	53	0	2	3	2.89382e-03	-4.56719e-01	1.18436e+01
110	0	54	0	2	3	3.09237e-03	-4.76065e-01	1.20290e+01
110	0	55	0	2	3	8.06864e-03	-7.60139e-01	1.63785e+01
110	0	56	0	2	3	8.17204e-03	-7.73618e-01	1.64194e+01
110	0	57	0	2	3	3.14619e-03	-4.49759e-01	1.18024e+01
110	0	58	0	2	3	7.75336e-03	-7.46664e-01	1.61240e+01
110	0	59	0	2	3	6.68113e-03	-7.10852e-01	1.67528e+01
110	0	60	0	2	3	1.29153e-03	-3.67373e-01	9.98160e+00
110	0	61	0	2	3	2.92535e-03	-4.63455e-01	1.23331e+01
110	0	62	0	2	3	3.08643e-03	-4.66392e-01	1.15500e+01
110	0	63	0	2	3	5.03116e-03	-5.69958e-01	1.31163e+01
110	0	64	0	2	3	2.11149e-03	-4.14698e-01	1.11714e+01
110	0	65	0	2	3	2.80061e-03	-4.41491e-01	1.15386e+01
110	0	66	0	2	3	6.49664e-03	-7.02939e-01	1.60871e+01
110	0	67	0	2	3	4.98598e-03	-5.62681e-01	1.30593e+01
110	0	68	0	2	3	5.51236e-03	-6.09865e-01	1.40104e+01
110	0	69	0	2	3	7.82804e-03	-7.39594e-01	1.58588e+01
110	0	70	0	2	3	7.64389e-03	-7.50498e-01	1.59911e+01
110	0	71	0	2	3	3.03456e-03	-4.67213e-01	1.20278e+01
110	0	72	0	2	3	7.64221e-03	-7.38210e-01	1.56048e+01
110	0	73	0	2	3	8.35385e-03	-7.75129e-01	1.62197e+01
110	0	74	0	2	3	6.02278e-03	-6.36252e-01	1.42273e+01
110	0	75	0	2	3	3.55680e-03	-5.06996e-01	1.26486e+01
110	0	76	0	2	3	6.09342e-03	-6.59113e-01	1.46483e+01
110	0	77	0	2	3	2.43580e-03	-4.36757e-01	1.18409e+01
110	0	78	0	2	3	6.77649e-03	-7.15492e-01	1.58710e+01
110	0	79	0	2	3	2.53552e-03	-4.27502e-01	1.10439e+01
110	0	80	0	2	3	6.42134e-03	-6.82145e-01	1.50982e+01
110	0	81	0	2	3	2.54911e-03	-4.32925e-01	1.14438e+01
110	0	82	0	2	3	3.07035e-03	-4.57909e-01	1.17280e+01
110	0	83	0	2	3	6.34648e-03	-6.75610e-01	1.50470e+01
110	0	84	0	2	3	3.01637e-03	-4.76438e-01	1.23943e+01
110	0	85	0	2	3	2.62819e-03	-4.28248e-01	1.13324e+01
110	0	86	0	2	3	6.42110e-03	-6.95704e-01	1.55914e+01
110	0	87	0	2	3	6.50364e-03	-7.02938e-01	1.63777e+01
110	0	88	0	2	3	7.56636e-03	-7.25894e-01	1.54597e+01
110	0	89	0	2	3	4.04499e-03	-5.37108e-01	1.30962e+01
110	0	90	0	2	3	5.65837e-03	-6.38065e-01	1.44819e+01
110	0	91	0	2	3	5.03385e-03	-5.79781e-01	1.34866e+01
110	0	92	0	2	3	3.42574e-03	-5.10531e-01	1.32596e+01
110	0	93	0	2	3	6.10555e-03	-6.56715e-01	1.46547e+01
110	0	94	0	2	3	8.46763e-03	-8.17560e-01	1.79282e+01
110	0	95	0	2	3	3.52484e-03	-5.07569e-01	1.29466e+01
110	0	96	0	2	3	5.85533e-03	-6.61461e-01	1.53475e+01
110	0	97	0	2	3	2.41144e-03	-4.19126e-01	1.13879e+01
110	0	98	0	2	3	4.19124e-03	-5.60726e-01	1.37001e+01
110	0	99	0	2	3	5.96470e-03	-6.24316e-01	1.38101e+01
110	0	100	0	2	3	4.41930e-03	-5.40344e-01	1.31401e+01
110	0	101	0	2	3	2.54261e-03	-4.25261e-01	1.13901e+01
110	0	102	0	2	3	6.50487e-03	-6.95158e-01	1.56332e+01
110	0	103	0	2	3	6.70067e-03	-7.02755e-01	1.57166e+01
110	0	104	0	2	3	2.91054e-03	-4.80142e-01	1.22923e+01
110	0	105	0	2	3	3.66912e-03	-5.12254e-01	1.26680e+01
110	0	106	0	2	3	6.24635e-03	-6.78061e-01	1.53278e+01
110	0	107	0	2	3	5.67690e-03	-6.02281e-01	1.35758e+01
110	0	108	0	2	3	4.91918e-03	-5.79125e-01	1.38027e+01
110	0	109	0	2	3	5.90799e-03	-6.41457e-01	1.44521e+01
110	0	110	0	2	3	7.45920e-03	-7.29180e-01	1.56863e+01
110	0	111	0	2	3	7.83192e-03	-7.61344e-01	1.64894e+01
110	0	112	0	2	3	6.72213e-03	-6.96319e-01	1.51525e+01
110	0	113	0	2	3	4.84252e-03	-5.73557e-01	1.34354e+01
110	0	114	0	2	3	5.56022e-03	-6.04677e-01	1.40554e+01
110	0	115	0	2	3	6.90483e-03	-7.08458e-01	1.55873e+01
110	0	116	0	2	3	3.35237e-03	-5.04075e-01	1.30700e+01
110	0	117	0	2	3	4.64002e-03	-5.44446e-01	1.31291e+01
110	0	118	0	2	3	6.94032e-03	-7.02858e-01	1.56363e+01
110	0	119	0	2	3	7.15981e-03	-6.93937e-01	1.44241e+01
110	0	120	0	2	3	1.76014e-03	-4.03713e-01	1.14429e+01
110	0	121	0	2	3	3.83612e-03	-4.98511e-01	1.15077e+01
110	0	122	0	2	3	3.83528e-03	-5.39264e-01	1.39626e+01
110	0	123	0	2	3	4.29418e-03	-5.51860e-01	1.34578e+01
110	0	124	0	2	3	5.40894e-03	-6.04933e-01	1.44811e+01
110	0	125	0	2	3	-1.85139e-03	-2.18993e-01	7.23230e+00
110	0	126	0	2	3	7.65138e-03	-7.20940e-01	1.50768e+01
110	0	127	0	2	3	2.30427e-03	-4.23354e-01	1.11199e+01
110	0	128	0	2	3	8.00828e-03	-8.18519e-01	1.82667e+01
110	0	129	0	2	3	2.00734e-03	-4.31065e-01	1.16892e+01
110	0	130	0	2	3	3.39671e-03	-5.14677e-01	1.40063e+01
110	0	131	0	2	3	6.05781e-03	-6.71158e-01	1.57066e+01
110	0	132	0	2	3	4.04395e-03	-5.61211e-01	1.44503e+01
110	0	133	0	2	3	3.10942e-03	-4.80645e-01	1.25998e+01
110	0	134	0	2	3	7.76298e-03	-7.79388e-01	1.73295e+01
110	0	135	0	2	3	1.42897e-03	-3.72837e-01	1.09536e+01
110	0	136	0	2	3	5.92752e-03	-6.45472e-01	1.47819e+01
110	0	137	0	2	3	1.12170e-03	-3.62919e-01	1.09801e+01
110	0	138	0	2	3	7.31556e-03	-7.38693e-01	1.69981e+01
110	0	139	0	2	3	3.19295e-03	-5.07759e-01	1.29327e+01
110	0	140	0	2	3	9.45054e-03	-9.11364e-01	2.02387e+01
110	0	141	0	2	3	3.63221e-03	-5.14625e-01	1.28331e+01
110	0	142	0	2	3	3.35165e-03	-4.98050e-01	1.32578e+01
110	0	143	0	2	3	5.52434e-03	-6.15043e-01	1.41743e+01
110	0	144	0	2	3	6.19880e-03	-6.95368e-01	1.59869e+01
110	0	145	0	2	3	2.70786e-03	-4.47796e-01	1.16618e+01
110	0	146	0	2	3	7.90794e-03	-7.67512e-01	1.66758e+01
110	0	147	0	2	3	4.65306e-03	-5.57774e-01	1.32166e+01
110	0	148	0	2	3	3.85934e-03	-5.44298e-01	1.38294e+01
110	0	149	0	2	3	2.23831e-03	-4.30719e-01	1.16278e+01
110	0	150	0	2	3	7.54052e-03	-7.63548e-01	1.71685e+01
110	0	151	0	2	3	5.13386e-03	-6.01175e-01	1.41743e+01
110	0	152	0	2	3	3.33284e-03	-5.03543e-01	1.32829e+01
110	0	153	0	2	3	4.06907e-03	-5.62617e-01	1.40669e+01
110	0	154	0	2	3	5.36976e-03	-6.02886e-01	1.40523e+01
110	0	155	0	2	3	6.33680e-03	-6.63858e-01	1.46110e+01
110	0	156	0	2	3	-6.63409e-03	2.55623e-01	-4.48583e-01
110	0	157	0	2	3	1.17323e-03	-3.08225e-01	9.10453e+00
110	0	158	0	2	3	-4.28694e-03	4.43473e-02	4.23294e+00
110	0	159	0	2	3	9.26914e-03	-9.02012e-01	1.98421e+01
#######################################################################
# BFT D                                                               #
#######################################################################
110	1	0	0	2	3	-4.77388e-03	1.40735e-01	2.14511e+00
110	1	1	0	2	3	8.67730e-03	-7.96406e-01	1.76717e+01
110	1	2	0	2	3	5.41158e-03	-5.90453e-01	1.37989e+01
110	1	3	0	2	3	-1.39675e-02	6.49993e-01	-4.86114e+00
110	1	4	0	2	3	7.88686e-03	-7.47186e-01	1.65141e+01
110	1	5	0	2	3	1.81414e-03	-4.10291e-01	1.24733e+01
110	1	6	0	2	3	3.69735e-03	-5.18510e-01	1.30898e+01
110	1	7	0	2	3	2.07479e-03	-3.98666e-01	1.13618e+01
110	1	8	0	2	3	2.80379e-03	-4.67394e-01	1.25953e+01
110	1	9	0	2	3	5.72776e-04	-2.95010e-01	1.00956e+01
110	1	10	0	2	3	6.21884e-03	-6.45007e-01	1.42364e+01
110	1	11	0	2	3	4.66172e-03	-6.00649e-01	1.50587e+01
110	1	12	0	2	3	5.26917e-03	-5.93978e-01	1.36629e+01
110	1	13	0	2	3	6.11928e-03	-6.65695e-01	1.54440e+01
110	1	14	0	2	3	1.60877e-03	-3.85527e-01	1.09574e+01
110	1	15	0	2	3	4.14475e-03	-5.37789e-01	1.33236e+01
110	1	16	0	2	3	5.00891e-03	-5.67657e-01	1.31170e+01
110	1	17	0	2	3	1.99193e-03	-3.97689e-01	1.10982e+01
110	1	18	0	2	3	5.55269e-03	-6.27682e-01	1.42043e+01
110	1	19	0	2	3	3.11469e-03	-4.80552e-01	1.29783e+01
110	1	20	0	2	3	5.31727e-03	-6.23681e-01	1.46538e+01
110	1	21	0	2	3	6.50776e-03	-7.00047e-01	1.64855e+01
110	1	22	0	2	3	6.74090e-03	-6.84693e-01	1.50754e+01
110	1	23	0	2	3	6.56393e-03	-6.65403e-01	1.49555e+01
110	1	24	0	2	3	2.02696e-03	-4.20855e-01	1.20087e+01
110	1	25	0	2	3	5.37812e-03	-6.17132e-01	1.45471e+01
110	1	26	0	2	3	2.56294e-03	-4.47191e-01	1.20398e+01
110	1	27	0	2	3	2.35302e-03	-4.28235e-01	1.21806e+01
110	1	28	0	2	3	5.25137e-03	-5.95370e-01	1.37874e+01
110	1	29	0	2	3	6.86197e-03	-7.23354e-01	1.65520e+01
110	1	30	0	2	3	6.63718e-03	-6.78287e-01	1.50236e+01
110	1	31	0	2	3	3.10656e-03	-4.94957e-01	1.30706e+01
110	1	32	0	2	3	2.31332e-03	-4.12059e-01	1.16015e+01
110	1	33	0	2	3	7.18600e-03	-7.01446e-01	1.47480e+01
110	1	34	0	2	3	3.95170e-03	-5.37960e-01	1.26794e+01
110	1	35	0	2	3	5.81720e-03	-6.30344e-01	1.50246e+01
110	1	36	0	2	3	4.06603e-03	-5.07472e-01	1.23414e+01
110	1	37	0	2	3	2.56619e-03	-4.46067e-01	1.13182e+01
110	1	38	0	2	3	5.49954e-03	-6.01319e-01	1.39526e+01
110	1	39	0	2	3	2.72874e-03	-4.53940e-01	1.23244e+01
110	1	40	0	2	3	4.89686e-03	-5.59439e-01	1.30729e+01
110	1	41	0	2	3	6.29913e-03	-6.74286e-01	1.52268e+01
110	1	42	0	2	3	4.10984e-03	-5.15775e-01	1.21172e+01
110	1	43	0	2	3	1.98975e-03	-4.03076e-01	1.16106e+01
110	1	44	0	2	3	5.19231e-03	-5.75325e-01	1.32439e+01
110	1	45	0	2	3	5.49585e-03	-6.26640e-01	1.47161e+01
110	1	46	0	2	3	7.12284e-03	-7.13258e-01	1.54080e+01
110	1	47	0	2	3	6.62888e-03	-6.81105e-01	1.61007e+01
110	1	48	0	2	3	1.88462e-03	-3.90114e-01	1.07919e+01
110	1	49	0	2	3	2.58807e-03	-4.40217e-01	1.19682e+01
110	1	50	0	2	3	5.29449e-03	-5.85594e-01	1.32278e+01
110	1	51	0	2	3	2.84918e-03	-4.34801e-01	1.18851e+01
110	1	52	0	2	3	6.80074e-03	-6.97455e-01	1.51609e+01
110	1	53	0	2	3	5.77594e-03	-6.50538e-01	1.53731e+01
110	1	54	0	2	3	2.65587e-03	-4.46853e-01	1.18295e+01
110	1	55	0	2	3	5.62390e-03	-6.05358e-01	1.43496e+01
110	1	56	0	2	3	2.62971e-03	-4.52817e-01	1.20633e+01
110	1	57	0	2	3	3.00548e-03	-4.52576e-01	1.21599e+01
110	1	58	0	2	3	3.66527e-03	-5.07403e-01	1.34637e+01
110	1	59	0	2	3	5.59621e-03	-6.54247e-01	1.62802e+01
110	1	60	0	2	3	2.10391e-03	-4.19722e-01	1.14793e+01
110	1	61	0	2	3	2.35823e-03	-4.24084e-01	1.18576e+01
110	1	62	0	2	3	6.68106e-03	-7.01016e-01	1.50170e+01
110	1	63	0	2	3	6.54421e-03	-7.05566e-01	1.61910e+01
110	1	64	0	2	3	2.48023e-03	-4.52593e-01	1.25339e+01
110	1	65	0	2	3	7.00473e-03	-6.97055e-01	1.50461e+01
110	1	66	0	2	3	5.39099e-03	-6.11648e-01	1.39306e+01
110	1	67	0	2	3	2.99940e-03	-4.84808e-01	1.21761e+01
110	1	68	0	2	3	4.55338e-03	-5.36337e-01	1.24124e+01
110	1	69	0	2	3	7.22411e-03	-7.16380e-01	1.54907e+01
110	1	70	0	2	3	2.07551e-03	-4.11180e-01	1.13651e+01
110	1	71	0	2	3	7.53672e-03	-7.41292e-01	1.60962e+01
110	1	72	0	2	3	6.01281e-03	-6.66602e-01	1.52938e+01
110	1	73	0	2	3	8.95108e-03	-8.32798e-01	1.79298e+01
110	1	74	0	2	3	7.24639e-03	-7.31244e-01	1.53566e+01
110	1	75	0	2	3	4.59335e-03	-5.55573e-01	1.30030e+01
110	1	76	0	2	3	5.30105e-03	-6.12441e-01	1.41836e+01
110	1	77	0	2	3	1.26793e-03	-3.70083e-01	1.07721e+01
110	1	78	0	2	3	7.58006e-03	-7.33674e-01	1.53213e+01
110	1	79	0	2	3	4.79228e-03	-5.55957e-01	1.27995e+01
110	1	80	0	2	3	6.81175e-03	-7.09522e-01	1.56576e+01
110	1	81	0	2	3	3.51922e-03	-5.13662e-01	1.25672e+01
110	1	82	0	2	3	2.51047e-03	-4.26901e-01	1.16394e+01
110	1	83	0	2	3	4.47814e-03	-5.35387e-01	1.23509e+01
110	1	84	0	2	3	5.78634e-03	-6.36853e-01	1.40811e+01
110	1	85	0	2	3	1.60138e-03	-3.81609e-01	1.05045e+01
110	1	86	0	2	3	5.41790e-03	-5.91859e-01	1.34680e+01
110	1	87	0	2	3	2.29638e-03	-4.38656e-01	1.05291e+01
110	1	88	0	2	3	5.52468e-03	-6.36607e-01	1.50751e+01
110	1	89	0	2	3	3.84700e-03	-5.33350e-01	1.27809e+01
110	1	90	0	2	3	6.44697e-03	-6.86137e-01	1.49566e+01
110	1	91	0	2	3	6.93725e-03	-7.15538e-01	1.54250e+01
110	1	92	0	2	3	3.25614e-03	-4.90330e-01	1.23691e+01
110	1	93	0	2	3	4.86528e-03	-5.65171e-01	1.29473e+01
110	1	94	0	2	3	4.53402e-03	-5.52533e-01	1.32703e+01
110	1	95	0	2	3	6.91285e-03	-7.22093e-01	1.58880e+01
110	1	96	0	2	3	5.76267e-03	-6.41502e-01	1.44214e+01
110	1	97	0	2	3	5.62264e-03	-6.26282e-01	1.40614e+01
110	1	98	0	2	3	3.58416e-03	-5.17954e-01	1.33650e+01
110	1	99	0	2	3	3.13273e-03	-4.84005e-01	1.22634e+01
110	1	100	0	2	3	1.52045e-03	-3.59381e-01	1.01982e+01
110	1	101	0	2	3	5.51612e-03	-6.22803e-01	1.39825e+01
110	1	102	0	2	3	6.13105e-03	-6.76409e-01	1.54463e+01
110	1	103	0	2	3	1.71029e-03	-3.94006e-01	1.07068e+01
110	1	104	0	2	3	2.28642e-03	-4.30916e-01	1.16596e+01
110	1	105	0	2	3	6.54802e-03	-6.63469e-01	1.42525e+01
110	1	106	0	2	3	7.46033e-03	-7.35094e-01	1.60055e+01
110	1	107	0	2	3	7.47335e-03	-7.14106e-01	1.47418e+01
110	1	108	0	2	3	2.91070e-03	-4.48044e-01	1.20623e+01
110	1	109	0	2	3	6.08356e-03	-6.61077e-01	1.48601e+01
110	1	110	0	2	3	3.26925e-03	-4.95219e-01	1.24532e+01
110	1	111	0	2	3	8.56156e-03	-8.16147e-01	1.77053e+01
110	1	112	0	2	3	7.96218e-03	-7.62328e-01	1.64287e+01
110	1	113	0	2	3	2.03523e-03	-4.07021e-01	1.12291e+01
110	1	114	0	2	3	6.20528e-03	-6.76021e-01	1.51153e+01
110	1	115	0	2	3	1.47110e-03	-3.77406e-01	1.06181e+01
110	1	116	0	2	3	5.86877e-03	-6.57055e-01	1.52693e+01
110	1	117	0	2	3	4.18249e-03	-5.21114e-01	1.24615e+01
110	1	118	0	2	3	2.42432e-03	-4.49174e-01	1.11692e+01
110	1	119	0	2	3	7.21004e-03	-7.03525e-01	1.50162e+01
110	1	120	0	2	3	7.62950e-03	-7.46865e-01	1.62540e+01
110	1	121	0	2	3	4.04533e-03	-5.17445e-01	1.23799e+01
110	1	122	0	2	3	3.73184e-03	-5.13226e-01	1.35485e+01
110	1	123	0	2	3	6.30344e-03	-6.68193e-01	1.59537e+01
110	1	124	0	2	3	5.83243e-03	-6.41497e-01	1.44049e+01
110	1	125	0	2	3	1.18936e-03	-3.57523e-01	1.05839e+01
110	1	126	0	2	3	3.67745e-03	-4.91749e-01	1.19471e+01
110	1	127	0	2	3	4.19143e-03	-5.25571e-01	1.25621e+01
110	1	128	0	2	3	6.25464e-03	-7.10522e-01	1.68647e+01
110	1	129	0	2	3	2.78973e-03	-4.84446e-01	1.30239e+01
110	1	130	0	2	3	6.24369e-03	-6.93097e-01	1.55795e+01
110	1	131	0	2	3	1.44443e-03	-3.74712e-01	1.06725e+01
110	1	132	0	2	3	3.99873e-03	-5.63405e-01	1.46112e+01
110	1	133	0	2	3	4.34649e-03	-5.68530e-01	1.37812e+01
110	1	134	0	2	3	4.27794e-03	-5.61854e-01	1.38699e+01
110	1	135	0	2	3	4.81471e-03	-5.82586e-01	1.34340e+01
110	1	136	0	2	3	3.19357e-03	-4.97188e-01	1.33460e+01
110	1	137	0	2	3	6.60954e-03	-6.86713e-01	1.50926e+01
110	1	138	0	2	3	2.92247e-03	-4.86371e-01	1.25980e+01
110	1	139	0	2	3	5.19558e-03	-6.00463e-01	1.38969e+01
110	1	140	0	2	3	6.76068e-03	-7.21335e-01	1.62426e+01
110	1	141	0	2	3	4.20331e-03	-5.58082e-01	1.34675e+01
110	1	142	0	2	3	6.89781e-03	-7.15925e-01	1.56606e+01
110	1	143	0	2	3	2.23614e-03	-4.25490e-01	1.18522e+01
110	1	144	0	2	3	8.53201e-03	-8.21390e-01	1.77949e+01
110	1	145	0	2	3	3.77860e-03	-5.07136e-01	1.23426e+01
110	1	146	0	2	3	6.79137e-03	-7.29264e-01	1.64972e+01
110	1	147	0	2	3	7.57202e-03	-7.47728e-01	1.57198e+01
110	1	148	0	2	3	6.19459e-03	-6.63120e-01	1.47731e+01
110	1	149	0	2	3	4.94824e-03	-5.79496e-01	1.37909e+01
110	1	150	0	2	3	3.99578e-03	-5.26987e-01	1.29844e+01
110	1	151	0	2	3	2.11701e-03	-4.30648e-01	1.16095e+01
110	1	152	0	2	3	3.33074e-03	-4.83302e-01	1.26596e+01
110	1	153	0	2	3	2.12949e-03	-4.16991e-01	1.19756e+01
110	1	154	0	2	3	5.18198e-03	-6.10608e-01	1.41075e+01
110	1	155	0	2	3	3.46928e-03	-5.23561e-01	1.32133e+01
110	1	156	0	2	3	4.43218e-03	-5.50204e-01	1.34654e+01
110	1	157	0	2	3	2.45556e-03	-4.44573e-01	1.21457e+01
110	1	158	0	2	3	8.66868e-03	-8.03897e-01	1.76695e+01
110	1	159	0	2	3	-6.91830e-03	1.32151e-01	4.12980e+00
