##
#  file: HodoPHCParam_Dummy
#  date: 2016.06.15
#  note: first version
#
#
#######################################################################
# CId	PlId	Seg	UorD	Type	nParam	p0	p1	...
#
#	Type=0 no correction will be performed
#	Type=1 ct=t-p[0]/sqrt(a-p[1])+p[2]
#	Type=2 ct=p[0]*a*a + p[1]*a + p[2] for Fiber
#
#######################################################################
# BH1 Up                                                              #
#######################################################################
1	0	0	0	1	3	-5.05477e+02	-6.81924e+01	-6.08115e+01
1	0	1	0	1	3	-4.40896e+02	-6.24258e+01	-5.54350e+01
1	0	2	0	1	3	-7.54999e+02	-8.93391e+01	-7.94510e+01
1	0	3	0	1	3	-7.40548e+02	-8.19645e+01	-8.12874e+01
1	0	4	0	1	3	-4.07084e+02	-6.22510e+01	-5.11674e+01
1	0	5	0	1	3	-4.27626e+02	-5.27866e+01	-5.82960e+01
1	0	6	0	1	3	-4.97807e+01	-1.32435e+01	-1.31711e+01
1	0	7	0	1	3	-5.96893e+02	-6.95508e+01	-7.10210e+01
1	0	8	0	1	3	-2.55582e+02	-4.84445e+01	-3.62856e+01
1	0	9	0	1	3	-2.65284e+02	-4.37090e+01	-3.96099e+01
1	0	10	0	1	3	-3.23301e+00	-1.35719e+00	-2.06276e+00
#######################################################################
# BH1 Down                                                            #
#######################################################################
1	0	0	1	1	3	-2.69978e+02	-4.04897e+01	-4.19567e+01
1	0	1	1	1	3	-4.59326e+02	-6.37658e+01	-5.71417e+01
1	0	2	1	1	3	-3.04284e+00	-1.40241e+00	-1.96608e+00
1	0	3	1	1	3	-4.11274e+02	-7.42731e+01	-4.73807e+01
1	0	4	1	1	3	-5.07385e+02	-6.73551e+01	-6.13171e+01
1	0	5	1	1	3	-5.46002e+02	-6.21375e+01	-6.86862e+01
1	0	6	1	1	3	-4.27221e+01	-1.18969e+01	-1.18680e+01
1	0	7	1	1	3	-6.16537e+00	-2.17928e+00	-3.40530e+00
1	0	8	1	1	3	-1.65263e+00	-6.96857e-01	-1.22406e+00
1	0	9	1	1	3	-4.89837e+02	-6.65729e+01	-5.95188e+01
1	0	10	1	1	3	-3.17367e+02	-5.43362e+01	-4.25983e+01
#######################################################################
# BH2 Up                                                              #
#######################################################################
2	0	0	0	1	3	-7.20471e-01	-1.71131e-02	-7.76148e-01
2	0	1	0	1	3	-3.26885e+02	-6.31393e+01	-4.08541e+01
2	0	2	0	1	3	-1.82226e+02	-4.39401e+01	-2.72213e+01
2	0	3	0	1	3	-2.87030e+02	-5.70225e+01	-3.77147e+01
2	0	4	0	1	3	-2.24384e+02	-4.93085e+01	-3.16729e+01
2	0	5	0	1	3	-1.00385e+02	-2.98634e+01	-1.80572e+01
2	0	6	0	1	3	-9.87578e-01	-1.78551e-01	-8.62618e-01
2	0	7	0	1	3	-5.01048e+02	-9.46503e+01	-5.11585e+01
#######################################################################
# BH2 Down                                                            #
#######################################################################
2	0	0	1	1	3	-7.20471e-01	-1.71131e-02	-7.76148e-01
2	0	1	1	1	3	-3.26885e+02	-6.31393e+01	-4.08541e+01
2	0	2	1	1	3	-1.82226e+02	-4.39401e+01	-2.72213e+01
2	0	3	1	1	3	-2.87030e+02	-5.70225e+01	-3.77147e+01
2	0	4	1	1	3	-2.24384e+02	-4.93085e+01	-3.16729e+01
2	0	5	1	1	3	-1.00385e+02	-2.98634e+01	-1.80572e+01
2	0	6	1	1	3	-9.87578e-01	-1.78551e-01	-8.62618e-01
2	0	7	1	1	3	-5.01048e+02	-9.46503e+01	-5.11585e+01
#######################################################################
# BAC                                                                 #
#######################################################################
3	0	0	0	1	3	0.00000e+00	0.00000e+00	0.00000e+00
3	0	1	0	1	3	0.00000e+00	0.00000e+00	0.00000e+00
#######################################################################
# FBH Up                                                              #
#######################################################################
4	0	0	0	2	3	-5.62952e-03	8.96903e-01	-3.53273e+01
4	0	1	0	2	3	-4.29399e-03	7.37975e-01	-3.00049e+01
4	0	2	0	2	3	-5.26894e-03	8.67305e-01	-3.38992e+01
4	0	3	0	2	3	-3.80183e-03	6.69237e-01	-2.72260e+01
4	0	4	0	2	3	-4.35014e-03	7.35785e-01	-2.92008e+01
4	0	5	0	2	3	-4.02541e-03	6.86907e-01	-2.70312e+01
4	0	6	0	2	3	-4.16660e-03	7.08229e-01	-2.81512e+01
4	0	7	0	2	3	-3.93117e-03	6.84759e-01	-2.69101e+01
4	0	8	0	2	3	-4.14423e-03	6.96902e-01	-2.65883e+01
4	0	9	0	2	3	-2.83372e-03	5.62925e-01	-2.20787e+01
4	0	10	0	2	3	-4.07944e-03	7.09420e-01	-2.75603e+01
4	0	11	0	2	3	-3.50961e-03	6.50113e-01	-2.64167e+01
4	0	12	0	2	3	-3.52415e-03	6.49734e-01	-2.67232e+01
4	0	13	0	2	3	-4.13420e-03	7.26957e-01	-2.99675e+01
4	0	14	0	2	3	-4.90315e-03	8.27563e-01	-3.35630e+01
4	0	15	0	2	3	-4.73048e-03	8.13189e-01	-3.31901e+01
#######################################################################
# FBH Down                                                            #
#######################################################################
4	0	0	1	2	3	-5.62952e-03	8.96903e-01	-3.53273e+01
4	0	1	1	2	3	-4.29399e-03	7.37975e-01	-3.00049e+01
4	0	2	1	2	3	-5.26894e-03	8.67305e-01	-3.38992e+01
4	0	3	1	2	3	-3.80183e-03	6.69237e-01	-2.72260e+01
4	0	4	1	2	3	-4.35014e-03	7.35785e-01	-2.92008e+01
4	0	5	1	2	3	-4.02541e-03	6.86907e-01	-2.70312e+01
4	0	6	1	2	3	-4.16660e-03	7.08229e-01	-2.81512e+01
4	0	7	1	2	3	-3.93117e-03	6.84759e-01	-2.69101e+01
4	0	8	1	2	3	-4.14423e-03	6.96902e-01	-2.65883e+01
4	0	9	1	2	3	-2.83372e-03	5.62925e-01	-2.20787e+01
4	0	10	1	2	3	-4.07944e-03	7.09420e-01	-2.75603e+01
4	0	11	1	2	3	-3.50961e-03	6.50113e-01	-2.64167e+01
4	0	12	1	2	3	-3.52415e-03	6.49734e-01	-2.67232e+01
4	0	13	1	2	3	-4.13420e-03	7.26957e-01	-2.99675e+01
4	0	14	1	2	3	-4.90315e-03	8.27563e-01	-3.35630e+01
4	0	15	1	2	3	-4.73048e-03	8.13189e-01	-3.31901e+01
#######################################################################
# PVAC                                                                #
#######################################################################
5	0	0	0	1	3	0.00000e+00	0.00000e+00	0.00000e+00
#######################################################################
# FAC                                                                 #
#######################################################################
6	0	0	0	1	3	0.00000e+00	0.00000e+00	0.00000e+00
#######################################################################
# SCH                                                                 #
#######################################################################
#7	0	0	0	2	3	-0.00500000	0.821213	-32.185321
#7	0	1	0	2	3	-0.00500000	0.830248	-32.269563
#7	0	2	0	2	3	-0.00500000	0.793073	-29.315934
#7	0	3	0	2	3	-0.00500000	0.772144	-28.276705
#7	0	4	0	2	3	-0.00500000	0.801968	-30.687167
#7	0	5	0	2	3	-0.00500000	0.778300	-28.439251
#7	0	6	0	2	3	-0.00500000	0.765872	-27.918181
#7	0	7	0	2	3	-0.00500000	0.738459	-26.016797
#7	0	8	0	2	3	-0.00500000	0.778318	-28.676371
#7	0	9	0	2	3	-0.00500000	0.776670	-28.892887
#7	0	10	0	2	3	-0.00500000	0.764278	-28.122474
#7	0	11	0	2	3	-0.00500000	0.790742	-29.423647
#7	0	12	0	2	3	-0.00500000	0.811330	-30.487019
#7	0	13	0	2	3	-0.00500000	0.818750	-30.891512
#7	0	14	0	2	3	-0.00500000	0.802541	-30.009136
#7	0	15	0	2	3	-0.00500000	0.809525	-30.751746
#7	0	16	0	2	3	-0.00500000	0.802597	-30.845509
#7	0	17	0	2	3	-0.00500000	0.835028	-32.780792
#7	0	18	0	2	3	-0.00500000	0.859176	-33.938731
#7	0	19	0	2	3	-0.00500000	0.814851	-31.445396
#7	0	20	0	2	3	-0.00500000	0.809426	-30.781087
#7	0	21	0	2	3	-0.00500000	0.780678	-28.888756
#7	0	22	0	2	3	-0.00500000	0.808206	-30.719604
#7	0	23	0	2	3	-0.00500000	0.774024	-27.858339
#7	0	24	0	2	3	-0.00500000	0.794308	-29.022101
#7	0	25	0	2	3	-0.00500000	0.775649	-27.980186
#7	0	26	0	2	3	-0.00500000	0.788483	-28.687567
#7	0	27	0	2	3	-0.00466315	0.771386	-29.253260
#7	0	28	0	2	3	-0.00483132	0.790854	-28.637741
#7	0	29	0	2	3	-0.00497049	0.812994	-30.786914
#7	0	30	0	2	3	-0.00500000	0.787793	-28.362716
#7	0	31	0	2	3	-0.00500000	0.790759	-28.876812
#7	0	32	0	2	3	-0.00500000	0.824826	-31.655285
#7	0	33	0	2	3	-0.00500000	0.845304	-33.407765
#7	0	34	0	2	3	-0.00500000	0.832263	-32.939799
#7	0	35	0	2	3	-0.00500000	0.820631	-31.695372
#7	0	36	0	2	3	-0.00500000	0.836997	-33.200590
#7	0	37	0	2	3	-0.00500000	0.819690	-32.097193
#7	0	38	0	2	3	-0.00500000	0.808109	-31.263214
#7	0	39	0	2	3	-0.00500000	0.815224	-31.135523
#7	0	40	0	2	3	-0.00500000	0.803398	-29.897923
#7	0	41	0	2	3	-0.00500000	0.815685	-31.165519
#7	0	42	0	2	3	-0.00500000	0.812980	-30.737261
#7	0	43	0	2	3	-0.00500000	0.829418	-32.693307
#7	0	44	0	2	3	-0.00500000	0.789530	-29.464920
#7	0	45	0	2	3	-0.00500000	0.804789	-31.208151
#7	0	46	0	2	3	-0.00500000	0.830106	-32.806514
#7	0	47	0	2	3	-0.00500000	0.819206	-31.373242
#7	0	48	0	2	3	-0.00500000	0.816165	-31.709319
#7	0	49	0	2	3	-0.00500000	0.798496	-30.201709
#7	0	50	0	2	3	-0.00500000	0.812167	-31.795745
#7	0	51	0	2	3	-0.00500000	0.810749	-31.375226
#7	0	52	0	2	3	-0.00500000	0.803385	-31.372512
#7	0	53	0	2	3	-0.00500000	0.777405	-29.262831
#7	0	54	0	2	3	-0.00500000	0.783954	-29.763410
#7	0	55	0	2	3	-0.00500000	0.789443	-29.976449
#7	0	56	0	2	3	-0.00500000	0.838828	-33.261086
#7	0	57	0	2	3	-0.00500000	0.804421	-30.573195
#7	0	58	0	2	3	-0.00500000	0.773283	-29.111048
#7	0	59	0	2	3	-0.00500000	0.811789	-31.449459
#7	0	60	0	2	3	-0.00500000	0.759724	-28.110014
#7	0	61	0	2	3	-0.00500000	0.810884	-31.379063
#7	0	62	0	2	3	-0.00500000	0.771910	-28.435006
#7	0	63	0	2	3	-0.00500000	0.796658	-30.511906
#######################################################################
# TOF Up                                                              #
#######################################################################
7	0	0	0	1	3	5.24830e+00	-1.96630e+00	2.96170e+00
7	0	1	0	1	3	5.24830e+00	-1.96630e+00	2.96170e+00
7	0	2	0	1	3	5.24830e+00	-1.96630e+00	2.96170e+00
7	0	3	0	1	3	5.24830e+00	-1.96630e+00	2.96170e+00
7	0	4	0	1	3	5.24830e+00	-1.96630e+00	2.96170e+00
7	0	5	0	1	3	5.24830e+00	-1.96630e+00	2.96170e+00
7	0	6	0	1	3	6.97090e+00	-3.03520e+00	3.39910e+00
7	0	7	0	1	3	4.05450e+00	-1.96150e+00	2.30360e+00
7	0	8	0	1	3	1.16940e+02	-2.98600e+01	2.09880e+01
7	0	9	0	1	3	5.24830e+00	-1.96630e+00	2.96170e+00
7	0	10	0	1	3	5.24830e+00	-1.96630e+00	2.96170e+00
7	0	11	0	1	3	5.24830e+00	-1.96630e+00	2.96170e+00
7	0	12	0	1	3	5.24830e+00	-1.96630e+00	2.96170e+00
7	0	13	0	1	3	5.24830e+00	-1.96630e+00	2.96170e+00
7	0	14	0	1	3	5.24830e+00	-1.96630e+00	2.96170e+00
7	0	15	0	1	3	5.24830e+00	-1.96630e+00	2.96170e+00
7	0	16	0	1	3	5.24830e+00	-1.96630e+00	2.96170e+00
7	0	17	0	1	3	5.24830e+00	-1.96630e+00	2.96170e+00
7	0	18	0	1	3	5.24830e+00	-1.96630e+00	2.96170e+00
7	0	19	0	1	3	7.11491e-01	1.85180e-03	5.82402e-01
7	0	20	0	1	3	5.59404e-01	-1.73810e-03	4.50716e-01
7	0	21	0	1	3	8.92499e-01	1.99900e-03	7.37364e-01
7	0	22	0	1	3	6.37553e-01	1.99960e-03	5.45449e-01
7	0	23	0	1	3	1.19210e+00	1.98920e-03	9.99994e-01
#######################################################################
# TOF Down                                                            #
#######################################################################
7	0	0	1	1	3	5.84300e+00	-2.30730e+00	3.11320e+00
7	0	1	1	1	3	5.84300e+00	-2.30730e+00	3.11320e+00
7	0	2	1	1	3	5.84300e+00	-2.30730e+00	3.11320e+00
7	0	3	1	1	3	5.84300e+00	-2.30730e+00	3.11320e+00
7	0	4	1	1	3	5.84300e+00	-2.30730e+00	3.11320e+00
7	0	5	1	1	3	5.84300e+00	-2.30730e+00	3.11320e+00
7	0	6	1	1	3	1.41330e+01	-5.81170e+00	5.32680e+00
7	0	7	1	1	3	7.84850e+01	-2.02870e+01	1.69500e+01
7	0	8	1	1	3	2.20240e+02	-3.62440e+01	3.60080e+01
7	0	9	1	1	3	5.84300e+00	-2.30730e+00	3.11320e+00
7	0	10	1	1	3	5.84300e+00	-2.30730e+00	3.11320e+00
7	0	11	1	1	3	5.84300e+00	-2.30730e+00	3.11320e+00
7	0	12	1	1	3	5.84300e+00	-2.30730e+00	3.11320e+00
7	0	13	1	1	3	5.84300e+00	-2.30730e+00	3.11320e+00
7	0	14	1	1	3	5.84300e+00	-2.30730e+00	3.11320e+00
7	0	15	1	1	3	5.84300e+00	-2.30730e+00	3.11320e+00
7	0	16	1	1	3	5.84300e+00	-2.30730e+00	3.11320e+00
7	0	17	1	1	3	5.84300e+00	-2.30730e+00	3.11320e+00
7	0	18	1	1	3	5.84300e+00	-2.30730e+00	3.11320e+00
7	0	19	1	1	3	6.18741e-01	1.99860e-03	4.90831e-01
7	0	20	1	1	3	5.75901e-01	1.04210e-03	4.72509e-01
7	0	21	1	1	3	9.41046e-01	1.99890e-03	7.79357e-01
7	0	22	1	1	3	4.84266e-01	-1.95590e-03	3.99786e-01
7	0	23	1	1	3	8.97714e-01	1.99860e-03	7.56300e-01
#######################################################################
# BFT U                                                               #
#######################################################################
110	0	0	0	2	3	1.05806e-03	-3.56591e-01	1.26777e+01
110	0	1	0	2	3	4.08371e-03	-5.35557e-01	1.61088e+01
110	0	2	0	2	3	-2.24066e-02	1.33522e+00	-1.62945e+01
110	0	3	0	2	3	1.93179e-04	-2.82536e-01	1.01969e+01
110	0	4	0	2	3	-1.19614e-03	-2.03768e-01	1.06122e+01
110	0	5	0	2	3	4.68651e-03	-5.98941e-01	1.66308e+01
110	0	6	0	2	3	3.61489e-03	-5.54449e-01	1.63364e+01
110	0	7	0	2	3	4.18298e-03	-5.70368e-01	1.60715e+01
110	0	8	0	2	3	3.35433e-03	-5.32334e-01	1.60617e+01
110	0	9	0	2	3	2.42904e-03	-4.42067e-01	1.45927e+01
110	0	10	0	2	3	-3.49972e-03	-3.80226e-02	6.59764e+00
110	0	11	0	2	3	1.66424e-03	-3.97127e-01	1.40156e+01
110	0	12	0	2	3	1.84635e-03	-4.20030e-01	1.35171e+01
110	0	13	0	2	3	-4.82531e-03	9.37357e-02	4.80293e+00
110	0	14	0	2	3	3.71288e-03	-5.52541e-01	1.56681e+01
110	0	15	0	2	3	3.19858e-03	-4.99853e-01	1.55728e+01
110	0	16	0	2	3	2.61290e-03	-4.73338e-01	1.42083e+01
110	0	17	0	2	3	2.72904e-03	-4.64263e-01	1.44486e+01
110	0	18	0	2	3	4.47624e-03	-6.07467e-01	1.64689e+01
110	0	19	0	2	3	5.12209e-03	-6.53316e-01	1.61720e+01
110	0	20	0	2	3	2.60373e-03	-4.66926e-01	1.44632e+01
110	0	21	0	2	3	7.76134e-04	-3.28103e-01	1.24541e+01
110	0	22	0	2	3	3.86129e-03	-5.63312e-01	1.61302e+01
110	0	23	0	2	3	5.03000e-03	-6.51558e-01	1.83294e+01
110	0	24	0	2	3	3.56361e-03	-5.44502e-01	1.63037e+01
110	0	25	0	2	3	3.60228e-03	-5.36146e-01	1.56059e+01
110	0	26	0	2	3	4.15852e-03	-5.91809e-01	1.68075e+01
110	0	27	0	2	3	4.17248e-03	-5.71067e-01	1.54529e+01
110	0	28	0	2	3	3.80035e-03	-5.56862e-01	1.45319e+01
110	0	29	0	2	3	3.22354e-03	-5.04993e-01	1.49314e+01
110	0	30	0	2	3	3.72275e-03	-5.55973e-01	1.59104e+01
110	0	31	0	2	3	3.87251e-03	-5.61360e-01	1.65487e+01
110	0	32	0	2	3	3.96783e-03	-5.76614e-01	1.66134e+01
110	0	33	0	2	3	4.02236e-03	-5.54606e-01	1.36170e+01
110	0	34	0	2	3	3.45045e-03	-5.35822e-01	1.56126e+01
110	0	35	0	2	3	4.31805e-03	-6.04572e-01	1.74340e+01
110	0	36	0	2	3	4.06109e-03	-5.67313e-01	1.49381e+01
110	0	37	0	2	3	4.19512e-03	-5.86968e-01	1.79016e+01
110	0	38	0	2	3	3.99803e-03	-5.70469e-01	1.56034e+01
110	0	39	0	2	3	4.63572e-03	-6.20319e-01	1.73401e+01
110	0	40	0	2	3	4.12746e-03	-5.72940e-01	1.49334e+01
110	0	41	0	2	3	4.65510e-03	-6.15503e-01	1.72223e+01
110	0	42	0	2	3	4.02826e-03	-5.68986e-01	1.54598e+01
110	0	43	0	2	3	3.99035e-03	-5.74544e-01	1.71395e+01
110	0	44	0	2	3	4.25993e-03	-5.91071e-01	1.65013e+01
110	0	45	0	2	3	4.03923e-03	-5.64241e-01	1.67555e+01
110	0	46	0	2	3	4.22948e-03	-5.98565e-01	1.68859e+01
110	0	47	0	2	3	4.10791e-03	-5.82996e-01	1.73304e+01
110	0	48	0	2	3	3.72171e-03	-5.47112e-01	1.46624e+01
110	0	49	0	2	3	3.98187e-03	-5.66923e-01	1.63585e+01
110	0	50	0	2	3	4.64660e-03	-6.19095e-01	1.73929e+01
110	0	51	0	2	3	4.48253e-03	-6.04954e-01	1.69568e+01
110	0	52	0	2	3	3.96336e-03	-5.64249e-01	1.55389e+01
110	0	53	0	2	3	4.44916e-03	-5.98061e-01	1.66798e+01
110	0	54	0	2	3	4.16421e-03	-5.87157e-01	1.64891e+01
110	0	55	0	2	3	4.98978e-03	-6.43212e-01	1.75710e+01
110	0	56	0	2	3	4.27281e-03	-6.00466e-01	1.66745e+01
110	0	57	0	2	3	4.32036e-03	-5.92017e-01	1.72723e+01
110	0	58	0	2	3	4.42289e-03	-6.09205e-01	1.69885e+01
110	0	59	0	2	3	3.95320e-03	-5.81747e-01	1.75266e+01
110	0	60	0	2	3	4.25995e-03	-5.94609e-01	1.62367e+01
110	0	61	0	2	3	3.44347e-03	-5.30430e-01	1.59566e+01
110	0	62	0	2	3	4.69672e-03	-6.23866e-01	1.70480e+01
110	0	63	0	2	3	3.73947e-03	-5.48297e-01	1.50429e+01
110	0	64	0	2	3	3.56368e-03	-5.48432e-01	1.61341e+01
110	0	65	0	2	3	3.88382e-03	-5.64128e-01	1.65005e+01
110	0	66	0	2	3	4.11781e-03	-5.99823e-01	1.73465e+01
110	0	67	0	2	3	3.98028e-03	-5.75373e-01	1.69415e+01
110	0	68	0	2	3	3.39762e-03	-5.46668e-01	1.57157e+01
110	0	69	0	2	3	3.71909e-03	-5.48690e-01	1.57442e+01
110	0	70	0	2	3	4.24250e-03	-6.11501e-01	1.68566e+01
110	0	71	0	2	3	3.97087e-03	-5.75062e-01	1.66724e+01
110	0	72	0	2	3	3.57673e-03	-5.56946e-01	1.57512e+01
110	0	73	0	2	3	4.76182e-03	-6.35595e-01	1.72281e+01
110	0	74	0	2	3	4.68147e-03	-6.35174e-01	1.71097e+01
110	0	75	0	2	3	4.17618e-03	-5.86276e-01	1.65653e+01
110	0	76	0	2	3	3.95302e-03	-5.73202e-01	1.60188e+01
110	0	77	0	2	3	4.04889e-03	-5.78123e-01	1.67438e+01
110	0	78	0	2	3	4.27356e-03	-6.05609e-01	1.69628e+01
110	0	79	0	2	3	4.65879e-03	-6.20652e-01	1.71056e+01
110	0	80	0	2	3	4.45472e-03	-6.08907e-01	1.67132e+01
110	0	81	0	2	3	3.76455e-03	-5.45485e-01	1.57352e+01
110	0	82	0	2	3	4.50272e-03	-6.11833e-01	1.73276e+01
110	0	83	0	2	3	4.28521e-03	-5.97823e-01	1.66562e+01
110	0	84	0	2	3	4.10323e-03	-5.81638e-01	1.66902e+01
110	0	85	0	2	3	4.14740e-03	-5.78851e-01	1.67116e+01
110	0	86	0	2	3	4.57864e-03	-6.35728e-01	1.76540e+01
110	0	87	0	2	3	4.66510e-03	-6.32747e-01	1.81241e+01
110	0	88	0	2	3	4.07321e-03	-5.75542e-01	1.59525e+01
110	0	89	0	2	3	4.09030e-03	-5.81850e-01	1.64584e+01
110	0	90	0	2	3	3.87898e-03	-5.73647e-01	1.62361e+01
110	0	91	0	2	3	4.42823e-03	-6.12797e-01	1.66191e+01
110	0	92	0	2	3	3.58401e-03	-5.58239e-01	1.67998e+01
110	0	93	0	2	3	3.98997e-03	-5.73108e-01	1.60821e+01
110	0	94	0	2	3	4.05693e-03	-6.07735e-01	1.78340e+01
110	0	95	0	2	3	4.63339e-03	-6.29196e-01	1.78273e+01
110	0	96	0	2	3	3.81617e-03	-5.70858e-01	1.66002e+01
110	0	97	0	2	3	3.57585e-03	-5.45373e-01	1.64068e+01
110	0	98	0	2	3	4.56934e-03	-6.27711e-01	1.76016e+01
110	0	99	0	2	3	4.14826e-03	-5.82907e-01	1.66794e+01
110	0	100	0	2	3	4.03863e-03	-5.85269e-01	1.64335e+01
110	0	101	0	2	3	3.90575e-03	-5.74370e-01	1.69573e+01
110	0	102	0	2	3	4.29331e-03	-6.08657e-01	1.71823e+01
110	0	103	0	2	3	4.64172e-03	-6.26873e-01	1.73662e+01
110	0	104	0	2	3	4.01407e-03	-5.80927e-01	1.64594e+01
110	0	105	0	2	3	3.89059e-03	-5.65181e-01	1.60944e+01
110	0	106	0	2	3	4.39587e-03	-6.10303e-01	1.70769e+01
110	0	107	0	2	3	4.68384e-03	-6.15003e-01	1.63593e+01
110	0	108	0	2	3	3.50640e-03	-5.48607e-01	1.57716e+01
110	0	109	0	2	3	3.87095e-03	-5.67121e-01	1.60931e+01
110	0	110	0	2	3	4.54389e-03	-6.23261e-01	1.71137e+01
110	0	111	0	2	3	4.78079e-03	-6.42615e-01	1.76301e+01
110	0	112	0	2	3	3.76095e-03	-5.61523e-01	1.58168e+01
110	0	113	0	2	3	3.53038e-03	-5.38073e-01	1.55379e+01
110	0	114	0	2	3	4.45566e-03	-6.14346e-01	1.80451e+01
110	0	115	0	2	3	5.96474e-03	-7.12493e-01	1.85860e+01
110	0	116	0	2	3	3.38159e-03	-5.39695e-01	1.63334e+01
110	0	117	0	2	3	3.84472e-03	-5.64957e-01	1.70780e+01
110	0	118	0	2	3	3.60497e-03	-5.64220e-01	1.65636e+01
110	0	119	0	2	3	3.98393e-03	-5.71013e-01	1.52898e+01
110	0	120	0	2	3	3.46963e-03	-5.51400e-01	1.67429e+01
110	0	121	0	2	3	3.99437e-03	-5.67143e-01	1.47018e+01
110	0	122	0	2	3	4.31956e-03	-6.13870e-01	1.80248e+01
110	0	123	0	2	3	3.87973e-03	-5.65343e-01	1.63780e+01
110	0	124	0	2	3	3.90822e-03	-5.70954e-01	1.64997e+01
110	0	125	0	2	3	3.89213e-03	-5.60020e-01	1.39897e+01
110	0	126	0	2	3	3.87012e-03	-5.65170e-01	1.57332e+01
110	0	127	0	2	3	4.01624e-03	-5.71130e-01	1.61340e+01
110	0	128	0	2	3	3.47665e-03	-5.77540e-01	1.74961e+01
110	0	129	0	2	3	3.87528e-03	-5.92120e-01	1.72202e+01
110	0	130	0	2	3	3.70203e-03	-5.94575e-01	1.88776e+01
110	0	131	0	2	3	2.71840e-03	-4.85002e-01	1.52036e+01
110	0	132	0	2	3	3.85807e-03	-5.87402e-01	1.77255e+01
110	0	133	0	2	3	4.45392e-03	-6.16935e-01	1.76770e+01
110	0	134	0	2	3	1.71438e-03	-4.43758e-01	1.48618e+01
110	0	135	0	2	3	2.23577e-03	-4.65612e-01	1.54660e+01
110	0	136	0	2	3	3.77744e-03	-5.74210e-01	1.62104e+01
110	0	137	0	2	3	3.94259e-03	-5.91173e-01	1.77045e+01
110	0	138	0	2	3	2.76193e-03	-5.06269e-01	1.69354e+01
110	0	139	0	2	3	3.38997e-03	-5.54716e-01	1.65861e+01
110	0	140	0	2	3	3.48066e-03	-5.70878e-01	1.77082e+01
110	0	141	0	2	3	4.21704e-03	-6.13849e-01	1.69145e+01
110	0	142	0	2	3	3.73406e-03	-5.72877e-01	1.76585e+01
110	0	143	0	2	3	3.01269e-03	-5.22308e-01	1.55099e+01
110	0	144	0	2	3	4.41448e-03	-6.28076e-01	1.79773e+01
110	0	145	0	2	3	3.26370e-03	-5.25286e-01	1.57315e+01
110	0	146	0	2	3	3.10567e-03	-5.36391e-01	1.61582e+01
110	0	147	0	2	3	3.31183e-03	-5.40574e-01	1.64248e+01
110	0	148	0	2	3	4.23176e-03	-6.09459e-01	1.77163e+01
110	0	149	0	2	3	4.39138e-03	-6.09038e-01	1.73164e+01
110	0	150	0	2	3	3.76379e-03	-5.76015e-01	1.70032e+01
110	0	151	0	2	3	2.19448e-03	-4.78430e-01	1.54192e+01
110	0	152	0	2	3	2.18658e-03	-4.78427e-01	1.59753e+01
110	0	153	0	2	3	4.77895e-03	-6.56292e-01	1.85471e+01
110	0	154	0	2	3	2.89200e-03	-5.25543e-01	1.56913e+01
110	0	155	0	2	3	4.68788e-03	-6.33358e-01	1.70672e+01
110	0	156	0	2	3	-2.68003e-02	1.78331e+00	-2.72451e+01
110	0	157	0	2	3	2.23678e-04	-3.15959e-01	1.24896e+01
110	0	158	0	2	3	3.12026e-03	-5.10239e-01	1.58153e+01
110	0	159	0	2	3	3.60903e-03	-5.97430e-01	1.84637e+01
#######################################################################
# BFT D                                                               #
#######################################################################
110	1	0	0	2	3	-6.97475e-03	3.22441e-01	-1.98829e-01
110	1	1	0	2	3	-1.34808e-02	6.98097e-01	-5.13380e+00
110	1	2	0	2	3	4.49664e-03	-5.87788e-01	1.61545e+01
110	1	3	0	2	3	-6.61507e-03	2.32315e-01	3.39989e+00
110	1	4	0	2	3	1.19781e-04	-3.18269e-01	1.36053e+01
110	1	5	0	2	3	2.08073e-03	-4.50807e-01	1.58146e+01
110	1	6	0	2	3	4.03382e-03	-5.81441e-01	1.66843e+01
110	1	7	0	2	3	2.19213e-03	-4.40904e-01	1.48084e+01
110	1	8	0	2	3	2.41760e-03	-4.61029e-01	1.49582e+01
110	1	9	0	2	3	2.22518e-03	-4.40384e-01	1.50993e+01
110	1	10	0	2	3	2.81926e-03	-5.04536e-01	1.57699e+01
110	1	11	0	2	3	4.11941e-03	-5.92753e-01	1.74864e+01
110	1	12	0	2	3	1.93861e-03	-4.32655e-01	1.36221e+01
110	1	13	0	2	3	2.73432e-03	-4.81356e-01	1.50480e+01
110	1	14	0	2	3	3.06136e-03	-5.23243e-01	1.61365e+01
110	1	15	0	2	3	4.04784e-03	-5.81205e-01	1.68297e+01
110	1	16	0	2	3	3.76667e-03	-5.67897e-01	1.61774e+01
110	1	17	0	2	3	2.03195e-03	-4.30303e-01	1.42770e+01
110	1	18	0	2	3	2.69858e-03	-4.94280e-01	1.43315e+01
110	1	19	0	2	3	3.86408e-03	-5.60221e-01	1.68788e+01
110	1	20	0	2	3	4.08986e-03	-6.00477e-01	1.71351e+01
110	1	21	0	2	3	-1.81980e-03	-1.44999e-01	9.31961e+00
110	1	22	0	2	3	4.56121e-03	-6.16169e-01	1.68064e+01
110	1	23	0	2	3	3.59016e-03	-5.37922e-01	1.56558e+01
110	1	24	0	2	3	3.51898e-03	-5.47539e-01	1.66327e+01
110	1	25	0	2	3	2.61073e-03	-4.81858e-01	1.50525e+01
110	1	26	0	2	3	3.94343e-03	-5.81040e-01	1.71520e+01
110	1	27	0	2	3	4.76761e-03	-6.35624e-01	1.84634e+01
110	1	28	0	2	3	3.65940e-03	-5.63720e-01	1.59401e+01
110	1	29	0	2	3	4.00912e-03	-5.81073e-01	1.69454e+01
110	1	30	0	2	3	3.47777e-03	-5.41242e-01	1.56330e+01
110	1	31	0	2	3	3.82697e-03	-5.75155e-01	1.70188e+01
110	1	32	0	2	3	4.04151e-03	-5.91507e-01	1.79247e+01
110	1	33	0	2	3	3.72365e-03	-5.63968e-01	1.55433e+01
110	1	34	0	2	3	4.23300e-03	-5.91156e-01	1.60625e+01
110	1	35	0	2	3	4.34060e-03	-6.19985e-01	1.89528e+01
110	1	36	0	2	3	4.22532e-03	-5.93437e-01	1.73911e+01
110	1	37	0	2	3	3.48524e-03	-5.38960e-01	1.53153e+01
110	1	38	0	2	3	4.42740e-03	-6.12846e-01	1.69838e+01
110	1	39	0	2	3	3.35125e-03	-5.28624e-01	1.61515e+01
110	1	40	0	2	3	3.72014e-03	-5.58788e-01	1.56905e+01
110	1	41	0	2	3	3.96519e-03	-5.68793e-01	1.61632e+01
110	1	42	0	2	3	4.01489e-03	-5.75499e-01	1.54479e+01
110	1	43	0	2	3	3.99602e-03	-5.72530e-01	1.70171e+01
110	1	44	0	2	3	3.60209e-03	-5.55646e-01	1.57908e+01
110	1	45	0	2	3	3.90478e-03	-5.70093e-01	1.65093e+01
110	1	46	0	2	3	3.98393e-03	-5.81464e-01	1.61660e+01
110	1	47	0	2	3	3.46722e-03	-5.60622e-01	1.74208e+01
110	1	48	0	2	3	4.30179e-03	-5.97142e-01	1.70865e+01
110	1	49	0	2	3	3.51260e-03	-5.40552e-01	1.62583e+01
110	1	50	0	2	3	4.08917e-03	-5.88979e-01	1.60227e+01
110	1	51	0	2	3	4.05743e-03	-5.83730e-01	1.77223e+01
110	1	52	0	2	3	4.04974e-03	-5.94049e-01	1.64139e+01
110	1	53	0	2	3	3.41266e-03	-5.38723e-01	1.62757e+01
110	1	54	0	2	3	4.06428e-03	-5.91295e-01	1.72728e+01
110	1	55	0	2	3	3.70802e-03	-5.56936e-01	1.73468e+01
110	1	56	0	2	3	3.49671e-03	-5.59155e-01	1.68985e+01
110	1	57	0	2	3	3.58745e-03	-5.52284e-01	1.70498e+01
110	1	58	0	2	3	3.88661e-03	-5.89243e-01	1.83765e+01
110	1	59	0	2	3	4.31044e-03	-6.11058e-01	1.83689e+01
110	1	60	0	2	3	3.73143e-03	-5.68668e-01	1.67973e+01
110	1	61	0	2	3	4.05189e-03	-5.71028e-01	1.68377e+01
110	1	62	0	2	3	3.76788e-03	-5.65788e-01	1.56540e+01
110	1	63	0	2	3	3.86220e-03	-5.72121e-01	1.67335e+01
110	1	64	0	2	3	4.28848e-03	-6.10612e-01	1.79359e+01
110	1	65	0	2	3	3.99535e-03	-5.79681e-01	1.61445e+01
110	1	66	0	2	3	4.89253e-03	-6.58337e-01	1.74820e+01
110	1	67	0	2	3	4.28945e-03	-6.03609e-01	1.66807e+01
110	1	68	0	2	3	3.51831e-03	-5.42669e-01	1.50643e+01
110	1	69	0	2	3	4.01752e-03	-5.80941e-01	1.62543e+01
110	1	70	0	2	3	4.16701e-03	-5.98050e-01	1.74645e+01
110	1	71	0	2	3	4.40970e-03	-6.22371e-01	1.73547e+01
110	1	72	0	2	3	3.82041e-03	-5.69466e-01	1.64752e+01
110	1	73	0	2	3	4.12893e-03	-5.99510e-01	1.74661e+01
110	1	74	0	2	3	4.25104e-03	-6.00005e-01	1.61753e+01
110	1	75	0	2	3	4.48781e-03	-6.21606e-01	1.76956e+01
110	1	76	0	2	3	3.50397e-03	-5.44884e-01	1.58471e+01
110	1	77	0	2	3	3.79160e-03	-5.71890e-01	1.68454e+01
110	1	78	0	2	3	4.16826e-03	-5.98882e-01	1.62377e+01
110	1	79	0	2	3	4.18280e-03	-5.96253e-01	1.61621e+01
110	1	80	0	2	3	3.94153e-03	-5.74231e-01	1.62819e+01
110	1	81	0	2	3	4.27227e-03	-5.94703e-01	1.63470e+01
110	1	82	0	2	3	3.87623e-03	-5.74806e-01	1.72609e+01
110	1	83	0	2	3	4.08923e-03	-5.77222e-01	1.54014e+01
110	1	84	0	2	3	3.57152e-03	-5.39433e-01	1.51488e+01
110	1	85	0	2	3	3.95757e-03	-5.72605e-01	1.62794e+01
110	1	86	0	2	3	4.18979e-03	-5.99749e-01	1.65188e+01
110	1	87	0	2	3	4.28602e-03	-5.90899e-01	1.53401e+01
110	1	88	0	2	3	4.14415e-03	-5.94626e-01	1.72000e+01
110	1	89	0	2	3	3.85589e-03	-5.71301e-01	1.59914e+01
110	1	90	0	2	3	4.20458e-03	-5.96150e-01	1.62987e+01
110	1	91	0	2	3	3.86075e-03	-5.69697e-01	1.58911e+01
110	1	92	0	2	3	3.54230e-03	-5.42451e-01	1.57778e+01
110	1	93	0	2	3	3.92220e-03	-5.73837e-01	1.65857e+01
110	1	94	0	2	3	4.14535e-03	-5.97794e-01	1.65989e+01
110	1	95	0	2	3	4.08698e-03	-5.90773e-01	1.66084e+01
110	1	96	0	2	3	4.04736e-03	-5.81363e-01	1.61985e+01
110	1	97	0	2	3	3.57632e-03	-5.49132e-01	1.56123e+01
110	1	98	0	2	3	3.06418e-03	-5.31200e-01	1.67511e+01
110	1	99	0	2	3	4.05708e-03	-5.85202e-01	1.66015e+01
110	1	100	0	2	3	3.30117e-03	-5.17825e-01	1.55730e+01
110	1	101	0	2	3	3.62699e-03	-5.50614e-01	1.54999e+01
110	1	102	0	2	3	4.22070e-03	-6.03037e-01	1.71057e+01
110	1	103	0	2	3	4.02265e-03	-5.85092e-01	1.65733e+01
110	1	104	0	2	3	3.84688e-03	-5.67850e-01	1.64863e+01
110	1	105	0	2	3	4.09625e-03	-5.83058e-01	1.58036e+01
110	1	106	0	2	3	4.60765e-03	-6.36027e-01	1.76459e+01
110	1	107	0	2	3	4.79572e-03	-6.36955e-01	1.65888e+01
110	1	108	0	2	3	3.49155e-03	-5.44651e-01	1.68705e+01
110	1	109	0	2	3	3.94353e-03	-5.72577e-01	1.61965e+01
110	1	110	0	2	3	3.64803e-03	-5.67790e-01	1.67160e+01
110	1	111	0	2	3	4.26160e-03	-6.06385e-01	1.74058e+01
110	1	112	0	2	3	4.13285e-03	-5.97363e-01	1.70222e+01
110	1	113	0	2	3	3.08276e-03	-5.15135e-01	1.58407e+01
110	1	114	0	2	3	4.74908e-03	-6.42599e-01	1.75519e+01
110	1	115	0	2	3	4.62737e-03	-6.24303e-01	1.74289e+01
110	1	116	0	2	3	3.91248e-03	-5.80718e-01	1.69278e+01
110	1	117	0	2	3	3.08230e-03	-5.14478e-01	1.47872e+01
110	1	118	0	2	3	4.64175e-03	-6.20003e-01	1.64724e+01
110	1	119	0	2	3	4.54115e-03	-6.18976e-01	1.67084e+01
110	1	120	0	2	3	3.22693e-03	-5.26102e-01	1.55716e+01
110	1	121	0	2	3	3.68267e-03	-5.61617e-01	1.65135e+01
110	1	122	0	2	3	4.29069e-03	-6.12713e-01	1.85613e+01
110	1	123	0	2	3	1.91415e-03	-4.32506e-01	1.45747e+01
110	1	124	0	2	3	4.53481e-03	-6.12455e-01	1.66939e+01
110	1	125	0	2	3	3.51317e-03	-5.45988e-01	1.64557e+01
110	1	126	0	2	3	3.52918e-03	-5.48697e-01	1.53471e+01
110	1	127	0	2	3	3.71177e-03	-5.66052e-01	1.67705e+01
110	1	128	0	2	3	3.82198e-03	-6.00069e-01	1.81583e+01
110	1	129	0	2	3	3.48480e-03	-5.73860e-01	1.75829e+01
110	1	130	0	2	3	4.04888e-03	-6.01856e-01	1.70295e+01
110	1	131	0	2	3	3.64079e-03	-5.64975e-01	1.67409e+01
110	1	132	0	2	3	3.26886e-03	-5.51625e-01	1.72906e+01
110	1	133	0	2	3	3.88612e-03	-5.77325e-01	1.66425e+01
110	1	134	0	2	3	3.92870e-03	-6.02856e-01	1.71901e+01
110	1	135	0	2	3	2.87938e-03	-5.03463e-01	1.47595e+01
110	1	136	0	2	3	5.21536e-03	-6.90878e-01	1.99372e+01
110	1	137	0	2	3	5.75637e-03	-7.18828e-01	1.86860e+01
110	1	138	0	2	3	3.90915e-03	-5.87999e-01	1.71506e+01
110	1	139	0	2	3	4.50559e-03	-6.22970e-01	1.70295e+01
110	1	140	0	2	3	4.51794e-03	-6.29925e-01	1.76758e+01
110	1	141	0	2	3	3.19053e-03	-5.32534e-01	1.57991e+01
110	1	142	0	2	3	4.28399e-03	-6.14243e-01	1.72319e+01
110	1	143	0	2	3	5.62317e-03	-7.04779e-01	1.95837e+01
110	1	144	0	2	3	3.68433e-03	-5.76548e-01	1.69607e+01
110	1	145	0	2	3	4.13434e-03	-5.85014e-01	1.67979e+01
110	1	146	0	2	3	3.61967e-03	-5.72212e-01	1.68212e+01
110	1	147	0	2	3	4.78939e-03	-6.43280e-01	1.71525e+01
110	1	148	0	2	3	4.27303e-03	-6.13742e-01	1.68947e+01
110	1	149	0	2	3	4.02736e-03	-5.89117e-01	1.75608e+01
110	1	150	0	2	3	3.90125e-03	-5.76088e-01	1.61434e+01
110	1	151	0	2	3	3.95624e-03	-5.85882e-01	1.68811e+01
110	1	152	0	2	3	3.62268e-03	-5.62533e-01	1.64423e+01
110	1	153	0	2	3	2.82955e-03	-5.07121e-01	1.65234e+01
110	1	154	0	2	3	5.02364e-03	-6.83161e-01	1.83711e+01
110	1	155	0	2	3	4.02645e-03	-6.08505e-01	1.75041e+01
110	1	156	0	2	3	2.85304e-03	-4.91587e-01	1.51389e+01
110	1	157	0	2	3	2.77125e-03	-4.91370e-01	1.59084e+01
110	1	158	0	2	3	-7.13813e-05	-3.41440e-01	1.39527e+01
110	1	159	0	2	3	-1.42526e-03	-2.12313e-01	1.16641e+01
