##
#  file: HodoPHCParam_Dummy
#  date: 2016.06.15
#  note: first version
#
#
#######################################################################
# CId	PlId	Seg	UorD	Type	nParam	p0	p1	...
#
#	Type=0 no correction will be performed
#	Type=1 ct=t-p[0]/sqrt(a-p[1])+p[2]
#	Type=2 ct=p[0]*a*a + p[1]*a + p[2] for Fiber
#
#######################################################################
# BH1 Up                                                              #
#######################################################################
1	0	0	0	1	3	5.08705e+00	-1.98362e+00	2.93454e+00
1	0	1	0	1	3	6.69706e-01	2.91546e-01	8.10244e-01
1	0	2	0	1	3	5.01779e-01	3.94271e-01	6.64278e-01
1	0	3	0	1	3	7.45330e-01	1.66754e-01	8.56036e-01
1	0	4	0	1	3	8.52890e-01	8.60054e-02	9.27134e-01
1	0	5	0	1	3	1.69981e+00	-1.50393e-01	1.62794e+00
1	0	6	0	1	3	1.58582e+00	-2.35346e-01	1.46587e+00
1	0	7	0	1	3	1.61970e+00	-1.46184e-01	1.54504e+00
1	0	8	0	1	3	1.37546e+00	-2.52696e-01	1.28233e+00
1	0	9	0	1	3	1.74814e+00	-2.76223e-01	1.64100e+00
1	0	10	0	1	3	1.60339e+01	-4.62629e+00	6.81205e+00
#######################################################################
# BH1 Down                                                            #
#######################################################################
1	0	0	1	1	3	1.33519e+00	-9.13138e-02	1.27257e+00
1	0	1	1	1	3	6.24909e-01	2.88647e-01	7.65429e-01
1	0	2	1	1	3	6.68954e-01	2.21542e-01	7.45264e-01
1	0	3	1	1	3	1.32364e+00	-4.57464e-01	1.08318e+00
1	0	4	1	1	3	1.18002e+00	-7.91080e-02	1.17008e+00
1	0	5	1	1	3	2.07299e+00	-4.79828e-01	1.70935e+00
1	0	6	1	1	3	1.96000e+00	-5.20196e-01	1.63958e+00
1	0	7	1	1	3	1.89852e+00	-4.50289e-01	1.60743e+00
1	0	8	1	1	3	1.02469e+00	-6.73213e-02	1.04734e+00
1	0	9	1	1	3	1.64894e+00	-1.85977e-01	1.61292e+00
1	0	10	1	1	3	7.15603e-01	2.22738e-01	8.54972e-01
#######################################################################
# BH2 Up                                                              #
#######################################################################
2	0	0	0	1	3	1.43047e-01	2.98695e-01	2.00085e-01
2	0	1	0	1	3	8.79554e-01	-2.31747e-01	7.85839e-01
2	0	2	0	1	3	5.94572e-01	-4.97541e-01	4.68956e-01
2	0	3	0	1	3	1.91725e-01	3.94747e-02	1.91115e-01
2	0	4	0	1	3	3.31184e-01	-9.38469e-02	3.15823e-01
2	0	5	0	1	3	1.99769e-01	2.70254e-01	2.37321e-01
2	0	6	0	1	3	2.58948e-01	2.41832e-01	3.10133e-01
2	0	7	0	1	3	3.50426e-01	8.80094e-02	3.70898e-01
#######################################################################
# BH2 Down                                                            #
#######################################################################
2	0	0	1	1	3	3.94607e-01	-1.85207e-01	3.84440e-01
2	0	1	1	1	3	9.92155e-01	-3.85817e-01	8.32122e-01
2	0	2	1	1	3	4.10986e-01	-9.27803e-02	3.90143e-01
2	0	3	1	1	3	1.76416e-01	4.84160e-02	1.75490e-01
2	0	4	1	1	3	2.42956e-01	1.23979e-01	2.64593e-01
2	0	5	1	1	3	3.57967e-01	4.32013e-02	3.63973e-01
2	0	6	1	1	3	1.22093e+00	-6.67168e-01	9.30075e-01
2	0	7	1	1	3	2.92156e-01	-4.36810e-03	2.98702e-01
#######################################################################
# BAC                                                                 #
#######################################################################
3	0	0	0	1	3	0.00000e+00	0.00000e+00	0.00000e+00
3	0	1	0	1	3	0.00000e+00	0.00000e+00	0.00000e+00
#######################################################################
# FBH Up                                                              #
#######################################################################
4	0	0	0	2	3	-5.62952e-03	8.96903e-01	-3.53273e+01
4	0	1	0	2	3	-4.29399e-03	7.37975e-01	-3.00049e+01
4	0	2	0	2	3	-5.26894e-03	8.67305e-01	-3.38992e+01
4	0	3	0	2	3	-3.80183e-03	6.69237e-01	-2.72260e+01
4	0	4	0	2	3	-4.35014e-03	7.35785e-01	-2.92008e+01
4	0	5	0	2	3	-4.02541e-03	6.86907e-01	-2.70312e+01
4	0	6	0	2	3	-4.16660e-03	7.08229e-01	-2.81512e+01
4	0	7	0	2	3	-3.93117e-03	6.84759e-01	-2.69101e+01
4	0	8	0	2	3	-4.14423e-03	6.96902e-01	-2.65883e+01
4	0	9	0	2	3	-2.83372e-03	5.62925e-01	-2.20787e+01
4	0	10	0	2	3	-4.07944e-03	7.09420e-01	-2.75603e+01
4	0	11	0	2	3	-3.50961e-03	6.50113e-01	-2.64167e+01
4	0	12	0	2	3	-3.52415e-03	6.49734e-01	-2.67232e+01
4	0	13	0	2	3	-4.13420e-03	7.26957e-01	-2.99675e+01
4	0	14	0	2	3	-4.90315e-03	8.27563e-01	-3.35630e+01
4	0	15	0	2	3	-4.73048e-03	8.13189e-01	-3.31901e+01
#######################################################################
# FBH Down                                                            #
#######################################################################
4	0	0	1	2	3	-5.62952e-03	8.96903e-01	-3.53273e+01
4	0	1	1	2	3	-4.29399e-03	7.37975e-01	-3.00049e+01
4	0	2	1	2	3	-5.26894e-03	8.67305e-01	-3.38992e+01
4	0	3	1	2	3	-3.80183e-03	6.69237e-01	-2.72260e+01
4	0	4	1	2	3	-4.35014e-03	7.35785e-01	-2.92008e+01
4	0	5	1	2	3	-4.02541e-03	6.86907e-01	-2.70312e+01
4	0	6	1	2	3	-4.16660e-03	7.08229e-01	-2.81512e+01
4	0	7	1	2	3	-3.93117e-03	6.84759e-01	-2.69101e+01
4	0	8	1	2	3	-4.14423e-03	6.96902e-01	-2.65883e+01
4	0	9	1	2	3	-2.83372e-03	5.62925e-01	-2.20787e+01
4	0	10	1	2	3	-4.07944e-03	7.09420e-01	-2.75603e+01
4	0	11	1	2	3	-3.50961e-03	6.50113e-01	-2.64167e+01
4	0	12	1	2	3	-3.52415e-03	6.49734e-01	-2.67232e+01
4	0	13	1	2	3	-4.13420e-03	7.26957e-01	-2.99675e+01
4	0	14	1	2	3	-4.90315e-03	8.27563e-01	-3.35630e+01
4	0	15	1	2	3	-4.73048e-03	8.13189e-01	-3.31901e+01
#######################################################################
# PVAC                                                                #
#######################################################################
5	0	0	0	1	3	0.00000e+00	0.00000e+00	0.00000e+00
#######################################################################
# FAC                                                                 #
#######################################################################
6	0	0	0	1	3	0.00000e+00	0.00000e+00	0.00000e+00
#######################################################################
# SCH                                                                 #
#######################################################################
#7	0	0	0	2	3	-0.00500000	0.821213	-32.185321
#7	0	1	0	2	3	-0.00500000	0.830248	-32.269563
#7	0	2	0	2	3	-0.00500000	0.793073	-29.315934
#7	0	3	0	2	3	-0.00500000	0.772144	-28.276705
#7	0	4	0	2	3	-0.00500000	0.801968	-30.687167
#7	0	5	0	2	3	-0.00500000	0.778300	-28.439251
#7	0	6	0	2	3	-0.00500000	0.765872	-27.918181
#7	0	7	0	2	3	-0.00500000	0.738459	-26.016797
#7	0	8	0	2	3	-0.00500000	0.778318	-28.676371
#7	0	9	0	2	3	-0.00500000	0.776670	-28.892887
#7	0	10	0	2	3	-0.00500000	0.764278	-28.122474
#7	0	11	0	2	3	-0.00500000	0.790742	-29.423647
#7	0	12	0	2	3	-0.00500000	0.811330	-30.487019
#7	0	13	0	2	3	-0.00500000	0.818750	-30.891512
#7	0	14	0	2	3	-0.00500000	0.802541	-30.009136
#7	0	15	0	2	3	-0.00500000	0.809525	-30.751746
#7	0	16	0	2	3	-0.00500000	0.802597	-30.845509
#7	0	17	0	2	3	-0.00500000	0.835028	-32.780792
#7	0	18	0	2	3	-0.00500000	0.859176	-33.938731
#7	0	19	0	2	3	-0.00500000	0.814851	-31.445396
#7	0	20	0	2	3	-0.00500000	0.809426	-30.781087
#7	0	21	0	2	3	-0.00500000	0.780678	-28.888756
#7	0	22	0	2	3	-0.00500000	0.808206	-30.719604
#7	0	23	0	2	3	-0.00500000	0.774024	-27.858339
#7	0	24	0	2	3	-0.00500000	0.794308	-29.022101
#7	0	25	0	2	3	-0.00500000	0.775649	-27.980186
#7	0	26	0	2	3	-0.00500000	0.788483	-28.687567
#7	0	27	0	2	3	-0.00466315	0.771386	-29.253260
#7	0	28	0	2	3	-0.00483132	0.790854	-28.637741
#7	0	29	0	2	3	-0.00497049	0.812994	-30.786914
#7	0	30	0	2	3	-0.00500000	0.787793	-28.362716
#7	0	31	0	2	3	-0.00500000	0.790759	-28.876812
#7	0	32	0	2	3	-0.00500000	0.824826	-31.655285
#7	0	33	0	2	3	-0.00500000	0.845304	-33.407765
#7	0	34	0	2	3	-0.00500000	0.832263	-32.939799
#7	0	35	0	2	3	-0.00500000	0.820631	-31.695372
#7	0	36	0	2	3	-0.00500000	0.836997	-33.200590
#7	0	37	0	2	3	-0.00500000	0.819690	-32.097193
#7	0	38	0	2	3	-0.00500000	0.808109	-31.263214
#7	0	39	0	2	3	-0.00500000	0.815224	-31.135523
#7	0	40	0	2	3	-0.00500000	0.803398	-29.897923
#7	0	41	0	2	3	-0.00500000	0.815685	-31.165519
#7	0	42	0	2	3	-0.00500000	0.812980	-30.737261
#7	0	43	0	2	3	-0.00500000	0.829418	-32.693307
#7	0	44	0	2	3	-0.00500000	0.789530	-29.464920
#7	0	45	0	2	3	-0.00500000	0.804789	-31.208151
#7	0	46	0	2	3	-0.00500000	0.830106	-32.806514
#7	0	47	0	2	3	-0.00500000	0.819206	-31.373242
#7	0	48	0	2	3	-0.00500000	0.816165	-31.709319
#7	0	49	0	2	3	-0.00500000	0.798496	-30.201709
#7	0	50	0	2	3	-0.00500000	0.812167	-31.795745
#7	0	51	0	2	3	-0.00500000	0.810749	-31.375226
#7	0	52	0	2	3	-0.00500000	0.803385	-31.372512
#7	0	53	0	2	3	-0.00500000	0.777405	-29.262831
#7	0	54	0	2	3	-0.00500000	0.783954	-29.763410
#7	0	55	0	2	3	-0.00500000	0.789443	-29.976449
#7	0	56	0	2	3	-0.00500000	0.838828	-33.261086
#7	0	57	0	2	3	-0.00500000	0.804421	-30.573195
#7	0	58	0	2	3	-0.00500000	0.773283	-29.111048
#7	0	59	0	2	3	-0.00500000	0.811789	-31.449459
#7	0	60	0	2	3	-0.00500000	0.759724	-28.110014
#7	0	61	0	2	3	-0.00500000	0.810884	-31.379063
#7	0	62	0	2	3	-0.00500000	0.771910	-28.435006
#7	0	63	0	2	3	-0.00500000	0.796658	-30.511906
#######################################################################
# TOF Up                                                              #
#######################################################################
7	0	0	0	1	3	5.24830e+00	-1.96630e+00	2.96170e+00
7	0	1	0	1	3	5.24830e+00	-1.96630e+00	2.96170e+00
7	0	2	0	1	3	5.24830e+00	-1.96630e+00	2.96170e+00
7	0	3	0	1	3	5.24830e+00	-1.96630e+00	2.96170e+00
7	0	4	0	1	3	5.24830e+00	-1.96630e+00	2.96170e+00
7	0	5	0	1	3	5.24830e+00	-1.96630e+00	2.96170e+00
7	0	6	0	1	3	6.97090e+00	-3.03520e+00	3.39910e+00
7	0	7	0	1	3	4.05450e+00	-1.96150e+00	2.30360e+00
7	0	8	0	1	3	1.16940e+02	-2.98600e+01	2.09880e+01
7	0	9	0	1	3	5.24830e+00	-1.96630e+00	2.96170e+00
7	0	10	0	1	3	5.24830e+00	-1.96630e+00	2.96170e+00
7	0	11	0	1	3	5.24830e+00	-1.96630e+00	2.96170e+00
7	0	12	0	1	3	5.24830e+00	-1.96630e+00	2.96170e+00
7	0	13	0	1	3	5.24830e+00	-1.96630e+00	2.96170e+00
7	0	14	0	1	3	5.24830e+00	-1.96630e+00	2.96170e+00
7	0	15	0	1	3	5.24830e+00	-1.96630e+00	2.96170e+00
7	0	16	0	1	3	5.24830e+00	-1.96630e+00	2.96170e+00
7	0	17	0	1	3	5.24830e+00	-1.96630e+00	2.96170e+00
7	0	18	0	1	3	5.24830e+00	-1.96630e+00	2.96170e+00
7	0	19	0	1	3	7.11491e-01	1.85180e-03	5.82402e-01
7	0	20	0	1	3	5.59404e-01	-1.73810e-03	4.50716e-01
7	0	21	0	1	3	8.92499e-01	1.99900e-03	7.37364e-01
7	0	22	0	1	3	6.37553e-01	1.99960e-03	5.45449e-01
7	0	23	0	1	3	1.19210e+00	1.98920e-03	9.99994e-01
#######################################################################
# TOF Down                                                            #
#######################################################################
7	0	0	1	1	3	5.84300e+00	-2.30730e+00	3.11320e+00
7	0	1	1	1	3	5.84300e+00	-2.30730e+00	3.11320e+00
7	0	2	1	1	3	5.84300e+00	-2.30730e+00	3.11320e+00
7	0	3	1	1	3	5.84300e+00	-2.30730e+00	3.11320e+00
7	0	4	1	1	3	5.84300e+00	-2.30730e+00	3.11320e+00
7	0	5	1	1	3	5.84300e+00	-2.30730e+00	3.11320e+00
7	0	6	1	1	3	1.41330e+01	-5.81170e+00	5.32680e+00
7	0	7	1	1	3	7.84850e+01	-2.02870e+01	1.69500e+01
7	0	8	1	1	3	2.20240e+02	-3.62440e+01	3.60080e+01
7	0	9	1	1	3	5.84300e+00	-2.30730e+00	3.11320e+00
7	0	10	1	1	3	5.84300e+00	-2.30730e+00	3.11320e+00
7	0	11	1	1	3	5.84300e+00	-2.30730e+00	3.11320e+00
7	0	12	1	1	3	5.84300e+00	-2.30730e+00	3.11320e+00
7	0	13	1	1	3	5.84300e+00	-2.30730e+00	3.11320e+00
7	0	14	1	1	3	5.84300e+00	-2.30730e+00	3.11320e+00
7	0	15	1	1	3	5.84300e+00	-2.30730e+00	3.11320e+00
7	0	16	1	1	3	5.84300e+00	-2.30730e+00	3.11320e+00
7	0	17	1	1	3	5.84300e+00	-2.30730e+00	3.11320e+00
7	0	18	1	1	3	5.84300e+00	-2.30730e+00	3.11320e+00
7	0	19	1	1	3	6.18741e-01	1.99860e-03	4.90831e-01
7	0	20	1	1	3	5.75901e-01	1.04210e-03	4.72509e-01
7	0	21	1	1	3	9.41046e-01	1.99890e-03	7.79357e-01
7	0	22	1	1	3	4.84266e-01	-1.95590e-03	3.99786e-01
7	0	23	1	1	3	8.97714e-01	1.99860e-03	7.56300e-01
#######################################################################
# BFT U                                                               #
#######################################################################
110	0	0	0	2	3	2.18342e-03	-4.47269e-01	1.30032e+01
110	0	1	0	2	3	3.84792e-03	-5.53674e-01	1.46821e+01
110	0	2	0	2	3	3.98645e-03	-5.80307e-01	1.51859e+01
110	0	3	0	2	3	4.60708e-03	-6.11318e-01	1.46165e+01
110	0	4	0	2	3	3.83253e-03	-5.63912e-01	1.52153e+01
110	0	5	0	2	3	4.50669e-03	-5.96815e-01	1.59609e+01
110	0	6	0	2	3	3.39567e-03	-5.40886e-01	1.42044e+01
110	0	7	0	2	3	4.05990e-03	-5.73058e-01	1.53160e+01
110	0	8	0	2	3	4.01871e-03	-5.83728e-01	1.51741e+01
110	0	9	0	2	3	4.03096e-03	-5.71202e-01	1.62096e+01
110	0	10	0	2	3	4.18821e-03	-5.94772e-01	1.45128e+01
110	0	11	0	2	3	4.60878e-03	-6.07584e-01	1.67206e+01
110	0	12	0	2	3	3.41116e-03	-5.33534e-01	1.36241e+01
110	0	13	0	2	3	4.40416e-03	-5.94522e-01	1.64376e+01
110	0	14	0	2	3	4.15334e-03	-5.82798e-01	1.42409e+01
110	0	15	0	2	3	5.08836e-03	-6.55155e-01	1.77472e+01
110	0	16	0	2	3	3.92850e-03	-5.64270e-01	1.38410e+01
110	0	17	0	2	3	3.56094e-03	-5.34078e-01	1.50249e+01
110	0	18	0	2	3	3.87573e-03	-5.70449e-01	1.39987e+01
110	0	19	0	2	3	5.15808e-03	-6.54110e-01	1.52246e+01
110	0	20	0	2	3	3.75619e-03	-5.47679e-01	1.39611e+01
110	0	21	0	2	3	4.02735e-03	-5.76306e-01	1.72476e+01
110	0	22	0	2	3	4.15791e-03	-5.92187e-01	1.49023e+01
110	0	23	0	2	3	4.19569e-03	-5.77640e-01	1.58569e+01
110	0	24	0	2	3	4.09645e-03	-5.78979e-01	1.49433e+01
110	0	25	0	2	3	3.63245e-03	-5.33243e-01	1.55128e+01
110	0	26	0	2	3	3.89393e-03	-5.71886e-01	1.55407e+01
110	0	27	0	2	3	4.19317e-03	-5.73210e-01	1.55817e+01
110	0	28	0	2	3	4.02057e-03	-5.71524e-01	1.29404e+01
110	0	29	0	2	3	3.92878e-03	-5.54059e-01	1.48214e+01
110	0	30	0	2	3	4.10809e-03	-5.81855e-01	1.44418e+01
110	0	31	0	2	3	4.70240e-03	-6.16269e-01	1.64751e+01
110	0	32	0	2	3	3.93792e-03	-5.74398e-01	1.46705e+01
110	0	33	0	2	3	4.13536e-03	-5.61934e-01	1.37914e+01
110	0	34	0	2	3	3.98489e-03	-5.73124e-01	1.43443e+01
110	0	35	0	2	3	4.08217e-03	-5.81924e-01	1.59786e+01
110	0	36	0	2	3	3.68974e-03	-5.40725e-01	1.35598e+01
110	0	37	0	2	3	3.94205e-03	-5.64856e-01	1.64934e+01
110	0	38	0	2	3	3.95789e-03	-5.68212e-01	1.36651e+01
110	0	39	0	2	3	4.56101e-03	-6.08659e-01	1.60629e+01
110	0	40	0	2	3	4.13566e-03	-5.71905e-01	1.39815e+01
110	0	41	0	2	3	4.28552e-03	-5.81115e-01	1.65213e+01
110	0	42	0	2	3	4.25263e-03	-5.83486e-01	1.47880e+01
110	0	43	0	2	3	4.63619e-03	-6.21709e-01	1.70201e+01
110	0	44	0	2	3	3.78028e-03	-5.60679e-01	1.41117e+01
110	0	45	0	2	3	4.20316e-03	-5.74339e-01	1.59577e+01
110	0	46	0	2	3	4.55107e-03	-6.20433e-01	1.53438e+01
110	0	47	0	2	3	4.67102e-03	-6.24941e-01	1.81429e+01
110	0	48	0	2	3	3.65721e-03	-5.44207e-01	1.27139e+01
110	0	49	0	2	3	4.38615e-03	-5.90681e-01	1.67260e+01
110	0	50	0	2	3	4.59812e-03	-6.13399e-01	1.53350e+01
110	0	51	0	2	3	4.78095e-03	-6.19744e-01	1.61229e+01
110	0	52	0	2	3	3.54767e-03	-5.34327e-01	1.30829e+01
110	0	53	0	2	3	4.58122e-03	-6.04324e-01	1.57626e+01
110	0	54	0	2	3	4.54261e-03	-6.10562e-01	1.48961e+01
110	0	55	0	2	3	4.66533e-03	-6.16052e-01	1.70439e+01
110	0	56	0	2	3	4.09716e-03	-5.87198e-01	1.54967e+01
110	0	57	0	2	3	4.33498e-03	-5.88853e-01	1.61668e+01
110	0	58	0	2	3	4.21089e-03	-5.91212e-01	1.56727e+01
110	0	59	0	2	3	4.37473e-03	-6.10349e-01	1.70027e+01
110	0	60	0	2	3	3.89305e-03	-5.70707e-01	1.39126e+01
110	0	61	0	2	3	3.97750e-03	-5.64139e-01	1.54420e+01
110	0	62	0	2	3	4.58217e-03	-6.16019e-01	1.49411e+01
110	0	63	0	2	3	4.12364e-03	-5.80950e-01	1.47329e+01
110	0	64	0	2	3	3.77581e-03	-5.61951e-01	1.43725e+01
110	0	65	0	2	3	3.90423e-03	-5.63124e-01	1.54247e+01
110	0	66	0	2	3	4.55336e-03	-6.27992e-01	1.68002e+01
110	0	67	0	2	3	3.59711e-03	-5.46630e-01	1.53810e+01
110	0	68	0	2	3	3.83543e-03	-5.76276e-01	1.52189e+01
110	0	69	0	2	3	3.93208e-03	-5.63536e-01	1.49613e+01
110	0	70	0	2	3	4.40670e-03	-6.22662e-01	1.50212e+01
110	0	71	0	2	3	4.57506e-03	-6.17471e-01	1.63735e+01
110	0	72	0	2	3	3.64214e-03	-5.57388e-01	1.36562e+01
110	0	73	0	2	3	3.96035e-03	-5.74063e-01	1.50120e+01
110	0	74	0	2	3	4.44418e-03	-6.21392e-01	1.58977e+01
110	0	75	0	2	3	4.44597e-03	-6.01423e-01	1.56607e+01
110	0	76	0	2	3	3.81614e-03	-5.64073e-01	1.38280e+01
110	0	77	0	2	3	3.92078e-03	-5.64945e-01	1.53486e+01
110	0	78	0	2	3	4.25652e-03	-6.05349e-01	1.49181e+01
110	0	79	0	2	3	4.44930e-03	-6.02566e-01	1.56394e+01
110	0	80	0	2	3	4.01130e-03	-5.78524e-01	1.51347e+01
110	0	81	0	2	3	3.91506e-03	-5.59164e-01	1.49102e+01
110	0	82	0	2	3	4.55407e-03	-6.12163e-01	1.51861e+01
110	0	83	0	2	3	4.35918e-03	-6.01966e-01	1.55865e+01
110	0	84	0	2	3	3.50652e-03	-5.41943e-01	1.39619e+01
110	0	85	0	2	3	3.76416e-03	-5.51912e-01	1.51109e+01
110	0	86	0	2	3	4.64748e-03	-6.36623e-01	1.54775e+01
110	0	87	0	2	3	4.38926e-03	-6.07538e-01	1.64029e+01
110	0	88	0	2	3	3.66565e-03	-5.49234e-01	1.44052e+01
110	0	89	0	2	3	4.21420e-03	-5.87922e-01	1.53617e+01
110	0	90	0	2	3	3.85595e-03	-5.72434e-01	1.40757e+01
110	0	91	0	2	3	4.60971e-03	-6.24907e-01	1.56355e+01
110	0	92	0	2	3	3.81201e-03	-5.76129e-01	1.49656e+01
110	0	93	0	2	3	3.86931e-03	-5.61180e-01	1.46282e+01
110	0	94	0	2	3	4.25323e-03	-6.14790e-01	1.66220e+01
110	0	95	0	2	3	4.41481e-03	-6.08485e-01	1.61390e+01
110	0	96	0	2	3	3.88275e-03	-5.79876e-01	1.46538e+01
110	0	97	0	2	3	4.19999e-03	-5.86699e-01	1.58501e+01
110	0	98	0	2	3	4.44592e-03	-6.24481e-01	1.54655e+01
110	0	99	0	2	3	4.41869e-03	-5.98316e-01	1.56603e+01
110	0	100	0	2	3	3.77669e-03	-5.64790e-01	1.48602e+01
110	0	101	0	2	3	3.53664e-03	-5.40159e-01	1.49517e+01
110	0	102	0	2	3	4.63772e-03	-6.31302e-01	1.63094e+01
110	0	103	0	2	3	4.72568e-03	-6.31248e-01	1.61775e+01
110	0	104	0	2	3	4.03357e-03	-5.83955e-01	1.43073e+01
110	0	105	0	2	3	4.17992e-03	-5.85172e-01	1.51937e+01
110	0	106	0	2	3	4.54120e-03	-6.23702e-01	1.61198e+01
110	0	107	0	2	3	4.64297e-03	-6.17745e-01	1.52530e+01
110	0	108	0	2	3	3.56976e-03	-5.58008e-01	1.48093e+01
110	0	109	0	2	3	3.94208e-03	-5.71908e-01	1.48884e+01
110	0	110	0	2	3	4.25524e-03	-6.00567e-01	1.54103e+01
110	0	111	0	2	3	4.80059e-03	-6.42577e-01	1.63066e+01
110	0	112	0	2	3	3.76003e-03	-5.58764e-01	1.34418e+01
110	0	113	0	2	3	3.84122e-03	-5.59304e-01	1.45561e+01
110	0	114	0	2	3	4.49627e-03	-6.18746e-01	1.58729e+01
110	0	115	0	2	3	5.04622e-03	-6.46380e-01	1.60955e+01
110	0	116	0	2	3	4.08345e-03	-5.88881e-01	1.48480e+01
110	0	117	0	2	3	3.99617e-03	-5.75742e-01	1.59207e+01
110	0	118	0	2	3	3.76733e-03	-5.77224e-01	1.55183e+01
110	0	119	0	2	3	5.25227e-03	-6.52592e-01	1.52058e+01
110	0	120	0	2	3	4.08284e-03	-5.98236e-01	1.52705e+01
110	0	121	0	2	3	3.65598e-03	-5.47790e-01	1.30644e+01
110	0	122	0	2	3	4.24691e-03	-6.09366e-01	1.66106e+01
110	0	123	0	2	3	5.86002e-03	-7.07539e-01	1.75132e+01
110	0	124	0	2	3	3.36603e-03	-5.27191e-01	1.42530e+01
110	0	125	0	2	3	3.71462e-03	-5.46708e-01	1.24388e+01
110	0	126	0	2	3	4.30374e-03	-6.00779e-01	1.51065e+01
110	0	127	0	2	3	3.78930e-03	-5.58861e-01	1.46326e+01
110	0	128	0	2	3	3.61527e-03	-5.83922e-01	1.61476e+01
110	0	129	0	2	3	4.34756e-03	-6.28670e-01	1.65588e+01
110	0	130	0	2	3	4.84069e-03	-6.70831e-01	1.76860e+01
110	0	131	0	2	3	3.24869e-03	-5.17775e-01	1.42431e+01
110	0	132	0	2	3	3.88169e-03	-5.87905e-01	1.63353e+01
110	0	133	0	2	3	4.60593e-03	-6.31856e-01	1.66586e+01
110	0	134	0	2	3	4.39588e-03	-6.26971e-01	1.65062e+01
110	0	135	0	2	3	3.66658e-03	-5.55909e-01	1.44341e+01
110	0	136	0	2	3	3.16882e-03	-5.30788e-01	1.41099e+01
110	0	137	0	2	3	2.98338e-03	-5.22822e-01	1.51095e+01
110	0	138	0	2	3	4.01312e-03	-6.02258e-01	1.64120e+01
110	0	139	0	2	3	3.05160e-03	-5.14753e-01	1.32046e+01
110	0	140	0	2	3	4.26835e-03	-6.25150e-01	1.71705e+01
110	0	141	0	2	3	2.72541e-03	-5.12814e-01	1.39609e+01
110	0	142	0	2	3	4.78687e-03	-6.59847e-01	1.70948e+01
110	0	143	0	2	3	3.74205e-03	-5.71242e-01	1.50285e+01
110	0	144	0	2	3	4.11796e-03	-6.09307e-01	1.53875e+01
110	0	145	0	2	3	6.16762e-03	-7.22216e-01	1.67178e+01
110	0	146	0	2	3	3.65920e-03	-5.76377e-01	1.55981e+01
110	0	147	0	2	3	2.66231e-03	-4.80803e-01	1.38830e+01
110	0	148	0	2	3	-4.22187e-03	-2.23561e-03	4.82331e+00
110	0	149	0	2	3	5.39699e-03	-6.54827e-01	1.64097e+01
110	0	150	0	2	3	4.86380e-03	-6.51778e-01	1.69939e+01
110	0	151	0	2	3	2.88274e-03	-4.84877e-01	1.33364e+01
110	0	152	0	2	3	2.60229e-03	-4.76747e-01	1.40577e+01
110	0	153	0	2	3	4.50186e-03	-6.48473e-01	1.73763e+01
110	0	154	0	2	3	3.33792e-03	-5.48705e-01	1.46682e+01
110	0	155	0	2	3	3.03631e-03	-5.10057e-01	1.25511e+01
110	0	156	0	2	3	-3.46466e-03	-4.17777e-02	6.08856e+00
110	0	157	0	2	3	-2.64755e-03	-7.38846e-02	6.18376e+00
110	0	158	0	2	3	2.33161e-04	-3.26799e-01	1.08024e+01
110	0	159	0	2	3	2.87773e-03	-5.10867e-01	1.42047e+01
#######################################################################
# BFT D                                                               #
#######################################################################
110	1	0	0	2	3	1.92557e-03	-4.37310e-01	1.44795e+01
110	1	1	0	2	3	2.19314e-03	-4.29683e-01	1.33525e+01
110	1	2	0	2	3	3.85812e-03	-5.76372e-01	1.59765e+01
110	1	3	0	2	3	5.12651e-03	-6.68438e-01	1.85672e+01
110	1	4	0	2	3	3.65396e-03	-5.56179e-01	1.55138e+01
110	1	5	0	2	3	2.65497e-03	-4.80894e-01	1.51364e+01
110	1	6	0	2	3	2.90459e-03	-5.12634e-01	1.37576e+01
110	1	7	0	2	3	3.00780e-03	-5.03415e-01	1.49323e+01
110	1	8	0	2	3	3.32902e-03	-5.37321e-01	1.55671e+01
110	1	9	0	2	3	2.03024e-03	-4.44176e-01	1.55178e+01
110	1	10	0	2	3	4.32330e-03	-6.08374e-01	1.65769e+01
110	1	11	0	2	3	3.61900e-03	-5.51259e-01	1.56861e+01
110	1	12	0	2	3	4.58472e-03	-6.19444e-01	1.59316e+01
110	1	13	0	2	3	2.77833e-03	-4.94445e-01	1.54965e+01
110	1	14	0	2	3	4.14648e-03	-6.03102e-01	1.56962e+01
110	1	15	0	2	3	3.55072e-03	-5.44816e-01	1.61637e+01
110	1	16	0	2	3	3.09188e-03	-5.15037e-01	1.42280e+01
110	1	17	0	2	3	3.84174e-03	-5.62580e-01	1.57121e+01
110	1	18	0	2	3	3.70785e-03	-5.59576e-01	1.44452e+01
110	1	19	0	2	3	3.88813e-03	-5.69567e-01	1.62536e+01
110	1	20	0	2	3	4.05771e-03	-5.92564e-01	1.60622e+01
110	1	21	0	2	3	3.86181e-03	-5.64033e-01	1.70422e+01
110	1	22	0	2	3	3.77415e-03	-5.65738e-01	1.51651e+01
110	1	23	0	2	3	3.43382e-03	-5.26359e-01	1.55355e+01
110	1	24	0	2	3	3.54500e-03	-5.45090e-01	1.56211e+01
110	1	25	0	2	3	3.54170e-03	-5.40384e-01	1.60141e+01
110	1	26	0	2	3	4.03448e-03	-5.88111e-01	1.53885e+01
110	1	27	0	2	3	4.05828e-03	-5.79150e-01	1.74445e+01
110	1	28	0	2	3	3.42864e-03	-5.50624e-01	1.58606e+01
110	1	29	0	2	3	3.94962e-03	-5.69570e-01	1.66848e+01
110	1	30	0	2	3	4.36476e-03	-6.10735e-01	1.60794e+01
110	1	31	0	2	3	3.79500e-03	-5.67747e-01	1.68536e+01
110	1	32	0	2	3	3.45959e-03	-5.49975e-01	1.63010e+01
110	1	33	0	2	3	3.13085e-03	-5.22263e-01	1.49200e+01
110	1	34	0	2	3	4.11263e-03	-5.85798e-01	1.51196e+01
110	1	35	0	2	3	4.37845e-03	-6.18322e-01	1.78896e+01
110	1	36	0	2	3	3.62774e-03	-5.50128e-01	1.57140e+01
110	1	37	0	2	3	3.35331e-03	-5.26764e-01	1.41113e+01
110	1	38	0	2	3	4.44550e-03	-6.09198e-01	1.68977e+01
110	1	39	0	2	3	4.36586e-03	-5.97177e-01	1.62821e+01
110	1	40	0	2	3	3.87668e-03	-5.67954e-01	1.48943e+01
110	1	41	0	2	3	3.99188e-03	-5.70808e-01	1.62723e+01
110	1	42	0	2	3	3.84553e-03	-5.62995e-01	1.53011e+01
110	1	43	0	2	3	3.69495e-03	-5.48887e-01	1.66263e+01
110	1	44	0	2	3	3.76542e-03	-5.66693e-01	1.50612e+01
110	1	45	0	2	3	3.60927e-03	-5.49239e-01	1.62075e+01
110	1	46	0	2	3	4.38360e-03	-6.09611e-01	1.57269e+01
110	1	47	0	2	3	3.90415e-03	-5.86840e-01	1.78190e+01
110	1	48	0	2	3	3.88394e-03	-5.69190e-01	1.56994e+01
110	1	49	0	2	3	3.54546e-03	-5.38713e-01	1.61802e+01
110	1	50	0	2	3	4.21718e-03	-5.96377e-01	1.51804e+01
110	1	51	0	2	3	4.30872e-03	-5.97683e-01	1.69313e+01
110	1	52	0	2	3	3.71000e-03	-5.70346e-01	1.50763e+01
110	1	53	0	2	3	3.66031e-03	-5.51003e-01	1.64079e+01
110	1	54	0	2	3	4.20275e-03	-6.03777e-01	1.65818e+01
110	1	55	0	2	3	4.54851e-03	-6.17070e-01	1.74189e+01
110	1	56	0	2	3	4.11289e-03	-6.03354e-01	1.57258e+01
110	1	57	0	2	3	4.06120e-03	-5.82928e-01	1.65221e+01
110	1	58	0	2	3	4.36102e-03	-6.21314e-01	1.79135e+01
110	1	59	0	2	3	4.54483e-03	-6.28547e-01	1.86769e+01
110	1	60	0	2	3	3.73152e-03	-5.66005e-01	1.57208e+01
110	1	61	0	2	3	4.04355e-03	-5.69756e-01	1.57887e+01
110	1	62	0	2	3	3.87308e-03	-5.72809e-01	1.47822e+01
110	1	63	0	2	3	4.19325e-03	-5.94657e-01	1.70859e+01
110	1	64	0	2	3	4.09300e-03	-5.94496e-01	1.66080e+01
110	1	65	0	2	3	4.23081e-03	-5.93113e-01	1.62898e+01
110	1	66	0	2	3	4.60796e-03	-6.38203e-01	1.61233e+01
110	1	67	0	2	3	4.69943e-03	-6.32137e-01	1.61466e+01
110	1	68	0	2	3	3.39383e-03	-5.33251e-01	1.38698e+01
110	1	69	0	2	3	3.97682e-03	-5.77089e-01	1.61176e+01
110	1	70	0	2	3	4.06711e-03	-5.90698e-01	1.63035e+01
110	1	71	0	2	3	4.29228e-03	-6.08991e-01	1.69791e+01
110	1	72	0	2	3	3.81875e-03	-5.66873e-01	1.53229e+01
110	1	73	0	2	3	4.04906e-03	-5.90125e-01	1.71467e+01
110	1	74	0	2	3	4.18463e-03	-5.96106e-01	1.50666e+01
110	1	75	0	2	3	4.27811e-03	-6.08160e-01	1.64092e+01
110	1	76	0	2	3	3.46938e-03	-5.43547e-01	1.47900e+01
110	1	77	0	2	3	3.94169e-03	-5.80207e-01	1.58609e+01
110	1	78	0	2	3	4.19851e-03	-6.00446e-01	1.51428e+01
110	1	79	0	2	3	4.33792e-03	-6.04717e-01	1.61497e+01
110	1	80	0	2	3	4.00804e-03	-5.76922e-01	1.51873e+01
110	1	81	0	2	3	3.91093e-03	-5.71789e-01	1.48881e+01
110	1	82	0	2	3	4.52039e-03	-6.18788e-01	1.68750e+01
110	1	83	0	2	3	4.38404e-03	-5.97251e-01	1.55909e+01
110	1	84	0	2	3	3.75775e-03	-5.51728e-01	1.41870e+01
110	1	85	0	2	3	3.82176e-03	-5.65940e-01	1.50762e+01
110	1	86	0	2	3	4.25812e-03	-5.99402e-01	1.62700e+01
110	1	87	0	2	3	4.17528e-03	-5.83603e-01	1.40756e+01
110	1	88	0	2	3	3.86928e-03	-5.72028e-01	1.55832e+01
110	1	89	0	2	3	3.90092e-03	-5.73609e-01	1.48541e+01
110	1	90	0	2	3	4.20899e-03	-5.97506e-01	1.51733e+01
110	1	91	0	2	3	4.16708e-03	-5.87438e-01	1.59232e+01
110	1	92	0	2	3	3.78137e-03	-5.59499e-01	1.48870e+01
110	1	93	0	2	3	4.12982e-03	-5.86780e-01	1.55883e+01
110	1	94	0	2	3	4.14985e-03	-5.96998e-01	1.63670e+01
110	1	95	0	2	3	3.90517e-03	-5.76968e-01	1.51430e+01
110	1	96	0	2	3	3.35884e-03	-5.34857e-01	1.41958e+01
110	1	97	0	2	3	3.74140e-03	-5.60788e-01	1.55889e+01
110	1	98	0	2	3	4.34022e-03	-6.24149e-01	1.71845e+01
110	1	99	0	2	3	4.42398e-03	-6.11076e-01	1.58086e+01
110	1	100	0	2	3	3.85305e-03	-5.59315e-01	1.50897e+01
110	1	101	0	2	3	3.41208e-03	-5.32942e-01	1.48975e+01
110	1	102	0	2	3	3.99941e-03	-5.89732e-01	1.56725e+01
110	1	103	0	2	3	4.56946e-03	-6.19161e-01	1.58194e+01
110	1	104	0	2	3	3.93024e-03	-5.76671e-01	1.54347e+01
110	1	105	0	2	3	3.73913e-03	-5.62097e-01	1.52630e+01
110	1	106	0	2	3	4.56243e-03	-6.26053e-01	1.70583e+01
110	1	107	0	2	3	4.82704e-03	-6.36711e-01	1.62658e+01
110	1	108	0	2	3	3.67654e-03	-5.57948e-01	1.58204e+01
110	1	109	0	2	3	3.72233e-03	-5.60885e-01	1.57600e+01
110	1	110	0	2	3	4.09306e-03	-5.95746e-01	1.58384e+01
110	1	111	0	2	3	4.31963e-03	-6.10024e-01	1.71582e+01
110	1	112	0	2	3	4.11657e-03	-5.90795e-01	1.54964e+01
110	1	113	0	2	3	3.92832e-03	-5.74213e-01	1.55211e+01
110	1	114	0	2	3	4.00725e-03	-5.88544e-01	1.52900e+01
110	1	115	0	2	3	4.38585e-03	-6.08599e-01	1.58343e+01
110	1	116	0	2	3	4.42598e-03	-6.15232e-01	1.61259e+01
110	1	117	0	2	3	3.76615e-03	-5.60874e-01	1.52020e+01
110	1	118	0	2	3	4.08052e-03	-5.90012e-01	1.47567e+01
110	1	119	0	2	3	4.22811e-03	-5.98299e-01	1.60632e+01
110	1	120	0	2	3	4.01553e-03	-5.79079e-01	1.50942e+01
110	1	121	0	2	3	4.17474e-03	-5.91490e-01	1.55463e+01
110	1	122	0	2	3	4.50836e-03	-6.27958e-01	1.74777e+01
110	1	123	0	2	3	3.51045e-03	-5.52088e-01	1.64296e+01
110	1	124	0	2	3	3.73727e-03	-5.57575e-01	1.44063e+01
110	1	125	0	2	3	3.88823e-03	-5.72734e-01	1.55344e+01
110	1	126	0	2	3	4.85400e-03	-6.42865e-01	1.65923e+01
110	1	127	0	2	3	4.41159e-03	-6.01919e-01	1.57487e+01
110	1	128	0	2	3	4.03192e-03	-6.12924e-01	1.69253e+01
110	1	129	0	2	3	4.03974e-03	-6.12619e-01	1.69072e+01
110	1	130	0	2	3	3.36431e-03	-5.55635e-01	1.48213e+01
110	1	131	0	2	3	4.12510e-03	-5.88996e-01	1.55543e+01
110	1	132	0	2	3	3.85912e-03	-5.96098e-01	1.67426e+01
110	1	133	0	2	3	4.58657e-03	-6.27356e-01	1.61386e+01
110	1	134	0	2	3	3.82921e-03	-5.89370e-01	1.64116e+01
110	1	135	0	2	3	3.75573e-03	-5.63110e-01	1.53362e+01
110	1	136	0	2	3	5.75312e-03	-7.40526e-01	1.96523e+01
110	1	137	0	2	3	5.46680e-03	-6.90539e-01	1.76929e+01
110	1	138	0	2	3	2.91319e-03	-5.12838e-01	1.43921e+01
110	1	139	0	2	3	2.66296e-03	-4.96218e-01	1.45365e+01
110	1	140	0	2	3	3.73050e-03	-5.75499e-01	1.53637e+01
110	1	141	0	2	3	3.63070e-03	-5.72314e-01	1.53572e+01
110	1	142	0	2	3	5.59299e-03	-6.96748e-01	1.71230e+01
110	1	143	0	2	3	4.87307e-03	-6.51592e-01	1.73473e+01
110	1	144	0	2	3	-1.93706e-03	-1.56737e-01	8.95119e+00
110	1	145	0	2	3	6.04746e-03	-7.46272e-01	1.88408e+01
110	1	146	0	2	3	5.76353e-03	-7.15165e-01	1.78318e+01
110	1	147	0	2	3	4.24776e-03	-5.87965e-01	1.45978e+01
110	1	148	0	2	3	3.99034e-03	-5.92318e-01	1.51961e+01
110	1	149	0	2	3	5.96976e-03	-7.32779e-01	1.88557e+01
110	1	150	0	2	3	-8.76094e-04	-2.36960e-01	9.91026e+00
110	1	151	0	2	3	3.72385e-03	-5.66215e-01	1.52242e+01
110	1	152	0	2	3	4.75228e-03	-6.57183e-01	1.81083e+01
110	1	153	0	2	3	-1.05973e-03	-2.09634e-01	9.63021e+00
110	1	154	0	2	3	6.14519e-03	-7.46904e-01	1.89163e+01
110	1	155	0	2	3	3.70709e-03	-5.67422e-01	1.41716e+01
110	1	156	0	2	3	2.20469e-03	-4.50974e-01	1.33488e+01
110	1	157	0	2	3	3.05239e-03	-5.08298e-01	1.48982e+01
110	1	158	0	2	3	1.71339e-03	-4.30744e-01	1.37078e+01
110	1	159	0	2	3	4.94726e-03	-6.53764e-01	1.78054e+01
