##
#  file: HodoPHCParam_Dummy
#  date: 2016.06.15
#  note: first version
#
#
#######################################################################
# CId	PlId	Seg	UorD	Type	nParam	p0	p1	...
#
#	Type=0 no correction will be performed
#	Type=1 ct=t-p[0]/sqrt(a-p[1])+p[2]
#	Type=2 ct=p[0]*a*a + p[1]*a + p[2] for Fiber
#
#######################################################################
# BH1 Up                                                              #
#######################################################################
1	0	0	0	1	3	5.08705e+00	-1.98362e+00	2.93454e+00
1	0	1	0	1	3	6.69706e-01	2.91546e-01	8.10244e-01
1	0	2	0	1	3	5.01779e-01	3.94271e-01	6.64278e-01
1	0	3	0	1	3	7.45330e-01	1.66754e-01	8.56036e-01
1	0	4	0	1	3	8.52890e-01	8.60054e-02	9.27134e-01
1	0	5	0	1	3	1.69981e+00	-1.50393e-01	1.62794e+00
1	0	6	0	1	3	1.58582e+00	-2.35346e-01	1.46587e+00
1	0	7	0	1	3	1.61970e+00	-1.46184e-01	1.54504e+00
1	0	8	0	1	3	1.37546e+00	-2.52696e-01	1.28233e+00
1	0	9	0	1	3	1.74814e+00	-2.76223e-01	1.64100e+00
1	0	10	0	1	3	1.60339e+01	-4.62629e+00	6.81205e+00
#######################################################################
# BH1 Down                                                            #
#######################################################################
1	0	0	1	1	3	1.33519e+00	-9.13138e-02	1.27257e+00
1	0	1	1	1	3	6.24909e-01	2.88647e-01	7.65429e-01
1	0	2	1	1	3	6.68954e-01	2.21542e-01	7.45264e-01
1	0	3	1	1	3	1.32364e+00	-4.57464e-01	1.08318e+00
1	0	4	1	1	3	1.18002e+00	-7.91080e-02	1.17008e+00
1	0	5	1	1	3	2.07299e+00	-4.79828e-01	1.70935e+00
1	0	6	1	1	3	1.96000e+00	-5.20196e-01	1.63958e+00
1	0	7	1	1	3	1.89852e+00	-4.50289e-01	1.60743e+00
1	0	8	1	1	3	1.02469e+00	-6.73213e-02	1.04734e+00
1	0	9	1	1	3	1.64894e+00	-1.85977e-01	1.61292e+00
1	0	10	1	1	3	7.15603e-01	2.22738e-01	8.54972e-01
#######################################################################
# BH2 Up                                                              #
#######################################################################
2	0	0	0	1	3	1.43047e-01	2.98695e-01	2.00085e-01
2	0	1	0	1	3	8.79554e-01	-2.31747e-01	7.85839e-01
2	0	2	0	1	3	5.94572e-01	-4.97541e-01	4.68956e-01
2	0	3	0	1	3	1.91725e-01	3.94747e-02	1.91115e-01
2	0	4	0	1	3	3.31184e-01	-9.38469e-02	3.15823e-01
2	0	5	0	1	3	1.99769e-01	2.70254e-01	2.37321e-01
2	0	6	0	1	3	2.58948e-01	2.41832e-01	3.10133e-01
2	0	7	0	1	3	3.50426e-01	8.80094e-02	3.70898e-01
#######################################################################
# BH2 Down                                                            #
#######################################################################
2	0	0	1	1	3	3.94607e-01	-1.85207e-01	3.84440e-01
2	0	1	1	1	3	9.92155e-01	-3.85817e-01	8.32122e-01
2	0	2	1	1	3	4.10986e-01	-9.27803e-02	3.90143e-01
2	0	3	1	1	3	1.76416e-01	4.84160e-02	1.75490e-01
2	0	4	1	1	3	2.42956e-01	1.23979e-01	2.64593e-01
2	0	5	1	1	3	3.57967e-01	4.32013e-02	3.63973e-01
2	0	6	1	1	3	1.22093e+00	-6.67168e-01	9.30075e-01
2	0	7	1	1	3	2.92156e-01	-4.36810e-03	2.98702e-01
#######################################################################
# BAC                                                                 #
#######################################################################
3	0	0	0	1	3	0.00000e+00	0.00000e+00	0.00000e+00
3	0	1	0	1	3	0.00000e+00	0.00000e+00	0.00000e+00
#######################################################################
# FBH Up                                                              #
#######################################################################
4	0	0	0	2	3	-5.62952e-03	8.96903e-01	-3.53273e+01
4	0	1	0	2	3	-4.29399e-03	7.37975e-01	-3.00049e+01
4	0	2	0	2	3	-5.26894e-03	8.67305e-01	-3.38992e+01
4	0	3	0	2	3	-3.80183e-03	6.69237e-01	-2.72260e+01
4	0	4	0	2	3	-4.35014e-03	7.35785e-01	-2.92008e+01
4	0	5	0	2	3	-4.02541e-03	6.86907e-01	-2.70312e+01
4	0	6	0	2	3	-4.16660e-03	7.08229e-01	-2.81512e+01
4	0	7	0	2	3	-3.93117e-03	6.84759e-01	-2.69101e+01
4	0	8	0	2	3	-4.14423e-03	6.96902e-01	-2.65883e+01
4	0	9	0	2	3	-2.83372e-03	5.62925e-01	-2.20787e+01
4	0	10	0	2	3	-4.07944e-03	7.09420e-01	-2.75603e+01
4	0	11	0	2	3	-3.50961e-03	6.50113e-01	-2.64167e+01
4	0	12	0	2	3	-3.52415e-03	6.49734e-01	-2.67232e+01
4	0	13	0	2	3	-4.13420e-03	7.26957e-01	-2.99675e+01
4	0	14	0	2	3	-4.90315e-03	8.27563e-01	-3.35630e+01
4	0	15	0	2	3	-4.73048e-03	8.13189e-01	-3.31901e+01
#######################################################################
# FBH Down                                                            #
#######################################################################
4	0	0	1	2	3	-5.62952e-03	8.96903e-01	-3.53273e+01
4	0	1	1	2	3	-4.29399e-03	7.37975e-01	-3.00049e+01
4	0	2	1	2	3	-5.26894e-03	8.67305e-01	-3.38992e+01
4	0	3	1	2	3	-3.80183e-03	6.69237e-01	-2.72260e+01
4	0	4	1	2	3	-4.35014e-03	7.35785e-01	-2.92008e+01
4	0	5	1	2	3	-4.02541e-03	6.86907e-01	-2.70312e+01
4	0	6	1	2	3	-4.16660e-03	7.08229e-01	-2.81512e+01
4	0	7	1	2	3	-3.93117e-03	6.84759e-01	-2.69101e+01
4	0	8	1	2	3	-4.14423e-03	6.96902e-01	-2.65883e+01
4	0	9	1	2	3	-2.83372e-03	5.62925e-01	-2.20787e+01
4	0	10	1	2	3	-4.07944e-03	7.09420e-01	-2.75603e+01
4	0	11	1	2	3	-3.50961e-03	6.50113e-01	-2.64167e+01
4	0	12	1	2	3	-3.52415e-03	6.49734e-01	-2.67232e+01
4	0	13	1	2	3	-4.13420e-03	7.26957e-01	-2.99675e+01
4	0	14	1	2	3	-4.90315e-03	8.27563e-01	-3.35630e+01
4	0	15	1	2	3	-4.73048e-03	8.13189e-01	-3.31901e+01
#######################################################################
# PVAC                                                                #
#######################################################################
5	0	0	0	1	3	0.00000e+00	0.00000e+00	0.00000e+00
#######################################################################
# FAC                                                                 #
#######################################################################
6	0	0	0	1	3	0.00000e+00	0.00000e+00	0.00000e+00
#######################################################################
# SCH                                                                 #
#######################################################################
#7	0	0	0	2	3	-0.00500000	0.821213	-32.185321
#7	0	1	0	2	3	-0.00500000	0.830248	-32.269563
#7	0	2	0	2	3	-0.00500000	0.793073	-29.315934
#7	0	3	0	2	3	-0.00500000	0.772144	-28.276705
#7	0	4	0	2	3	-0.00500000	0.801968	-30.687167
#7	0	5	0	2	3	-0.00500000	0.778300	-28.439251
#7	0	6	0	2	3	-0.00500000	0.765872	-27.918181
#7	0	7	0	2	3	-0.00500000	0.738459	-26.016797
#7	0	8	0	2	3	-0.00500000	0.778318	-28.676371
#7	0	9	0	2	3	-0.00500000	0.776670	-28.892887
#7	0	10	0	2	3	-0.00500000	0.764278	-28.122474
#7	0	11	0	2	3	-0.00500000	0.790742	-29.423647
#7	0	12	0	2	3	-0.00500000	0.811330	-30.487019
#7	0	13	0	2	3	-0.00500000	0.818750	-30.891512
#7	0	14	0	2	3	-0.00500000	0.802541	-30.009136
#7	0	15	0	2	3	-0.00500000	0.809525	-30.751746
#7	0	16	0	2	3	-0.00500000	0.802597	-30.845509
#7	0	17	0	2	3	-0.00500000	0.835028	-32.780792
#7	0	18	0	2	3	-0.00500000	0.859176	-33.938731
#7	0	19	0	2	3	-0.00500000	0.814851	-31.445396
#7	0	20	0	2	3	-0.00500000	0.809426	-30.781087
#7	0	21	0	2	3	-0.00500000	0.780678	-28.888756
#7	0	22	0	2	3	-0.00500000	0.808206	-30.719604
#7	0	23	0	2	3	-0.00500000	0.774024	-27.858339
#7	0	24	0	2	3	-0.00500000	0.794308	-29.022101
#7	0	25	0	2	3	-0.00500000	0.775649	-27.980186
#7	0	26	0	2	3	-0.00500000	0.788483	-28.687567
#7	0	27	0	2	3	-0.00466315	0.771386	-29.253260
#7	0	28	0	2	3	-0.00483132	0.790854	-28.637741
#7	0	29	0	2	3	-0.00497049	0.812994	-30.786914
#7	0	30	0	2	3	-0.00500000	0.787793	-28.362716
#7	0	31	0	2	3	-0.00500000	0.790759	-28.876812
#7	0	32	0	2	3	-0.00500000	0.824826	-31.655285
#7	0	33	0	2	3	-0.00500000	0.845304	-33.407765
#7	0	34	0	2	3	-0.00500000	0.832263	-32.939799
#7	0	35	0	2	3	-0.00500000	0.820631	-31.695372
#7	0	36	0	2	3	-0.00500000	0.836997	-33.200590
#7	0	37	0	2	3	-0.00500000	0.819690	-32.097193
#7	0	38	0	2	3	-0.00500000	0.808109	-31.263214
#7	0	39	0	2	3	-0.00500000	0.815224	-31.135523
#7	0	40	0	2	3	-0.00500000	0.803398	-29.897923
#7	0	41	0	2	3	-0.00500000	0.815685	-31.165519
#7	0	42	0	2	3	-0.00500000	0.812980	-30.737261
#7	0	43	0	2	3	-0.00500000	0.829418	-32.693307
#7	0	44	0	2	3	-0.00500000	0.789530	-29.464920
#7	0	45	0	2	3	-0.00500000	0.804789	-31.208151
#7	0	46	0	2	3	-0.00500000	0.830106	-32.806514
#7	0	47	0	2	3	-0.00500000	0.819206	-31.373242
#7	0	48	0	2	3	-0.00500000	0.816165	-31.709319
#7	0	49	0	2	3	-0.00500000	0.798496	-30.201709
#7	0	50	0	2	3	-0.00500000	0.812167	-31.795745
#7	0	51	0	2	3	-0.00500000	0.810749	-31.375226
#7	0	52	0	2	3	-0.00500000	0.803385	-31.372512
#7	0	53	0	2	3	-0.00500000	0.777405	-29.262831
#7	0	54	0	2	3	-0.00500000	0.783954	-29.763410
#7	0	55	0	2	3	-0.00500000	0.789443	-29.976449
#7	0	56	0	2	3	-0.00500000	0.838828	-33.261086
#7	0	57	0	2	3	-0.00500000	0.804421	-30.573195
#7	0	58	0	2	3	-0.00500000	0.773283	-29.111048
#7	0	59	0	2	3	-0.00500000	0.811789	-31.449459
#7	0	60	0	2	3	-0.00500000	0.759724	-28.110014
#7	0	61	0	2	3	-0.00500000	0.810884	-31.379063
#7	0	62	0	2	3	-0.00500000	0.771910	-28.435006
#7	0	63	0	2	3	-0.00500000	0.796658	-30.511906
#######################################################################
# TOF Up                                                              #
#######################################################################
7	0	0	0	1	3	5.24830e+00	-1.96630e+00	2.96170e+00
7	0	1	0	1	3	5.24830e+00	-1.96630e+00	2.96170e+00
7	0	2	0	1	3	5.24830e+00	-1.96630e+00	2.96170e+00
7	0	3	0	1	3	5.24830e+00	-1.96630e+00	2.96170e+00
7	0	4	0	1	3	5.24830e+00	-1.96630e+00	2.96170e+00
7	0	5	0	1	3	5.24830e+00	-1.96630e+00	2.96170e+00
7	0	6	0	1	3	6.97090e+00	-3.03520e+00	3.39910e+00
7	0	7	0	1	3	4.05450e+00	-1.96150e+00	2.30360e+00
7	0	8	0	1	3	1.16940e+02	-2.98600e+01	2.09880e+01
7	0	9	0	1	3	5.24830e+00	-1.96630e+00	2.96170e+00
7	0	10	0	1	3	5.24830e+00	-1.96630e+00	2.96170e+00
7	0	11	0	1	3	5.24830e+00	-1.96630e+00	2.96170e+00
7	0	12	0	1	3	5.24830e+00	-1.96630e+00	2.96170e+00
7	0	13	0	1	3	5.24830e+00	-1.96630e+00	2.96170e+00
7	0	14	0	1	3	5.24830e+00	-1.96630e+00	2.96170e+00
7	0	15	0	1	3	5.24830e+00	-1.96630e+00	2.96170e+00
7	0	16	0	1	3	5.24830e+00	-1.96630e+00	2.96170e+00
7	0	17	0	1	3	5.24830e+00	-1.96630e+00	2.96170e+00
7	0	18	0	1	3	5.24830e+00	-1.96630e+00	2.96170e+00
7	0	19	0	1	3	7.11491e-01	1.85180e-03	5.82402e-01
7	0	20	0	1	3	5.59404e-01	-1.73810e-03	4.50716e-01
7	0	21	0	1	3	8.92499e-01	1.99900e-03	7.37364e-01
7	0	22	0	1	3	6.37553e-01	1.99960e-03	5.45449e-01
7	0	23	0	1	3	1.19210e+00	1.98920e-03	9.99994e-01
#######################################################################
# TOF Down                                                            #
#######################################################################
7	0	0	1	1	3	5.84300e+00	-2.30730e+00	3.11320e+00
7	0	1	1	1	3	5.84300e+00	-2.30730e+00	3.11320e+00
7	0	2	1	1	3	5.84300e+00	-2.30730e+00	3.11320e+00
7	0	3	1	1	3	5.84300e+00	-2.30730e+00	3.11320e+00
7	0	4	1	1	3	5.84300e+00	-2.30730e+00	3.11320e+00
7	0	5	1	1	3	5.84300e+00	-2.30730e+00	3.11320e+00
7	0	6	1	1	3	1.41330e+01	-5.81170e+00	5.32680e+00
7	0	7	1	1	3	7.84850e+01	-2.02870e+01	1.69500e+01
7	0	8	1	1	3	2.20240e+02	-3.62440e+01	3.60080e+01
7	0	9	1	1	3	5.84300e+00	-2.30730e+00	3.11320e+00
7	0	10	1	1	3	5.84300e+00	-2.30730e+00	3.11320e+00
7	0	11	1	1	3	5.84300e+00	-2.30730e+00	3.11320e+00
7	0	12	1	1	3	5.84300e+00	-2.30730e+00	3.11320e+00
7	0	13	1	1	3	5.84300e+00	-2.30730e+00	3.11320e+00
7	0	14	1	1	3	5.84300e+00	-2.30730e+00	3.11320e+00
7	0	15	1	1	3	5.84300e+00	-2.30730e+00	3.11320e+00
7	0	16	1	1	3	5.84300e+00	-2.30730e+00	3.11320e+00
7	0	17	1	1	3	5.84300e+00	-2.30730e+00	3.11320e+00
7	0	18	1	1	3	5.84300e+00	-2.30730e+00	3.11320e+00
7	0	19	1	1	3	6.18741e-01	1.99860e-03	4.90831e-01
7	0	20	1	1	3	5.75901e-01	1.04210e-03	4.72509e-01
7	0	21	1	1	3	9.41046e-01	1.99890e-03	7.79357e-01
7	0	22	1	1	3	4.84266e-01	-1.95590e-03	3.99786e-01
7	0	23	1	1	3	8.97714e-01	1.99860e-03	7.56300e-01
#######################################################################
# BFT U                                                               #
#######################################################################
110	0	0	0	2	3	2.32946e-03	-4.55016e-01	1.31858e+01
110	0	1	0	2	3	-2.42706e-03	-9.31503e-02	7.38824e+00
110	0	2	0	2	3	4.74732e-03	-6.28492e-01	1.69568e+01
110	0	3	0	2	3	2.87018e-03	-4.99773e-01	1.39553e+01
110	0	4	0	2	3	3.41039e-03	-5.30173e-01	1.55756e+01
110	0	5	0	2	3	3.54541e-03	-5.31692e-01	1.59433e+01
110	0	6	0	2	3	4.15075e-03	-5.83484e-01	1.57916e+01
110	0	7	0	2	3	3.46460e-03	-5.29566e-01	1.56246e+01
110	0	8	0	2	3	4.02339e-03	-5.76244e-01	1.59105e+01
110	0	9	0	2	3	4.69615e-03	-6.16325e-01	1.69613e+01
110	0	10	0	2	3	4.34489e-03	-6.02179e-01	1.66366e+01
110	0	11	0	2	3	4.83804e-03	-6.23908e-01	1.70810e+01
110	0	12	0	2	3	3.00211e-03	-5.10569e-01	1.44022e+01
110	0	13	0	2	3	3.46615e-03	-5.28787e-01	1.53714e+01
110	0	14	0	2	3	3.74099e-03	-5.55384e-01	1.58792e+01
110	0	15	0	2	3	4.26546e-03	-5.97818e-01	1.68790e+01
110	0	16	0	2	3	3.60985e-03	-5.33093e-01	1.42237e+01
110	0	17	0	2	3	3.66887e-03	-5.45987e-01	1.63794e+01
110	0	18	0	2	3	3.62122e-03	-5.51402e-01	1.47062e+01
110	0	19	0	2	3	4.11670e-03	-5.80483e-01	1.50257e+01
110	0	20	0	2	3	3.61184e-03	-5.42160e-01	1.50134e+01
110	0	21	0	2	3	3.34903e-03	-5.17613e-01	1.60655e+01
110	0	22	0	2	3	4.06347e-03	-5.86258e-01	1.58556e+01
110	0	23	0	2	3	5.04374e-03	-6.38500e-01	1.69630e+01
110	0	24	0	2	3	4.23030e-03	-5.85821e-01	1.60594e+01
110	0	25	0	2	3	4.72853e-03	-6.11112e-01	1.69149e+01
110	0	26	0	2	3	4.13466e-03	-5.88199e-01	1.68799e+01
110	0	27	0	2	3	4.29554e-03	-5.76252e-01	1.56025e+01
110	0	28	0	2	3	3.32621e-03	-5.24627e-01	1.42105e+01
110	0	29	0	2	3	4.43671e-03	-5.87127e-01	1.64049e+01
110	0	30	0	2	3	3.72513e-03	-5.56890e-01	1.61039e+01
110	0	31	0	2	3	3.87868e-03	-5.54903e-01	1.64261e+01
110	0	32	0	2	3	4.08150e-03	-5.84281e-01	1.59253e+01
110	0	33	0	2	3	3.48936e-03	-5.17479e-01	1.31289e+01
110	0	34	0	2	3	3.92754e-03	-5.68743e-01	1.63408e+01
110	0	35	0	2	3	4.68107e-03	-6.23445e-01	1.77597e+01
110	0	36	0	2	3	3.77801e-03	-5.45536e-01	1.46733e+01
110	0	37	0	2	3	4.04617e-03	-5.75359e-01	1.68095e+01
110	0	38	0	2	3	4.33259e-03	-5.88728e-01	1.59816e+01
110	0	39	0	2	3	4.68346e-03	-6.14562e-01	1.71805e+01
110	0	40	0	2	3	4.05764e-03	-5.67877e-01	1.49889e+01
110	0	41	0	2	3	4.16423e-03	-5.76993e-01	1.66023e+01
110	0	42	0	2	3	4.10651e-03	-5.74396e-01	1.57072e+01
110	0	43	0	2	3	4.82000e-03	-6.38773e-01	1.84653e+01
110	0	44	0	2	3	3.98961e-03	-5.72981e-01	1.53505e+01
110	0	45	0	2	3	3.99390e-03	-5.60304e-01	1.57986e+01
110	0	46	0	2	3	4.21705e-03	-5.97222e-01	1.70166e+01
110	0	47	0	2	3	5.03452e-03	-6.52885e-01	1.87312e+01
110	0	48	0	2	3	3.94094e-03	-5.62168e-01	1.50457e+01
110	0	49	0	2	3	4.37868e-03	-5.90615e-01	1.67988e+01
110	0	50	0	2	3	4.32353e-03	-5.92948e-01	1.60216e+01
110	0	51	0	2	3	4.79026e-03	-6.21626e-01	1.72515e+01
110	0	52	0	2	3	3.70394e-03	-5.45091e-01	1.53170e+01
110	0	53	0	2	3	4.01961e-03	-5.63558e-01	1.61020e+01
110	0	54	0	2	3	4.16312e-03	-5.84742e-01	1.65417e+01
110	0	55	0	2	3	4.90006e-03	-6.30800e-01	1.73203e+01
110	0	56	0	2	3	4.00848e-03	-5.83657e-01	1.65437e+01
110	0	57	0	2	3	4.00591e-03	-5.66251e-01	1.68440e+01
110	0	58	0	2	3	3.67331e-03	-5.52581e-01	1.60512e+01
110	0	59	0	2	3	4.36279e-03	-6.08502e-01	1.80113e+01
110	0	60	0	2	3	3.86506e-03	-5.68464e-01	1.49207e+01
110	0	61	0	2	3	3.80063e-03	-5.52203e-01	1.63141e+01
110	0	62	0	2	3	4.73552e-03	-6.25030e-01	1.61256e+01
110	0	63	0	2	3	4.03004e-03	-5.72637e-01	1.56333e+01
110	0	64	0	2	3	3.96627e-03	-5.75851e-01	1.56579e+01
110	0	65	0	2	3	4.15263e-03	-5.82274e-01	1.58468e+01
110	0	66	0	2	3	4.79584e-03	-6.45397e-01	1.81535e+01
110	0	67	0	2	3	3.95658e-03	-5.71452e-01	1.58580e+01
110	0	68	0	2	3	3.70704e-03	-5.65361e-01	1.60450e+01
110	0	69	0	2	3	3.83777e-03	-5.55923e-01	1.58657e+01
110	0	70	0	2	3	4.46689e-03	-6.25724e-01	1.71134e+01
110	0	71	0	2	3	4.33603e-03	-5.99749e-01	1.61040e+01
110	0	72	0	2	3	3.56252e-03	-5.52476e-01	1.56426e+01
110	0	73	0	2	3	4.34893e-03	-6.01632e-01	1.65428e+01
110	0	74	0	2	3	4.69645e-03	-6.38033e-01	1.72146e+01
110	0	75	0	2	3	4.32242e-03	-5.94656e-01	1.66343e+01
110	0	76	0	2	3	3.65766e-03	-5.51113e-01	1.56350e+01
110	0	77	0	2	3	3.49912e-03	-5.38171e-01	1.60201e+01
110	0	78	0	2	3	4.41723e-03	-6.14873e-01	1.70906e+01
110	0	79	0	2	3	4.51179e-03	-6.08084e-01	1.58179e+01
110	0	80	0	2	3	3.86544e-03	-5.66160e-01	1.59318e+01
110	0	81	0	2	3	4.06559e-03	-5.68366e-01	1.60928e+01
110	0	82	0	2	3	4.14164e-03	-5.85058e-01	1.58104e+01
110	0	83	0	2	3	4.33250e-03	-6.00385e-01	1.66314e+01
110	0	84	0	2	3	3.96364e-03	-5.71195e-01	1.64504e+01
110	0	85	0	2	3	3.71119e-03	-5.51091e-01	1.52251e+01
110	0	86	0	2	3	4.37423e-03	-6.17078e-01	1.71847e+01
110	0	87	0	2	3	4.44185e-03	-6.13933e-01	1.76283e+01
110	0	88	0	2	3	3.27258e-03	-5.20122e-01	1.49398e+01
110	0	89	0	2	3	4.13998e-03	-5.84492e-01	1.63965e+01
110	0	90	0	2	3	4.32023e-03	-6.02858e-01	1.65946e+01
110	0	91	0	2	3	4.60718e-03	-6.24090e-01	1.66714e+01
110	0	92	0	2	3	3.94613e-03	-5.83575e-01	1.71261e+01
110	0	93	0	2	3	4.37914e-03	-5.94980e-01	1.62123e+01
110	0	94	0	2	3	4.39473e-03	-6.27827e-01	1.79763e+01
110	0	95	0	2	3	4.16046e-03	-5.90738e-01	1.69042e+01
110	0	96	0	2	3	3.61700e-03	-5.60665e-01	1.63708e+01
110	0	97	0	2	3	3.89383e-03	-5.63199e-01	1.64621e+01
110	0	98	0	2	3	4.60613e-03	-6.33845e-01	1.76357e+01
110	0	99	0	2	3	4.33937e-03	-5.95380e-01	1.57249e+01
110	0	100	0	2	3	4.05303e-03	-5.84921e-01	1.62622e+01
110	0	101	0	2	3	3.82729e-03	-5.61405e-01	1.63871e+01
110	0	102	0	2	3	4.38969e-03	-6.12451e-01	1.70164e+01
110	0	103	0	2	3	4.60381e-03	-6.22815e-01	1.70994e+01
110	0	104	0	2	3	4.06065e-03	-5.83833e-01	1.63203e+01
110	0	105	0	2	3	4.07354e-03	-5.77290e-01	1.61138e+01
110	0	106	0	2	3	4.70369e-03	-6.35021e-01	1.73818e+01
110	0	107	0	2	3	4.83346e-03	-6.31395e-01	1.65523e+01
110	0	108	0	2	3	4.03525e-03	-5.87668e-01	1.63176e+01
110	0	109	0	2	3	3.96226e-03	-5.72336e-01	1.59384e+01
110	0	110	0	2	3	4.26402e-03	-6.02474e-01	1.65253e+01
110	0	111	0	2	3	4.94984e-03	-6.53100e-01	1.75408e+01
110	0	112	0	2	3	4.12495e-03	-5.81270e-01	1.58121e+01
110	0	113	0	2	3	4.49775e-03	-6.04944e-01	1.64046e+01
110	0	114	0	2	3	5.12787e-03	-6.63917e-01	1.87165e+01
110	0	115	0	2	3	4.61976e-03	-6.16687e-01	1.66535e+01
110	0	116	0	2	3	3.90879e-03	-5.77288e-01	1.67295e+01
110	0	117	0	2	3	3.71180e-03	-5.56094e-01	1.66554e+01
110	0	118	0	2	3	4.04851e-03	-5.91515e-01	1.67082e+01
110	0	119	0	2	3	4.90360e-03	-6.33904e-01	1.60629e+01
110	0	120	0	2	3	3.52271e-03	-5.60477e-01	1.66941e+01
110	0	121	0	2	3	5.13556e-03	-6.45253e-01	1.56910e+01
110	0	122	0	2	3	3.35923e-03	-5.44989e-01	1.65408e+01
110	0	123	0	2	3	5.13572e-03	-6.53315e-01	1.75491e+01
110	0	124	0	2	3	-1.20590e-04	-2.68009e-01	1.05545e+01
110	0	125	0	2	3	4.49504e-03	-5.85475e-01	1.38762e+01
110	0	126	0	2	3	4.79094e-03	-6.30416e-01	1.65582e+01
110	0	127	0	2	3	4.08450e-03	-5.76755e-01	1.59473e+01
110	0	128	0	2	3	3.45897e-03	-5.74464e-01	1.70829e+01
110	0	129	0	2	3	3.65229e-03	-5.75649e-01	1.66015e+01
110	0	130	0	2	3	3.21544e-03	-5.49827e-01	1.75238e+01
110	0	131	0	2	3	4.59889e-03	-6.18777e-01	1.71506e+01
110	0	132	0	2	3	2.73464e-03	-5.08578e-01	1.60756e+01
110	0	133	0	2	3	3.73842e-03	-5.64234e-01	1.63816e+01
110	0	134	0	2	3	4.21718e-03	-6.25563e-01	1.77412e+01
110	0	135	0	2	3	4.36411e-03	-6.21073e-01	1.78859e+01
110	0	136	0	2	3	3.70616e-03	-5.66894e-01	1.57763e+01
110	0	137	0	2	3	3.15841e-03	-5.31745e-01	1.62674e+01
110	0	138	0	2	3	2.20102e-03	-4.46164e-01	1.51846e+01
110	0	139	0	2	3	5.62905e-03	-7.05152e-01	1.87026e+01
110	0	140	0	2	3	-3.84646e-03	-1.73337e-02	6.99459e+00
110	0	141	0	2	3	2.91808e-03	-5.14680e-01	1.58013e+01
110	0	142	0	2	3	2.82951e-03	-5.06462e-01	1.62215e+01
110	0	143	0	2	3	2.74396e-03	-4.85965e-01	1.42702e+01
110	0	144	0	2	3	2.36690e-03	-4.77542e-01	1.50275e+01
110	0	145	0	2	3	2.05397e-03	-4.34248e-01	1.38214e+01
110	0	146	0	2	3	2.97107e-03	-5.28864e-01	1.58613e+01
110	0	147	0	2	3	4.60626e-03	-6.30122e-01	1.77397e+01
110	0	148	0	2	3	-1.84143e-03	-1.74952e-01	9.94024e+00
110	0	149	0	2	3	-3.36547e-03	-4.76695e-02	7.19613e+00
110	0	150	0	2	3	3.33489e-03	-5.47703e-01	1.62883e+01
110	0	151	0	2	3	1.81706e-03	-4.33346e-01	1.39745e+01
110	0	152	0	2	3	1.52233e-03	-4.01420e-01	1.37489e+01
110	0	153	0	2	3	1.48129e-03	-4.14344e-01	1.39600e+01
110	0	154	0	2	3	3.29766e-03	-5.35943e-01	1.52550e+01
110	0	155	0	2	3	5.40505e-03	-6.81766e-01	1.77835e+01
110	0	156	0	2	3	1.19803e-03	-3.66451e-01	1.25082e+01
110	0	157	0	2	3	1.84896e-05	-2.68508e-01	1.07429e+01
110	0	158	0	2	3	5.50044e-03	-7.01149e-01	1.85236e+01
110	0	159	0	2	3	4.99421e-03	-6.52346e-01	1.75731e+01
#######################################################################
# BFT D                                                               #
#######################################################################
110	1	0	0	2	3	4.27738e-03	-5.90341e-01	1.69461e+01
110	1	1	0	2	3	2.92164e-03	-4.92776e-01	1.47665e+01
110	1	2	0	2	3	3.19286e-03	-5.33441e-01	1.53599e+01
110	1	3	0	2	3	3.25718e-03	-5.27862e-01	1.60228e+01
110	1	4	0	2	3	2.72806e-03	-4.95354e-01	1.46025e+01
110	1	5	0	2	3	3.49090e-03	-5.47267e-01	1.65053e+01
110	1	6	0	2	3	3.23744e-03	-5.31019e-01	1.50441e+01
110	1	7	0	2	3	3.76275e-03	-5.57126e-01	1.59630e+01
110	1	8	0	2	3	3.69187e-03	-5.57437e-01	1.58486e+01
110	1	9	0	2	3	2.10551e-03	-4.48395e-01	1.56306e+01
110	1	10	0	2	3	3.52382e-03	-5.48654e-01	1.55391e+01
110	1	11	0	2	3	2.98421e-03	-4.97042e-01	1.56358e+01
110	1	12	0	2	3	3.27074e-03	-5.27296e-01	1.54137e+01
110	1	13	0	2	3	3.02289e-03	-5.08423e-01	1.57436e+01
110	1	14	0	2	3	3.97838e-03	-5.90031e-01	1.65174e+01
110	1	15	0	2	3	3.64076e-03	-5.54643e-01	1.64922e+01
110	1	16	0	2	3	3.54693e-03	-5.48034e-01	1.58784e+01
110	1	17	0	2	3	2.83898e-03	-4.90175e-01	1.44924e+01
110	1	18	0	2	3	4.62009e-03	-6.23528e-01	1.65811e+01
110	1	19	0	2	3	3.88082e-03	-5.65979e-01	1.71927e+01
110	1	20	0	2	3	3.54466e-03	-5.60546e-01	1.66354e+01
110	1	21	0	2	3	2.14964e-03	-4.39448e-01	1.48405e+01
110	1	22	0	2	3	3.65735e-03	-5.52966e-01	1.58925e+01
110	1	23	0	2	3	4.04622e-03	-5.74438e-01	1.65487e+01
110	1	24	0	2	3	3.90652e-03	-5.77091e-01	1.63838e+01
110	1	25	0	2	3	4.05270e-03	-5.78740e-01	1.67838e+01
110	1	26	0	2	3	4.01748e-03	-5.86260e-01	1.64084e+01
110	1	27	0	2	3	4.69646e-03	-6.23568e-01	1.82171e+01
110	1	28	0	2	3	4.15805e-03	-5.96286e-01	1.65852e+01
110	1	29	0	2	3	3.23926e-03	-5.20162e-01	1.58859e+01
110	1	30	0	2	3	4.35054e-03	-6.05271e-01	1.69630e+01
110	1	31	0	2	3	4.12669e-03	-5.93056e-01	1.73860e+01
110	1	32	0	2	3	3.84424e-03	-5.74645e-01	1.67306e+01
110	1	33	0	2	3	3.31958e-03	-5.37213e-01	1.52815e+01
110	1	34	0	2	3	4.58576e-03	-6.12060e-01	1.55153e+01
110	1	35	0	2	3	3.99190e-03	-5.88146e-01	1.73485e+01
110	1	36	0	2	3	3.81724e-03	-5.66218e-01	1.60938e+01
110	1	37	0	2	3	3.52121e-03	-5.37254e-01	1.53418e+01
110	1	38	0	2	3	4.08321e-03	-5.85290e-01	1.65716e+01
110	1	39	0	2	3	4.18507e-03	-5.85741e-01	1.71959e+01
110	1	40	0	2	3	3.85669e-03	-5.63807e-01	1.58334e+01
110	1	41	0	2	3	3.62196e-03	-5.45138e-01	1.58931e+01
110	1	42	0	2	3	4.01003e-03	-5.76451e-01	1.56136e+01
110	1	43	0	2	3	3.91591e-03	-5.67226e-01	1.70596e+01
110	1	44	0	2	3	4.02152e-03	-5.81962e-01	1.63133e+01
110	1	45	0	2	3	3.78056e-03	-5.58963e-01	1.63775e+01
110	1	46	0	2	3	4.11635e-03	-5.91562e-01	1.64799e+01
110	1	47	0	2	3	4.28339e-03	-6.14548e-01	1.83700e+01
110	1	48	0	2	3	3.96312e-03	-5.74027e-01	1.58281e+01
110	1	49	0	2	3	3.51541e-03	-5.36666e-01	1.62264e+01
110	1	50	0	2	3	4.34384e-03	-6.05272e-01	1.63956e+01
110	1	51	0	2	3	4.41071e-03	-6.08610e-01	1.72425e+01
110	1	52	0	2	3	4.25003e-03	-6.04913e-01	1.66686e+01
110	1	53	0	2	3	3.86799e-03	-5.65130e-01	1.66885e+01
110	1	54	0	2	3	4.46501e-03	-6.21087e-01	1.69215e+01
110	1	55	0	2	3	4.17203e-03	-5.92252e-01	1.70816e+01
110	1	56	0	2	3	3.83329e-03	-5.82971e-01	1.64150e+01
110	1	57	0	2	3	4.13198e-03	-5.89310e-01	1.67375e+01
110	1	58	0	2	3	3.80572e-03	-5.78571e-01	1.71581e+01
110	1	59	0	2	3	4.45597e-03	-6.20815e-01	1.85815e+01
110	1	60	0	2	3	4.12031e-03	-5.93579e-01	1.62577e+01
110	1	61	0	2	3	4.31004e-03	-5.91321e-01	1.72836e+01
110	1	62	0	2	3	3.98399e-03	-5.80382e-01	1.59685e+01
110	1	63	0	2	3	4.51034e-03	-6.17380e-01	1.75407e+01
110	1	64	0	2	3	3.78411e-03	-5.70881e-01	1.72293e+01
110	1	65	0	2	3	4.05891e-03	-5.81700e-01	1.61536e+01
110	1	66	0	2	3	4.62709e-03	-6.36129e-01	1.70655e+01
110	1	67	0	2	3	4.50783e-03	-6.16601e-01	1.68857e+01
110	1	68	0	2	3	3.29952e-03	-5.26565e-01	1.48103e+01
110	1	69	0	2	3	3.79607e-03	-5.63522e-01	1.59210e+01
110	1	70	0	2	3	4.33413e-03	-6.09527e-01	1.66830e+01
110	1	71	0	2	3	4.23888e-03	-6.05178e-01	1.69701e+01
110	1	72	0	2	3	3.70777e-03	-5.59536e-01	1.62829e+01
110	1	73	0	2	3	4.10440e-03	-5.93659e-01	1.72532e+01
110	1	74	0	2	3	4.12704e-03	-5.91635e-01	1.60334e+01
110	1	75	0	2	3	4.13935e-03	-5.95893e-01	1.62079e+01
110	1	76	0	2	3	3.45504e-03	-5.41341e-01	1.57806e+01
110	1	77	0	2	3	3.98031e-03	-5.86265e-01	1.70756e+01
110	1	78	0	2	3	4.12721e-03	-5.94101e-01	1.60730e+01
110	1	79	0	2	3	4.30976e-03	-6.02023e-01	1.61416e+01
110	1	80	0	2	3	3.97729e-03	-5.76179e-01	1.62499e+01
110	1	81	0	2	3	4.04943e-03	-5.81763e-01	1.61299e+01
110	1	82	0	2	3	4.17974e-03	-5.94474e-01	1.75131e+01
110	1	83	0	2	3	4.03492e-03	-5.71592e-01	1.51887e+01
110	1	84	0	2	3	3.48885e-03	-5.35116e-01	1.50055e+01
110	1	85	0	2	3	3.69181e-03	-5.53608e-01	1.58641e+01
110	1	86	0	2	3	4.27151e-03	-6.03412e-01	1.64346e+01
110	1	87	0	2	3	4.49906e-03	-6.05822e-01	1.54852e+01
110	1	88	0	2	3	3.73237e-03	-5.65631e-01	1.65981e+01
110	1	89	0	2	3	3.74748e-03	-5.63481e-01	1.57371e+01
110	1	90	0	2	3	3.99550e-03	-5.83115e-01	1.60008e+01
110	1	91	0	2	3	4.09804e-03	-5.82889e-01	1.59059e+01
110	1	92	0	2	3	3.65646e-03	-5.47827e-01	1.56958e+01
110	1	93	0	2	3	3.96229e-03	-5.77238e-01	1.65115e+01
110	1	94	0	2	3	4.01367e-03	-5.90214e-01	1.63665e+01
110	1	95	0	2	3	3.80840e-03	-5.72463e-01	1.61760e+01
110	1	96	0	2	3	3.65029e-03	-5.53467e-01	1.55473e+01
110	1	97	0	2	3	3.80687e-03	-5.64626e-01	1.56987e+01
110	1	98	0	2	3	4.31029e-03	-6.22113e-01	1.82137e+01
110	1	99	0	2	3	4.22605e-03	-5.94638e-01	1.65426e+01
110	1	100	0	2	3	3.65587e-03	-5.43700e-01	1.58402e+01
110	1	101	0	2	3	3.64371e-03	-5.51380e-01	1.53142e+01
110	1	102	0	2	3	4.61486e-03	-6.35365e-01	1.75642e+01
110	1	103	0	2	3	4.45407e-03	-6.10087e-01	1.67027e+01
110	1	104	0	2	3	3.79196e-03	-5.64718e-01	1.62618e+01
110	1	105	0	2	3	3.98164e-03	-5.77188e-01	1.55490e+01
110	1	106	0	2	3	4.67947e-03	-6.34633e-01	1.72656e+01
110	1	107	0	2	3	4.80710e-03	-6.36008e-01	1.63097e+01
110	1	108	0	2	3	3.98002e-03	-5.80284e-01	1.72865e+01
110	1	109	0	2	3	3.37487e-03	-5.34941e-01	1.53543e+01
110	1	110	0	2	3	4.25876e-03	-6.07872e-01	1.70913e+01
110	1	111	0	2	3	4.33370e-03	-6.12116e-01	1.72685e+01
110	1	112	0	2	3	3.89555e-03	-5.71193e-01	1.61412e+01
110	1	113	0	2	3	4.16935e-03	-5.89019e-01	1.67763e+01
110	1	114	0	2	3	4.60555e-03	-6.30480e-01	1.70483e+01
110	1	115	0	2	3	4.16431e-03	-5.89835e-01	1.65020e+01
110	1	116	0	2	3	4.16889e-03	-5.98220e-01	1.69045e+01
110	1	117	0	2	3	4.05620e-03	-5.80544e-01	1.65654e+01
110	1	118	0	2	3	4.47659e-03	-6.16786e-01	1.62567e+01
110	1	119	0	2	3	4.95680e-03	-6.43915e-01	1.67615e+01
110	1	120	0	2	3	3.28402e-03	-5.29423e-01	1.53476e+01
110	1	121	0	2	3	4.04977e-03	-5.81133e-01	1.63773e+01
110	1	122	0	2	3	4.70598e-03	-6.44469e-01	1.88587e+01
110	1	123	0	2	3	4.62327e-03	-6.42233e-01	1.92794e+01
110	1	124	0	2	3	4.10904e-03	-5.88726e-01	1.60828e+01
110	1	125	0	2	3	3.33426e-03	-5.35418e-01	1.59655e+01
110	1	126	0	2	3	3.36524e-03	-5.36416e-01	1.58010e+01
110	1	127	0	2	3	4.39471e-03	-6.02631e-01	1.68134e+01
110	1	128	0	2	3	3.69879e-03	-5.79554e-01	1.71853e+01
110	1	129	0	2	3	4.47966e-03	-6.40628e-01	1.83586e+01
110	1	130	0	2	3	3.74721e-03	-5.82907e-01	1.63584e+01
110	1	131	0	2	3	3.04051e-03	-5.20662e-01	1.56097e+01
110	1	132	0	2	3	1.44888e-03	-4.09092e-01	1.42121e+01
110	1	133	0	2	3	4.24538e-03	-5.98730e-01	1.66133e+01
110	1	134	0	2	3	5.44699e-03	-7.09723e-01	1.97005e+01
110	1	135	0	2	3	4.67263e-03	-6.26325e-01	1.64421e+01
110	1	136	0	2	3	5.11719e-03	-6.69207e-01	1.88897e+01
110	1	137	0	2	3	3.48822e-03	-5.54273e-01	1.54320e+01
110	1	138	0	2	3	4.38485e-03	-6.15100e-01	1.71713e+01
110	1	139	0	2	3	4.11407e-03	-6.00463e-01	1.64270e+01
110	1	140	0	2	3	3.43934e-03	-5.47887e-01	1.58456e+01
110	1	141	0	2	3	4.49667e-03	-6.27780e-01	1.72418e+01
110	1	142	0	2	3	7.20103e-03	-8.18591e-01	2.04088e+01
110	1	143	0	2	3	4.37959e-03	-6.13142e-01	1.76795e+01
110	1	144	0	2	3	7.25890e-03	-8.34272e-01	2.12715e+01
110	1	145	0	2	3	5.32122e-03	-6.61045e-01	1.77057e+01
110	1	146	0	2	3	1.50429e-03	-4.13622e-01	1.36382e+01
110	1	147	0	2	3	2.21816e-03	-4.58865e-01	1.37376e+01
110	1	148	0	2	3	3.32360e-03	-5.46296e-01	1.54907e+01
110	1	149	0	2	3	4.33720e-03	-6.03859e-01	1.74041e+01
110	1	150	0	2	3	2.60798e-03	-4.88125e-01	1.53973e+01
110	1	151	0	2	3	2.40084e-03	-4.68092e-01	1.44978e+01
110	1	152	0	2	3	-5.29984e-03	1.23237e-01	4.19497e+00
110	1	153	0	2	3	-1.80142e-03	-1.58331e-01	9.91840e+00
110	1	154	0	2	3	2.90161e-03	-5.18993e-01	1.50271e+01
110	1	155	0	2	3	4.52792e-03	-6.22633e-01	1.72767e+01
110	1	156	0	2	3	7.95997e-04	-3.68027e-01	1.32716e+01
110	1	157	0	2	3	-1.83466e-03	-1.34197e-01	7.86792e+00
110	1	158	0	2	3	3.45308e-03	-5.72508e-01	1.76647e+01
110	1	159	0	2	3	2.84299e-03	-5.17220e-01	1.58532e+01
