##
#  file: HodoPHCParam_Dummy
#  date: 2016.06.15
#  note: first version
#
#
#######################################################################
# CId	PlId	Seg	UorD	Type	nParam	p0	p1	...
#
#	Type=0 no correction will be performed
#	Type=1 ct=t-p[0]/sqrt(a-p[1])+p[2]
#	Type=2 ct=p[0]*a*a + p[1]*a + p[2] for Fiber
#
#######################################################################
# BH1 Up                                                              #
#######################################################################
1	0	0	0	1	3	5.08705e+00	-1.98362e+00	2.93454e+00
1	0	1	0	1	3	6.69706e-01	2.91546e-01	8.10244e-01
1	0	2	0	1	3	5.01779e-01	3.94271e-01	6.64278e-01
1	0	3	0	1	3	7.45330e-01	1.66754e-01	8.56036e-01
1	0	4	0	1	3	8.52890e-01	8.60054e-02	9.27134e-01
1	0	5	0	1	3	1.69981e+00	-1.50393e-01	1.62794e+00
1	0	6	0	1	3	1.58582e+00	-2.35346e-01	1.46587e+00
1	0	7	0	1	3	1.61970e+00	-1.46184e-01	1.54504e+00
1	0	8	0	1	3	1.37546e+00	-2.52696e-01	1.28233e+00
1	0	9	0	1	3	1.74814e+00	-2.76223e-01	1.64100e+00
1	0	10	0	1	3	1.60339e+01	-4.62629e+00	6.81205e+00
#######################################################################
# BH1 Down                                                            #
#######################################################################
1	0	0	1	1	3	1.33519e+00	-9.13138e-02	1.27257e+00
1	0	1	1	1	3	6.24909e-01	2.88647e-01	7.65429e-01
1	0	2	1	1	3	6.68954e-01	2.21542e-01	7.45264e-01
1	0	3	1	1	3	1.32364e+00	-4.57464e-01	1.08318e+00
1	0	4	1	1	3	1.18002e+00	-7.91080e-02	1.17008e+00
1	0	5	1	1	3	2.07299e+00	-4.79828e-01	1.70935e+00
1	0	6	1	1	3	1.96000e+00	-5.20196e-01	1.63958e+00
1	0	7	1	1	3	1.89852e+00	-4.50289e-01	1.60743e+00
1	0	8	1	1	3	1.02469e+00	-6.73213e-02	1.04734e+00
1	0	9	1	1	3	1.64894e+00	-1.85977e-01	1.61292e+00
1	0	10	1	1	3	7.15603e-01	2.22738e-01	8.54972e-01
#######################################################################
# BH2 Up                                                              #
#######################################################################
2	0	0	0	1	3	1.43047e-01	2.98695e-01	2.00085e-01
2	0	1	0	1	3	8.79554e-01	-2.31747e-01	7.85839e-01
2	0	2	0	1	3	5.94572e-01	-4.97541e-01	4.68956e-01
2	0	3	0	1	3	1.91725e-01	3.94747e-02	1.91115e-01
2	0	4	0	1	3	3.31184e-01	-9.38469e-02	3.15823e-01
2	0	5	0	1	3	1.99769e-01	2.70254e-01	2.37321e-01
2	0	6	0	1	3	2.58948e-01	2.41832e-01	3.10133e-01
2	0	7	0	1	3	3.50426e-01	8.80094e-02	3.70898e-01
#######################################################################
# BH2 Down                                                            #
#######################################################################
2	0	0	1	1	3	3.94607e-01	-1.85207e-01	3.84440e-01
2	0	1	1	1	3	9.92155e-01	-3.85817e-01	8.32122e-01
2	0	2	1	1	3	4.10986e-01	-9.27803e-02	3.90143e-01
2	0	3	1	1	3	1.76416e-01	4.84160e-02	1.75490e-01
2	0	4	1	1	3	2.42956e-01	1.23979e-01	2.64593e-01
2	0	5	1	1	3	3.57967e-01	4.32013e-02	3.63973e-01
2	0	6	1	1	3	1.22093e+00	-6.67168e-01	9.30075e-01
2	0	7	1	1	3	2.92156e-01	-4.36810e-03	2.98702e-01
#######################################################################
# BAC                                                                 #
#######################################################################
3	0	0	0	1	3	0.00000e+00	0.00000e+00	0.00000e+00
3	0	1	0	1	3	0.00000e+00	0.00000e+00	0.00000e+00
#######################################################################
# FBH Up                                                              #
#######################################################################
4	0	0	0	2	3	-5.62952e-03	8.96903e-01	-3.53273e+01
4	0	1	0	2	3	-4.29399e-03	7.37975e-01	-3.00049e+01
4	0	2	0	2	3	-5.26894e-03	8.67305e-01	-3.38992e+01
4	0	3	0	2	3	-3.80183e-03	6.69237e-01	-2.72260e+01
4	0	4	0	2	3	-4.35014e-03	7.35785e-01	-2.92008e+01
4	0	5	0	2	3	-4.02541e-03	6.86907e-01	-2.70312e+01
4	0	6	0	2	3	-4.16660e-03	7.08229e-01	-2.81512e+01
4	0	7	0	2	3	-3.93117e-03	6.84759e-01	-2.69101e+01
4	0	8	0	2	3	-4.14423e-03	6.96902e-01	-2.65883e+01
4	0	9	0	2	3	-2.83372e-03	5.62925e-01	-2.20787e+01
4	0	10	0	2	3	-4.07944e-03	7.09420e-01	-2.75603e+01
4	0	11	0	2	3	-3.50961e-03	6.50113e-01	-2.64167e+01
4	0	12	0	2	3	-3.52415e-03	6.49734e-01	-2.67232e+01
4	0	13	0	2	3	-4.13420e-03	7.26957e-01	-2.99675e+01
4	0	14	0	2	3	-4.90315e-03	8.27563e-01	-3.35630e+01
4	0	15	0	2	3	-4.73048e-03	8.13189e-01	-3.31901e+01
#######################################################################
# FBH Down                                                            #
#######################################################################
4	0	0	1	2	3	-5.62952e-03	8.96903e-01	-3.53273e+01
4	0	1	1	2	3	-4.29399e-03	7.37975e-01	-3.00049e+01
4	0	2	1	2	3	-5.26894e-03	8.67305e-01	-3.38992e+01
4	0	3	1	2	3	-3.80183e-03	6.69237e-01	-2.72260e+01
4	0	4	1	2	3	-4.35014e-03	7.35785e-01	-2.92008e+01
4	0	5	1	2	3	-4.02541e-03	6.86907e-01	-2.70312e+01
4	0	6	1	2	3	-4.16660e-03	7.08229e-01	-2.81512e+01
4	0	7	1	2	3	-3.93117e-03	6.84759e-01	-2.69101e+01
4	0	8	1	2	3	-4.14423e-03	6.96902e-01	-2.65883e+01
4	0	9	1	2	3	-2.83372e-03	5.62925e-01	-2.20787e+01
4	0	10	1	2	3	-4.07944e-03	7.09420e-01	-2.75603e+01
4	0	11	1	2	3	-3.50961e-03	6.50113e-01	-2.64167e+01
4	0	12	1	2	3	-3.52415e-03	6.49734e-01	-2.67232e+01
4	0	13	1	2	3	-4.13420e-03	7.26957e-01	-2.99675e+01
4	0	14	1	2	3	-4.90315e-03	8.27563e-01	-3.35630e+01
4	0	15	1	2	3	-4.73048e-03	8.13189e-01	-3.31901e+01
#######################################################################
# PVAC                                                                #
#######################################################################
5	0	0	0	1	3	0.00000e+00	0.00000e+00	0.00000e+00
#######################################################################
# FAC                                                                 #
#######################################################################
6	0	0	0	1	3	0.00000e+00	0.00000e+00	0.00000e+00
#######################################################################
# SCH                                                                 #
#######################################################################
#7	0	0	0	2	3	-0.00500000	0.821213	-32.185321
#7	0	1	0	2	3	-0.00500000	0.830248	-32.269563
#7	0	2	0	2	3	-0.00500000	0.793073	-29.315934
#7	0	3	0	2	3	-0.00500000	0.772144	-28.276705
#7	0	4	0	2	3	-0.00500000	0.801968	-30.687167
#7	0	5	0	2	3	-0.00500000	0.778300	-28.439251
#7	0	6	0	2	3	-0.00500000	0.765872	-27.918181
#7	0	7	0	2	3	-0.00500000	0.738459	-26.016797
#7	0	8	0	2	3	-0.00500000	0.778318	-28.676371
#7	0	9	0	2	3	-0.00500000	0.776670	-28.892887
#7	0	10	0	2	3	-0.00500000	0.764278	-28.122474
#7	0	11	0	2	3	-0.00500000	0.790742	-29.423647
#7	0	12	0	2	3	-0.00500000	0.811330	-30.487019
#7	0	13	0	2	3	-0.00500000	0.818750	-30.891512
#7	0	14	0	2	3	-0.00500000	0.802541	-30.009136
#7	0	15	0	2	3	-0.00500000	0.809525	-30.751746
#7	0	16	0	2	3	-0.00500000	0.802597	-30.845509
#7	0	17	0	2	3	-0.00500000	0.835028	-32.780792
#7	0	18	0	2	3	-0.00500000	0.859176	-33.938731
#7	0	19	0	2	3	-0.00500000	0.814851	-31.445396
#7	0	20	0	2	3	-0.00500000	0.809426	-30.781087
#7	0	21	0	2	3	-0.00500000	0.780678	-28.888756
#7	0	22	0	2	3	-0.00500000	0.808206	-30.719604
#7	0	23	0	2	3	-0.00500000	0.774024	-27.858339
#7	0	24	0	2	3	-0.00500000	0.794308	-29.022101
#7	0	25	0	2	3	-0.00500000	0.775649	-27.980186
#7	0	26	0	2	3	-0.00500000	0.788483	-28.687567
#7	0	27	0	2	3	-0.00466315	0.771386	-29.253260
#7	0	28	0	2	3	-0.00483132	0.790854	-28.637741
#7	0	29	0	2	3	-0.00497049	0.812994	-30.786914
#7	0	30	0	2	3	-0.00500000	0.787793	-28.362716
#7	0	31	0	2	3	-0.00500000	0.790759	-28.876812
#7	0	32	0	2	3	-0.00500000	0.824826	-31.655285
#7	0	33	0	2	3	-0.00500000	0.845304	-33.407765
#7	0	34	0	2	3	-0.00500000	0.832263	-32.939799
#7	0	35	0	2	3	-0.00500000	0.820631	-31.695372
#7	0	36	0	2	3	-0.00500000	0.836997	-33.200590
#7	0	37	0	2	3	-0.00500000	0.819690	-32.097193
#7	0	38	0	2	3	-0.00500000	0.808109	-31.263214
#7	0	39	0	2	3	-0.00500000	0.815224	-31.135523
#7	0	40	0	2	3	-0.00500000	0.803398	-29.897923
#7	0	41	0	2	3	-0.00500000	0.815685	-31.165519
#7	0	42	0	2	3	-0.00500000	0.812980	-30.737261
#7	0	43	0	2	3	-0.00500000	0.829418	-32.693307
#7	0	44	0	2	3	-0.00500000	0.789530	-29.464920
#7	0	45	0	2	3	-0.00500000	0.804789	-31.208151
#7	0	46	0	2	3	-0.00500000	0.830106	-32.806514
#7	0	47	0	2	3	-0.00500000	0.819206	-31.373242
#7	0	48	0	2	3	-0.00500000	0.816165	-31.709319
#7	0	49	0	2	3	-0.00500000	0.798496	-30.201709
#7	0	50	0	2	3	-0.00500000	0.812167	-31.795745
#7	0	51	0	2	3	-0.00500000	0.810749	-31.375226
#7	0	52	0	2	3	-0.00500000	0.803385	-31.372512
#7	0	53	0	2	3	-0.00500000	0.777405	-29.262831
#7	0	54	0	2	3	-0.00500000	0.783954	-29.763410
#7	0	55	0	2	3	-0.00500000	0.789443	-29.976449
#7	0	56	0	2	3	-0.00500000	0.838828	-33.261086
#7	0	57	0	2	3	-0.00500000	0.804421	-30.573195
#7	0	58	0	2	3	-0.00500000	0.773283	-29.111048
#7	0	59	0	2	3	-0.00500000	0.811789	-31.449459
#7	0	60	0	2	3	-0.00500000	0.759724	-28.110014
#7	0	61	0	2	3	-0.00500000	0.810884	-31.379063
#7	0	62	0	2	3	-0.00500000	0.771910	-28.435006
#7	0	63	0	2	3	-0.00500000	0.796658	-30.511906
#######################################################################
# TOF Up                                                              #
#######################################################################
7	0	0	0	1	3	5.24830e+00	-1.96630e+00	2.96170e+00
7	0	1	0	1	3	5.24830e+00	-1.96630e+00	2.96170e+00
7	0	2	0	1	3	5.24830e+00	-1.96630e+00	2.96170e+00
7	0	3	0	1	3	5.24830e+00	-1.96630e+00	2.96170e+00
7	0	4	0	1	3	5.24830e+00	-1.96630e+00	2.96170e+00
7	0	5	0	1	3	5.24830e+00	-1.96630e+00	2.96170e+00
7	0	6	0	1	3	6.97090e+00	-3.03520e+00	3.39910e+00
7	0	7	0	1	3	4.05450e+00	-1.96150e+00	2.30360e+00
7	0	8	0	1	3	1.16940e+02	-2.98600e+01	2.09880e+01
7	0	9	0	1	3	5.24830e+00	-1.96630e+00	2.96170e+00
7	0	10	0	1	3	5.24830e+00	-1.96630e+00	2.96170e+00
7	0	11	0	1	3	5.24830e+00	-1.96630e+00	2.96170e+00
7	0	12	0	1	3	5.24830e+00	-1.96630e+00	2.96170e+00
7	0	13	0	1	3	5.24830e+00	-1.96630e+00	2.96170e+00
7	0	14	0	1	3	5.24830e+00	-1.96630e+00	2.96170e+00
7	0	15	0	1	3	5.24830e+00	-1.96630e+00	2.96170e+00
7	0	16	0	1	3	5.24830e+00	-1.96630e+00	2.96170e+00
7	0	17	0	1	3	5.24830e+00	-1.96630e+00	2.96170e+00
7	0	18	0	1	3	5.24830e+00	-1.96630e+00	2.96170e+00
7	0	19	0	1	3	7.11491e-01	1.85180e-03	5.82402e-01
7	0	20	0	1	3	5.59404e-01	-1.73810e-03	4.50716e-01
7	0	21	0	1	3	8.92499e-01	1.99900e-03	7.37364e-01
7	0	22	0	1	3	6.37553e-01	1.99960e-03	5.45449e-01
7	0	23	0	1	3	1.19210e+00	1.98920e-03	9.99994e-01
#######################################################################
# TOF Down                                                            #
#######################################################################
7	0	0	1	1	3	5.84300e+00	-2.30730e+00	3.11320e+00
7	0	1	1	1	3	5.84300e+00	-2.30730e+00	3.11320e+00
7	0	2	1	1	3	5.84300e+00	-2.30730e+00	3.11320e+00
7	0	3	1	1	3	5.84300e+00	-2.30730e+00	3.11320e+00
7	0	4	1	1	3	5.84300e+00	-2.30730e+00	3.11320e+00
7	0	5	1	1	3	5.84300e+00	-2.30730e+00	3.11320e+00
7	0	6	1	1	3	1.41330e+01	-5.81170e+00	5.32680e+00
7	0	7	1	1	3	7.84850e+01	-2.02870e+01	1.69500e+01
7	0	8	1	1	3	2.20240e+02	-3.62440e+01	3.60080e+01
7	0	9	1	1	3	5.84300e+00	-2.30730e+00	3.11320e+00
7	0	10	1	1	3	5.84300e+00	-2.30730e+00	3.11320e+00
7	0	11	1	1	3	5.84300e+00	-2.30730e+00	3.11320e+00
7	0	12	1	1	3	5.84300e+00	-2.30730e+00	3.11320e+00
7	0	13	1	1	3	5.84300e+00	-2.30730e+00	3.11320e+00
7	0	14	1	1	3	5.84300e+00	-2.30730e+00	3.11320e+00
7	0	15	1	1	3	5.84300e+00	-2.30730e+00	3.11320e+00
7	0	16	1	1	3	5.84300e+00	-2.30730e+00	3.11320e+00
7	0	17	1	1	3	5.84300e+00	-2.30730e+00	3.11320e+00
7	0	18	1	1	3	5.84300e+00	-2.30730e+00	3.11320e+00
7	0	19	1	1	3	6.18741e-01	1.99860e-03	4.90831e-01
7	0	20	1	1	3	5.75901e-01	1.04210e-03	4.72509e-01
7	0	21	1	1	3	9.41046e-01	1.99890e-03	7.79357e-01
7	0	22	1	1	3	4.84266e-01	-1.95590e-03	3.99786e-01
7	0	23	1	1	3	8.97714e-01	1.99860e-03	7.56300e-01
#######################################################################
# BFT U                                                               #
#######################################################################
110	0	0	0	2	3	3.34454e-03	-5.41251e-01	1.47515e+01
110	0	1	0	2	3	-3.44466e-03	3.80898e-03	3.98052e+00
110	0	2	0	2	3	4.85766e-03	-6.34325e-01	1.57622e+01
110	0	3	0	2	3	5.45319e-03	-6.74122e-01	1.56237e+01
110	0	4	0	2	3	4.11315e-03	-5.81329e-01	1.52555e+01
110	0	5	0	2	3	2.38760e-03	-4.48439e-01	1.32296e+01
110	0	6	0	2	3	4.53295e-03	-6.16465e-01	1.52450e+01
110	0	7	0	2	3	4.79350e-03	-6.22041e-01	1.60168e+01
110	0	8	0	2	3	4.02663e-03	-5.80094e-01	1.48293e+01
110	0	9	0	2	3	4.33078e-03	-5.99966e-01	1.66769e+01
110	0	10	0	2	3	3.88823e-03	-5.71701e-01	1.39259e+01
110	0	11	0	2	3	4.36571e-03	-5.98577e-01	1.65843e+01
110	0	12	0	2	3	3.23287e-03	-5.21376e-01	1.32514e+01
110	0	13	0	2	3	4.80455e-03	-6.31879e-01	1.71664e+01
110	0	14	0	2	3	3.91356e-03	-5.68702e-01	1.39167e+01
110	0	15	0	2	3	4.33186e-03	-5.98795e-01	1.65881e+01
110	0	16	0	2	3	3.71864e-03	-5.51710e-01	1.35508e+01
110	0	17	0	2	3	4.06614e-03	-5.67327e-01	1.53675e+01
110	0	18	0	2	3	3.89997e-03	-5.66693e-01	1.37087e+01
110	0	19	0	2	3	4.36157e-03	-6.01554e-01	1.42138e+01
110	0	20	0	2	3	3.87862e-03	-5.58469e-01	1.40451e+01
110	0	21	0	2	3	3.75313e-03	-5.48942e-01	1.64305e+01
110	0	22	0	2	3	3.76894e-03	-5.63170e-01	1.41881e+01
110	0	23	0	2	3	4.41450e-03	-5.87519e-01	1.57597e+01
110	0	24	0	2	3	4.51054e-03	-6.06965e-01	1.52519e+01
110	0	25	0	2	3	4.05234e-03	-5.60296e-01	1.57692e+01
110	0	26	0	2	3	4.13350e-03	-5.88115e-01	1.56574e+01
110	0	27	0	2	3	4.73863e-03	-6.11816e-01	1.61147e+01
110	0	28	0	2	3	3.70928e-03	-5.46389e-01	1.22731e+01
110	0	29	0	2	3	3.92402e-03	-5.55260e-01	1.47427e+01
110	0	30	0	2	3	3.96338e-03	-5.74379e-01	1.42254e+01
110	0	31	0	2	3	4.03561e-03	-5.69723e-01	1.55546e+01
110	0	32	0	2	3	3.90197e-03	-5.74293e-01	1.45628e+01
110	0	33	0	2	3	4.20572e-03	-5.61466e-01	1.35435e+01
110	0	34	0	2	3	4.35047e-03	-5.98953e-01	1.46406e+01
110	0	35	0	2	3	4.74609e-03	-6.29261e-01	1.66586e+01
110	0	36	0	2	3	4.06853e-03	-5.66890e-01	1.38277e+01
110	0	37	0	2	3	4.04346e-03	-5.72301e-01	1.64687e+01
110	0	38	0	2	3	4.07970e-03	-5.70941e-01	1.34351e+01
110	0	39	0	2	3	4.64791e-03	-6.12868e-01	1.59402e+01
110	0	40	0	2	3	3.91351e-03	-5.56293e-01	1.35537e+01
110	0	41	0	2	3	4.16461e-03	-5.78147e-01	1.64419e+01
110	0	42	0	2	3	4.35228e-03	-5.92349e-01	1.48104e+01
110	0	43	0	2	3	4.30610e-03	-5.99842e-01	1.65240e+01
110	0	44	0	2	3	4.08269e-03	-5.79748e-01	1.42516e+01
110	0	45	0	2	3	4.07585e-03	-5.68411e-01	1.57594e+01
110	0	46	0	2	3	4.36578e-03	-6.09007e-01	1.50258e+01
110	0	47	0	2	3	4.30743e-03	-5.99817e-01	1.75516e+01
110	0	48	0	2	3	3.73492e-03	-5.48449e-01	1.26056e+01
110	0	49	0	2	3	4.25934e-03	-5.85550e-01	1.65773e+01
110	0	50	0	2	3	4.39537e-03	-6.00061e-01	1.49591e+01
110	0	51	0	2	3	4.58915e-03	-6.08224e-01	1.58081e+01
110	0	52	0	2	3	3.64562e-03	-5.41597e-01	1.30522e+01
110	0	53	0	2	3	4.64116e-03	-6.06542e-01	1.56044e+01
110	0	54	0	2	3	4.53895e-03	-6.10723e-01	1.47483e+01
110	0	55	0	2	3	4.59601e-03	-6.10999e-01	1.67887e+01
110	0	56	0	2	3	4.09533e-03	-5.89321e-01	1.54173e+01
110	0	57	0	2	3	4.53872e-03	-6.04244e-01	1.62920e+01
110	0	58	0	2	3	4.17987e-03	-5.89597e-01	1.55009e+01
110	0	59	0	2	3	4.40991e-03	-6.14355e-01	1.69620e+01
110	0	60	0	2	3	3.87144e-03	-5.68339e-01	1.36906e+01
110	0	61	0	2	3	3.70535e-03	-5.45870e-01	1.49986e+01
110	0	62	0	2	3	4.72446e-03	-6.21841e-01	1.48115e+01
110	0	63	0	2	3	4.05150e-03	-5.76995e-01	1.45280e+01
110	0	64	0	2	3	3.85430e-03	-5.68427e-01	1.43160e+01
110	0	65	0	2	3	4.16905e-03	-5.83893e-01	1.56647e+01
110	0	66	0	2	3	4.77814e-03	-6.44069e-01	1.69268e+01
110	0	67	0	2	3	3.89584e-03	-5.68126e-01	1.56080e+01
110	0	68	0	2	3	4.15115e-03	-6.00010e-01	1.54823e+01
110	0	69	0	2	3	4.04368e-03	-5.69849e-01	1.48900e+01
110	0	70	0	2	3	4.56296e-03	-6.32071e-01	1.49937e+01
110	0	71	0	2	3	4.73305e-03	-6.28422e-01	1.64056e+01
110	0	72	0	2	3	3.84652e-03	-5.71112e-01	1.37080e+01
110	0	73	0	2	3	4.42617e-03	-6.04849e-01	1.53461e+01
110	0	74	0	2	3	4.36471e-03	-6.15744e-01	1.56275e+01
110	0	75	0	2	3	4.36786e-03	-5.97049e-01	1.54631e+01
110	0	76	0	2	3	3.80957e-03	-5.63588e-01	1.36488e+01
110	0	77	0	2	3	4.21737e-03	-5.88339e-01	1.56465e+01
110	0	78	0	2	3	4.51675e-03	-6.24512e-01	1.50953e+01
110	0	79	0	2	3	4.35885e-03	-5.95650e-01	1.53704e+01
110	0	80	0	2	3	4.29581e-03	-5.97407e-01	1.52744e+01
110	0	81	0	2	3	4.16031e-03	-5.75063e-01	1.50026e+01
110	0	82	0	2	3	4.50926e-03	-6.08966e-01	1.49708e+01
110	0	83	0	2	3	4.54793e-03	-6.13282e-01	1.56022e+01
110	0	84	0	2	3	3.86815e-03	-5.65685e-01	1.41628e+01
110	0	85	0	2	3	4.08904e-03	-5.74904e-01	1.53468e+01
110	0	86	0	2	3	4.54172e-03	-6.27372e-01	1.51143e+01
110	0	87	0	2	3	4.54085e-03	-6.18720e-01	1.64582e+01
110	0	88	0	2	3	4.14730e-03	-5.80971e-01	1.47526e+01
110	0	89	0	2	3	4.33234e-03	-5.97371e-01	1.53778e+01
110	0	90	0	2	3	4.55631e-03	-6.20875e-01	1.46985e+01
110	0	91	0	2	3	4.55708e-03	-6.24918e-01	1.55610e+01
110	0	92	0	2	3	4.00948e-03	-5.86926e-01	1.49284e+01
110	0	93	0	2	3	4.10339e-03	-5.75954e-01	1.46743e+01
110	0	94	0	2	3	4.48765e-03	-6.30341e-01	1.67024e+01
110	0	95	0	2	3	4.40406e-03	-6.08047e-01	1.59988e+01
110	0	96	0	2	3	3.90836e-03	-5.81415e-01	1.45216e+01
110	0	97	0	2	3	4.20367e-03	-5.87388e-01	1.57013e+01
110	0	98	0	2	3	4.41469e-03	-6.22807e-01	1.52697e+01
110	0	99	0	2	3	4.57661e-03	-6.10037e-01	1.57256e+01
110	0	100	0	2	3	3.63910e-03	-5.54830e-01	1.45015e+01
110	0	101	0	2	3	3.93583e-03	-5.69710e-01	1.53192e+01
110	0	102	0	2	3	4.77911e-03	-6.42217e-01	1.63390e+01
110	0	103	0	2	3	4.61121e-03	-6.24480e-01	1.59284e+01
110	0	104	0	2	3	3.94400e-03	-5.77303e-01	1.40123e+01
110	0	105	0	2	3	4.18669e-03	-5.85262e-01	1.50256e+01
110	0	106	0	2	3	4.28146e-03	-6.07339e-01	1.57282e+01
110	0	107	0	2	3	4.72695e-03	-6.23270e-01	1.51687e+01
110	0	108	0	2	3	3.74465e-03	-5.66457e-01	1.47154e+01
110	0	109	0	2	3	4.54957e-03	-6.16406e-01	1.55234e+01
110	0	110	0	2	3	4.05995e-03	-5.88778e-01	1.50903e+01
110	0	111	0	2	3	4.61735e-03	-6.29223e-01	1.59105e+01
110	0	112	0	2	3	3.98126e-03	-5.77140e-01	1.36434e+01
110	0	113	0	2	3	4.08949e-03	-5.78230e-01	1.47857e+01
110	0	114	0	2	3	4.37493e-03	-6.11894e-01	1.56166e+01
110	0	115	0	2	3	4.57469e-03	-6.11714e-01	1.53353e+01
110	0	116	0	2	3	3.38728e-03	-5.43864e-01	1.40011e+01
110	0	117	0	2	3	4.64194e-03	-6.20891e-01	1.65313e+01
110	0	118	0	2	3	5.07927e-03	-6.64609e-01	1.67603e+01
110	0	119	0	2	3	4.18163e-03	-5.82588e-01	1.39712e+01
110	0	120	0	2	3	4.24918e-03	-6.05539e-01	1.51475e+01
110	0	121	0	2	3	3.76870e-03	-5.53782e-01	1.29941e+01
110	0	122	0	2	3	4.70175e-03	-6.35448e-01	1.67525e+01
110	0	123	0	2	3	3.68255e-03	-5.57834e-01	1.48243e+01
110	0	124	0	2	3	3.91591e-03	-5.73373e-01	1.50730e+01
110	0	125	0	2	3	5.15745e-03	-6.31282e-01	1.34445e+01
110	0	126	0	2	3	3.70825e-03	-5.52641e-01	1.39836e+01
110	0	127	0	2	3	5.21961e-03	-6.59710e-01	1.61987e+01
110	0	128	0	2	3	3.97152e-03	-6.01349e-01	1.61242e+01
110	0	129	0	2	3	3.83719e-03	-5.82679e-01	1.54271e+01
110	0	130	0	2	3	2.95286e-03	-5.33217e-01	1.51280e+01
110	0	131	0	2	3	2.34864e-03	-4.54810e-01	1.30657e+01
110	0	132	0	2	3	3.40976e-03	-5.67039e-01	1.60546e+01
110	0	133	0	2	3	4.65555e-03	-6.35704e-01	1.65481e+01
110	0	134	0	2	3	3.20555e-03	-5.52582e-01	1.52604e+01
110	0	135	0	2	3	3.69305e-03	-5.60768e-01	1.44326e+01
110	0	136	0	2	3	2.52074e-03	-4.71384e-01	1.26523e+01
110	0	137	0	2	3	3.07535e-03	-5.21446e-01	1.47732e+01
110	0	138	0	2	3	4.53851e-03	-6.33649e-01	1.67024e+01
110	0	139	0	2	3	1.14940e-03	-3.83143e-01	1.08448e+01
110	0	140	0	2	3	4.09755e-03	-6.12510e-01	1.68605e+01
110	0	141	0	2	3	5.80611e-03	-7.26553e-01	1.73327e+01
110	0	142	0	2	3	5.25441e-03	-6.72384e-01	1.66574e+01
110	0	143	0	2	3	-7.81451e-03	2.79675e-01	-5.96005e-01
110	0	144	0	2	3	3.81386e-03	-5.94731e-01	1.51166e+01
110	0	145	0	2	3	5.94966e-03	-7.13674e-01	1.65013e+01
110	0	146	0	2	3	4.14098e-03	-6.11625e-01	1.62186e+01
110	0	147	0	2	3	2.21078e-03	-4.43566e-01	1.28652e+01
110	0	148	0	2	3	-1.36580e-03	-1.89104e-01	7.53457e+00
110	0	149	0	2	3	4.60747e-03	-6.35854e-01	1.65975e+01
110	0	150	0	2	3	5.81260e-04	-3.57726e-01	1.19923e+01
110	0	151	0	2	3	4.87024e-03	-6.40796e-01	1.61236e+01
110	0	152	0	2	3	4.32750e-03	-6.09675e-01	1.64778e+01
110	0	153	0	2	3	-1.25889e-03	-2.04816e-01	8.85603e+00
110	0	154	0	2	3	5.83228e-03	-6.89519e-01	1.62625e+01
110	0	155	0	2	3	-2.40381e-04	-3.11834e-01	9.63905e+00
110	0	156	0	2	3	-1.37622e-02	7.74678e-01	-1.01433e+01
110	0	157	0	2	3	1.34437e-04	-2.91417e-01	1.01737e+01
110	0	158	0	2	3	6.06837e-03	-7.49158e-01	1.82465e+01
110	0	159	0	2	3	4.82386e-03	-6.50038e-01	1.63579e+01
#######################################################################
# BFT D                                                               #
#######################################################################
110	1	0	0	2	3	5.70342e-03	-7.04374e-01	1.89897e+01
110	1	1	0	2	3	2.38269e-03	-4.56896e-01	1.39461e+01
110	1	2	0	2	3	3.62838e-03	-5.55269e-01	1.53656e+01
110	1	3	0	2	3	4.54246e-03	-6.23561e-01	1.75350e+01
110	1	4	0	2	3	2.39922e-03	-4.59286e-01	1.34948e+01
110	1	5	0	2	3	3.55464e-03	-5.48566e-01	1.62442e+01
110	1	6	0	2	3	4.27510e-03	-6.08392e-01	1.52067e+01
110	1	7	0	2	3	3.24545e-03	-5.18499e-01	1.50310e+01
110	1	8	0	2	3	3.92329e-03	-5.79636e-01	1.61305e+01
110	1	9	0	2	3	3.84825e-03	-5.80420e-01	1.78692e+01
110	1	10	0	2	3	3.90869e-03	-5.77610e-01	1.58298e+01
110	1	11	0	2	3	3.55911e-03	-5.50604e-01	1.56028e+01
110	1	12	0	2	3	3.64645e-03	-5.58679e-01	1.48550e+01
110	1	13	0	2	3	2.42000e-03	-4.66546e-01	1.48155e+01
110	1	14	0	2	3	3.73584e-03	-5.74725e-01	1.50664e+01
110	1	15	0	2	3	4.20781e-03	-5.93344e-01	1.69132e+01
110	1	16	0	2	3	3.53591e-03	-5.48195e-01	1.46940e+01
110	1	17	0	2	3	4.38804e-03	-6.04894e-01	1.63585e+01
110	1	18	0	2	3	4.06994e-03	-5.91623e-01	1.49515e+01
110	1	19	0	2	3	3.85903e-03	-5.61420e-01	1.58380e+01
110	1	20	0	2	3	3.83326e-03	-5.75410e-01	1.55978e+01
110	1	21	0	2	3	2.55823e-03	-4.79498e-01	1.56156e+01
110	1	22	0	2	3	4.03690e-03	-5.79595e-01	1.51149e+01
110	1	23	0	2	3	4.30747e-03	-5.93008e-01	1.66452e+01
110	1	24	0	2	3	3.73310e-03	-5.67218e-01	1.60294e+01
110	1	25	0	2	3	3.95053e-03	-5.71576e-01	1.64551e+01
110	1	26	0	2	3	4.24988e-03	-6.07105e-01	1.56411e+01
110	1	27	0	2	3	4.13804e-03	-5.83312e-01	1.73222e+01
110	1	28	0	2	3	3.71822e-03	-5.68069e-01	1.59426e+01
110	1	29	0	2	3	3.54477e-03	-5.46965e-01	1.62574e+01
110	1	30	0	2	3	4.24262e-03	-6.02798e-01	1.57889e+01
110	1	31	0	2	3	3.81523e-03	-5.65812e-01	1.66092e+01
110	1	32	0	2	3	3.47531e-03	-5.48292e-01	1.60577e+01
110	1	33	0	2	3	3.67200e-03	-5.58959e-01	1.53685e+01
110	1	34	0	2	3	3.84942e-03	-5.67141e-01	1.46538e+01
110	1	35	0	2	3	4.07240e-03	-5.96400e-01	1.73460e+01
110	1	36	0	2	3	3.83551e-03	-5.66399e-01	1.58615e+01
110	1	37	0	2	3	3.74705e-03	-5.57609e-01	1.45566e+01
110	1	38	0	2	3	3.89844e-03	-5.76155e-01	1.62826e+01
110	1	39	0	2	3	4.23103e-03	-5.86704e-01	1.59423e+01
110	1	40	0	2	3	4.12135e-03	-5.84009e-01	1.49845e+01
110	1	41	0	2	3	3.83946e-03	-5.60579e-01	1.59523e+01
110	1	42	0	2	3	3.89577e-03	-5.65665e-01	1.51608e+01
110	1	43	0	2	3	3.80685e-03	-5.59840e-01	1.67172e+01
110	1	44	0	2	3	3.71996e-03	-5.61739e-01	1.47650e+01
110	1	45	0	2	3	3.49041e-03	-5.38800e-01	1.58359e+01
110	1	46	0	2	3	3.97449e-03	-5.85921e-01	1.52560e+01
110	1	47	0	2	3	4.36944e-03	-6.21968e-01	1.83130e+01
110	1	48	0	2	3	4.00340e-03	-5.77421e-01	1.56745e+01
110	1	49	0	2	3	3.75053e-03	-5.53135e-01	1.62808e+01
110	1	50	0	2	3	4.22961e-03	-5.97203e-01	1.50332e+01
110	1	51	0	2	3	4.34878e-03	-6.02198e-01	1.68839e+01
110	1	52	0	2	3	3.96776e-03	-5.88285e-01	1.52159e+01
110	1	53	0	2	3	3.75765e-03	-5.59834e-01	1.64350e+01
110	1	54	0	2	3	4.42531e-03	-6.17698e-01	1.66239e+01
110	1	55	0	2	3	4.03652e-03	-5.80680e-01	1.66343e+01
110	1	56	0	2	3	4.04554e-03	-5.97217e-01	1.54286e+01
110	1	57	0	2	3	4.13226e-03	-5.89033e-01	1.65031e+01
110	1	58	0	2	3	3.97775e-03	-5.92641e-01	1.72335e+01
110	1	59	0	2	3	4.58094e-03	-6.31313e-01	1.85815e+01
110	1	60	0	2	3	3.90072e-03	-5.77395e-01	1.57465e+01
110	1	61	0	2	3	3.82174e-03	-5.53381e-01	1.53384e+01
110	1	62	0	2	3	4.34915e-03	-6.04560e-01	1.51359e+01
110	1	63	0	2	3	3.92818e-03	-5.75522e-01	1.65836e+01
110	1	64	0	2	3	3.81864e-03	-5.75510e-01	1.61309e+01
110	1	65	0	2	3	3.90418e-03	-5.71698e-01	1.57970e+01
110	1	66	0	2	3	4.66524e-03	-6.40921e-01	1.59847e+01
110	1	67	0	2	3	4.53772e-03	-6.20478e-01	1.57689e+01
110	1	68	0	2	3	3.61538e-03	-5.46305e-01	1.38819e+01
110	1	69	0	2	3	3.91020e-03	-5.72025e-01	1.58649e+01
110	1	70	0	2	3	4.42749e-03	-6.15851e-01	1.65686e+01
110	1	71	0	2	3	4.09115e-03	-5.94220e-01	1.65458e+01
110	1	72	0	2	3	3.82537e-03	-5.66788e-01	1.51534e+01
110	1	73	0	2	3	4.01906e-03	-5.88652e-01	1.69767e+01
110	1	74	0	2	3	4.21470e-03	-5.96963e-01	1.48945e+01
110	1	75	0	2	3	4.50157e-03	-6.20278e-01	1.63905e+01
110	1	76	0	2	3	3.67146e-03	-5.58526e-01	1.48991e+01
110	1	77	0	2	3	4.19586e-03	-6.00510e-01	1.60908e+01
110	1	78	0	2	3	4.20416e-03	-5.99972e-01	1.49702e+01
110	1	79	0	2	3	4.28532e-03	-5.99138e-01	1.58702e+01
110	1	80	0	2	3	4.00526e-03	-5.76060e-01	1.49975e+01
110	1	81	0	2	3	4.09632e-03	-5.82561e-01	1.48587e+01
110	1	82	0	2	3	4.85966e-03	-6.46356e-01	1.72513e+01
110	1	83	0	2	3	4.22349e-03	-5.84749e-01	1.51841e+01
110	1	84	0	2	3	3.49658e-03	-5.34750e-01	1.37633e+01
110	1	85	0	2	3	4.11901e-03	-5.83274e-01	1.51303e+01
110	1	86	0	2	3	4.37253e-03	-6.10292e-01	1.63492e+01
110	1	87	0	2	3	4.48441e-03	-6.04413e-01	1.42490e+01
110	1	88	0	2	3	4.03073e-03	-5.83244e-01	1.56069e+01
110	1	89	0	2	3	3.84804e-03	-5.71756e-01	1.46774e+01
110	1	90	0	2	3	4.23671e-03	-5.96962e-01	1.49745e+01
110	1	91	0	2	3	3.95709e-03	-5.73522e-01	1.55430e+01
110	1	92	0	2	3	3.30408e-03	-5.25597e-01	1.41358e+01
110	1	93	0	2	3	3.84451e-03	-5.68411e-01	1.51342e+01
110	1	94	0	2	3	4.23211e-03	-6.01731e-01	1.62711e+01
110	1	95	0	2	3	3.77185e-03	-5.73083e-01	1.50218e+01
110	1	96	0	2	3	3.97421e-03	-5.76310e-01	1.47210e+01
110	1	97	0	2	3	4.13345e-03	-5.86874e-01	1.58392e+01
110	1	98	0	2	3	4.35568e-03	-6.26926e-01	1.71084e+01
110	1	99	0	2	3	4.31791e-03	-6.04556e-01	1.55584e+01
110	1	100	0	2	3	3.86366e-03	-5.57684e-01	1.48441e+01
110	1	101	0	2	3	3.99831e-03	-5.76797e-01	1.55292e+01
110	1	102	0	2	3	4.14123e-03	-5.98664e-01	1.56615e+01
110	1	103	0	2	3	4.41648e-03	-6.08109e-01	1.54619e+01
110	1	104	0	2	3	4.45375e-03	-6.12727e-01	1.58859e+01
110	1	105	0	2	3	3.86987e-03	-5.68856e-01	1.51713e+01
110	1	106	0	2	3	4.54462e-03	-6.26087e-01	1.69089e+01
110	1	107	0	2	3	4.81727e-03	-6.34626e-01	1.60347e+01
110	1	108	0	2	3	3.45755e-03	-5.42489e-01	1.54172e+01
110	1	109	0	2	3	3.66367e-03	-5.57074e-01	1.55439e+01
110	1	110	0	2	3	4.79299e-03	-6.46877e-01	1.65709e+01
110	1	111	0	2	3	3.97168e-03	-5.87629e-01	1.66625e+01
110	1	112	0	2	3	4.46324e-03	-6.17089e-01	1.58199e+01
110	1	113	0	2	3	4.28286e-03	-5.99007e-01	1.57758e+01
110	1	114	0	2	3	4.74049e-03	-6.39660e-01	1.59702e+01
110	1	115	0	2	3	4.72217e-03	-6.29180e-01	1.59447e+01
110	1	116	0	2	3	4.21949e-03	-6.05806e-01	1.58967e+01
110	1	117	0	2	3	4.15034e-03	-5.86613e-01	1.54470e+01
110	1	118	0	2	3	4.33636e-03	-6.07309e-01	1.48980e+01
110	1	119	0	2	3	4.16135e-03	-5.86302e-01	1.55551e+01
110	1	120	0	2	3	4.45762e-03	-6.12002e-01	1.55580e+01
110	1	121	0	2	3	3.61336e-03	-5.52520e-01	1.47340e+01
110	1	122	0	2	3	5.36806e-03	-6.97841e-01	1.87210e+01
110	1	123	0	2	3	2.23306e-03	-4.51476e-01	1.43287e+01
110	1	124	0	2	3	4.80394e-03	-6.31613e-01	1.54943e+01
110	1	125	0	2	3	3.79811e-03	-5.63464e-01	1.51483e+01
110	1	126	0	2	3	4.49846e-03	-6.09273e-01	1.56989e+01
110	1	127	0	2	3	3.65703e-03	-5.47944e-01	1.46265e+01
110	1	128	0	2	3	3.07329e-03	-5.45984e-01	1.56407e+01
110	1	129	0	2	3	5.05566e-03	-6.76043e-01	1.76130e+01
110	1	130	0	2	3	4.46312e-03	-6.25448e-01	1.57690e+01
110	1	131	0	2	3	2.09354e-03	-4.47882e-01	1.30259e+01
110	1	132	0	2	3	5.08559e-03	-6.79496e-01	1.79562e+01
110	1	133	0	2	3	3.69619e-03	-5.63695e-01	1.48455e+01
110	1	134	0	2	3	3.12901e-03	-5.43025e-01	1.55256e+01
110	1	135	0	2	3	5.69979e-03	-6.95170e-01	1.73517e+01
110	1	136	0	2	3	4.55665e-03	-6.39808e-01	1.74243e+01
110	1	137	0	2	3	4.83686e-03	-6.51056e-01	1.68606e+01
110	1	138	0	2	3	4.43263e-03	-6.21376e-01	1.60726e+01
110	1	139	0	2	3	2.99496e-03	-5.08383e-01	1.43706e+01
110	1	140	0	2	3	5.47532e-03	-6.94309e-01	1.72755e+01
110	1	141	0	2	3	3.94579e-03	-5.94880e-01	1.55337e+01
110	1	142	0	2	3	3.25700e-03	-5.37024e-01	1.42213e+01
110	1	143	0	2	3	6.68916e-03	-7.92007e-01	1.99693e+01
110	1	144	0	2	3	-7.84250e-03	2.74307e-01	1.05380e+00
110	1	145	0	2	3	3.51011e-03	-5.54236e-01	1.50789e+01
110	1	146	0	2	3	2.02173e-03	-4.58070e-01	1.33784e+01
110	1	147	0	2	3	4.39897e-03	-6.04809e-01	1.48899e+01
110	1	148	0	2	3	4.58706e-03	-6.24251e-01	1.53981e+01
110	1	149	0	2	3	2.61113e-03	-4.83324e-01	1.41879e+01
110	1	150	0	2	3	1.37980e-03	-4.15219e-01	1.31973e+01
110	1	151	0	2	3	2.93934e-03	-5.02241e-01	1.37319e+01
110	1	152	0	2	3	4.91058e-03	-7.13917e-01	2.00598e+01
110	1	153	0	2	3	-8.30980e-03	3.53470e-01	-1.43670e+00
110	1	154	0	2	3	-4.84817e-03	5.00756e-02	4.72703e+00
110	1	155	0	2	3	2.84768e-03	-5.04672e-01	1.29870e+01
110	1	156	0	2	3	7.44897e-03	-8.53442e-01	2.08625e+01
110	1	157	0	2	3	7.57042e-04	-3.60962e-01	1.25555e+01
110	1	158	0	2	3	-1.74454e-02	1.04133e+00	-1.44020e+01
110	1	159	0	2	3	2.51748e-03	-4.68347e-01	1.43184e+01
