##
#  file: HodoPHCParam_Dummy
#  date: 2016.06.15
#  note: first version
#
#
#######################################################################
# CId	PlId	Seg	UorD	Type	nParam	p0	p1	...
#
#	Type=0 no correction will be performed
#	Type=1 ct=t-p[0]/sqrt(a-p[1])+p[2]
#	Type=2 ct=p[0]*a*a + p[1]*a + p[2] for Fiber
#
#######################################################################
# BH1 Up                                                              #
#######################################################################
1	0	0	0	1	3	5.08705e+00	-1.98362e+00	2.93454e+00
1	0	1	0	1	3	6.69706e-01	2.91546e-01	8.10244e-01
1	0	2	0	1	3	5.01779e-01	3.94271e-01	6.64278e-01
1	0	3	0	1	3	7.45330e-01	1.66754e-01	8.56036e-01
1	0	4	0	1	3	8.52890e-01	8.60054e-02	9.27134e-01
1	0	5	0	1	3	1.69981e+00	-1.50393e-01	1.62794e+00
1	0	6	0	1	3	1.58582e+00	-2.35346e-01	1.46587e+00
1	0	7	0	1	3	1.61970e+00	-1.46184e-01	1.54504e+00
1	0	8	0	1	3	1.37546e+00	-2.52696e-01	1.28233e+00
1	0	9	0	1	3	1.74814e+00	-2.76223e-01	1.64100e+00
1	0	10	0	1	3	1.60339e+01	-4.62629e+00	6.81205e+00
#######################################################################
# BH1 Down                                                            #
#######################################################################
1	0	0	1	1	3	1.33519e+00	-9.13138e-02	1.27257e+00
1	0	1	1	1	3	6.24909e-01	2.88647e-01	7.65429e-01
1	0	2	1	1	3	6.68954e-01	2.21542e-01	7.45264e-01
1	0	3	1	1	3	1.32364e+00	-4.57464e-01	1.08318e+00
1	0	4	1	1	3	1.18002e+00	-7.91080e-02	1.17008e+00
1	0	5	1	1	3	2.07299e+00	-4.79828e-01	1.70935e+00
1	0	6	1	1	3	1.96000e+00	-5.20196e-01	1.63958e+00
1	0	7	1	1	3	1.89852e+00	-4.50289e-01	1.60743e+00
1	0	8	1	1	3	1.02469e+00	-6.73213e-02	1.04734e+00
1	0	9	1	1	3	1.64894e+00	-1.85977e-01	1.61292e+00
1	0	10	1	1	3	7.15603e-01	2.22738e-01	8.54972e-01
#######################################################################
# BH2 Up                                                              #
#######################################################################
2	0	0	0	1	3	1.43047e-01	2.98695e-01	2.00085e-01
2	0	1	0	1	3	8.79554e-01	-2.31747e-01	7.85839e-01
2	0	2	0	1	3	5.94572e-01	-4.97541e-01	4.68956e-01
2	0	3	0	1	3	1.91725e-01	3.94747e-02	1.91115e-01
2	0	4	0	1	3	3.31184e-01	-9.38469e-02	3.15823e-01
2	0	5	0	1	3	1.99769e-01	2.70254e-01	2.37321e-01
2	0	6	0	1	3	2.58948e-01	2.41832e-01	3.10133e-01
2	0	7	0	1	3	3.50426e-01	8.80094e-02	3.70898e-01
#######################################################################
# BH2 Down                                                            #
#######################################################################
2	0	0	1	1	3	3.94607e-01	-1.85207e-01	3.84440e-01
2	0	1	1	1	3	9.92155e-01	-3.85817e-01	8.32122e-01
2	0	2	1	1	3	4.10986e-01	-9.27803e-02	3.90143e-01
2	0	3	1	1	3	1.76416e-01	4.84160e-02	1.75490e-01
2	0	4	1	1	3	2.42956e-01	1.23979e-01	2.64593e-01
2	0	5	1	1	3	3.57967e-01	4.32013e-02	3.63973e-01
2	0	6	1	1	3	1.22093e+00	-6.67168e-01	9.30075e-01
2	0	7	1	1	3	2.92156e-01	-4.36810e-03	2.98702e-01
#######################################################################
# BAC                                                                 #
#######################################################################
3	0	0	0	1	3	0.00000e+00	0.00000e+00	0.00000e+00
3	0	1	0	1	3	0.00000e+00	0.00000e+00	0.00000e+00
#######################################################################
# FBH Up                                                              #
#######################################################################
4	0	0	0	2	3	-5.62952e-03	8.96903e-01	-3.53273e+01
4	0	1	0	2	3	-4.29399e-03	7.37975e-01	-3.00049e+01
4	0	2	0	2	3	-5.26894e-03	8.67305e-01	-3.38992e+01
4	0	3	0	2	3	-3.80183e-03	6.69237e-01	-2.72260e+01
4	0	4	0	2	3	-4.35014e-03	7.35785e-01	-2.92008e+01
4	0	5	0	2	3	-4.02541e-03	6.86907e-01	-2.70312e+01
4	0	6	0	2	3	-4.16660e-03	7.08229e-01	-2.81512e+01
4	0	7	0	2	3	-3.93117e-03	6.84759e-01	-2.69101e+01
4	0	8	0	2	3	-4.14423e-03	6.96902e-01	-2.65883e+01
4	0	9	0	2	3	-2.83372e-03	5.62925e-01	-2.20787e+01
4	0	10	0	2	3	-4.07944e-03	7.09420e-01	-2.75603e+01
4	0	11	0	2	3	-3.50961e-03	6.50113e-01	-2.64167e+01
4	0	12	0	2	3	-3.52415e-03	6.49734e-01	-2.67232e+01
4	0	13	0	2	3	-4.13420e-03	7.26957e-01	-2.99675e+01
4	0	14	0	2	3	-4.90315e-03	8.27563e-01	-3.35630e+01
4	0	15	0	2	3	-4.73048e-03	8.13189e-01	-3.31901e+01
#######################################################################
# FBH Down                                                            #
#######################################################################
4	0	0	1	2	3	-5.62952e-03	8.96903e-01	-3.53273e+01
4	0	1	1	2	3	-4.29399e-03	7.37975e-01	-3.00049e+01
4	0	2	1	2	3	-5.26894e-03	8.67305e-01	-3.38992e+01
4	0	3	1	2	3	-3.80183e-03	6.69237e-01	-2.72260e+01
4	0	4	1	2	3	-4.35014e-03	7.35785e-01	-2.92008e+01
4	0	5	1	2	3	-4.02541e-03	6.86907e-01	-2.70312e+01
4	0	6	1	2	3	-4.16660e-03	7.08229e-01	-2.81512e+01
4	0	7	1	2	3	-3.93117e-03	6.84759e-01	-2.69101e+01
4	0	8	1	2	3	-4.14423e-03	6.96902e-01	-2.65883e+01
4	0	9	1	2	3	-2.83372e-03	5.62925e-01	-2.20787e+01
4	0	10	1	2	3	-4.07944e-03	7.09420e-01	-2.75603e+01
4	0	11	1	2	3	-3.50961e-03	6.50113e-01	-2.64167e+01
4	0	12	1	2	3	-3.52415e-03	6.49734e-01	-2.67232e+01
4	0	13	1	2	3	-4.13420e-03	7.26957e-01	-2.99675e+01
4	0	14	1	2	3	-4.90315e-03	8.27563e-01	-3.35630e+01
4	0	15	1	2	3	-4.73048e-03	8.13189e-01	-3.31901e+01
#######################################################################
# PVAC                                                                #
#######################################################################
5	0	0	0	1	3	0.00000e+00	0.00000e+00	0.00000e+00
#######################################################################
# FAC                                                                 #
#######################################################################
6	0	0	0	1	3	0.00000e+00	0.00000e+00	0.00000e+00
#######################################################################
# SCH                                                                 #
#######################################################################
#7	0	0	0	2	3	-0.00500000	0.821213	-32.185321
#7	0	1	0	2	3	-0.00500000	0.830248	-32.269563
#7	0	2	0	2	3	-0.00500000	0.793073	-29.315934
#7	0	3	0	2	3	-0.00500000	0.772144	-28.276705
#7	0	4	0	2	3	-0.00500000	0.801968	-30.687167
#7	0	5	0	2	3	-0.00500000	0.778300	-28.439251
#7	0	6	0	2	3	-0.00500000	0.765872	-27.918181
#7	0	7	0	2	3	-0.00500000	0.738459	-26.016797
#7	0	8	0	2	3	-0.00500000	0.778318	-28.676371
#7	0	9	0	2	3	-0.00500000	0.776670	-28.892887
#7	0	10	0	2	3	-0.00500000	0.764278	-28.122474
#7	0	11	0	2	3	-0.00500000	0.790742	-29.423647
#7	0	12	0	2	3	-0.00500000	0.811330	-30.487019
#7	0	13	0	2	3	-0.00500000	0.818750	-30.891512
#7	0	14	0	2	3	-0.00500000	0.802541	-30.009136
#7	0	15	0	2	3	-0.00500000	0.809525	-30.751746
#7	0	16	0	2	3	-0.00500000	0.802597	-30.845509
#7	0	17	0	2	3	-0.00500000	0.835028	-32.780792
#7	0	18	0	2	3	-0.00500000	0.859176	-33.938731
#7	0	19	0	2	3	-0.00500000	0.814851	-31.445396
#7	0	20	0	2	3	-0.00500000	0.809426	-30.781087
#7	0	21	0	2	3	-0.00500000	0.780678	-28.888756
#7	0	22	0	2	3	-0.00500000	0.808206	-30.719604
#7	0	23	0	2	3	-0.00500000	0.774024	-27.858339
#7	0	24	0	2	3	-0.00500000	0.794308	-29.022101
#7	0	25	0	2	3	-0.00500000	0.775649	-27.980186
#7	0	26	0	2	3	-0.00500000	0.788483	-28.687567
#7	0	27	0	2	3	-0.00466315	0.771386	-29.253260
#7	0	28	0	2	3	-0.00483132	0.790854	-28.637741
#7	0	29	0	2	3	-0.00497049	0.812994	-30.786914
#7	0	30	0	2	3	-0.00500000	0.787793	-28.362716
#7	0	31	0	2	3	-0.00500000	0.790759	-28.876812
#7	0	32	0	2	3	-0.00500000	0.824826	-31.655285
#7	0	33	0	2	3	-0.00500000	0.845304	-33.407765
#7	0	34	0	2	3	-0.00500000	0.832263	-32.939799
#7	0	35	0	2	3	-0.00500000	0.820631	-31.695372
#7	0	36	0	2	3	-0.00500000	0.836997	-33.200590
#7	0	37	0	2	3	-0.00500000	0.819690	-32.097193
#7	0	38	0	2	3	-0.00500000	0.808109	-31.263214
#7	0	39	0	2	3	-0.00500000	0.815224	-31.135523
#7	0	40	0	2	3	-0.00500000	0.803398	-29.897923
#7	0	41	0	2	3	-0.00500000	0.815685	-31.165519
#7	0	42	0	2	3	-0.00500000	0.812980	-30.737261
#7	0	43	0	2	3	-0.00500000	0.829418	-32.693307
#7	0	44	0	2	3	-0.00500000	0.789530	-29.464920
#7	0	45	0	2	3	-0.00500000	0.804789	-31.208151
#7	0	46	0	2	3	-0.00500000	0.830106	-32.806514
#7	0	47	0	2	3	-0.00500000	0.819206	-31.373242
#7	0	48	0	2	3	-0.00500000	0.816165	-31.709319
#7	0	49	0	2	3	-0.00500000	0.798496	-30.201709
#7	0	50	0	2	3	-0.00500000	0.812167	-31.795745
#7	0	51	0	2	3	-0.00500000	0.810749	-31.375226
#7	0	52	0	2	3	-0.00500000	0.803385	-31.372512
#7	0	53	0	2	3	-0.00500000	0.777405	-29.262831
#7	0	54	0	2	3	-0.00500000	0.783954	-29.763410
#7	0	55	0	2	3	-0.00500000	0.789443	-29.976449
#7	0	56	0	2	3	-0.00500000	0.838828	-33.261086
#7	0	57	0	2	3	-0.00500000	0.804421	-30.573195
#7	0	58	0	2	3	-0.00500000	0.773283	-29.111048
#7	0	59	0	2	3	-0.00500000	0.811789	-31.449459
#7	0	60	0	2	3	-0.00500000	0.759724	-28.110014
#7	0	61	0	2	3	-0.00500000	0.810884	-31.379063
#7	0	62	0	2	3	-0.00500000	0.771910	-28.435006
#7	0	63	0	2	3	-0.00500000	0.796658	-30.511906
#######################################################################
# TOF Up                                                              #
#######################################################################
7	0	0	0	1	3	5.24830e+00	-1.96630e+00	2.96170e+00
7	0	1	0	1	3	5.24830e+00	-1.96630e+00	2.96170e+00
7	0	2	0	1	3	5.24830e+00	-1.96630e+00	2.96170e+00
7	0	3	0	1	3	5.24830e+00	-1.96630e+00	2.96170e+00
7	0	4	0	1	3	5.24830e+00	-1.96630e+00	2.96170e+00
7	0	5	0	1	3	5.24830e+00	-1.96630e+00	2.96170e+00
7	0	6	0	1	3	6.97090e+00	-3.03520e+00	3.39910e+00
7	0	7	0	1	3	4.05450e+00	-1.96150e+00	2.30360e+00
7	0	8	0	1	3	1.16940e+02	-2.98600e+01	2.09880e+01
7	0	9	0	1	3	5.24830e+00	-1.96630e+00	2.96170e+00
7	0	10	0	1	3	5.24830e+00	-1.96630e+00	2.96170e+00
7	0	11	0	1	3	5.24830e+00	-1.96630e+00	2.96170e+00
7	0	12	0	1	3	5.24830e+00	-1.96630e+00	2.96170e+00
7	0	13	0	1	3	5.24830e+00	-1.96630e+00	2.96170e+00
7	0	14	0	1	3	5.24830e+00	-1.96630e+00	2.96170e+00
7	0	15	0	1	3	5.24830e+00	-1.96630e+00	2.96170e+00
7	0	16	0	1	3	5.24830e+00	-1.96630e+00	2.96170e+00
7	0	17	0	1	3	5.24830e+00	-1.96630e+00	2.96170e+00
7	0	18	0	1	3	5.24830e+00	-1.96630e+00	2.96170e+00
7	0	19	0	1	3	7.11491e-01	1.85180e-03	5.82402e-01
7	0	20	0	1	3	5.59404e-01	-1.73810e-03	4.50716e-01
7	0	21	0	1	3	8.92499e-01	1.99900e-03	7.37364e-01
7	0	22	0	1	3	6.37553e-01	1.99960e-03	5.45449e-01
7	0	23	0	1	3	1.19210e+00	1.98920e-03	9.99994e-01
#######################################################################
# TOF Down                                                            #
#######################################################################
7	0	0	1	1	3	5.84300e+00	-2.30730e+00	3.11320e+00
7	0	1	1	1	3	5.84300e+00	-2.30730e+00	3.11320e+00
7	0	2	1	1	3	5.84300e+00	-2.30730e+00	3.11320e+00
7	0	3	1	1	3	5.84300e+00	-2.30730e+00	3.11320e+00
7	0	4	1	1	3	5.84300e+00	-2.30730e+00	3.11320e+00
7	0	5	1	1	3	5.84300e+00	-2.30730e+00	3.11320e+00
7	0	6	1	1	3	1.41330e+01	-5.81170e+00	5.32680e+00
7	0	7	1	1	3	7.84850e+01	-2.02870e+01	1.69500e+01
7	0	8	1	1	3	2.20240e+02	-3.62440e+01	3.60080e+01
7	0	9	1	1	3	5.84300e+00	-2.30730e+00	3.11320e+00
7	0	10	1	1	3	5.84300e+00	-2.30730e+00	3.11320e+00
7	0	11	1	1	3	5.84300e+00	-2.30730e+00	3.11320e+00
7	0	12	1	1	3	5.84300e+00	-2.30730e+00	3.11320e+00
7	0	13	1	1	3	5.84300e+00	-2.30730e+00	3.11320e+00
7	0	14	1	1	3	5.84300e+00	-2.30730e+00	3.11320e+00
7	0	15	1	1	3	5.84300e+00	-2.30730e+00	3.11320e+00
7	0	16	1	1	3	5.84300e+00	-2.30730e+00	3.11320e+00
7	0	17	1	1	3	5.84300e+00	-2.30730e+00	3.11320e+00
7	0	18	1	1	3	5.84300e+00	-2.30730e+00	3.11320e+00
7	0	19	1	1	3	6.18741e-01	1.99860e-03	4.90831e-01
7	0	20	1	1	3	5.75901e-01	1.04210e-03	4.72509e-01
7	0	21	1	1	3	9.41046e-01	1.99890e-03	7.79357e-01
7	0	22	1	1	3	4.84266e-01	-1.95590e-03	3.99786e-01
7	0	23	1	1	3	8.97714e-01	1.99860e-03	7.56300e-01
#######################################################################
# BFT U                                                               #
#######################################################################
110	0	0	0	2	3	5.38246e-03	-6.83852e-01	1.73584e+01
110	0	1	0	2	3	2.01332e-03	-4.06898e-01	1.17869e+01
110	0	2	0	2	3	3.78544e-03	-5.63492e-01	1.47961e+01
110	0	3	0	2	3	3.85547e-03	-5.68418e-01	1.40146e+01
110	0	4	0	2	3	3.24258e-03	-5.21034e-01	1.44400e+01
110	0	5	0	2	3	3.15614e-03	-5.03439e-01	1.43256e+01
110	0	6	0	2	3	3.48731e-03	-5.43357e-01	1.41352e+01
110	0	7	0	2	3	4.27936e-03	-5.82579e-01	1.53708e+01
110	0	8	0	2	3	3.71644e-03	-5.56037e-01	1.45332e+01
110	0	9	0	2	3	4.85431e-03	-6.29176e-01	1.71537e+01
110	0	10	0	2	3	3.69941e-03	-5.60129e-01	1.39126e+01
110	0	11	0	2	3	4.44153e-03	-5.99601e-01	1.66253e+01
110	0	12	0	2	3	3.49572e-03	-5.35598e-01	1.35812e+01
110	0	13	0	2	3	3.64759e-03	-5.45869e-01	1.56795e+01
110	0	14	0	2	3	3.09658e-03	-5.16583e-01	1.32620e+01
110	0	15	0	2	3	4.18335e-03	-5.91197e-01	1.66426e+01
110	0	16	0	2	3	4.22038e-03	-5.83593e-01	1.41094e+01
110	0	17	0	2	3	4.59865e-03	-6.06579e-01	1.62319e+01
110	0	18	0	2	3	4.07045e-03	-5.79182e-01	1.40885e+01
110	0	19	0	2	3	4.22325e-03	-5.93345e-01	1.42596e+01
110	0	20	0	2	3	3.03810e-03	-5.06065e-01	1.34072e+01
110	0	21	0	2	3	3.45979e-03	-5.34319e-01	1.64703e+01
110	0	22	0	2	3	4.79392e-03	-6.34544e-01	1.55722e+01
110	0	23	0	2	3	3.98227e-03	-5.63360e-01	1.55913e+01
110	0	24	0	2	3	4.63007e-03	-6.13073e-01	1.54817e+01
110	0	25	0	2	3	3.16927e-03	-4.99620e-01	1.49072e+01
110	0	26	0	2	3	3.99753e-03	-5.82239e-01	1.57737e+01
110	0	27	0	2	3	4.35554e-03	-5.87268e-01	1.58694e+01
110	0	28	0	2	3	3.34962e-03	-5.28211e-01	1.22077e+01
110	0	29	0	2	3	3.99783e-03	-5.57583e-01	1.48544e+01
110	0	30	0	2	3	4.22286e-03	-5.95168e-01	1.47599e+01
110	0	31	0	2	3	4.24465e-03	-5.88412e-01	1.60762e+01
110	0	32	0	2	3	3.94688e-03	-5.75313e-01	1.46666e+01
110	0	33	0	2	3	4.10268e-03	-5.55591e-01	1.36130e+01
110	0	34	0	2	3	4.42858e-03	-6.05770e-01	1.49333e+01
110	0	35	0	2	3	4.83031e-03	-6.31373e-01	1.67503e+01
110	0	36	0	2	3	3.76031e-03	-5.46604e-01	1.36662e+01
110	0	37	0	2	3	4.26122e-03	-5.88937e-01	1.69313e+01
110	0	38	0	2	3	3.99927e-03	-5.73172e-01	1.37853e+01
110	0	39	0	2	3	4.42884e-03	-5.94277e-01	1.57047e+01
110	0	40	0	2	3	3.58017e-03	-5.36606e-01	1.34251e+01
110	0	41	0	2	3	4.16023e-03	-5.76472e-01	1.65040e+01
110	0	42	0	2	3	4.07249e-03	-5.73889e-01	1.46623e+01
110	0	43	0	2	3	4.31587e-03	-5.98731e-01	1.66022e+01
110	0	44	0	2	3	3.48470e-03	-5.38977e-01	1.37183e+01
110	0	45	0	2	3	4.11917e-03	-5.70412e-01	1.59114e+01
110	0	46	0	2	3	4.35345e-03	-6.08529e-01	1.51644e+01
110	0	47	0	2	3	4.81786e-03	-6.34542e-01	1.82575e+01
110	0	48	0	2	3	3.60406e-03	-5.39320e-01	1.25905e+01
110	0	49	0	2	3	4.62985e-03	-6.08982e-01	1.70372e+01
110	0	50	0	2	3	4.47010e-03	-6.03565e-01	1.51328e+01
110	0	51	0	2	3	4.51409e-03	-6.03098e-01	1.58500e+01
110	0	52	0	2	3	3.69178e-03	-5.45380e-01	1.32721e+01
110	0	53	0	2	3	4.40639e-03	-5.90533e-01	1.54897e+01
110	0	54	0	2	3	4.34411e-03	-5.96532e-01	1.46454e+01
110	0	55	0	2	3	4.73999e-03	-6.20831e-01	1.70898e+01
110	0	56	0	2	3	3.87508e-03	-5.73924e-01	1.53022e+01
110	0	57	0	2	3	4.47895e-03	-5.99341e-01	1.63350e+01
110	0	58	0	2	3	4.02236e-03	-5.78477e-01	1.54531e+01
110	0	59	0	2	3	4.30384e-03	-6.03932e-01	1.68322e+01
110	0	60	0	2	3	3.71411e-03	-5.60452e-01	1.37558e+01
110	0	61	0	2	3	3.78536e-03	-5.49959e-01	1.51693e+01
110	0	62	0	2	3	4.77487e-03	-6.26868e-01	1.50642e+01
110	0	63	0	2	3	4.09637e-03	-5.79041e-01	1.46800e+01
110	0	64	0	2	3	3.72409e-03	-5.59845e-01	1.43552e+01
110	0	65	0	2	3	3.78989e-03	-5.57228e-01	1.53507e+01
110	0	66	0	2	3	4.41809e-03	-6.20043e-01	1.66757e+01
110	0	67	0	2	3	3.59242e-03	-5.47612e-01	1.54050e+01
110	0	68	0	2	3	3.76455e-03	-5.72287e-01	1.51467e+01
110	0	69	0	2	3	3.86300e-03	-5.58516e-01	1.48533e+01
110	0	70	0	2	3	4.33625e-03	-6.16924e-01	1.49012e+01
110	0	71	0	2	3	4.29126e-03	-5.97064e-01	1.60035e+01
110	0	72	0	2	3	3.81124e-03	-5.70868e-01	1.39055e+01
110	0	73	0	2	3	4.47137e-03	-6.09838e-01	1.56089e+01
110	0	74	0	2	3	4.58775e-03	-6.31046e-01	1.60337e+01
110	0	75	0	2	3	4.28363e-03	-5.93014e-01	1.55605e+01
110	0	76	0	2	3	3.75680e-03	-5.58708e-01	1.36883e+01
110	0	77	0	2	3	3.72351e-03	-5.53109e-01	1.51684e+01
110	0	78	0	2	3	4.47010e-03	-6.20019e-01	1.51400e+01
110	0	79	0	2	3	4.24550e-03	-5.90081e-01	1.54403e+01
110	0	80	0	2	3	4.41831e-03	-6.07549e-01	1.56192e+01
110	0	81	0	2	3	3.90777e-03	-5.58758e-01	1.48852e+01
110	0	82	0	2	3	4.42335e-03	-6.05247e-01	1.50935e+01
110	0	83	0	2	3	4.51102e-03	-6.13318e-01	1.57857e+01
110	0	84	0	2	3	3.78691e-03	-5.59147e-01	1.41831e+01
110	0	85	0	2	3	3.53199e-03	-5.37763e-01	1.49079e+01
110	0	86	0	2	3	4.51320e-03	-6.25474e-01	1.52361e+01
110	0	87	0	2	3	4.73721e-03	-6.33214e-01	1.68537e+01
110	0	88	0	2	3	3.61654e-03	-5.44158e-01	1.42742e+01
110	0	89	0	2	3	4.27866e-03	-5.94533e-01	1.55134e+01
110	0	90	0	2	3	3.97235e-03	-5.81293e-01	1.42016e+01
110	0	91	0	2	3	4.61463e-03	-6.24769e-01	1.56137e+01
110	0	92	0	2	3	4.01940e-03	-5.88206e-01	1.51292e+01
110	0	93	0	2	3	4.33692e-03	-5.93286e-01	1.51308e+01
110	0	94	0	2	3	4.34766e-03	-6.23566e-01	1.68229e+01
110	0	95	0	2	3	4.26735e-03	-6.00713e-01	1.60556e+01
110	0	96	0	2	3	3.88301e-03	-5.78816e-01	1.46008e+01
110	0	97	0	2	3	3.56891e-03	-5.43777e-01	1.51170e+01
110	0	98	0	2	3	4.44196e-03	-6.24425e-01	1.54447e+01
110	0	99	0	2	3	4.28886e-03	-5.92384e-01	1.56190e+01
110	0	100	0	2	3	4.16910e-03	-5.90822e-01	1.52446e+01
110	0	101	0	2	3	3.78000e-03	-5.56212e-01	1.51916e+01
110	0	102	0	2	3	4.62082e-03	-6.28282e-01	1.62173e+01
110	0	103	0	2	3	4.36831e-03	-6.05555e-01	1.57080e+01
110	0	104	0	2	3	3.99696e-03	-5.80288e-01	1.42089e+01
110	0	105	0	2	3	4.47562e-03	-6.04886e-01	1.54893e+01
110	0	106	0	2	3	4.55038e-03	-6.26079e-01	1.61808e+01
110	0	107	0	2	3	4.76503e-03	-6.27080e-01	1.54197e+01
110	0	108	0	2	3	3.94452e-03	-5.81579e-01	1.51474e+01
110	0	109	0	2	3	4.36244e-03	-6.00974e-01	1.53543e+01
110	0	110	0	2	3	4.05955e-03	-5.90802e-01	1.53081e+01
110	0	111	0	2	3	4.77625e-03	-6.41868e-01	1.63114e+01
110	0	112	0	2	3	4.08553e-03	-5.79790e-01	1.37345e+01
110	0	113	0	2	3	4.24922e-03	-5.90527e-01	1.51380e+01
110	0	114	0	2	3	4.90996e-03	-6.52045e-01	1.65165e+01
110	0	115	0	2	3	4.71547e-03	-6.26449e-01	1.58139e+01
110	0	116	0	2	3	3.53971e-03	-5.53455e-01	1.42974e+01
110	0	117	0	2	3	4.16696e-03	-5.86306e-01	1.60614e+01
110	0	118	0	2	3	5.16432e-03	-6.68554e-01	1.69268e+01
110	0	119	0	2	3	5.04756e-03	-6.40898e-01	1.50344e+01
110	0	120	0	2	3	4.38628e-03	-6.13261e-01	1.53999e+01
110	0	121	0	2	3	4.52984e-03	-6.05665e-01	1.39827e+01
110	0	122	0	2	3	3.50906e-03	-5.52533e-01	1.55096e+01
110	0	123	0	2	3	5.02599e-03	-6.45775e-01	1.63614e+01
110	0	124	0	2	3	4.07563e-03	-5.87445e-01	1.55206e+01
110	0	125	0	2	3	3.64997e-03	-5.40402e-01	1.22613e+01
110	0	126	0	2	3	3.42556e-03	-5.43949e-01	1.41995e+01
110	0	127	0	2	3	4.53284e-03	-6.06865e-01	1.53601e+01
110	0	128	0	2	3	3.54847e-03	-5.75231e-01	1.58773e+01
110	0	129	0	2	3	4.09528e-03	-6.05987e-01	1.60267e+01
110	0	130	0	2	3	3.95432e-03	-6.07692e-01	1.65637e+01
110	0	131	0	2	3	2.51579e-03	-4.68768e-01	1.34911e+01
110	0	132	0	2	3	3.96940e-03	-6.00636e-01	1.67018e+01
110	0	133	0	2	3	3.25791e-03	-5.35063e-01	1.49082e+01
110	0	134	0	2	3	2.87235e-03	-5.26423e-01	1.49249e+01
110	0	135	0	2	3	2.48669e-03	-4.81623e-01	1.32784e+01
110	0	136	0	2	3	2.22772e-03	-4.72823e-01	1.32021e+01
110	0	137	0	2	3	3.31229e-03	-5.42074e-01	1.53867e+01
110	0	138	0	2	3	2.94764e-03	-5.21310e-01	1.48747e+01
110	0	139	0	2	3	2.33859e-03	-4.84408e-01	1.30902e+01
110	0	140	0	2	3	2.08344e-03	-4.74055e-01	1.47038e+01
110	0	141	0	2	3	3.51369e-03	-5.70649e-01	1.49682e+01
110	0	142	0	2	3	3.77938e-03	-5.93725e-01	1.60675e+01
110	0	143	0	2	3	4.42412e-03	-6.17859e-01	1.58225e+01
110	0	144	0	2	3	4.93913e-03	-6.59396e-01	1.61290e+01
110	0	145	0	2	3	3.03886e-03	-5.17445e-01	1.35042e+01
110	0	146	0	2	3	-3.18204e-03	-6.12091e-02	6.02740e+00
110	0	147	0	2	3	5.24213e-03	-6.54355e-01	1.66433e+01
110	0	148	0	2	3	-8.39770e-05	-2.86193e-01	9.52582e+00
110	0	149	0	2	3	4.19797e-03	-5.92503e-01	1.57497e+01
110	0	150	0	2	3	-4.03301e-04	-2.80251e-01	1.05796e+01
110	0	151	0	2	3	5.80560e-03	-7.11196e-01	1.76242e+01
110	0	152	0	2	3	2.04001e-03	-4.59664e-01	1.41953e+01
110	0	153	0	2	3	2.49149e-03	-5.03234e-01	1.49147e+01
110	0	154	0	2	3	3.60822e-03	-5.77945e-01	1.53837e+01
110	0	155	0	2	3	5.35760e-03	-6.81942e-01	1.56611e+01
110	0	156	0	2	3	3.63659e-03	-5.55557e-01	1.51295e+01
110	0	157	0	2	3	-2.48794e-03	-1.03314e-01	7.04638e+00
110	0	158	0	2	3	1.86611e-03	-4.49554e-01	1.31539e+01
110	0	159	0	2	3	2.27515e-04	-3.28815e-01	1.11070e+01
#######################################################################
# BFT D                                                               #
#######################################################################
110	1	0	0	2	3	3.37759e-03	-5.29837e-01	1.58765e+01
110	1	1	0	2	3	3.23875e-03	-5.13754e-01	1.50162e+01
110	1	2	0	2	3	3.98838e-03	-5.89082e-01	1.62107e+01
110	1	3	0	2	3	4.17988e-03	-5.91208e-01	1.70098e+01
110	1	4	0	2	3	3.59428e-03	-5.50894e-01	1.54189e+01
110	1	5	0	2	3	4.31820e-03	-6.03473e-01	1.73525e+01
110	1	6	0	2	3	4.05677e-03	-5.83090e-01	1.47638e+01
110	1	7	0	2	3	3.34886e-03	-5.27374e-01	1.53718e+01
110	1	8	0	2	3	3.90840e-03	-5.69077e-01	1.59155e+01
110	1	9	0	2	3	3.59589e-03	-5.63938e-01	1.77589e+01
110	1	10	0	2	3	3.23358e-03	-5.32028e-01	1.52451e+01
110	1	11	0	2	3	3.75397e-03	-5.63218e-01	1.59142e+01
110	1	12	0	2	3	3.30546e-03	-5.35922e-01	1.46031e+01
110	1	13	0	2	3	3.37053e-03	-5.35009e-01	1.61685e+01
110	1	14	0	2	3	3.79623e-03	-5.76319e-01	1.51608e+01
110	1	15	0	2	3	3.24150e-03	-5.17355e-01	1.55948e+01
110	1	16	0	2	3	3.54238e-03	-5.55575e-01	1.50746e+01
110	1	17	0	2	3	3.71127e-03	-5.49753e-01	1.53763e+01
110	1	18	0	2	3	4.22402e-03	-5.98716e-01	1.51528e+01
110	1	19	0	2	3	3.31977e-03	-5.24791e-01	1.53825e+01
110	1	20	0	2	3	3.91955e-03	-5.85711e-01	1.59640e+01
110	1	21	0	2	3	3.67560e-03	-5.59451e-01	1.71041e+01
110	1	22	0	2	3	3.36213e-03	-5.38722e-01	1.47041e+01
110	1	23	0	2	3	3.35898e-03	-5.24558e-01	1.55680e+01
110	1	24	0	2	3	3.80801e-03	-5.66868e-01	1.60225e+01
110	1	25	0	2	3	4.07412e-03	-5.76731e-01	1.65859e+01
110	1	26	0	2	3	4.15312e-03	-5.96933e-01	1.55293e+01
110	1	27	0	2	3	4.16712e-03	-5.84219e-01	1.74413e+01
110	1	28	0	2	3	3.37104e-03	-5.42937e-01	1.56381e+01
110	1	29	0	2	3	3.27029e-03	-5.25233e-01	1.59687e+01
110	1	30	0	2	3	3.88732e-03	-5.75760e-01	1.54170e+01
110	1	31	0	2	3	4.12741e-03	-5.94187e-01	1.73554e+01
110	1	32	0	2	3	3.55213e-03	-5.56387e-01	1.63788e+01
110	1	33	0	2	3	3.08057e-03	-5.22677e-01	1.49695e+01
110	1	34	0	2	3	4.23150e-03	-5.92321e-01	1.51827e+01
110	1	35	0	2	3	4.53686e-03	-6.24402e-01	1.78434e+01
110	1	36	0	2	3	3.53266e-03	-5.46415e-01	1.56941e+01
110	1	37	0	2	3	3.49482e-03	-5.35252e-01	1.42236e+01
110	1	38	0	2	3	4.15571e-03	-5.93198e-01	1.66760e+01
110	1	39	0	2	3	4.58366e-03	-6.12490e-01	1.65491e+01
110	1	40	0	2	3	3.82661e-03	-5.62286e-01	1.47392e+01
110	1	41	0	2	3	3.52991e-03	-5.36527e-01	1.56370e+01
110	1	42	0	2	3	3.93895e-03	-5.70129e-01	1.54211e+01
110	1	43	0	2	3	4.06532e-03	-5.80030e-01	1.72345e+01
110	1	44	0	2	3	3.76771e-03	-5.67696e-01	1.50622e+01
110	1	45	0	2	3	3.35072e-03	-5.31786e-01	1.58929e+01
110	1	46	0	2	3	4.24703e-03	-6.03060e-01	1.56360e+01
110	1	47	0	2	3	4.41374e-03	-6.20836e-01	1.83479e+01
110	1	48	0	2	3	3.85220e-03	-5.68412e-01	1.56968e+01
110	1	49	0	2	3	3.62650e-03	-5.41537e-01	1.61579e+01
110	1	50	0	2	3	4.00370e-03	-5.82793e-01	1.49590e+01
110	1	51	0	2	3	4.08107e-03	-5.83599e-01	1.67061e+01
110	1	52	0	2	3	4.07454e-03	-5.96693e-01	1.55240e+01
110	1	53	0	2	3	3.98301e-03	-5.72575e-01	1.67352e+01
110	1	54	0	2	3	4.07400e-03	-5.94237e-01	1.63996e+01
110	1	55	0	2	3	4.23944e-03	-5.93228e-01	1.69350e+01
110	1	56	0	2	3	4.06616e-03	-5.98200e-01	1.55800e+01
110	1	57	0	2	3	4.03386e-03	-5.81209e-01	1.64887e+01
110	1	58	0	2	3	4.10452e-03	-6.02311e-01	1.75516e+01
110	1	59	0	2	3	4.64136e-03	-6.34801e-01	1.87541e+01
110	1	60	0	2	3	3.61465e-03	-5.57357e-01	1.55395e+01
110	1	61	0	2	3	4.11947e-03	-5.73491e-01	1.57926e+01
110	1	62	0	2	3	3.83739e-03	-5.73904e-01	1.48474e+01
110	1	63	0	2	3	4.26965e-03	-5.99626e-01	1.71479e+01
110	1	64	0	2	3	3.88079e-03	-5.77646e-01	1.62716e+01
110	1	65	0	2	3	4.25045e-03	-5.95990e-01	1.63425e+01
110	1	66	0	2	3	4.54213e-03	-6.31667e-01	1.59617e+01
110	1	67	0	2	3	4.34589e-03	-6.07990e-01	1.57226e+01
110	1	68	0	2	3	3.48283e-03	-5.40893e-01	1.40044e+01
110	1	69	0	2	3	3.89612e-03	-5.73054e-01	1.60687e+01
110	1	70	0	2	3	4.13500e-03	-5.94655e-01	1.63340e+01
110	1	71	0	2	3	4.16815e-03	-5.99712e-01	1.67921e+01
110	1	72	0	2	3	3.63512e-03	-5.56279e-01	1.51752e+01
110	1	73	0	2	3	4.07521e-03	-5.88655e-01	1.70352e+01
110	1	74	0	2	3	4.15533e-03	-5.93355e-01	1.49933e+01
110	1	75	0	2	3	4.25563e-03	-6.03798e-01	1.62611e+01
110	1	76	0	2	3	3.42748e-03	-5.41385e-01	1.47521e+01
110	1	77	0	2	3	4.00558e-03	-5.85286e-01	1.59346e+01
110	1	78	0	2	3	4.17063e-03	-5.97639e-01	1.50727e+01
110	1	79	0	2	3	4.04888e-03	-5.86087e-01	1.58460e+01
110	1	80	0	2	3	3.80518e-03	-5.63373e-01	1.49467e+01
110	1	81	0	2	3	3.74249e-03	-5.60271e-01	1.46897e+01
110	1	82	0	2	3	4.28830e-03	-6.01441e-01	1.65422e+01
110	1	83	0	2	3	4.46881e-03	-6.03539e-01	1.56859e+01
110	1	84	0	2	3	3.61235e-03	-5.42147e-01	1.40270e+01
110	1	85	0	2	3	3.63121e-03	-5.51989e-01	1.47967e+01
110	1	86	0	2	3	4.13741e-03	-5.93873e-01	1.62176e+01
110	1	87	0	2	3	4.18073e-03	-5.86247e-01	1.41217e+01
110	1	88	0	2	3	3.91182e-03	-5.75933e-01	1.56511e+01
110	1	89	0	2	3	3.72893e-03	-5.64091e-01	1.47348e+01
110	1	90	0	2	3	3.97009e-03	-5.81966e-01	1.49210e+01
110	1	91	0	2	3	4.30381e-03	-5.98381e-01	1.61119e+01
110	1	92	0	2	3	3.86947e-03	-5.66434e-01	1.50003e+01
110	1	93	0	2	3	3.89101e-03	-5.68466e-01	1.52259e+01
110	1	94	0	2	3	4.01441e-03	-5.88332e-01	1.62108e+01
110	1	95	0	2	3	3.90319e-03	-5.78598e-01	1.52051e+01
110	1	96	0	2	3	3.78403e-03	-5.64886e-01	1.47064e+01
110	1	97	0	2	3	3.92782e-03	-5.75821e-01	1.58494e+01
110	1	98	0	2	3	4.32625e-03	-6.22828e-01	1.71478e+01
110	1	99	0	2	3	4.01469e-03	-5.83523e-01	1.53430e+01
110	1	100	0	2	3	3.43946e-03	-5.31942e-01	1.46318e+01
110	1	101	0	2	3	3.70901e-03	-5.56734e-01	1.53293e+01
110	1	102	0	2	3	4.23802e-03	-6.07776e-01	1.60011e+01
110	1	103	0	2	3	4.33276e-03	-6.02166e-01	1.54905e+01
110	1	104	0	2	3	3.90161e-03	-5.73579e-01	1.53622e+01
110	1	105	0	2	3	4.06139e-03	-5.83396e-01	1.55907e+01
110	1	106	0	2	3	4.27952e-03	-6.08446e-01	1.67922e+01
110	1	107	0	2	3	4.68426e-03	-6.26732e-01	1.60819e+01
110	1	108	0	2	3	3.60400e-03	-5.55739e-01	1.58371e+01
110	1	109	0	2	3	3.76986e-03	-5.63793e-01	1.57769e+01
110	1	110	0	2	3	4.73393e-03	-6.37523e-01	1.64535e+01
110	1	111	0	2	3	4.52686e-03	-6.25261e-01	1.74140e+01
110	1	112	0	2	3	3.94026e-03	-5.78757e-01	1.52760e+01
110	1	113	0	2	3	4.30284e-03	-6.01863e-01	1.59967e+01
110	1	114	0	2	3	4.24847e-03	-6.08153e-01	1.56310e+01
110	1	115	0	2	3	4.63438e-03	-6.25400e-01	1.60993e+01
110	1	116	0	2	3	4.27660e-03	-6.04862e-01	1.59282e+01
110	1	117	0	2	3	3.44953e-03	-5.39204e-01	1.47835e+01
110	1	118	0	2	3	4.19262e-03	-5.98506e-01	1.48996e+01
110	1	119	0	2	3	3.99931e-03	-5.82911e-01	1.57800e+01
110	1	120	0	2	3	3.96686e-03	-5.82318e-01	1.52460e+01
110	1	121	0	2	3	4.23068e-03	-5.93017e-01	1.55109e+01
110	1	122	0	2	3	3.88703e-03	-5.91514e-01	1.69724e+01
110	1	123	0	2	3	4.13982e-03	-6.05395e-01	1.75424e+01
110	1	124	0	2	3	4.17101e-03	-5.90886e-01	1.50176e+01
110	1	125	0	2	3	3.23707e-03	-5.33542e-01	1.49958e+01
110	1	126	0	2	3	3.97906e-03	-5.81337e-01	1.55202e+01
110	1	127	0	2	3	3.23200e-03	-5.29366e-01	1.46627e+01
110	1	128	0	2	3	4.28700e-03	-6.20211e-01	1.68201e+01
110	1	129	0	2	3	4.91620e-03	-6.71043e-01	1.77918e+01
110	1	130	0	2	3	4.06859e-03	-6.07813e-01	1.57629e+01
110	1	131	0	2	3	3.19908e-03	-5.30930e-01	1.46833e+01
110	1	132	0	2	3	5.73690e-03	-7.19831e-01	1.86475e+01
110	1	133	0	2	3	4.34212e-03	-6.11357e-01	1.59058e+01
110	1	134	0	2	3	4.27772e-03	-6.22580e-01	1.69690e+01
110	1	135	0	2	3	4.47997e-03	-6.25677e-01	1.66438e+01
110	1	136	0	2	3	4.30480e-03	-6.25865e-01	1.73491e+01
110	1	137	0	2	3	4.54235e-03	-6.36450e-01	1.69649e+01
110	1	138	0	2	3	3.50790e-03	-5.65858e-01	1.55105e+01
110	1	139	0	2	3	4.00228e-03	-5.88521e-01	1.60948e+01
110	1	140	0	2	3	4.23724e-03	-6.07365e-01	1.59048e+01
110	1	141	0	2	3	3.86267e-03	-5.84568e-01	1.54311e+01
110	1	142	0	2	3	2.91643e-03	-5.13905e-01	1.40315e+01
110	1	143	0	2	3	6.27793e-03	-7.45005e-01	1.88068e+01
110	1	144	0	2	3	5.19968e-03	-6.84377e-01	1.84557e+01
110	1	145	0	2	3	4.90887e-03	-6.34174e-01	1.62047e+01
110	1	146	0	2	3	4.43512e-03	-6.15323e-01	1.59589e+01
110	1	147	0	2	3	4.34650e-03	-5.95229e-01	1.47166e+01
110	1	148	0	2	3	4.11538e-03	-5.83275e-01	1.46472e+01
110	1	149	0	2	3	3.85217e-03	-5.76022e-01	1.60976e+01
110	1	150	0	2	3	3.19854e-03	-5.15869e-01	1.45442e+01
110	1	151	0	2	3	3.25546e-03	-5.15249e-01	1.40335e+01
110	1	152	0	2	3	4.86315e-03	-6.44226e-01	1.74547e+01
110	1	153	0	2	3	2.17727e-03	-4.50355e-01	1.40838e+01
110	1	154	0	2	3	3.33148e-03	-5.57648e-01	1.58541e+01
110	1	155	0	2	3	4.57459e-03	-6.37685e-01	1.56577e+01
110	1	156	0	2	3	6.50686e-03	-7.96226e-01	2.01021e+01
110	1	157	0	2	3	4.21730e-03	-6.03121e-01	1.68665e+01
110	1	158	0	2	3	4.81136e-03	-6.41823e-01	1.72673e+01
110	1	159	0	2	3	-2.30311e-03	-1.45725e-01	9.27894e+00
