##
#  file: HodoPHCParam_Dummy
#  date: 2016.06.15
#  note: first version
#
#
#######################################################################
# CId	PlId	Seg	UorD	Type	nParam	p0	p1	...
#
#	Type=0 no correction will be performed
#	Type=1 ct=t-p[0]/sqrt(a-p[1])+p[2]
#	Type=2 ct=p[0]*a*a + p[1]*a + p[2] for Fiber
#
#######################################################################
# BH1 Up                                                              #
#######################################################################
1	0	0	0	1	3	9.72882e+01	-2.42381e+01	1.93388e+01
1	0	1	0	1	3	8.39811e-01	2.30870e-01	9.07677e-01
1	0	2	0	1	3	7.96271e-01	2.02772e-01	8.76313e-01
1	0	3	0	1	3	1.24269e+00	-1.47574e-01	1.19840e+00
1	0	4	0	1	3	1.09931e+00	-7.72769e-02	1.08260e+00
1	0	5	0	1	3	1.05845e+00	1.40683e-01	1.18835e+00
1	0	6	0	1	3	1.24845e+00	-7.32092e-02	1.22011e+00
1	0	7	0	1	3	1.38494e+00	-1.69323e-01	1.29113e+00
1	0	8	0	1	3	1.12943e+00	-1.85789e-01	1.05048e+00
1	0	9	0	1	3	1.39270e+00	-1.82072e-01	1.30041e+00
1	0	10	0	1	3	1.71493e+02	-3.15885e+01	3.00372e+01
#######################################################################
# BH1 Down                                                            #
#######################################################################
1	0	0	1	1	3	1.69589e+00	-2.63702e-01	1.46458e+00
1	0	1	1	1	3	6.65147e-01	3.06785e-01	7.74182e-01
1	0	2	1	1	3	1.69164e+00	-4.50471e-01	1.36238e+00
1	0	3	1	1	3	7.14482e+01	-2.23619e+01	1.47724e+01
1	0	4	1	1	3	1.42431e+00	-1.84323e-01	1.31423e+00
1	0	5	1	1	3	1.48351e+00	-1.17877e-01	1.40777e+00
1	0	6	1	1	3	1.64799e+00	-3.01989e-01	1.48452e+00
1	0	7	1	1	3	1.48685e+00	-1.75507e-01	1.38619e+00
1	0	8	1	1	3	5.71792e-01	2.68423e-01	6.99614e-01
1	0	9	1	1	3	1.07020e+00	4.47097e-02	1.11772e+00
1	0	10	1	1	3	5.19525e-01	3.65790e-01	6.45791e-01
#######################################################################
# BH2 Up                                                              #
#######################################################################
2	0	0	0	1	3	-4.39262e+02	-7.71446e+01	-4.97290e+01
2	0	1	0	1	3	-5.74678e+01	-1.70010e+01	-1.35742e+01
2	0	2	0	1	3	-8.60947e-01	-8.34764e-02	-8.76776e-01
2	0	3	0	1	3	-5.23557e+02	-7.88536e+01	-5.85916e+01
2	0	4	0	1	3	-4.73017e+02	-7.91488e+01	-5.29188e+01
2	0	5	0	1	3	-9.23135e-01	-1.65973e-01	-8.62851e-01
2	0	6	0	1	3	-3.47672e+02	-5.95147e+01	-4.45984e+01
2	0	7	0	1	3	-3.45053e+02	-6.72002e+01	-4.17168e+01
#######################################################################
# BH2 Down                                                            #
#######################################################################
2	0	0	1	1	3	-4.39262e+02	-7.71446e+01	-4.97290e+01
2	0	1	1	1	3	-5.74678e+01	-1.70010e+01	-1.35742e+01
2	0	2	1	1	3	-8.60947e-01	-8.34764e-02	-8.76776e-01
2	0	3	1	1	3	-5.23557e+02	-7.88536e+01	-5.85916e+01
2	0	4	1	1	3	-4.73017e+02	-7.91488e+01	-5.29188e+01
2	0	5	1	1	3	-9.23135e-01	-1.65973e-01	-8.62851e-01
2	0	6	1	1	3	-3.47672e+02	-5.95147e+01	-4.45984e+01
2	0	7	1	1	3	-3.45053e+02	-6.72002e+01	-4.17168e+01
#######################################################################
# BAC                                                                 #
#######################################################################
3	0	0	0	1	3	0.00000e+00	0.00000e+00	0.00000e+00
3	0	1	0	1	3	0.00000e+00	0.00000e+00	0.00000e+00
#######################################################################
# FBH Up                                                              #
#######################################################################
4	0	0	0	2	3	-5.62952e-03	8.96903e-01	-3.53273e+01
4	0	1	0	2	3	-4.29399e-03	7.37975e-01	-3.00049e+01
4	0	2	0	2	3	-5.26894e-03	8.67305e-01	-3.38992e+01
4	0	3	0	2	3	-3.80183e-03	6.69237e-01	-2.72260e+01
4	0	4	0	2	3	-4.35014e-03	7.35785e-01	-2.92008e+01
4	0	5	0	2	3	-4.02541e-03	6.86907e-01	-2.70312e+01
4	0	6	0	2	3	-4.16660e-03	7.08229e-01	-2.81512e+01
4	0	7	0	2	3	-3.93117e-03	6.84759e-01	-2.69101e+01
4	0	8	0	2	3	-4.14423e-03	6.96902e-01	-2.65883e+01
4	0	9	0	2	3	-2.83372e-03	5.62925e-01	-2.20787e+01
4	0	10	0	2	3	-4.07944e-03	7.09420e-01	-2.75603e+01
4	0	11	0	2	3	-3.50961e-03	6.50113e-01	-2.64167e+01
4	0	12	0	2	3	-3.52415e-03	6.49734e-01	-2.67232e+01
4	0	13	0	2	3	-4.13420e-03	7.26957e-01	-2.99675e+01
4	0	14	0	2	3	-4.90315e-03	8.27563e-01	-3.35630e+01
4	0	15	0	2	3	-4.73048e-03	8.13189e-01	-3.31901e+01
#######################################################################
# FBH Down                                                            #
#######################################################################
4	0	0	1	2	3	-5.62952e-03	8.96903e-01	-3.53273e+01
4	0	1	1	2	3	-4.29399e-03	7.37975e-01	-3.00049e+01
4	0	2	1	2	3	-5.26894e-03	8.67305e-01	-3.38992e+01
4	0	3	1	2	3	-3.80183e-03	6.69237e-01	-2.72260e+01
4	0	4	1	2	3	-4.35014e-03	7.35785e-01	-2.92008e+01
4	0	5	1	2	3	-4.02541e-03	6.86907e-01	-2.70312e+01
4	0	6	1	2	3	-4.16660e-03	7.08229e-01	-2.81512e+01
4	0	7	1	2	3	-3.93117e-03	6.84759e-01	-2.69101e+01
4	0	8	1	2	3	-4.14423e-03	6.96902e-01	-2.65883e+01
4	0	9	1	2	3	-2.83372e-03	5.62925e-01	-2.20787e+01
4	0	10	1	2	3	-4.07944e-03	7.09420e-01	-2.75603e+01
4	0	11	1	2	3	-3.50961e-03	6.50113e-01	-2.64167e+01
4	0	12	1	2	3	-3.52415e-03	6.49734e-01	-2.67232e+01
4	0	13	1	2	3	-4.13420e-03	7.26957e-01	-2.99675e+01
4	0	14	1	2	3	-4.90315e-03	8.27563e-01	-3.35630e+01
4	0	15	1	2	3	-4.73048e-03	8.13189e-01	-3.31901e+01
#######################################################################
# PVAC                                                                #
#######################################################################
5	0	0	0	1	3	0.00000e+00	0.00000e+00	0.00000e+00
#######################################################################
# FAC                                                                 #
#######################################################################
6	0	0	0	1	3	0.00000e+00	0.00000e+00	0.00000e+00
#######################################################################
# SCH                                                                 #
#######################################################################
#7	0	0	0	2	3	-0.00500000	0.821213	-32.185321
#7	0	1	0	2	3	-0.00500000	0.830248	-32.269563
#7	0	2	0	2	3	-0.00500000	0.793073	-29.315934
#7	0	3	0	2	3	-0.00500000	0.772144	-28.276705
#7	0	4	0	2	3	-0.00500000	0.801968	-30.687167
#7	0	5	0	2	3	-0.00500000	0.778300	-28.439251
#7	0	6	0	2	3	-0.00500000	0.765872	-27.918181
#7	0	7	0	2	3	-0.00500000	0.738459	-26.016797
#7	0	8	0	2	3	-0.00500000	0.778318	-28.676371
#7	0	9	0	2	3	-0.00500000	0.776670	-28.892887
#7	0	10	0	2	3	-0.00500000	0.764278	-28.122474
#7	0	11	0	2	3	-0.00500000	0.790742	-29.423647
#7	0	12	0	2	3	-0.00500000	0.811330	-30.487019
#7	0	13	0	2	3	-0.00500000	0.818750	-30.891512
#7	0	14	0	2	3	-0.00500000	0.802541	-30.009136
#7	0	15	0	2	3	-0.00500000	0.809525	-30.751746
#7	0	16	0	2	3	-0.00500000	0.802597	-30.845509
#7	0	17	0	2	3	-0.00500000	0.835028	-32.780792
#7	0	18	0	2	3	-0.00500000	0.859176	-33.938731
#7	0	19	0	2	3	-0.00500000	0.814851	-31.445396
#7	0	20	0	2	3	-0.00500000	0.809426	-30.781087
#7	0	21	0	2	3	-0.00500000	0.780678	-28.888756
#7	0	22	0	2	3	-0.00500000	0.808206	-30.719604
#7	0	23	0	2	3	-0.00500000	0.774024	-27.858339
#7	0	24	0	2	3	-0.00500000	0.794308	-29.022101
#7	0	25	0	2	3	-0.00500000	0.775649	-27.980186
#7	0	26	0	2	3	-0.00500000	0.788483	-28.687567
#7	0	27	0	2	3	-0.00466315	0.771386	-29.253260
#7	0	28	0	2	3	-0.00483132	0.790854	-28.637741
#7	0	29	0	2	3	-0.00497049	0.812994	-30.786914
#7	0	30	0	2	3	-0.00500000	0.787793	-28.362716
#7	0	31	0	2	3	-0.00500000	0.790759	-28.876812
#7	0	32	0	2	3	-0.00500000	0.824826	-31.655285
#7	0	33	0	2	3	-0.00500000	0.845304	-33.407765
#7	0	34	0	2	3	-0.00500000	0.832263	-32.939799
#7	0	35	0	2	3	-0.00500000	0.820631	-31.695372
#7	0	36	0	2	3	-0.00500000	0.836997	-33.200590
#7	0	37	0	2	3	-0.00500000	0.819690	-32.097193
#7	0	38	0	2	3	-0.00500000	0.808109	-31.263214
#7	0	39	0	2	3	-0.00500000	0.815224	-31.135523
#7	0	40	0	2	3	-0.00500000	0.803398	-29.897923
#7	0	41	0	2	3	-0.00500000	0.815685	-31.165519
#7	0	42	0	2	3	-0.00500000	0.812980	-30.737261
#7	0	43	0	2	3	-0.00500000	0.829418	-32.693307
#7	0	44	0	2	3	-0.00500000	0.789530	-29.464920
#7	0	45	0	2	3	-0.00500000	0.804789	-31.208151
#7	0	46	0	2	3	-0.00500000	0.830106	-32.806514
#7	0	47	0	2	3	-0.00500000	0.819206	-31.373242
#7	0	48	0	2	3	-0.00500000	0.816165	-31.709319
#7	0	49	0	2	3	-0.00500000	0.798496	-30.201709
#7	0	50	0	2	3	-0.00500000	0.812167	-31.795745
#7	0	51	0	2	3	-0.00500000	0.810749	-31.375226
#7	0	52	0	2	3	-0.00500000	0.803385	-31.372512
#7	0	53	0	2	3	-0.00500000	0.777405	-29.262831
#7	0	54	0	2	3	-0.00500000	0.783954	-29.763410
#7	0	55	0	2	3	-0.00500000	0.789443	-29.976449
#7	0	56	0	2	3	-0.00500000	0.838828	-33.261086
#7	0	57	0	2	3	-0.00500000	0.804421	-30.573195
#7	0	58	0	2	3	-0.00500000	0.773283	-29.111048
#7	0	59	0	2	3	-0.00500000	0.811789	-31.449459
#7	0	60	0	2	3	-0.00500000	0.759724	-28.110014
#7	0	61	0	2	3	-0.00500000	0.810884	-31.379063
#7	0	62	0	2	3	-0.00500000	0.771910	-28.435006
#7	0	63	0	2	3	-0.00500000	0.796658	-30.511906
#######################################################################
# TOF Up                                                              #
#######################################################################
7	0	0	0	1	3	5.24830e+00	-1.96630e+00	2.96170e+00
7	0	1	0	1	3	5.24830e+00	-1.96630e+00	2.96170e+00
7	0	2	0	1	3	5.24830e+00	-1.96630e+00	2.96170e+00
7	0	3	0	1	3	5.24830e+00	-1.96630e+00	2.96170e+00
7	0	4	0	1	3	5.24830e+00	-1.96630e+00	2.96170e+00
7	0	5	0	1	3	5.24830e+00	-1.96630e+00	2.96170e+00
7	0	6	0	1	3	6.97090e+00	-3.03520e+00	3.39910e+00
7	0	7	0	1	3	4.05450e+00	-1.96150e+00	2.30360e+00
7	0	8	0	1	3	1.16940e+02	-2.98600e+01	2.09880e+01
7	0	9	0	1	3	5.24830e+00	-1.96630e+00	2.96170e+00
7	0	10	0	1	3	5.24830e+00	-1.96630e+00	2.96170e+00
7	0	11	0	1	3	5.24830e+00	-1.96630e+00	2.96170e+00
7	0	12	0	1	3	5.24830e+00	-1.96630e+00	2.96170e+00
7	0	13	0	1	3	5.24830e+00	-1.96630e+00	2.96170e+00
7	0	14	0	1	3	5.24830e+00	-1.96630e+00	2.96170e+00
7	0	15	0	1	3	5.24830e+00	-1.96630e+00	2.96170e+00
7	0	16	0	1	3	5.24830e+00	-1.96630e+00	2.96170e+00
7	0	17	0	1	3	5.24830e+00	-1.96630e+00	2.96170e+00
7	0	18	0	1	3	5.24830e+00	-1.96630e+00	2.96170e+00
7	0	19	0	1	3	7.11491e-01	1.85180e-03	5.82402e-01
7	0	20	0	1	3	5.59404e-01	-1.73810e-03	4.50716e-01
7	0	21	0	1	3	8.92499e-01	1.99900e-03	7.37364e-01
7	0	22	0	1	3	6.37553e-01	1.99960e-03	5.45449e-01
7	0	23	0	1	3	1.19210e+00	1.98920e-03	9.99994e-01
#######################################################################
# TOF Down                                                            #
#######################################################################
7	0	0	1	1	3	5.84300e+00	-2.30730e+00	3.11320e+00
7	0	1	1	1	3	5.84300e+00	-2.30730e+00	3.11320e+00
7	0	2	1	1	3	5.84300e+00	-2.30730e+00	3.11320e+00
7	0	3	1	1	3	5.84300e+00	-2.30730e+00	3.11320e+00
7	0	4	1	1	3	5.84300e+00	-2.30730e+00	3.11320e+00
7	0	5	1	1	3	5.84300e+00	-2.30730e+00	3.11320e+00
7	0	6	1	1	3	1.41330e+01	-5.81170e+00	5.32680e+00
7	0	7	1	1	3	7.84850e+01	-2.02870e+01	1.69500e+01
7	0	8	1	1	3	2.20240e+02	-3.62440e+01	3.60080e+01
7	0	9	1	1	3	5.84300e+00	-2.30730e+00	3.11320e+00
7	0	10	1	1	3	5.84300e+00	-2.30730e+00	3.11320e+00
7	0	11	1	1	3	5.84300e+00	-2.30730e+00	3.11320e+00
7	0	12	1	1	3	5.84300e+00	-2.30730e+00	3.11320e+00
7	0	13	1	1	3	5.84300e+00	-2.30730e+00	3.11320e+00
7	0	14	1	1	3	5.84300e+00	-2.30730e+00	3.11320e+00
7	0	15	1	1	3	5.84300e+00	-2.30730e+00	3.11320e+00
7	0	16	1	1	3	5.84300e+00	-2.30730e+00	3.11320e+00
7	0	17	1	1	3	5.84300e+00	-2.30730e+00	3.11320e+00
7	0	18	1	1	3	5.84300e+00	-2.30730e+00	3.11320e+00
7	0	19	1	1	3	6.18741e-01	1.99860e-03	4.90831e-01
7	0	20	1	1	3	5.75901e-01	1.04210e-03	4.72509e-01
7	0	21	1	1	3	9.41046e-01	1.99890e-03	7.79357e-01
7	0	22	1	1	3	4.84266e-01	-1.95590e-03	3.99786e-01
7	0	23	1	1	3	8.97714e-01	1.99860e-03	7.56300e-01
#######################################################################
# BFT U                                                               #
#######################################################################
110	0	0	0	2	3	-1.12127e-02	6.58308e-01	-7.28408e+00
110	0	1	0	2	3	-1.83930e-03	-1.25956e-01	9.99154e+00
110	0	2	0	2	3	-4.61814e-03	-6.81029e-02	1.01825e+01
110	0	3	0	2	3	4.52617e-03	-6.11214e-01	1.67391e+01
110	0	4	0	2	3	1.18019e-03	-3.99794e-01	1.39721e+01
110	0	5	0	2	3	-4.81581e-03	5.97852e-02	5.80555e+00
110	0	6	0	2	3	9.81021e-04	-3.81528e-01	1.32518e+01
110	0	7	0	2	3	-9.73448e-03	4.50572e-01	-1.02197e+00
110	0	8	0	2	3	5.01989e-03	-6.52555e-01	1.76520e+01
110	0	9	0	2	3	-6.41324e-03	1.95799e-01	2.81916e+00
110	0	10	0	2	3	1.58831e-03	-4.21522e-01	1.42172e+01
110	0	11	0	2	3	1.87043e-03	-4.05796e-01	1.34871e+01
110	0	12	0	2	3	1.89111e-03	-4.44758e-01	1.37558e+01
110	0	13	0	2	3	-1.74678e-02	1.13184e+00	-1.68764e+01
110	0	14	0	2	3	2.52519e-03	-4.79806e-01	1.51360e+01
110	0	15	0	2	3	-6.91043e-03	2.62460e-01	9.16226e-01
110	0	16	0	2	3	3.50606e-03	-5.18467e-01	1.41776e+01
110	0	17	0	2	3	2.98059e-03	-4.67829e-01	1.47770e+01
110	0	18	0	2	3	4.27411e-03	-6.04037e-01	1.61066e+01
110	0	19	0	2	3	4.95549e-03	-6.35969e-01	1.62388e+01
110	0	20	0	2	3	2.84683e-03	-4.72918e-01	1.38537e+01
110	0	21	0	2	3	-8.49003e-03	4.25583e-01	-2.25763e+00
110	0	22	0	2	3	2.14504e-03	-4.53019e-01	1.39511e+01
110	0	23	0	2	3	-9.46436e-04	-1.90562e-01	9.04142e+00
110	0	24	0	2	3	4.31935e-03	-6.01596e-01	1.68514e+01
110	0	25	0	2	3	3.44015e-03	-5.12571e-01	1.53980e+01
110	0	26	0	2	3	4.12778e-03	-5.88860e-01	1.72397e+01
110	0	27	0	2	3	3.61363e-03	-5.31198e-01	1.52737e+01
110	0	28	0	2	3	3.63315e-03	-5.41135e-01	1.47854e+01
110	0	29	0	2	3	4.10773e-03	-5.69422e-01	1.65405e+01
110	0	30	0	2	3	3.82560e-03	-5.58148e-01	1.63637e+01
110	0	31	0	2	3	2.99195e-03	-5.02417e-01	1.50985e+01
110	0	32	0	2	3	4.71985e-03	-6.25876e-01	1.69279e+01
110	0	33	0	2	3	4.28768e-03	-5.75448e-01	1.35058e+01
110	0	34	0	2	3	3.70099e-03	-5.52423e-01	1.64153e+01
110	0	35	0	2	3	3.11695e-03	-5.12616e-01	1.51787e+01
110	0	36	0	2	3	4.96476e-03	-6.28481e-01	1.64640e+01
110	0	37	0	2	3	3.93006e-03	-5.62284e-01	1.68748e+01
110	0	38	0	2	3	3.64244e-03	-5.44720e-01	1.56529e+01
110	0	39	0	2	3	3.70644e-03	-5.49564e-01	1.65243e+01
110	0	40	0	2	3	3.53161e-03	-5.30095e-01	1.46946e+01
110	0	41	0	2	3	3.92491e-03	-5.56790e-01	1.65562e+01
110	0	42	0	2	3	4.73386e-03	-6.18419e-01	1.68443e+01
110	0	43	0	2	3	4.09448e-03	-5.85735e-01	1.69313e+01
110	0	44	0	2	3	4.01884e-03	-5.78340e-01	1.58845e+01
110	0	45	0	2	3	3.79490e-03	-5.47459e-01	1.59948e+01
110	0	46	0	2	3	4.66754e-03	-6.35260e-01	1.81830e+01
110	0	47	0	2	3	3.11254e-03	-5.15484e-01	1.67540e+01
110	0	48	0	2	3	3.91877e-03	-5.63679e-01	1.54873e+01
110	0	49	0	2	3	3.64714e-03	-5.38014e-01	1.63006e+01
110	0	50	0	2	3	4.25884e-03	-5.91146e-01	1.64337e+01
110	0	51	0	2	3	3.93004e-03	-5.62462e-01	1.66781e+01
110	0	52	0	2	3	3.59682e-03	-5.41020e-01	1.56969e+01
110	0	53	0	2	3	4.77124e-03	-6.16869e-01	1.64349e+01
110	0	54	0	2	3	3.94727e-03	-5.71138e-01	1.57259e+01
110	0	55	0	2	3	5.09621e-03	-6.46130e-01	1.80526e+01
110	0	56	0	2	3	4.03185e-03	-5.89259e-01	1.71316e+01
110	0	57	0	2	3	4.36011e-03	-5.96707e-01	1.68966e+01
110	0	58	0	2	3	3.80737e-03	-5.63127e-01	1.66830e+01
110	0	59	0	2	3	4.02728e-03	-5.86409e-01	1.71403e+01
110	0	60	0	2	3	3.69792e-03	-5.58055e-01	1.52023e+01
110	0	61	0	2	3	3.68788e-03	-5.42832e-01	1.55782e+01
110	0	62	0	2	3	4.80081e-03	-6.30860e-01	1.67064e+01
110	0	63	0	2	3	4.46627e-03	-6.09768e-01	1.68808e+01
110	0	64	0	2	3	4.45558e-03	-6.10933e-01	1.67356e+01
110	0	65	0	2	3	3.52691e-03	-5.35651e-01	1.54860e+01
110	0	66	0	2	3	4.65709e-03	-6.35264e-01	1.74572e+01
110	0	67	0	2	3	3.61136e-03	-5.48060e-01	1.59883e+01
110	0	68	0	2	3	3.58313e-03	-5.64142e-01	1.66551e+01
110	0	69	0	2	3	3.35715e-03	-5.23192e-01	1.58450e+01
110	0	70	0	2	3	3.71065e-03	-5.73873e-01	1.67274e+01
110	0	71	0	2	3	4.20358e-03	-5.90737e-01	1.64866e+01
110	0	72	0	2	3	3.56375e-03	-5.56551e-01	1.62805e+01
110	0	73	0	2	3	3.59984e-03	-5.52580e-01	1.63156e+01
110	0	74	0	2	3	4.34428e-03	-6.17439e-01	1.74571e+01
110	0	75	0	2	3	3.72909e-03	-5.49370e-01	1.53649e+01
110	0	76	0	2	3	3.80418e-03	-5.64758e-01	1.54686e+01
110	0	77	0	2	3	3.31693e-03	-5.27093e-01	1.54208e+01
110	0	78	0	2	3	4.48395e-03	-6.22991e-01	1.68650e+01
110	0	79	0	2	3	3.28721e-03	-5.24258e-01	1.49643e+01
110	0	80	0	2	3	3.67369e-03	-5.59631e-01	1.65222e+01
110	0	81	0	2	3	4.37771e-03	-5.92051e-01	1.61109e+01
110	0	82	0	2	3	3.89233e-03	-5.67709e-01	1.60916e+01
110	0	83	0	2	3	3.82781e-03	-5.65173e-01	1.66467e+01
110	0	84	0	2	3	4.37096e-03	-5.99519e-01	1.65180e+01
110	0	85	0	2	3	4.57553e-03	-6.08169e-01	1.67372e+01
110	0	86	0	2	3	4.34517e-03	-6.14360e-01	1.67375e+01
110	0	87	0	2	3	4.75640e-03	-6.39555e-01	1.87661e+01
110	0	88	0	2	3	3.54678e-03	-5.41692e-01	1.59805e+01
110	0	89	0	2	3	4.13044e-03	-5.88978e-01	1.62201e+01
110	0	90	0	2	3	4.41594e-03	-6.11926e-01	1.64290e+01
110	0	91	0	2	3	4.45491e-03	-6.15468e-01	1.72149e+01
110	0	92	0	2	3	3.66296e-03	-5.73409e-01	1.67998e+01
110	0	93	0	2	3	4.11229e-03	-5.74253e-01	1.64670e+01
110	0	94	0	2	3	3.72553e-03	-5.71126e-01	1.74556e+01
110	0	95	0	2	3	4.10389e-03	-5.91249e-01	1.66736e+01
110	0	96	0	2	3	3.42327e-03	-5.47578e-01	1.58286e+01
110	0	97	0	2	3	3.64615e-03	-5.51737e-01	1.60573e+01
110	0	98	0	2	3	4.18131e-03	-6.08803e-01	1.69919e+01
110	0	99	0	2	3	3.99076e-03	-5.76970e-01	1.62027e+01
110	0	100	0	2	3	2.96712e-03	-5.08580e-01	1.56218e+01
110	0	101	0	2	3	4.06296e-03	-5.76545e-01	1.63070e+01
110	0	102	0	2	3	5.09512e-03	-6.67805e-01	1.87822e+01
110	0	103	0	2	3	4.52242e-03	-6.17705e-01	1.77550e+01
110	0	104	0	2	3	4.02001e-03	-5.80982e-01	1.60133e+01
110	0	105	0	2	3	4.47596e-03	-6.10242e-01	1.65186e+01
110	0	106	0	2	3	4.20338e-03	-5.97238e-01	1.74051e+01
110	0	107	0	2	3	4.29716e-03	-5.94922e-01	1.66610e+01
110	0	108	0	2	3	3.47089e-03	-5.48542e-01	1.63938e+01
110	0	109	0	2	3	3.51591e-03	-5.38879e-01	1.60785e+01
110	0	110	0	2	3	4.01925e-03	-5.90597e-01	1.71499e+01
110	0	111	0	2	3	4.27585e-03	-6.03705e-01	1.74598e+01
110	0	112	0	2	3	3.87265e-03	-5.71033e-01	1.55391e+01
110	0	113	0	2	3	4.45570e-03	-6.04677e-01	1.72354e+01
110	0	114	0	2	3	4.88687e-03	-6.61017e-01	1.87575e+01
110	0	115	0	2	3	5.34618e-03	-6.67067e-01	1.82704e+01
110	0	116	0	2	3	2.26848e-03	-4.61025e-01	1.44897e+01
110	0	117	0	2	3	5.09502e-03	-6.60149e-01	1.83735e+01
110	0	118	0	2	3	4.63921e-03	-6.35351e-01	1.82956e+01
110	0	119	0	2	3	3.00765e-03	-4.99395e-01	1.45161e+01
110	0	120	0	2	3	3.17991e-03	-5.25814e-01	1.57228e+01
110	0	121	0	2	3	4.86975e-03	-6.19217e-01	1.59410e+01
110	0	122	0	2	3	5.49215e-03	-6.99226e-01	1.90617e+01
110	0	123	0	2	3	4.78721e-03	-6.27368e-01	1.69221e+01
110	0	124	0	2	3	3.01101e-03	-4.98961e-01	1.56352e+01
110	0	125	0	2	3	3.39169e-03	-5.17729e-01	1.28000e+01
110	0	126	0	2	3	4.38126e-03	-6.13744e-01	1.73800e+01
110	0	127	0	2	3	3.43500e-03	-5.34620e-01	1.51600e+01
110	0	128	0	2	3	8.52713e-04	-3.90751e-01	1.46982e+01
110	0	129	0	2	3	3.58210e-03	-5.67354e-01	1.62193e+01
110	0	130	0	2	3	-3.67042e-03	-3.86260e-02	8.04861e+00
110	0	131	0	2	3	2.07175e-03	-4.46654e-01	1.41569e+01
110	0	132	0	2	3	3.41919e-03	-5.66214e-01	1.70500e+01
110	0	133	0	2	3	3.92125e-03	-5.89440e-01	1.69283e+01
110	0	134	0	2	3	1.42342e-03	-4.22829e-01	1.49120e+01
110	0	135	0	2	3	1.00362e-03	-3.64433e-01	1.29417e+01
110	0	136	0	2	3	4.93367e-03	-6.51186e-01	1.80263e+01
110	0	137	0	2	3	3.13999e-03	-5.41621e-01	1.65626e+01
110	0	138	0	2	3	-7.90626e-04	-2.31305e-01	1.11710e+01
110	0	139	0	2	3	3.69969e-03	-5.78328e-01	1.65213e+01
110	0	140	0	2	3	4.31544e-03	-6.32647e-01	1.92590e+01
110	0	141	0	2	3	2.52699e-03	-4.91832e-01	1.52625e+01
110	0	142	0	2	3	7.87068e-04	-3.69607e-01	1.37381e+01
110	0	143	0	2	3	2.51402e-03	-4.89748e-01	1.55176e+01
110	0	144	0	2	3	4.34775e-03	-6.25463e-01	1.74516e+01
110	0	145	0	2	3	3.27964e-03	-5.24715e-01	1.52088e+01
110	0	146	0	2	3	2.76739e-03	-4.98005e-01	1.57653e+01
110	0	147	0	2	3	3.58282e-03	-5.52630e-01	1.59916e+01
110	0	148	0	2	3	3.35399e-03	-5.39990e-01	1.58919e+01
110	0	149	0	2	3	2.01300e-03	-4.43523e-01	1.40157e+01
110	0	150	0	2	3	-4.01114e-03	-1.24751e-02	7.43532e+00
110	0	151	0	2	3	-7.15333e-04	-2.28365e-01	1.06247e+01
110	0	152	0	2	3	1.70751e-03	-4.26666e-01	1.42880e+01
110	0	153	0	2	3	3.72400e-03	-5.69438e-01	1.63970e+01
110	0	154	0	2	3	4.10774e-03	-5.95136e-01	1.69030e+01
110	0	155	0	2	3	2.98267e-03	-5.27224e-01	1.60446e+01
110	0	156	0	2	3	-5.79567e-03	8.19352e-02	6.30262e+00
110	0	157	0	2	3	8.28372e-03	-9.43482e-01	2.50701e+01
110	0	158	0	2	3	-6.10592e-03	1.71206e-01	3.91408e+00
110	0	159	0	2	3	-7.63757e-03	1.64248e-01	6.36181e+00
#######################################################################
# BFT D                                                               #
#######################################################################
110	1	0	0	2	3	7.32056e-05	-3.83653e-01	1.57049e+01
110	1	1	0	2	3	-5.66927e-03	4.49175e-02	9.11991e+00
110	1	2	0	2	3	-4.03101e-03	-4.28691e-02	8.80236e+00
110	1	3	0	2	3	-9.97350e-03	4.94095e-01	-2.27843e+00
110	1	4	0	2	3	4.94610e-03	-6.22153e-01	1.74169e+01
110	1	5	0	2	3	-1.83855e-02	1.01245e+00	-1.01378e+01
110	1	6	0	2	3	3.22689e-03	-5.25019e-01	1.53727e+01
110	1	7	0	2	3	-2.25961e-03	-1.08751e-01	8.07116e+00
110	1	8	0	2	3	1.51887e-03	-4.22304e-01	1.45381e+01
110	1	9	0	2	3	-5.32435e-03	1.34748e-01	4.71937e+00
110	1	10	0	2	3	2.37300e-03	-4.76167e-01	1.49160e+01
110	1	11	0	2	3	5.57863e-04	-3.17858e-01	1.18098e+01
110	1	12	0	2	3	2.43712e-03	-4.57623e-01	1.43706e+01
110	1	13	0	2	3	3.18734e-04	-3.15893e-01	1.28145e+01
110	1	14	0	2	3	3.73244e-03	-5.64811e-01	1.63152e+01
110	1	15	0	2	3	2.52171e-03	-4.73250e-01	1.54621e+01
110	1	16	0	2	3	1.90295e-03	-4.38391e-01	1.45037e+01
110	1	17	0	2	3	-4.99097e-03	1.04158e-01	3.70233e+00
110	1	18	0	2	3	4.86718e-03	-6.36818e-01	1.70706e+01
110	1	19	0	2	3	3.04941e-03	-5.12681e-01	1.57860e+01
110	1	20	0	2	3	5.90503e-03	-7.12781e-01	1.93538e+01
110	1	21	0	2	3	2.39122e-04	-3.16298e-01	1.24045e+01
110	1	22	0	2	3	1.75375e-03	-4.18397e-01	1.38977e+01
110	1	23	0	2	3	-7.20488e-04	-2.27418e-01	1.07185e+01
110	1	24	0	2	3	2.68870e-03	-4.92323e-01	1.52530e+01
110	1	25	0	2	3	2.65347e-03	-4.75443e-01	1.53058e+01
110	1	26	0	2	3	4.03128e-03	-5.83079e-01	1.65752e+01
110	1	27	0	2	3	3.14615e-03	-5.14898e-01	1.58159e+01
110	1	28	0	2	3	2.01190e-03	-4.44930e-01	1.43660e+01
110	1	29	0	2	3	2.88389e-03	-4.99960e-01	1.50083e+01
110	1	30	0	2	3	4.70797e-03	-6.33781e-01	1.78826e+01
110	1	31	0	2	3	4.81959e-03	-6.42414e-01	1.76903e+01
110	1	32	0	2	3	2.99699e-03	-5.11539e-01	1.59451e+01
110	1	33	0	2	3	4.35992e-03	-6.06390e-01	1.68174e+01
110	1	34	0	2	3	3.73611e-03	-5.60554e-01	1.51620e+01
110	1	35	0	2	3	2.87300e-03	-5.06926e-01	1.63196e+01
110	1	36	0	2	3	3.82817e-03	-5.63992e-01	1.63672e+01
110	1	37	0	2	3	3.25845e-03	-5.22954e-01	1.46034e+01
110	1	38	0	2	3	4.07191e-03	-5.93765e-01	1.72918e+01
110	1	39	0	2	3	3.78883e-03	-5.56970e-01	1.61115e+01
110	1	40	0	2	3	3.72147e-03	-5.50339e-01	1.59068e+01
110	1	41	0	2	3	3.95702e-03	-5.75420e-01	1.70044e+01
110	1	42	0	2	3	3.53134e-03	-5.36686e-01	1.51944e+01
110	1	43	0	2	3	3.84240e-03	-5.65091e-01	1.65095e+01
110	1	44	0	2	3	3.89545e-03	-5.81928e-01	1.68716e+01
110	1	45	0	2	3	3.77856e-03	-5.62999e-01	1.69690e+01
110	1	46	0	2	3	3.78340e-03	-5.71711e-01	1.65806e+01
110	1	47	0	2	3	4.67028e-03	-6.44675e-01	1.93822e+01
110	1	48	0	2	3	3.73221e-03	-5.60667e-01	1.60681e+01
110	1	49	0	2	3	4.15462e-03	-5.90706e-01	1.67636e+01
110	1	50	0	2	3	4.43410e-03	-6.07171e-01	1.67642e+01
110	1	51	0	2	3	3.39937e-03	-5.35478e-01	1.64073e+01
110	1	52	0	2	3	3.97441e-03	-5.97920e-01	1.72052e+01
110	1	53	0	2	3	3.11585e-03	-5.17235e-01	1.64206e+01
110	1	54	0	2	3	4.40388e-03	-6.17361e-01	1.72855e+01
110	1	55	0	2	3	3.99043e-03	-5.82492e-01	1.74444e+01
110	1	56	0	2	3	4.31891e-03	-6.18754e-01	1.74988e+01
110	1	57	0	2	3	3.32387e-03	-5.32230e-01	1.62192e+01
110	1	58	0	2	3	3.40700e-03	-5.55006e-01	1.73242e+01
110	1	59	0	2	3	4.87569e-03	-6.54625e-01	1.97240e+01
110	1	60	0	2	3	4.62205e-03	-6.33964e-01	1.75306e+01
110	1	61	0	2	3	3.44952e-03	-5.35508e-01	1.59360e+01
110	1	62	0	2	3	3.84157e-03	-5.68299e-01	1.51883e+01
110	1	63	0	2	3	3.32845e-03	-5.30397e-01	1.64819e+01
110	1	64	0	2	3	3.31261e-03	-5.36602e-01	1.61144e+01
110	1	65	0	2	3	4.53356e-03	-6.17527e-01	1.73581e+01
110	1	66	0	2	3	4.43171e-03	-6.25247e-01	1.74366e+01
110	1	67	0	2	3	4.48635e-03	-6.17808e-01	1.64818e+01
110	1	68	0	2	3	3.07458e-03	-5.11932e-01	1.50622e+01
110	1	69	0	2	3	4.01080e-03	-5.82809e-01	1.68539e+01
110	1	70	0	2	3	3.90724e-03	-5.88878e-01	1.70197e+01
110	1	71	0	2	3	4.29926e-03	-6.12685e-01	1.76880e+01
110	1	72	0	2	3	3.35280e-03	-5.42832e-01	1.56992e+01
110	1	73	0	2	3	3.67101e-03	-5.61567e-01	1.72372e+01
110	1	74	0	2	3	4.43952e-03	-6.11877e-01	1.59069e+01
110	1	75	0	2	3	3.39800e-03	-5.47181e-01	1.60113e+01
110	1	76	0	2	3	3.61367e-03	-5.55822e-01	1.66466e+01
110	1	77	0	2	3	4.22923e-03	-6.01903e-01	1.68811e+01
110	1	78	0	2	3	4.39001e-03	-6.09784e-01	1.68582e+01
110	1	79	0	2	3	4.25843e-03	-5.98463e-01	1.66775e+01
110	1	80	0	2	3	4.06563e-03	-5.84825e-01	1.60361e+01
110	1	81	0	2	3	3.60232e-03	-5.48559e-01	1.51087e+01
110	1	82	0	2	3	4.29692e-03	-6.03395e-01	1.72984e+01
110	1	83	0	2	3	4.80821e-03	-6.27274e-01	1.67687e+01
110	1	84	0	2	3	3.44252e-03	-5.32731e-01	1.46133e+01
110	1	85	0	2	3	4.13476e-03	-5.86082e-01	1.60781e+01
110	1	86	0	2	3	3.82727e-03	-5.73361e-01	1.65725e+01
110	1	87	0	2	3	4.12268e-03	-5.85940e-01	1.49215e+01
110	1	88	0	2	3	3.78485e-03	-5.64512e-01	1.60974e+01
110	1	89	0	2	3	4.14783e-03	-5.98781e-01	1.61281e+01
110	1	90	0	2	3	4.00539e-03	-5.85545e-01	1.57676e+01
110	1	91	0	2	3	4.47838e-03	-6.15912e-01	1.72365e+01
110	1	92	0	2	3	3.77332e-03	-5.61362e-01	1.56944e+01
110	1	93	0	2	3	3.79291e-03	-5.63086e-01	1.58970e+01
110	1	94	0	2	3	3.97747e-03	-5.87252e-01	1.69741e+01
110	1	95	0	2	3	4.05575e-03	-5.91420e-01	1.62213e+01
110	1	96	0	2	3	3.22832e-03	-5.33536e-01	1.60742e+01
110	1	97	0	2	3	3.27784e-03	-5.29552e-01	1.58242e+01
110	1	98	0	2	3	3.85933e-03	-5.88479e-01	1.72984e+01
110	1	99	0	2	3	3.95682e-03	-5.77749e-01	1.60120e+01
110	1	100	0	2	3	3.77748e-03	-5.54047e-01	1.57640e+01
110	1	101	0	2	3	4.03262e-03	-5.77769e-01	1.54788e+01
110	1	102	0	2	3	4.95182e-03	-6.53781e-01	1.74815e+01
110	1	103	0	2	3	4.26260e-03	-5.99787e-01	1.63269e+01
110	1	104	0	2	3	2.81919e-03	-5.01973e-01	1.50076e+01
110	1	105	0	2	3	4.16844e-03	-5.95168e-01	1.66914e+01
110	1	106	0	2	3	4.12611e-03	-5.92354e-01	1.71958e+01
110	1	107	0	2	3	4.99466e-03	-6.45356e-01	1.71514e+01
110	1	108	0	2	3	2.60889e-03	-4.83495e-01	1.53905e+01
110	1	109	0	2	3	3.51806e-03	-5.53878e-01	1.65850e+01
110	1	110	0	2	3	3.67396e-03	-5.73984e-01	1.63832e+01
110	1	111	0	2	3	3.32847e-03	-5.39951e-01	1.67939e+01
110	1	112	0	2	3	3.54822e-03	-5.42227e-01	1.63169e+01
110	1	113	0	2	3	2.95469e-03	-5.04412e-01	1.51162e+01
110	1	114	0	2	3	4.11414e-03	-6.03432e-01	1.65012e+01
110	1	115	0	2	3	5.44592e-03	-6.82928e-01	1.79332e+01
110	1	116	0	2	3	3.96070e-03	-5.80295e-01	1.63369e+01
110	1	117	0	2	3	4.00679e-03	-5.73405e-01	1.61824e+01
110	1	118	0	2	3	3.10256e-03	-5.23201e-01	1.45178e+01
110	1	119	0	2	3	3.53330e-03	-5.51517e-01	1.62044e+01
110	1	120	0	2	3	3.85597e-03	-5.69778e-01	1.67787e+01
110	1	121	0	2	3	4.71466e-03	-6.33339e-01	1.73046e+01
110	1	122	0	2	3	2.81101e-03	-5.09532e-01	1.63907e+01
110	1	123	0	2	3	1.17996e-03	-3.73463e-01	1.39670e+01
110	1	124	0	2	3	3.65944e-03	-5.42543e-01	1.48591e+01
110	1	125	0	2	3	2.02262e-03	-4.38521e-01	1.40263e+01
110	1	126	0	2	3	3.95381e-03	-5.79918e-01	1.64293e+01
110	1	127	0	2	3	2.98592e-03	-5.15794e-01	1.54731e+01
110	1	128	0	2	3	2.72092e-03	-5.11534e-01	1.58932e+01
110	1	129	0	2	3	3.21225e-03	-5.59509e-01	1.69920e+01
110	1	130	0	2	3	4.59724e-03	-6.44989e-01	1.83197e+01
110	1	131	0	2	3	4.68359e-03	-6.27312e-01	1.71104e+01
110	1	132	0	2	3	3.80657e-03	-5.73924e-01	1.68735e+01
110	1	133	0	2	3	3.12561e-03	-5.22729e-01	1.52687e+01
110	1	134	0	2	3	5.47896e-03	-7.11245e-01	1.95176e+01
110	1	135	0	2	3	2.64613e-03	-4.96124e-01	1.53370e+01
110	1	136	0	2	3	3.78852e-03	-5.95446e-01	1.78344e+01
110	1	137	0	2	3	4.44762e-03	-6.25516e-01	1.76171e+01
110	1	138	0	2	3	3.94520e-03	-5.91314e-01	1.67488e+01
110	1	139	0	2	3	3.88761e-03	-5.80604e-01	1.68927e+01
110	1	140	0	2	3	2.64650e-03	-4.92675e-01	1.47204e+01
110	1	141	0	2	3	5.25500e-03	-6.85886e-01	1.91258e+01
110	1	142	0	2	3	4.19805e-03	-6.13127e-01	1.77765e+01
110	1	143	0	2	3	3.58617e-03	-5.73387e-01	1.71123e+01
110	1	144	0	2	3	4.11801e-03	-6.16486e-01	1.84456e+01
110	1	145	0	2	3	5.13627e-03	-6.60812e-01	1.77643e+01
110	1	146	0	2	3	4.57337e-03	-6.42216e-01	1.85941e+01
110	1	147	0	2	3	5.38536e-03	-6.81056e-01	1.81990e+01
110	1	148	0	2	3	3.93160e-03	-5.77731e-01	1.66241e+01
110	1	149	0	2	3	4.65014e-03	-6.28147e-01	1.77072e+01
110	1	150	0	2	3	2.08659e-03	-4.56011e-01	1.46730e+01
110	1	151	0	2	3	4.63154e-03	-6.28502e-01	1.70324e+01
110	1	152	0	2	3	-2.05111e-04	-3.03845e-01	1.28645e+01
110	1	153	0	2	3	-2.24533e-02	1.41340e+00	-1.99236e+01
110	1	154	0	2	3	2.66358e-03	-5.18749e-01	1.61645e+01
110	1	155	0	2	3	8.25570e-03	-8.88404e-01	2.16122e+01
110	1	156	0	2	3	-1.40312e-04	-2.85353e-01	1.24192e+01
110	1	157	0	2	3	1.24163e-03	-3.89659e-01	1.36267e+01
110	1	158	0	2	3	-6.02451e-03	9.45778e-02	6.97930e+00
110	1	159	0	2	3	-4.79805e-03	1.55477e-01	2.74453e+00
