##
#  file: HodoPHCParam_Dummy
#  date: 2016.06.15
#  note: first version
#
#
#######################################################################
# CId	PlId	Seg	UorD	Type	nParam	p0	p1	...
#
#	Type=0 no correction will be performed
#	Type=1 ct=t-p[0]/sqrt(a-p[1])+p[2]
#	Type=2 ct=p[0]*a*a + p[1]*a + p[2] for Fiber
#
#######################################################################
# BH1 Up                                                              #
#######################################################################
1	0	0	0	1	3	9.72882e+01	-2.42381e+01	1.93388e+01
1	0	1	0	1	3	8.39811e-01	2.30870e-01	9.07677e-01
1	0	2	0	1	3	7.96271e-01	2.02772e-01	8.76313e-01
1	0	3	0	1	3	1.24269e+00	-1.47574e-01	1.19840e+00
1	0	4	0	1	3	1.09931e+00	-7.72769e-02	1.08260e+00
1	0	5	0	1	3	1.05845e+00	1.40683e-01	1.18835e+00
1	0	6	0	1	3	1.24845e+00	-7.32092e-02	1.22011e+00
1	0	7	0	1	3	1.38494e+00	-1.69323e-01	1.29113e+00
1	0	8	0	1	3	1.12943e+00	-1.85789e-01	1.05048e+00
1	0	9	0	1	3	1.39270e+00	-1.82072e-01	1.30041e+00
1	0	10	0	1	3	1.71493e+02	-3.15885e+01	3.00372e+01
#######################################################################
# BH1 Down                                                            #
#######################################################################
1	0	0	1	1	3	1.69589e+00	-2.63702e-01	1.46458e+00
1	0	1	1	1	3	6.65147e-01	3.06785e-01	7.74182e-01
1	0	2	1	1	3	1.69164e+00	-4.50471e-01	1.36238e+00
1	0	3	1	1	3	7.14482e+01	-2.23619e+01	1.47724e+01
1	0	4	1	1	3	1.42431e+00	-1.84323e-01	1.31423e+00
1	0	5	1	1	3	1.48351e+00	-1.17877e-01	1.40777e+00
1	0	6	1	1	3	1.64799e+00	-3.01989e-01	1.48452e+00
1	0	7	1	1	3	1.48685e+00	-1.75507e-01	1.38619e+00
1	0	8	1	1	3	5.71792e-01	2.68423e-01	6.99614e-01
1	0	9	1	1	3	1.07020e+00	4.47097e-02	1.11772e+00
1	0	10	1	1	3	5.19525e-01	3.65790e-01	6.45791e-01
#######################################################################
# BH2 Up                                                              #
#######################################################################
2	0	0	0	1	3	1.12115e-01	3.35357e-01	1.33957e-01
2	0	1	0	1	3	4.23202e-01	6.01088e-02	4.32756e-01
2	0	2	0	1	3	4.01076e-01	4.56070e-02	4.03148e-01
2	0	3	0	1	3	3.85284e-01	5.67440e-02	3.98101e-01
2	0	4	0	1	3	2.66200e-01	1.48660e-01	2.92941e-01
2	0	5	0	1	3	1.66891e-01	2.88043e-01	2.06447e-01
2	0	6	0	1	3	1.71542e-01	2.55850e-01	2.12138e-01
2	0	7	0	1	3	1.96083e-01	2.29490e-01	2.30246e-01
#######################################################################
# BH2 Down                                                            #
#######################################################################
2	0	0	1	1	3	1.86082e-01	2.04597e-01	2.06299e-01
2	0	1	1	1	3	3.69447e-01	6.07075e-02	3.67987e-01
2	0	2	1	1	3	4.36704e-01	5.29092e-03	4.17610e-01
2	0	3	1	1	3	5.05110e-01	-2.36197e-01	4.33924e-01
2	0	4	1	1	3	3.34198e-01	6.07922e-02	3.30964e-01
2	0	5	1	1	3	2.71316e-01	1.29618e-01	2.74971e-01
2	0	6	1	1	3	4.51400e-01	-3.05140e-02	4.20447e-01
2	0	7	1	1	3	2.11967e-01	8.42464e-02	2.22906e-01
#######################################################################
# BAC                                                                 #
#######################################################################
3	0	0	0	1	3	0.00000e+00	0.00000e+00	0.00000e+00
3	0	1	0	1	3	0.00000e+00	0.00000e+00	0.00000e+00
#######################################################################
# FBH Up                                                              #
#######################################################################
4	0	0	0	2	3	-5.62952e-03	8.96903e-01	-3.53273e+01
4	0	1	0	2	3	-4.29399e-03	7.37975e-01	-3.00049e+01
4	0	2	0	2	3	-5.26894e-03	8.67305e-01	-3.38992e+01
4	0	3	0	2	3	-3.80183e-03	6.69237e-01	-2.72260e+01
4	0	4	0	2	3	-4.35014e-03	7.35785e-01	-2.92008e+01
4	0	5	0	2	3	-4.02541e-03	6.86907e-01	-2.70312e+01
4	0	6	0	2	3	-4.16660e-03	7.08229e-01	-2.81512e+01
4	0	7	0	2	3	-3.93117e-03	6.84759e-01	-2.69101e+01
4	0	8	0	2	3	-4.14423e-03	6.96902e-01	-2.65883e+01
4	0	9	0	2	3	-2.83372e-03	5.62925e-01	-2.20787e+01
4	0	10	0	2	3	-4.07944e-03	7.09420e-01	-2.75603e+01
4	0	11	0	2	3	-3.50961e-03	6.50113e-01	-2.64167e+01
4	0	12	0	2	3	-3.52415e-03	6.49734e-01	-2.67232e+01
4	0	13	0	2	3	-4.13420e-03	7.26957e-01	-2.99675e+01
4	0	14	0	2	3	-4.90315e-03	8.27563e-01	-3.35630e+01
4	0	15	0	2	3	-4.73048e-03	8.13189e-01	-3.31901e+01
#######################################################################
# FBH Down                                                            #
#######################################################################
4	0	0	1	2	3	-5.62952e-03	8.96903e-01	-3.53273e+01
4	0	1	1	2	3	-4.29399e-03	7.37975e-01	-3.00049e+01
4	0	2	1	2	3	-5.26894e-03	8.67305e-01	-3.38992e+01
4	0	3	1	2	3	-3.80183e-03	6.69237e-01	-2.72260e+01
4	0	4	1	2	3	-4.35014e-03	7.35785e-01	-2.92008e+01
4	0	5	1	2	3	-4.02541e-03	6.86907e-01	-2.70312e+01
4	0	6	1	2	3	-4.16660e-03	7.08229e-01	-2.81512e+01
4	0	7	1	2	3	-3.93117e-03	6.84759e-01	-2.69101e+01
4	0	8	1	2	3	-4.14423e-03	6.96902e-01	-2.65883e+01
4	0	9	1	2	3	-2.83372e-03	5.62925e-01	-2.20787e+01
4	0	10	1	2	3	-4.07944e-03	7.09420e-01	-2.75603e+01
4	0	11	1	2	3	-3.50961e-03	6.50113e-01	-2.64167e+01
4	0	12	1	2	3	-3.52415e-03	6.49734e-01	-2.67232e+01
4	0	13	1	2	3	-4.13420e-03	7.26957e-01	-2.99675e+01
4	0	14	1	2	3	-4.90315e-03	8.27563e-01	-3.35630e+01
4	0	15	1	2	3	-4.73048e-03	8.13189e-01	-3.31901e+01
#######################################################################
# PVAC                                                                #
#######################################################################
5	0	0	0	1	3	0.00000e+00	0.00000e+00	0.00000e+00
#######################################################################
# FAC                                                                 #
#######################################################################
6	0	0	0	1	3	0.00000e+00	0.00000e+00	0.00000e+00
#######################################################################
# SCH                                                                 #
#######################################################################
#7	0	0	0	2	3	-0.00500000	0.821213	-32.185321
#7	0	1	0	2	3	-0.00500000	0.830248	-32.269563
#7	0	2	0	2	3	-0.00500000	0.793073	-29.315934
#7	0	3	0	2	3	-0.00500000	0.772144	-28.276705
#7	0	4	0	2	3	-0.00500000	0.801968	-30.687167
#7	0	5	0	2	3	-0.00500000	0.778300	-28.439251
#7	0	6	0	2	3	-0.00500000	0.765872	-27.918181
#7	0	7	0	2	3	-0.00500000	0.738459	-26.016797
#7	0	8	0	2	3	-0.00500000	0.778318	-28.676371
#7	0	9	0	2	3	-0.00500000	0.776670	-28.892887
#7	0	10	0	2	3	-0.00500000	0.764278	-28.122474
#7	0	11	0	2	3	-0.00500000	0.790742	-29.423647
#7	0	12	0	2	3	-0.00500000	0.811330	-30.487019
#7	0	13	0	2	3	-0.00500000	0.818750	-30.891512
#7	0	14	0	2	3	-0.00500000	0.802541	-30.009136
#7	0	15	0	2	3	-0.00500000	0.809525	-30.751746
#7	0	16	0	2	3	-0.00500000	0.802597	-30.845509
#7	0	17	0	2	3	-0.00500000	0.835028	-32.780792
#7	0	18	0	2	3	-0.00500000	0.859176	-33.938731
#7	0	19	0	2	3	-0.00500000	0.814851	-31.445396
#7	0	20	0	2	3	-0.00500000	0.809426	-30.781087
#7	0	21	0	2	3	-0.00500000	0.780678	-28.888756
#7	0	22	0	2	3	-0.00500000	0.808206	-30.719604
#7	0	23	0	2	3	-0.00500000	0.774024	-27.858339
#7	0	24	0	2	3	-0.00500000	0.794308	-29.022101
#7	0	25	0	2	3	-0.00500000	0.775649	-27.980186
#7	0	26	0	2	3	-0.00500000	0.788483	-28.687567
#7	0	27	0	2	3	-0.00466315	0.771386	-29.253260
#7	0	28	0	2	3	-0.00483132	0.790854	-28.637741
#7	0	29	0	2	3	-0.00497049	0.812994	-30.786914
#7	0	30	0	2	3	-0.00500000	0.787793	-28.362716
#7	0	31	0	2	3	-0.00500000	0.790759	-28.876812
#7	0	32	0	2	3	-0.00500000	0.824826	-31.655285
#7	0	33	0	2	3	-0.00500000	0.845304	-33.407765
#7	0	34	0	2	3	-0.00500000	0.832263	-32.939799
#7	0	35	0	2	3	-0.00500000	0.820631	-31.695372
#7	0	36	0	2	3	-0.00500000	0.836997	-33.200590
#7	0	37	0	2	3	-0.00500000	0.819690	-32.097193
#7	0	38	0	2	3	-0.00500000	0.808109	-31.263214
#7	0	39	0	2	3	-0.00500000	0.815224	-31.135523
#7	0	40	0	2	3	-0.00500000	0.803398	-29.897923
#7	0	41	0	2	3	-0.00500000	0.815685	-31.165519
#7	0	42	0	2	3	-0.00500000	0.812980	-30.737261
#7	0	43	0	2	3	-0.00500000	0.829418	-32.693307
#7	0	44	0	2	3	-0.00500000	0.789530	-29.464920
#7	0	45	0	2	3	-0.00500000	0.804789	-31.208151
#7	0	46	0	2	3	-0.00500000	0.830106	-32.806514
#7	0	47	0	2	3	-0.00500000	0.819206	-31.373242
#7	0	48	0	2	3	-0.00500000	0.816165	-31.709319
#7	0	49	0	2	3	-0.00500000	0.798496	-30.201709
#7	0	50	0	2	3	-0.00500000	0.812167	-31.795745
#7	0	51	0	2	3	-0.00500000	0.810749	-31.375226
#7	0	52	0	2	3	-0.00500000	0.803385	-31.372512
#7	0	53	0	2	3	-0.00500000	0.777405	-29.262831
#7	0	54	0	2	3	-0.00500000	0.783954	-29.763410
#7	0	55	0	2	3	-0.00500000	0.789443	-29.976449
#7	0	56	0	2	3	-0.00500000	0.838828	-33.261086
#7	0	57	0	2	3	-0.00500000	0.804421	-30.573195
#7	0	58	0	2	3	-0.00500000	0.773283	-29.111048
#7	0	59	0	2	3	-0.00500000	0.811789	-31.449459
#7	0	60	0	2	3	-0.00500000	0.759724	-28.110014
#7	0	61	0	2	3	-0.00500000	0.810884	-31.379063
#7	0	62	0	2	3	-0.00500000	0.771910	-28.435006
#7	0	63	0	2	3	-0.00500000	0.796658	-30.511906
#######################################################################
# TOF Up                                                              #
#######################################################################
7	0	0	0	1	3	5.24830e+00	-1.96630e+00	2.96170e+00
7	0	1	0	1	3	5.24830e+00	-1.96630e+00	2.96170e+00
7	0	2	0	1	3	5.24830e+00	-1.96630e+00	2.96170e+00
7	0	3	0	1	3	5.24830e+00	-1.96630e+00	2.96170e+00
7	0	4	0	1	3	5.24830e+00	-1.96630e+00	2.96170e+00
7	0	5	0	1	3	5.24830e+00	-1.96630e+00	2.96170e+00
7	0	6	0	1	3	6.97090e+00	-3.03520e+00	3.39910e+00
7	0	7	0	1	3	4.05450e+00	-1.96150e+00	2.30360e+00
7	0	8	0	1	3	1.16940e+02	-2.98600e+01	2.09880e+01
7	0	9	0	1	3	5.24830e+00	-1.96630e+00	2.96170e+00
7	0	10	0	1	3	5.24830e+00	-1.96630e+00	2.96170e+00
7	0	11	0	1	3	5.24830e+00	-1.96630e+00	2.96170e+00
7	0	12	0	1	3	5.24830e+00	-1.96630e+00	2.96170e+00
7	0	13	0	1	3	5.24830e+00	-1.96630e+00	2.96170e+00
7	0	14	0	1	3	5.24830e+00	-1.96630e+00	2.96170e+00
7	0	15	0	1	3	5.24830e+00	-1.96630e+00	2.96170e+00
7	0	16	0	1	3	5.24830e+00	-1.96630e+00	2.96170e+00
7	0	17	0	1	3	5.24830e+00	-1.96630e+00	2.96170e+00
7	0	18	0	1	3	5.24830e+00	-1.96630e+00	2.96170e+00
7	0	19	0	1	3	7.11491e-01	1.85180e-03	5.82402e-01
7	0	20	0	1	3	5.59404e-01	-1.73810e-03	4.50716e-01
7	0	21	0	1	3	8.92499e-01	1.99900e-03	7.37364e-01
7	0	22	0	1	3	6.37553e-01	1.99960e-03	5.45449e-01
7	0	23	0	1	3	1.19210e+00	1.98920e-03	9.99994e-01
#######################################################################
# TOF Down                                                            #
#######################################################################
7	0	0	1	1	3	5.84300e+00	-2.30730e+00	3.11320e+00
7	0	1	1	1	3	5.84300e+00	-2.30730e+00	3.11320e+00
7	0	2	1	1	3	5.84300e+00	-2.30730e+00	3.11320e+00
7	0	3	1	1	3	5.84300e+00	-2.30730e+00	3.11320e+00
7	0	4	1	1	3	5.84300e+00	-2.30730e+00	3.11320e+00
7	0	5	1	1	3	5.84300e+00	-2.30730e+00	3.11320e+00
7	0	6	1	1	3	1.41330e+01	-5.81170e+00	5.32680e+00
7	0	7	1	1	3	7.84850e+01	-2.02870e+01	1.69500e+01
7	0	8	1	1	3	2.20240e+02	-3.62440e+01	3.60080e+01
7	0	9	1	1	3	5.84300e+00	-2.30730e+00	3.11320e+00
7	0	10	1	1	3	5.84300e+00	-2.30730e+00	3.11320e+00
7	0	11	1	1	3	5.84300e+00	-2.30730e+00	3.11320e+00
7	0	12	1	1	3	5.84300e+00	-2.30730e+00	3.11320e+00
7	0	13	1	1	3	5.84300e+00	-2.30730e+00	3.11320e+00
7	0	14	1	1	3	5.84300e+00	-2.30730e+00	3.11320e+00
7	0	15	1	1	3	5.84300e+00	-2.30730e+00	3.11320e+00
7	0	16	1	1	3	5.84300e+00	-2.30730e+00	3.11320e+00
7	0	17	1	1	3	5.84300e+00	-2.30730e+00	3.11320e+00
7	0	18	1	1	3	5.84300e+00	-2.30730e+00	3.11320e+00
7	0	19	1	1	3	6.18741e-01	1.99860e-03	4.90831e-01
7	0	20	1	1	3	5.75901e-01	1.04210e-03	4.72509e-01
7	0	21	1	1	3	9.41046e-01	1.99890e-03	7.79357e-01
7	0	22	1	1	3	4.84266e-01	-1.95590e-03	3.99786e-01
7	0	23	1	1	3	8.97714e-01	1.99860e-03	7.56300e-01
#######################################################################
# BFT U                                                               #
#######################################################################
110	0	0	0	2	3	-2.71558e-02	1.41925e+00	-1.51827e+01
110	0	1	0	2	3	9.24704e-03	-7.88800e-01	1.63051e+01
110	0	2	0	2	3	-7.90407e-03	2.71798e-01	2.69923e+00
110	0	3	0	2	3	-4.34614e-04	-1.53537e-01	8.13616e+00
110	0	4	0	2	3	5.58242e-03	-7.05025e-01	2.00520e+01
110	0	5	0	2	3	-6.09796e-03	2.50955e-01	1.01439e+00
110	0	6	0	2	3	-5.44562e-03	3.02497e-02	7.39539e+00
110	0	7	0	2	3	2.23865e-03	-4.27780e-01	1.44357e+01
110	0	8	0	2	3	2.90696e-03	-4.93952e-01	1.52637e+01
110	0	9	0	2	3	7.02224e-03	-7.23865e-01	1.83248e+01
110	0	10	0	2	3	3.87961e-04	-3.20349e-01	1.15529e+01
110	0	11	0	2	3	4.36674e-03	-5.83660e-01	1.60507e+01
110	0	12	0	2	3	2.65381e-03	-5.12207e-01	1.48630e+01
110	0	13	0	2	3	1.57559e-03	-4.10040e-01	1.46764e+01
110	0	14	0	2	3	1.76367e-03	-4.07858e-01	1.29807e+01
110	0	15	0	2	3	2.35395e-03	-4.46476e-01	1.47938e+01
110	0	16	0	2	3	5.18430e-04	-3.15376e-01	1.03125e+01
110	0	17	0	2	3	4.42767e-03	-6.08877e-01	1.76033e+01
110	0	18	0	2	3	3.86256e-03	-5.68690e-01	1.58252e+01
110	0	19	0	2	3	4.19457e-03	-5.59113e-01	1.39939e+01
110	0	20	0	2	3	2.38157e-03	-4.52403e-01	1.42484e+01
110	0	21	0	2	3	-9.39524e-03	4.80611e-01	-3.60925e+00
110	0	22	0	2	3	-3.47756e-03	-1.21133e-02	5.93686e+00
110	0	23	0	2	3	5.02184e-05	-2.80625e-01	1.14291e+01
110	0	24	0	2	3	4.23900e-03	-5.89188e-01	1.59660e+01
110	0	25	0	2	3	3.49369e-03	-5.21261e-01	1.51578e+01
110	0	26	0	2	3	2.58775e-03	-4.82510e-01	1.48927e+01
110	0	27	0	2	3	5.75297e-03	-6.86290e-01	1.74869e+01
110	0	28	0	2	3	3.31992e-03	-5.20643e-01	1.37451e+01
110	0	29	0	2	3	3.25009e-03	-5.05488e-01	1.48892e+01
110	0	30	0	2	3	4.02180e-03	-5.80609e-01	1.63330e+01
110	0	31	0	2	3	3.81222e-03	-5.46134e-01	1.59315e+01
110	0	32	0	2	3	2.28306e-03	-4.47454e-01	1.41233e+01
110	0	33	0	2	3	5.58929e-03	-6.43593e-01	1.47387e+01
110	0	34	0	2	3	4.54688e-03	-6.13164e-01	1.68798e+01
110	0	35	0	2	3	4.01180e-03	-5.77039e-01	1.67610e+01
110	0	36	0	2	3	4.39101e-03	-5.90762e-01	1.53129e+01
110	0	37	0	2	3	6.03591e-03	-7.38051e-01	1.99954e+01
110	0	38	0	2	3	4.12871e-03	-5.72130e-01	1.54692e+01
110	0	39	0	2	3	5.23091e-03	-6.68380e-01	1.82177e+01
110	0	40	0	2	3	5.36927e-03	-6.53190e-01	1.61276e+01
110	0	41	0	2	3	3.46387e-03	-5.27100e-01	1.55613e+01
110	0	42	0	2	3	3.54510e-03	-5.38495e-01	1.49601e+01
110	0	43	0	2	3	3.48805e-03	-5.27564e-01	1.60117e+01
110	0	44	0	2	3	3.37674e-03	-5.30819e-01	1.54647e+01
110	0	45	0	2	3	3.15247e-03	-4.96028e-01	1.54188e+01
110	0	46	0	2	3	4.45891e-03	-6.17217e-01	1.72190e+01
110	0	47	0	2	3	4.50172e-04	-3.05796e-01	1.21219e+01
110	0	48	0	2	3	4.50827e-03	-5.90384e-01	1.51616e+01
110	0	49	0	2	3	3.24549e-03	-5.09896e-01	1.52766e+01
110	0	50	0	2	3	4.44943e-03	-6.06425e-01	1.72074e+01
110	0	51	0	2	3	2.58962e-03	-4.61709e-01	1.42698e+01
110	0	52	0	2	3	3.34935e-03	-5.17340e-01	1.46184e+01
110	0	53	0	2	3	4.58952e-03	-6.00986e-01	1.65365e+01
110	0	54	0	2	3	4.37833e-03	-5.98776e-01	1.65967e+01
110	0	55	0	2	3	2.92716e-03	-4.91621e-01	1.47927e+01
110	0	56	0	2	3	3.75123e-03	-5.71046e-01	1.63186e+01
110	0	57	0	2	3	3.88554e-03	-5.54134e-01	1.64332e+01
110	0	58	0	2	3	4.74274e-03	-6.29456e-01	1.72521e+01
110	0	59	0	2	3	4.05588e-03	-5.85667e-01	1.74835e+01
110	0	60	0	2	3	2.79368e-03	-4.97007e-01	1.36436e+01
110	0	61	0	2	3	2.24492e-03	-4.37943e-01	1.41237e+01
110	0	62	0	2	3	3.74045e-03	-5.55760e-01	1.58137e+01
110	0	63	0	2	3	3.72338e-03	-5.47161e-01	1.50097e+01
110	0	64	0	2	3	3.26121e-03	-5.29331e-01	1.58051e+01
110	0	65	0	2	3	3.65448e-03	-5.48878e-01	1.62402e+01
110	0	66	0	2	3	3.39925e-03	-5.45338e-01	1.63202e+01
110	0	67	0	2	3	2.83299e-03	-4.97735e-01	1.56314e+01
110	0	68	0	2	3	3.74389e-03	-5.72723e-01	1.62049e+01
110	0	69	0	2	3	3.54492e-03	-5.30799e-01	1.52942e+01
110	0	70	0	2	3	5.05975e-03	-6.72616e-01	1.79411e+01
110	0	71	0	2	3	3.07416e-03	-5.11345e-01	1.55434e+01
110	0	72	0	2	3	3.64497e-03	-5.60645e-01	1.57503e+01
110	0	73	0	2	3	3.86613e-03	-5.68650e-01	1.60015e+01
110	0	74	0	2	3	5.28132e-03	-6.83869e-01	1.80240e+01
110	0	75	0	2	3	4.24272e-03	-5.99596e-01	1.69227e+01
110	0	76	0	2	3	3.27534e-03	-5.25716e-01	1.51722e+01
110	0	77	0	2	3	2.83625e-03	-4.85080e-01	1.49661e+01
110	0	78	0	2	3	4.31763e-03	-6.11205e-01	1.70329e+01
110	0	79	0	2	3	4.62293e-03	-6.26136e-01	1.73608e+01
110	0	80	0	2	3	3.48058e-03	-5.44135e-01	1.56503e+01
110	0	81	0	2	3	5.82443e-03	-6.99326e-01	1.85799e+01
110	0	82	0	2	3	4.84398e-03	-6.33986e-01	1.76475e+01
110	0	83	0	2	3	3.78492e-03	-5.59646e-01	1.59377e+01
110	0	84	0	2	3	3.23816e-03	-5.28292e-01	1.59180e+01
110	0	85	0	2	3	4.29086e-03	-5.85883e-01	1.67789e+01
110	0	86	0	2	3	5.29790e-03	-6.80217e-01	1.82476e+01
110	0	87	0	2	3	4.45329e-03	-6.19219e-01	1.78954e+01
110	0	88	0	2	3	3.86146e-03	-5.62103e-01	1.57512e+01
110	0	89	0	2	3	3.23867e-03	-5.13702e-01	1.50716e+01
110	0	90	0	2	3	3.86723e-03	-5.64142e-01	1.58771e+01
110	0	91	0	2	3	3.96144e-03	-5.82852e-01	1.61167e+01
110	0	92	0	2	3	3.05626e-03	-5.21959e-01	1.61773e+01
110	0	93	0	2	3	2.69377e-03	-4.81445e-01	1.44644e+01
110	0	94	0	2	3	4.19891e-03	-6.00255e-01	1.72928e+01
110	0	95	0	2	3	3.01729e-03	-5.05070e-01	1.53908e+01
110	0	96	0	2	3	3.32009e-03	-5.40330e-01	1.61604e+01
110	0	97	0	2	3	1.75719e-03	-4.13917e-01	1.40324e+01
110	0	98	0	2	3	4.65101e-03	-6.38458e-01	1.78133e+01
110	0	99	0	2	3	4.61995e-03	-6.15501e-01	1.61544e+01
110	0	100	0	2	3	3.59415e-03	-5.56686e-01	1.59916e+01
110	0	101	0	2	3	3.75426e-03	-5.60852e-01	1.66295e+01
110	0	102	0	2	3	6.20419e-03	-7.63036e-01	2.01793e+01
110	0	103	0	2	3	3.65551e-03	-5.53776e-01	1.60044e+01
110	0	104	0	2	3	2.97881e-03	-5.06498e-01	1.50602e+01
110	0	105	0	2	3	3.26113e-03	-5.18990e-01	1.52340e+01
110	0	106	0	2	3	2.86254e-03	-5.13776e-01	1.56072e+01
110	0	107	0	2	3	4.94394e-03	-6.34273e-01	1.66441e+01
110	0	108	0	2	3	2.67554e-03	-4.85812e-01	1.46424e+01
110	0	109	0	2	3	4.13197e-03	-5.93858e-01	1.66796e+01
110	0	110	0	2	3	1.39287e-03	-3.95862e-01	1.30816e+01
110	0	111	0	2	3	3.89261e-03	-5.79474e-01	1.65269e+01
110	0	112	0	2	3	2.82740e-03	-4.96883e-01	1.46878e+01
110	0	113	0	2	3	2.80320e-03	-4.80303e-01	1.43516e+01
110	0	114	0	2	3	4.01078e-03	-5.83892e-01	1.65301e+01
110	0	115	0	2	3	4.91711e-03	-6.44338e-01	1.74432e+01
110	0	116	0	2	3	2.81525e-03	-5.00243e-01	1.55990e+01
110	0	117	0	2	3	3.06054e-03	-4.90514e-01	1.53110e+01
110	0	118	0	2	3	4.13017e-03	-5.80488e-01	1.63471e+01
110	0	119	0	2	3	4.53641e-03	-6.08930e-01	1.58794e+01
110	0	120	0	2	3	2.71742e-03	-5.07773e-01	1.60202e+01
110	0	121	0	2	3	4.39116e-03	-5.91019e-01	1.50117e+01
110	0	122	0	2	3	5.48652e-03	-6.96036e-01	1.93670e+01
110	0	123	0	2	3	4.47166e-03	-6.11870e-01	1.72484e+01
110	0	124	0	2	3	1.30388e-03	-3.91088e-01	1.34507e+01
110	0	125	0	2	3	9.98202e-04	-3.80612e-01	1.12050e+01
110	0	126	0	2	3	9.67086e-04	-3.62127e-01	1.22470e+01
110	0	127	0	2	3	2.42772e-03	-4.55775e-01	1.40377e+01
110	0	128	0	2	3	4.49010e-03	-6.48535e-01	1.86309e+01
110	0	129	0	2	3	2.43696e-03	-4.84317e-01	1.52348e+01
110	0	130	0	2	3	1.29545e-03	-4.26979e-01	1.49576e+01
110	0	131	0	2	3	-4.68449e-04	-2.60554e-01	1.12335e+01
110	0	132	0	2	3	8.71713e-04	-3.65086e-01	1.36091e+01
110	0	133	0	2	3	1.89278e-03	-4.20877e-01	1.39498e+01
110	0	134	0	2	3	1.07262e-04	-3.08139e-01	1.20779e+01
110	0	135	0	2	3	2.86313e-03	-5.01380e-01	1.57864e+01
110	0	136	0	2	3	3.82548e-03	-5.78539e-01	1.73386e+01
110	0	137	0	2	3	1.17750e-03	-4.11034e-01	1.39442e+01
110	0	138	0	2	3	9.25009e-04	-3.47914e-01	1.26377e+01
110	0	139	0	2	3	1.44798e-03	-4.00487e-01	1.26303e+01
110	0	140	0	2	3	-6.64852e-04	-2.41669e-01	1.10665e+01
110	0	141	0	2	3	1.44494e-03	-4.13999e-01	1.34000e+01
110	0	142	0	2	3	4.95142e-03	-6.60819e-01	1.91269e+01
110	0	143	0	2	3	-1.28940e-02	6.39848e-01	-5.39618e+00
110	0	144	0	2	3	6.07426e-04	-3.49815e-01	1.28722e+01
110	0	145	0	2	3	3.08507e-03	-5.36471e-01	1.63676e+01
110	0	146	0	2	3	1.19161e-03	-3.99154e-01	1.38057e+01
110	0	147	0	2	3	5.80137e-03	-7.21384e-01	1.86967e+01
110	0	148	0	2	3	2.32464e-03	-4.52379e-01	1.45007e+01
110	0	149	0	2	3	1.03303e-03	-3.99451e-01	1.41517e+01
110	0	150	0	2	3	7.96187e-04	-3.68961e-01	1.35607e+01
110	0	151	0	2	3	3.80587e-03	-5.91029e-01	1.73089e+01
110	0	152	0	2	3	2.78688e-03	-4.83503e-01	1.52239e+01
110	0	153	0	2	3	3.92568e-03	-5.77815e-01	1.67600e+01
110	0	154	0	2	3	-1.90825e-02	1.08126e+00	-1.24030e+01
110	0	155	0	2	3	1.79921e-04	-3.16066e-01	1.16790e+01
110	0	156	0	2	3	2.60534e-03	-5.01985e-01	1.68514e+01
110	0	157	0	2	3	-3.49757e-03	-1.82369e-01	1.28154e+01
110	0	158	0	2	3	-1.76464e-02	1.03662e+00	-1.15811e+01
110	0	159	0	2	3	-3.06543e-03	-1.19415e-01	1.02506e+01
#######################################################################
# BFT D                                                               #
#######################################################################
110	1	0	0	2	3	-1.02032e-02	5.35073e-01	-3.23000e+00
110	1	1	0	2	3	-5.13075e-02	3.18621e+00	-4.51278e+01
110	1	2	0	2	3	2.15937e-02	-1.31020e+00	1.94871e+01
110	1	3	0	2	3	-1.02409e-02	4.74351e-01	-1.14777e+00
110	1	4	0	2	3	1.24703e-03	-4.47278e-01	1.66325e+01
110	1	5	0	2	3	1.43435e-03	-3.51732e-01	1.26009e+01
110	1	6	0	2	3	5.21721e-03	-6.48175e-01	1.76514e+01
110	1	7	0	2	3	-4.75276e-03	7.55646e-02	5.48031e+00
110	1	8	0	2	3	2.83432e-03	-5.13007e-01	1.62567e+01
110	1	9	0	2	3	-1.25388e-03	-2.12022e-01	1.14704e+01
110	1	10	0	2	3	-2.42692e-03	-1.17506e-01	7.77092e+00
110	1	11	0	2	3	9.51290e-04	-3.06780e-01	1.11285e+01
110	1	12	0	2	3	3.95917e-03	-6.09432e-01	1.74864e+01
110	1	13	0	2	3	-3.75165e-03	4.30156e-02	4.57671e+00
110	1	14	0	2	3	2.99977e-03	-5.23551e-01	1.52821e+01
110	1	15	0	2	3	4.10161e-03	-5.95392e-01	1.72858e+01
110	1	16	0	2	3	5.93100e-03	-7.16030e-01	1.86615e+01
110	1	17	0	2	3	9.80117e-04	-3.58233e-01	1.29047e+01
110	1	18	0	2	3	5.87491e-03	-7.11233e-01	1.79989e+01
110	1	19	0	2	3	3.67553e-03	-5.44299e-01	1.65336e+01
110	1	20	0	2	3	3.42643e-03	-5.46033e-01	1.59889e+01
110	1	21	0	2	3	-3.47431e-04	-2.58788e-01	1.15067e+01
110	1	22	0	2	3	3.59093e-03	-5.38734e-01	1.52178e+01
110	1	23	0	2	3	1.76604e-03	-4.10663e-01	1.34312e+01
110	1	24	0	2	3	5.59671e-03	-6.99901e-01	1.94107e+01
110	1	25	0	2	3	6.76732e-03	-7.83479e-01	2.04665e+01
110	1	26	0	2	3	2.76787e-03	-4.89174e-01	1.44026e+01
110	1	27	0	2	3	-1.43169e-03	-1.60973e-01	9.43648e+00
110	1	28	0	2	3	2.90151e-03	-5.18650e-01	1.53422e+01
110	1	29	0	2	3	5.08161e-03	-6.40959e-01	1.75890e+01
110	1	30	0	2	3	4.17938e-03	-5.95572e-01	1.65625e+01
110	1	31	0	2	3	1.80747e-03	-4.17750e-01	1.39809e+01
110	1	32	0	2	3	1.20183e-03	-3.70873e-01	1.36492e+01
110	1	33	0	2	3	2.39699e-03	-4.69844e-01	1.38464e+01
110	1	34	0	2	3	3.95677e-03	-5.62156e-01	1.53627e+01
110	1	35	0	2	3	1.95777e-03	-4.24981e-01	1.49380e+01
110	1	36	0	2	3	4.09414e-03	-5.83184e-01	1.61378e+01
110	1	37	0	2	3	3.09148e-03	-5.26068e-01	1.53280e+01
110	1	38	0	2	3	3.82548e-03	-5.64841e-01	1.59817e+01
110	1	39	0	2	3	4.40070e-03	-5.96326e-01	1.71330e+01
110	1	40	0	2	3	2.66337e-03	-4.86628e-01	1.44766e+01
110	1	41	0	2	3	1.66819e-03	-4.00903e-01	1.31208e+01
110	1	42	0	2	3	4.84804e-03	-6.30897e-01	1.62998e+01
110	1	43	0	2	3	4.91101e-03	-6.34545e-01	1.79464e+01
110	1	44	0	2	3	3.90746e-03	-5.72793e-01	1.59875e+01
110	1	45	0	2	3	5.26457e-03	-6.62300e-01	1.79465e+01
110	1	46	0	2	3	4.80224e-03	-6.34336e-01	1.69371e+01
110	1	47	0	2	3	3.49049e-03	-5.54556e-01	1.71309e+01
110	1	48	0	2	3	3.78455e-03	-5.63231e-01	1.65199e+01
110	1	49	0	2	3	2.92857e-03	-4.97698e-01	1.55106e+01
110	1	50	0	2	3	4.43376e-03	-6.08029e-01	1.61844e+01
110	1	51	0	2	3	2.61164e-03	-4.69792e-01	1.54863e+01
110	1	52	0	2	3	3.68188e-03	-5.68374e-01	1.59876e+01
110	1	53	0	2	3	2.57851e-03	-4.72442e-01	1.49288e+01
110	1	54	0	2	3	1.70000e-03	-4.30294e-01	1.45819e+01
110	1	55	0	2	3	3.51009e-03	-5.42068e-01	1.60375e+01
110	1	56	0	2	3	4.86643e-03	-6.52564e-01	1.83911e+01
110	1	57	0	2	3	3.80135e-03	-5.66185e-01	1.72261e+01
110	1	58	0	2	3	2.91807e-03	-5.11772e-01	1.68050e+01
110	1	59	0	2	3	4.32087e-03	-6.16965e-01	1.85145e+01
110	1	60	0	2	3	3.84582e-03	-5.71167e-01	1.66739e+01
110	1	61	0	2	3	3.92041e-03	-5.53175e-01	1.63141e+01
110	1	62	0	2	3	2.79854e-03	-5.03658e-01	1.46849e+01
110	1	63	0	2	3	3.42913e-03	-5.37912e-01	1.60435e+01
110	1	64	0	2	3	3.52643e-03	-5.53513e-01	1.68566e+01
110	1	65	0	2	3	4.84689e-03	-6.37255e-01	1.70685e+01
110	1	66	0	2	3	4.28560e-03	-6.14735e-01	1.66619e+01
110	1	67	0	2	3	4.62180e-03	-6.23284e-01	1.69207e+01
110	1	68	0	2	3	2.58110e-03	-4.76610e-01	1.38494e+01
110	1	69	0	2	3	3.32567e-03	-5.23898e-01	1.50610e+01
110	1	70	0	2	3	3.77679e-03	-5.72860e-01	1.70537e+01
110	1	71	0	2	3	2.61494e-03	-4.84976e-01	1.47574e+01
110	1	72	0	2	3	2.48516e-03	-4.67152e-01	1.45167e+01
110	1	73	0	2	3	4.20785e-03	-5.99433e-01	1.73010e+01
110	1	74	0	2	3	4.24318e-03	-5.91954e-01	1.58679e+01
110	1	75	0	2	3	4.78582e-03	-6.37167e-01	1.68049e+01
110	1	76	0	2	3	2.64219e-03	-4.82080e-01	1.47242e+01
110	1	77	0	2	3	2.16216e-03	-4.58196e-01	1.48545e+01
110	1	78	0	2	3	3.52548e-03	-5.55301e-01	1.54708e+01
110	1	79	0	2	3	4.75260e-03	-6.41942e-01	1.70361e+01
110	1	80	0	2	3	3.81147e-03	-5.62860e-01	1.60203e+01
110	1	81	0	2	3	3.63676e-03	-5.51484e-01	1.56147e+01
110	1	82	0	2	3	4.46200e-03	-6.15633e-01	1.79367e+01
110	1	83	0	2	3	3.65386e-03	-5.50585e-01	1.49961e+01
110	1	84	0	2	3	2.94008e-03	-4.96889e-01	1.43593e+01
110	1	85	0	2	3	4.03458e-03	-5.88497e-01	1.67140e+01
110	1	86	0	2	3	1.25014e-03	-3.90620e-01	1.28323e+01
110	1	87	0	2	3	4.15824e-03	-5.83940e-01	1.52593e+01
110	1	88	0	2	3	4.24575e-03	-5.98866e-01	1.71028e+01
110	1	89	0	2	3	3.35591e-03	-5.33125e-01	1.52200e+01
110	1	90	0	2	3	4.12066e-03	-5.84534e-01	1.59244e+01
110	1	91	0	2	3	4.18940e-03	-5.87400e-01	1.60271e+01
110	1	92	0	2	3	3.62808e-03	-5.35990e-01	1.53803e+01
110	1	93	0	2	3	3.77924e-03	-5.68836e-01	1.65889e+01
110	1	94	0	2	3	3.67195e-03	-5.66788e-01	1.60749e+01
110	1	95	0	2	3	2.89324e-03	-5.02531e-01	1.49833e+01
110	1	96	0	2	3	3.71343e-03	-5.55484e-01	1.55976e+01
110	1	97	0	2	3	3.47026e-03	-5.44644e-01	1.55694e+01
110	1	98	0	2	3	3.67962e-03	-5.75179e-01	1.74721e+01
110	1	99	0	2	3	4.87347e-03	-6.41444e-01	1.75427e+01
110	1	100	0	2	3	2.35706e-03	-4.55872e-01	1.35278e+01
110	1	101	0	2	3	3.48638e-03	-5.30823e-01	1.49222e+01
110	1	102	0	2	3	3.48873e-03	-5.58962e-01	1.64551e+01
110	1	103	0	2	3	4.35174e-03	-5.99400e-01	1.66472e+01
110	1	104	0	2	3	3.66030e-03	-5.59268e-01	1.63663e+01
110	1	105	0	2	3	4.56193e-03	-6.17960e-01	1.64255e+01
110	1	106	0	2	3	3.50261e-03	-5.45502e-01	1.57656e+01
110	1	107	0	2	3	4.31631e-03	-5.92411e-01	1.55515e+01
110	1	108	0	2	3	3.90016e-03	-5.77151e-01	1.74520e+01
110	1	109	0	2	3	6.25940e-03	-7.40014e-01	1.90946e+01
110	1	110	0	2	3	4.13582e-03	-5.96912e-01	1.70699e+01
110	1	111	0	2	3	3.51894e-03	-5.58661e-01	1.66600e+01
110	1	112	0	2	3	2.17725e-03	-4.48084e-01	1.41535e+01
110	1	113	0	2	3	3.07738e-03	-5.32083e-01	1.63871e+01
110	1	114	0	2	3	3.24024e-03	-5.30499e-01	1.54972e+01
110	1	115	0	2	3	4.27133e-03	-6.10551e-01	1.73418e+01
110	1	116	0	2	3	3.62044e-03	-5.53218e-01	1.62477e+01
110	1	117	0	2	3	2.28421e-03	-4.58598e-01	1.37790e+01
110	1	118	0	2	3	4.39603e-03	-6.13918e-01	1.55253e+01
110	1	119	0	2	3	3.42368e-03	-5.42810e-01	1.54396e+01
110	1	120	0	2	3	5.06994e-03	-6.76998e-01	1.84893e+01
110	1	121	0	2	3	3.08087e-03	-5.07453e-01	1.43815e+01
110	1	122	0	2	3	3.67579e-03	-5.52882e-01	1.71257e+01
110	1	123	0	2	3	-4.56599e-03	8.66768e-02	5.20878e+00
110	1	124	0	2	3	5.49740e-03	-6.77451e-01	1.78157e+01
110	1	125	0	2	3	4.78573e-03	-6.38996e-01	1.80699e+01
110	1	126	0	2	3	5.48081e-03	-6.89289e-01	1.77797e+01
110	1	127	0	2	3	4.99826e-03	-6.36629e-01	1.74623e+01
110	1	128	0	2	3	3.55260e-03	-5.74337e-01	1.73840e+01
110	1	129	0	2	3	2.56379e-03	-4.97472e-01	1.60480e+01
110	1	130	0	2	3	4.47316e-03	-6.21929e-01	1.71506e+01
110	1	131	0	2	3	5.20590e-03	-6.74590e-01	1.85940e+01
110	1	132	0	2	3	2.19002e-03	-4.63821e-01	1.54725e+01
110	1	133	0	2	3	5.44135e-03	-6.68260e-01	1.78821e+01
110	1	134	0	2	3	4.09891e-03	-5.95587e-01	1.76231e+01
110	1	135	0	2	3	3.81568e-03	-5.86349e-01	1.64239e+01
110	1	136	0	2	3	5.27242e-03	-7.07692e-01	2.04350e+01
110	1	137	0	2	3	4.01142e-03	-6.13515e-01	1.71258e+01
110	1	138	0	2	3	3.11526e-03	-5.52890e-01	1.69253e+01
110	1	139	0	2	3	2.77441e-03	-4.83619e-01	1.42291e+01
110	1	140	0	2	3	5.19182e-03	-6.65359e-01	1.80145e+01
110	1	141	0	2	3	5.25035e-03	-6.64881e-01	1.77960e+01
110	1	142	0	2	3	2.28507e-03	-4.88660e-01	1.52272e+01
110	1	143	0	2	3	1.69250e-03	-4.47533e-01	1.56563e+01
110	1	144	0	2	3	2.83447e-03	-5.10269e-01	1.56261e+01
110	1	145	0	2	3	9.65378e-03	-9.88483e-01	2.40562e+01
110	1	146	0	2	3	1.57362e-03	-4.24915e-01	1.42187e+01
110	1	147	0	2	3	2.36458e-03	-4.54305e-01	1.35805e+01
110	1	148	0	2	3	4.37970e-03	-5.90334e-01	1.60692e+01
110	1	149	0	2	3	-2.03281e-03	-1.47937e-01	9.60405e+00
110	1	150	0	2	3	7.06289e-03	-8.04868e-01	2.00966e+01
110	1	151	0	2	3	3.43931e-03	-5.57010e-01	1.64921e+01
110	1	152	0	2	3	2.66969e-03	-5.11802e-01	1.58920e+01
110	1	153	0	2	3	-1.34753e-02	7.02204e-01	-5.41425e+00
110	1	154	0	2	3	8.13284e-03	-8.67032e-01	2.08598e+01
110	1	155	0	2	3	-8.04208e-04	-2.85166e-01	1.22780e+01
110	1	156	0	2	3	3.12022e-03	-5.18529e-01	1.65369e+01
110	1	157	0	2	3	6.57587e-03	-8.65077e-01	2.38911e+01
110	1	158	0	2	3	-2.07756e-02	1.18623e+00	-1.32364e+01
110	1	159	0	2	3	3.82142e-03	-5.65529e-01	1.82577e+01
