##
#  file: HodoPHCParam_Dummy
#  date: 2016.06.15
#  note: first version
#
#
#######################################################################
# CId	PlId	Seg	UorD	Type	nParam	p0	p1	...
#
#	Type=0 no correction will be performed
#	Type=1 ct=t-p[0]/sqrt(a-p[1])+p[2]
#	Type=2 ct=p[0]*a*a + p[1]*a + p[2] for Fiber
#
#######################################################################
# BH1 Up                                                              #
#######################################################################
1	0	0	0	1	3	1.47730e+00	-2.35290e-01	1.36110e+00
1	0	1	0	1	3	6.62130e-01	3.34480e-01	8.67710e-01
1	0	2	0	1	3	7.54820e-01	2.48290e-01	9.34610e-01
1	0	3	0	1	3	1.23270e+00	-1.14280e-01	1.26640e+00
1	0	4	0	1	3	1.29730e+00	-1.98210e-01	1.21160e+00
1	0	5	0	1	3	1.43110e+00	-7.87430e-02	1.42120e+00
1	0	6	0	1	3	1.41000e+00	-1.74510e-01	1.32020e+00
1	0	7	0	1	3	1.25340e+00	-3.62780e-02	1.24940e+00
1	0	8	0	1	3	1.44900e+00	-3.83590e-01	1.25050e+00
1	0	9	0	1	3	2.28060e+00	-6.04700e-01	1.82360e+00
1	0	10	0	1	3	9.33520e-01	5.26570e-02	9.95230e-01
#######################################################################
# BH1 Down                                                            #
#######################################################################
1	0	0	1	1	3	2.02010e+00	-5.58670e-01	1.64300e+00
1	0	1	1	1	3	8.49690e-01	1.88140e-01	1.01360e+00
1	0	2	1	1	3	1.21680e+00	-7.53470e-02	1.21540e+00
1	0	3	1	1	3	2.08470e+02	-6.59470e+01	2.55410e+01
1	0	4	1	1	3	1.41330e+00	-2.47510e-01	1.29810e+00
1	0	5	1	1	3	1.63380e+00	-2.25070e-01	1.48610e+00
1	0	6	1	1	3	1.64270e+00	-3.28680e-01	1.48410e+00
1	0	7	1	1	3	1.48840e+00	-1.98800e-01	1.38020e+00
1	0	8	1	1	3	9.57720e-01	-5.07090e-03	9.79170e-01
1	0	9	1	1	3	1.28980e+00	-8.52640e-02	1.26930e+00
1	0	10	1	1	3	1.29280e+00	-1.52360e-01	1.25330e+00
#######################################################################
# BH2 Up                                                              #
#######################################################################
2	0	0	0	1	3	1.23928e-01	3.19092e-01	1.64921e-01
2	0	1	0	1	3	7.53706e-01	-1.79708e-01	6.99096e-01
2	0	2	0	1	3	4.42202e-01	-1.79103e-01	4.01925e-01
2	0	3	0	1	3	3.11545e-01	-5.77250e-02	3.02038e-01
2	0	4	0	1	3	2.94738e-01	-1.61080e-01	2.70687e-01
2	0	5	0	1	3	1.70974e-01	2.75206e-01	2.01729e-01
2	0	6	0	1	3	3.73818e-01	9.75170e-02	3.97597e-01
2	0	7	0	1	3	3.15997e-01	6.59460e-02	3.24278e-01
#######################################################################
# BH2 Down                                                            #
#######################################################################
2	0	0	1	1	3	2.64639e-01	1.04767e-01	3.03250e-01
2	0	1	1	1	3	1.34101e+00	-8.16725e-01	9.87325e-01
2	0	2	1	1	3	4.33143e-01	-7.83380e-02	4.15357e-01
2	0	3	1	1	3	2.71422e-01	-7.15340e-02	2.53653e-01
2	0	4	1	1	3	2.16354e-01	1.56752e-01	2.36613e-01
2	0	5	1	1	3	2.26477e-01	2.19430e-01	2.54177e-01
2	0	6	1	1	3	1.46634e+00	-7.69085e-01	1.07966e+00
2	0	7	1	1	3	2.49431e-01	7.90660e-02	2.64418e-01
#######################################################################
# BAC                                                                 #
#######################################################################
3	0	0	0	1	3	0.00000e+00	0.00000e+00	0.00000e+00
3	0	1	0	1	3	0.00000e+00	0.00000e+00	0.00000e+00
#######################################################################
# FBH Up                                                              #
#######################################################################
4	0	0	0	2	3	-5.62952e-03	8.96903e-01	-3.53273e+01
4	0	1	0	2	3	-4.29399e-03	7.37975e-01	-3.00049e+01
4	0	2	0	2	3	-5.26894e-03	8.67305e-01	-3.38992e+01
4	0	3	0	2	3	-3.80183e-03	6.69237e-01	-2.72260e+01
4	0	4	0	2	3	-4.35014e-03	7.35785e-01	-2.92008e+01
4	0	5	0	2	3	-4.02541e-03	6.86907e-01	-2.70312e+01
4	0	6	0	2	3	-4.16660e-03	7.08229e-01	-2.81512e+01
4	0	7	0	2	3	-3.93117e-03	6.84759e-01	-2.69101e+01
4	0	8	0	2	3	-4.14423e-03	6.96902e-01	-2.65883e+01
4	0	9	0	2	3	-2.83372e-03	5.62925e-01	-2.20787e+01
4	0	10	0	2	3	-4.07944e-03	7.09420e-01	-2.75603e+01
4	0	11	0	2	3	-3.50961e-03	6.50113e-01	-2.64167e+01
4	0	12	0	2	3	-3.52415e-03	6.49734e-01	-2.67232e+01
4	0	13	0	2	3	-4.13420e-03	7.26957e-01	-2.99675e+01
4	0	14	0	2	3	-4.90315e-03	8.27563e-01	-3.35630e+01
4	0	15	0	2	3	-4.73048e-03	8.13189e-01	-3.31901e+01
#######################################################################
# FBH Down                                                            #
#######################################################################
4	0	0	1	2	3	-5.62952e-03	8.96903e-01	-3.53273e+01
4	0	1	1	2	3	-4.29399e-03	7.37975e-01	-3.00049e+01
4	0	2	1	2	3	-5.26894e-03	8.67305e-01	-3.38992e+01
4	0	3	1	2	3	-3.80183e-03	6.69237e-01	-2.72260e+01
4	0	4	1	2	3	-4.35014e-03	7.35785e-01	-2.92008e+01
4	0	5	1	2	3	-4.02541e-03	6.86907e-01	-2.70312e+01
4	0	6	1	2	3	-4.16660e-03	7.08229e-01	-2.81512e+01
4	0	7	1	2	3	-3.93117e-03	6.84759e-01	-2.69101e+01
4	0	8	1	2	3	-4.14423e-03	6.96902e-01	-2.65883e+01
4	0	9	1	2	3	-2.83372e-03	5.62925e-01	-2.20787e+01
4	0	10	1	2	3	-4.07944e-03	7.09420e-01	-2.75603e+01
4	0	11	1	2	3	-3.50961e-03	6.50113e-01	-2.64167e+01
4	0	12	1	2	3	-3.52415e-03	6.49734e-01	-2.67232e+01
4	0	13	1	2	3	-4.13420e-03	7.26957e-01	-2.99675e+01
4	0	14	1	2	3	-4.90315e-03	8.27563e-01	-3.35630e+01
4	0	15	1	2	3	-4.73048e-03	8.13189e-01	-3.31901e+01
#######################################################################
# PVAC                                                                #
#######################################################################
5	0	0	0	1	3	0.00000e+00	0.00000e+00	0.00000e+00
#######################################################################
# FAC                                                                 #
#######################################################################
6	0	0	0	1	3	0.00000e+00	0.00000e+00	0.00000e+00
#######################################################################
# SCH                                                                 #
#######################################################################
#7	0	0	0	2	3	-0.00500000	0.821213	-32.185321
#7	0	1	0	2	3	-0.00500000	0.830248	-32.269563
#7	0	2	0	2	3	-0.00500000	0.793073	-29.315934
#7	0	3	0	2	3	-0.00500000	0.772144	-28.276705
#7	0	4	0	2	3	-0.00500000	0.801968	-30.687167
#7	0	5	0	2	3	-0.00500000	0.778300	-28.439251
#7	0	6	0	2	3	-0.00500000	0.765872	-27.918181
#7	0	7	0	2	3	-0.00500000	0.738459	-26.016797
#7	0	8	0	2	3	-0.00500000	0.778318	-28.676371
#7	0	9	0	2	3	-0.00500000	0.776670	-28.892887
#7	0	10	0	2	3	-0.00500000	0.764278	-28.122474
#7	0	11	0	2	3	-0.00500000	0.790742	-29.423647
#7	0	12	0	2	3	-0.00500000	0.811330	-30.487019
#7	0	13	0	2	3	-0.00500000	0.818750	-30.891512
#7	0	14	0	2	3	-0.00500000	0.802541	-30.009136
#7	0	15	0	2	3	-0.00500000	0.809525	-30.751746
#7	0	16	0	2	3	-0.00500000	0.802597	-30.845509
#7	0	17	0	2	3	-0.00500000	0.835028	-32.780792
#7	0	18	0	2	3	-0.00500000	0.859176	-33.938731
#7	0	19	0	2	3	-0.00500000	0.814851	-31.445396
#7	0	20	0	2	3	-0.00500000	0.809426	-30.781087
#7	0	21	0	2	3	-0.00500000	0.780678	-28.888756
#7	0	22	0	2	3	-0.00500000	0.808206	-30.719604
#7	0	23	0	2	3	-0.00500000	0.774024	-27.858339
#7	0	24	0	2	3	-0.00500000	0.794308	-29.022101
#7	0	25	0	2	3	-0.00500000	0.775649	-27.980186
#7	0	26	0	2	3	-0.00500000	0.788483	-28.687567
#7	0	27	0	2	3	-0.00466315	0.771386	-29.253260
#7	0	28	0	2	3	-0.00483132	0.790854	-28.637741
#7	0	29	0	2	3	-0.00497049	0.812994	-30.786914
#7	0	30	0	2	3	-0.00500000	0.787793	-28.362716
#7	0	31	0	2	3	-0.00500000	0.790759	-28.876812
#7	0	32	0	2	3	-0.00500000	0.824826	-31.655285
#7	0	33	0	2	3	-0.00500000	0.845304	-33.407765
#7	0	34	0	2	3	-0.00500000	0.832263	-32.939799
#7	0	35	0	2	3	-0.00500000	0.820631	-31.695372
#7	0	36	0	2	3	-0.00500000	0.836997	-33.200590
#7	0	37	0	2	3	-0.00500000	0.819690	-32.097193
#7	0	38	0	2	3	-0.00500000	0.808109	-31.263214
#7	0	39	0	2	3	-0.00500000	0.815224	-31.135523
#7	0	40	0	2	3	-0.00500000	0.803398	-29.897923
#7	0	41	0	2	3	-0.00500000	0.815685	-31.165519
#7	0	42	0	2	3	-0.00500000	0.812980	-30.737261
#7	0	43	0	2	3	-0.00500000	0.829418	-32.693307
#7	0	44	0	2	3	-0.00500000	0.789530	-29.464920
#7	0	45	0	2	3	-0.00500000	0.804789	-31.208151
#7	0	46	0	2	3	-0.00500000	0.830106	-32.806514
#7	0	47	0	2	3	-0.00500000	0.819206	-31.373242
#7	0	48	0	2	3	-0.00500000	0.816165	-31.709319
#7	0	49	0	2	3	-0.00500000	0.798496	-30.201709
#7	0	50	0	2	3	-0.00500000	0.812167	-31.795745
#7	0	51	0	2	3	-0.00500000	0.810749	-31.375226
#7	0	52	0	2	3	-0.00500000	0.803385	-31.372512
#7	0	53	0	2	3	-0.00500000	0.777405	-29.262831
#7	0	54	0	2	3	-0.00500000	0.783954	-29.763410
#7	0	55	0	2	3	-0.00500000	0.789443	-29.976449
#7	0	56	0	2	3	-0.00500000	0.838828	-33.261086
#7	0	57	0	2	3	-0.00500000	0.804421	-30.573195
#7	0	58	0	2	3	-0.00500000	0.773283	-29.111048
#7	0	59	0	2	3	-0.00500000	0.811789	-31.449459
#7	0	60	0	2	3	-0.00500000	0.759724	-28.110014
#7	0	61	0	2	3	-0.00500000	0.810884	-31.379063
#7	0	62	0	2	3	-0.00500000	0.771910	-28.435006
#7	0	63	0	2	3	-0.00500000	0.796658	-30.511906
#######################################################################
# TOF Up                                                              #
#######################################################################
7	0	0	0	1	3	5.24830e+00	-1.96630e+00	2.96170e+00
7	0	1	0	1	3	5.24830e+00	-1.96630e+00	2.96170e+00
7	0	2	0	1	3	5.24830e+00	-1.96630e+00	2.96170e+00
7	0	3	0	1	3	5.24830e+00	-1.96630e+00	2.96170e+00
7	0	4	0	1	3	5.24830e+00	-1.96630e+00	2.96170e+00
7	0	5	0	1	3	5.24830e+00	-1.96630e+00	2.96170e+00
7	0	6	0	1	3	6.97090e+00	-3.03520e+00	3.39910e+00
7	0	7	0	1	3	4.05450e+00	-1.96150e+00	2.30360e+00
7	0	8	0	1	3	1.16940e+02	-2.98600e+01	2.09880e+01
7	0	9	0	1	3	5.24830e+00	-1.96630e+00	2.96170e+00
7	0	10	0	1	3	5.24830e+00	-1.96630e+00	2.96170e+00
7	0	11	0	1	3	5.24830e+00	-1.96630e+00	2.96170e+00
7	0	12	0	1	3	5.24830e+00	-1.96630e+00	2.96170e+00
7	0	13	0	1	3	5.24830e+00	-1.96630e+00	2.96170e+00
7	0	14	0	1	3	5.24830e+00	-1.96630e+00	2.96170e+00
7	0	15	0	1	3	5.24830e+00	-1.96630e+00	2.96170e+00
7	0	16	0	1	3	5.24830e+00	-1.96630e+00	2.96170e+00
7	0	17	0	1	3	5.24830e+00	-1.96630e+00	2.96170e+00
7	0	18	0	1	3	5.24830e+00	-1.96630e+00	2.96170e+00
7	0	19	0	1	3	7.11491e-01	1.85180e-03	5.82402e-01
7	0	20	0	1	3	5.59404e-01	-1.73810e-03	4.50716e-01
7	0	21	0	1	3	8.92499e-01	1.99900e-03	7.37364e-01
7	0	22	0	1	3	6.37553e-01	1.99960e-03	5.45449e-01
7	0	23	0	1	3	1.19210e+00	1.98920e-03	9.99994e-01
#######################################################################
# TOF Down                                                            #
#######################################################################
7	0	0	1	1	3	5.84300e+00	-2.30730e+00	3.11320e+00
7	0	1	1	1	3	5.84300e+00	-2.30730e+00	3.11320e+00
7	0	2	1	1	3	5.84300e+00	-2.30730e+00	3.11320e+00
7	0	3	1	1	3	5.84300e+00	-2.30730e+00	3.11320e+00
7	0	4	1	1	3	5.84300e+00	-2.30730e+00	3.11320e+00
7	0	5	1	1	3	5.84300e+00	-2.30730e+00	3.11320e+00
7	0	6	1	1	3	1.41330e+01	-5.81170e+00	5.32680e+00
7	0	7	1	1	3	7.84850e+01	-2.02870e+01	1.69500e+01
7	0	8	1	1	3	2.20240e+02	-3.62440e+01	3.60080e+01
7	0	9	1	1	3	5.84300e+00	-2.30730e+00	3.11320e+00
7	0	10	1	1	3	5.84300e+00	-2.30730e+00	3.11320e+00
7	0	11	1	1	3	5.84300e+00	-2.30730e+00	3.11320e+00
7	0	12	1	1	3	5.84300e+00	-2.30730e+00	3.11320e+00
7	0	13	1	1	3	5.84300e+00	-2.30730e+00	3.11320e+00
7	0	14	1	1	3	5.84300e+00	-2.30730e+00	3.11320e+00
7	0	15	1	1	3	5.84300e+00	-2.30730e+00	3.11320e+00
7	0	16	1	1	3	5.84300e+00	-2.30730e+00	3.11320e+00
7	0	17	1	1	3	5.84300e+00	-2.30730e+00	3.11320e+00
7	0	18	1	1	3	5.84300e+00	-2.30730e+00	3.11320e+00
7	0	19	1	1	3	6.18741e-01	1.99860e-03	4.90831e-01
7	0	20	1	1	3	5.75901e-01	1.04210e-03	4.72509e-01
7	0	21	1	1	3	9.41046e-01	1.99890e-03	7.79357e-01
7	0	22	1	1	3	4.84266e-01	-1.95590e-03	3.99786e-01
7	0	23	1	1	3	8.97714e-01	1.99860e-03	7.56300e-01
#######################################################################
# BFT U                                                               #
#######################################################################
110	0	0	0	2	3	-9.60745e-04	-2.51967e-01	1.05990e+01
110	0	1	0	2	3	-9.33568e-03	4.73157e-01	-3.95024e+00
110	0	2	0	2	3	6.46305e-04	-3.81959e-01	1.40794e+01
110	0	3	0	2	3	-1.54390e-02	8.54765e-01	-9.57176e+00
110	0	4	0	2	3	1.34663e-03	-3.81301e-01	1.32431e+01
110	0	5	0	2	3	-8.08970e-03	3.88626e-01	-1.84420e+00
110	0	6	0	2	3	1.06553e-03	-3.71752e-01	1.25052e+01
110	0	7	0	2	3	4.13726e-03	-5.64038e-01	1.61553e+01
110	0	8	0	2	3	3.40346e-03	-5.25496e-01	1.50852e+01
110	0	9	0	2	3	3.71677e-03	-5.31022e-01	1.52857e+01
110	0	10	0	2	3	2.60965e-03	-4.75601e-01	1.35366e+01
110	0	11	0	2	3	2.96799e-03	-4.86456e-01	1.47277e+01
110	0	12	0	2	3	1.63127e-03	-4.15176e-01	1.29858e+01
110	0	13	0	2	3	-6.74564e-04	-2.20951e-01	9.98032e+00
110	0	14	0	2	3	2.68490e-03	-4.81761e-01	1.38886e+01
110	0	15	0	2	3	4.12086e-03	-5.87437e-01	1.69023e+01
110	0	16	0	2	3	4.49520e-03	-5.97128e-01	1.56139e+01
110	0	17	0	2	3	3.41675e-03	-5.20915e-01	1.59884e+01
110	0	18	0	2	3	2.73253e-03	-4.83873e-01	1.37187e+01
110	0	19	0	2	3	4.19628e-03	-5.94383e-01	1.56424e+01
110	0	20	0	2	3	2.75421e-03	-4.83041e-01	1.43080e+01
110	0	21	0	2	3	4.19294e-04	-2.83540e-01	1.16985e+01
110	0	22	0	2	3	4.36635e-03	-5.96118e-01	1.60229e+01
110	0	23	0	2	3	4.94544e-03	-6.29982e-01	1.70272e+01
110	0	24	0	2	3	2.68051e-03	-4.69704e-01	1.41596e+01
110	0	25	0	2	3	3.57336e-03	-5.30632e-01	1.57875e+01
110	0	26	0	2	3	3.59070e-03	-5.50683e-01	1.55092e+01
110	0	27	0	2	3	3.86136e-03	-5.43793e-01	1.52041e+01
110	0	28	0	2	3	3.26549e-03	-5.30662e-01	1.36706e+01
110	0	29	0	2	3	3.62880e-03	-5.31911e-01	1.57009e+01
110	0	30	0	2	3	4.05195e-03	-5.83037e-01	1.58316e+01
110	0	31	0	2	3	5.02935e-03	-6.42734e-01	1.82743e+01
110	0	32	0	2	3	2.97246e-03	-5.06597e-01	1.48077e+01
110	0	33	0	2	3	4.25845e-03	-5.64952e-01	1.39858e+01
110	0	34	0	2	3	4.13911e-03	-5.79279e-01	1.56150e+01
110	0	35	0	2	3	4.77929e-03	-6.26150e-01	1.78551e+01
110	0	36	0	2	3	3.00675e-03	-4.91435e-01	1.39619e+01
110	0	37	0	2	3	3.33610e-03	-5.21916e-01	1.60321e+01
110	0	38	0	2	3	3.84672e-03	-5.57036e-01	1.46625e+01
110	0	39	0	2	3	4.48079e-03	-6.04028e-01	1.72536e+01
110	0	40	0	2	3	3.73661e-03	-5.48097e-01	1.48885e+01
110	0	41	0	2	3	4.60652e-03	-6.11999e-01	1.74622e+01
110	0	42	0	2	3	4.24183e-03	-5.85061e-01	1.50632e+01
110	0	43	0	2	3	4.34369e-03	-5.96862e-01	1.77516e+01
110	0	44	0	2	3	3.79916e-03	-5.59284e-01	1.52908e+01
110	0	45	0	2	3	4.83533e-03	-6.21271e-01	1.70743e+01
110	0	46	0	2	3	4.16364e-03	-5.92240e-01	1.60874e+01
110	0	47	0	2	3	5.39665e-03	-6.80847e-01	1.94498e+01
110	0	48	0	2	3	3.65067e-03	-5.40862e-01	1.38811e+01
110	0	49	0	2	3	4.47800e-03	-6.01616e-01	1.72775e+01
110	0	50	0	2	3	4.46334e-03	-5.99443e-01	1.62768e+01
110	0	51	0	2	3	4.72467e-03	-6.19994e-01	1.74814e+01
110	0	52	0	2	3	3.74656e-03	-5.46659e-01	1.45643e+01
110	0	53	0	2	3	4.33088e-03	-5.89887e-01	1.68896e+01
110	0	54	0	2	3	4.18610e-03	-5.83616e-01	1.57074e+01
110	0	55	0	2	3	4.48176e-03	-6.00191e-01	1.70096e+01
110	0	56	0	2	3	4.11979e-03	-5.89566e-01	1.68717e+01
110	0	57	0	2	3	4.76350e-03	-6.22510e-01	1.71441e+01
110	0	58	0	2	3	4.46216e-03	-6.06887e-01	1.72530e+01
110	0	59	0	2	3	4.40446e-03	-6.15382e-01	1.84735e+01
110	0	60	0	2	3	3.24777e-03	-5.26877e-01	1.45582e+01
110	0	61	0	2	3	3.64032e-03	-5.40652e-01	1.54183e+01
110	0	62	0	2	3	4.61698e-03	-6.13997e-01	1.61910e+01
110	0	63	0	2	3	4.02766e-03	-5.74926e-01	1.60225e+01
110	0	64	0	2	3	3.90067e-03	-5.70242e-01	1.58877e+01
110	0	65	0	2	3	4.32058e-03	-5.92837e-01	1.63206e+01
110	0	66	0	2	3	4.55705e-03	-6.27743e-01	1.71410e+01
110	0	67	0	2	3	3.87155e-03	-5.64562e-01	1.60221e+01
110	0	68	0	2	3	3.93696e-03	-5.85192e-01	1.67897e+01
110	0	69	0	2	3	3.97545e-03	-5.66471e-01	1.64002e+01
110	0	70	0	2	3	4.12191e-03	-5.97496e-01	1.69126e+01
110	0	71	0	2	3	4.23763e-03	-5.90211e-01	1.62487e+01
110	0	72	0	2	3	3.58239e-03	-5.53112e-01	1.60138e+01
110	0	73	0	2	3	4.19565e-03	-5.89681e-01	1.66885e+01
110	0	74	0	2	3	4.31338e-03	-6.10039e-01	1.71012e+01
110	0	75	0	2	3	4.23147e-03	-5.86995e-01	1.68676e+01
110	0	76	0	2	3	3.48760e-03	-5.41560e-01	1.49182e+01
110	0	77	0	2	3	3.69084e-03	-5.50275e-01	1.55898e+01
110	0	78	0	2	3	4.72865e-03	-6.37819e-01	1.69182e+01
110	0	79	0	2	3	4.55014e-03	-6.12753e-01	1.63365e+01
110	0	80	0	2	3	3.89446e-03	-5.69044e-01	1.54398e+01
110	0	81	0	2	3	4.20581e-03	-5.81202e-01	1.57884e+01
110	0	82	0	2	3	4.28621e-03	-5.95646e-01	1.64543e+01
110	0	83	0	2	3	4.36271e-03	-6.02042e-01	1.70570e+01
110	0	84	0	2	3	3.86364e-03	-5.66066e-01	1.58631e+01
110	0	85	0	2	3	4.40250e-03	-5.98308e-01	1.64408e+01
110	0	86	0	2	3	4.40372e-03	-6.16206e-01	1.65643e+01
110	0	87	0	2	3	4.02411e-03	-5.81832e-01	1.74645e+01
110	0	88	0	2	3	3.85511e-03	-5.63111e-01	1.61904e+01
110	0	89	0	2	3	4.09368e-03	-5.79758e-01	1.57259e+01
110	0	90	0	2	3	3.92949e-03	-5.75586e-01	1.55985e+01
110	0	91	0	2	3	4.37133e-03	-6.09787e-01	1.69187e+01
110	0	92	0	2	3	4.07727e-03	-5.92644e-01	1.67615e+01
110	0	93	0	2	3	3.89737e-03	-5.64300e-01	1.62158e+01
110	0	94	0	2	3	3.64890e-03	-5.72265e-01	1.74423e+01
110	0	95	0	2	3	4.55110e-03	-6.19663e-01	1.68956e+01
110	0	96	0	2	3	3.56234e-03	-5.53685e-01	1.56870e+01
110	0	97	0	2	3	3.91857e-03	-5.66111e-01	1.60230e+01
110	0	98	0	2	3	4.45001e-03	-6.23140e-01	1.69670e+01
110	0	99	0	2	3	4.65597e-03	-6.10844e-01	1.63467e+01
110	0	100	0	2	3	3.46328e-03	-5.42456e-01	1.60308e+01
110	0	101	0	2	3	3.87842e-03	-5.65418e-01	1.59687e+01
110	0	102	0	2	3	4.50864e-03	-6.22185e-01	1.77151e+01
110	0	103	0	2	3	4.59420e-03	-6.20596e-01	1.75300e+01
110	0	104	0	2	3	3.61841e-03	-5.56266e-01	1.54468e+01
110	0	105	0	2	3	4.12513e-03	-5.79218e-01	1.66124e+01
110	0	106	0	2	3	3.91301e-03	-5.79408e-01	1.69573e+01
110	0	107	0	2	3	4.38789e-03	-6.00583e-01	1.65527e+01
110	0	108	0	2	3	3.76805e-03	-5.72224e-01	1.66432e+01
110	0	109	0	2	3	3.57551e-03	-5.45880e-01	1.60268e+01
110	0	110	0	2	3	4.63682e-03	-6.29331e-01	1.75420e+01
110	0	111	0	2	3	4.24916e-03	-6.04576e-01	1.72667e+01
110	0	112	0	2	3	3.69078e-03	-5.57943e-01	1.51080e+01
110	0	113	0	2	3	3.86167e-03	-5.61620e-01	1.62191e+01
110	0	114	0	2	3	4.43584e-03	-6.12824e-01	1.73482e+01
110	0	115	0	2	3	5.07643e-03	-6.47282e-01	1.76943e+01
110	0	116	0	2	3	3.27902e-03	-5.33914e-01	1.55825e+01
110	0	117	0	2	3	3.57556e-03	-5.36791e-01	1.56815e+01
110	0	118	0	2	3	4.22209e-03	-6.01130e-01	1.73724e+01
110	0	119	0	2	3	5.16777e-03	-6.41553e-01	1.65171e+01
110	0	120	0	2	3	2.42216e-03	-4.78040e-01	1.48035e+01
110	0	121	0	2	3	3.67355e-03	-5.47499e-01	1.46828e+01
110	0	122	0	2	3	3.62978e-03	-5.57343e-01	1.72134e+01
110	0	123	0	2	3	4.38875e-03	-6.06552e-01	1.75053e+01
110	0	124	0	2	3	3.45350e-03	-5.39371e-01	1.62769e+01
110	0	125	0	2	3	4.18348e-03	-5.67110e-01	1.42428e+01
110	0	126	0	2	3	3.37671e-03	-5.35090e-01	1.56162e+01
110	0	127	0	2	3	4.75733e-03	-6.09175e-01	1.58333e+01
110	0	128	0	2	3	2.31228e-03	-4.87260e-01	1.60767e+01
110	0	129	0	2	3	2.19742e-03	-4.78350e-01	1.47289e+01
110	0	130	0	2	3	2.54831e-03	-4.99961e-01	1.62863e+01
110	0	131	0	2	3	2.75649e-03	-4.75931e-01	1.50522e+01
110	0	132	0	2	3	-4.35009e-03	2.14638e-02	6.98144e+00
110	0	133	0	2	3	-4.95012e-03	7.75096e-02	5.32520e+00
110	0	134	0	2	3	2.14346e-03	-4.84595e-01	1.62226e+01
110	0	135	0	2	3	-1.66740e-02	9.76894e-01	-1.24237e+01
110	0	136	0	2	3	4.08690e-03	-5.91992e-01	1.67982e+01
110	0	137	0	2	3	2.19203e-03	-4.81418e-01	1.63182e+01
110	0	138	0	2	3	4.38032e-03	-6.17164e-01	1.81102e+01
110	0	139	0	2	3	2.27043e-03	-4.77825e-01	1.46236e+01
110	0	140	0	2	3	-2.77440e-03	-1.01274e-01	9.29488e+00
110	0	141	0	2	3	1.54722e-03	-4.20396e-01	1.37854e+01
110	0	142	0	2	3	-9.85023e-03	4.25006e-01	-9.96665e-01
110	0	143	0	2	3	-6.68195e-03	2.14021e-01	2.03244e+00
110	0	144	0	2	3	1.33077e-03	-3.75406e-01	1.32655e+01
110	0	145	0	2	3	2.85173e-03	-5.19432e-01	1.53817e+01
110	0	146	0	2	3	-1.50258e-04	-2.81566e-01	1.16865e+01
110	0	147	0	2	3	4.79179e-03	-6.41563e-01	1.74640e+01
110	0	148	0	2	3	3.84078e-03	-5.77413e-01	1.74717e+01
110	0	149	0	2	3	2.86536e-03	-4.97335e-01	1.45693e+01
110	0	150	0	2	3	9.66662e-04	-3.64407e-01	1.34490e+01
110	0	151	0	2	3	2.78692e-03	-4.87679e-01	1.52178e+01
110	0	152	0	2	3	-2.12899e-03	-1.71108e-01	1.11065e+01
110	0	153	0	2	3	-5.56744e-03	8.74322e-02	5.81522e+00
110	0	154	0	2	3	6.31250e-03	-7.97696e-01	2.14735e+01
110	0	155	0	2	3	5.09092e-03	-6.52331e-01	1.75094e+01
110	0	156	0	2	3	2.71722e-04	-3.03725e-01	1.22263e+01
110	0	157	0	2	3	-5.02331e-03	1.05142e-01	5.40710e+00
110	0	158	0	2	3	-1.88346e-02	1.02207e+00	-9.64518e+00
110	0	159	0	2	3	-3.41764e-03	-5.05083e-02	7.35449e+00
#######################################################################
# BFT D                                                               #
#######################################################################
110	1	0	0	2	3	1.77725e-03	-3.97293e-01	1.35452e+01
110	1	1	0	2	3	3.49249e-04	-2.98819e-01	1.24469e+01
110	1	2	0	2	3	-6.30194e-04	-2.28015e-01	9.81745e+00
110	1	3	0	2	3	-7.62912e-03	3.37585e-01	-5.79243e-01
110	1	4	0	2	3	-6.18048e-04	-2.56669e-01	1.07875e+01
110	1	5	0	2	3	1.04058e-03	-3.73834e-01	1.37690e+01
110	1	6	0	2	3	4.44466e-03	-6.23858e-01	1.70276e+01
110	1	7	0	2	3	4.51516e-03	-5.96363e-01	1.65515e+01
110	1	8	0	2	3	2.02629e-03	-4.44937e-01	1.41298e+01
110	1	9	0	2	3	-2.08263e-02	1.35810e+00	-2.04694e+01
110	1	10	0	2	3	2.31095e-03	-4.59736e-01	1.41248e+01
110	1	11	0	2	3	4.79635e-03	-6.22179e-01	1.79277e+01
110	1	12	0	2	3	3.95991e-03	-5.64103e-01	1.50827e+01
110	1	13	0	2	3	-8.53436e-03	3.43905e-01	5.22412e-01
110	1	14	0	2	3	2.50877e-03	-4.80667e-01	1.48256e+01
110	1	15	0	2	3	2.93357e-03	-5.00011e-01	1.57373e+01
110	1	16	0	2	3	3.23051e-03	-5.40733e-01	1.53535e+01
110	1	17	0	2	3	3.84580e-03	-5.65913e-01	1.61339e+01
110	1	18	0	2	3	3.56806e-03	-5.56204e-01	1.48272e+01
110	1	19	0	2	3	4.13399e-03	-5.88123e-01	1.69744e+01
110	1	20	0	2	3	3.75201e-03	-5.74635e-01	1.61786e+01
110	1	21	0	2	3	6.00364e-04	-3.31179e-01	1.32827e+01
110	1	22	0	2	3	3.17130e-03	-5.17030e-01	1.45135e+01
110	1	23	0	2	3	2.14920e-03	-4.40375e-01	1.44883e+01
110	1	24	0	2	3	3.91683e-03	-5.75355e-01	1.65913e+01
110	1	25	0	2	3	1.58734e-03	-4.08335e-01	1.41739e+01
110	1	26	0	2	3	3.89583e-03	-5.80695e-01	1.66162e+01
110	1	27	0	2	3	2.82931e-03	-4.81010e-01	1.58332e+01
110	1	28	0	2	3	3.72097e-03	-5.61409e-01	1.61762e+01
110	1	29	0	2	3	3.00607e-03	-5.05786e-01	1.49297e+01
110	1	30	0	2	3	4.13398e-03	-5.91753e-01	1.70067e+01
110	1	31	0	2	3	4.05818e-03	-5.86655e-01	1.64555e+01
110	1	32	0	2	3	4.45752e-03	-6.18788e-01	1.77652e+01
110	1	33	0	2	3	4.01665e-03	-5.80802e-01	1.60928e+01
110	1	34	0	2	3	4.25782e-03	-5.91631e-01	1.54153e+01
110	1	35	0	2	3	4.79454e-03	-6.49280e-01	1.87088e+01
110	1	36	0	2	3	2.85005e-03	-4.95773e-01	1.51108e+01
110	1	37	0	2	3	3.38649e-03	-5.25877e-01	1.43234e+01
110	1	38	0	2	3	4.22173e-03	-5.93926e-01	1.69114e+01
110	1	39	0	2	3	3.90607e-03	-5.62687e-01	1.59360e+01
110	1	40	0	2	3	3.76893e-03	-5.55800e-01	1.58965e+01
110	1	41	0	2	3	3.80110e-03	-5.57969e-01	1.63349e+01
110	1	42	0	2	3	3.76422e-03	-5.52697e-01	1.52938e+01
110	1	43	0	2	3	4.50761e-03	-6.10347e-01	1.70501e+01
110	1	44	0	2	3	4.02187e-03	-5.83878e-01	1.66030e+01
110	1	45	0	2	3	3.56898e-03	-5.47288e-01	1.64594e+01
110	1	46	0	2	3	4.17129e-03	-5.96788e-01	1.58164e+01
110	1	47	0	2	3	4.75098e-03	-6.51057e-01	1.93019e+01
110	1	48	0	2	3	3.71703e-03	-5.57015e-01	1.57928e+01
110	1	49	0	2	3	3.81684e-03	-5.58802e-01	1.68601e+01
110	1	50	0	2	3	3.78734e-03	-5.66809e-01	1.59941e+01
110	1	51	0	2	3	4.58604e-03	-6.21318e-01	1.77486e+01
110	1	52	0	2	3	3.73493e-03	-5.70736e-01	1.63792e+01
110	1	53	0	2	3	3.69750e-03	-5.52407e-01	1.67314e+01
110	1	54	0	2	3	4.69867e-03	-6.35373e-01	1.73916e+01
110	1	55	0	2	3	4.22390e-03	-5.94210e-01	1.73498e+01
110	1	56	0	2	3	3.55487e-03	-5.61304e-01	1.62977e+01
110	1	57	0	2	3	3.90855e-03	-5.73472e-01	1.67412e+01
110	1	58	0	2	3	4.37627e-03	-6.22762e-01	1.82760e+01
110	1	59	0	2	3	4.73171e-03	-6.43281e-01	1.93408e+01
110	1	60	0	2	3	3.90157e-03	-5.76649e-01	1.62826e+01
110	1	61	0	2	3	4.14650e-03	-5.78746e-01	1.63633e+01
110	1	62	0	2	3	4.28909e-03	-6.02809e-01	1.56851e+01
110	1	63	0	2	3	4.67746e-03	-6.29950e-01	1.81090e+01
110	1	64	0	2	3	3.39414e-03	-5.42856e-01	1.60678e+01
110	1	65	0	2	3	4.18239e-03	-5.88391e-01	1.65528e+01
110	1	66	0	2	3	4.41722e-03	-6.22863e-01	1.72326e+01
110	1	67	0	2	3	4.20799e-03	-5.97692e-01	1.59142e+01
110	1	68	0	2	3	3.15425e-03	-5.13537e-01	1.48895e+01
110	1	69	0	2	3	3.92842e-03	-5.72180e-01	1.64093e+01
110	1	70	0	2	3	4.31447e-03	-6.05311e-01	1.69500e+01
110	1	71	0	2	3	4.08698e-03	-5.93935e-01	1.71323e+01
110	1	72	0	2	3	3.87057e-03	-5.71063e-01	1.58652e+01
110	1	73	0	2	3	4.07774e-03	-5.90606e-01	1.75543e+01
110	1	74	0	2	3	4.03984e-03	-5.84248e-01	1.53034e+01
110	1	75	0	2	3	4.10121e-03	-5.96954e-01	1.66835e+01
110	1	76	0	2	3	3.60071e-03	-5.51819e-01	1.53757e+01
110	1	77	0	2	3	4.01057e-03	-5.88089e-01	1.65129e+01
110	1	78	0	2	3	4.13309e-03	-5.93303e-01	1.54775e+01
110	1	79	0	2	3	4.43429e-03	-6.11754e-01	1.67541e+01
110	1	80	0	2	3	3.93620e-03	-5.71720e-01	1.55755e+01
110	1	81	0	2	3	3.96453e-03	-5.73475e-01	1.53581e+01
110	1	82	0	2	3	4.47822e-03	-6.15327e-01	1.73258e+01
110	1	83	0	2	3	4.11075e-03	-5.78923e-01	1.57836e+01
110	1	84	0	2	3	3.76177e-03	-5.52149e-01	1.47160e+01
110	1	85	0	2	3	4.20636e-03	-5.91610e-01	1.59978e+01
110	1	86	0	2	3	3.93358e-03	-5.77062e-01	1.64260e+01
110	1	87	0	2	3	4.29342e-03	-5.93062e-01	1.47486e+01
110	1	88	0	2	3	3.41123e-03	-5.40076e-01	1.55873e+01
110	1	89	0	2	3	3.96409e-03	-5.80632e-01	1.55304e+01
110	1	90	0	2	3	3.84480e-03	-5.70586e-01	1.52380e+01
110	1	91	0	2	3	3.77401e-03	-5.60272e-01	1.59748e+01
110	1	92	0	2	3	3.60165e-03	-5.45098e-01	1.51778e+01
110	1	93	0	2	3	3.51209e-03	-5.43233e-01	1.53614e+01
110	1	94	0	2	3	3.88621e-03	-5.77003e-01	1.65661e+01
110	1	95	0	2	3	3.82051e-03	-5.70641e-01	1.65528e+01
110	1	96	0	2	3	3.29495e-03	-5.31099e-01	1.47211e+01
110	1	97	0	2	3	3.61800e-03	-5.51013e-01	1.59365e+01
110	1	98	0	2	3	3.94306e-03	-5.92894e-01	1.71755e+01
110	1	99	0	2	3	4.12981e-03	-5.91178e-01	1.60320e+01
110	1	100	0	2	3	3.43919e-03	-5.26415e-01	1.50385e+01
110	1	101	0	2	3	3.43826e-03	-5.36787e-01	1.55562e+01
110	1	102	0	2	3	4.22226e-03	-6.02880e-01	1.64565e+01
110	1	103	0	2	3	4.17539e-03	-5.88578e-01	1.57845e+01
110	1	104	0	2	3	4.03211e-03	-5.80527e-01	1.60514e+01
110	1	105	0	2	3	3.97894e-03	-5.77826e-01	1.61169e+01
110	1	106	0	2	3	4.22400e-03	-6.00177e-01	1.71698e+01
110	1	107	0	2	3	4.56344e-03	-6.20307e-01	1.65849e+01
110	1	108	0	2	3	3.17248e-03	-5.22719e-01	1.58466e+01
110	1	109	0	2	3	3.72969e-03	-5.59915e-01	1.63068e+01
110	1	110	0	2	3	4.39692e-03	-6.14913e-01	1.66929e+01
110	1	111	0	2	3	4.78141e-03	-6.50140e-01	1.85923e+01
110	1	112	0	2	3	3.59388e-03	-5.47200e-01	1.62429e+01
110	1	113	0	2	3	4.44207e-03	-6.10198e-01	1.67417e+01
110	1	114	0	2	3	4.04954e-03	-5.94128e-01	1.60619e+01
110	1	115	0	2	3	4.09279e-03	-5.83698e-01	1.59039e+01
110	1	116	0	2	3	3.19418e-03	-5.28101e-01	1.62830e+01
110	1	117	0	2	3	4.37404e-03	-6.01793e-01	1.64833e+01
110	1	118	0	2	3	3.77203e-03	-5.67054e-01	1.50207e+01
110	1	119	0	2	3	3.15686e-03	-5.18927e-01	1.52327e+01
110	1	120	0	2	3	3.10049e-03	-5.14188e-01	1.56562e+01
110	1	121	0	2	3	5.63926e-03	-6.91872e-01	1.79122e+01
110	1	122	0	2	3	3.75680e-03	-5.67331e-01	1.69561e+01
110	1	123	0	2	3	3.17693e-03	-5.28597e-01	1.66387e+01
110	1	124	0	2	3	3.60714e-03	-5.57976e-01	1.62912e+01
110	1	125	0	2	3	3.33270e-03	-5.50041e-01	1.61760e+01
110	1	126	0	2	3	4.21208e-03	-5.95784e-01	1.64401e+01
110	1	127	0	2	3	3.92878e-03	-5.84409e-01	1.64309e+01
110	1	128	0	2	3	2.99685e-03	-5.27373e-01	1.69026e+01
110	1	129	0	2	3	4.00101e-03	-6.17813e-01	1.78382e+01
110	1	130	0	2	3	5.69035e-03	-7.19775e-01	1.93709e+01
110	1	131	0	2	3	3.01615e-03	-5.14683e-01	1.50127e+01
110	1	132	0	2	3	2.83355e-03	-5.04993e-01	1.54895e+01
110	1	133	0	2	3	4.16058e-03	-5.81680e-01	1.67753e+01
110	1	134	0	2	3	4.01917e-03	-5.94560e-01	1.71199e+01
110	1	135	0	2	3	3.52229e-03	-5.39164e-01	1.54563e+01
110	1	136	0	2	3	4.52119e-03	-6.48325e-01	1.86919e+01
110	1	137	0	2	3	4.51085e-03	-6.37517e-01	1.77166e+01
110	1	138	0	2	3	3.67348e-03	-5.64729e-01	1.59914e+01
110	1	139	0	2	3	4.13941e-03	-5.90815e-01	1.67134e+01
110	1	140	0	2	3	2.51608e-03	-4.89792e-01	1.56666e+01
110	1	141	0	2	3	6.39257e-03	-7.62761e-01	2.02501e+01
110	1	142	0	2	3	2.61924e-03	-4.99434e-01	1.56114e+01
110	1	143	0	2	3	8.34065e-03	-9.41671e-01	2.40848e+01
110	1	144	0	2	3	3.34452e-03	-5.39021e-01	1.64618e+01
110	1	145	0	2	3	2.54495e-03	-4.77454e-01	1.43804e+01
110	1	146	0	2	3	1.55097e-03	-4.38597e-01	1.51197e+01
110	1	147	0	2	3	2.93086e-03	-5.02051e-01	1.48829e+01
110	1	148	0	2	3	3.98793e-03	-5.93714e-01	1.70155e+01
110	1	149	0	2	3	5.46689e-03	-7.01427e-01	1.90499e+01
110	1	150	0	2	3	6.29003e-03	-7.74601e-01	2.06786e+01
110	1	151	0	2	3	6.41767e-03	-7.43500e-01	1.95281e+01
110	1	152	0	2	3	-5.84287e-04	-2.83814e-01	1.25907e+01
110	1	153	0	2	3	-1.35660e-03	-2.08819e-01	1.08151e+01
110	1	154	0	2	3	4.23841e-03	-6.20362e-01	1.75473e+01
110	1	155	0	2	3	5.17163e-03	-6.72949e-01	1.76997e+01
110	1	156	0	2	3	-1.25317e-03	-1.95611e-01	9.52830e+00
110	1	157	0	2	3	-7.53706e-03	2.13595e-01	3.67974e+00
110	1	158	0	2	3	9.30020e-03	-9.08239e-01	2.12998e+01
110	1	159	0	2	3	-7.32270e-03	3.22968e-01	-8.43190e-01
