##
#  file: HodoPHCParam_Dummy
#  date: 2016.06.15
#  note: first version
#
#
#######################################################################
# CId	PlId	Seg	UorD	Type	nParam	p0	p1	...
#
#	Type=0 no correction will be performed
#	Type=1 ct=t-p[0]/sqrt(a-p[1])+p[2]
#	Type=2 ct=p[0]*a*a + p[1]*a + p[2] for Fiber
#
#######################################################################
# BH1 Up                                                              #
#######################################################################
1	0	0	0	1	3	5.08705e+00	-1.98362e+00	2.93454e+00
1	0	1	0	1	3	6.69706e-01	2.91546e-01	8.10244e-01
1	0	2	0	1	3	5.01779e-01	3.94271e-01	6.64278e-01
1	0	3	0	1	3	7.45330e-01	1.66754e-01	8.56036e-01
1	0	4	0	1	3	8.52890e-01	8.60054e-02	9.27134e-01
1	0	5	0	1	3	1.69981e+00	-1.50393e-01	1.62794e+00
1	0	6	0	1	3	1.58582e+00	-2.35346e-01	1.46587e+00
1	0	7	0	1	3	1.61970e+00	-1.46184e-01	1.54504e+00
1	0	8	0	1	3	1.37546e+00	-2.52696e-01	1.28233e+00
1	0	9	0	1	3	1.74814e+00	-2.76223e-01	1.64100e+00
1	0	10	0	1	3	1.60339e+01	-4.62629e+00	6.81205e+00
#######################################################################
# BH1 Down                                                            #
#######################################################################
1	0	0	1	1	3	1.33519e+00	-9.13138e-02	1.27257e+00
1	0	1	1	1	3	6.24909e-01	2.88647e-01	7.65429e-01
1	0	2	1	1	3	6.68954e-01	2.21542e-01	7.45264e-01
1	0	3	1	1	3	1.32364e+00	-4.57464e-01	1.08318e+00
1	0	4	1	1	3	1.18002e+00	-7.91080e-02	1.17008e+00
1	0	5	1	1	3	2.07299e+00	-4.79828e-01	1.70935e+00
1	0	6	1	1	3	1.96000e+00	-5.20196e-01	1.63958e+00
1	0	7	1	1	3	1.89852e+00	-4.50289e-01	1.60743e+00
1	0	8	1	1	3	1.02469e+00	-6.73213e-02	1.04734e+00
1	0	9	1	1	3	1.64894e+00	-1.85977e-01	1.61292e+00
1	0	10	1	1	3	7.15603e-01	2.22738e-01	8.54972e-01
#######################################################################
# BH2 Up                                                              #
#######################################################################
2	0	0	0	1	3	1.43047e-01	2.98695e-01	2.00085e-01
2	0	1	0	1	3	8.79554e-01	-2.31747e-01	7.85839e-01
2	0	2	0	1	3	5.94572e-01	-4.97541e-01	4.68956e-01
2	0	3	0	1	3	1.91725e-01	3.94747e-02	1.91115e-01
2	0	4	0	1	3	3.31184e-01	-9.38469e-02	3.15823e-01
2	0	5	0	1	3	1.99769e-01	2.70254e-01	2.37321e-01
2	0	6	0	1	3	2.58948e-01	2.41832e-01	3.10133e-01
2	0	7	0	1	3	3.50426e-01	8.80094e-02	3.70898e-01
#######################################################################
# BH2 Down                                                            #
#######################################################################
2	0	0	1	1	3	3.94607e-01	-1.85207e-01	3.84440e-01
2	0	1	1	1	3	9.92155e-01	-3.85817e-01	8.32122e-01
2	0	2	1	1	3	4.10986e-01	-9.27803e-02	3.90143e-01
2	0	3	1	1	3	1.76416e-01	4.84160e-02	1.75490e-01
2	0	4	1	1	3	2.42956e-01	1.23979e-01	2.64593e-01
2	0	5	1	1	3	3.57967e-01	4.32013e-02	3.63973e-01
2	0	6	1	1	3	1.22093e+00	-6.67168e-01	9.30075e-01
2	0	7	1	1	3	2.92156e-01	-4.36810e-03	2.98702e-01
#######################################################################
# BAC                                                                 #
#######################################################################
3	0	0	0	1	3	0.00000e+00	0.00000e+00	0.00000e+00
3	0	1	0	1	3	0.00000e+00	0.00000e+00	0.00000e+00
#######################################################################
# FBH Up                                                              #
#######################################################################
4	0	0	0	2	3	-5.62952e-03	8.96903e-01	-3.53273e+01
4	0	1	0	2	3	-4.29399e-03	7.37975e-01	-3.00049e+01
4	0	2	0	2	3	-5.26894e-03	8.67305e-01	-3.38992e+01
4	0	3	0	2	3	-3.80183e-03	6.69237e-01	-2.72260e+01
4	0	4	0	2	3	-4.35014e-03	7.35785e-01	-2.92008e+01
4	0	5	0	2	3	-4.02541e-03	6.86907e-01	-2.70312e+01
4	0	6	0	2	3	-4.16660e-03	7.08229e-01	-2.81512e+01
4	0	7	0	2	3	-3.93117e-03	6.84759e-01	-2.69101e+01
4	0	8	0	2	3	-4.14423e-03	6.96902e-01	-2.65883e+01
4	0	9	0	2	3	-2.83372e-03	5.62925e-01	-2.20787e+01
4	0	10	0	2	3	-4.07944e-03	7.09420e-01	-2.75603e+01
4	0	11	0	2	3	-3.50961e-03	6.50113e-01	-2.64167e+01
4	0	12	0	2	3	-3.52415e-03	6.49734e-01	-2.67232e+01
4	0	13	0	2	3	-4.13420e-03	7.26957e-01	-2.99675e+01
4	0	14	0	2	3	-4.90315e-03	8.27563e-01	-3.35630e+01
4	0	15	0	2	3	-4.73048e-03	8.13189e-01	-3.31901e+01
#######################################################################
# FBH Down                                                            #
#######################################################################
4	0	0	1	2	3	-5.62952e-03	8.96903e-01	-3.53273e+01
4	0	1	1	2	3	-4.29399e-03	7.37975e-01	-3.00049e+01
4	0	2	1	2	3	-5.26894e-03	8.67305e-01	-3.38992e+01
4	0	3	1	2	3	-3.80183e-03	6.69237e-01	-2.72260e+01
4	0	4	1	2	3	-4.35014e-03	7.35785e-01	-2.92008e+01
4	0	5	1	2	3	-4.02541e-03	6.86907e-01	-2.70312e+01
4	0	6	1	2	3	-4.16660e-03	7.08229e-01	-2.81512e+01
4	0	7	1	2	3	-3.93117e-03	6.84759e-01	-2.69101e+01
4	0	8	1	2	3	-4.14423e-03	6.96902e-01	-2.65883e+01
4	0	9	1	2	3	-2.83372e-03	5.62925e-01	-2.20787e+01
4	0	10	1	2	3	-4.07944e-03	7.09420e-01	-2.75603e+01
4	0	11	1	2	3	-3.50961e-03	6.50113e-01	-2.64167e+01
4	0	12	1	2	3	-3.52415e-03	6.49734e-01	-2.67232e+01
4	0	13	1	2	3	-4.13420e-03	7.26957e-01	-2.99675e+01
4	0	14	1	2	3	-4.90315e-03	8.27563e-01	-3.35630e+01
4	0	15	1	2	3	-4.73048e-03	8.13189e-01	-3.31901e+01
#######################################################################
# PVAC                                                                #
#######################################################################
5	0	0	0	1	3	0.00000e+00	0.00000e+00	0.00000e+00
#######################################################################
# FAC                                                                 #
#######################################################################
6	0	0	0	1	3	0.00000e+00	0.00000e+00	0.00000e+00
#######################################################################
# SCH                                                                 #
#######################################################################
#7	0	0	0	2	3	-0.00500000	0.821213	-32.185321
#7	0	1	0	2	3	-0.00500000	0.830248	-32.269563
#7	0	2	0	2	3	-0.00500000	0.793073	-29.315934
#7	0	3	0	2	3	-0.00500000	0.772144	-28.276705
#7	0	4	0	2	3	-0.00500000	0.801968	-30.687167
#7	0	5	0	2	3	-0.00500000	0.778300	-28.439251
#7	0	6	0	2	3	-0.00500000	0.765872	-27.918181
#7	0	7	0	2	3	-0.00500000	0.738459	-26.016797
#7	0	8	0	2	3	-0.00500000	0.778318	-28.676371
#7	0	9	0	2	3	-0.00500000	0.776670	-28.892887
#7	0	10	0	2	3	-0.00500000	0.764278	-28.122474
#7	0	11	0	2	3	-0.00500000	0.790742	-29.423647
#7	0	12	0	2	3	-0.00500000	0.811330	-30.487019
#7	0	13	0	2	3	-0.00500000	0.818750	-30.891512
#7	0	14	0	2	3	-0.00500000	0.802541	-30.009136
#7	0	15	0	2	3	-0.00500000	0.809525	-30.751746
#7	0	16	0	2	3	-0.00500000	0.802597	-30.845509
#7	0	17	0	2	3	-0.00500000	0.835028	-32.780792
#7	0	18	0	2	3	-0.00500000	0.859176	-33.938731
#7	0	19	0	2	3	-0.00500000	0.814851	-31.445396
#7	0	20	0	2	3	-0.00500000	0.809426	-30.781087
#7	0	21	0	2	3	-0.00500000	0.780678	-28.888756
#7	0	22	0	2	3	-0.00500000	0.808206	-30.719604
#7	0	23	0	2	3	-0.00500000	0.774024	-27.858339
#7	0	24	0	2	3	-0.00500000	0.794308	-29.022101
#7	0	25	0	2	3	-0.00500000	0.775649	-27.980186
#7	0	26	0	2	3	-0.00500000	0.788483	-28.687567
#7	0	27	0	2	3	-0.00466315	0.771386	-29.253260
#7	0	28	0	2	3	-0.00483132	0.790854	-28.637741
#7	0	29	0	2	3	-0.00497049	0.812994	-30.786914
#7	0	30	0	2	3	-0.00500000	0.787793	-28.362716
#7	0	31	0	2	3	-0.00500000	0.790759	-28.876812
#7	0	32	0	2	3	-0.00500000	0.824826	-31.655285
#7	0	33	0	2	3	-0.00500000	0.845304	-33.407765
#7	0	34	0	2	3	-0.00500000	0.832263	-32.939799
#7	0	35	0	2	3	-0.00500000	0.820631	-31.695372
#7	0	36	0	2	3	-0.00500000	0.836997	-33.200590
#7	0	37	0	2	3	-0.00500000	0.819690	-32.097193
#7	0	38	0	2	3	-0.00500000	0.808109	-31.263214
#7	0	39	0	2	3	-0.00500000	0.815224	-31.135523
#7	0	40	0	2	3	-0.00500000	0.803398	-29.897923
#7	0	41	0	2	3	-0.00500000	0.815685	-31.165519
#7	0	42	0	2	3	-0.00500000	0.812980	-30.737261
#7	0	43	0	2	3	-0.00500000	0.829418	-32.693307
#7	0	44	0	2	3	-0.00500000	0.789530	-29.464920
#7	0	45	0	2	3	-0.00500000	0.804789	-31.208151
#7	0	46	0	2	3	-0.00500000	0.830106	-32.806514
#7	0	47	0	2	3	-0.00500000	0.819206	-31.373242
#7	0	48	0	2	3	-0.00500000	0.816165	-31.709319
#7	0	49	0	2	3	-0.00500000	0.798496	-30.201709
#7	0	50	0	2	3	-0.00500000	0.812167	-31.795745
#7	0	51	0	2	3	-0.00500000	0.810749	-31.375226
#7	0	52	0	2	3	-0.00500000	0.803385	-31.372512
#7	0	53	0	2	3	-0.00500000	0.777405	-29.262831
#7	0	54	0	2	3	-0.00500000	0.783954	-29.763410
#7	0	55	0	2	3	-0.00500000	0.789443	-29.976449
#7	0	56	0	2	3	-0.00500000	0.838828	-33.261086
#7	0	57	0	2	3	-0.00500000	0.804421	-30.573195
#7	0	58	0	2	3	-0.00500000	0.773283	-29.111048
#7	0	59	0	2	3	-0.00500000	0.811789	-31.449459
#7	0	60	0	2	3	-0.00500000	0.759724	-28.110014
#7	0	61	0	2	3	-0.00500000	0.810884	-31.379063
#7	0	62	0	2	3	-0.00500000	0.771910	-28.435006
#7	0	63	0	2	3	-0.00500000	0.796658	-30.511906
#######################################################################
# TOF Up                                                              #
#######################################################################
7	0	0	0	1	3	5.24830e+00	-1.96630e+00	2.96170e+00
7	0	1	0	1	3	5.24830e+00	-1.96630e+00	2.96170e+00
7	0	2	0	1	3	5.24830e+00	-1.96630e+00	2.96170e+00
7	0	3	0	1	3	5.24830e+00	-1.96630e+00	2.96170e+00
7	0	4	0	1	3	5.24830e+00	-1.96630e+00	2.96170e+00
7	0	5	0	1	3	5.24830e+00	-1.96630e+00	2.96170e+00
7	0	6	0	1	3	6.97090e+00	-3.03520e+00	3.39910e+00
7	0	7	0	1	3	4.05450e+00	-1.96150e+00	2.30360e+00
7	0	8	0	1	3	1.16940e+02	-2.98600e+01	2.09880e+01
7	0	9	0	1	3	5.24830e+00	-1.96630e+00	2.96170e+00
7	0	10	0	1	3	5.24830e+00	-1.96630e+00	2.96170e+00
7	0	11	0	1	3	5.24830e+00	-1.96630e+00	2.96170e+00
7	0	12	0	1	3	5.24830e+00	-1.96630e+00	2.96170e+00
7	0	13	0	1	3	5.24830e+00	-1.96630e+00	2.96170e+00
7	0	14	0	1	3	5.24830e+00	-1.96630e+00	2.96170e+00
7	0	15	0	1	3	5.24830e+00	-1.96630e+00	2.96170e+00
7	0	16	0	1	3	5.24830e+00	-1.96630e+00	2.96170e+00
7	0	17	0	1	3	5.24830e+00	-1.96630e+00	2.96170e+00
7	0	18	0	1	3	5.24830e+00	-1.96630e+00	2.96170e+00
7	0	19	0	1	3	7.11491e-01	1.85180e-03	5.82402e-01
7	0	20	0	1	3	5.59404e-01	-1.73810e-03	4.50716e-01
7	0	21	0	1	3	8.92499e-01	1.99900e-03	7.37364e-01
7	0	22	0	1	3	6.37553e-01	1.99960e-03	5.45449e-01
7	0	23	0	1	3	1.19210e+00	1.98920e-03	9.99994e-01
#######################################################################
# TOF Down                                                            #
#######################################################################
7	0	0	1	1	3	5.84300e+00	-2.30730e+00	3.11320e+00
7	0	1	1	1	3	5.84300e+00	-2.30730e+00	3.11320e+00
7	0	2	1	1	3	5.84300e+00	-2.30730e+00	3.11320e+00
7	0	3	1	1	3	5.84300e+00	-2.30730e+00	3.11320e+00
7	0	4	1	1	3	5.84300e+00	-2.30730e+00	3.11320e+00
7	0	5	1	1	3	5.84300e+00	-2.30730e+00	3.11320e+00
7	0	6	1	1	3	1.41330e+01	-5.81170e+00	5.32680e+00
7	0	7	1	1	3	7.84850e+01	-2.02870e+01	1.69500e+01
7	0	8	1	1	3	2.20240e+02	-3.62440e+01	3.60080e+01
7	0	9	1	1	3	5.84300e+00	-2.30730e+00	3.11320e+00
7	0	10	1	1	3	5.84300e+00	-2.30730e+00	3.11320e+00
7	0	11	1	1	3	5.84300e+00	-2.30730e+00	3.11320e+00
7	0	12	1	1	3	5.84300e+00	-2.30730e+00	3.11320e+00
7	0	13	1	1	3	5.84300e+00	-2.30730e+00	3.11320e+00
7	0	14	1	1	3	5.84300e+00	-2.30730e+00	3.11320e+00
7	0	15	1	1	3	5.84300e+00	-2.30730e+00	3.11320e+00
7	0	16	1	1	3	5.84300e+00	-2.30730e+00	3.11320e+00
7	0	17	1	1	3	5.84300e+00	-2.30730e+00	3.11320e+00
7	0	18	1	1	3	5.84300e+00	-2.30730e+00	3.11320e+00
7	0	19	1	1	3	6.18741e-01	1.99860e-03	4.90831e-01
7	0	20	1	1	3	5.75901e-01	1.04210e-03	4.72509e-01
7	0	21	1	1	3	9.41046e-01	1.99890e-03	7.79357e-01
7	0	22	1	1	3	4.84266e-01	-1.95590e-03	3.99786e-01
7	0	23	1	1	3	8.97714e-01	1.99860e-03	7.56300e-01
#######################################################################
# BFT U                                                               #
#######################################################################
110	0	0	0	2	3	2.89090e-03	-4.96714e-01	1.35563e+01
110	0	1	0	2	3	-2.43278e-03	-6.23535e-02	4.94155e+00
110	0	2	0	2	3	3.81132e-03	-5.60104e-01	1.44638e+01
110	0	3	0	2	3	3.99444e-03	-5.60627e-01	1.33470e+01
110	0	4	0	2	3	4.00618e-03	-5.74070e-01	1.50928e+01
110	0	5	0	2	3	4.91519e-03	-6.27951e-01	1.62994e+01
110	0	6	0	2	3	3.10518e-03	-5.18604e-01	1.35520e+01
110	0	7	0	2	3	4.10061e-03	-5.68115e-01	1.48543e+01
110	0	8	0	2	3	4.03851e-03	-5.78039e-01	1.46445e+01
110	0	9	0	2	3	2.94343e-03	-4.91116e-01	1.44499e+01
110	0	10	0	2	3	4.02932e-03	-5.75464e-01	1.38007e+01
110	0	11	0	2	3	4.11885e-03	-5.71924e-01	1.58419e+01
110	0	12	0	2	3	2.93164e-03	-4.99564e-01	1.28213e+01
110	0	13	0	2	3	4.80757e-03	-6.29950e-01	1.70029e+01
110	0	14	0	2	3	4.00399e-03	-5.79844e-01	1.41147e+01
110	0	15	0	2	3	4.11176e-03	-5.84309e-01	1.63042e+01
110	0	16	0	2	3	3.71448e-03	-5.49824e-01	1.33744e+01
110	0	17	0	2	3	3.87243e-03	-5.51227e-01	1.50083e+01
110	0	18	0	2	3	4.54380e-03	-6.10405e-01	1.43332e+01
110	0	19	0	2	3	4.49728e-03	-6.08351e-01	1.42350e+01
110	0	20	0	2	3	4.10696e-03	-5.75180e-01	1.42679e+01
110	0	21	0	2	3	3.93595e-03	-5.60950e-01	1.65799e+01
110	0	22	0	2	3	3.94500e-03	-5.73472e-01	1.42565e+01
110	0	23	0	2	3	4.66666e-03	-6.14306e-01	1.63334e+01
110	0	24	0	2	3	4.32530e-03	-5.94079e-01	1.49527e+01
110	0	25	0	2	3	4.51676e-03	-5.98729e-01	1.64744e+01
110	0	26	0	2	3	3.77078e-03	-5.65528e-01	1.52661e+01
110	0	27	0	2	3	3.93391e-03	-5.52316e-01	1.49350e+01
110	0	28	0	2	3	3.82180e-03	-5.58868e-01	1.25050e+01
110	0	29	0	2	3	4.48689e-03	-5.94570e-01	1.53258e+01
110	0	30	0	2	3	4.20465e-03	-5.93844e-01	1.45330e+01
110	0	31	0	2	3	4.78101e-03	-6.22025e-01	1.63625e+01
110	0	32	0	2	3	3.87963e-03	-5.72197e-01	1.44493e+01
110	0	33	0	2	3	4.01971e-03	-5.49116e-01	1.32853e+01
110	0	34	0	2	3	3.84090e-03	-5.65300e-01	1.40200e+01
110	0	35	0	2	3	4.50654e-03	-6.11612e-01	1.62742e+01
110	0	36	0	2	3	3.99062e-03	-5.61278e-01	1.36666e+01
110	0	37	0	2	3	4.14289e-03	-5.80590e-01	1.65759e+01
110	0	38	0	2	3	4.33359e-03	-5.91964e-01	1.38011e+01
110	0	39	0	2	3	4.34449e-03	-5.94510e-01	1.56062e+01
110	0	40	0	2	3	4.00466e-03	-5.64845e-01	1.36573e+01
110	0	41	0	2	3	4.06597e-03	-5.71446e-01	1.62410e+01
110	0	42	0	2	3	4.49239e-03	-6.01240e-01	1.48713e+01
110	0	43	0	2	3	4.45122e-03	-6.11852e-01	1.67022e+01
110	0	44	0	2	3	3.90901e-03	-5.66286e-01	1.39204e+01
110	0	45	0	2	3	4.11426e-03	-5.71896e-01	1.57509e+01
110	0	46	0	2	3	4.41375e-03	-6.14878e-01	1.50881e+01
110	0	47	0	2	3	4.76088e-03	-6.34450e-01	1.81455e+01
110	0	48	0	2	3	3.87167e-03	-5.56688e-01	1.26371e+01
110	0	49	0	2	3	4.22276e-03	-5.84247e-01	1.64956e+01
110	0	50	0	2	3	4.71385e-03	-6.21776e-01	1.52458e+01
110	0	51	0	2	3	4.41148e-03	-5.98288e-01	1.56327e+01
110	0	52	0	2	3	3.58909e-03	-5.38065e-01	1.29282e+01
110	0	53	0	2	3	4.40777e-03	-5.92506e-01	1.53438e+01
110	0	54	0	2	3	4.51357e-03	-6.10793e-01	1.47187e+01
110	0	55	0	2	3	4.79934e-03	-6.26093e-01	1.70055e+01
110	0	56	0	2	3	3.85063e-03	-5.70531e-01	1.49816e+01
110	0	57	0	2	3	4.43471e-03	-5.98255e-01	1.61444e+01
110	0	58	0	2	3	4.23985e-03	-5.93886e-01	1.55036e+01
110	0	59	0	2	3	4.13683e-03	-5.94874e-01	1.65476e+01
110	0	60	0	2	3	3.96665e-03	-5.75043e-01	1.37264e+01
110	0	61	0	2	3	3.61231e-03	-5.40597e-01	1.48595e+01
110	0	62	0	2	3	4.55492e-03	-6.11700e-01	1.45806e+01
110	0	63	0	2	3	4.35143e-03	-5.95775e-01	1.47484e+01
110	0	64	0	2	3	3.89754e-03	-5.71119e-01	1.42981e+01
110	0	65	0	2	3	3.82364e-03	-5.61028e-01	1.52402e+01
110	0	66	0	2	3	4.67607e-03	-6.39625e-01	1.68247e+01
110	0	67	0	2	3	3.65543e-03	-5.49383e-01	1.51811e+01
110	0	68	0	2	3	4.02943e-03	-5.90819e-01	1.52393e+01
110	0	69	0	2	3	3.98711e-03	-5.68762e-01	1.48602e+01
110	0	70	0	2	3	4.61101e-03	-6.36726e-01	1.50134e+01
110	0	71	0	2	3	4.27243e-03	-5.96186e-01	1.57921e+01
110	0	72	0	2	3	3.93004e-03	-5.77194e-01	1.37453e+01
110	0	73	0	2	3	4.35278e-03	-6.00574e-01	1.52161e+01
110	0	74	0	2	3	4.61627e-03	-6.33507e-01	1.58651e+01
110	0	75	0	2	3	4.27476e-03	-5.91047e-01	1.52861e+01
110	0	76	0	2	3	3.56028e-03	-5.45624e-01	1.32620e+01
110	0	77	0	2	3	3.85896e-03	-5.62329e-01	1.51144e+01
110	0	78	0	2	3	4.65368e-03	-6.34442e-01	1.51976e+01
110	0	79	0	2	3	4.32017e-03	-5.93779e-01	1.52712e+01
110	0	80	0	2	3	4.17054e-03	-5.91227e-01	1.51333e+01
110	0	81	0	2	3	3.96448e-03	-5.63349e-01	1.47786e+01
110	0	82	0	2	3	4.14899e-03	-5.86510e-01	1.45699e+01
110	0	83	0	2	3	4.52708e-03	-6.12830e-01	1.55439e+01
110	0	84	0	2	3	3.59624e-03	-5.47759e-01	1.37929e+01
110	0	85	0	2	3	3.94996e-03	-5.68582e-01	1.52479e+01
110	0	86	0	2	3	4.45914e-03	-6.22423e-01	1.49800e+01
110	0	87	0	2	3	4.52073e-03	-6.21825e-01	1.65380e+01
110	0	88	0	2	3	3.64260e-03	-5.48181e-01	1.41571e+01
110	0	89	0	2	3	4.12673e-03	-5.84618e-01	1.51321e+01
110	0	90	0	2	3	4.05388e-03	-5.87392e-01	1.41011e+01
110	0	91	0	2	3	4.49324e-03	-6.18346e-01	1.53332e+01
110	0	92	0	2	3	4.28903e-03	-6.10285e-01	1.53371e+01
110	0	93	0	2	3	4.12582e-03	-5.80399e-01	1.47446e+01
110	0	94	0	2	3	4.86187e-03	-6.61477e-01	1.72556e+01
110	0	95	0	2	3	4.26269e-03	-5.98621e-01	1.57730e+01
110	0	96	0	2	3	4.12771e-03	-5.97446e-01	1.47281e+01
110	0	97	0	2	3	4.30595e-03	-5.97215e-01	1.58711e+01
110	0	98	0	2	3	4.15064e-03	-6.03825e-01	1.48677e+01
110	0	99	0	2	3	4.46471e-03	-6.04450e-01	1.55948e+01
110	0	100	0	2	3	4.14766e-03	-5.89887e-01	1.50014e+01
110	0	101	0	2	3	3.74443e-03	-5.55773e-01	1.50108e+01
110	0	102	0	2	3	4.75863e-03	-6.40082e-01	1.62187e+01
110	0	103	0	2	3	4.80333e-03	-6.35412e-01	1.60019e+01
110	0	104	0	2	3	4.10249e-03	-5.90023e-01	1.42051e+01
110	0	105	0	2	3	4.29839e-03	-5.95068e-01	1.51656e+01
110	0	106	0	2	3	4.09117e-03	-5.93067e-01	1.53829e+01
110	0	107	0	2	3	4.77321e-03	-6.26380e-01	1.51657e+01
110	0	108	0	2	3	3.62215e-03	-5.59033e-01	1.45286e+01
110	0	109	0	2	3	4.63947e-03	-6.20005e-01	1.54587e+01
110	0	110	0	2	3	4.09589e-03	-5.90747e-01	1.50409e+01
110	0	111	0	2	3	4.88364e-03	-6.51154e-01	1.62878e+01
110	0	112	0	2	3	3.77703e-03	-5.60837e-01	1.32342e+01
110	0	113	0	2	3	4.57358e-03	-6.08972e-01	1.51591e+01
110	0	114	0	2	3	4.40186e-03	-6.16488e-01	1.56804e+01
110	0	115	0	2	3	4.99639e-03	-6.44030e-01	1.58680e+01
110	0	116	0	2	3	3.75772e-03	-5.69472e-01	1.43361e+01
110	0	117	0	2	3	4.16683e-03	-5.89319e-01	1.59664e+01
110	0	118	0	2	3	3.63134e-03	-5.65424e-01	1.50334e+01
110	0	119	0	2	3	4.76377e-03	-6.22068e-01	1.45427e+01
110	0	120	0	2	3	3.95206e-03	-5.89018e-01	1.48793e+01
110	0	121	0	2	3	4.11056e-03	-5.78596e-01	1.33614e+01
110	0	122	0	2	3	4.51328e-03	-6.20664e-01	1.64427e+01
110	0	123	0	2	3	4.68289e-03	-6.21157e-01	1.57668e+01
110	0	124	0	2	3	4.69749e-03	-6.37098e-01	1.62850e+01
110	0	125	0	2	3	3.70393e-03	-5.34912e-01	1.18102e+01
110	0	126	0	2	3	3.59201e-03	-5.46860e-01	1.38560e+01
110	0	127	0	2	3	3.39912e-03	-5.30498e-01	1.39364e+01
110	0	128	0	2	3	4.16237e-03	-6.23765e-01	1.66465e+01
110	0	129	0	2	3	3.61824e-03	-5.74537e-01	1.53883e+01
110	0	130	0	2	3	1.12137e-03	-3.98310e-01	1.25777e+01
110	0	131	0	2	3	4.13817e-03	-5.97611e-01	1.57694e+01
110	0	132	0	2	3	3.46601e-03	-5.69966e-01	1.60201e+01
110	0	133	0	2	3	2.71575e-03	-4.92120e-01	1.38733e+01
110	0	134	0	2	3	1.30805e-03	-4.01030e-01	1.22237e+01
110	0	135	0	2	3	2.88001e-03	-5.09912e-01	1.35697e+01
110	0	136	0	2	3	5.17930e-03	-6.75526e-01	1.64518e+01
110	0	137	0	2	3	2.41338e-03	-4.89939e-01	1.45351e+01
110	0	138	0	2	3	1.83732e-03	-4.21358e-01	1.24649e+01
110	0	139	0	2	3	1.85401e-03	-4.32185e-01	1.15514e+01
110	0	140	0	2	3	3.65368e-03	-5.85592e-01	1.63686e+01
110	0	141	0	2	3	3.77571e-03	-5.66787e-01	1.42830e+01
110	0	142	0	2	3	-8.53781e-03	3.86941e-01	-3.55446e+00
110	0	143	0	2	3	-1.55559e-02	8.60633e-01	-1.14322e+01
110	0	144	0	2	3	3.48901e-03	-5.62175e-01	1.42811e+01
110	0	145	0	2	3	4.51750e-03	-6.16412e-01	1.48832e+01
110	0	146	0	2	3	1.44831e-03	-4.13827e-01	1.24612e+01
110	0	147	0	2	3	3.51110e-03	-5.49315e-01	1.49792e+01
110	0	148	0	2	3	-5.25843e-03	1.00944e-01	2.16543e+00
110	0	149	0	2	3	-1.41377e-03	-1.70256e-01	7.62732e+00
110	0	150	0	2	3	2.98459e-03	-5.15724e-01	1.43605e+01
110	0	151	0	2	3	1.59152e-03	-4.24501e-01	1.26622e+01
110	0	152	0	2	3	5.74745e-03	-7.34386e-01	1.89914e+01
110	0	153	0	2	3	5.08167e-03	-6.89486e-01	1.79052e+01
110	0	154	0	2	3	2.38438e-03	-4.61701e-01	1.25364e+01
110	0	155	0	2	3	3.36261e-03	-5.56289e-01	1.35925e+01
110	0	156	0	2	3	-7.74285e-04	-2.46172e-01	9.51945e+00
110	0	157	0	2	3	-2.50568e-02	1.63263e+00	-2.63399e+01
110	0	158	0	2	3	3.29560e-03	-5.40632e-01	1.41798e+01
110	0	159	0	2	3	2.25914e-03	-4.60462e-01	1.30090e+01
#######################################################################
# BFT D                                                               #
#######################################################################
110	1	0	0	2	3	-2.25861e-02	1.46943e+00	-2.24605e+01
110	1	1	0	2	3	2.10860e-03	-4.31547e-01	1.33123e+01
110	1	2	0	2	3	3.52480e-03	-5.57647e-01	1.55198e+01
110	1	3	0	2	3	3.75564e-03	-5.66212e-01	1.64715e+01
110	1	4	0	2	3	2.27078e-03	-4.57016e-01	1.35595e+01
110	1	5	0	2	3	3.36468e-03	-5.36051e-01	1.59923e+01
110	1	6	0	2	3	3.17255e-03	-5.25267e-01	1.36409e+01
110	1	7	0	2	3	4.73745e-03	-6.20582e-01	1.66588e+01
110	1	8	0	2	3	3.91797e-03	-5.76543e-01	1.59546e+01
110	1	9	0	2	3	-3.44849e-03	-2.72876e-02	7.47875e+00
110	1	10	0	2	3	4.29419e-03	-6.01186e-01	1.60910e+01
110	1	11	0	2	3	3.86180e-03	-5.67038e-01	1.57013e+01
110	1	12	0	2	3	2.69516e-03	-4.90266e-01	1.35777e+01
110	1	13	0	2	3	3.43583e-03	-5.37197e-01	1.59711e+01
110	1	14	0	2	3	3.76955e-03	-5.78401e-01	1.50818e+01
110	1	15	0	2	3	3.77454e-03	-5.56594e-01	1.60969e+01
110	1	16	0	2	3	3.54266e-03	-5.45144e-01	1.44916e+01
110	1	17	0	2	3	3.79052e-03	-5.58812e-01	1.54144e+01
110	1	18	0	2	3	3.78142e-03	-5.68429e-01	1.44417e+01
110	1	19	0	2	3	3.46914e-03	-5.40145e-01	1.55286e+01
110	1	20	0	2	3	4.47071e-03	-6.20690e-01	1.62802e+01
110	1	21	0	2	3	3.51448e-03	-5.48020e-01	1.67392e+01
110	1	22	0	2	3	3.68056e-03	-5.55566e-01	1.46710e+01
110	1	23	0	2	3	3.69867e-03	-5.48334e-01	1.57440e+01
110	1	24	0	2	3	4.21696e-03	-5.94764e-01	1.62736e+01
110	1	25	0	2	3	3.15768e-03	-5.16948e-01	1.54842e+01
110	1	26	0	2	3	3.79597e-03	-5.73617e-01	1.49485e+01
110	1	27	0	2	3	4.86761e-03	-6.41150e-01	1.83743e+01
110	1	28	0	2	3	3.90183e-03	-5.79903e-01	1.60426e+01
110	1	29	0	2	3	3.80629e-03	-5.64732e-01	1.64718e+01
110	1	30	0	2	3	3.81438e-03	-5.68178e-01	1.50436e+01
110	1	31	0	2	3	3.94961e-03	-5.80122e-01	1.68809e+01
110	1	32	0	2	3	4.07024e-03	-5.91813e-01	1.67688e+01
110	1	33	0	2	3	3.34965e-03	-5.37547e-01	1.49534e+01
110	1	34	0	2	3	4.29188e-03	-5.94692e-01	1.49772e+01
110	1	35	0	2	3	4.20856e-03	-6.09056e-01	1.75528e+01
110	1	36	0	2	3	3.81512e-03	-5.65212e-01	1.57628e+01
110	1	37	0	2	3	3.73646e-03	-5.54821e-01	1.43934e+01
110	1	38	0	2	3	4.10752e-03	-5.88568e-01	1.63744e+01
110	1	39	0	2	3	4.00749e-03	-5.72275e-01	1.56712e+01
110	1	40	0	2	3	3.79456e-03	-5.58700e-01	1.44174e+01
110	1	41	0	2	3	3.67529e-03	-5.51222e-01	1.57746e+01
110	1	42	0	2	3	3.91387e-03	-5.66127e-01	1.50805e+01
110	1	43	0	2	3	4.03904e-03	-5.77093e-01	1.69705e+01
110	1	44	0	2	3	4.17461e-03	-5.94552e-01	1.52713e+01
110	1	45	0	2	3	3.67486e-03	-5.53442e-01	1.60469e+01
110	1	46	0	2	3	4.24295e-03	-6.00524e-01	1.53412e+01
110	1	47	0	2	3	4.14536e-03	-6.05354e-01	1.79511e+01
110	1	48	0	2	3	4.05917e-03	-5.80235e-01	1.56221e+01
110	1	49	0	2	3	3.58392e-03	-5.43024e-01	1.60748e+01
110	1	50	0	2	3	4.24057e-03	-5.98583e-01	1.50016e+01
110	1	51	0	2	3	4.18679e-03	-5.90054e-01	1.65888e+01
110	1	52	0	2	3	3.94550e-03	-5.86133e-01	1.50848e+01
110	1	53	0	2	3	3.54106e-03	-5.40987e-01	1.59647e+01
110	1	54	0	2	3	4.31193e-03	-6.09721e-01	1.64229e+01
110	1	55	0	2	3	4.12862e-03	-5.86561e-01	1.66386e+01
110	1	56	0	2	3	3.91350e-03	-5.89256e-01	1.52423e+01
110	1	57	0	2	3	4.12353e-03	-5.90773e-01	1.65048e+01
110	1	58	0	2	3	4.02404e-03	-5.97155e-01	1.72581e+01
110	1	59	0	2	3	4.44361e-03	-6.23034e-01	1.84108e+01
110	1	60	0	2	3	4.12215e-03	-5.93320e-01	1.59470e+01
110	1	61	0	2	3	4.19713e-03	-5.82369e-01	1.58198e+01
110	1	62	0	2	3	4.09329e-03	-5.87868e-01	1.47877e+01
110	1	63	0	2	3	4.20913e-03	-5.95333e-01	1.68699e+01
110	1	64	0	2	3	4.27611e-03	-6.07680e-01	1.66036e+01
110	1	65	0	2	3	4.33633e-03	-6.02874e-01	1.62763e+01
110	1	66	0	2	3	4.86502e-03	-6.54578e-01	1.61357e+01
110	1	67	0	2	3	4.44473e-03	-6.14970e-01	1.56349e+01
110	1	68	0	2	3	3.49508e-03	-5.38630e-01	1.36972e+01
110	1	69	0	2	3	4.20200e-03	-5.92150e-01	1.61231e+01
110	1	70	0	2	3	4.28707e-03	-6.04734e-01	1.62905e+01
110	1	71	0	2	3	4.13746e-03	-5.98538e-01	1.65727e+01
110	1	72	0	2	3	3.91774e-03	-5.74226e-01	1.52249e+01
110	1	73	0	2	3	4.22601e-03	-6.02010e-01	1.71003e+01
110	1	74	0	2	3	4.17029e-03	-5.94059e-01	1.47656e+01
110	1	75	0	2	3	4.64451e-03	-6.32494e-01	1.65568e+01
110	1	76	0	2	3	3.55858e-03	-5.49954e-01	1.46556e+01
110	1	77	0	2	3	4.14183e-03	-5.94877e-01	1.58928e+01
110	1	78	0	2	3	4.14428e-03	-5.97075e-01	1.48638e+01
110	1	79	0	2	3	4.63112e-03	-6.22504e-01	1.61752e+01
110	1	80	0	2	3	4.07881e-03	-5.82931e-01	1.50696e+01
110	1	81	0	2	3	4.18076e-03	-5.90419e-01	1.49670e+01
110	1	82	0	2	3	4.64336e-03	-6.30669e-01	1.68982e+01
110	1	83	0	2	3	4.28796e-03	-5.89672e-01	1.52104e+01
110	1	84	0	2	3	3.51297e-03	-5.37349e-01	1.37656e+01
110	1	85	0	2	3	3.57317e-03	-5.45905e-01	1.44551e+01
110	1	86	0	2	3	4.39757e-03	-6.12338e-01	1.63127e+01
110	1	87	0	2	3	4.12417e-03	-5.77696e-01	1.36935e+01
110	1	88	0	2	3	4.15682e-03	-5.93991e-01	1.57596e+01
110	1	89	0	2	3	4.20415e-03	-5.96938e-01	1.50419e+01
110	1	90	0	2	3	4.37937e-03	-6.09756e-01	1.51628e+01
110	1	91	0	2	3	4.50392e-03	-6.11076e-01	1.61086e+01
110	1	92	0	2	3	4.00171e-03	-5.73801e-01	1.48786e+01
110	1	93	0	2	3	3.94005e-03	-5.73599e-01	1.51367e+01
110	1	94	0	2	3	4.01908e-03	-5.86995e-01	1.59509e+01
110	1	95	0	2	3	4.30555e-03	-6.05642e-01	1.54080e+01
110	1	96	0	2	3	3.50160e-03	-5.41842e-01	1.40445e+01
110	1	97	0	2	3	3.93091e-03	-5.74701e-01	1.56101e+01
110	1	98	0	2	3	4.28655e-03	-6.23135e-01	1.69999e+01
110	1	99	0	2	3	4.12740e-03	-5.89023e-01	1.51973e+01
110	1	100	0	2	3	3.91709e-03	-5.63184e-01	1.49091e+01
110	1	101	0	2	3	3.73612e-03	-5.58119e-01	1.51343e+01
110	1	102	0	2	3	4.32193e-03	-6.14195e-01	1.59056e+01
110	1	103	0	2	3	4.56598e-03	-6.17559e-01	1.55337e+01
110	1	104	0	2	3	4.16044e-03	-5.92685e-01	1.54788e+01
110	1	105	0	2	3	3.84310e-03	-5.67066e-01	1.50594e+01
110	1	106	0	2	3	4.51791e-03	-6.24657e-01	1.68347e+01
110	1	107	0	2	3	4.18413e-03	-5.92437e-01	1.52829e+01
110	1	108	0	2	3	3.64309e-03	-5.55509e-01	1.55378e+01
110	1	109	0	2	3	3.84340e-03	-5.67089e-01	1.55768e+01
110	1	110	0	2	3	4.78351e-03	-6.44511e-01	1.64323e+01
110	1	111	0	2	3	4.47463e-03	-6.22877e-01	1.71988e+01
110	1	112	0	2	3	3.80503e-03	-5.66910e-01	1.48049e+01
110	1	113	0	2	3	3.67587e-03	-5.59194e-01	1.50877e+01
110	1	114	0	2	3	4.52831e-03	-6.29683e-01	1.58446e+01
110	1	115	0	2	3	4.78963e-03	-6.37345e-01	1.61114e+01
110	1	116	0	2	3	3.82714e-03	-5.73109e-01	1.51687e+01
110	1	117	0	2	3	3.88107e-03	-5.67330e-01	1.50286e+01
110	1	118	0	2	3	4.58097e-03	-6.23643e-01	1.51087e+01
110	1	119	0	2	3	4.66911e-03	-6.26688e-01	1.62719e+01
110	1	120	0	2	3	3.66597e-03	-5.58908e-01	1.45918e+01
110	1	121	0	2	3	4.01600e-03	-5.79949e-01	1.51316e+01
110	1	122	0	2	3	3.99351e-03	-5.95037e-01	1.67512e+01
110	1	123	0	2	3	4.20525e-03	-6.03598e-01	1.71474e+01
110	1	124	0	2	3	3.75986e-03	-5.57101e-01	1.41369e+01
110	1	125	0	2	3	4.68170e-03	-6.32153e-01	1.64081e+01
110	1	126	0	2	3	3.88324e-03	-5.76066e-01	1.52422e+01
110	1	127	0	2	3	3.90373e-03	-5.63107e-01	1.47767e+01
110	1	128	0	2	3	2.45682e-03	-5.07231e-01	1.49823e+01
110	1	129	0	2	3	4.07755e-03	-6.10606e-01	1.65098e+01
110	1	130	0	2	3	4.11909e-03	-6.09558e-01	1.55612e+01
110	1	131	0	2	3	3.25858e-03	-5.28598e-01	1.43095e+01
110	1	132	0	2	3	4.29608e-03	-6.11392e-01	1.64132e+01
110	1	133	0	2	3	5.84295e-03	-7.20380e-01	1.75987e+01
110	1	134	0	2	3	3.98372e-03	-6.04757e-01	1.65641e+01
110	1	135	0	2	3	3.44235e-03	-5.45431e-01	1.49132e+01
110	1	136	0	2	3	4.77965e-03	-6.60190e-01	1.77627e+01
110	1	137	0	2	3	5.73248e-03	-7.09053e-01	1.77069e+01
110	1	138	0	2	3	3.11894e-03	-5.21776e-01	1.42386e+01
110	1	139	0	2	3	3.76879e-03	-5.74205e-01	1.56408e+01
110	1	140	0	2	3	3.03631e-03	-5.08402e-01	1.36527e+01
110	1	141	0	2	3	4.87037e-03	-6.42349e-01	1.59717e+01
110	1	142	0	2	3	4.82122e-03	-6.46611e-01	1.60747e+01
110	1	143	0	2	3	-5.56129e-03	9.40137e-02	4.12736e+00
110	1	144	0	2	3	1.06875e-03	-4.05044e-01	1.37621e+01
110	1	145	0	2	3	3.28359e-03	-4.97787e-01	1.31541e+01
110	1	146	0	2	3	-3.78321e-03	-1.15773e-02	4.81093e+00
110	1	147	0	2	3	4.16150e-03	-5.81471e-01	1.42279e+01
110	1	148	0	2	3	4.27060e-03	-6.12028e-01	1.53665e+01
110	1	149	0	2	3	-8.58817e-03	3.94653e-01	-2.99162e+00
110	1	150	0	2	3	3.32177e-03	-5.29557e-01	1.46780e+01
110	1	151	0	2	3	1.72700e-04	-2.73753e-01	8.99680e+00
110	1	152	0	2	3	-4.78374e-03	7.09395e-02	4.16362e+00
110	1	153	0	2	3	2.43286e-03	-4.78652e-01	1.44519e+01
110	1	154	0	2	3	3.29489e-03	-5.61446e-01	1.58371e+01
110	1	155	0	2	3	6.70041e-03	-7.73002e-01	1.74885e+01
110	1	156	0	2	3	3.77914e-03	-5.83931e-01	1.59434e+01
110	1	157	0	2	3	-9.99197e-03	4.79740e-01	-3.78516e+00
110	1	158	0	2	3	2.93067e-03	-4.96320e-01	1.43181e+01
110	1	159	0	2	3	-1.12668e-03	-1.99547e-01	9.37643e+00
