##
#  file: HodoPHCParam_Dummy
#  date: 2016.06.15
#  note: first version
#
#
#######################################################################
# CId	PlId	Seg	UorD	Type	nParam	p0	p1	...
#
#	Type=0 no correction will be performed
#	Type=1 ct=t-p[0]/sqrt(a-p[1])+p[2]
#	Type=2 ct=p[0]*a*a + p[1]*a + p[2] for Fiber
#
#######################################################################
# BH1 Up                                                              #
#######################################################################
1	0	0	0	1	3	9.72882e+01	-2.42381e+01	1.93388e+01
1	0	1	0	1	3	8.39811e-01	2.30870e-01	9.07677e-01
1	0	2	0	1	3	7.96271e-01	2.02772e-01	8.76313e-01
1	0	3	0	1	3	1.24269e+00	-1.47574e-01	1.19840e+00
1	0	4	0	1	3	1.09931e+00	-7.72769e-02	1.08260e+00
1	0	5	0	1	3	1.05845e+00	1.40683e-01	1.18835e+00
1	0	6	0	1	3	1.24845e+00	-7.32092e-02	1.22011e+00
1	0	7	0	1	3	1.38494e+00	-1.69323e-01	1.29113e+00
1	0	8	0	1	3	1.12943e+00	-1.85789e-01	1.05048e+00
1	0	9	0	1	3	1.39270e+00	-1.82072e-01	1.30041e+00
1	0	10	0	1	3	1.71493e+02	-3.15885e+01	3.00372e+01
#######################################################################
# BH1 Down                                                            #
#######################################################################
1	0	0	1	1	3	1.69589e+00	-2.63702e-01	1.46458e+00
1	0	1	1	1	3	6.65147e-01	3.06785e-01	7.74182e-01
1	0	2	1	1	3	1.69164e+00	-4.50471e-01	1.36238e+00
1	0	3	1	1	3	7.14482e+01	-2.23619e+01	1.47724e+01
1	0	4	1	1	3	1.42431e+00	-1.84323e-01	1.31423e+00
1	0	5	1	1	3	1.48351e+00	-1.17877e-01	1.40777e+00
1	0	6	1	1	3	1.64799e+00	-3.01989e-01	1.48452e+00
1	0	7	1	1	3	1.48685e+00	-1.75507e-01	1.38619e+00
1	0	8	1	1	3	5.71792e-01	2.68423e-01	6.99614e-01
1	0	9	1	1	3	1.07020e+00	4.47097e-02	1.11772e+00
1	0	10	1	1	3	5.19525e-01	3.65790e-01	6.45791e-01
#######################################################################
# BH2 Up                                                              #
#######################################################################
2	0	0	0	1	3	1.12115e-01	3.35357e-01	1.33957e-01
2	0	1	0	1	3	4.23202e-01	6.01088e-02	4.32756e-01
2	0	2	0	1	3	4.01076e-01	4.56070e-02	4.03148e-01
2	0	3	0	1	3	3.85284e-01	5.67440e-02	3.98101e-01
2	0	4	0	1	3	2.66200e-01	1.48660e-01	2.92941e-01
2	0	5	0	1	3	1.66891e-01	2.88043e-01	2.06447e-01
2	0	6	0	1	3	1.71542e-01	2.55850e-01	2.12138e-01
2	0	7	0	1	3	1.96083e-01	2.29490e-01	2.30246e-01
#######################################################################
# BH2 Down                                                            #
#######################################################################
2	0	0	1	1	3	1.86082e-01	2.04597e-01	2.06299e-01
2	0	1	1	1	3	3.69447e-01	6.07075e-02	3.67987e-01
2	0	2	1	1	3	4.36704e-01	5.29092e-03	4.17610e-01
2	0	3	1	1	3	5.05110e-01	-2.36197e-01	4.33924e-01
2	0	4	1	1	3	3.34198e-01	6.07922e-02	3.30964e-01
2	0	5	1	1	3	2.71316e-01	1.29618e-01	2.74971e-01
2	0	6	1	1	3	4.51400e-01	-3.05140e-02	4.20447e-01
2	0	7	1	1	3	2.11967e-01	8.42464e-02	2.22906e-01
#######################################################################
# BAC                                                                 #
#######################################################################
3	0	0	0	1	3	0.00000e+00	0.00000e+00	0.00000e+00
3	0	1	0	1	3	0.00000e+00	0.00000e+00	0.00000e+00
#######################################################################
# FBH Up                                                              #
#######################################################################
4	0	0	0	2	3	-5.62952e-03	8.96903e-01	-3.53273e+01
4	0	1	0	2	3	-4.29399e-03	7.37975e-01	-3.00049e+01
4	0	2	0	2	3	-5.26894e-03	8.67305e-01	-3.38992e+01
4	0	3	0	2	3	-3.80183e-03	6.69237e-01	-2.72260e+01
4	0	4	0	2	3	-4.35014e-03	7.35785e-01	-2.92008e+01
4	0	5	0	2	3	-4.02541e-03	6.86907e-01	-2.70312e+01
4	0	6	0	2	3	-4.16660e-03	7.08229e-01	-2.81512e+01
4	0	7	0	2	3	-3.93117e-03	6.84759e-01	-2.69101e+01
4	0	8	0	2	3	-4.14423e-03	6.96902e-01	-2.65883e+01
4	0	9	0	2	3	-2.83372e-03	5.62925e-01	-2.20787e+01
4	0	10	0	2	3	-4.07944e-03	7.09420e-01	-2.75603e+01
4	0	11	0	2	3	-3.50961e-03	6.50113e-01	-2.64167e+01
4	0	12	0	2	3	-3.52415e-03	6.49734e-01	-2.67232e+01
4	0	13	0	2	3	-4.13420e-03	7.26957e-01	-2.99675e+01
4	0	14	0	2	3	-4.90315e-03	8.27563e-01	-3.35630e+01
4	0	15	0	2	3	-4.73048e-03	8.13189e-01	-3.31901e+01
#######################################################################
# FBH Down                                                            #
#######################################################################
4	0	0	1	2	3	-5.62952e-03	8.96903e-01	-3.53273e+01
4	0	1	1	2	3	-4.29399e-03	7.37975e-01	-3.00049e+01
4	0	2	1	2	3	-5.26894e-03	8.67305e-01	-3.38992e+01
4	0	3	1	2	3	-3.80183e-03	6.69237e-01	-2.72260e+01
4	0	4	1	2	3	-4.35014e-03	7.35785e-01	-2.92008e+01
4	0	5	1	2	3	-4.02541e-03	6.86907e-01	-2.70312e+01
4	0	6	1	2	3	-4.16660e-03	7.08229e-01	-2.81512e+01
4	0	7	1	2	3	-3.93117e-03	6.84759e-01	-2.69101e+01
4	0	8	1	2	3	-4.14423e-03	6.96902e-01	-2.65883e+01
4	0	9	1	2	3	-2.83372e-03	5.62925e-01	-2.20787e+01
4	0	10	1	2	3	-4.07944e-03	7.09420e-01	-2.75603e+01
4	0	11	1	2	3	-3.50961e-03	6.50113e-01	-2.64167e+01
4	0	12	1	2	3	-3.52415e-03	6.49734e-01	-2.67232e+01
4	0	13	1	2	3	-4.13420e-03	7.26957e-01	-2.99675e+01
4	0	14	1	2	3	-4.90315e-03	8.27563e-01	-3.35630e+01
4	0	15	1	2	3	-4.73048e-03	8.13189e-01	-3.31901e+01
#######################################################################
# PVAC                                                                #
#######################################################################
5	0	0	0	1	3	0.00000e+00	0.00000e+00	0.00000e+00
#######################################################################
# FAC                                                                 #
#######################################################################
6	0	0	0	1	3	0.00000e+00	0.00000e+00	0.00000e+00
#######################################################################
# SCH                                                                 #
#######################################################################
#7	0	0	0	2	3	-0.00500000	0.821213	-32.185321
#7	0	1	0	2	3	-0.00500000	0.830248	-32.269563
#7	0	2	0	2	3	-0.00500000	0.793073	-29.315934
#7	0	3	0	2	3	-0.00500000	0.772144	-28.276705
#7	0	4	0	2	3	-0.00500000	0.801968	-30.687167
#7	0	5	0	2	3	-0.00500000	0.778300	-28.439251
#7	0	6	0	2	3	-0.00500000	0.765872	-27.918181
#7	0	7	0	2	3	-0.00500000	0.738459	-26.016797
#7	0	8	0	2	3	-0.00500000	0.778318	-28.676371
#7	0	9	0	2	3	-0.00500000	0.776670	-28.892887
#7	0	10	0	2	3	-0.00500000	0.764278	-28.122474
#7	0	11	0	2	3	-0.00500000	0.790742	-29.423647
#7	0	12	0	2	3	-0.00500000	0.811330	-30.487019
#7	0	13	0	2	3	-0.00500000	0.818750	-30.891512
#7	0	14	0	2	3	-0.00500000	0.802541	-30.009136
#7	0	15	0	2	3	-0.00500000	0.809525	-30.751746
#7	0	16	0	2	3	-0.00500000	0.802597	-30.845509
#7	0	17	0	2	3	-0.00500000	0.835028	-32.780792
#7	0	18	0	2	3	-0.00500000	0.859176	-33.938731
#7	0	19	0	2	3	-0.00500000	0.814851	-31.445396
#7	0	20	0	2	3	-0.00500000	0.809426	-30.781087
#7	0	21	0	2	3	-0.00500000	0.780678	-28.888756
#7	0	22	0	2	3	-0.00500000	0.808206	-30.719604
#7	0	23	0	2	3	-0.00500000	0.774024	-27.858339
#7	0	24	0	2	3	-0.00500000	0.794308	-29.022101
#7	0	25	0	2	3	-0.00500000	0.775649	-27.980186
#7	0	26	0	2	3	-0.00500000	0.788483	-28.687567
#7	0	27	0	2	3	-0.00466315	0.771386	-29.253260
#7	0	28	0	2	3	-0.00483132	0.790854	-28.637741
#7	0	29	0	2	3	-0.00497049	0.812994	-30.786914
#7	0	30	0	2	3	-0.00500000	0.787793	-28.362716
#7	0	31	0	2	3	-0.00500000	0.790759	-28.876812
#7	0	32	0	2	3	-0.00500000	0.824826	-31.655285
#7	0	33	0	2	3	-0.00500000	0.845304	-33.407765
#7	0	34	0	2	3	-0.00500000	0.832263	-32.939799
#7	0	35	0	2	3	-0.00500000	0.820631	-31.695372
#7	0	36	0	2	3	-0.00500000	0.836997	-33.200590
#7	0	37	0	2	3	-0.00500000	0.819690	-32.097193
#7	0	38	0	2	3	-0.00500000	0.808109	-31.263214
#7	0	39	0	2	3	-0.00500000	0.815224	-31.135523
#7	0	40	0	2	3	-0.00500000	0.803398	-29.897923
#7	0	41	0	2	3	-0.00500000	0.815685	-31.165519
#7	0	42	0	2	3	-0.00500000	0.812980	-30.737261
#7	0	43	0	2	3	-0.00500000	0.829418	-32.693307
#7	0	44	0	2	3	-0.00500000	0.789530	-29.464920
#7	0	45	0	2	3	-0.00500000	0.804789	-31.208151
#7	0	46	0	2	3	-0.00500000	0.830106	-32.806514
#7	0	47	0	2	3	-0.00500000	0.819206	-31.373242
#7	0	48	0	2	3	-0.00500000	0.816165	-31.709319
#7	0	49	0	2	3	-0.00500000	0.798496	-30.201709
#7	0	50	0	2	3	-0.00500000	0.812167	-31.795745
#7	0	51	0	2	3	-0.00500000	0.810749	-31.375226
#7	0	52	0	2	3	-0.00500000	0.803385	-31.372512
#7	0	53	0	2	3	-0.00500000	0.777405	-29.262831
#7	0	54	0	2	3	-0.00500000	0.783954	-29.763410
#7	0	55	0	2	3	-0.00500000	0.789443	-29.976449
#7	0	56	0	2	3	-0.00500000	0.838828	-33.261086
#7	0	57	0	2	3	-0.00500000	0.804421	-30.573195
#7	0	58	0	2	3	-0.00500000	0.773283	-29.111048
#7	0	59	0	2	3	-0.00500000	0.811789	-31.449459
#7	0	60	0	2	3	-0.00500000	0.759724	-28.110014
#7	0	61	0	2	3	-0.00500000	0.810884	-31.379063
#7	0	62	0	2	3	-0.00500000	0.771910	-28.435006
#7	0	63	0	2	3	-0.00500000	0.796658	-30.511906
#######################################################################
# TOF Up                                                              #
#######################################################################
7	0	0	0	1	3	5.24830e+00	-1.96630e+00	2.96170e+00
7	0	1	0	1	3	5.24830e+00	-1.96630e+00	2.96170e+00
7	0	2	0	1	3	5.24830e+00	-1.96630e+00	2.96170e+00
7	0	3	0	1	3	5.24830e+00	-1.96630e+00	2.96170e+00
7	0	4	0	1	3	5.24830e+00	-1.96630e+00	2.96170e+00
7	0	5	0	1	3	5.24830e+00	-1.96630e+00	2.96170e+00
7	0	6	0	1	3	6.97090e+00	-3.03520e+00	3.39910e+00
7	0	7	0	1	3	4.05450e+00	-1.96150e+00	2.30360e+00
7	0	8	0	1	3	1.16940e+02	-2.98600e+01	2.09880e+01
7	0	9	0	1	3	5.24830e+00	-1.96630e+00	2.96170e+00
7	0	10	0	1	3	5.24830e+00	-1.96630e+00	2.96170e+00
7	0	11	0	1	3	5.24830e+00	-1.96630e+00	2.96170e+00
7	0	12	0	1	3	5.24830e+00	-1.96630e+00	2.96170e+00
7	0	13	0	1	3	5.24830e+00	-1.96630e+00	2.96170e+00
7	0	14	0	1	3	5.24830e+00	-1.96630e+00	2.96170e+00
7	0	15	0	1	3	5.24830e+00	-1.96630e+00	2.96170e+00
7	0	16	0	1	3	5.24830e+00	-1.96630e+00	2.96170e+00
7	0	17	0	1	3	5.24830e+00	-1.96630e+00	2.96170e+00
7	0	18	0	1	3	5.24830e+00	-1.96630e+00	2.96170e+00
7	0	19	0	1	3	7.11491e-01	1.85180e-03	5.82402e-01
7	0	20	0	1	3	5.59404e-01	-1.73810e-03	4.50716e-01
7	0	21	0	1	3	8.92499e-01	1.99900e-03	7.37364e-01
7	0	22	0	1	3	6.37553e-01	1.99960e-03	5.45449e-01
7	0	23	0	1	3	1.19210e+00	1.98920e-03	9.99994e-01
#######################################################################
# TOF Down                                                            #
#######################################################################
7	0	0	1	1	3	5.84300e+00	-2.30730e+00	3.11320e+00
7	0	1	1	1	3	5.84300e+00	-2.30730e+00	3.11320e+00
7	0	2	1	1	3	5.84300e+00	-2.30730e+00	3.11320e+00
7	0	3	1	1	3	5.84300e+00	-2.30730e+00	3.11320e+00
7	0	4	1	1	3	5.84300e+00	-2.30730e+00	3.11320e+00
7	0	5	1	1	3	5.84300e+00	-2.30730e+00	3.11320e+00
7	0	6	1	1	3	1.41330e+01	-5.81170e+00	5.32680e+00
7	0	7	1	1	3	7.84850e+01	-2.02870e+01	1.69500e+01
7	0	8	1	1	3	2.20240e+02	-3.62440e+01	3.60080e+01
7	0	9	1	1	3	5.84300e+00	-2.30730e+00	3.11320e+00
7	0	10	1	1	3	5.84300e+00	-2.30730e+00	3.11320e+00
7	0	11	1	1	3	5.84300e+00	-2.30730e+00	3.11320e+00
7	0	12	1	1	3	5.84300e+00	-2.30730e+00	3.11320e+00
7	0	13	1	1	3	5.84300e+00	-2.30730e+00	3.11320e+00
7	0	14	1	1	3	5.84300e+00	-2.30730e+00	3.11320e+00
7	0	15	1	1	3	5.84300e+00	-2.30730e+00	3.11320e+00
7	0	16	1	1	3	5.84300e+00	-2.30730e+00	3.11320e+00
7	0	17	1	1	3	5.84300e+00	-2.30730e+00	3.11320e+00
7	0	18	1	1	3	5.84300e+00	-2.30730e+00	3.11320e+00
7	0	19	1	1	3	6.18741e-01	1.99860e-03	4.90831e-01
7	0	20	1	1	3	5.75901e-01	1.04210e-03	4.72509e-01
7	0	21	1	1	3	9.41046e-01	1.99890e-03	7.79357e-01
7	0	22	1	1	3	4.84266e-01	-1.95590e-03	3.99786e-01
7	0	23	1	1	3	8.97714e-01	1.99860e-03	7.56300e-01
#######################################################################
# BFT U                                                               #
#######################################################################
110	0	0	0	2	3	-1.04631e-02	6.04454e-01	-6.03231e+00
110	0	1	0	2	3	2.71469e-03	-4.21667e-01	1.37565e+01
110	0	2	0	2	3	6.84082e-03	-7.72525e-01	2.08427e+01
110	0	3	0	2	3	1.04612e-02	-1.02568e+00	2.35436e+01
110	0	4	0	2	3	1.94188e-03	-4.15904e-01	1.40053e+01
110	0	5	0	2	3	-7.16704e-03	2.77036e-01	6.87853e-01
110	0	6	0	2	3	4.73356e-03	-6.38933e-01	1.78816e+01
110	0	7	0	2	3	1.95725e-03	-4.06435e-01	1.29792e+01
110	0	8	0	2	3	3.11114e-03	-5.19710e-01	1.59924e+01
110	0	9	0	2	3	-8.60710e-04	-1.99011e-01	1.02352e+01
110	0	10	0	2	3	1.69213e-03	-4.16250e-01	1.34001e+01
110	0	11	0	2	3	1.60524e-03	-4.01589e-01	1.33133e+01
110	0	12	0	2	3	4.34128e-03	-5.93506e-01	1.54643e+01
110	0	13	0	2	3	4.17909e-04	-2.86905e-01	1.15017e+01
110	0	14	0	2	3	3.17949e-03	-5.12408e-01	1.49408e+01
110	0	15	0	2	3	3.05111e-03	-5.14008e-01	1.52751e+01
110	0	16	0	2	3	2.44104e-03	-4.70653e-01	1.42884e+01
110	0	17	0	2	3	3.68817e-03	-5.41313e-01	1.59740e+01
110	0	18	0	2	3	3.82981e-03	-5.61596e-01	1.56184e+01
110	0	19	0	2	3	4.72746e-03	-6.25060e-01	1.56509e+01
110	0	20	0	2	3	3.41967e-03	-5.22093e-01	1.53195e+01
110	0	21	0	2	3	2.96845e-03	-4.92371e-01	1.54697e+01
110	0	22	0	2	3	3.84556e-03	-5.76793e-01	1.66086e+01
110	0	23	0	2	3	4.23182e-03	-5.73304e-01	1.65424e+01
110	0	24	0	2	3	3.30367e-03	-5.19782e-01	1.47252e+01
110	0	25	0	2	3	3.79940e-03	-5.43874e-01	1.55491e+01
110	0	26	0	2	3	5.38225e-03	-6.86832e-01	1.86036e+01
110	0	27	0	2	3	4.89245e-03	-6.22997e-01	1.73211e+01
110	0	28	0	2	3	4.21354e-03	-5.85218e-01	1.50343e+01
110	0	29	0	2	3	4.06088e-03	-5.68864e-01	1.60800e+01
110	0	30	0	2	3	4.33332e-03	-6.03635e-01	1.67941e+01
110	0	31	0	2	3	3.97626e-03	-5.71867e-01	1.67600e+01
110	0	32	0	2	3	3.81970e-03	-5.65751e-01	1.64037e+01
110	0	33	0	2	3	4.26702e-03	-5.67090e-01	1.37239e+01
110	0	34	0	2	3	3.85019e-03	-5.61654e-01	1.59804e+01
110	0	35	0	2	3	4.86553e-03	-6.39774e-01	1.79289e+01
110	0	36	0	2	3	3.60771e-03	-5.35898e-01	1.43846e+01
110	0	37	0	2	3	4.51528e-03	-6.10804e-01	1.73399e+01
110	0	38	0	2	3	3.96827e-03	-5.66008e-01	1.54779e+01
110	0	39	0	2	3	4.67152e-03	-6.17589e-01	1.71338e+01
110	0	40	0	2	3	4.16738e-03	-5.73724e-01	1.48757e+01
110	0	41	0	2	3	4.19542e-03	-5.80451e-01	1.65459e+01
110	0	42	0	2	3	4.24087e-03	-5.84335e-01	1.57206e+01
110	0	43	0	2	3	4.29347e-03	-5.98273e-01	1.75606e+01
110	0	44	0	2	3	4.28265e-03	-5.93579e-01	1.65438e+01
110	0	45	0	2	3	3.92334e-03	-5.57062e-01	1.66504e+01
110	0	46	0	2	3	4.11317e-03	-5.93214e-01	1.68345e+01
110	0	47	0	2	3	4.28592e-03	-5.98790e-01	1.76381e+01
110	0	48	0	2	3	3.45307e-03	-5.28766e-01	1.43072e+01
110	0	49	0	2	3	4.37932e-03	-5.94606e-01	1.68216e+01
110	0	50	0	2	3	4.73058e-03	-6.22941e-01	1.74080e+01
110	0	51	0	2	3	4.58582e-03	-6.10985e-01	1.70003e+01
110	0	52	0	2	3	3.76114e-03	-5.51533e-01	1.53214e+01
110	0	53	0	2	3	4.06137e-03	-5.66224e-01	1.60118e+01
110	0	54	0	2	3	4.29940e-03	-5.95289e-01	1.65904e+01
110	0	55	0	2	3	4.71559e-03	-6.25534e-01	1.72835e+01
110	0	56	0	2	3	3.93623e-03	-5.81438e-01	1.64303e+01
110	0	57	0	2	3	4.15076e-03	-5.82217e-01	1.71509e+01
110	0	58	0	2	3	4.24600e-03	-5.92916e-01	1.66325e+01
110	0	59	0	2	3	4.15311e-03	-5.92936e-01	1.76426e+01
110	0	60	0	2	3	4.36715e-03	-6.02498e-01	1.63778e+01
110	0	61	0	2	3	3.51466e-03	-5.31927e-01	1.58799e+01
110	0	62	0	2	3	4.06055e-03	-5.77834e-01	1.62132e+01
110	0	63	0	2	3	4.19931e-03	-5.83861e-01	1.57257e+01
110	0	64	0	2	3	3.94188e-03	-5.76427e-01	1.66215e+01
110	0	65	0	2	3	3.44226e-03	-5.32880e-01	1.59486e+01
110	0	66	0	2	3	4.57523e-03	-6.31720e-01	1.78805e+01
110	0	67	0	2	3	3.42242e-03	-5.38585e-01	1.63225e+01
110	0	68	0	2	3	3.78157e-03	-5.75048e-01	1.62088e+01
110	0	69	0	2	3	4.09002e-03	-5.75503e-01	1.62029e+01
110	0	70	0	2	3	4.38404e-03	-6.20887e-01	1.69912e+01
110	0	71	0	2	3	4.32447e-03	-6.00811e-01	1.71304e+01
110	0	72	0	2	3	4.03671e-03	-5.85437e-01	1.61452e+01
110	0	73	0	2	3	4.03785e-03	-5.82070e-01	1.62451e+01
110	0	74	0	2	3	4.74202e-03	-6.44377e-01	1.73511e+01
110	0	75	0	2	3	4.76623e-03	-6.27769e-01	1.72430e+01
110	0	76	0	2	3	3.61885e-03	-5.48413e-01	1.55556e+01
110	0	77	0	2	3	3.71421e-03	-5.53799e-01	1.63126e+01
110	0	78	0	2	3	4.25118e-03	-6.06898e-01	1.70071e+01
110	0	79	0	2	3	4.20495e-03	-5.88275e-01	1.65208e+01
110	0	80	0	2	3	3.99948e-03	-5.79567e-01	1.62489e+01
110	0	81	0	2	3	4.02365e-03	-5.69242e-01	1.62332e+01
110	0	82	0	2	3	3.96411e-03	-5.72408e-01	1.66055e+01
110	0	83	0	2	3	4.23071e-03	-5.92216e-01	1.65129e+01
110	0	84	0	2	3	3.55051e-03	-5.44294e-01	1.60756e+01
110	0	85	0	2	3	3.87686e-03	-5.59361e-01	1.63483e+01
110	0	86	0	2	3	5.23046e-03	-6.76281e-01	1.82212e+01
110	0	87	0	2	3	3.93851e-03	-5.82081e-01	1.72286e+01
110	0	88	0	2	3	3.65811e-03	-5.48543e-01	1.55182e+01
110	0	89	0	2	3	3.96932e-03	-5.70887e-01	1.62202e+01
110	0	90	0	2	3	4.33876e-03	-6.04809e-01	1.67106e+01
110	0	91	0	2	3	4.42359e-03	-6.14434e-01	1.66476e+01
110	0	92	0	2	3	3.77407e-03	-5.71406e-01	1.70000e+01
110	0	93	0	2	3	3.86376e-03	-5.62337e-01	1.58564e+01
110	0	94	0	2	3	3.94663e-03	-5.98488e-01	1.76248e+01
110	0	95	0	2	3	3.90664e-03	-5.77941e-01	1.69095e+01
110	0	96	0	2	3	3.57675e-03	-5.57510e-01	1.64234e+01
110	0	97	0	2	3	3.37224e-03	-5.29563e-01	1.61093e+01
110	0	98	0	2	3	3.75322e-03	-5.77923e-01	1.68872e+01
110	0	99	0	2	3	4.01745e-03	-5.74582e-01	1.55536e+01
110	0	100	0	2	3	3.62896e-03	-5.56772e-01	1.59538e+01
110	0	101	0	2	3	3.76716e-03	-5.53958e-01	1.63753e+01
110	0	102	0	2	3	4.30468e-03	-6.04882e-01	1.70297e+01
110	0	103	0	2	3	4.37063e-03	-6.05362e-01	1.69546e+01
110	0	104	0	2	3	3.38874e-03	-5.41328e-01	1.58414e+01
110	0	105	0	2	3	4.58284e-03	-6.19004e-01	1.71016e+01
110	0	106	0	2	3	4.38325e-03	-6.14059e-01	1.72319e+01
110	0	107	0	2	3	5.05163e-03	-6.43682e-01	1.69169e+01
110	0	108	0	2	3	3.92502e-03	-5.79421e-01	1.63433e+01
110	0	109	0	2	3	3.83758e-03	-5.65878e-01	1.60922e+01
110	0	110	0	2	3	4.38303e-03	-6.12753e-01	1.69413e+01
110	0	111	0	2	3	4.92263e-03	-6.51154e-01	1.77416e+01
110	0	112	0	2	3	3.98022e-03	-5.69147e-01	1.57881e+01
110	0	113	0	2	3	4.20239e-03	-5.85921e-01	1.63376e+01
110	0	114	0	2	3	4.11484e-03	-5.92249e-01	1.76765e+01
110	0	115	0	2	3	4.25797e-03	-5.94954e-01	1.65856e+01
110	0	116	0	2	3	4.84949e-03	-6.53947e-01	1.85028e+01
110	0	117	0	2	3	4.62093e-03	-6.26023e-01	1.72218e+01
110	0	118	0	2	3	4.89690e-03	-6.58703e-01	1.82935e+01
110	0	119	0	2	3	3.92839e-03	-5.63411e-01	1.50601e+01
110	0	120	0	2	3	4.26025e-03	-6.09766e-01	1.77475e+01
110	0	121	0	2	3	3.49446e-03	-5.36480e-01	1.42306e+01
110	0	122	0	2	3	4.56331e-03	-6.30297e-01	1.82930e+01
110	0	123	0	2	3	3.14597e-03	-5.12835e-01	1.54474e+01
110	0	124	0	2	3	3.63855e-03	-5.52622e-01	1.61997e+01
110	0	125	0	2	3	4.17415e-03	-5.72932e-01	1.40908e+01
110	0	126	0	2	3	4.05154e-03	-5.85728e-01	1.62018e+01
110	0	127	0	2	3	5.53037e-03	-6.77255e-01	1.79648e+01
110	0	128	0	2	3	1.65600e-03	-4.33561e-01	1.46531e+01
110	0	129	0	2	3	3.52080e-03	-5.71035e-01	1.69127e+01
110	0	130	0	2	3	3.08652e-03	-5.39618e-01	1.76412e+01
110	0	131	0	2	3	3.59165e-03	-5.60380e-01	1.67127e+01
110	0	132	0	2	3	3.67758e-03	-5.76495e-01	1.75423e+01
110	0	133	0	2	3	3.59893e-03	-5.54343e-01	1.65444e+01
110	0	134	0	2	3	3.23319e-03	-5.49896e-01	1.66486e+01
110	0	135	0	2	3	3.17965e-03	-5.30845e-01	1.64736e+01
110	0	136	0	2	3	3.50145e-03	-5.62730e-01	1.61997e+01
110	0	137	0	2	3	2.34870e-03	-4.79511e-01	1.57604e+01
110	0	138	0	2	3	2.45140e-03	-4.80976e-01	1.54418e+01
110	0	139	0	2	3	2.63063e-03	-5.07017e-01	1.58051e+01
110	0	140	0	2	3	1.57473e-03	-4.32159e-01	1.51602e+01
110	0	141	0	2	3	4.02575e-03	-6.03983e-01	1.67982e+01
110	0	142	0	2	3	3.29391e-03	-5.44746e-01	1.72122e+01
110	0	143	0	2	3	3.34665e-03	-5.36276e-01	1.55638e+01
110	0	144	0	2	3	4.07410e-03	-6.03639e-01	1.74997e+01
110	0	145	0	2	3	2.95806e-03	-5.04409e-01	1.54055e+01
110	0	146	0	2	3	2.99819e-03	-5.28469e-01	1.60526e+01
110	0	147	0	2	3	3.58045e-03	-5.59352e-01	1.67671e+01
110	0	148	0	2	3	2.30524e-03	-4.83866e-01	1.57544e+01
110	0	149	0	2	3	4.19819e-03	-5.97932e-01	1.71306e+01
110	0	150	0	2	3	3.34353e-03	-5.59374e-01	1.70083e+01
110	0	151	0	2	3	3.55043e-03	-5.58900e-01	1.64441e+01
110	0	152	0	2	3	2.87519e-03	-5.11630e-01	1.62089e+01
110	0	153	0	2	3	4.25668e-03	-6.22033e-01	1.80017e+01
110	0	154	0	2	3	3.46427e-03	-5.60626e-01	1.61421e+01
110	0	155	0	2	3	2.56886e-03	-4.81764e-01	1.44627e+01
110	0	156	0	2	3	-1.42313e-02	7.77272e-01	-7.17242e+00
110	0	157	0	2	3	8.58000e-04	-3.57717e-01	1.31950e+01
110	0	158	0	2	3	7.14491e-04	-3.55289e-01	1.33947e+01
110	0	159	0	2	3	-9.31817e-03	3.90022e-01	6.46578e-02
#######################################################################
# BFT D                                                               #
#######################################################################
110	1	0	0	2	3	-7.58173e-03	3.26144e-01	6.13732e-01
110	1	1	0	2	3	-3.54228e-03	-2.37246e-02	7.98940e+00
110	1	2	0	2	3	-6.02026e-04	-2.30874e-01	1.09722e+01
110	1	3	0	2	3	-1.62970e-02	9.80001e-01	-1.20137e+01
110	1	4	0	2	3	3.81608e-03	-6.07639e-01	1.80912e+01
110	1	5	0	2	3	-5.04087e-03	1.02453e-01	5.21885e+00
110	1	6	0	2	3	1.54918e-03	-4.04440e-01	1.36535e+01
110	1	7	0	2	3	-1.52069e-02	8.65565e-01	-9.44004e+00
110	1	8	0	2	3	-2.22356e-03	-1.18882e-01	8.75876e+00
110	1	9	0	2	3	-1.00795e-02	4.62423e-01	-1.26273e+00
110	1	10	0	2	3	3.24260e-03	-5.25863e-01	1.59419e+01
110	1	11	0	2	3	2.55857e-03	-4.71053e-01	1.51303e+01
110	1	12	0	2	3	4.21253e-03	-5.96113e-01	1.65126e+01
110	1	13	0	2	3	2.31879e-03	-4.55808e-01	1.46605e+01
110	1	14	0	2	3	2.63898e-03	-4.99709e-01	1.58695e+01
110	1	15	0	2	3	4.62717e-03	-6.17308e-01	1.72554e+01
110	1	16	0	2	3	2.89687e-03	-5.05894e-01	1.50400e+01
110	1	17	0	2	3	4.86870e-03	-6.32618e-01	1.77878e+01
110	1	18	0	2	3	4.35621e-03	-6.03873e-01	1.60099e+01
110	1	19	0	2	3	3.41359e-03	-5.36079e-01	1.65833e+01
110	1	20	0	2	3	4.22300e-03	-5.98114e-01	1.69050e+01
110	1	21	0	2	3	3.18689e-03	-5.18981e-01	1.61979e+01
110	1	22	0	2	3	3.83669e-03	-5.64527e-01	1.58802e+01
110	1	23	0	2	3	2.91783e-03	-4.88216e-01	1.47440e+01
110	1	24	0	2	3	2.90060e-03	-5.04697e-01	1.58818e+01
110	1	25	0	2	3	4.40938e-03	-6.10683e-01	1.72850e+01
110	1	26	0	2	3	3.76156e-03	-5.67673e-01	1.68956e+01
110	1	27	0	2	3	3.54449e-03	-5.47748e-01	1.68877e+01
110	1	28	0	2	3	4.02768e-03	-5.92300e-01	1.64641e+01
110	1	29	0	2	3	3.17308e-03	-5.19297e-01	1.57880e+01
110	1	30	0	2	3	3.98344e-03	-5.87409e-01	1.66135e+01
110	1	31	0	2	3	4.18216e-03	-6.00142e-01	1.74058e+01
110	1	32	0	2	3	3.90765e-03	-5.78444e-01	1.76433e+01
110	1	33	0	2	3	3.26829e-03	-5.30075e-01	1.49280e+01
110	1	34	0	2	3	3.93759e-03	-5.70506e-01	1.56957e+01
110	1	35	0	2	3	3.88755e-03	-5.83094e-01	1.81873e+01
110	1	36	0	2	3	4.09414e-03	-5.81447e-01	1.71122e+01
110	1	37	0	2	3	3.17822e-03	-5.18602e-01	1.49830e+01
110	1	38	0	2	3	3.91178e-03	-5.75358e-01	1.62840e+01
110	1	39	0	2	3	3.70333e-03	-5.53581e-01	1.65454e+01
110	1	40	0	2	3	3.59614e-03	-5.50277e-01	1.55213e+01
110	1	41	0	2	3	3.41840e-03	-5.32856e-01	1.55944e+01
110	1	42	0	2	3	4.36746e-03	-5.98694e-01	1.58049e+01
110	1	43	0	2	3	4.44298e-03	-6.06943e-01	1.76656e+01
110	1	44	0	2	3	3.72343e-03	-5.63795e-01	1.59019e+01
110	1	45	0	2	3	4.15955e-03	-5.88641e-01	1.68170e+01
110	1	46	0	2	3	4.31110e-03	-6.08327e-01	1.66762e+01
110	1	47	0	2	3	4.36489e-03	-6.19989e-01	1.83367e+01
110	1	48	0	2	3	3.87480e-03	-5.70684e-01	1.66909e+01
110	1	49	0	2	3	3.49529e-03	-5.37086e-01	1.61486e+01
110	1	50	0	2	3	3.75005e-03	-5.65709e-01	1.56090e+01
110	1	51	0	2	3	3.53902e-03	-5.47662e-01	1.70963e+01
110	1	52	0	2	3	3.90455e-03	-5.83529e-01	1.62134e+01
110	1	53	0	2	3	3.53805e-03	-5.43182e-01	1.62398e+01
110	1	54	0	2	3	3.89306e-03	-5.85051e-01	1.72632e+01
110	1	55	0	2	3	4.13268e-03	-5.89379e-01	1.69255e+01
110	1	56	0	2	3	3.84597e-03	-5.84240e-01	1.73234e+01
110	1	57	0	2	3	4.48975e-03	-6.17595e-01	1.81889e+01
110	1	58	0	2	3	4.30814e-03	-6.21387e-01	1.89524e+01
110	1	59	0	2	3	4.48521e-03	-6.23675e-01	1.85532e+01
110	1	60	0	2	3	3.84307e-03	-5.73773e-01	1.68159e+01
110	1	61	0	2	3	3.63874e-03	-5.41486e-01	1.63107e+01
110	1	62	0	2	3	4.04778e-03	-5.84422e-01	1.59334e+01
110	1	63	0	2	3	4.54540e-03	-6.20463e-01	1.75483e+01
110	1	64	0	2	3	4.36761e-03	-6.15771e-01	1.80058e+01
110	1	65	0	2	3	4.20532e-03	-5.96444e-01	1.64573e+01
110	1	66	0	2	3	4.72707e-03	-6.47220e-01	1.72741e+01
110	1	67	0	2	3	4.19088e-03	-5.98667e-01	1.66191e+01
110	1	68	0	2	3	3.83579e-03	-5.63927e-01	1.53830e+01
110	1	69	0	2	3	4.21088e-03	-5.95255e-01	1.64845e+01
110	1	70	0	2	3	4.17955e-03	-6.02282e-01	1.75930e+01
110	1	71	0	2	3	4.32957e-03	-6.16423e-01	1.72466e+01
110	1	72	0	2	3	3.58036e-03	-5.52953e-01	1.61780e+01
110	1	73	0	2	3	4.01845e-03	-5.87896e-01	1.71427e+01
110	1	74	0	2	3	4.34658e-03	-6.07374e-01	1.62992e+01
110	1	75	0	2	3	4.27418e-03	-6.08598e-01	1.64910e+01
110	1	76	0	2	3	3.87420e-03	-5.74296e-01	1.64045e+01
110	1	77	0	2	3	4.15320e-03	-5.97152e-01	1.72563e+01
110	1	78	0	2	3	4.22710e-03	-6.02067e-01	1.62283e+01
110	1	79	0	2	3	4.07849e-03	-5.88616e-01	1.59924e+01
110	1	80	0	2	3	3.64150e-03	-5.53504e-01	1.59049e+01
110	1	81	0	2	3	3.86771e-03	-5.68232e-01	1.59288e+01
110	1	82	0	2	3	4.46585e-03	-6.14133e-01	1.78720e+01
110	1	83	0	2	3	4.55200e-03	-6.09215e-01	1.59172e+01
110	1	84	0	2	3	3.67352e-03	-5.46119e-01	1.52017e+01
110	1	85	0	2	3	3.64327e-03	-5.53800e-01	1.59909e+01
110	1	86	0	2	3	4.34126e-03	-6.10050e-01	1.66644e+01
110	1	87	0	2	3	4.38451e-03	-5.98898e-01	1.54722e+01
110	1	88	0	2	3	3.59535e-03	-5.52774e-01	1.63933e+01
110	1	89	0	2	3	4.25561e-03	-5.99693e-01	1.64797e+01
110	1	90	0	2	3	3.84950e-03	-5.74678e-01	1.59897e+01
110	1	91	0	2	3	4.03256e-03	-5.73999e-01	1.57745e+01
110	1	92	0	2	3	3.89568e-03	-5.69502e-01	1.62794e+01
110	1	93	0	2	3	3.81755e-03	-5.66125e-01	1.64538e+01
110	1	94	0	2	3	4.30321e-03	-6.08417e-01	1.67791e+01
110	1	95	0	2	3	4.17211e-03	-6.00297e-01	1.68581e+01
110	1	96	0	2	3	3.61140e-03	-5.47709e-01	1.55333e+01
110	1	97	0	2	3	4.00433e-03	-5.79066e-01	1.60868e+01
110	1	98	0	2	3	3.66494e-03	-5.74074e-01	1.74900e+01
110	1	99	0	2	3	3.95521e-03	-5.80278e-01	1.65606e+01
110	1	100	0	2	3	3.10888e-03	-5.09271e-01	1.54984e+01
110	1	101	0	2	3	3.88742e-03	-5.66460e-01	1.56951e+01
110	1	102	0	2	3	3.75944e-03	-5.72778e-01	1.66059e+01
110	1	103	0	2	3	4.34167e-03	-6.05259e-01	1.68449e+01
110	1	104	0	2	3	3.69075e-03	-5.59124e-01	1.63643e+01
110	1	105	0	2	3	4.28221e-03	-6.00355e-01	1.61904e+01
110	1	106	0	2	3	4.40286e-03	-6.13431e-01	1.70692e+01
110	1	107	0	2	3	4.41730e-03	-6.12415e-01	1.61775e+01
110	1	108	0	2	3	3.10094e-03	-5.18475e-01	1.64054e+01
110	1	109	0	2	3	4.02449e-03	-5.81167e-01	1.63499e+01
110	1	110	0	2	3	4.13272e-03	-5.94412e-01	1.69858e+01
110	1	111	0	2	3	4.54845e-03	-6.29022e-01	1.78473e+01
110	1	112	0	2	3	3.57129e-03	-5.51340e-01	1.60779e+01
110	1	113	0	2	3	4.24302e-03	-5.98595e-01	1.72756e+01
110	1	114	0	2	3	4.13223e-03	-5.89728e-01	1.64491e+01
110	1	115	0	2	3	4.33348e-03	-6.02609e-01	1.70221e+01
110	1	116	0	2	3	3.40625e-03	-5.50909e-01	1.64703e+01
110	1	117	0	2	3	3.47355e-03	-5.40492e-01	1.51471e+01
110	1	118	0	2	3	3.94340e-03	-5.79075e-01	1.58907e+01
110	1	119	0	2	3	4.47097e-03	-6.14440e-01	1.66680e+01
110	1	120	0	2	3	2.63947e-03	-4.83952e-01	1.48122e+01
110	1	121	0	2	3	3.41332e-03	-5.37462e-01	1.59848e+01
110	1	122	0	2	3	4.47692e-03	-6.20481e-01	1.85591e+01
110	1	123	0	2	3	9.64330e-04	-3.58558e-01	1.31576e+01
110	1	124	0	2	3	3.97017e-03	-5.71031e-01	1.59459e+01
110	1	125	0	2	3	3.57313e-03	-5.57782e-01	1.67878e+01
110	1	126	0	2	3	5.47379e-03	-6.88854e-01	1.78059e+01
110	1	127	0	2	3	4.83132e-03	-6.36709e-01	1.78220e+01
110	1	128	0	2	3	3.81268e-03	-5.94361e-01	1.78457e+01
110	1	129	0	2	3	3.26816e-03	-5.58286e-01	1.73375e+01
110	1	130	0	2	3	2.95589e-03	-5.29837e-01	1.57807e+01
110	1	131	0	2	3	3.59255e-03	-5.60014e-01	1.65979e+01
110	1	132	0	2	3	3.44332e-03	-5.57585e-01	1.72266e+01
110	1	133	0	2	3	4.25371e-03	-6.04769e-01	1.71444e+01
110	1	134	0	2	3	4.75959e-03	-6.57657e-01	1.80100e+01
110	1	135	0	2	3	3.43744e-03	-5.39571e-01	1.52890e+01
110	1	136	0	2	3	4.63204e-03	-6.48422e-01	1.91516e+01
110	1	137	0	2	3	4.90535e-03	-6.55513e-01	1.75043e+01
110	1	138	0	2	3	4.43419e-03	-6.21996e-01	1.76217e+01
110	1	139	0	2	3	4.20963e-03	-6.11928e-01	1.69952e+01
110	1	140	0	2	3	4.57609e-03	-6.38576e-01	1.78813e+01
110	1	141	0	2	3	4.02561e-03	-5.93679e-01	1.69236e+01
110	1	142	0	2	3	4.30003e-03	-6.11345e-01	1.69985e+01
110	1	143	0	2	3	3.81463e-03	-5.86789e-01	1.77546e+01
110	1	144	0	2	3	3.08457e-03	-5.41521e-01	1.64953e+01
110	1	145	0	2	3	4.90501e-03	-6.41798e-01	1.78100e+01
110	1	146	0	2	3	2.17952e-03	-4.77328e-01	1.53205e+01
110	1	147	0	2	3	3.74986e-03	-5.62329e-01	1.56058e+01
110	1	148	0	2	3	5.16014e-03	-6.75766e-01	1.79479e+01
110	1	149	0	2	3	5.02379e-03	-6.63013e-01	1.79301e+01
110	1	150	0	2	3	4.68837e-03	-6.45664e-01	1.75318e+01
110	1	151	0	2	3	4.64463e-03	-6.34563e-01	1.77579e+01
110	1	152	0	2	3	3.43911e-03	-5.60121e-01	1.66570e+01
110	1	153	0	2	3	2.13337e-03	-4.60216e-01	1.56900e+01
110	1	154	0	2	3	4.10313e-03	-6.06836e-01	1.68446e+01
110	1	155	0	2	3	2.01942e-03	-4.65278e-01	1.50561e+01
110	1	156	0	2	3	3.26217e-03	-5.55288e-01	1.69075e+01
110	1	157	0	2	3	2.32946e-03	-4.67613e-01	1.56392e+01
110	1	158	0	2	3	-2.38471e-04	-3.06079e-01	1.29595e+01
110	1	159	0	2	3	8.53743e-03	-9.18324e-01	2.35663e+01
