##
#  file: HodoPHCParam_Dummy
#  date: 2016.06.15
#  note: first version
#
#
#######################################################################
# CId	PlId	Seg	UorD	Type	nParam	p0	p1	...
#
#	Type=0 no correction will be performed
#	Type=1 ct=t-p[0]/sqrt(a-p[1])+p[2]
#	Type=2 ct=p[0]*a*a + p[1]*a + p[2] for Fiber
#
#######################################################################
# BH1 Up                                                              #
#######################################################################
1	0	0	0	1	3	5.08705e+00	-1.98362e+00	2.93454e+00
1	0	1	0	1	3	6.69706e-01	2.91546e-01	8.10244e-01
1	0	2	0	1	3	5.01779e-01	3.94271e-01	6.64278e-01
1	0	3	0	1	3	7.45330e-01	1.66754e-01	8.56036e-01
1	0	4	0	1	3	8.52890e-01	8.60054e-02	9.27134e-01
1	0	5	0	1	3	1.69981e+00	-1.50393e-01	1.62794e+00
1	0	6	0	1	3	1.58582e+00	-2.35346e-01	1.46587e+00
1	0	7	0	1	3	1.61970e+00	-1.46184e-01	1.54504e+00
1	0	8	0	1	3	1.37546e+00	-2.52696e-01	1.28233e+00
1	0	9	0	1	3	1.74814e+00	-2.76223e-01	1.64100e+00
1	0	10	0	1	3	1.60339e+01	-4.62629e+00	6.81205e+00
#######################################################################
# BH1 Down                                                            #
#######################################################################
1	0	0	1	1	3	1.33519e+00	-9.13138e-02	1.27257e+00
1	0	1	1	1	3	6.24909e-01	2.88647e-01	7.65429e-01
1	0	2	1	1	3	6.68954e-01	2.21542e-01	7.45264e-01
1	0	3	1	1	3	1.32364e+00	-4.57464e-01	1.08318e+00
1	0	4	1	1	3	1.18002e+00	-7.91080e-02	1.17008e+00
1	0	5	1	1	3	2.07299e+00	-4.79828e-01	1.70935e+00
1	0	6	1	1	3	1.96000e+00	-5.20196e-01	1.63958e+00
1	0	7	1	1	3	1.89852e+00	-4.50289e-01	1.60743e+00
1	0	8	1	1	3	1.02469e+00	-6.73213e-02	1.04734e+00
1	0	9	1	1	3	1.64894e+00	-1.85977e-01	1.61292e+00
1	0	10	1	1	3	7.15603e-01	2.22738e-01	8.54972e-01
#######################################################################
# BH2 Up                                                              #
#######################################################################
2	0	0	0	1	3	1.43047e-01	2.98695e-01	2.00085e-01
2	0	1	0	1	3	8.79554e-01	-2.31747e-01	7.85839e-01
2	0	2	0	1	3	5.94572e-01	-4.97541e-01	4.68956e-01
2	0	3	0	1	3	1.91725e-01	3.94747e-02	1.91115e-01
2	0	4	0	1	3	3.31184e-01	-9.38469e-02	3.15823e-01
2	0	5	0	1	3	1.99769e-01	2.70254e-01	2.37321e-01
2	0	6	0	1	3	2.58948e-01	2.41832e-01	3.10133e-01
2	0	7	0	1	3	3.50426e-01	8.80094e-02	3.70898e-01
#######################################################################
# BH2 Down                                                            #
#######################################################################
2	0	0	1	1	3	3.94607e-01	-1.85207e-01	3.84440e-01
2	0	1	1	1	3	9.92155e-01	-3.85817e-01	8.32122e-01
2	0	2	1	1	3	4.10986e-01	-9.27803e-02	3.90143e-01
2	0	3	1	1	3	1.76416e-01	4.84160e-02	1.75490e-01
2	0	4	1	1	3	2.42956e-01	1.23979e-01	2.64593e-01
2	0	5	1	1	3	3.57967e-01	4.32013e-02	3.63973e-01
2	0	6	1	1	3	1.22093e+00	-6.67168e-01	9.30075e-01
2	0	7	1	1	3	2.92156e-01	-4.36810e-03	2.98702e-01
#######################################################################
# BAC                                                                 #
#######################################################################
3	0	0	0	1	3	0.00000e+00	0.00000e+00	0.00000e+00
3	0	1	0	1	3	0.00000e+00	0.00000e+00	0.00000e+00
#######################################################################
# FBH Up                                                              #
#######################################################################
4	0	0	0	2	3	-5.62952e-03	8.96903e-01	-3.53273e+01
4	0	1	0	2	3	-4.29399e-03	7.37975e-01	-3.00049e+01
4	0	2	0	2	3	-5.26894e-03	8.67305e-01	-3.38992e+01
4	0	3	0	2	3	-3.80183e-03	6.69237e-01	-2.72260e+01
4	0	4	0	2	3	-4.35014e-03	7.35785e-01	-2.92008e+01
4	0	5	0	2	3	-4.02541e-03	6.86907e-01	-2.70312e+01
4	0	6	0	2	3	-4.16660e-03	7.08229e-01	-2.81512e+01
4	0	7	0	2	3	-3.93117e-03	6.84759e-01	-2.69101e+01
4	0	8	0	2	3	-4.14423e-03	6.96902e-01	-2.65883e+01
4	0	9	0	2	3	-2.83372e-03	5.62925e-01	-2.20787e+01
4	0	10	0	2	3	-4.07944e-03	7.09420e-01	-2.75603e+01
4	0	11	0	2	3	-3.50961e-03	6.50113e-01	-2.64167e+01
4	0	12	0	2	3	-3.52415e-03	6.49734e-01	-2.67232e+01
4	0	13	0	2	3	-4.13420e-03	7.26957e-01	-2.99675e+01
4	0	14	0	2	3	-4.90315e-03	8.27563e-01	-3.35630e+01
4	0	15	0	2	3	-4.73048e-03	8.13189e-01	-3.31901e+01
#######################################################################
# FBH Down                                                            #
#######################################################################
4	0	0	1	2	3	-5.62952e-03	8.96903e-01	-3.53273e+01
4	0	1	1	2	3	-4.29399e-03	7.37975e-01	-3.00049e+01
4	0	2	1	2	3	-5.26894e-03	8.67305e-01	-3.38992e+01
4	0	3	1	2	3	-3.80183e-03	6.69237e-01	-2.72260e+01
4	0	4	1	2	3	-4.35014e-03	7.35785e-01	-2.92008e+01
4	0	5	1	2	3	-4.02541e-03	6.86907e-01	-2.70312e+01
4	0	6	1	2	3	-4.16660e-03	7.08229e-01	-2.81512e+01
4	0	7	1	2	3	-3.93117e-03	6.84759e-01	-2.69101e+01
4	0	8	1	2	3	-4.14423e-03	6.96902e-01	-2.65883e+01
4	0	9	1	2	3	-2.83372e-03	5.62925e-01	-2.20787e+01
4	0	10	1	2	3	-4.07944e-03	7.09420e-01	-2.75603e+01
4	0	11	1	2	3	-3.50961e-03	6.50113e-01	-2.64167e+01
4	0	12	1	2	3	-3.52415e-03	6.49734e-01	-2.67232e+01
4	0	13	1	2	3	-4.13420e-03	7.26957e-01	-2.99675e+01
4	0	14	1	2	3	-4.90315e-03	8.27563e-01	-3.35630e+01
4	0	15	1	2	3	-4.73048e-03	8.13189e-01	-3.31901e+01
#######################################################################
# PVAC                                                                #
#######################################################################
5	0	0	0	1	3	0.00000e+00	0.00000e+00	0.00000e+00
#######################################################################
# FAC                                                                 #
#######################################################################
6	0	0	0	1	3	0.00000e+00	0.00000e+00	0.00000e+00
#######################################################################
# SCH                                                                 #
#######################################################################
#7	0	0	0	2	3	-0.00500000	0.821213	-32.185321
#7	0	1	0	2	3	-0.00500000	0.830248	-32.269563
#7	0	2	0	2	3	-0.00500000	0.793073	-29.315934
#7	0	3	0	2	3	-0.00500000	0.772144	-28.276705
#7	0	4	0	2	3	-0.00500000	0.801968	-30.687167
#7	0	5	0	2	3	-0.00500000	0.778300	-28.439251
#7	0	6	0	2	3	-0.00500000	0.765872	-27.918181
#7	0	7	0	2	3	-0.00500000	0.738459	-26.016797
#7	0	8	0	2	3	-0.00500000	0.778318	-28.676371
#7	0	9	0	2	3	-0.00500000	0.776670	-28.892887
#7	0	10	0	2	3	-0.00500000	0.764278	-28.122474
#7	0	11	0	2	3	-0.00500000	0.790742	-29.423647
#7	0	12	0	2	3	-0.00500000	0.811330	-30.487019
#7	0	13	0	2	3	-0.00500000	0.818750	-30.891512
#7	0	14	0	2	3	-0.00500000	0.802541	-30.009136
#7	0	15	0	2	3	-0.00500000	0.809525	-30.751746
#7	0	16	0	2	3	-0.00500000	0.802597	-30.845509
#7	0	17	0	2	3	-0.00500000	0.835028	-32.780792
#7	0	18	0	2	3	-0.00500000	0.859176	-33.938731
#7	0	19	0	2	3	-0.00500000	0.814851	-31.445396
#7	0	20	0	2	3	-0.00500000	0.809426	-30.781087
#7	0	21	0	2	3	-0.00500000	0.780678	-28.888756
#7	0	22	0	2	3	-0.00500000	0.808206	-30.719604
#7	0	23	0	2	3	-0.00500000	0.774024	-27.858339
#7	0	24	0	2	3	-0.00500000	0.794308	-29.022101
#7	0	25	0	2	3	-0.00500000	0.775649	-27.980186
#7	0	26	0	2	3	-0.00500000	0.788483	-28.687567
#7	0	27	0	2	3	-0.00466315	0.771386	-29.253260
#7	0	28	0	2	3	-0.00483132	0.790854	-28.637741
#7	0	29	0	2	3	-0.00497049	0.812994	-30.786914
#7	0	30	0	2	3	-0.00500000	0.787793	-28.362716
#7	0	31	0	2	3	-0.00500000	0.790759	-28.876812
#7	0	32	0	2	3	-0.00500000	0.824826	-31.655285
#7	0	33	0	2	3	-0.00500000	0.845304	-33.407765
#7	0	34	0	2	3	-0.00500000	0.832263	-32.939799
#7	0	35	0	2	3	-0.00500000	0.820631	-31.695372
#7	0	36	0	2	3	-0.00500000	0.836997	-33.200590
#7	0	37	0	2	3	-0.00500000	0.819690	-32.097193
#7	0	38	0	2	3	-0.00500000	0.808109	-31.263214
#7	0	39	0	2	3	-0.00500000	0.815224	-31.135523
#7	0	40	0	2	3	-0.00500000	0.803398	-29.897923
#7	0	41	0	2	3	-0.00500000	0.815685	-31.165519
#7	0	42	0	2	3	-0.00500000	0.812980	-30.737261
#7	0	43	0	2	3	-0.00500000	0.829418	-32.693307
#7	0	44	0	2	3	-0.00500000	0.789530	-29.464920
#7	0	45	0	2	3	-0.00500000	0.804789	-31.208151
#7	0	46	0	2	3	-0.00500000	0.830106	-32.806514
#7	0	47	0	2	3	-0.00500000	0.819206	-31.373242
#7	0	48	0	2	3	-0.00500000	0.816165	-31.709319
#7	0	49	0	2	3	-0.00500000	0.798496	-30.201709
#7	0	50	0	2	3	-0.00500000	0.812167	-31.795745
#7	0	51	0	2	3	-0.00500000	0.810749	-31.375226
#7	0	52	0	2	3	-0.00500000	0.803385	-31.372512
#7	0	53	0	2	3	-0.00500000	0.777405	-29.262831
#7	0	54	0	2	3	-0.00500000	0.783954	-29.763410
#7	0	55	0	2	3	-0.00500000	0.789443	-29.976449
#7	0	56	0	2	3	-0.00500000	0.838828	-33.261086
#7	0	57	0	2	3	-0.00500000	0.804421	-30.573195
#7	0	58	0	2	3	-0.00500000	0.773283	-29.111048
#7	0	59	0	2	3	-0.00500000	0.811789	-31.449459
#7	0	60	0	2	3	-0.00500000	0.759724	-28.110014
#7	0	61	0	2	3	-0.00500000	0.810884	-31.379063
#7	0	62	0	2	3	-0.00500000	0.771910	-28.435006
#7	0	63	0	2	3	-0.00500000	0.796658	-30.511906
#######################################################################
# TOF Up                                                              #
#######################################################################
7	0	0	0	1	3	5.24830e+00	-1.96630e+00	2.96170e+00
7	0	1	0	1	3	5.24830e+00	-1.96630e+00	2.96170e+00
7	0	2	0	1	3	5.24830e+00	-1.96630e+00	2.96170e+00
7	0	3	0	1	3	5.24830e+00	-1.96630e+00	2.96170e+00
7	0	4	0	1	3	5.24830e+00	-1.96630e+00	2.96170e+00
7	0	5	0	1	3	5.24830e+00	-1.96630e+00	2.96170e+00
7	0	6	0	1	3	6.97090e+00	-3.03520e+00	3.39910e+00
7	0	7	0	1	3	4.05450e+00	-1.96150e+00	2.30360e+00
7	0	8	0	1	3	1.16940e+02	-2.98600e+01	2.09880e+01
7	0	9	0	1	3	5.24830e+00	-1.96630e+00	2.96170e+00
7	0	10	0	1	3	5.24830e+00	-1.96630e+00	2.96170e+00
7	0	11	0	1	3	5.24830e+00	-1.96630e+00	2.96170e+00
7	0	12	0	1	3	5.24830e+00	-1.96630e+00	2.96170e+00
7	0	13	0	1	3	5.24830e+00	-1.96630e+00	2.96170e+00
7	0	14	0	1	3	5.24830e+00	-1.96630e+00	2.96170e+00
7	0	15	0	1	3	5.24830e+00	-1.96630e+00	2.96170e+00
7	0	16	0	1	3	5.24830e+00	-1.96630e+00	2.96170e+00
7	0	17	0	1	3	5.24830e+00	-1.96630e+00	2.96170e+00
7	0	18	0	1	3	5.24830e+00	-1.96630e+00	2.96170e+00
7	0	19	0	1	3	7.11491e-01	1.85180e-03	5.82402e-01
7	0	20	0	1	3	5.59404e-01	-1.73810e-03	4.50716e-01
7	0	21	0	1	3	8.92499e-01	1.99900e-03	7.37364e-01
7	0	22	0	1	3	6.37553e-01	1.99960e-03	5.45449e-01
7	0	23	0	1	3	1.19210e+00	1.98920e-03	9.99994e-01
#######################################################################
# TOF Down                                                            #
#######################################################################
7	0	0	1	1	3	5.84300e+00	-2.30730e+00	3.11320e+00
7	0	1	1	1	3	5.84300e+00	-2.30730e+00	3.11320e+00
7	0	2	1	1	3	5.84300e+00	-2.30730e+00	3.11320e+00
7	0	3	1	1	3	5.84300e+00	-2.30730e+00	3.11320e+00
7	0	4	1	1	3	5.84300e+00	-2.30730e+00	3.11320e+00
7	0	5	1	1	3	5.84300e+00	-2.30730e+00	3.11320e+00
7	0	6	1	1	3	1.41330e+01	-5.81170e+00	5.32680e+00
7	0	7	1	1	3	7.84850e+01	-2.02870e+01	1.69500e+01
7	0	8	1	1	3	2.20240e+02	-3.62440e+01	3.60080e+01
7	0	9	1	1	3	5.84300e+00	-2.30730e+00	3.11320e+00
7	0	10	1	1	3	5.84300e+00	-2.30730e+00	3.11320e+00
7	0	11	1	1	3	5.84300e+00	-2.30730e+00	3.11320e+00
7	0	12	1	1	3	5.84300e+00	-2.30730e+00	3.11320e+00
7	0	13	1	1	3	5.84300e+00	-2.30730e+00	3.11320e+00
7	0	14	1	1	3	5.84300e+00	-2.30730e+00	3.11320e+00
7	0	15	1	1	3	5.84300e+00	-2.30730e+00	3.11320e+00
7	0	16	1	1	3	5.84300e+00	-2.30730e+00	3.11320e+00
7	0	17	1	1	3	5.84300e+00	-2.30730e+00	3.11320e+00
7	0	18	1	1	3	5.84300e+00	-2.30730e+00	3.11320e+00
7	0	19	1	1	3	6.18741e-01	1.99860e-03	4.90831e-01
7	0	20	1	1	3	5.75901e-01	1.04210e-03	4.72509e-01
7	0	21	1	1	3	9.41046e-01	1.99890e-03	7.79357e-01
7	0	22	1	1	3	4.84266e-01	-1.95590e-03	3.99786e-01
7	0	23	1	1	3	8.97714e-01	1.99860e-03	7.56300e-01
#######################################################################
# BFT U                                                               #
#######################################################################
110	0	0	0	2	3	9.17492e-04	-3.51493e-01	1.12104e+01
110	0	1	0	2	3	3.31679e-03	-5.09341e-01	1.37715e+01
110	0	2	0	2	3	3.72946e-03	-5.60051e-01	1.47874e+01
110	0	3	0	2	3	4.80716e-03	-6.19416e-01	1.46389e+01
110	0	4	0	2	3	3.99149e-03	-5.75083e-01	1.54238e+01
110	0	5	0	2	3	4.42073e-03	-5.91096e-01	1.58572e+01
110	0	6	0	2	3	4.27292e-03	-6.03937e-01	1.53358e+01
110	0	7	0	2	3	5.12157e-03	-6.42682e-01	1.64588e+01
110	0	8	0	2	3	4.54643e-03	-6.20430e-01	1.57500e+01
110	0	9	0	2	3	2.49884e-03	-4.50866e-01	1.38673e+01
110	0	10	0	2	3	3.60511e-03	-5.49217e-01	1.36473e+01
110	0	11	0	2	3	3.85983e-03	-5.46036e-01	1.54784e+01
110	0	12	0	2	3	3.02210e-03	-5.10995e-01	1.33432e+01
110	0	13	0	2	3	3.09113e-03	-5.05083e-01	1.50323e+01
110	0	14	0	2	3	3.96797e-03	-5.65045e-01	1.39131e+01
110	0	15	0	2	3	5.75697e-03	-7.03243e-01	1.86804e+01
110	0	16	0	2	3	4.00229e-03	-5.69309e-01	1.39744e+01
110	0	17	0	2	3	3.43272e-03	-5.21812e-01	1.47544e+01
110	0	18	0	2	3	3.68322e-03	-5.52423e-01	1.36688e+01
110	0	19	0	2	3	4.43135e-03	-6.07866e-01	1.45522e+01
110	0	20	0	2	3	3.09038e-03	-5.07342e-01	1.33811e+01
110	0	21	0	2	3	4.72020e-03	-6.20486e-01	1.79572e+01
110	0	22	0	2	3	4.14684e-03	-5.83253e-01	1.45930e+01
110	0	23	0	2	3	4.00304e-03	-5.61758e-01	1.55418e+01
110	0	24	0	2	3	4.24518e-03	-5.88560e-01	1.51143e+01
110	0	25	0	2	3	4.17499e-03	-5.74251e-01	1.62846e+01
110	0	26	0	2	3	3.84269e-03	-5.68450e-01	1.55305e+01
110	0	27	0	2	3	4.25554e-03	-5.77389e-01	1.56886e+01
110	0	28	0	2	3	3.46773e-03	-5.29194e-01	1.21754e+01
110	0	29	0	2	3	3.85263e-03	-5.52479e-01	1.49117e+01
110	0	30	0	2	3	4.10612e-03	-5.83626e-01	1.45116e+01
110	0	31	0	2	3	3.93297e-03	-5.62526e-01	1.56028e+01
110	0	32	0	2	3	3.75398e-03	-5.62802e-01	1.45246e+01
110	0	33	0	2	3	4.24771e-03	-5.66711e-01	1.38446e+01
110	0	34	0	2	3	3.86422e-03	-5.63422e-01	1.41751e+01
110	0	35	0	2	3	5.32555e-03	-6.70291e-01	1.75441e+01
110	0	36	0	2	3	3.83463e-03	-5.51844e-01	1.37924e+01
110	0	37	0	2	3	4.21489e-03	-5.85139e-01	1.68933e+01
110	0	38	0	2	3	3.97712e-03	-5.65763e-01	1.35970e+01
110	0	39	0	2	3	4.73196e-03	-6.19815e-01	1.62646e+01
110	0	40	0	2	3	4.18851e-03	-5.75833e-01	1.40810e+01
110	0	41	0	2	3	3.56135e-03	-5.31172e-01	1.57051e+01
110	0	42	0	2	3	4.10134e-03	-5.76969e-01	1.47690e+01
110	0	43	0	2	3	4.65206e-03	-6.25038e-01	1.71558e+01
110	0	44	0	2	3	3.82765e-03	-5.62637e-01	1.41468e+01
110	0	45	0	2	3	4.29845e-03	-5.83090e-01	1.61710e+01
110	0	46	0	2	3	4.37264e-03	-6.10321e-01	1.52408e+01
110	0	47	0	2	3	5.06415e-03	-6.53571e-01	1.86739e+01
110	0	48	0	2	3	3.75617e-03	-5.47865e-01	1.27370e+01
110	0	49	0	2	3	4.24380e-03	-5.81893e-01	1.66290e+01
110	0	50	0	2	3	4.77463e-03	-6.24970e-01	1.55393e+01
110	0	51	0	2	3	4.50311e-03	-6.02219e-01	1.58884e+01
110	0	52	0	2	3	3.46202e-03	-5.28952e-01	1.30085e+01
110	0	53	0	2	3	4.27676e-03	-5.81325e-01	1.53551e+01
110	0	54	0	2	3	4.48771e-03	-6.07027e-01	1.48801e+01
110	0	55	0	2	3	4.65319e-03	-6.15078e-01	1.70553e+01
110	0	56	0	2	3	3.90686e-03	-5.76682e-01	1.53982e+01
110	0	57	0	2	3	4.43799e-03	-5.96742e-01	1.63317e+01
110	0	58	0	2	3	4.12251e-03	-5.85501e-01	1.56015e+01
110	0	59	0	2	3	4.71197e-03	-6.32493e-01	1.73614e+01
110	0	60	0	2	3	3.99158e-03	-5.77963e-01	1.40534e+01
110	0	61	0	2	3	3.80861e-03	-5.53512e-01	1.53215e+01
110	0	62	0	2	3	4.71263e-03	-6.22669e-01	1.50247e+01
110	0	63	0	2	3	4.41540e-03	-6.00294e-01	1.50776e+01
110	0	64	0	2	3	4.04818e-03	-5.81087e-01	1.47070e+01
110	0	65	0	2	3	4.25619e-03	-5.88537e-01	1.58942e+01
110	0	66	0	2	3	4.73515e-03	-6.41415e-01	1.70625e+01
110	0	67	0	2	3	3.55404e-03	-5.42488e-01	1.53129e+01
110	0	68	0	2	3	3.62300e-03	-5.63258e-01	1.50456e+01
110	0	69	0	2	3	4.07701e-03	-5.74365e-01	1.51889e+01
110	0	70	0	2	3	4.29225e-03	-6.15072e-01	1.49171e+01
110	0	71	0	2	3	4.50322e-03	-6.11739e-01	1.62860e+01
110	0	72	0	2	3	3.93324e-03	-5.75025e-01	1.39202e+01
110	0	73	0	2	3	4.28375e-03	-5.95376e-01	1.53698e+01
110	0	74	0	2	3	4.72402e-03	-6.38892e-01	1.61691e+01
110	0	75	0	2	3	4.58761e-03	-6.13418e-01	1.59401e+01
110	0	76	0	2	3	3.92634e-03	-5.69287e-01	1.38808e+01
110	0	77	0	2	3	3.80201e-03	-5.59518e-01	1.53456e+01
110	0	78	0	2	3	4.39467e-03	-6.14957e-01	1.50944e+01
110	0	79	0	2	3	4.66494e-03	-6.16068e-01	1.58620e+01
110	0	80	0	2	3	4.00517e-03	-5.79352e-01	1.51878e+01
110	0	81	0	2	3	4.33567e-03	-5.86302e-01	1.53499e+01
110	0	82	0	2	3	4.45790e-03	-6.07947e-01	1.51905e+01
110	0	83	0	2	3	4.61742e-03	-6.21188e-01	1.59636e+01
110	0	84	0	2	3	3.73434e-03	-5.56080e-01	1.41748e+01
110	0	85	0	2	3	3.93337e-03	-5.63887e-01	1.53469e+01
110	0	86	0	2	3	4.42154e-03	-6.20869e-01	1.52194e+01
110	0	87	0	2	3	4.18595e-03	-5.95887e-01	1.62881e+01
110	0	88	0	2	3	4.04352e-03	-5.74278e-01	1.48291e+01
110	0	89	0	2	3	4.29979e-03	-5.94853e-01	1.55209e+01
110	0	90	0	2	3	4.21616e-03	-5.95055e-01	1.44109e+01
110	0	91	0	2	3	4.36159e-03	-6.07932e-01	1.53610e+01
110	0	92	0	2	3	4.35629e-03	-6.12387e-01	1.55709e+01
110	0	93	0	2	3	4.20107e-03	-5.85649e-01	1.50848e+01
110	0	94	0	2	3	4.55551e-03	-6.36612e-01	1.70414e+01
110	0	95	0	2	3	4.38719e-03	-6.06649e-01	1.61349e+01
110	0	96	0	2	3	4.24556e-03	-6.04231e-01	1.50751e+01
110	0	97	0	2	3	4.46262e-03	-6.07353e-01	1.62728e+01
110	0	98	0	2	3	4.56999e-03	-6.30069e-01	1.55174e+01
110	0	99	0	2	3	4.49639e-03	-6.07060e-01	1.59014e+01
110	0	100	0	2	3	4.15994e-03	-5.90834e-01	1.52977e+01
110	0	101	0	2	3	3.86027e-03	-5.65586e-01	1.54627e+01
110	0	102	0	2	3	5.12756e-03	-6.63963e-01	1.68452e+01
110	0	103	0	2	3	4.70978e-03	-6.30973e-01	1.61932e+01
110	0	104	0	2	3	4.11599e-03	-5.90145e-01	1.44303e+01
110	0	105	0	2	3	4.21568e-03	-5.88026e-01	1.52793e+01
110	0	106	0	2	3	4.18151e-03	-5.99825e-01	1.57670e+01
110	0	107	0	2	3	5.33384e-03	-6.62861e-01	1.59878e+01
110	0	108	0	2	3	3.76804e-03	-5.69064e-01	1.49641e+01
110	0	109	0	2	3	4.12677e-03	-5.84445e-01	1.51370e+01
110	0	110	0	2	3	4.18296e-03	-5.95830e-01	1.53613e+01
110	0	111	0	2	3	5.04669e-03	-6.58756e-01	1.65815e+01
110	0	112	0	2	3	3.81314e-03	-5.63085e-01	1.35375e+01
110	0	113	0	2	3	4.87751e-03	-6.29830e-01	1.57819e+01
110	0	114	0	2	3	4.61495e-03	-6.28378e-01	1.60652e+01
110	0	115	0	2	3	4.77414e-03	-6.25406e-01	1.57166e+01
110	0	116	0	2	3	4.19824e-03	-5.97633e-01	1.50488e+01
110	0	117	0	2	3	4.32007e-03	-5.97194e-01	1.62833e+01
110	0	118	0	2	3	4.51037e-03	-6.25332e-01	1.62785e+01
110	0	119	0	2	3	4.67179e-03	-6.14634e-01	1.46273e+01
110	0	120	0	2	3	3.90310e-03	-5.83831e-01	1.50139e+01
110	0	121	0	2	3	4.49256e-03	-6.03683e-01	1.40145e+01
110	0	122	0	2	3	5.14704e-03	-6.70293e-01	1.76308e+01
110	0	123	0	2	3	5.00497e-03	-6.43685e-01	1.63324e+01
110	0	124	0	2	3	3.68660e-03	-5.52655e-01	1.48128e+01
110	0	125	0	2	3	3.84427e-03	-5.48585e-01	1.23629e+01
110	0	126	0	2	3	4.95118e-03	-6.41553e-01	1.57128e+01
110	0	127	0	2	3	3.74409e-03	-5.51765e-01	1.44182e+01
110	0	128	0	2	3	3.53183e-03	-5.80504e-01	1.61448e+01
110	0	129	0	2	3	3.44847e-03	-5.61975e-01	1.53386e+01
110	0	130	0	2	3	3.36730e-03	-5.64590e-01	1.58140e+01
110	0	131	0	2	3	2.75654e-03	-4.90356e-01	1.39090e+01
110	0	132	0	2	3	3.92893e-03	-5.88266e-01	1.62768e+01
110	0	133	0	2	3	2.52554e-03	-4.71903e-01	1.36882e+01
110	0	134	0	2	3	3.55781e-03	-5.74406e-01	1.57053e+01
110	0	135	0	2	3	4.00063e-03	-5.93711e-01	1.53267e+01
110	0	136	0	2	3	4.25370e-03	-6.10382e-01	1.55606e+01
110	0	137	0	2	3	4.52658e-04	-3.49472e-01	1.21755e+01
110	0	138	0	2	3	2.67451e-03	-5.05647e-01	1.46971e+01
110	0	139	0	2	3	1.03875e-03	-3.80862e-01	1.11009e+01
110	0	140	0	2	3	3.95923e-03	-5.92344e-01	1.64519e+01
110	0	141	0	2	3	3.48560e-03	-5.45449e-01	1.40932e+01
110	0	142	0	2	3	2.48896e-03	-4.82360e-01	1.37456e+01
110	0	143	0	2	3	3.18880e-03	-5.45776e-01	1.49041e+01
110	0	144	0	2	3	5.68835e-03	-7.17045e-01	1.72146e+01
110	0	145	0	2	3	3.89311e-03	-5.70057e-01	1.42162e+01
110	0	146	0	2	3	2.85183e-03	-5.09788e-01	1.42946e+01
110	0	147	0	2	3	3.50466e-03	-5.47198e-01	1.51180e+01
110	0	148	0	2	3	4.96641e-03	-6.75527e-01	1.69778e+01
110	0	149	0	2	3	2.03692e-03	-4.32420e-01	1.28243e+01
110	0	150	0	2	3	3.00315e-03	-5.16339e-01	1.46870e+01
110	0	151	0	2	3	3.73662e-03	-5.63613e-01	1.50581e+01
110	0	152	0	2	3	-4.64498e-03	6.34540e-02	4.21349e+00
110	0	153	0	2	3	2.95344e-03	-5.17162e-01	1.45849e+01
110	0	154	0	2	3	2.24854e-03	-4.55727e-01	1.27916e+01
110	0	155	0	2	3	3.73211e-03	-5.57534e-01	1.33949e+01
110	0	156	0	2	3	2.11282e-03	-4.88891e-01	1.48449e+01
110	0	157	0	2	3	-3.59269e-02	2.47588e+00	-4.22660e+01
110	0	158	0	2	3	4.54842e-03	-6.39138e-01	1.64256e+01
110	0	159	0	2	3	2.99619e-03	-5.24433e-01	1.45600e+01
#######################################################################
# BFT D                                                               #
#######################################################################
110	1	0	0	2	3	2.13444e-03	-4.40362e-01	1.42906e+01
110	1	1	0	2	3	3.18030e-03	-5.11392e-01	1.50165e+01
110	1	2	0	2	3	4.26495e-03	-6.11279e-01	1.66870e+01
110	1	3	0	2	3	2.08791e-03	-4.35842e-01	1.41824e+01
110	1	4	0	2	3	3.27064e-03	-5.26919e-01	1.50090e+01
110	1	5	0	2	3	4.08919e-03	-5.81582e-01	1.69105e+01
110	1	6	0	2	3	3.32412e-03	-5.37879e-01	1.41611e+01
110	1	7	0	2	3	3.89728e-03	-5.60675e-01	1.58429e+01
110	1	8	0	2	3	3.23122e-03	-5.31737e-01	1.54945e+01
110	1	9	0	2	3	2.52813e-03	-4.77152e-01	1.60698e+01
110	1	10	0	2	3	2.88928e-03	-5.00305e-01	1.45997e+01
110	1	11	0	2	3	2.67069e-03	-4.79047e-01	1.43424e+01
110	1	12	0	2	3	2.78731e-03	-4.95586e-01	1.38855e+01
110	1	13	0	2	3	2.92459e-03	-5.03286e-01	1.56341e+01
110	1	14	0	2	3	3.64578e-03	-5.65564e-01	1.50181e+01
110	1	15	0	2	3	3.34449e-03	-5.26206e-01	1.57998e+01
110	1	16	0	2	3	4.19539e-03	-5.98322e-01	1.58137e+01
110	1	17	0	2	3	3.58337e-03	-5.43782e-01	1.53847e+01
110	1	18	0	2	3	3.69503e-03	-5.65463e-01	1.46937e+01
110	1	19	0	2	3	4.27002e-03	-6.00219e-01	1.68609e+01
110	1	20	0	2	3	3.69913e-03	-5.65570e-01	1.55864e+01
110	1	21	0	2	3	3.15625e-03	-5.19219e-01	1.64177e+01
110	1	22	0	2	3	4.41519e-03	-6.05502e-01	1.57422e+01
110	1	23	0	2	3	3.90893e-03	-5.63722e-01	1.62805e+01
110	1	24	0	2	3	3.34712e-03	-5.33731e-01	1.55121e+01
110	1	25	0	2	3	3.39710e-03	-5.31794e-01	1.59289e+01
110	1	26	0	2	3	3.89394e-03	-5.76934e-01	1.51995e+01
110	1	27	0	2	3	5.03192e-03	-6.53025e-01	1.88321e+01
110	1	28	0	2	3	3.78652e-03	-5.74692e-01	1.62842e+01
110	1	29	0	2	3	3.18237e-03	-5.17008e-01	1.58276e+01
110	1	30	0	2	3	3.77816e-03	-5.69602e-01	1.54012e+01
110	1	31	0	2	3	3.99006e-03	-5.83347e-01	1.71874e+01
110	1	32	0	2	3	3.82279e-03	-5.77205e-01	1.68196e+01
110	1	33	0	2	3	3.11593e-03	-5.19182e-01	1.48687e+01
110	1	34	0	2	3	4.15673e-03	-5.86158e-01	1.51123e+01
110	1	35	0	2	3	4.71431e-03	-6.39451e-01	1.82067e+01
110	1	36	0	2	3	3.44811e-03	-5.36726e-01	1.54838e+01
110	1	37	0	2	3	3.70658e-03	-5.51023e-01	1.45560e+01
110	1	38	0	2	3	4.54123e-03	-6.16627e-01	1.70653e+01
110	1	39	0	2	3	3.90949e-03	-5.65018e-01	1.57809e+01
110	1	40	0	2	3	3.94835e-03	-5.70464e-01	1.49246e+01
110	1	41	0	2	3	3.87282e-03	-5.63077e-01	1.61845e+01
110	1	42	0	2	3	4.12305e-03	-5.80498e-01	1.55829e+01
110	1	43	0	2	3	3.86492e-03	-5.64718e-01	1.69932e+01
110	1	44	0	2	3	3.88970e-03	-5.74398e-01	1.51849e+01
110	1	45	0	2	3	3.65787e-03	-5.54279e-01	1.63477e+01
110	1	46	0	2	3	4.07264e-03	-5.89420e-01	1.54200e+01
110	1	47	0	2	3	4.00503e-03	-5.94827e-01	1.80070e+01
110	1	48	0	2	3	3.96167e-03	-5.74843e-01	1.58220e+01
110	1	49	0	2	3	3.71104e-03	-5.50776e-01	1.64387e+01
110	1	50	0	2	3	4.29305e-03	-6.01152e-01	1.52760e+01
110	1	51	0	2	3	4.18041e-03	-5.87374e-01	1.67441e+01
110	1	52	0	2	3	4.23219e-03	-6.04934e-01	1.56667e+01
110	1	53	0	2	3	3.48994e-03	-5.39227e-01	1.62439e+01
110	1	54	0	2	3	4.23998e-03	-6.05372e-01	1.66216e+01
110	1	55	0	2	3	4.31074e-03	-5.99634e-01	1.71267e+01
110	1	56	0	2	3	3.78386e-03	-5.78279e-01	1.52788e+01
110	1	57	0	2	3	3.97113e-03	-5.78218e-01	1.65175e+01
110	1	58	0	2	3	4.23609e-03	-6.12230e-01	1.77748e+01
110	1	59	0	2	3	4.44843e-03	-6.22476e-01	1.86257e+01
110	1	60	0	2	3	3.62996e-03	-5.59156e-01	1.56301e+01
110	1	61	0	2	3	3.96942e-03	-5.63578e-01	1.56804e+01
110	1	62	0	2	3	4.01082e-03	-5.82273e-01	1.49596e+01
110	1	63	0	2	3	4.31644e-03	-6.01566e-01	1.71897e+01
110	1	64	0	2	3	3.72874e-03	-5.68446e-01	1.61829e+01
110	1	65	0	2	3	4.23362e-03	-5.96123e-01	1.64238e+01
110	1	66	0	2	3	4.81156e-03	-6.51162e-01	1.63329e+01
110	1	67	0	2	3	4.38968e-03	-6.10270e-01	1.57838e+01
110	1	68	0	2	3	3.47619e-03	-5.38562e-01	1.39689e+01
110	1	69	0	2	3	3.87557e-03	-5.69493e-01	1.60060e+01
110	1	70	0	2	3	4.08329e-03	-5.91857e-01	1.63472e+01
110	1	71	0	2	3	4.33816e-03	-6.13509e-01	1.71054e+01
110	1	72	0	2	3	3.97757e-03	-5.77613e-01	1.55322e+01
110	1	73	0	2	3	4.18702e-03	-6.00330e-01	1.73559e+01
110	1	74	0	2	3	4.22444e-03	-5.96710e-01	1.50566e+01
110	1	75	0	2	3	4.32007e-03	-6.09605e-01	1.64273e+01
110	1	76	0	2	3	3.78610e-03	-5.65113e-01	1.51654e+01
110	1	77	0	2	3	4.24787e-03	-6.04149e-01	1.63326e+01
110	1	78	0	2	3	4.19001e-03	-5.98279e-01	1.51004e+01
110	1	79	0	2	3	4.38689e-03	-6.07527e-01	1.62115e+01
110	1	80	0	2	3	3.97693e-03	-5.76872e-01	1.52426e+01
110	1	81	0	2	3	3.72388e-03	-5.57569e-01	1.46439e+01
110	1	82	0	2	3	4.39543e-03	-6.09178e-01	1.66986e+01
110	1	83	0	2	3	4.26388e-03	-5.88870e-01	1.54660e+01
110	1	84	0	2	3	3.90449e-03	-5.62548e-01	1.44012e+01
110	1	85	0	2	3	3.68410e-03	-5.53059e-01	1.48099e+01
110	1	86	0	2	3	4.54441e-03	-6.19993e-01	1.66381e+01
110	1	87	0	2	3	4.49002e-03	-6.04582e-01	1.44286e+01
110	1	88	0	2	3	4.08601e-03	-5.89507e-01	1.59460e+01
110	1	89	0	2	3	3.68071e-03	-5.58606e-01	1.46237e+01
110	1	90	0	2	3	3.93061e-03	-5.78931e-01	1.49106e+01
110	1	91	0	2	3	4.28314e-03	-5.92058e-01	1.59555e+01
110	1	92	0	2	3	3.77589e-03	-5.58475e-01	1.48754e+01
110	1	93	0	2	3	3.95037e-03	-5.74001e-01	1.53820e+01
110	1	94	0	2	3	4.30475e-03	-6.04951e-01	1.64714e+01
110	1	95	0	2	3	3.90402e-03	-5.78266e-01	1.52301e+01
110	1	96	0	2	3	3.95465e-03	-5.75054e-01	1.48852e+01
110	1	97	0	2	3	3.90907e-03	-5.69440e-01	1.56953e+01
110	1	98	0	2	3	4.14176e-03	-6.10617e-01	1.69698e+01
110	1	99	0	2	3	3.92603e-03	-5.75126e-01	1.51888e+01
110	1	100	0	2	3	3.75245e-03	-5.49280e-01	1.48841e+01
110	1	101	0	2	3	3.56922e-03	-5.46901e-01	1.52164e+01
110	1	102	0	2	3	4.62625e-03	-6.36610e-01	1.65550e+01
110	1	103	0	2	3	4.35504e-03	-6.02357e-01	1.55150e+01
110	1	104	0	2	3	4.06059e-03	-5.85374e-01	1.56003e+01
110	1	105	0	2	3	4.03997e-03	-5.78693e-01	1.54849e+01
110	1	106	0	2	3	4.29080e-03	-6.08030e-01	1.67856e+01
110	1	107	0	2	3	4.35060e-03	-6.06734e-01	1.58229e+01
110	1	108	0	2	3	3.80693e-03	-5.69607e-01	1.61135e+01
110	1	109	0	2	3	3.74225e-03	-5.62243e-01	1.57941e+01
110	1	110	0	2	3	4.34025e-03	-6.11405e-01	1.60643e+01
110	1	111	0	2	3	4.06995e-03	-5.94851e-01	1.69709e+01
110	1	112	0	2	3	4.14268e-03	-5.92009e-01	1.55125e+01
110	1	113	0	2	3	4.84291e-03	-6.38439e-01	1.66390e+01
110	1	114	0	2	3	4.58524e-03	-6.24593e-01	1.58201e+01
110	1	115	0	2	3	4.48401e-03	-6.12483e-01	1.58616e+01
110	1	116	0	2	3	4.15751e-03	-5.96514e-01	1.58273e+01
110	1	117	0	2	3	3.35191e-03	-5.33385e-01	1.47579e+01
110	1	118	0	2	3	4.23514e-03	-5.99507e-01	1.49285e+01
110	1	119	0	2	3	4.64023e-03	-6.26686e-01	1.65552e+01
110	1	120	0	2	3	4.14582e-03	-5.92781e-01	1.54217e+01
110	1	121	0	2	3	3.92189e-03	-5.67784e-01	1.50566e+01
110	1	122	0	2	3	3.12559e-03	-5.29115e-01	1.57698e+01
110	1	123	0	2	3	4.19129e-03	-6.03928e-01	1.74083e+01
110	1	124	0	2	3	3.39526e-03	-5.39999e-01	1.42308e+01
110	1	125	0	2	3	3.23050e-03	-5.29192e-01	1.49134e+01
110	1	126	0	2	3	4.56228e-03	-6.17146e-01	1.60874e+01
110	1	127	0	2	3	3.84292e-03	-5.60896e-01	1.50211e+01
110	1	128	0	2	3	4.72338e-03	-6.65754e-01	1.79023e+01
110	1	129	0	2	3	4.48022e-03	-6.39239e-01	1.72697e+01
110	1	130	0	2	3	3.63224e-03	-5.73928e-01	1.51562e+01
110	1	131	0	2	3	2.68346e-03	-4.91746e-01	1.40105e+01
110	1	132	0	2	3	5.54635e-03	-7.20218e-01	1.90166e+01
110	1	133	0	2	3	5.00498e-03	-6.54979e-01	1.65642e+01
110	1	134	0	2	3	5.32701e-03	-7.00696e-01	1.84868e+01
110	1	135	0	2	3	3.87829e-03	-5.73746e-01	1.55556e+01
110	1	136	0	2	3	4.66969e-03	-6.63438e-01	1.83355e+01
110	1	137	0	2	3	4.56455e-03	-6.30104e-01	1.66949e+01
110	1	138	0	2	3	5.80193e-03	-7.11740e-01	1.77754e+01
110	1	139	0	2	3	4.43404e-03	-6.20212e-01	1.66219e+01
110	1	140	0	2	3	3.21978e-03	-5.38544e-01	1.48001e+01
110	1	141	0	2	3	3.98916e-03	-5.84137e-01	1.52962e+01
110	1	142	0	2	3	4.84359e-03	-6.47611e-01	1.63416e+01
110	1	143	0	2	3	4.06365e-03	-5.92596e-01	1.63007e+01
110	1	144	0	2	3	7.47258e-04	-3.67750e-01	1.30428e+01
110	1	145	0	2	3	5.15464e-03	-6.57746e-01	1.68382e+01
110	1	146	0	2	3	3.96233e-03	-6.05112e-01	1.62749e+01
110	1	147	0	2	3	4.69258e-03	-6.37876e-01	1.58337e+01
110	1	148	0	2	3	3.12176e-03	-5.38738e-01	1.45388e+01
110	1	149	0	2	3	4.58304e-03	-6.20599e-01	1.66882e+01
110	1	150	0	2	3	4.00433e-04	-3.37513e-01	1.18896e+01
110	1	151	0	2	3	4.01467e-03	-5.92982e-01	1.57998e+01
110	1	152	0	2	3	6.86909e-04	-3.46340e-01	1.22691e+01
110	1	153	0	2	3	-1.53215e-03	-1.79292e-01	9.21392e+00
110	1	154	0	2	3	4.14263e-03	-5.83243e-01	1.56257e+01
110	1	155	0	2	3	4.41175e-03	-6.29531e-01	1.56035e+01
110	1	156	0	2	3	2.69362e-03	-5.00973e-01	1.45598e+01
110	1	157	0	2	3	9.30606e-04	-3.64328e-01	1.25774e+01
110	1	158	0	2	3	3.67892e-03	-5.73719e-01	1.62965e+01
110	1	159	0	2	3	5.27395e-03	-6.52065e-01	1.72789e+01
