##
#  file: HodoPHCParam_Dummy
#  date: 2016.06.15
#  note: first version
#
#
#######################################################################
# CId	PlId	Seg	UorD	Type	nParam	p0	p1	...
#
#	Type=0 no correction will be performed
#	Type=1 ct=t-p[0]/sqrt(a-p[1])+p[2]
#	Type=2 ct=p[0]*a*a + p[1]*a + p[2] for Fiber
#
#######################################################################
# BH1 Up                                                              #
#######################################################################
1	0	0	0	1	3	5.08705e+00	-1.98362e+00	2.93454e+00
1	0	1	0	1	3	6.69706e-01	2.91546e-01	8.10244e-01
1	0	2	0	1	3	5.01779e-01	3.94271e-01	6.64278e-01
1	0	3	0	1	3	7.45330e-01	1.66754e-01	8.56036e-01
1	0	4	0	1	3	8.52890e-01	8.60054e-02	9.27134e-01
1	0	5	0	1	3	1.69981e+00	-1.50393e-01	1.62794e+00
1	0	6	0	1	3	1.58582e+00	-2.35346e-01	1.46587e+00
1	0	7	0	1	3	1.61970e+00	-1.46184e-01	1.54504e+00
1	0	8	0	1	3	1.37546e+00	-2.52696e-01	1.28233e+00
1	0	9	0	1	3	1.74814e+00	-2.76223e-01	1.64100e+00
1	0	10	0	1	3	1.60339e+01	-4.62629e+00	6.81205e+00
#######################################################################
# BH1 Down                                                            #
#######################################################################
1	0	0	1	1	3	1.33519e+00	-9.13138e-02	1.27257e+00
1	0	1	1	1	3	6.24909e-01	2.88647e-01	7.65429e-01
1	0	2	1	1	3	6.68954e-01	2.21542e-01	7.45264e-01
1	0	3	1	1	3	1.32364e+00	-4.57464e-01	1.08318e+00
1	0	4	1	1	3	1.18002e+00	-7.91080e-02	1.17008e+00
1	0	5	1	1	3	2.07299e+00	-4.79828e-01	1.70935e+00
1	0	6	1	1	3	1.96000e+00	-5.20196e-01	1.63958e+00
1	0	7	1	1	3	1.89852e+00	-4.50289e-01	1.60743e+00
1	0	8	1	1	3	1.02469e+00	-6.73213e-02	1.04734e+00
1	0	9	1	1	3	1.64894e+00	-1.85977e-01	1.61292e+00
1	0	10	1	1	3	7.15603e-01	2.22738e-01	8.54972e-01
#######################################################################
# BH2 Up                                                              #
#######################################################################
2	0	0	0	1	3	1.43047e-01	2.98695e-01	2.00085e-01
2	0	1	0	1	3	8.79554e-01	-2.31747e-01	7.85839e-01
2	0	2	0	1	3	5.94572e-01	-4.97541e-01	4.68956e-01
2	0	3	0	1	3	1.91725e-01	3.94747e-02	1.91115e-01
2	0	4	0	1	3	3.31184e-01	-9.38469e-02	3.15823e-01
2	0	5	0	1	3	1.99769e-01	2.70254e-01	2.37321e-01
2	0	6	0	1	3	2.58948e-01	2.41832e-01	3.10133e-01
2	0	7	0	1	3	3.50426e-01	8.80094e-02	3.70898e-01
#######################################################################
# BH2 Down                                                            #
#######################################################################
2	0	0	1	1	3	3.94607e-01	-1.85207e-01	3.84440e-01
2	0	1	1	1	3	9.92155e-01	-3.85817e-01	8.32122e-01
2	0	2	1	1	3	4.10986e-01	-9.27803e-02	3.90143e-01
2	0	3	1	1	3	1.76416e-01	4.84160e-02	1.75490e-01
2	0	4	1	1	3	2.42956e-01	1.23979e-01	2.64593e-01
2	0	5	1	1	3	3.57967e-01	4.32013e-02	3.63973e-01
2	0	6	1	1	3	1.22093e+00	-6.67168e-01	9.30075e-01
2	0	7	1	1	3	2.92156e-01	-4.36810e-03	2.98702e-01
#######################################################################
# BAC                                                                 #
#######################################################################
3	0	0	0	1	3	0.00000e+00	0.00000e+00	0.00000e+00
3	0	1	0	1	3	0.00000e+00	0.00000e+00	0.00000e+00
#######################################################################
# FBH Up                                                              #
#######################################################################
4	0	0	0	2	3	-5.62952e-03	8.96903e-01	-3.53273e+01
4	0	1	0	2	3	-4.29399e-03	7.37975e-01	-3.00049e+01
4	0	2	0	2	3	-5.26894e-03	8.67305e-01	-3.38992e+01
4	0	3	0	2	3	-3.80183e-03	6.69237e-01	-2.72260e+01
4	0	4	0	2	3	-4.35014e-03	7.35785e-01	-2.92008e+01
4	0	5	0	2	3	-4.02541e-03	6.86907e-01	-2.70312e+01
4	0	6	0	2	3	-4.16660e-03	7.08229e-01	-2.81512e+01
4	0	7	0	2	3	-3.93117e-03	6.84759e-01	-2.69101e+01
4	0	8	0	2	3	-4.14423e-03	6.96902e-01	-2.65883e+01
4	0	9	0	2	3	-2.83372e-03	5.62925e-01	-2.20787e+01
4	0	10	0	2	3	-4.07944e-03	7.09420e-01	-2.75603e+01
4	0	11	0	2	3	-3.50961e-03	6.50113e-01	-2.64167e+01
4	0	12	0	2	3	-3.52415e-03	6.49734e-01	-2.67232e+01
4	0	13	0	2	3	-4.13420e-03	7.26957e-01	-2.99675e+01
4	0	14	0	2	3	-4.90315e-03	8.27563e-01	-3.35630e+01
4	0	15	0	2	3	-4.73048e-03	8.13189e-01	-3.31901e+01
#######################################################################
# FBH Down                                                            #
#######################################################################
4	0	0	1	2	3	-5.62952e-03	8.96903e-01	-3.53273e+01
4	0	1	1	2	3	-4.29399e-03	7.37975e-01	-3.00049e+01
4	0	2	1	2	3	-5.26894e-03	8.67305e-01	-3.38992e+01
4	0	3	1	2	3	-3.80183e-03	6.69237e-01	-2.72260e+01
4	0	4	1	2	3	-4.35014e-03	7.35785e-01	-2.92008e+01
4	0	5	1	2	3	-4.02541e-03	6.86907e-01	-2.70312e+01
4	0	6	1	2	3	-4.16660e-03	7.08229e-01	-2.81512e+01
4	0	7	1	2	3	-3.93117e-03	6.84759e-01	-2.69101e+01
4	0	8	1	2	3	-4.14423e-03	6.96902e-01	-2.65883e+01
4	0	9	1	2	3	-2.83372e-03	5.62925e-01	-2.20787e+01
4	0	10	1	2	3	-4.07944e-03	7.09420e-01	-2.75603e+01
4	0	11	1	2	3	-3.50961e-03	6.50113e-01	-2.64167e+01
4	0	12	1	2	3	-3.52415e-03	6.49734e-01	-2.67232e+01
4	0	13	1	2	3	-4.13420e-03	7.26957e-01	-2.99675e+01
4	0	14	1	2	3	-4.90315e-03	8.27563e-01	-3.35630e+01
4	0	15	1	2	3	-4.73048e-03	8.13189e-01	-3.31901e+01
#######################################################################
# PVAC                                                                #
#######################################################################
5	0	0	0	1	3	0.00000e+00	0.00000e+00	0.00000e+00
#######################################################################
# FAC                                                                 #
#######################################################################
6	0	0	0	1	3	0.00000e+00	0.00000e+00	0.00000e+00
#######################################################################
# SCH                                                                 #
#######################################################################
#7	0	0	0	2	3	-0.00500000	0.821213	-32.185321
#7	0	1	0	2	3	-0.00500000	0.830248	-32.269563
#7	0	2	0	2	3	-0.00500000	0.793073	-29.315934
#7	0	3	0	2	3	-0.00500000	0.772144	-28.276705
#7	0	4	0	2	3	-0.00500000	0.801968	-30.687167
#7	0	5	0	2	3	-0.00500000	0.778300	-28.439251
#7	0	6	0	2	3	-0.00500000	0.765872	-27.918181
#7	0	7	0	2	3	-0.00500000	0.738459	-26.016797
#7	0	8	0	2	3	-0.00500000	0.778318	-28.676371
#7	0	9	0	2	3	-0.00500000	0.776670	-28.892887
#7	0	10	0	2	3	-0.00500000	0.764278	-28.122474
#7	0	11	0	2	3	-0.00500000	0.790742	-29.423647
#7	0	12	0	2	3	-0.00500000	0.811330	-30.487019
#7	0	13	0	2	3	-0.00500000	0.818750	-30.891512
#7	0	14	0	2	3	-0.00500000	0.802541	-30.009136
#7	0	15	0	2	3	-0.00500000	0.809525	-30.751746
#7	0	16	0	2	3	-0.00500000	0.802597	-30.845509
#7	0	17	0	2	3	-0.00500000	0.835028	-32.780792
#7	0	18	0	2	3	-0.00500000	0.859176	-33.938731
#7	0	19	0	2	3	-0.00500000	0.814851	-31.445396
#7	0	20	0	2	3	-0.00500000	0.809426	-30.781087
#7	0	21	0	2	3	-0.00500000	0.780678	-28.888756
#7	0	22	0	2	3	-0.00500000	0.808206	-30.719604
#7	0	23	0	2	3	-0.00500000	0.774024	-27.858339
#7	0	24	0	2	3	-0.00500000	0.794308	-29.022101
#7	0	25	0	2	3	-0.00500000	0.775649	-27.980186
#7	0	26	0	2	3	-0.00500000	0.788483	-28.687567
#7	0	27	0	2	3	-0.00466315	0.771386	-29.253260
#7	0	28	0	2	3	-0.00483132	0.790854	-28.637741
#7	0	29	0	2	3	-0.00497049	0.812994	-30.786914
#7	0	30	0	2	3	-0.00500000	0.787793	-28.362716
#7	0	31	0	2	3	-0.00500000	0.790759	-28.876812
#7	0	32	0	2	3	-0.00500000	0.824826	-31.655285
#7	0	33	0	2	3	-0.00500000	0.845304	-33.407765
#7	0	34	0	2	3	-0.00500000	0.832263	-32.939799
#7	0	35	0	2	3	-0.00500000	0.820631	-31.695372
#7	0	36	0	2	3	-0.00500000	0.836997	-33.200590
#7	0	37	0	2	3	-0.00500000	0.819690	-32.097193
#7	0	38	0	2	3	-0.00500000	0.808109	-31.263214
#7	0	39	0	2	3	-0.00500000	0.815224	-31.135523
#7	0	40	0	2	3	-0.00500000	0.803398	-29.897923
#7	0	41	0	2	3	-0.00500000	0.815685	-31.165519
#7	0	42	0	2	3	-0.00500000	0.812980	-30.737261
#7	0	43	0	2	3	-0.00500000	0.829418	-32.693307
#7	0	44	0	2	3	-0.00500000	0.789530	-29.464920
#7	0	45	0	2	3	-0.00500000	0.804789	-31.208151
#7	0	46	0	2	3	-0.00500000	0.830106	-32.806514
#7	0	47	0	2	3	-0.00500000	0.819206	-31.373242
#7	0	48	0	2	3	-0.00500000	0.816165	-31.709319
#7	0	49	0	2	3	-0.00500000	0.798496	-30.201709
#7	0	50	0	2	3	-0.00500000	0.812167	-31.795745
#7	0	51	0	2	3	-0.00500000	0.810749	-31.375226
#7	0	52	0	2	3	-0.00500000	0.803385	-31.372512
#7	0	53	0	2	3	-0.00500000	0.777405	-29.262831
#7	0	54	0	2	3	-0.00500000	0.783954	-29.763410
#7	0	55	0	2	3	-0.00500000	0.789443	-29.976449
#7	0	56	0	2	3	-0.00500000	0.838828	-33.261086
#7	0	57	0	2	3	-0.00500000	0.804421	-30.573195
#7	0	58	0	2	3	-0.00500000	0.773283	-29.111048
#7	0	59	0	2	3	-0.00500000	0.811789	-31.449459
#7	0	60	0	2	3	-0.00500000	0.759724	-28.110014
#7	0	61	0	2	3	-0.00500000	0.810884	-31.379063
#7	0	62	0	2	3	-0.00500000	0.771910	-28.435006
#7	0	63	0	2	3	-0.00500000	0.796658	-30.511906
#######################################################################
# TOF Up                                                              #
#######################################################################
7	0	0	0	1	3	5.24830e+00	-1.96630e+00	2.96170e+00
7	0	1	0	1	3	5.24830e+00	-1.96630e+00	2.96170e+00
7	0	2	0	1	3	5.24830e+00	-1.96630e+00	2.96170e+00
7	0	3	0	1	3	5.24830e+00	-1.96630e+00	2.96170e+00
7	0	4	0	1	3	5.24830e+00	-1.96630e+00	2.96170e+00
7	0	5	0	1	3	5.24830e+00	-1.96630e+00	2.96170e+00
7	0	6	0	1	3	6.97090e+00	-3.03520e+00	3.39910e+00
7	0	7	0	1	3	4.05450e+00	-1.96150e+00	2.30360e+00
7	0	8	0	1	3	1.16940e+02	-2.98600e+01	2.09880e+01
7	0	9	0	1	3	5.24830e+00	-1.96630e+00	2.96170e+00
7	0	10	0	1	3	5.24830e+00	-1.96630e+00	2.96170e+00
7	0	11	0	1	3	5.24830e+00	-1.96630e+00	2.96170e+00
7	0	12	0	1	3	5.24830e+00	-1.96630e+00	2.96170e+00
7	0	13	0	1	3	5.24830e+00	-1.96630e+00	2.96170e+00
7	0	14	0	1	3	5.24830e+00	-1.96630e+00	2.96170e+00
7	0	15	0	1	3	5.24830e+00	-1.96630e+00	2.96170e+00
7	0	16	0	1	3	5.24830e+00	-1.96630e+00	2.96170e+00
7	0	17	0	1	3	5.24830e+00	-1.96630e+00	2.96170e+00
7	0	18	0	1	3	5.24830e+00	-1.96630e+00	2.96170e+00
7	0	19	0	1	3	7.11491e-01	1.85180e-03	5.82402e-01
7	0	20	0	1	3	5.59404e-01	-1.73810e-03	4.50716e-01
7	0	21	0	1	3	8.92499e-01	1.99900e-03	7.37364e-01
7	0	22	0	1	3	6.37553e-01	1.99960e-03	5.45449e-01
7	0	23	0	1	3	1.19210e+00	1.98920e-03	9.99994e-01
#######################################################################
# TOF Down                                                            #
#######################################################################
7	0	0	1	1	3	5.84300e+00	-2.30730e+00	3.11320e+00
7	0	1	1	1	3	5.84300e+00	-2.30730e+00	3.11320e+00
7	0	2	1	1	3	5.84300e+00	-2.30730e+00	3.11320e+00
7	0	3	1	1	3	5.84300e+00	-2.30730e+00	3.11320e+00
7	0	4	1	1	3	5.84300e+00	-2.30730e+00	3.11320e+00
7	0	5	1	1	3	5.84300e+00	-2.30730e+00	3.11320e+00
7	0	6	1	1	3	1.41330e+01	-5.81170e+00	5.32680e+00
7	0	7	1	1	3	7.84850e+01	-2.02870e+01	1.69500e+01
7	0	8	1	1	3	2.20240e+02	-3.62440e+01	3.60080e+01
7	0	9	1	1	3	5.84300e+00	-2.30730e+00	3.11320e+00
7	0	10	1	1	3	5.84300e+00	-2.30730e+00	3.11320e+00
7	0	11	1	1	3	5.84300e+00	-2.30730e+00	3.11320e+00
7	0	12	1	1	3	5.84300e+00	-2.30730e+00	3.11320e+00
7	0	13	1	1	3	5.84300e+00	-2.30730e+00	3.11320e+00
7	0	14	1	1	3	5.84300e+00	-2.30730e+00	3.11320e+00
7	0	15	1	1	3	5.84300e+00	-2.30730e+00	3.11320e+00
7	0	16	1	1	3	5.84300e+00	-2.30730e+00	3.11320e+00
7	0	17	1	1	3	5.84300e+00	-2.30730e+00	3.11320e+00
7	0	18	1	1	3	5.84300e+00	-2.30730e+00	3.11320e+00
7	0	19	1	1	3	6.18741e-01	1.99860e-03	4.90831e-01
7	0	20	1	1	3	5.75901e-01	1.04210e-03	4.72509e-01
7	0	21	1	1	3	9.41046e-01	1.99890e-03	7.79357e-01
7	0	22	1	1	3	4.84266e-01	-1.95590e-03	3.99786e-01
7	0	23	1	1	3	8.97714e-01	1.99860e-03	7.56300e-01
#######################################################################
# BFT U                                                               #
#######################################################################
110	0	0	0	2	3	9.20629e-04	-3.75119e-01	1.20340e+01
110	0	1	0	2	3	-5.18717e-04	-2.14069e-01	8.18722e+00
110	0	2	0	2	3	4.37703e-03	-6.00874e-01	1.54256e+01
110	0	3	0	2	3	4.17907e-03	-5.86138e-01	1.42655e+01
110	0	4	0	2	3	3.65469e-03	-5.44936e-01	1.47702e+01
110	0	5	0	2	3	4.43161e-03	-5.94567e-01	1.59733e+01
110	0	6	0	2	3	3.82831e-03	-5.66756e-01	1.45727e+01
110	0	7	0	2	3	5.40846e-03	-6.58587e-01	1.66362e+01
110	0	8	0	2	3	3.68351e-03	-5.53429e-01	1.45153e+01
110	0	9	0	2	3	3.16257e-03	-5.06936e-01	1.50013e+01
110	0	10	0	2	3	3.83902e-03	-5.62650e-01	1.38301e+01
110	0	11	0	2	3	3.28677e-03	-5.14810e-01	1.51658e+01
110	0	12	0	2	3	3.75514e-03	-5.55723e-01	1.40034e+01
110	0	13	0	2	3	3.94496e-03	-5.64412e-01	1.60065e+01
110	0	14	0	2	3	4.10412e-03	-5.72695e-01	1.39996e+01
110	0	15	0	2	3	3.51946e-03	-5.37406e-01	1.56269e+01
110	0	16	0	2	3	4.13671e-03	-5.80746e-01	1.41820e+01
110	0	17	0	2	3	3.90640e-03	-5.59609e-01	1.54904e+01
110	0	18	0	2	3	3.75722e-03	-5.63130e-01	1.39716e+01
110	0	19	0	2	3	4.94645e-03	-6.40964e-01	1.50663e+01
110	0	20	0	2	3	4.21063e-03	-5.82605e-01	1.46490e+01
110	0	21	0	2	3	2.97751e-03	-4.90784e-01	1.55707e+01
110	0	22	0	2	3	4.59887e-03	-6.16525e-01	1.51974e+01
110	0	23	0	2	3	3.31735e-03	-5.12360e-01	1.46630e+01
110	0	24	0	2	3	3.62874e-03	-5.44730e-01	1.43608e+01
110	0	25	0	2	3	3.52912e-03	-5.27029e-01	1.54450e+01
110	0	26	0	2	3	4.46223e-03	-6.13945e-01	1.63358e+01
110	0	27	0	2	3	4.52111e-03	-5.91714e-01	1.58363e+01
110	0	28	0	2	3	2.93248e-03	-5.00443e-01	1.18191e+01
110	0	29	0	2	3	3.52687e-03	-5.24517e-01	1.43133e+01
110	0	30	0	2	3	4.02052e-03	-5.77362e-01	1.44144e+01
110	0	31	0	2	3	4.50623e-03	-6.01481e-01	1.62166e+01
110	0	32	0	2	3	4.39422e-03	-6.08939e-01	1.53538e+01
110	0	33	0	2	3	4.81507e-03	-6.01548e-01	1.43629e+01
110	0	34	0	2	3	4.26967e-03	-5.91022e-01	1.46401e+01
110	0	35	0	2	3	4.53156e-03	-6.13705e-01	1.65499e+01
110	0	36	0	2	3	3.59641e-03	-5.37417e-01	1.35733e+01
110	0	37	0	2	3	4.58108e-03	-6.16720e-01	1.75627e+01
110	0	38	0	2	3	4.22620e-03	-5.82567e-01	1.38636e+01
110	0	39	0	2	3	4.40685e-03	-5.97690e-01	1.58886e+01
110	0	40	0	2	3	4.23261e-03	-5.76535e-01	1.40365e+01
110	0	41	0	2	3	3.78891e-03	-5.49053e-01	1.60531e+01
110	0	42	0	2	3	4.25289e-03	-5.84534e-01	1.48442e+01
110	0	43	0	2	3	4.90915e-03	-6.42340e-01	1.74325e+01
110	0	44	0	2	3	4.03725e-03	-5.75840e-01	1.43536e+01
110	0	45	0	2	3	4.23465e-03	-5.77045e-01	1.60380e+01
110	0	46	0	2	3	4.23411e-03	-5.99315e-01	1.50221e+01
110	0	47	0	2	3	4.59634e-03	-6.18358e-01	1.80139e+01
110	0	48	0	2	3	3.80899e-03	-5.55108e-01	1.29172e+01
110	0	49	0	2	3	4.20333e-03	-5.79792e-01	1.66023e+01
110	0	50	0	2	3	4.64660e-03	-6.16612e-01	1.53948e+01
110	0	51	0	2	3	4.39012e-03	-5.92490e-01	1.56849e+01
110	0	52	0	2	3	3.68153e-03	-5.44318e-01	1.32851e+01
110	0	53	0	2	3	4.45584e-03	-5.93446e-01	1.55518e+01
110	0	54	0	2	3	4.13384e-03	-5.83578e-01	1.44939e+01
110	0	55	0	2	3	4.43750e-03	-6.03383e-01	1.69152e+01
110	0	56	0	2	3	3.94543e-03	-5.78004e-01	1.53853e+01
110	0	57	0	2	3	4.53787e-03	-6.05556e-01	1.65285e+01
110	0	58	0	2	3	4.25708e-03	-5.94893e-01	1.57739e+01
110	0	59	0	2	3	4.38542e-03	-6.10539e-01	1.70091e+01
110	0	60	0	2	3	3.97531e-03	-5.76706e-01	1.40299e+01
110	0	61	0	2	3	3.73564e-03	-5.47812e-01	1.52071e+01
110	0	62	0	2	3	4.63594e-03	-6.19005e-01	1.49926e+01
110	0	63	0	2	3	4.49405e-03	-6.04035e-01	1.50969e+01
110	0	64	0	2	3	3.94927e-03	-5.74068e-01	1.45952e+01
110	0	65	0	2	3	3.78339e-03	-5.56895e-01	1.53781e+01
110	0	66	0	2	3	4.75079e-03	-6.42657e-01	1.70822e+01
110	0	67	0	2	3	3.81751e-03	-5.60941e-01	1.56281e+01
110	0	68	0	2	3	3.98925e-03	-5.87819e-01	1.54427e+01
110	0	69	0	2	3	4.01726e-03	-5.68644e-01	1.50592e+01
110	0	70	0	2	3	4.44196e-03	-6.24335e-01	1.50553e+01
110	0	71	0	2	3	4.47544e-03	-6.08778e-01	1.62109e+01
110	0	72	0	2	3	3.72146e-03	-5.64750e-01	1.38291e+01
110	0	73	0	2	3	4.22674e-03	-5.93143e-01	1.53718e+01
110	0	74	0	2	3	4.58976e-03	-6.31114e-01	1.60639e+01
110	0	75	0	2	3	4.64944e-03	-6.17874e-01	1.60072e+01
110	0	76	0	2	3	3.70058e-03	-5.54047e-01	1.36421e+01
110	0	77	0	2	3	4.04415e-03	-5.73799e-01	1.55281e+01
110	0	78	0	2	3	4.39746e-03	-6.14841e-01	1.50885e+01
110	0	79	0	2	3	4.73150e-03	-6.24037e-01	1.60633e+01
110	0	80	0	2	3	3.98847e-03	-5.77309e-01	1.51300e+01
110	0	81	0	2	3	4.17172e-03	-5.77094e-01	1.52404e+01
110	0	82	0	2	3	4.49934e-03	-6.12400e-01	1.52892e+01
110	0	83	0	2	3	4.73139e-03	-6.23867e-01	1.59093e+01
110	0	84	0	2	3	3.88740e-03	-5.66736e-01	1.43396e+01
110	0	85	0	2	3	3.74532e-03	-5.51250e-01	1.51404e+01
110	0	86	0	2	3	4.33260e-03	-6.14002e-01	1.51012e+01
110	0	87	0	2	3	4.83969e-03	-6.41347e-01	1.70631e+01
110	0	88	0	2	3	3.60202e-03	-5.41144e-01	1.42274e+01
110	0	89	0	2	3	4.18291e-03	-5.83965e-01	1.52693e+01
110	0	90	0	2	3	4.33216e-03	-6.04291e-01	1.45801e+01
110	0	91	0	2	3	4.69120e-03	-6.31820e-01	1.57910e+01
110	0	92	0	2	3	4.06553e-03	-5.93174e-01	1.52558e+01
110	0	93	0	2	3	4.05554e-03	-5.74680e-01	1.48753e+01
110	0	94	0	2	3	4.23812e-03	-6.17083e-01	1.67571e+01
110	0	95	0	2	3	4.56623e-03	-6.16869e-01	1.62626e+01
110	0	96	0	2	3	4.08370e-03	-5.94361e-01	1.49415e+01
110	0	97	0	2	3	4.24829e-03	-5.90111e-01	1.59330e+01
110	0	98	0	2	3	4.08192e-03	-6.01215e-01	1.51170e+01
110	0	99	0	2	3	4.85838e-03	-6.31287e-01	1.63036e+01
110	0	100	0	2	3	4.16618e-03	-5.91772e-01	1.53241e+01
110	0	101	0	2	3	3.95089e-03	-5.70663e-01	1.55303e+01
110	0	102	0	2	3	4.57150e-03	-6.27809e-01	1.62909e+01
110	0	103	0	2	3	4.67691e-03	-6.29526e-01	1.61989e+01
110	0	104	0	2	3	4.23557e-03	-5.97462e-01	1.45478e+01
110	0	105	0	2	3	4.44924e-03	-6.03960e-01	1.55241e+01
110	0	106	0	2	3	4.85694e-03	-6.46993e-01	1.65652e+01
110	0	107	0	2	3	4.51244e-03	-6.08484e-01	1.51055e+01
110	0	108	0	2	3	3.65890e-03	-5.59862e-01	1.47669e+01
110	0	109	0	2	3	4.08971e-03	-5.83017e-01	1.51016e+01
110	0	110	0	2	3	4.02539e-03	-5.88407e-01	1.53093e+01
110	0	111	0	2	3	4.70229e-03	-6.36824e-01	1.62715e+01
110	0	112	0	2	3	4.22777e-03	-5.91647e-01	1.40158e+01
110	0	113	0	2	3	4.43686e-03	-5.99476e-01	1.52515e+01
110	0	114	0	2	3	4.73855e-03	-6.38985e-01	1.63114e+01
110	0	115	0	2	3	4.47882e-03	-6.08290e-01	1.54948e+01
110	0	116	0	2	3	3.81188e-03	-5.70246e-01	1.45513e+01
110	0	117	0	2	3	4.54090e-03	-6.14704e-01	1.66206e+01
110	0	118	0	2	3	5.07068e-03	-6.64604e-01	1.69267e+01
110	0	119	0	2	3	4.49092e-03	-6.02935e-01	1.44616e+01
110	0	120	0	2	3	3.85815e-03	-5.82951e-01	1.50435e+01
110	0	121	0	2	3	3.73057e-03	-5.56801e-01	1.33013e+01
110	0	122	0	2	3	4.58481e-03	-6.29378e-01	1.69094e+01
110	0	123	0	2	3	3.29766e-03	-5.23308e-01	1.42821e+01
110	0	124	0	2	3	4.21828e-03	-5.97343e-01	1.56935e+01
110	0	125	0	2	3	3.90931e-03	-5.46360e-01	1.22219e+01
110	0	126	0	2	3	4.87004e-03	-6.35287e-01	1.55867e+01
110	0	127	0	2	3	4.28978e-03	-5.92968e-01	1.51931e+01
110	0	128	0	2	3	3.77794e-03	-5.91804e-01	1.61835e+01
110	0	129	0	2	3	4.18905e-03	-6.13263e-01	1.62044e+01
110	0	130	0	2	3	4.18943e-03	-6.21012e-01	1.67537e+01
110	0	131	0	2	3	3.60482e-03	-5.45122e-01	1.47190e+01
110	0	132	0	2	3	3.45870e-03	-5.63600e-01	1.60492e+01
110	0	133	0	2	3	2.58422e-03	-4.83550e-01	1.39721e+01
110	0	134	0	2	3	3.79693e-03	-5.86313e-01	1.58852e+01
110	0	135	0	2	3	4.03239e-03	-5.77046e-01	1.46322e+01
110	0	136	0	2	3	4.88889e-03	-6.43511e-01	1.58952e+01
110	0	137	0	2	3	4.18921e-03	-6.18192e-01	1.69897e+01
110	0	138	0	2	3	4.18624e-03	-6.18790e-01	1.67964e+01
110	0	139	0	2	3	3.90195e-03	-5.76458e-01	1.43208e+01
110	0	140	0	2	3	4.35787e-03	-6.25358e-01	1.70754e+01
110	0	141	0	2	3	3.39642e-03	-5.45070e-01	1.42000e+01
110	0	142	0	2	3	1.77482e-03	-4.19167e-01	1.24229e+01
110	0	143	0	2	3	2.59256e-03	-4.83251e-01	1.32995e+01
110	0	144	0	2	3	4.27269e-03	-6.06154e-01	1.50761e+01
110	0	145	0	2	3	6.52114e-03	-7.51853e-01	1.73222e+01
110	0	146	0	2	3	4.18459e-03	-5.84633e-01	1.52388e+01
110	0	147	0	2	3	3.41268e-03	-5.40979e-01	1.50512e+01
110	0	148	0	2	3	5.89033e-03	-7.23575e-01	1.74645e+01
110	0	149	0	2	3	5.88241e-03	-7.16640e-01	1.79823e+01
110	0	150	0	2	3	4.58619e-03	-6.40774e-01	1.70427e+01
110	0	151	0	2	3	-2.79221e-03	-8.39569e-02	6.50481e+00
110	0	152	0	2	3	-3.67140e-04	-2.65561e-01	1.03450e+01
110	0	153	0	2	3	2.41981e-03	-4.88410e-01	1.43854e+01
110	0	154	0	2	3	4.27102e-03	-6.06859e-01	1.55958e+01
110	0	155	0	2	3	1.19807e-03	-3.87989e-01	1.06815e+01
110	0	156	0	2	3	-8.62491e-03	3.31607e-01	-5.45749e-01
110	0	157	0	2	3	4.75223e-04	-3.18334e-01	1.09452e+01
110	0	158	0	2	3	2.39127e-03	-4.96099e-01	1.42168e+01
110	0	159	0	2	3	-4.04338e-03	-1.12497e-02	5.40009e+00
#######################################################################
# BFT D                                                               #
#######################################################################
110	1	0	0	2	3	-2.77426e-03	-7.22021e-02	7.43055e+00
110	1	1	0	2	3	-1.30977e-03	-1.82605e-01	9.10616e+00
110	1	2	0	2	3	3.21611e-03	-5.31879e-01	1.52687e+01
110	1	3	0	2	3	2.55243e-03	-4.69536e-01	1.47999e+01
110	1	4	0	2	3	3.11977e-03	-5.18196e-01	1.48540e+01
110	1	5	0	2	3	3.25585e-03	-5.21026e-01	1.58111e+01
110	1	6	0	2	3	4.25504e-03	-5.97499e-01	1.50536e+01
110	1	7	0	2	3	3.46799e-03	-5.26811e-01	1.51952e+01
110	1	8	0	2	3	3.81448e-03	-5.68806e-01	1.60469e+01
110	1	9	0	2	3	2.64722e-03	-4.88177e-01	1.63157e+01
110	1	10	0	2	3	3.80035e-03	-5.67860e-01	1.58051e+01
110	1	11	0	2	3	4.67887e-03	-6.27821e-01	1.70667e+01
110	1	12	0	2	3	3.07844e-03	-5.18059e-01	1.42892e+01
110	1	13	0	2	3	3.58510e-03	-5.48416e-01	1.63701e+01
110	1	14	0	2	3	3.67919e-03	-5.70752e-01	1.51467e+01
110	1	15	0	2	3	3.69227e-03	-5.55969e-01	1.64205e+01
110	1	16	0	2	3	3.97845e-03	-5.80538e-01	1.54134e+01
110	1	17	0	2	3	3.84596e-03	-5.64414e-01	1.57896e+01
110	1	18	0	2	3	3.50321e-03	-5.49076e-01	1.43213e+01
110	1	19	0	2	3	4.00877e-03	-5.77852e-01	1.64171e+01
110	1	20	0	2	3	3.80293e-03	-5.75607e-01	1.58166e+01
110	1	21	0	2	3	1.21313e-03	-3.72009e-01	1.36166e+01
110	1	22	0	2	3	3.72608e-03	-5.58230e-01	1.49450e+01
110	1	23	0	2	3	3.71401e-03	-5.54708e-01	1.62283e+01
110	1	24	0	2	3	4.06260e-03	-5.91510e-01	1.66548e+01
110	1	25	0	2	3	4.02466e-03	-5.80237e-01	1.68378e+01
110	1	26	0	2	3	4.10444e-03	-5.92840e-01	1.54838e+01
110	1	27	0	2	3	4.16701e-03	-5.81798e-01	1.73906e+01
110	1	28	0	2	3	3.40921e-03	-5.45036e-01	1.56826e+01
110	1	29	0	2	3	3.77134e-03	-5.56706e-01	1.64596e+01
110	1	30	0	2	3	3.81055e-03	-5.68655e-01	1.53083e+01
110	1	31	0	2	3	4.17817e-03	-5.98370e-01	1.74926e+01
110	1	32	0	2	3	3.34041e-03	-5.35792e-01	1.59424e+01
110	1	33	0	2	3	3.50855e-03	-5.47983e-01	1.53689e+01
110	1	34	0	2	3	3.98052e-03	-5.75576e-01	1.49495e+01
110	1	35	0	2	3	4.62798e-03	-6.39509e-01	1.83341e+01
110	1	36	0	2	3	3.76676e-03	-5.57651e-01	1.58134e+01
110	1	37	0	2	3	3.52571e-03	-5.39858e-01	1.43794e+01
110	1	38	0	2	3	4.30816e-03	-6.01097e-01	1.68079e+01
110	1	39	0	2	3	4.32698e-03	-5.96551e-01	1.63721e+01
110	1	40	0	2	3	3.79326e-03	-5.58590e-01	1.46706e+01
110	1	41	0	2	3	3.71420e-03	-5.55147e-01	1.61049e+01
110	1	42	0	2	3	3.88379e-03	-5.64994e-01	1.53508e+01
110	1	43	0	2	3	4.10013e-03	-5.81904e-01	1.72986e+01
110	1	44	0	2	3	3.68232e-03	-5.58670e-01	1.48802e+01
110	1	45	0	2	3	3.46008e-03	-5.38467e-01	1.60356e+01
110	1	46	0	2	3	4.33991e-03	-6.07176e-01	1.57187e+01
110	1	47	0	2	3	4.40576e-03	-6.24057e-01	1.85093e+01
110	1	48	0	2	3	3.74973e-03	-5.57943e-01	1.54898e+01
110	1	49	0	2	3	3.84867e-03	-5.59663e-01	1.65742e+01
110	1	50	0	2	3	4.19530e-03	-5.94932e-01	1.51771e+01
110	1	51	0	2	3	4.22570e-03	-5.92825e-01	1.68755e+01
110	1	52	0	2	3	4.14476e-03	-5.99830e-01	1.55842e+01
110	1	53	0	2	3	3.55248e-03	-5.42603e-01	1.62642e+01
110	1	54	0	2	3	4.40851e-03	-6.17601e-01	1.68288e+01
110	1	55	0	2	3	4.21837e-03	-5.91295e-01	1.69314e+01
110	1	56	0	2	3	4.01151e-03	-5.94168e-01	1.55430e+01
110	1	57	0	2	3	4.16846e-03	-5.90213e-01	1.66809e+01
110	1	58	0	2	3	4.33621e-03	-6.19496e-01	1.78992e+01
110	1	59	0	2	3	4.62808e-03	-6.33860e-01	1.87775e+01
110	1	60	0	2	3	4.00786e-03	-5.85768e-01	1.60805e+01
110	1	61	0	2	3	4.01107e-03	-5.66516e-01	1.57224e+01
110	1	62	0	2	3	4.05721e-03	-5.85303e-01	1.50085e+01
110	1	63	0	2	3	4.16001e-03	-5.93158e-01	1.70862e+01
110	1	64	0	2	3	4.04374e-03	-5.89815e-01	1.65217e+01
110	1	65	0	2	3	4.24973e-03	-5.98432e-01	1.64670e+01
110	1	66	0	2	3	4.73717e-03	-6.47290e-01	1.62933e+01
110	1	67	0	2	3	4.34243e-03	-6.06827e-01	1.57266e+01
110	1	68	0	2	3	3.50512e-03	-5.39314e-01	1.39625e+01
110	1	69	0	2	3	4.12529e-03	-5.86240e-01	1.62688e+01
110	1	70	0	2	3	3.98546e-03	-5.84291e-01	1.62024e+01
110	1	71	0	2	3	4.24872e-03	-6.07203e-01	1.69857e+01
110	1	72	0	2	3	3.58031e-03	-5.52085e-01	1.51412e+01
110	1	73	0	2	3	4.28463e-03	-6.06261e-01	1.74224e+01
110	1	74	0	2	3	4.15990e-03	-5.92723e-01	1.50019e+01
110	1	75	0	2	3	4.31285e-03	-6.08533e-01	1.63908e+01
110	1	76	0	2	3	3.74626e-03	-5.62939e-01	1.51367e+01
110	1	77	0	2	3	3.95814e-03	-5.82820e-01	1.59422e+01
110	1	78	0	2	3	4.40283e-03	-6.12022e-01	1.53108e+01
110	1	79	0	2	3	4.10107e-03	-5.86945e-01	1.58492e+01
110	1	80	0	2	3	3.86012e-03	-5.67148e-01	1.50428e+01
110	1	81	0	2	3	3.81980e-03	-5.65987e-01	1.48308e+01
110	1	82	0	2	3	4.33534e-03	-6.06692e-01	1.67004e+01
110	1	83	0	2	3	4.20065e-03	-5.82353e-01	1.53168e+01
110	1	84	0	2	3	3.86767e-03	-5.59705e-01	1.43510e+01
110	1	85	0	2	3	3.91930e-03	-5.70556e-01	1.51246e+01
110	1	86	0	2	3	4.04203e-03	-5.85099e-01	1.60555e+01
110	1	87	0	2	3	4.29631e-03	-5.91377e-01	1.42018e+01
110	1	88	0	2	3	3.83773e-03	-5.72068e-01	1.56402e+01
110	1	89	0	2	3	3.84144e-03	-5.72151e-01	1.48795e+01
110	1	90	0	2	3	4.22675e-03	-5.97666e-01	1.51819e+01
110	1	91	0	2	3	4.34022e-03	-6.00464e-01	1.61829e+01
110	1	92	0	2	3	3.70200e-03	-5.54112e-01	1.48150e+01
110	1	93	0	2	3	3.59185e-03	-5.49464e-01	1.49728e+01
110	1	94	0	2	3	3.86911e-03	-5.77557e-01	1.60723e+01
110	1	95	0	2	3	4.06676e-03	-5.89712e-01	1.54087e+01
110	1	96	0	2	3	3.78074e-03	-5.62045e-01	1.46435e+01
110	1	97	0	2	3	3.86455e-03	-5.67795e-01	1.56946e+01
110	1	98	0	2	3	4.48798e-03	-6.33196e-01	1.73231e+01
110	1	99	0	2	3	4.19303e-03	-5.92440e-01	1.54708e+01
110	1	100	0	2	3	3.69965e-03	-5.44975e-01	1.47964e+01
110	1	101	0	2	3	3.84828e-03	-5.64449e-01	1.54668e+01
110	1	102	0	2	3	4.60858e-03	-6.34332e-01	1.64936e+01
110	1	103	0	2	3	4.40163e-03	-6.07147e-01	1.56180e+01
110	1	104	0	2	3	4.20771e-03	-5.92833e-01	1.56813e+01
110	1	105	0	2	3	3.98941e-03	-5.75054e-01	1.54096e+01
110	1	106	0	2	3	4.89096e-03	-6.51544e-01	1.75649e+01
110	1	107	0	2	3	4.76978e-03	-6.38262e-01	1.64059e+01
110	1	108	0	2	3	3.91560e-03	-5.74029e-01	1.61070e+01
110	1	109	0	2	3	3.85801e-03	-5.69106e-01	1.58840e+01
110	1	110	0	2	3	4.45152e-03	-6.21653e-01	1.62997e+01
110	1	111	0	2	3	4.57269e-03	-6.27637e-01	1.74706e+01
110	1	112	0	2	3	4.41246e-03	-6.09595e-01	1.57960e+01
110	1	113	0	2	3	3.73451e-03	-5.62470e-01	1.53880e+01
110	1	114	0	2	3	3.81859e-03	-5.76751e-01	1.51074e+01
110	1	115	0	2	3	4.79003e-03	-6.35370e-01	1.62862e+01
110	1	116	0	2	3	3.93669e-03	-5.81584e-01	1.55890e+01
110	1	117	0	2	3	3.41847e-03	-5.38358e-01	1.48424e+01
110	1	118	0	2	3	4.33515e-03	-6.04495e-01	1.49832e+01
110	1	119	0	2	3	3.86644e-03	-5.75103e-01	1.57191e+01
110	1	120	0	2	3	3.66332e-03	-5.56497e-01	1.47522e+01
110	1	121	0	2	3	3.28057e-03	-5.25254e-01	1.43889e+01
110	1	122	0	2	3	4.80957e-03	-6.55656e-01	1.80981e+01
110	1	123	0	2	3	4.92020e-03	-6.62340e-01	1.85663e+01
110	1	124	0	2	3	4.37968e-03	-6.02600e-01	1.51724e+01
110	1	125	0	2	3	3.23711e-03	-5.27940e-01	1.47913e+01
110	1	126	0	2	3	4.00167e-03	-5.80015e-01	1.54659e+01
110	1	127	0	2	3	4.62595e-03	-6.25070e-01	1.62761e+01
110	1	128	0	2	3	4.11214e-03	-6.13926e-01	1.68679e+01
110	1	129	0	2	3	3.85490e-03	-5.95621e-01	1.65211e+01
110	1	130	0	2	3	3.55029e-03	-5.74481e-01	1.53036e+01
110	1	131	0	2	3	3.56037e-03	-5.52458e-01	1.49832e+01
110	1	132	0	2	3	4.90387e-03	-6.71621e-01	1.80741e+01
110	1	133	0	2	3	3.55781e-03	-5.56711e-01	1.49783e+01
110	1	134	0	2	3	3.58383e-03	-5.77917e-01	1.63480e+01
110	1	135	0	2	3	4.70374e-03	-6.28977e-01	1.64766e+01
110	1	136	0	2	3	4.00424e-03	-6.07783e-01	1.71934e+01
110	1	137	0	2	3	4.74929e-03	-6.44274e-01	1.69969e+01
110	1	138	0	2	3	4.33433e-03	-6.15252e-01	1.62403e+01
110	1	139	0	2	3	3.47136e-03	-5.48183e-01	1.54043e+01
110	1	140	0	2	3	4.43850e-03	-6.22092e-01	1.61565e+01
110	1	141	0	2	3	2.52781e-03	-4.84969e-01	1.37108e+01
110	1	142	0	2	3	2.81189e-03	-5.15434e-01	1.42804e+01
110	1	143	0	2	3	3.60468e-03	-5.68877e-01	1.60946e+01
110	1	144	0	2	3	3.19208e-03	-5.51231e-01	1.63703e+01
110	1	145	0	2	3	4.49782e-03	-6.12657e-01	1.60929e+01
110	1	146	0	2	3	3.48522e-03	-5.60197e-01	1.51850e+01
110	1	147	0	2	3	4.05415e-03	-5.92325e-01	1.50575e+01
110	1	148	0	2	3	5.92867e-03	-7.34109e-01	1.78062e+01
110	1	149	0	2	3	4.26048e-03	-5.98533e-01	1.63483e+01
110	1	150	0	2	3	3.69450e-03	-5.38620e-01	1.46796e+01
110	1	151	0	2	3	1.68641e-03	-4.12620e-01	1.23900e+01
110	1	152	0	2	3	-3.48921e-03	-5.64709e-02	7.51424e+00
110	1	153	0	2	3	-2.91731e-02	1.96020e+00	-3.17392e+01
110	1	154	0	2	3	4.17485e-03	-6.09993e-01	1.65980e+01
110	1	155	0	2	3	5.26543e-03	-6.41452e-01	1.48087e+01
110	1	156	0	2	3	-7.38076e-03	2.56737e-01	6.26022e-01
110	1	157	0	2	3	1.96401e-03	-4.31769e-01	1.35612e+01
110	1	158	0	2	3	3.01046e-03	-5.33047e-01	1.57706e+01
110	1	159	0	2	3	-1.78316e-02	1.07700e+00	-1.45502e+01
