##
#  file: HodoPHCParam_Dummy
#  date: 2016.06.15
#  note: first version
#
#
#######################################################################
# CId	PlId	Seg	UorD	Type	nParam	p0	p1	...
#
#	Type=0 no correction will be performed
#	Type=1 ct=t-p[0]/sqrt(a-p[1])+p[2]
#	Type=2 ct=p[0]*a*a + p[1]*a + p[2] for Fiber
#
#######################################################################
# BH1 Up                                                              #
#######################################################################
1	0	0	0	1	3	5.08705e+00	-1.98362e+00	2.93454e+00
1	0	1	0	1	3	6.69706e-01	2.91546e-01	8.10244e-01
1	0	2	0	1	3	5.01779e-01	3.94271e-01	6.64278e-01
1	0	3	0	1	3	7.45330e-01	1.66754e-01	8.56036e-01
1	0	4	0	1	3	8.52890e-01	8.60054e-02	9.27134e-01
1	0	5	0	1	3	1.69981e+00	-1.50393e-01	1.62794e+00
1	0	6	0	1	3	1.58582e+00	-2.35346e-01	1.46587e+00
1	0	7	0	1	3	1.61970e+00	-1.46184e-01	1.54504e+00
1	0	8	0	1	3	1.37546e+00	-2.52696e-01	1.28233e+00
1	0	9	0	1	3	1.74814e+00	-2.76223e-01	1.64100e+00
1	0	10	0	1	3	1.60339e+01	-4.62629e+00	6.81205e+00
#######################################################################
# BH1 Down                                                            #
#######################################################################
1	0	0	1	1	3	1.33519e+00	-9.13138e-02	1.27257e+00
1	0	1	1	1	3	6.24909e-01	2.88647e-01	7.65429e-01
1	0	2	1	1	3	6.68954e-01	2.21542e-01	7.45264e-01
1	0	3	1	1	3	1.32364e+00	-4.57464e-01	1.08318e+00
1	0	4	1	1	3	1.18002e+00	-7.91080e-02	1.17008e+00
1	0	5	1	1	3	2.07299e+00	-4.79828e-01	1.70935e+00
1	0	6	1	1	3	1.96000e+00	-5.20196e-01	1.63958e+00
1	0	7	1	1	3	1.89852e+00	-4.50289e-01	1.60743e+00
1	0	8	1	1	3	1.02469e+00	-6.73213e-02	1.04734e+00
1	0	9	1	1	3	1.64894e+00	-1.85977e-01	1.61292e+00
1	0	10	1	1	3	7.15603e-01	2.22738e-01	8.54972e-01
#######################################################################
# BH2 Up                                                              #
#######################################################################
2	0	0	0	1	3	1.43047e-01	2.98695e-01	2.00085e-01
2	0	1	0	1	3	8.79554e-01	-2.31747e-01	7.85839e-01
2	0	2	0	1	3	5.94572e-01	-4.97541e-01	4.68956e-01
2	0	3	0	1	3	1.91725e-01	3.94747e-02	1.91115e-01
2	0	4	0	1	3	3.31184e-01	-9.38469e-02	3.15823e-01
2	0	5	0	1	3	1.99769e-01	2.70254e-01	2.37321e-01
2	0	6	0	1	3	2.58948e-01	2.41832e-01	3.10133e-01
2	0	7	0	1	3	3.50426e-01	8.80094e-02	3.70898e-01
#######################################################################
# BH2 Down                                                            #
#######################################################################
2	0	0	1	1	3	3.94607e-01	-1.85207e-01	3.84440e-01
2	0	1	1	1	3	9.92155e-01	-3.85817e-01	8.32122e-01
2	0	2	1	1	3	4.10986e-01	-9.27803e-02	3.90143e-01
2	0	3	1	1	3	1.76416e-01	4.84160e-02	1.75490e-01
2	0	4	1	1	3	2.42956e-01	1.23979e-01	2.64593e-01
2	0	5	1	1	3	3.57967e-01	4.32013e-02	3.63973e-01
2	0	6	1	1	3	1.22093e+00	-6.67168e-01	9.30075e-01
2	0	7	1	1	3	2.92156e-01	-4.36810e-03	2.98702e-01
#######################################################################
# BAC                                                                 #
#######################################################################
3	0	0	0	1	3	0.00000e+00	0.00000e+00	0.00000e+00
3	0	1	0	1	3	0.00000e+00	0.00000e+00	0.00000e+00
#######################################################################
# FBH Up                                                              #
#######################################################################
4	0	0	0	2	3	-5.62952e-03	8.96903e-01	-3.53273e+01
4	0	1	0	2	3	-4.29399e-03	7.37975e-01	-3.00049e+01
4	0	2	0	2	3	-5.26894e-03	8.67305e-01	-3.38992e+01
4	0	3	0	2	3	-3.80183e-03	6.69237e-01	-2.72260e+01
4	0	4	0	2	3	-4.35014e-03	7.35785e-01	-2.92008e+01
4	0	5	0	2	3	-4.02541e-03	6.86907e-01	-2.70312e+01
4	0	6	0	2	3	-4.16660e-03	7.08229e-01	-2.81512e+01
4	0	7	0	2	3	-3.93117e-03	6.84759e-01	-2.69101e+01
4	0	8	0	2	3	-4.14423e-03	6.96902e-01	-2.65883e+01
4	0	9	0	2	3	-2.83372e-03	5.62925e-01	-2.20787e+01
4	0	10	0	2	3	-4.07944e-03	7.09420e-01	-2.75603e+01
4	0	11	0	2	3	-3.50961e-03	6.50113e-01	-2.64167e+01
4	0	12	0	2	3	-3.52415e-03	6.49734e-01	-2.67232e+01
4	0	13	0	2	3	-4.13420e-03	7.26957e-01	-2.99675e+01
4	0	14	0	2	3	-4.90315e-03	8.27563e-01	-3.35630e+01
4	0	15	0	2	3	-4.73048e-03	8.13189e-01	-3.31901e+01
#######################################################################
# FBH Down                                                            #
#######################################################################
4	0	0	1	2	3	-5.62952e-03	8.96903e-01	-3.53273e+01
4	0	1	1	2	3	-4.29399e-03	7.37975e-01	-3.00049e+01
4	0	2	1	2	3	-5.26894e-03	8.67305e-01	-3.38992e+01
4	0	3	1	2	3	-3.80183e-03	6.69237e-01	-2.72260e+01
4	0	4	1	2	3	-4.35014e-03	7.35785e-01	-2.92008e+01
4	0	5	1	2	3	-4.02541e-03	6.86907e-01	-2.70312e+01
4	0	6	1	2	3	-4.16660e-03	7.08229e-01	-2.81512e+01
4	0	7	1	2	3	-3.93117e-03	6.84759e-01	-2.69101e+01
4	0	8	1	2	3	-4.14423e-03	6.96902e-01	-2.65883e+01
4	0	9	1	2	3	-2.83372e-03	5.62925e-01	-2.20787e+01
4	0	10	1	2	3	-4.07944e-03	7.09420e-01	-2.75603e+01
4	0	11	1	2	3	-3.50961e-03	6.50113e-01	-2.64167e+01
4	0	12	1	2	3	-3.52415e-03	6.49734e-01	-2.67232e+01
4	0	13	1	2	3	-4.13420e-03	7.26957e-01	-2.99675e+01
4	0	14	1	2	3	-4.90315e-03	8.27563e-01	-3.35630e+01
4	0	15	1	2	3	-4.73048e-03	8.13189e-01	-3.31901e+01
#######################################################################
# PVAC                                                                #
#######################################################################
5	0	0	0	1	3	0.00000e+00	0.00000e+00	0.00000e+00
#######################################################################
# FAC                                                                 #
#######################################################################
6	0	0	0	1	3	0.00000e+00	0.00000e+00	0.00000e+00
#######################################################################
# SCH                                                                 #
#######################################################################
#7	0	0	0	2	3	-0.00500000	0.821213	-32.185321
#7	0	1	0	2	3	-0.00500000	0.830248	-32.269563
#7	0	2	0	2	3	-0.00500000	0.793073	-29.315934
#7	0	3	0	2	3	-0.00500000	0.772144	-28.276705
#7	0	4	0	2	3	-0.00500000	0.801968	-30.687167
#7	0	5	0	2	3	-0.00500000	0.778300	-28.439251
#7	0	6	0	2	3	-0.00500000	0.765872	-27.918181
#7	0	7	0	2	3	-0.00500000	0.738459	-26.016797
#7	0	8	0	2	3	-0.00500000	0.778318	-28.676371
#7	0	9	0	2	3	-0.00500000	0.776670	-28.892887
#7	0	10	0	2	3	-0.00500000	0.764278	-28.122474
#7	0	11	0	2	3	-0.00500000	0.790742	-29.423647
#7	0	12	0	2	3	-0.00500000	0.811330	-30.487019
#7	0	13	0	2	3	-0.00500000	0.818750	-30.891512
#7	0	14	0	2	3	-0.00500000	0.802541	-30.009136
#7	0	15	0	2	3	-0.00500000	0.809525	-30.751746
#7	0	16	0	2	3	-0.00500000	0.802597	-30.845509
#7	0	17	0	2	3	-0.00500000	0.835028	-32.780792
#7	0	18	0	2	3	-0.00500000	0.859176	-33.938731
#7	0	19	0	2	3	-0.00500000	0.814851	-31.445396
#7	0	20	0	2	3	-0.00500000	0.809426	-30.781087
#7	0	21	0	2	3	-0.00500000	0.780678	-28.888756
#7	0	22	0	2	3	-0.00500000	0.808206	-30.719604
#7	0	23	0	2	3	-0.00500000	0.774024	-27.858339
#7	0	24	0	2	3	-0.00500000	0.794308	-29.022101
#7	0	25	0	2	3	-0.00500000	0.775649	-27.980186
#7	0	26	0	2	3	-0.00500000	0.788483	-28.687567
#7	0	27	0	2	3	-0.00466315	0.771386	-29.253260
#7	0	28	0	2	3	-0.00483132	0.790854	-28.637741
#7	0	29	0	2	3	-0.00497049	0.812994	-30.786914
#7	0	30	0	2	3	-0.00500000	0.787793	-28.362716
#7	0	31	0	2	3	-0.00500000	0.790759	-28.876812
#7	0	32	0	2	3	-0.00500000	0.824826	-31.655285
#7	0	33	0	2	3	-0.00500000	0.845304	-33.407765
#7	0	34	0	2	3	-0.00500000	0.832263	-32.939799
#7	0	35	0	2	3	-0.00500000	0.820631	-31.695372
#7	0	36	0	2	3	-0.00500000	0.836997	-33.200590
#7	0	37	0	2	3	-0.00500000	0.819690	-32.097193
#7	0	38	0	2	3	-0.00500000	0.808109	-31.263214
#7	0	39	0	2	3	-0.00500000	0.815224	-31.135523
#7	0	40	0	2	3	-0.00500000	0.803398	-29.897923
#7	0	41	0	2	3	-0.00500000	0.815685	-31.165519
#7	0	42	0	2	3	-0.00500000	0.812980	-30.737261
#7	0	43	0	2	3	-0.00500000	0.829418	-32.693307
#7	0	44	0	2	3	-0.00500000	0.789530	-29.464920
#7	0	45	0	2	3	-0.00500000	0.804789	-31.208151
#7	0	46	0	2	3	-0.00500000	0.830106	-32.806514
#7	0	47	0	2	3	-0.00500000	0.819206	-31.373242
#7	0	48	0	2	3	-0.00500000	0.816165	-31.709319
#7	0	49	0	2	3	-0.00500000	0.798496	-30.201709
#7	0	50	0	2	3	-0.00500000	0.812167	-31.795745
#7	0	51	0	2	3	-0.00500000	0.810749	-31.375226
#7	0	52	0	2	3	-0.00500000	0.803385	-31.372512
#7	0	53	0	2	3	-0.00500000	0.777405	-29.262831
#7	0	54	0	2	3	-0.00500000	0.783954	-29.763410
#7	0	55	0	2	3	-0.00500000	0.789443	-29.976449
#7	0	56	0	2	3	-0.00500000	0.838828	-33.261086
#7	0	57	0	2	3	-0.00500000	0.804421	-30.573195
#7	0	58	0	2	3	-0.00500000	0.773283	-29.111048
#7	0	59	0	2	3	-0.00500000	0.811789	-31.449459
#7	0	60	0	2	3	-0.00500000	0.759724	-28.110014
#7	0	61	0	2	3	-0.00500000	0.810884	-31.379063
#7	0	62	0	2	3	-0.00500000	0.771910	-28.435006
#7	0	63	0	2	3	-0.00500000	0.796658	-30.511906
#######################################################################
# TOF Up                                                              #
#######################################################################
7	0	0	0	1	3	5.24830e+00	-1.96630e+00	2.96170e+00
7	0	1	0	1	3	5.24830e+00	-1.96630e+00	2.96170e+00
7	0	2	0	1	3	5.24830e+00	-1.96630e+00	2.96170e+00
7	0	3	0	1	3	5.24830e+00	-1.96630e+00	2.96170e+00
7	0	4	0	1	3	5.24830e+00	-1.96630e+00	2.96170e+00
7	0	5	0	1	3	5.24830e+00	-1.96630e+00	2.96170e+00
7	0	6	0	1	3	6.97090e+00	-3.03520e+00	3.39910e+00
7	0	7	0	1	3	4.05450e+00	-1.96150e+00	2.30360e+00
7	0	8	0	1	3	1.16940e+02	-2.98600e+01	2.09880e+01
7	0	9	0	1	3	5.24830e+00	-1.96630e+00	2.96170e+00
7	0	10	0	1	3	5.24830e+00	-1.96630e+00	2.96170e+00
7	0	11	0	1	3	5.24830e+00	-1.96630e+00	2.96170e+00
7	0	12	0	1	3	5.24830e+00	-1.96630e+00	2.96170e+00
7	0	13	0	1	3	5.24830e+00	-1.96630e+00	2.96170e+00
7	0	14	0	1	3	5.24830e+00	-1.96630e+00	2.96170e+00
7	0	15	0	1	3	5.24830e+00	-1.96630e+00	2.96170e+00
7	0	16	0	1	3	5.24830e+00	-1.96630e+00	2.96170e+00
7	0	17	0	1	3	5.24830e+00	-1.96630e+00	2.96170e+00
7	0	18	0	1	3	5.24830e+00	-1.96630e+00	2.96170e+00
7	0	19	0	1	3	7.11491e-01	1.85180e-03	5.82402e-01
7	0	20	0	1	3	5.59404e-01	-1.73810e-03	4.50716e-01
7	0	21	0	1	3	8.92499e-01	1.99900e-03	7.37364e-01
7	0	22	0	1	3	6.37553e-01	1.99960e-03	5.45449e-01
7	0	23	0	1	3	1.19210e+00	1.98920e-03	9.99994e-01
#######################################################################
# TOF Down                                                            #
#######################################################################
7	0	0	1	1	3	5.84300e+00	-2.30730e+00	3.11320e+00
7	0	1	1	1	3	5.84300e+00	-2.30730e+00	3.11320e+00
7	0	2	1	1	3	5.84300e+00	-2.30730e+00	3.11320e+00
7	0	3	1	1	3	5.84300e+00	-2.30730e+00	3.11320e+00
7	0	4	1	1	3	5.84300e+00	-2.30730e+00	3.11320e+00
7	0	5	1	1	3	5.84300e+00	-2.30730e+00	3.11320e+00
7	0	6	1	1	3	1.41330e+01	-5.81170e+00	5.32680e+00
7	0	7	1	1	3	7.84850e+01	-2.02870e+01	1.69500e+01
7	0	8	1	1	3	2.20240e+02	-3.62440e+01	3.60080e+01
7	0	9	1	1	3	5.84300e+00	-2.30730e+00	3.11320e+00
7	0	10	1	1	3	5.84300e+00	-2.30730e+00	3.11320e+00
7	0	11	1	1	3	5.84300e+00	-2.30730e+00	3.11320e+00
7	0	12	1	1	3	5.84300e+00	-2.30730e+00	3.11320e+00
7	0	13	1	1	3	5.84300e+00	-2.30730e+00	3.11320e+00
7	0	14	1	1	3	5.84300e+00	-2.30730e+00	3.11320e+00
7	0	15	1	1	3	5.84300e+00	-2.30730e+00	3.11320e+00
7	0	16	1	1	3	5.84300e+00	-2.30730e+00	3.11320e+00
7	0	17	1	1	3	5.84300e+00	-2.30730e+00	3.11320e+00
7	0	18	1	1	3	5.84300e+00	-2.30730e+00	3.11320e+00
7	0	19	1	1	3	6.18741e-01	1.99860e-03	4.90831e-01
7	0	20	1	1	3	5.75901e-01	1.04210e-03	4.72509e-01
7	0	21	1	1	3	9.41046e-01	1.99890e-03	7.79357e-01
7	0	22	1	1	3	4.84266e-01	-1.95590e-03	3.99786e-01
7	0	23	1	1	3	8.97714e-01	1.99860e-03	7.56300e-01
#######################################################################
# BFT U                                                               #
#######################################################################
110	0	0	0	2	3	4.19688e-03	-5.98416e-01	1.55819e+01
110	0	1	0	2	3	3.22757e-03	-4.94910e-01	1.30656e+01
110	0	2	0	2	3	4.44199e-03	-6.15318e-01	1.56272e+01
110	0	3	0	2	3	4.61092e-03	-6.15373e-01	1.45632e+01
110	0	4	0	2	3	4.41768e-03	-6.06121e-01	1.57053e+01
110	0	5	0	2	3	3.89159e-03	-5.57567e-01	1.50998e+01
110	0	6	0	2	3	4.04587e-03	-5.76228e-01	1.43522e+01
110	0	7	0	2	3	3.52756e-03	-5.30345e-01	1.42876e+01
110	0	8	0	2	3	3.93931e-03	-5.71080e-01	1.45761e+01
110	0	9	0	2	3	4.09851e-03	-5.72638e-01	1.58812e+01
110	0	10	0	2	3	4.07861e-03	-5.88324e-01	1.41832e+01
110	0	11	0	2	3	4.45209e-03	-5.99866e-01	1.64546e+01
110	0	12	0	2	3	3.56679e-03	-5.43089e-01	1.35252e+01
110	0	13	0	2	3	4.43758e-03	-6.01454e-01	1.64603e+01
110	0	14	0	2	3	3.44520e-03	-5.37554e-01	1.33599e+01
110	0	15	0	2	3	4.56999e-03	-6.22504e-01	1.70668e+01
110	0	16	0	2	3	3.58958e-03	-5.47255e-01	1.34257e+01
110	0	17	0	2	3	4.45929e-03	-6.05078e-01	1.61742e+01
110	0	18	0	2	3	3.47060e-03	-5.40220e-01	1.32457e+01
110	0	19	0	2	3	4.25898e-03	-5.91290e-01	1.39287e+01
110	0	20	0	2	3	3.48920e-03	-5.28646e-01	1.33736e+01
110	0	21	0	2	3	3.30882e-03	-5.13003e-01	1.56768e+01
110	0	22	0	2	3	3.55662e-03	-5.46646e-01	1.38171e+01
110	0	23	0	2	3	3.75145e-03	-5.45552e-01	1.50421e+01
110	0	24	0	2	3	4.31305e-03	-5.91129e-01	1.48579e+01
110	0	25	0	2	3	3.87160e-03	-5.53063e-01	1.56882e+01
110	0	26	0	2	3	4.24867e-03	-5.95775e-01	1.57039e+01
110	0	27	0	2	3	4.51201e-03	-5.98420e-01	1.58536e+01
110	0	28	0	2	3	4.09831e-03	-5.73517e-01	1.26769e+01
110	0	29	0	2	3	3.72924e-03	-5.43262e-01	1.44697e+01
110	0	30	0	2	3	3.92210e-03	-5.69023e-01	1.39967e+01
110	0	31	0	2	3	3.97874e-03	-5.67383e-01	1.54454e+01
110	0	32	0	2	3	3.56448e-03	-5.49529e-01	1.40317e+01
110	0	33	0	2	3	4.40034e-03	-5.70202e-01	1.35486e+01
110	0	34	0	2	3	4.34751e-03	-5.98211e-01	1.45327e+01
110	0	35	0	2	3	4.26380e-03	-5.94190e-01	1.59531e+01
110	0	36	0	2	3	4.02973e-03	-5.63256e-01	1.36845e+01
110	0	37	0	2	3	3.97019e-03	-5.70040e-01	1.64258e+01
110	0	38	0	2	3	4.04324e-03	-5.69794e-01	1.33807e+01
110	0	39	0	2	3	4.43077e-03	-5.94851e-01	1.54838e+01
110	0	40	0	2	3	4.14876e-03	-5.70835e-01	1.37007e+01
110	0	41	0	2	3	4.21754e-03	-5.80430e-01	1.63571e+01
110	0	42	0	2	3	4.54807e-03	-6.06571e-01	1.49890e+01
110	0	43	0	2	3	4.52385e-03	-6.11871e-01	1.65900e+01
110	0	44	0	2	3	3.95258e-03	-5.69901e-01	1.39864e+01
110	0	45	0	2	3	3.95862e-03	-5.58144e-01	1.54648e+01
110	0	46	0	2	3	4.35164e-03	-6.08281e-01	1.49356e+01
110	0	47	0	2	3	4.75757e-03	-6.34566e-01	1.81420e+01
110	0	48	0	2	3	3.73965e-03	-5.47830e-01	1.24894e+01
110	0	49	0	2	3	4.24094e-03	-5.81148e-01	1.63379e+01
110	0	50	0	2	3	4.64115e-03	-6.17010e-01	1.51635e+01
110	0	51	0	2	3	4.43967e-03	-5.98491e-01	1.55831e+01
110	0	52	0	2	3	3.78011e-03	-5.51403e-01	1.31505e+01
110	0	53	0	2	3	4.50582e-03	-6.00250e-01	1.54762e+01
110	0	54	0	2	3	4.31682e-03	-5.95646e-01	1.44308e+01
110	0	55	0	2	3	4.66266e-03	-6.17680e-01	1.68841e+01
110	0	56	0	2	3	3.90724e-03	-5.76438e-01	1.51179e+01
110	0	57	0	2	3	4.63083e-03	-6.11481e-01	1.63562e+01
110	0	58	0	2	3	4.21389e-03	-5.91868e-01	1.54568e+01
110	0	59	0	2	3	4.72322e-03	-6.36788e-01	1.72805e+01
110	0	60	0	2	3	4.02474e-03	-5.77461e-01	1.37417e+01
110	0	61	0	2	3	3.46811e-03	-5.28508e-01	1.46096e+01
110	0	62	0	2	3	4.67306e-03	-6.19325e-01	1.47074e+01
110	0	63	0	2	3	4.49129e-03	-6.07910e-01	1.49970e+01
110	0	64	0	2	3	3.88588e-03	-5.71191e-01	1.43026e+01
110	0	65	0	2	3	3.96143e-03	-5.68849e-01	1.53266e+01
110	0	66	0	2	3	4.67152e-03	-6.39398e-01	1.68221e+01
110	0	67	0	2	3	3.93133e-03	-5.70697e-01	1.55859e+01
110	0	68	0	2	3	4.08760e-03	-5.93481e-01	1.52439e+01
110	0	69	0	2	3	3.91423e-03	-5.61056e-01	1.46750e+01
110	0	70	0	2	3	4.52883e-03	-6.30234e-01	1.48916e+01
110	0	71	0	2	3	4.22170e-03	-5.92433e-01	1.57132e+01
110	0	72	0	2	3	3.80700e-03	-5.68504e-01	1.35891e+01
110	0	73	0	2	3	4.36045e-03	-6.02735e-01	1.52817e+01
110	0	74	0	2	3	4.76070e-03	-6.42587e-01	1.60018e+01
110	0	75	0	2	3	4.34011e-03	-5.96334e-01	1.53943e+01
110	0	76	0	2	3	3.61768e-03	-5.51054e-01	1.33839e+01
110	0	77	0	2	3	3.94963e-03	-5.68762e-01	1.52251e+01
110	0	78	0	2	3	4.35150e-03	-6.11602e-01	1.47642e+01
110	0	79	0	2	3	4.22362e-03	-5.87351e-01	1.51625e+01
110	0	80	0	2	3	4.11303e-03	-5.84882e-01	1.49893e+01
110	0	81	0	2	3	3.86765e-03	-5.54966e-01	1.45936e+01
110	0	82	0	2	3	4.38785e-03	-6.02236e-01	1.48036e+01
110	0	83	0	2	3	4.74498e-03	-6.27084e-01	1.57513e+01
110	0	84	0	2	3	3.80863e-03	-5.64524e-01	1.41240e+01
110	0	85	0	2	3	3.83510e-03	-5.60299e-01	1.50885e+01
110	0	86	0	2	3	4.32703e-03	-6.14570e-01	1.48539e+01
110	0	87	0	2	3	4.56539e-03	-6.24397e-01	1.65500e+01
110	0	88	0	2	3	3.74028e-03	-5.50110e-01	1.41003e+01
110	0	89	0	2	3	4.26828e-03	-5.94136e-01	1.53022e+01
110	0	90	0	2	3	4.40473e-03	-6.10508e-01	1.44605e+01
110	0	91	0	2	3	4.39250e-03	-6.07915e-01	1.50894e+01
110	0	92	0	2	3	3.54194e-03	-5.56154e-01	1.43565e+01
110	0	93	0	2	3	3.80124e-03	-5.56090e-01	1.42877e+01
110	0	94	0	2	3	4.31497e-03	-6.23569e-01	1.66300e+01
110	0	95	0	2	3	4.45487e-03	-6.13684e-01	1.60682e+01
110	0	96	0	2	3	3.85086e-03	-5.78774e-01	1.43999e+01
110	0	97	0	2	3	4.23841e-03	-5.92021e-01	1.57480e+01
110	0	98	0	2	3	4.41114e-03	-6.22072e-01	1.51775e+01
110	0	99	0	2	3	4.97525e-03	-6.41770e-01	1.62707e+01
110	0	100	0	2	3	4.06210e-03	-5.83746e-01	1.49169e+01
110	0	101	0	2	3	4.07182e-03	-5.79191e-01	1.54188e+01
110	0	102	0	2	3	4.51752e-03	-6.24046e-01	1.59635e+01
110	0	103	0	2	3	4.39560e-03	-6.05607e-01	1.54617e+01
110	0	104	0	2	3	3.90638e-03	-5.75104e-01	1.39029e+01
110	0	105	0	2	3	4.10100e-03	-5.79257e-01	1.48463e+01
110	0	106	0	2	3	4.57350e-03	-6.26456e-01	1.59209e+01
110	0	107	0	2	3	4.89437e-03	-6.35010e-01	1.53159e+01
110	0	108	0	2	3	4.14220e-03	-5.97400e-01	1.52226e+01
110	0	109	0	2	3	4.92056e-03	-6.43461e-01	1.59614e+01
110	0	110	0	2	3	4.47506e-03	-6.17826e-01	1.55086e+01
110	0	111	0	2	3	5.12124e-03	-6.64442e-01	1.64549e+01
110	0	112	0	2	3	4.84262e-03	-6.32900e-01	1.44274e+01
110	0	113	0	2	3	4.36777e-03	-5.99242e-01	1.50963e+01
110	0	114	0	2	3	5.70664e-03	-7.09698e-01	1.73122e+01
110	0	115	0	2	3	4.82030e-03	-6.37619e-01	1.58592e+01
110	0	116	0	2	3	4.15194e-03	-5.94102e-01	1.47157e+01
110	0	117	0	2	3	3.66768e-03	-5.54413e-01	1.53814e+01
110	0	118	0	2	3	4.63007e-03	-6.34241e-01	1.61608e+01
110	0	119	0	2	3	4.53715e-03	-6.03521e-01	1.41404e+01
110	0	120	0	2	3	4.44773e-03	-6.20404e-01	1.53343e+01
110	0	121	0	2	3	3.95475e-03	-5.65105e-01	1.30867e+01
110	0	122	0	2	3	3.68779e-03	-5.66989e-01	1.56089e+01
110	0	123	0	2	3	5.21791e-03	-6.63639e-01	1.65515e+01
110	0	124	0	2	3	2.90625e-03	-4.90668e-01	1.32860e+01
110	0	125	0	2	3	3.23779e-03	-5.11837e-01	1.15706e+01
110	0	126	0	2	3	5.14565e-03	-6.54846e-01	1.56514e+01
110	0	127	0	2	3	4.20769e-03	-5.91403e-01	1.50156e+01
110	0	128	0	2	3	3.70698e-03	-5.86398e-01	1.58730e+01
110	0	129	0	2	3	4.20110e-03	-6.22067e-01	1.62593e+01
110	0	130	0	2	3	5.00416e-03	-7.00153e-01	1.83675e+01
110	0	131	0	2	3	3.66157e-03	-5.61771e-01	1.50840e+01
110	0	132	0	2	3	4.09241e-03	-6.08857e-01	1.66228e+01
110	0	133	0	2	3	4.15223e-03	-5.94371e-01	1.56472e+01
110	0	134	0	2	3	3.34010e-03	-5.60189e-01	1.53148e+01
110	0	135	0	2	3	4.25376e-03	-5.97457e-01	1.48715e+01
110	0	136	0	2	3	5.46073e-03	-6.97874e-01	1.68913e+01
110	0	137	0	2	3	2.40518e-03	-4.94481e-01	1.46741e+01
110	0	138	0	2	3	-3.38431e-04	-2.70880e-01	9.98099e+00
110	0	139	0	2	3	5.72118e-03	-7.26266e-01	1.71533e+01
110	0	140	0	2	3	-1.33425e-03	-2.11510e-01	9.56960e+00
110	0	141	0	2	3	6.78307e-03	-8.15414e-01	1.93169e+01
110	0	142	0	2	3	-7.02956e-04	-2.34024e-01	8.75252e+00
110	0	143	0	2	3	6.16135e-03	-7.70937e-01	1.88054e+01
110	0	144	0	2	3	2.82873e-03	-5.12117e-01	1.34049e+01
110	0	145	0	2	3	4.40655e-03	-6.13454e-01	1.49219e+01
110	0	146	0	2	3	9.25317e-04	-3.49098e-01	1.07212e+01
110	0	147	0	2	3	2.09368e-03	-4.59366e-01	1.36436e+01
110	0	148	0	2	3	2.66439e-04	-2.79799e-01	8.51789e+00
110	0	149	0	2	3	2.54960e-03	-4.72226e-01	1.32655e+01
110	0	150	0	2	3	-1.26754e-02	6.66681e-01	-7.67302e+00
110	0	151	0	2	3	2.18543e-03	-4.63561e-01	1.33429e+01
110	0	152	0	2	3	2.05019e-03	-4.68597e-01	1.43879e+01
110	0	153	0	2	3	7.25790e-03	-8.58439e-01	2.11754e+01
110	0	154	0	2	3	5.14215e-03	-6.53173e-01	1.57733e+01
110	0	155	0	2	3	9.12494e-04	-3.80402e-01	1.05215e+01
110	0	156	0	2	3	1.20153e-04	-2.91275e-01	9.91873e+00
110	0	157	0	2	3	-8.98950e-03	3.67910e-01	-1.59783e+00
110	0	158	0	2	3	-8.38285e-03	3.74694e-01	-3.44804e+00
110	0	159	0	2	3	-3.09078e-03	-6.34203e-02	5.58953e+00
#######################################################################
# BFT D                                                               #
#######################################################################
110	1	0	0	2	3	2.53653e-03	-4.85791e-01	1.52485e+01
110	1	1	0	2	3	2.37973e-03	-4.57969e-01	1.38906e+01
110	1	2	0	2	3	3.64312e-03	-5.66777e-01	1.57022e+01
110	1	3	0	2	3	3.10035e-03	-5.11004e-01	1.53103e+01
110	1	4	0	2	3	3.50563e-03	-5.47545e-01	1.51473e+01
110	1	5	0	2	3	4.67599e-03	-6.34962e-01	1.78203e+01
110	1	6	0	2	3	3.78901e-03	-5.68963e-01	1.43474e+01
110	1	7	0	2	3	2.87031e-03	-4.91519e-01	1.44827e+01
110	1	8	0	2	3	3.50623e-03	-5.45450e-01	1.53603e+01
110	1	9	0	2	3	5.71564e-03	-7.24176e-01	2.05188e+01
110	1	10	0	2	3	3.77209e-03	-5.70562e-01	1.57126e+01
110	1	11	0	2	3	3.98116e-03	-5.83052e-01	1.61464e+01
110	1	12	0	2	3	3.59556e-03	-5.55528e-01	1.46958e+01
110	1	13	0	2	3	3.71255e-03	-5.53195e-01	1.61271e+01
110	1	14	0	2	3	3.89484e-03	-5.81501e-01	1.49883e+01
110	1	15	0	2	3	3.41960e-03	-5.35250e-01	1.57868e+01
110	1	16	0	2	3	3.79116e-03	-5.65121e-01	1.48919e+01
110	1	17	0	2	3	4.54281e-03	-6.11141e-01	1.62921e+01
110	1	18	0	2	3	4.31627e-03	-6.01847e-01	1.49143e+01
110	1	19	0	2	3	4.33424e-03	-5.96813e-01	1.64070e+01
110	1	20	0	2	3	4.49293e-03	-6.26438e-01	1.64766e+01
110	1	21	0	2	3	2.39842e-03	-4.64897e-01	1.52060e+01
110	1	22	0	2	3	3.65437e-03	-5.55109e-01	1.46940e+01
110	1	23	0	2	3	3.86916e-03	-5.56910e-01	1.58557e+01
110	1	24	0	2	3	4.34606e-03	-6.06760e-01	1.65502e+01
110	1	25	0	2	3	3.98338e-03	-5.74287e-01	1.64205e+01
110	1	26	0	2	3	4.62043e-03	-6.29346e-01	1.58493e+01
110	1	27	0	2	3	4.11349e-03	-5.85394e-01	1.73517e+01
110	1	28	0	2	3	3.68183e-03	-5.66553e-01	1.58553e+01
110	1	29	0	2	3	3.55083e-03	-5.39805e-01	1.59059e+01
110	1	30	0	2	3	3.93338e-03	-5.79031e-01	1.52699e+01
110	1	31	0	2	3	4.19284e-03	-5.98375e-01	1.72084e+01
110	1	32	0	2	3	3.45508e-03	-5.47616e-01	1.59721e+01
110	1	33	0	2	3	3.51490e-03	-5.49159e-01	1.51514e+01
110	1	34	0	2	3	4.09086e-03	-5.84092e-01	1.48444e+01
110	1	35	0	2	3	4.02733e-03	-5.92060e-01	1.71631e+01
110	1	36	0	2	3	3.80809e-03	-5.62054e-01	1.56685e+01
110	1	37	0	2	3	3.18745e-03	-5.16358e-01	1.37270e+01
110	1	38	0	2	3	4.46466e-03	-6.15376e-01	1.68640e+01
110	1	39	0	2	3	4.49262e-03	-6.07219e-01	1.62742e+01
110	1	40	0	2	3	4.05049e-03	-5.79865e-01	1.48444e+01
110	1	41	0	2	3	4.03552e-03	-5.75725e-01	1.61701e+01
110	1	42	0	2	3	4.19677e-03	-5.86102e-01	1.54396e+01
110	1	43	0	2	3	4.50490e-03	-6.10350e-01	1.75368e+01
110	1	44	0	2	3	4.20464e-03	-5.96707e-01	1.53056e+01
110	1	45	0	2	3	3.96486e-03	-5.76681e-01	1.64943e+01
110	1	46	0	2	3	4.21516e-03	-5.99346e-01	1.53421e+01
110	1	47	0	2	3	4.09578e-03	-6.01041e-01	1.78541e+01
110	1	48	0	2	3	3.94579e-03	-5.72687e-01	1.55045e+01
110	1	49	0	2	3	3.62253e-03	-5.44267e-01	1.60585e+01
110	1	50	0	2	3	4.15613e-03	-5.93577e-01	1.49194e+01
110	1	51	0	2	3	4.23926e-03	-5.94657e-01	1.66799e+01
110	1	52	0	2	3	4.00608e-03	-5.90173e-01	1.51622e+01
110	1	53	0	2	3	3.53846e-03	-5.41585e-01	1.59953e+01
110	1	54	0	2	3	4.22108e-03	-6.04410e-01	1.63395e+01
110	1	55	0	2	3	4.05660e-03	-5.81849e-01	1.65654e+01
110	1	56	0	2	3	3.90493e-03	-5.88465e-01	1.52235e+01
110	1	57	0	2	3	3.85787e-03	-5.70019e-01	1.61080e+01
110	1	58	0	2	3	4.34544e-03	-6.20735e-01	1.76870e+01
110	1	59	0	2	3	4.66354e-03	-6.39302e-01	1.86946e+01
110	1	60	0	2	3	3.77073e-03	-5.70727e-01	1.56077e+01
110	1	61	0	2	3	4.33367e-03	-5.92327e-01	1.59982e+01
110	1	62	0	2	3	4.10815e-03	-5.88080e-01	1.47725e+01
110	1	63	0	2	3	3.70695e-03	-5.61822e-01	1.63272e+01
110	1	64	0	2	3	3.80960e-03	-5.76082e-01	1.60842e+01
110	1	65	0	2	3	4.10683e-03	-5.85650e-01	1.59552e+01
110	1	66	0	2	3	4.94718e-03	-6.61020e-01	1.62564e+01
110	1	67	0	2	3	4.39971e-03	-6.10690e-01	1.55356e+01
110	1	68	0	2	3	3.56211e-03	-5.43220e-01	1.37709e+01
110	1	69	0	2	3	4.28300e-03	-6.01395e-01	1.63496e+01
110	1	70	0	2	3	4.28217e-03	-6.06622e-01	1.63530e+01
110	1	71	0	2	3	3.94987e-03	-5.87057e-01	1.64096e+01
110	1	72	0	2	3	3.91312e-03	-5.72823e-01	1.51924e+01
110	1	73	0	2	3	3.99498e-03	-5.86187e-01	1.68354e+01
110	1	74	0	2	3	4.36186e-03	-6.06913e-01	1.49707e+01
110	1	75	0	2	3	4.46727e-03	-6.21923e-01	1.64153e+01
110	1	76	0	2	3	3.61721e-03	-5.52804e-01	1.46796e+01
110	1	77	0	2	3	3.90089e-03	-5.78446e-01	1.56074e+01
110	1	78	0	2	3	4.23035e-03	-6.00187e-01	1.48571e+01
110	1	79	0	2	3	4.04160e-03	-5.83691e-01	1.55562e+01
110	1	80	0	2	3	4.25434e-03	-5.94973e-01	1.52589e+01
110	1	81	0	2	3	3.81790e-03	-5.64964e-01	1.45270e+01
110	1	82	0	2	3	3.91371e-03	-5.76467e-01	1.59056e+01
110	1	83	0	2	3	4.38606e-03	-5.99418e-01	1.54144e+01
110	1	84	0	2	3	3.66678e-03	-5.47234e-01	1.39137e+01
110	1	85	0	2	3	3.94311e-03	-5.72168e-01	1.49029e+01
110	1	86	0	2	3	4.08416e-03	-5.91227e-01	1.59607e+01
110	1	87	0	2	3	4.32748e-03	-5.93162e-01	1.39644e+01
110	1	88	0	2	3	3.55828e-03	-5.53612e-01	1.50905e+01
110	1	89	0	2	3	3.95295e-03	-5.77763e-01	1.46797e+01
110	1	90	0	2	3	3.93797e-03	-5.79750e-01	1.46572e+01
110	1	91	0	2	3	4.07327e-03	-5.79357e-01	1.55241e+01
110	1	92	0	2	3	3.83172e-03	-5.63463e-01	1.47154e+01
110	1	93	0	2	3	4.02222e-03	-5.81239e-01	1.53022e+01
110	1	94	0	2	3	4.18709e-03	-6.02335e-01	1.62646e+01
110	1	95	0	2	3	4.24858e-03	-6.03643e-01	1.54143e+01
110	1	96	0	2	3	3.72779e-03	-5.56975e-01	1.42668e+01
110	1	97	0	2	3	4.22591e-03	-5.94505e-01	1.59124e+01
110	1	98	0	2	3	4.10490e-03	-6.10430e-01	1.67759e+01
110	1	99	0	2	3	4.20274e-03	-5.94734e-01	1.52720e+01
110	1	100	0	2	3	3.84124e-03	-5.58342e-01	1.48218e+01
110	1	101	0	2	3	4.13155e-03	-5.84436e-01	1.55652e+01
110	1	102	0	2	3	4.48477e-03	-6.28161e-01	1.61822e+01
110	1	103	0	2	3	4.53559e-03	-6.19676e-01	1.56416e+01
110	1	104	0	2	3	4.14876e-03	-5.91715e-01	1.54498e+01
110	1	105	0	2	3	4.10877e-03	-5.86369e-01	1.54115e+01
110	1	106	0	2	3	4.44650e-03	-6.21790e-01	1.68389e+01
110	1	107	0	2	3	4.20364e-03	-5.93703e-01	1.52983e+01
110	1	108	0	2	3	3.63334e-03	-5.53308e-01	1.54794e+01
110	1	109	0	2	3	4.07530e-03	-5.86135e-01	1.59363e+01
110	1	110	0	2	3	4.42555e-03	-6.18046e-01	1.59401e+01
110	1	111	0	2	3	3.98842e-03	-5.88863e-01	1.66066e+01
110	1	112	0	2	3	4.08537e-03	-5.91860e-01	1.53313e+01
110	1	113	0	2	3	4.56171e-03	-6.16218e-01	1.59498e+01
110	1	114	0	2	3	4.41368e-03	-6.18594e-01	1.55712e+01
110	1	115	0	2	3	4.96066e-03	-6.46957e-01	1.62122e+01
110	1	116	0	2	3	4.24120e-03	-6.03619e-01	1.57018e+01
110	1	117	0	2	3	4.10503e-03	-5.84466e-01	1.53673e+01
110	1	118	0	2	3	4.31783e-03	-6.06533e-01	1.48027e+01
110	1	119	0	2	3	5.31409e-03	-6.69364e-01	1.69186e+01
110	1	120	0	2	3	2.81829e-03	-5.00731e-01	1.35963e+01
110	1	121	0	2	3	3.89719e-03	-5.74047e-01	1.50516e+01
110	1	122	0	2	3	4.85294e-03	-6.57896e-01	1.78870e+01
110	1	123	0	2	3	4.38984e-03	-6.28409e-01	1.78468e+01
110	1	124	0	2	3	3.88153e-03	-5.66233e-01	1.42614e+01
110	1	125	0	2	3	2.36873e-03	-4.61495e-01	1.33059e+01
110	1	126	0	2	3	4.98570e-03	-6.55844e-01	1.66613e+01
110	1	127	0	2	3	3.35688e-03	-5.36357e-01	1.45489e+01
110	1	128	0	2	3	3.45912e-03	-5.66576e-01	1.57669e+01
110	1	129	0	2	3	5.14710e-03	-6.91902e-01	1.80242e+01
110	1	130	0	2	3	3.64990e-03	-5.68450e-01	1.46803e+01
110	1	131	0	2	3	3.97974e-03	-5.97338e-01	1.58489e+01
110	1	132	0	2	3	4.26430e-03	-6.31880e-01	1.72415e+01
110	1	133	0	2	3	4.17123e-03	-6.02620e-01	1.55532e+01
110	1	134	0	2	3	2.81242e-03	-5.23426e-01	1.51514e+01
110	1	135	0	2	3	4.85890e-03	-6.45803e-01	1.66127e+01
110	1	136	0	2	3	7.58402e-03	-8.70989e-01	2.16654e+01
110	1	137	0	2	3	5.43605e-03	-6.92623e-01	1.75774e+01
110	1	138	0	2	3	3.45648e-03	-5.48835e-01	1.47428e+01
110	1	139	0	2	3	4.71554e-03	-6.31096e-01	1.64667e+01
110	1	140	0	2	3	4.17055e-04	-3.29004e-01	1.06370e+01
110	1	141	0	2	3	2.57347e-03	-5.00005e-01	1.38731e+01
110	1	142	0	2	3	5.01407e-03	-6.57457e-01	1.62409e+01
110	1	143	0	2	3	-3.94680e-02	2.70808e+00	-4.56780e+01
110	1	144	0	2	3	-7.60847e-03	2.77830e-01	4.47533e-01
110	1	145	0	2	3	2.79483e-03	-5.05012e-01	1.42428e+01
110	1	146	0	2	3	5.01775e-03	-6.63681e-01	1.67251e+01
110	1	147	0	2	3	4.24027e-03	-5.90391e-01	1.44394e+01
110	1	148	0	2	3	5.60607e-03	-7.15422e-01	1.72675e+01
110	1	149	0	2	3	1.38812e-03	-3.80985e-01	1.19367e+01
110	1	150	0	2	3	-4.32605e-03	8.50351e-03	5.54445e+00
110	1	151	0	2	3	-1.71452e-03	-1.52596e-01	7.26064e+00
110	1	152	0	2	3	1.96310e-03	-4.28274e-01	1.31925e+01
110	1	153	0	2	3	-4.29477e-03	6.40167e-02	3.60337e+00
110	1	154	0	2	3	3.34780e-03	-5.50568e-01	1.54223e+01
110	1	155	0	2	3	3.11164e-03	-5.10687e-01	1.26282e+01
110	1	156	0	2	3	5.22949e-03	-6.68312e-01	1.69499e+01
110	1	157	0	2	3	7.12459e-04	-3.41789e-01	1.17729e+01
110	1	158	0	2	3	-1.37661e-03	-1.84568e-01	8.63541e+00
110	1	159	0	2	3	-1.44323e-02	7.26806e-01	-6.29892e+00
