##
#  file: HodoPHCParam_Dummy
#  date: 2016.06.15
#  note: first version
#
#
#######################################################################
# CId	PlId	Seg	UorD	Type	nParam	p0	p1	...
#
#	Type=0 no correction will be performed
#	Type=1 ct=t-p[0]/sqrt(a-p[1])+p[2]
#	Type=2 ct=p[0]*a*a + p[1]*a + p[2] for Fiber
#
#######################################################################
# BH1 Up                                                              #
#######################################################################
1	0	0	0	1	3	1.47730e+00	-2.35290e-01	1.36110e+00
1	0	1	0	1	3	6.62130e-01	3.34480e-01	8.67710e-01
1	0	2	0	1	3	7.54820e-01	2.48290e-01	9.34610e-01
1	0	3	0	1	3	1.23270e+00	-1.14280e-01	1.26640e+00
1	0	4	0	1	3	1.29730e+00	-1.98210e-01	1.21160e+00
1	0	5	0	1	3	1.43110e+00	-7.87430e-02	1.42120e+00
1	0	6	0	1	3	1.41000e+00	-1.74510e-01	1.32020e+00
1	0	7	0	1	3	1.25340e+00	-3.62780e-02	1.24940e+00
1	0	8	0	1	3	1.44900e+00	-3.83590e-01	1.25050e+00
1	0	9	0	1	3	2.28060e+00	-6.04700e-01	1.82360e+00
1	0	10	0	1	3	9.33520e-01	5.26570e-02	9.95230e-01
#######################################################################
# BH1 Down                                                            #
#######################################################################
1	0	0	1	1	3	2.02010e+00	-5.58670e-01	1.64300e+00
1	0	1	1	1	3	8.49690e-01	1.88140e-01	1.01360e+00
1	0	2	1	1	3	1.21680e+00	-7.53470e-02	1.21540e+00
1	0	3	1	1	3	2.08470e+02	-6.59470e+01	2.55410e+01
1	0	4	1	1	3	1.41330e+00	-2.47510e-01	1.29810e+00
1	0	5	1	1	3	1.63380e+00	-2.25070e-01	1.48610e+00
1	0	6	1	1	3	1.64270e+00	-3.28680e-01	1.48410e+00
1	0	7	1	1	3	1.48840e+00	-1.98800e-01	1.38020e+00
1	0	8	1	1	3	9.57720e-01	-5.07090e-03	9.79170e-01
1	0	9	1	1	3	1.28980e+00	-8.52640e-02	1.26930e+00
1	0	10	1	1	3	1.29280e+00	-1.52360e-01	1.25330e+00
#######################################################################
# BH2 Up                                                              #
#######################################################################
2	0	0	0	1	3	1.23928e-01	3.19092e-01	1.64921e-01
2	0	1	0	1	3	7.53706e-01	-1.79708e-01	6.99096e-01
2	0	2	0	1	3	4.42202e-01	-1.79103e-01	4.01925e-01
2	0	3	0	1	3	3.11545e-01	-5.77250e-02	3.02038e-01
2	0	4	0	1	3	2.94738e-01	-1.61080e-01	2.70687e-01
2	0	5	0	1	3	1.70974e-01	2.75206e-01	2.01729e-01
2	0	6	0	1	3	3.73818e-01	9.75170e-02	3.97597e-01
2	0	7	0	1	3	3.15997e-01	6.59460e-02	3.24278e-01
#######################################################################
# BH2 Down                                                            #
#######################################################################
2	0	0	1	1	3	2.64639e-01	1.04767e-01	3.03250e-01
2	0	1	1	1	3	1.34101e+00	-8.16725e-01	9.87325e-01
2	0	2	1	1	3	4.33143e-01	-7.83380e-02	4.15357e-01
2	0	3	1	1	3	2.71422e-01	-7.15340e-02	2.53653e-01
2	0	4	1	1	3	2.16354e-01	1.56752e-01	2.36613e-01
2	0	5	1	1	3	2.26477e-01	2.19430e-01	2.54177e-01
2	0	6	1	1	3	1.46634e+00	-7.69085e-01	1.07966e+00
2	0	7	1	1	3	2.49431e-01	7.90660e-02	2.64418e-01
#######################################################################
# BAC                                                                 #
#######################################################################
3	0	0	0	1	3	0.00000e+00	0.00000e+00	0.00000e+00
3	0	1	0	1	3	0.00000e+00	0.00000e+00	0.00000e+00
#######################################################################
# FBH Up                                                              #
#######################################################################
4	0	0	0	2	3	-5.62952e-03	8.96903e-01	-3.53273e+01
4	0	1	0	2	3	-4.29399e-03	7.37975e-01	-3.00049e+01
4	0	2	0	2	3	-5.26894e-03	8.67305e-01	-3.38992e+01
4	0	3	0	2	3	-3.80183e-03	6.69237e-01	-2.72260e+01
4	0	4	0	2	3	-4.35014e-03	7.35785e-01	-2.92008e+01
4	0	5	0	2	3	-4.02541e-03	6.86907e-01	-2.70312e+01
4	0	6	0	2	3	-4.16660e-03	7.08229e-01	-2.81512e+01
4	0	7	0	2	3	-3.93117e-03	6.84759e-01	-2.69101e+01
4	0	8	0	2	3	-4.14423e-03	6.96902e-01	-2.65883e+01
4	0	9	0	2	3	-2.83372e-03	5.62925e-01	-2.20787e+01
4	0	10	0	2	3	-4.07944e-03	7.09420e-01	-2.75603e+01
4	0	11	0	2	3	-3.50961e-03	6.50113e-01	-2.64167e+01
4	0	12	0	2	3	-3.52415e-03	6.49734e-01	-2.67232e+01
4	0	13	0	2	3	-4.13420e-03	7.26957e-01	-2.99675e+01
4	0	14	0	2	3	-4.90315e-03	8.27563e-01	-3.35630e+01
4	0	15	0	2	3	-4.73048e-03	8.13189e-01	-3.31901e+01
#######################################################################
# FBH Down                                                            #
#######################################################################
4	0	0	1	2	3	-5.62952e-03	8.96903e-01	-3.53273e+01
4	0	1	1	2	3	-4.29399e-03	7.37975e-01	-3.00049e+01
4	0	2	1	2	3	-5.26894e-03	8.67305e-01	-3.38992e+01
4	0	3	1	2	3	-3.80183e-03	6.69237e-01	-2.72260e+01
4	0	4	1	2	3	-4.35014e-03	7.35785e-01	-2.92008e+01
4	0	5	1	2	3	-4.02541e-03	6.86907e-01	-2.70312e+01
4	0	6	1	2	3	-4.16660e-03	7.08229e-01	-2.81512e+01
4	0	7	1	2	3	-3.93117e-03	6.84759e-01	-2.69101e+01
4	0	8	1	2	3	-4.14423e-03	6.96902e-01	-2.65883e+01
4	0	9	1	2	3	-2.83372e-03	5.62925e-01	-2.20787e+01
4	0	10	1	2	3	-4.07944e-03	7.09420e-01	-2.75603e+01
4	0	11	1	2	3	-3.50961e-03	6.50113e-01	-2.64167e+01
4	0	12	1	2	3	-3.52415e-03	6.49734e-01	-2.67232e+01
4	0	13	1	2	3	-4.13420e-03	7.26957e-01	-2.99675e+01
4	0	14	1	2	3	-4.90315e-03	8.27563e-01	-3.35630e+01
4	0	15	1	2	3	-4.73048e-03	8.13189e-01	-3.31901e+01
#######################################################################
# PVAC                                                                #
#######################################################################
5	0	0	0	1	3	0.00000e+00	0.00000e+00	0.00000e+00
#######################################################################
# FAC                                                                 #
#######################################################################
6	0	0	0	1	3	0.00000e+00	0.00000e+00	0.00000e+00
#######################################################################
# SCH                                                                 #
#######################################################################
#7	0	0	0	2	3	-0.00500000	0.821213	-32.185321
#7	0	1	0	2	3	-0.00500000	0.830248	-32.269563
#7	0	2	0	2	3	-0.00500000	0.793073	-29.315934
#7	0	3	0	2	3	-0.00500000	0.772144	-28.276705
#7	0	4	0	2	3	-0.00500000	0.801968	-30.687167
#7	0	5	0	2	3	-0.00500000	0.778300	-28.439251
#7	0	6	0	2	3	-0.00500000	0.765872	-27.918181
#7	0	7	0	2	3	-0.00500000	0.738459	-26.016797
#7	0	8	0	2	3	-0.00500000	0.778318	-28.676371
#7	0	9	0	2	3	-0.00500000	0.776670	-28.892887
#7	0	10	0	2	3	-0.00500000	0.764278	-28.122474
#7	0	11	0	2	3	-0.00500000	0.790742	-29.423647
#7	0	12	0	2	3	-0.00500000	0.811330	-30.487019
#7	0	13	0	2	3	-0.00500000	0.818750	-30.891512
#7	0	14	0	2	3	-0.00500000	0.802541	-30.009136
#7	0	15	0	2	3	-0.00500000	0.809525	-30.751746
#7	0	16	0	2	3	-0.00500000	0.802597	-30.845509
#7	0	17	0	2	3	-0.00500000	0.835028	-32.780792
#7	0	18	0	2	3	-0.00500000	0.859176	-33.938731
#7	0	19	0	2	3	-0.00500000	0.814851	-31.445396
#7	0	20	0	2	3	-0.00500000	0.809426	-30.781087
#7	0	21	0	2	3	-0.00500000	0.780678	-28.888756
#7	0	22	0	2	3	-0.00500000	0.808206	-30.719604
#7	0	23	0	2	3	-0.00500000	0.774024	-27.858339
#7	0	24	0	2	3	-0.00500000	0.794308	-29.022101
#7	0	25	0	2	3	-0.00500000	0.775649	-27.980186
#7	0	26	0	2	3	-0.00500000	0.788483	-28.687567
#7	0	27	0	2	3	-0.00466315	0.771386	-29.253260
#7	0	28	0	2	3	-0.00483132	0.790854	-28.637741
#7	0	29	0	2	3	-0.00497049	0.812994	-30.786914
#7	0	30	0	2	3	-0.00500000	0.787793	-28.362716
#7	0	31	0	2	3	-0.00500000	0.790759	-28.876812
#7	0	32	0	2	3	-0.00500000	0.824826	-31.655285
#7	0	33	0	2	3	-0.00500000	0.845304	-33.407765
#7	0	34	0	2	3	-0.00500000	0.832263	-32.939799
#7	0	35	0	2	3	-0.00500000	0.820631	-31.695372
#7	0	36	0	2	3	-0.00500000	0.836997	-33.200590
#7	0	37	0	2	3	-0.00500000	0.819690	-32.097193
#7	0	38	0	2	3	-0.00500000	0.808109	-31.263214
#7	0	39	0	2	3	-0.00500000	0.815224	-31.135523
#7	0	40	0	2	3	-0.00500000	0.803398	-29.897923
#7	0	41	0	2	3	-0.00500000	0.815685	-31.165519
#7	0	42	0	2	3	-0.00500000	0.812980	-30.737261
#7	0	43	0	2	3	-0.00500000	0.829418	-32.693307
#7	0	44	0	2	3	-0.00500000	0.789530	-29.464920
#7	0	45	0	2	3	-0.00500000	0.804789	-31.208151
#7	0	46	0	2	3	-0.00500000	0.830106	-32.806514
#7	0	47	0	2	3	-0.00500000	0.819206	-31.373242
#7	0	48	0	2	3	-0.00500000	0.816165	-31.709319
#7	0	49	0	2	3	-0.00500000	0.798496	-30.201709
#7	0	50	0	2	3	-0.00500000	0.812167	-31.795745
#7	0	51	0	2	3	-0.00500000	0.810749	-31.375226
#7	0	52	0	2	3	-0.00500000	0.803385	-31.372512
#7	0	53	0	2	3	-0.00500000	0.777405	-29.262831
#7	0	54	0	2	3	-0.00500000	0.783954	-29.763410
#7	0	55	0	2	3	-0.00500000	0.789443	-29.976449
#7	0	56	0	2	3	-0.00500000	0.838828	-33.261086
#7	0	57	0	2	3	-0.00500000	0.804421	-30.573195
#7	0	58	0	2	3	-0.00500000	0.773283	-29.111048
#7	0	59	0	2	3	-0.00500000	0.811789	-31.449459
#7	0	60	0	2	3	-0.00500000	0.759724	-28.110014
#7	0	61	0	2	3	-0.00500000	0.810884	-31.379063
#7	0	62	0	2	3	-0.00500000	0.771910	-28.435006
#7	0	63	0	2	3	-0.00500000	0.796658	-30.511906
#######################################################################
# TOF Up                                                              #
#######################################################################
7	0	0	0	1	3	5.24830e+00	-1.96630e+00	2.96170e+00
7	0	1	0	1	3	5.24830e+00	-1.96630e+00	2.96170e+00
7	0	2	0	1	3	5.24830e+00	-1.96630e+00	2.96170e+00
7	0	3	0	1	3	5.24830e+00	-1.96630e+00	2.96170e+00
7	0	4	0	1	3	5.24830e+00	-1.96630e+00	2.96170e+00
7	0	5	0	1	3	5.24830e+00	-1.96630e+00	2.96170e+00
7	0	6	0	1	3	6.97090e+00	-3.03520e+00	3.39910e+00
7	0	7	0	1	3	4.05450e+00	-1.96150e+00	2.30360e+00
7	0	8	0	1	3	1.16940e+02	-2.98600e+01	2.09880e+01
7	0	9	0	1	3	5.24830e+00	-1.96630e+00	2.96170e+00
7	0	10	0	1	3	5.24830e+00	-1.96630e+00	2.96170e+00
7	0	11	0	1	3	5.24830e+00	-1.96630e+00	2.96170e+00
7	0	12	0	1	3	5.24830e+00	-1.96630e+00	2.96170e+00
7	0	13	0	1	3	5.24830e+00	-1.96630e+00	2.96170e+00
7	0	14	0	1	3	5.24830e+00	-1.96630e+00	2.96170e+00
7	0	15	0	1	3	5.24830e+00	-1.96630e+00	2.96170e+00
7	0	16	0	1	3	5.24830e+00	-1.96630e+00	2.96170e+00
7	0	17	0	1	3	5.24830e+00	-1.96630e+00	2.96170e+00
7	0	18	0	1	3	5.24830e+00	-1.96630e+00	2.96170e+00
7	0	19	0	1	3	7.11491e-01	1.85180e-03	5.82402e-01
7	0	20	0	1	3	5.59404e-01	-1.73810e-03	4.50716e-01
7	0	21	0	1	3	8.92499e-01	1.99900e-03	7.37364e-01
7	0	22	0	1	3	6.37553e-01	1.99960e-03	5.45449e-01
7	0	23	0	1	3	1.19210e+00	1.98920e-03	9.99994e-01
#######################################################################
# TOF Down                                                            #
#######################################################################
7	0	0	1	1	3	5.84300e+00	-2.30730e+00	3.11320e+00
7	0	1	1	1	3	5.84300e+00	-2.30730e+00	3.11320e+00
7	0	2	1	1	3	5.84300e+00	-2.30730e+00	3.11320e+00
7	0	3	1	1	3	5.84300e+00	-2.30730e+00	3.11320e+00
7	0	4	1	1	3	5.84300e+00	-2.30730e+00	3.11320e+00
7	0	5	1	1	3	5.84300e+00	-2.30730e+00	3.11320e+00
7	0	6	1	1	3	1.41330e+01	-5.81170e+00	5.32680e+00
7	0	7	1	1	3	7.84850e+01	-2.02870e+01	1.69500e+01
7	0	8	1	1	3	2.20240e+02	-3.62440e+01	3.60080e+01
7	0	9	1	1	3	5.84300e+00	-2.30730e+00	3.11320e+00
7	0	10	1	1	3	5.84300e+00	-2.30730e+00	3.11320e+00
7	0	11	1	1	3	5.84300e+00	-2.30730e+00	3.11320e+00
7	0	12	1	1	3	5.84300e+00	-2.30730e+00	3.11320e+00
7	0	13	1	1	3	5.84300e+00	-2.30730e+00	3.11320e+00
7	0	14	1	1	3	5.84300e+00	-2.30730e+00	3.11320e+00
7	0	15	1	1	3	5.84300e+00	-2.30730e+00	3.11320e+00
7	0	16	1	1	3	5.84300e+00	-2.30730e+00	3.11320e+00
7	0	17	1	1	3	5.84300e+00	-2.30730e+00	3.11320e+00
7	0	18	1	1	3	5.84300e+00	-2.30730e+00	3.11320e+00
7	0	19	1	1	3	6.18741e-01	1.99860e-03	4.90831e-01
7	0	20	1	1	3	5.75901e-01	1.04210e-03	4.72509e-01
7	0	21	1	1	3	9.41046e-01	1.99890e-03	7.79357e-01
7	0	22	1	1	3	4.84266e-01	-1.95590e-03	3.99786e-01
7	0	23	1	1	3	8.97714e-01	1.99860e-03	7.56300e-01
#######################################################################
# BFT U                                                               #
#######################################################################
110	0	0	0	2	3	2.01501e-03	-4.23194e-01	1.36496e+01
110	0	1	0	2	3	2.34406e-03	-4.83437e-01	1.57275e+01
110	0	2	0	2	3	2.47006e-03	-4.72991e-01	1.46846e+01
110	0	3	0	2	3	2.07213e-03	-4.35353e-01	1.29884e+01
110	0	4	0	2	3	-5.08806e-03	1.17386e-01	3.73506e+00
110	0	5	0	2	3	-2.39254e-03	-6.54629e-02	7.13470e+00
110	0	6	0	2	3	8.87602e-04	-3.50983e-01	1.19576e+01
110	0	7	0	2	3	5.27646e-03	-6.47947e-01	1.67108e+01
110	0	8	0	2	3	4.33708e-03	-5.90077e-01	1.61478e+01
110	0	9	0	2	3	2.62452e-03	-4.58501e-01	1.41378e+01
110	0	10	0	2	3	4.32671e-03	-5.91886e-01	1.64941e+01
110	0	11	0	2	3	4.07061e-03	-5.74114e-01	1.65360e+01
110	0	12	0	2	3	3.76465e-03	-5.49949e-01	1.50417e+01
110	0	13	0	2	3	2.81912e-03	-4.70669e-01	1.43258e+01
110	0	14	0	2	3	3.90779e-03	-5.55967e-01	1.49283e+01
110	0	15	0	2	3	1.59734e-03	-3.91660e-01	1.31850e+01
110	0	16	0	2	3	4.02755e-03	-5.69426e-01	1.51889e+01
110	0	17	0	2	3	4.74185e-03	-6.21534e-01	1.79388e+01
110	0	18	0	2	3	4.32026e-03	-5.94463e-01	1.56220e+01
110	0	19	0	2	3	3.53911e-03	-5.43888e-01	1.47224e+01
110	0	20	0	2	3	2.82830e-03	-4.83880e-01	1.42020e+01
110	0	21	0	2	3	3.57339e-03	-5.26890e-01	1.63340e+01
110	0	22	0	2	3	4.60177e-03	-6.12937e-01	1.63359e+01
110	0	23	0	2	3	3.68867e-03	-5.42982e-01	1.55427e+01
110	0	24	0	2	3	4.57764e-03	-6.11283e-01	1.67737e+01
110	0	25	0	2	3	3.55280e-03	-5.24150e-01	1.55749e+01
110	0	26	0	2	3	4.08134e-03	-5.82023e-01	1.69370e+01
110	0	27	0	2	3	4.24164e-03	-5.81806e-01	1.61205e+01
110	0	28	0	2	3	3.68519e-03	-5.47124e-01	1.47670e+01
110	0	29	0	2	3	3.58345e-03	-5.32745e-01	1.57890e+01
110	0	30	0	2	3	3.63767e-03	-5.50883e-01	1.62239e+01
110	0	31	0	2	3	4.99660e-03	-6.45286e-01	1.84386e+01
110	0	32	0	2	3	4.15052e-03	-5.87886e-01	1.61349e+01
110	0	33	0	2	3	3.54318e-03	-5.16267e-01	1.31716e+01
110	0	34	0	2	3	4.54079e-03	-6.09843e-01	1.71744e+01
110	0	35	0	2	3	4.61172e-03	-6.15874e-01	1.77070e+01
110	0	36	0	2	3	3.79949e-03	-5.47097e-01	1.48932e+01
110	0	37	0	2	3	5.22474e-03	-6.63057e-01	1.86276e+01
110	0	38	0	2	3	4.02183e-03	-5.70666e-01	1.59424e+01
110	0	39	0	2	3	4.30654e-03	-5.89298e-01	1.69293e+01
110	0	40	0	2	3	4.04791e-03	-5.65402e-01	1.51151e+01
110	0	41	0	2	3	4.42633e-03	-5.96938e-01	1.71543e+01
110	0	42	0	2	3	3.94069e-03	-5.62522e-01	1.56756e+01
110	0	43	0	2	3	5.20416e-03	-6.67142e-01	1.91543e+01
110	0	44	0	2	3	4.00842e-03	-5.71449e-01	1.54666e+01
110	0	45	0	2	3	4.26489e-03	-5.81241e-01	1.63730e+01
110	0	46	0	2	3	4.26790e-03	-5.99973e-01	1.72349e+01
110	0	47	0	2	3	4.81049e-03	-6.39453e-01	1.87336e+01
110	0	48	0	2	3	3.65108e-03	-5.41620e-01	1.39013e+01
110	0	49	0	2	3	4.62464e-03	-6.11586e-01	1.74375e+01
110	0	50	0	2	3	4.56991e-03	-6.10827e-01	1.65450e+01
110	0	51	0	2	3	4.59834e-03	-6.08485e-01	1.72238e+01
110	0	52	0	2	3	3.56635e-03	-5.34290e-01	1.43468e+01
110	0	53	0	2	3	4.25933e-03	-5.84826e-01	1.68035e+01
110	0	54	0	2	3	4.49149e-03	-6.07912e-01	1.61835e+01
110	0	55	0	2	3	4.88624e-03	-6.33570e-01	1.76788e+01
110	0	56	0	2	3	3.63139e-03	-5.56410e-01	1.63149e+01
110	0	57	0	2	3	4.70935e-03	-6.20051e-01	1.71227e+01
110	0	58	0	2	3	3.97653e-03	-5.72741e-01	1.66518e+01
110	0	59	0	2	3	4.45905e-03	-6.18463e-01	1.85169e+01
110	0	60	0	2	3	3.72037e-03	-5.58341e-01	1.50523e+01
110	0	61	0	2	3	3.69379e-03	-5.43772e-01	1.64475e+01
110	0	62	0	2	3	4.63788e-03	-6.14756e-01	1.61911e+01
110	0	63	0	2	3	4.40723e-03	-6.00443e-01	1.64319e+01
110	0	64	0	2	3	3.83912e-03	-5.67098e-01	1.58589e+01
110	0	65	0	2	3	4.08954e-03	-5.77548e-01	1.60869e+01
110	0	66	0	2	3	4.64198e-03	-6.35207e-01	1.83033e+01
110	0	67	0	2	3	3.84964e-03	-5.64971e-01	1.60829e+01
110	0	68	0	2	3	3.80907e-03	-5.73798e-01	1.65410e+01
110	0	69	0	2	3	4.07073e-03	-5.72800e-01	1.64975e+01
110	0	70	0	2	3	4.20564e-03	-6.05645e-01	1.70809e+01
110	0	71	0	2	3	4.35612e-03	-6.01732e-01	1.65073e+01
110	0	72	0	2	3	3.67249e-03	-5.58022e-01	1.60750e+01
110	0	73	0	2	3	4.10228e-03	-5.84170e-01	1.66253e+01
110	0	74	0	2	3	4.71566e-03	-6.38476e-01	1.75925e+01
110	0	75	0	2	3	4.40150e-03	-6.00185e-01	1.71144e+01
110	0	76	0	2	3	3.79121e-03	-5.61529e-01	1.52233e+01
110	0	77	0	2	3	3.87776e-03	-5.63983e-01	1.58418e+01
110	0	78	0	2	3	4.40357e-03	-6.15217e-01	1.75309e+01
110	0	79	0	2	3	4.35326e-03	-5.96999e-01	1.60358e+01
110	0	80	0	2	3	3.91211e-03	-5.70346e-01	1.64545e+01
110	0	81	0	2	3	4.29443e-03	-5.85617e-01	1.58414e+01
110	0	82	0	2	3	4.11150e-03	-5.83642e-01	1.62282e+01
110	0	83	0	2	3	4.44042e-03	-6.07241e-01	1.71537e+01
110	0	84	0	2	3	3.78943e-03	-5.59728e-01	1.57239e+01
110	0	85	0	2	3	4.07117e-03	-5.73043e-01	1.59668e+01
110	0	86	0	2	3	4.59145e-03	-6.30733e-01	1.68368e+01
110	0	87	0	2	3	4.96129e-03	-6.54938e-01	1.88694e+01
110	0	88	0	2	3	3.80576e-03	-5.56313e-01	1.60164e+01
110	0	89	0	2	3	4.12849e-03	-5.81614e-01	1.67511e+01
110	0	90	0	2	3	4.26265e-03	-5.96400e-01	1.69085e+01
110	0	91	0	2	3	4.51401e-03	-6.19907e-01	1.70965e+01
110	0	92	0	2	3	4.01413e-03	-5.87989e-01	1.66728e+01
110	0	93	0	2	3	3.91729e-03	-5.63398e-01	1.61678e+01
110	0	94	0	2	3	4.51184e-03	-6.33894e-01	1.85213e+01
110	0	95	0	2	3	4.50097e-03	-6.16350e-01	1.78420e+01
110	0	96	0	2	3	3.71159e-03	-5.66497e-01	1.69545e+01
110	0	97	0	2	3	4.22201e-03	-5.88835e-01	1.64396e+01
110	0	98	0	2	3	4.36240e-03	-6.15918e-01	1.67971e+01
110	0	99	0	2	3	4.34507e-03	-5.94460e-01	1.61648e+01
110	0	100	0	2	3	3.78550e-03	-5.64820e-01	1.64143e+01
110	0	101	0	2	3	3.75082e-03	-5.56506e-01	1.58234e+01
110	0	102	0	2	3	4.74044e-03	-6.36141e-01	1.79057e+01
110	0	103	0	2	3	4.96217e-03	-6.48902e-01	1.80639e+01
110	0	104	0	2	3	4.05041e-03	-5.83426e-01	1.58500e+01
110	0	105	0	2	3	3.89410e-03	-5.64689e-01	1.63873e+01
110	0	106	0	2	3	4.58741e-03	-6.25194e-01	1.76852e+01
110	0	107	0	2	3	4.96303e-03	-6.39504e-01	1.71963e+01
110	0	108	0	2	3	3.38073e-03	-5.38238e-01	1.59248e+01
110	0	109	0	2	3	3.92180e-03	-5.69697e-01	1.64081e+01
110	0	110	0	2	3	4.06560e-03	-5.85231e-01	1.67143e+01
110	0	111	0	2	3	4.48185e-03	-6.21626e-01	1.75627e+01
110	0	112	0	2	3	3.93428e-03	-5.69021e-01	1.61973e+01
110	0	113	0	2	3	4.42474e-03	-5.97211e-01	1.67593e+01
110	0	114	0	2	3	5.35223e-03	-6.82830e-01	1.86428e+01
110	0	115	0	2	3	5.21662e-03	-6.63517e-01	1.81019e+01
110	0	116	0	2	3	4.13297e-03	-5.88886e-01	1.63875e+01
110	0	117	0	2	3	3.93482e-03	-5.68422e-01	1.63227e+01
110	0	118	0	2	3	4.31346e-03	-6.09220e-01	1.75560e+01
110	0	119	0	2	3	4.93029e-03	-6.32719e-01	1.65006e+01
110	0	120	0	2	3	3.77040e-03	-5.73815e-01	1.64761e+01
110	0	121	0	2	3	4.42512e-03	-5.96553e-01	1.54896e+01
110	0	122	0	2	3	2.69637e-03	-4.85265e-01	1.57916e+01
110	0	123	0	2	3	3.85410e-03	-5.64672e-01	1.67029e+01
110	0	124	0	2	3	3.34201e-03	-5.31940e-01	1.62217e+01
110	0	125	0	2	3	3.02697e-03	-4.94378e-01	1.30916e+01
110	0	126	0	2	3	3.26302e-03	-5.16523e-01	1.51151e+01
110	0	127	0	2	3	4.91516e-03	-6.32795e-01	1.74673e+01
110	0	128	0	2	3	2.55566e-03	-5.14319e-01	1.67509e+01
110	0	129	0	2	3	3.90305e-03	-5.93017e-01	1.75798e+01
110	0	130	0	2	3	-3.05088e-03	-5.54652e-02	7.55238e+00
110	0	131	0	2	3	3.16370e-03	-5.09343e-01	1.67625e+01
110	0	132	0	2	3	1.63284e-03	-4.08478e-01	1.44941e+01
110	0	133	0	2	3	2.74686e-03	-4.94439e-01	1.58602e+01
110	0	134	0	2	3	2.54290e-03	-5.13164e-01	1.66079e+01
110	0	135	0	2	3	9.66372e-04	-3.63143e-01	1.36830e+01
110	0	136	0	2	3	3.10279e-03	-5.27234e-01	1.57997e+01
110	0	137	0	2	3	-1.84928e-03	-1.66938e-01	1.04413e+01
110	0	138	0	2	3	1.40613e-03	-4.04170e-01	1.43572e+01
110	0	139	0	2	3	4.53742e-04	-3.31257e-01	1.27143e+01
110	0	140	0	2	3	1.43287e-03	-4.07223e-01	1.47423e+01
110	0	141	0	2	3	3.09407e-03	-5.43088e-01	1.62392e+01
110	0	142	0	2	3	1.62332e-03	-4.25726e-01	1.46044e+01
110	0	143	0	2	3	2.40990e-03	-4.79294e-01	1.51180e+01
110	0	144	0	2	3	2.71114e-03	-5.10745e-01	1.63780e+01
110	0	145	0	2	3	3.86792e-03	-5.74829e-01	1.70937e+01
110	0	146	0	2	3	-5.29356e-03	8.36528e-02	5.33727e+00
110	0	147	0	2	3	7.06372e-03	-8.09375e-01	2.05755e+01
110	0	148	0	2	3	2.42425e-03	-4.86005e-01	1.61251e+01
110	0	149	0	2	3	2.53360e-03	-4.80752e-01	1.55496e+01
110	0	150	0	2	3	8.61281e-04	-3.58997e-01	1.34682e+01
110	0	151	0	2	3	3.19468e-04	-3.11589e-01	1.22279e+01
110	0	152	0	2	3	1.62590e-03	-4.33972e-01	1.55395e+01
110	0	153	0	2	3	3.14294e-03	-5.36963e-01	1.68725e+01
110	0	154	0	2	3	2.79290e-03	-5.17104e-01	1.58976e+01
110	0	155	0	2	3	-1.55750e-02	8.35312e-01	-8.55364e+00
110	0	156	0	2	3	-5.33564e-03	9.37386e-02	5.36965e+00
110	0	157	0	2	3	-8.24956e-03	3.89165e-01	-1.65766e+00
110	0	158	0	2	3	-3.97735e-03	4.75754e-02	4.34273e+00
110	0	159	0	2	3	-2.19849e-02	1.37894e+00	-1.95669e+01
#######################################################################
# BFT D                                                               #
#######################################################################
110	1	0	0	2	3	1.71675e-03	-4.06699e-01	1.40107e+01
110	1	1	0	2	3	-1.06919e-03	-2.11083e-01	1.11207e+01
110	1	2	0	2	3	1.59186e-03	-4.41463e-01	1.45963e+01
110	1	3	0	2	3	-5.61828e-03	1.41671e-01	3.98244e+00
110	1	4	0	2	3	4.11748e-03	-5.89653e-01	1.63430e+01
110	1	5	0	2	3	7.09323e-04	-3.42346e-01	1.29877e+01
110	1	6	0	2	3	2.61564e-03	-4.87173e-01	1.45624e+01
110	1	7	0	2	3	4.19259e-03	-5.87286e-01	1.66046e+01
110	1	8	0	2	3	3.42409e-03	-5.32558e-01	1.54550e+01
110	1	9	0	2	3	1.83759e-03	-4.14023e-01	1.48569e+01
110	1	10	0	2	3	3.33930e-03	-5.32507e-01	1.53884e+01
110	1	11	0	2	3	2.34910e-03	-4.55111e-01	1.51607e+01
110	1	12	0	2	3	4.37662e-03	-6.05625e-01	1.70662e+01
110	1	13	0	2	3	3.47490e-03	-5.48920e-01	1.68075e+01
110	1	14	0	2	3	3.86006e-03	-5.90478e-01	1.69193e+01
110	1	15	0	2	3	3.69087e-03	-5.50775e-01	1.65217e+01
110	1	16	0	2	3	3.38045e-03	-5.42734e-01	1.61808e+01
110	1	17	0	2	3	2.32539e-03	-4.54633e-01	1.41575e+01
110	1	18	0	2	3	3.41130e-03	-5.41009e-01	1.55077e+01
110	1	19	0	2	3	5.21966e-03	-6.64132e-01	1.82276e+01
110	1	20	0	2	3	3.63242e-03	-5.71287e-01	1.61831e+01
110	1	21	0	2	3	2.80955e-03	-4.99336e-01	1.64472e+01
110	1	22	0	2	3	3.08441e-03	-5.13912e-01	1.55516e+01
110	1	23	0	2	3	2.84901e-03	-4.81608e-01	1.50027e+01
110	1	24	0	2	3	3.25742e-03	-5.27522e-01	1.57182e+01
110	1	25	0	2	3	3.47291e-03	-5.37411e-01	1.63275e+01
110	1	26	0	2	3	3.58689e-03	-5.56462e-01	1.61554e+01
110	1	27	0	2	3	4.35631e-03	-6.04506e-01	1.82748e+01
110	1	28	0	2	3	3.51989e-03	-5.49436e-01	1.60130e+01
110	1	29	0	2	3	2.81898e-03	-4.97960e-01	1.58724e+01
110	1	30	0	2	3	3.53553e-03	-5.48311e-01	1.62218e+01
110	1	31	0	2	3	4.38237e-03	-6.10677e-01	1.79008e+01
110	1	32	0	2	3	3.31399e-03	-5.36334e-01	1.62991e+01
110	1	33	0	2	3	3.06752e-03	-5.14119e-01	1.49790e+01
110	1	34	0	2	3	4.33651e-03	-5.94961e-01	1.54280e+01
110	1	35	0	2	3	3.53710e-03	-5.58932e-01	1.71214e+01
110	1	36	0	2	3	3.64119e-03	-5.47306e-01	1.58809e+01
110	1	37	0	2	3	3.51458e-03	-5.36443e-01	1.55161e+01
110	1	38	0	2	3	3.89912e-03	-5.72368e-01	1.65617e+01
110	1	39	0	2	3	4.34285e-03	-5.97430e-01	1.76147e+01
110	1	40	0	2	3	3.78223e-03	-5.58416e-01	1.59544e+01
110	1	41	0	2	3	3.80108e-03	-5.56675e-01	1.62592e+01
110	1	42	0	2	3	3.59558e-03	-5.44394e-01	1.51976e+01
110	1	43	0	2	3	4.39564e-03	-6.02814e-01	1.79105e+01
110	1	44	0	2	3	4.03656e-03	-5.83079e-01	1.65463e+01
110	1	45	0	2	3	3.41802e-03	-5.32314e-01	1.61032e+01
110	1	46	0	2	3	3.99054e-03	-5.84585e-01	1.66159e+01
110	1	47	0	2	3	3.94834e-03	-5.92365e-01	1.82332e+01
110	1	48	0	2	3	3.70828e-03	-5.55280e-01	1.57336e+01
110	1	49	0	2	3	3.58247e-03	-5.45580e-01	1.66929e+01
110	1	50	0	2	3	4.33857e-03	-6.04161e-01	1.65811e+01
110	1	51	0	2	3	4.05254e-03	-5.81061e-01	1.69757e+01
110	1	52	0	2	3	3.89012e-03	-5.79312e-01	1.64880e+01
110	1	53	0	2	3	3.70027e-03	-5.53304e-01	1.67461e+01
110	1	54	0	2	3	4.19200e-03	-6.00593e-01	1.68015e+01
110	1	55	0	2	3	4.33934e-03	-6.04261e-01	1.75547e+01
110	1	56	0	2	3	3.85655e-03	-5.83586e-01	1.66902e+01
110	1	57	0	2	3	4.12216e-03	-5.89959e-01	1.70539e+01
110	1	58	0	2	3	4.60966e-03	-6.43575e-01	1.87287e+01
110	1	59	0	2	3	4.67633e-03	-6.40863e-01	1.93173e+01
110	1	60	0	2	3	3.73588e-03	-5.67422e-01	1.61561e+01
110	1	61	0	2	3	4.28294e-03	-5.88535e-01	1.75205e+01
110	1	62	0	2	3	4.12122e-03	-5.90373e-01	1.54613e+01
110	1	63	0	2	3	4.73503e-03	-6.34300e-01	1.81663e+01
110	1	64	0	2	3	3.93518e-03	-5.80752e-01	1.66969e+01
110	1	65	0	2	3	4.42216e-03	-6.07556e-01	1.69325e+01
110	1	66	0	2	3	4.42289e-03	-6.21607e-01	1.71676e+01
110	1	67	0	2	3	4.21210e-03	-5.96310e-01	1.68543e+01
110	1	68	0	2	3	3.49170e-03	-5.37584e-01	1.52913e+01
110	1	69	0	2	3	4.14917e-03	-5.88755e-01	1.66980e+01
110	1	70	0	2	3	4.21522e-03	-5.97497e-01	1.67752e+01
110	1	71	0	2	3	4.60996e-03	-6.35706e-01	1.79471e+01
110	1	72	0	2	3	3.78387e-03	-5.64840e-01	1.67622e+01
110	1	73	0	2	3	4.08398e-03	-5.95285e-01	1.77226e+01
110	1	74	0	2	3	4.07670e-03	-5.85641e-01	1.52978e+01
110	1	75	0	2	3	4.39255e-03	-6.15120e-01	1.69467e+01
110	1	76	0	2	3	3.47503e-03	-5.43811e-01	1.62548e+01
110	1	77	0	2	3	4.05552e-03	-5.91340e-01	1.65731e+01
110	1	78	0	2	3	3.90406e-03	-5.76687e-01	1.61636e+01
110	1	79	0	2	3	4.33978e-03	-6.03941e-01	1.65876e+01
110	1	80	0	2	3	3.70360e-03	-5.56300e-01	1.63267e+01
110	1	81	0	2	3	3.83319e-03	-5.64335e-01	1.62037e+01
110	1	82	0	2	3	4.52014e-03	-6.20513e-01	1.74508e+01
110	1	83	0	2	3	4.43263e-03	-6.00752e-01	1.61455e+01
110	1	84	0	2	3	3.54057e-03	-5.35419e-01	1.54073e+01
110	1	85	0	2	3	3.79571e-03	-5.63011e-01	1.55142e+01
110	1	86	0	2	3	4.08903e-03	-5.88469e-01	1.66232e+01
110	1	87	0	2	3	4.54686e-03	-6.06241e-01	1.48817e+01
110	1	88	0	2	3	3.65542e-03	-5.56593e-01	1.68527e+01
110	1	89	0	2	3	3.84033e-03	-5.70564e-01	1.63307e+01
110	1	90	0	2	3	3.85686e-03	-5.69493e-01	1.61815e+01
110	1	91	0	2	3	4.08104e-03	-5.82112e-01	1.63636e+01
110	1	92	0	2	3	3.41323e-03	-5.31586e-01	1.59165e+01
110	1	93	0	2	3	3.94926e-03	-5.74142e-01	1.59031e+01
110	1	94	0	2	3	4.10718e-03	-5.92127e-01	1.68156e+01
110	1	95	0	2	3	4.06435e-03	-5.88800e-01	1.68915e+01
110	1	96	0	2	3	3.61950e-03	-5.48078e-01	1.59025e+01
110	1	97	0	2	3	3.86905e-03	-5.68524e-01	1.62402e+01
110	1	98	0	2	3	4.48489e-03	-6.31052e-01	1.78057e+01
110	1	99	0	2	3	4.12586e-03	-5.86799e-01	1.68776e+01
110	1	100	0	2	3	3.50378e-03	-5.28753e-01	1.50173e+01
110	1	101	0	2	3	3.63913e-03	-5.51682e-01	1.58269e+01
110	1	102	0	2	3	4.22818e-03	-6.05261e-01	1.75075e+01
110	1	103	0	2	3	4.38036e-03	-6.05071e-01	1.71281e+01
110	1	104	0	2	3	3.37455e-03	-5.32352e-01	1.61672e+01
110	1	105	0	2	3	4.14928e-03	-5.86572e-01	1.61837e+01
110	1	106	0	2	3	3.77017e-03	-5.70891e-01	1.67228e+01
110	1	107	0	2	3	4.70982e-03	-6.27008e-01	1.66527e+01
110	1	108	0	2	3	3.78463e-03	-5.66630e-01	1.66081e+01
110	1	109	0	2	3	3.41831e-03	-5.37859e-01	1.59182e+01
110	1	110	0	2	3	4.13297e-03	-5.95868e-01	1.63598e+01
110	1	111	0	2	3	4.89183e-03	-6.51134e-01	1.84612e+01
110	1	112	0	2	3	3.87283e-03	-5.72789e-01	1.67886e+01
110	1	113	0	2	3	4.06248e-03	-5.81243e-01	1.71839e+01
110	1	114	0	2	3	3.96781e-03	-5.86185e-01	1.68599e+01
110	1	115	0	2	3	4.22397e-03	-5.91619e-01	1.70249e+01
110	1	116	0	2	3	4.39815e-03	-6.05916e-01	1.74790e+01
110	1	117	0	2	3	3.87361e-03	-5.66868e-01	1.58714e+01
110	1	118	0	2	3	4.16284e-03	-5.85891e-01	1.51838e+01
110	1	119	0	2	3	4.99794e-03	-6.48917e-01	1.74575e+01
110	1	120	0	2	3	3.98944e-03	-5.82797e-01	1.69220e+01
110	1	121	0	2	3	3.48166e-03	-5.40237e-01	1.62814e+01
110	1	122	0	2	3	3.81008e-03	-5.81929e-01	1.74477e+01
110	1	123	0	2	3	5.45309e-03	-6.99070e-01	1.98275e+01
110	1	124	0	2	3	4.06014e-03	-5.82462e-01	1.65819e+01
110	1	125	0	2	3	4.02145e-03	-5.88420e-01	1.66099e+01
110	1	126	0	2	3	3.41193e-03	-5.35421e-01	1.53414e+01
110	1	127	0	2	3	4.40903e-03	-6.08709e-01	1.66872e+01
110	1	128	0	2	3	3.31888e-03	-5.65592e-01	1.78864e+01
110	1	129	0	2	3	4.35861e-03	-6.29153e-01	1.86979e+01
110	1	130	0	2	3	5.28002e-03	-6.86785e-01	1.87540e+01
110	1	131	0	2	3	-3.84191e-03	5.03688e-04	6.50411e+00
110	1	132	0	2	3	3.34331e-03	-5.44909e-01	1.72727e+01
110	1	133	0	2	3	5.39256e-03	-6.80440e-01	1.86810e+01
110	1	134	0	2	3	3.39959e-03	-5.66595e-01	1.69674e+01
110	1	135	0	2	3	3.91612e-03	-5.71695e-01	1.60971e+01
110	1	136	0	2	3	4.32045e-03	-6.40422e-01	1.96992e+01
110	1	137	0	2	3	4.61413e-03	-6.45240e-01	1.79236e+01
110	1	138	0	2	3	3.08463e-03	-5.29842e-01	1.54887e+01
110	1	139	0	2	3	3.50789e-03	-5.61594e-01	1.64687e+01
110	1	140	0	2	3	4.82318e-03	-6.43842e-01	1.81876e+01
110	1	141	0	2	3	3.36598e-03	-5.48637e-01	1.65086e+01
110	1	142	0	2	3	9.66865e-04	-3.72061e-01	1.32555e+01
110	1	143	0	2	3	-9.20451e-03	4.12513e-01	-8.79181e-01
110	1	144	0	2	3	2.66070e-03	-5.11694e-01	1.64097e+01
110	1	145	0	2	3	4.33607e-03	-6.09143e-01	1.77625e+01
110	1	146	0	2	3	1.88330e-03	-4.56276e-01	1.53209e+01
110	1	147	0	2	3	5.13988e-03	-6.68850e-01	1.80079e+01
110	1	148	0	2	3	5.83375e-03	-7.42752e-01	1.99273e+01
110	1	149	0	2	3	2.38604e-03	-4.74490e-01	1.50058e+01
110	1	150	0	2	3	-2.21723e-03	-1.29957e-01	8.55255e+00
110	1	151	0	2	3	6.13120e-03	-7.35172e-01	1.97364e+01
110	1	152	0	2	3	-7.86406e-03	2.86182e-01	1.46743e+00
110	1	153	0	2	3	-1.26775e-02	6.97304e-01	-6.09380e+00
110	1	154	0	2	3	6.08514e-03	-7.36789e-01	1.93456e+01
110	1	155	0	2	3	2.71679e-04	-3.19334e-01	1.24873e+01
110	1	156	0	2	3	3.67673e-03	-5.89731e-01	1.72339e+01
110	1	157	0	2	3	5.33056e-03	-6.97697e-01	1.93295e+01
110	1	158	0	2	3	-4.38634e-03	1.62287e-02	7.45306e+00
110	1	159	0	2	3	-1.59467e-02	8.55177e-01	-8.05982e+00
