##
#  file: HodoPHCParam_Dummy
#  date: 2016.06.15
#  note: first version
#
#
#######################################################################
# CId	PlId	Seg	UorD	Type	nParam	p0	p1	...
#
#	Type=0 no correction will be performed
#	Type=1 ct=t-p[0]/sqrt(a-p[1])+p[2]
#	Type=2 ct=p[0]*a*a + p[1]*a + p[2] for Fiber
#
#######################################################################
# BH1 Up                                                              #
#######################################################################
1	0	0	0	1	3	5.08705e+00	-1.98362e+00	2.93454e+00
1	0	1	0	1	3	6.69706e-01	2.91546e-01	8.10244e-01
1	0	2	0	1	3	5.01779e-01	3.94271e-01	6.64278e-01
1	0	3	0	1	3	7.45330e-01	1.66754e-01	8.56036e-01
1	0	4	0	1	3	8.52890e-01	8.60054e-02	9.27134e-01
1	0	5	0	1	3	1.69981e+00	-1.50393e-01	1.62794e+00
1	0	6	0	1	3	1.58582e+00	-2.35346e-01	1.46587e+00
1	0	7	0	1	3	1.61970e+00	-1.46184e-01	1.54504e+00
1	0	8	0	1	3	1.37546e+00	-2.52696e-01	1.28233e+00
1	0	9	0	1	3	1.74814e+00	-2.76223e-01	1.64100e+00
1	0	10	0	1	3	1.60339e+01	-4.62629e+00	6.81205e+00
#######################################################################
# BH1 Down                                                            #
#######################################################################
1	0	0	1	1	3	1.33519e+00	-9.13138e-02	1.27257e+00
1	0	1	1	1	3	6.24909e-01	2.88647e-01	7.65429e-01
1	0	2	1	1	3	6.68954e-01	2.21542e-01	7.45264e-01
1	0	3	1	1	3	1.32364e+00	-4.57464e-01	1.08318e+00
1	0	4	1	1	3	1.18002e+00	-7.91080e-02	1.17008e+00
1	0	5	1	1	3	2.07299e+00	-4.79828e-01	1.70935e+00
1	0	6	1	1	3	1.96000e+00	-5.20196e-01	1.63958e+00
1	0	7	1	1	3	1.89852e+00	-4.50289e-01	1.60743e+00
1	0	8	1	1	3	1.02469e+00	-6.73213e-02	1.04734e+00
1	0	9	1	1	3	1.64894e+00	-1.85977e-01	1.61292e+00
1	0	10	1	1	3	7.15603e-01	2.22738e-01	8.54972e-01
#######################################################################
# BH2 Up                                                              #
#######################################################################
2	0	0	0	1	3	1.43047e-01	2.98695e-01	2.00085e-01
2	0	1	0	1	3	8.79554e-01	-2.31747e-01	7.85839e-01
2	0	2	0	1	3	5.94572e-01	-4.97541e-01	4.68956e-01
2	0	3	0	1	3	1.91725e-01	3.94747e-02	1.91115e-01
2	0	4	0	1	3	3.31184e-01	-9.38469e-02	3.15823e-01
2	0	5	0	1	3	1.99769e-01	2.70254e-01	2.37321e-01
2	0	6	0	1	3	2.58948e-01	2.41832e-01	3.10133e-01
2	0	7	0	1	3	3.50426e-01	8.80094e-02	3.70898e-01
#######################################################################
# BH2 Down                                                            #
#######################################################################
2	0	0	1	1	3	3.94607e-01	-1.85207e-01	3.84440e-01
2	0	1	1	1	3	9.92155e-01	-3.85817e-01	8.32122e-01
2	0	2	1	1	3	4.10986e-01	-9.27803e-02	3.90143e-01
2	0	3	1	1	3	1.76416e-01	4.84160e-02	1.75490e-01
2	0	4	1	1	3	2.42956e-01	1.23979e-01	2.64593e-01
2	0	5	1	1	3	3.57967e-01	4.32013e-02	3.63973e-01
2	0	6	1	1	3	1.22093e+00	-6.67168e-01	9.30075e-01
2	0	7	1	1	3	2.92156e-01	-4.36810e-03	2.98702e-01
#######################################################################
# BAC                                                                 #
#######################################################################
3	0	0	0	1	3	0.00000e+00	0.00000e+00	0.00000e+00
3	0	1	0	1	3	0.00000e+00	0.00000e+00	0.00000e+00
#######################################################################
# FBH Up                                                              #
#######################################################################
4	0	0	0	2	3	-5.62952e-03	8.96903e-01	-3.53273e+01
4	0	1	0	2	3	-4.29399e-03	7.37975e-01	-3.00049e+01
4	0	2	0	2	3	-5.26894e-03	8.67305e-01	-3.38992e+01
4	0	3	0	2	3	-3.80183e-03	6.69237e-01	-2.72260e+01
4	0	4	0	2	3	-4.35014e-03	7.35785e-01	-2.92008e+01
4	0	5	0	2	3	-4.02541e-03	6.86907e-01	-2.70312e+01
4	0	6	0	2	3	-4.16660e-03	7.08229e-01	-2.81512e+01
4	0	7	0	2	3	-3.93117e-03	6.84759e-01	-2.69101e+01
4	0	8	0	2	3	-4.14423e-03	6.96902e-01	-2.65883e+01
4	0	9	0	2	3	-2.83372e-03	5.62925e-01	-2.20787e+01
4	0	10	0	2	3	-4.07944e-03	7.09420e-01	-2.75603e+01
4	0	11	0	2	3	-3.50961e-03	6.50113e-01	-2.64167e+01
4	0	12	0	2	3	-3.52415e-03	6.49734e-01	-2.67232e+01
4	0	13	0	2	3	-4.13420e-03	7.26957e-01	-2.99675e+01
4	0	14	0	2	3	-4.90315e-03	8.27563e-01	-3.35630e+01
4	0	15	0	2	3	-4.73048e-03	8.13189e-01	-3.31901e+01
#######################################################################
# FBH Down                                                            #
#######################################################################
4	0	0	1	2	3	-5.62952e-03	8.96903e-01	-3.53273e+01
4	0	1	1	2	3	-4.29399e-03	7.37975e-01	-3.00049e+01
4	0	2	1	2	3	-5.26894e-03	8.67305e-01	-3.38992e+01
4	0	3	1	2	3	-3.80183e-03	6.69237e-01	-2.72260e+01
4	0	4	1	2	3	-4.35014e-03	7.35785e-01	-2.92008e+01
4	0	5	1	2	3	-4.02541e-03	6.86907e-01	-2.70312e+01
4	0	6	1	2	3	-4.16660e-03	7.08229e-01	-2.81512e+01
4	0	7	1	2	3	-3.93117e-03	6.84759e-01	-2.69101e+01
4	0	8	1	2	3	-4.14423e-03	6.96902e-01	-2.65883e+01
4	0	9	1	2	3	-2.83372e-03	5.62925e-01	-2.20787e+01
4	0	10	1	2	3	-4.07944e-03	7.09420e-01	-2.75603e+01
4	0	11	1	2	3	-3.50961e-03	6.50113e-01	-2.64167e+01
4	0	12	1	2	3	-3.52415e-03	6.49734e-01	-2.67232e+01
4	0	13	1	2	3	-4.13420e-03	7.26957e-01	-2.99675e+01
4	0	14	1	2	3	-4.90315e-03	8.27563e-01	-3.35630e+01
4	0	15	1	2	3	-4.73048e-03	8.13189e-01	-3.31901e+01
#######################################################################
# PVAC                                                                #
#######################################################################
5	0	0	0	1	3	0.00000e+00	0.00000e+00	0.00000e+00
#######################################################################
# FAC                                                                 #
#######################################################################
6	0	0	0	1	3	0.00000e+00	0.00000e+00	0.00000e+00
#######################################################################
# SCH                                                                 #
#######################################################################
#7	0	0	0	2	3	-0.00500000	0.821213	-32.185321
#7	0	1	0	2	3	-0.00500000	0.830248	-32.269563
#7	0	2	0	2	3	-0.00500000	0.793073	-29.315934
#7	0	3	0	2	3	-0.00500000	0.772144	-28.276705
#7	0	4	0	2	3	-0.00500000	0.801968	-30.687167
#7	0	5	0	2	3	-0.00500000	0.778300	-28.439251
#7	0	6	0	2	3	-0.00500000	0.765872	-27.918181
#7	0	7	0	2	3	-0.00500000	0.738459	-26.016797
#7	0	8	0	2	3	-0.00500000	0.778318	-28.676371
#7	0	9	0	2	3	-0.00500000	0.776670	-28.892887
#7	0	10	0	2	3	-0.00500000	0.764278	-28.122474
#7	0	11	0	2	3	-0.00500000	0.790742	-29.423647
#7	0	12	0	2	3	-0.00500000	0.811330	-30.487019
#7	0	13	0	2	3	-0.00500000	0.818750	-30.891512
#7	0	14	0	2	3	-0.00500000	0.802541	-30.009136
#7	0	15	0	2	3	-0.00500000	0.809525	-30.751746
#7	0	16	0	2	3	-0.00500000	0.802597	-30.845509
#7	0	17	0	2	3	-0.00500000	0.835028	-32.780792
#7	0	18	0	2	3	-0.00500000	0.859176	-33.938731
#7	0	19	0	2	3	-0.00500000	0.814851	-31.445396
#7	0	20	0	2	3	-0.00500000	0.809426	-30.781087
#7	0	21	0	2	3	-0.00500000	0.780678	-28.888756
#7	0	22	0	2	3	-0.00500000	0.808206	-30.719604
#7	0	23	0	2	3	-0.00500000	0.774024	-27.858339
#7	0	24	0	2	3	-0.00500000	0.794308	-29.022101
#7	0	25	0	2	3	-0.00500000	0.775649	-27.980186
#7	0	26	0	2	3	-0.00500000	0.788483	-28.687567
#7	0	27	0	2	3	-0.00466315	0.771386	-29.253260
#7	0	28	0	2	3	-0.00483132	0.790854	-28.637741
#7	0	29	0	2	3	-0.00497049	0.812994	-30.786914
#7	0	30	0	2	3	-0.00500000	0.787793	-28.362716
#7	0	31	0	2	3	-0.00500000	0.790759	-28.876812
#7	0	32	0	2	3	-0.00500000	0.824826	-31.655285
#7	0	33	0	2	3	-0.00500000	0.845304	-33.407765
#7	0	34	0	2	3	-0.00500000	0.832263	-32.939799
#7	0	35	0	2	3	-0.00500000	0.820631	-31.695372
#7	0	36	0	2	3	-0.00500000	0.836997	-33.200590
#7	0	37	0	2	3	-0.00500000	0.819690	-32.097193
#7	0	38	0	2	3	-0.00500000	0.808109	-31.263214
#7	0	39	0	2	3	-0.00500000	0.815224	-31.135523
#7	0	40	0	2	3	-0.00500000	0.803398	-29.897923
#7	0	41	0	2	3	-0.00500000	0.815685	-31.165519
#7	0	42	0	2	3	-0.00500000	0.812980	-30.737261
#7	0	43	0	2	3	-0.00500000	0.829418	-32.693307
#7	0	44	0	2	3	-0.00500000	0.789530	-29.464920
#7	0	45	0	2	3	-0.00500000	0.804789	-31.208151
#7	0	46	0	2	3	-0.00500000	0.830106	-32.806514
#7	0	47	0	2	3	-0.00500000	0.819206	-31.373242
#7	0	48	0	2	3	-0.00500000	0.816165	-31.709319
#7	0	49	0	2	3	-0.00500000	0.798496	-30.201709
#7	0	50	0	2	3	-0.00500000	0.812167	-31.795745
#7	0	51	0	2	3	-0.00500000	0.810749	-31.375226
#7	0	52	0	2	3	-0.00500000	0.803385	-31.372512
#7	0	53	0	2	3	-0.00500000	0.777405	-29.262831
#7	0	54	0	2	3	-0.00500000	0.783954	-29.763410
#7	0	55	0	2	3	-0.00500000	0.789443	-29.976449
#7	0	56	0	2	3	-0.00500000	0.838828	-33.261086
#7	0	57	0	2	3	-0.00500000	0.804421	-30.573195
#7	0	58	0	2	3	-0.00500000	0.773283	-29.111048
#7	0	59	0	2	3	-0.00500000	0.811789	-31.449459
#7	0	60	0	2	3	-0.00500000	0.759724	-28.110014
#7	0	61	0	2	3	-0.00500000	0.810884	-31.379063
#7	0	62	0	2	3	-0.00500000	0.771910	-28.435006
#7	0	63	0	2	3	-0.00500000	0.796658	-30.511906
#######################################################################
# TOF Up                                                              #
#######################################################################
7	0	0	0	1	3	5.24830e+00	-1.96630e+00	2.96170e+00
7	0	1	0	1	3	5.24830e+00	-1.96630e+00	2.96170e+00
7	0	2	0	1	3	5.24830e+00	-1.96630e+00	2.96170e+00
7	0	3	0	1	3	5.24830e+00	-1.96630e+00	2.96170e+00
7	0	4	0	1	3	5.24830e+00	-1.96630e+00	2.96170e+00
7	0	5	0	1	3	5.24830e+00	-1.96630e+00	2.96170e+00
7	0	6	0	1	3	6.97090e+00	-3.03520e+00	3.39910e+00
7	0	7	0	1	3	4.05450e+00	-1.96150e+00	2.30360e+00
7	0	8	0	1	3	1.16940e+02	-2.98600e+01	2.09880e+01
7	0	9	0	1	3	5.24830e+00	-1.96630e+00	2.96170e+00
7	0	10	0	1	3	5.24830e+00	-1.96630e+00	2.96170e+00
7	0	11	0	1	3	5.24830e+00	-1.96630e+00	2.96170e+00
7	0	12	0	1	3	5.24830e+00	-1.96630e+00	2.96170e+00
7	0	13	0	1	3	5.24830e+00	-1.96630e+00	2.96170e+00
7	0	14	0	1	3	5.24830e+00	-1.96630e+00	2.96170e+00
7	0	15	0	1	3	5.24830e+00	-1.96630e+00	2.96170e+00
7	0	16	0	1	3	5.24830e+00	-1.96630e+00	2.96170e+00
7	0	17	0	1	3	5.24830e+00	-1.96630e+00	2.96170e+00
7	0	18	0	1	3	5.24830e+00	-1.96630e+00	2.96170e+00
7	0	19	0	1	3	7.11491e-01	1.85180e-03	5.82402e-01
7	0	20	0	1	3	5.59404e-01	-1.73810e-03	4.50716e-01
7	0	21	0	1	3	8.92499e-01	1.99900e-03	7.37364e-01
7	0	22	0	1	3	6.37553e-01	1.99960e-03	5.45449e-01
7	0	23	0	1	3	1.19210e+00	1.98920e-03	9.99994e-01
#######################################################################
# TOF Down                                                            #
#######################################################################
7	0	0	1	1	3	5.84300e+00	-2.30730e+00	3.11320e+00
7	0	1	1	1	3	5.84300e+00	-2.30730e+00	3.11320e+00
7	0	2	1	1	3	5.84300e+00	-2.30730e+00	3.11320e+00
7	0	3	1	1	3	5.84300e+00	-2.30730e+00	3.11320e+00
7	0	4	1	1	3	5.84300e+00	-2.30730e+00	3.11320e+00
7	0	5	1	1	3	5.84300e+00	-2.30730e+00	3.11320e+00
7	0	6	1	1	3	1.41330e+01	-5.81170e+00	5.32680e+00
7	0	7	1	1	3	7.84850e+01	-2.02870e+01	1.69500e+01
7	0	8	1	1	3	2.20240e+02	-3.62440e+01	3.60080e+01
7	0	9	1	1	3	5.84300e+00	-2.30730e+00	3.11320e+00
7	0	10	1	1	3	5.84300e+00	-2.30730e+00	3.11320e+00
7	0	11	1	1	3	5.84300e+00	-2.30730e+00	3.11320e+00
7	0	12	1	1	3	5.84300e+00	-2.30730e+00	3.11320e+00
7	0	13	1	1	3	5.84300e+00	-2.30730e+00	3.11320e+00
7	0	14	1	1	3	5.84300e+00	-2.30730e+00	3.11320e+00
7	0	15	1	1	3	5.84300e+00	-2.30730e+00	3.11320e+00
7	0	16	1	1	3	5.84300e+00	-2.30730e+00	3.11320e+00
7	0	17	1	1	3	5.84300e+00	-2.30730e+00	3.11320e+00
7	0	18	1	1	3	5.84300e+00	-2.30730e+00	3.11320e+00
7	0	19	1	1	3	6.18741e-01	1.99860e-03	4.90831e-01
7	0	20	1	1	3	5.75901e-01	1.04210e-03	4.72509e-01
7	0	21	1	1	3	9.41046e-01	1.99890e-03	7.79357e-01
7	0	22	1	1	3	4.84266e-01	-1.95590e-03	3.99786e-01
7	0	23	1	1	3	8.97714e-01	1.99860e-03	7.56300e-01
#######################################################################
# BFT U                                                               #
#######################################################################
110	0	0	0	2	3	2.40785e-03	-4.77515e-01	1.39464e+01
110	0	1	0	2	3	3.66468e-03	-5.37810e-01	1.43282e+01
110	0	2	0	2	3	4.28976e-03	-5.97465e-01	1.53985e+01
110	0	3	0	2	3	2.70444e-03	-4.83453e-01	1.25037e+01
110	0	4	0	2	3	3.24318e-03	-5.19657e-01	1.44105e+01
110	0	5	0	2	3	4.20406e-03	-5.74205e-01	1.55301e+01
110	0	6	0	2	3	3.19876e-03	-5.20449e-01	1.37358e+01
110	0	7	0	2	3	4.98972e-03	-6.34535e-01	1.63604e+01
110	0	8	0	2	3	3.71314e-03	-5.55780e-01	1.45504e+01
110	0	9	0	2	3	3.58668e-03	-5.35826e-01	1.55046e+01
110	0	10	0	2	3	3.41657e-03	-5.37325e-01	1.34642e+01
110	0	11	0	2	3	3.83489e-03	-5.51015e-01	1.57343e+01
110	0	12	0	2	3	3.61352e-03	-5.45547e-01	1.38468e+01
110	0	13	0	2	3	3.68278e-03	-5.48073e-01	1.57990e+01
110	0	14	0	2	3	3.53787e-03	-5.44304e-01	1.37353e+01
110	0	15	0	2	3	4.79762e-03	-6.34604e-01	1.74418e+01
110	0	16	0	2	3	3.46448e-03	-5.28732e-01	1.32181e+01
110	0	17	0	2	3	4.59276e-03	-6.05539e-01	1.62343e+01
110	0	18	0	2	3	4.05032e-03	-5.75376e-01	1.40276e+01
110	0	19	0	2	3	4.27282e-03	-5.96988e-01	1.43823e+01
110	0	20	0	2	3	3.56865e-03	-5.37548e-01	1.38724e+01
110	0	21	0	2	3	3.42139e-03	-5.23551e-01	1.61534e+01
110	0	22	0	2	3	4.09105e-03	-5.82759e-01	1.46549e+01
110	0	23	0	2	3	4.69329e-03	-6.15928e-01	1.66104e+01
110	0	24	0	2	3	4.05711e-03	-5.76975e-01	1.49664e+01
110	0	25	0	2	3	3.98466e-03	-5.57339e-01	1.59368e+01
110	0	26	0	2	3	4.30069e-03	-6.00508e-01	1.60734e+01
110	0	27	0	2	3	4.48103e-03	-5.90584e-01	1.58574e+01
110	0	28	0	2	3	3.56618e-03	-5.41803e-01	1.24798e+01
110	0	29	0	2	3	3.83758e-03	-5.55190e-01	1.50334e+01
110	0	30	0	2	3	3.67443e-03	-5.55385e-01	1.40755e+01
110	0	31	0	2	3	4.42930e-03	-5.99724e-01	1.62957e+01
110	0	32	0	2	3	4.24589e-03	-5.94416e-01	1.50327e+01
110	0	33	0	2	3	4.14977e-03	-5.58282e-01	1.36970e+01
110	0	34	0	2	3	4.58805e-03	-6.15709e-01	1.51042e+01
110	0	35	0	2	3	4.60519e-03	-6.20045e-01	1.67034e+01
110	0	36	0	2	3	3.83675e-03	-5.52752e-01	1.38118e+01
110	0	37	0	2	3	4.13572e-03	-5.77438e-01	1.67208e+01
110	0	38	0	2	3	4.07534e-03	-5.72340e-01	1.36913e+01
110	0	39	0	2	3	4.89122e-03	-6.30870e-01	1.64628e+01
110	0	40	0	2	3	3.59499e-03	-5.36185e-01	1.34338e+01
110	0	41	0	2	3	4.15061e-03	-5.74292e-01	1.64685e+01
110	0	42	0	2	3	4.40290e-03	-5.92677e-01	1.49424e+01
110	0	43	0	2	3	4.42322e-03	-6.06110e-01	1.67729e+01
110	0	44	0	2	3	3.75603e-03	-5.57068e-01	1.40533e+01
110	0	45	0	2	3	3.94576e-03	-5.57621e-01	1.57096e+01
110	0	46	0	2	3	4.68423e-03	-6.29788e-01	1.55400e+01
110	0	47	0	2	3	4.88684e-03	-6.39006e-01	1.83726e+01
110	0	48	0	2	3	3.66857e-03	-5.44979e-01	1.27464e+01
110	0	49	0	2	3	4.36292e-03	-5.91180e-01	1.68021e+01
110	0	50	0	2	3	4.50090e-03	-6.06707e-01	1.52532e+01
110	0	51	0	2	3	4.48256e-03	-6.03187e-01	1.59497e+01
110	0	52	0	2	3	3.70037e-03	-5.47048e-01	1.33592e+01
110	0	53	0	2	3	4.29016e-03	-5.83531e-01	1.54257e+01
110	0	54	0	2	3	4.44714e-03	-6.06046e-01	1.48820e+01
110	0	55	0	2	3	4.50227e-03	-6.05417e-01	1.69046e+01
110	0	56	0	2	3	3.89036e-03	-5.76118e-01	1.53995e+01
110	0	57	0	2	3	4.42545e-03	-5.99540e-01	1.64595e+01
110	0	58	0	2	3	4.14844e-03	-5.86782e-01	1.56152e+01
110	0	59	0	2	3	4.36928e-03	-6.08735e-01	1.69612e+01
110	0	60	0	2	3	3.78380e-03	-5.65976e-01	1.39033e+01
110	0	61	0	2	3	3.85421e-03	-5.56899e-01	1.53818e+01
110	0	62	0	2	3	4.62097e-03	-6.16271e-01	1.49131e+01
110	0	63	0	2	3	4.14906e-03	-5.81648e-01	1.47553e+01
110	0	64	0	2	3	4.05631e-03	-5.81380e-01	1.47129e+01
110	0	65	0	2	3	4.05632e-03	-5.75138e-01	1.56732e+01
110	0	66	0	2	3	4.65436e-03	-6.36847e-01	1.70050e+01
110	0	67	0	2	3	3.69099e-03	-5.53053e-01	1.55070e+01
110	0	68	0	2	3	3.79660e-03	-5.71961e-01	1.51209e+01
110	0	69	0	2	3	4.04271e-03	-5.68627e-01	1.50187e+01
110	0	70	0	2	3	4.49400e-03	-6.26832e-01	1.50831e+01
110	0	71	0	2	3	4.30007e-03	-5.97493e-01	1.60500e+01
110	0	72	0	2	3	3.85512e-03	-5.71826e-01	1.39174e+01
110	0	73	0	2	3	4.28407e-03	-5.97669e-01	1.54626e+01
110	0	74	0	2	3	4.57799e-03	-6.30298e-01	1.60605e+01
110	0	75	0	2	3	4.41739e-03	-6.00140e-01	1.56779e+01
110	0	76	0	2	3	3.73989e-03	-5.58352e-01	1.37407e+01
110	0	77	0	2	3	4.12186e-03	-5.80844e-01	1.56837e+01
110	0	78	0	2	3	4.42347e-03	-6.17716e-01	1.51682e+01
110	0	79	0	2	3	4.42387e-03	-6.03032e-01	1.57060e+01
110	0	80	0	2	3	3.86316e-03	-5.70408e-01	1.50685e+01
110	0	81	0	2	3	3.96221e-03	-5.62463e-01	1.49889e+01
110	0	82	0	2	3	4.38275e-03	-6.01848e-01	1.50672e+01
110	0	83	0	2	3	4.66157e-03	-6.23936e-01	1.60106e+01
110	0	84	0	2	3	3.92360e-03	-5.69376e-01	1.44020e+01
110	0	85	0	2	3	3.92826e-03	-5.65770e-01	1.54264e+01
110	0	86	0	2	3	4.58628e-03	-6.31288e-01	1.53866e+01
110	0	87	0	2	3	4.69069e-03	-6.29586e-01	1.68217e+01
110	0	88	0	2	3	3.61174e-03	-5.44991e-01	1.43466e+01
110	0	89	0	2	3	4.21414e-03	-5.90532e-01	1.54784e+01
110	0	90	0	2	3	4.32456e-03	-6.05890e-01	1.46647e+01
110	0	91	0	2	3	4.45523e-03	-6.14565e-01	1.54912e+01
110	0	92	0	2	3	3.90731e-03	-5.80982e-01	1.50471e+01
110	0	93	0	2	3	3.80262e-03	-5.56592e-01	1.45564e+01
110	0	94	0	2	3	4.23430e-03	-6.15098e-01	1.66803e+01
110	0	95	0	2	3	4.17162e-03	-5.91901e-01	1.58898e+01
110	0	96	0	2	3	3.99103e-03	-5.84542e-01	1.46983e+01
110	0	97	0	2	3	4.04294e-03	-5.76751e-01	1.57264e+01
110	0	98	0	2	3	4.39249e-03	-6.20895e-01	1.54253e+01
110	0	99	0	2	3	4.33968e-03	-5.93267e-01	1.56207e+01
110	0	100	0	2	3	3.94667e-03	-5.73798e-01	1.49656e+01
110	0	101	0	2	3	3.72080e-03	-5.53266e-01	1.52092e+01
110	0	102	0	2	3	4.44643e-03	-6.18927e-01	1.61407e+01
110	0	103	0	2	3	4.81475e-03	-6.36057e-01	1.62520e+01
110	0	104	0	2	3	4.49700e-03	-6.17256e-01	1.49138e+01
110	0	105	0	2	3	4.75920e-03	-6.24165e-01	1.58443e+01
110	0	106	0	2	3	4.31465e-03	-6.08520e-01	1.58971e+01
110	0	107	0	2	3	4.60653e-03	-6.13885e-01	1.51728e+01
110	0	108	0	2	3	3.85730e-03	-5.75062e-01	1.50529e+01
110	0	109	0	2	3	4.38392e-03	-6.00670e-01	1.53816e+01
110	0	110	0	2	3	4.08366e-03	-5.91307e-01	1.53517e+01
110	0	111	0	2	3	4.58014e-03	-6.26906e-01	1.60730e+01
110	0	112	0	2	3	3.90232e-03	-5.65014e-01	1.35074e+01
110	0	113	0	2	3	4.46221e-03	-6.05333e-01	1.54292e+01
110	0	114	0	2	3	4.17815e-03	-5.99927e-01	1.56383e+01
110	0	115	0	2	3	5.09245e-03	-6.50828e-01	1.62331e+01
110	0	116	0	2	3	4.18636e-03	-5.97859e-01	1.50674e+01
110	0	117	0	2	3	4.10596e-03	-5.82193e-01	1.60290e+01
110	0	118	0	2	3	4.60708e-03	-6.32327e-01	1.63675e+01
110	0	119	0	2	3	4.57824e-03	-6.10271e-01	1.45917e+01
110	0	120	0	2	3	4.23582e-03	-6.10195e-01	1.55205e+01
110	0	121	0	2	3	4.50821e-03	-6.08095e-01	1.41590e+01
110	0	122	0	2	3	4.13282e-03	-6.01296e-01	1.64920e+01
110	0	123	0	2	3	4.77288e-03	-6.33180e-01	1.62897e+01
110	0	124	0	2	3	4.00978e-03	-5.82378e-01	1.54780e+01
110	0	125	0	2	3	4.16936e-03	-5.70784e-01	1.27160e+01
110	0	126	0	2	3	4.87724e-03	-6.42894e-01	1.58558e+01
110	0	127	0	2	3	5.08331e-03	-6.50744e-01	1.62356e+01
110	0	128	0	2	3	4.65539e-03	-6.60919e-01	1.75527e+01
110	0	129	0	2	3	3.74025e-03	-5.79522e-01	1.55865e+01
110	0	130	0	2	3	2.50103e-03	-4.99042e-01	1.45826e+01
110	0	131	0	2	3	2.31973e-03	-4.55622e-01	1.32094e+01
110	0	132	0	2	3	3.85370e-03	-5.89597e-01	1.64784e+01
110	0	133	0	2	3	2.92701e-03	-5.11624e-01	1.45610e+01
110	0	134	0	2	3	3.44223e-03	-5.76127e-01	1.59625e+01
110	0	135	0	2	3	-2.59786e-03	-1.10029e-01	6.61974e+00
110	0	136	0	2	3	3.67090e-03	-5.66947e-01	1.47547e+01
110	0	137	0	2	3	4.24089e-03	-6.12528e-01	1.67287e+01
110	0	138	0	2	3	2.47520e-03	-4.87455e-01	1.43059e+01
110	0	139	0	2	3	2.84103e-03	-5.07171e-01	1.32597e+01
110	0	140	0	2	3	2.36967e-03	-4.75803e-01	1.43503e+01
110	0	141	0	2	3	2.19453e-03	-4.65548e-01	1.29385e+01
110	0	142	0	2	3	7.75225e-03	-8.91470e-01	2.16038e+01
110	0	143	0	2	3	2.58804e-04	-3.24295e-01	1.08373e+01
110	0	144	0	2	3	4.27388e-03	-6.25983e-01	1.57607e+01
110	0	145	0	2	3	5.19218e-03	-6.61337e-01	1.58247e+01
110	0	146	0	2	3	3.25639e-03	-5.47764e-01	1.51770e+01
110	0	147	0	2	3	2.31712e-03	-4.44197e-01	1.30877e+01
110	0	148	0	2	3	4.70448e-03	-6.50923e-01	1.63696e+01
110	0	149	0	2	3	3.73774e-03	-5.81446e-01	1.59611e+01
110	0	150	0	2	3	-1.73167e-03	-1.63767e-01	8.09598e+00
110	0	151	0	2	3	1.53417e-03	-3.99715e-01	1.20318e+01
110	0	152	0	2	3	-2.88988e-03	-9.56168e-02	7.65026e+00
110	0	153	0	2	3	3.67908e-03	-5.68566e-01	1.56254e+01
110	0	154	0	2	3	1.13533e-03	-3.91230e-01	1.19535e+01
110	0	155	0	2	3	4.65993e-03	-6.39419e-01	1.50974e+01
110	0	156	0	2	3	6.57106e-03	-7.63304e-01	1.87013e+01
110	0	157	0	2	3	-1.42320e-03	-1.85865e-01	8.74517e+00
110	0	158	0	2	3	1.31111e-03	-4.02512e-01	1.22338e+01
110	0	159	0	2	3	-1.43970e-04	-2.80146e-01	9.92960e+00
#######################################################################
# BFT D                                                               #
#######################################################################
110	1	0	0	2	3	2.81724e-03	-4.96282e-01	1.55131e+01
110	1	1	0	2	3	2.30448e-03	-4.48440e-01	1.39316e+01
110	1	2	0	2	3	3.43815e-03	-5.41979e-01	1.52981e+01
110	1	3	0	2	3	3.54500e-03	-5.46601e-01	1.62840e+01
110	1	4	0	2	3	3.38218e-03	-5.44286e-01	1.54885e+01
110	1	5	0	2	3	3.03554e-03	-5.11120e-01	1.57587e+01
110	1	6	0	2	3	4.16181e-03	-5.91298e-01	1.49173e+01
110	1	7	0	2	3	3.50833e-03	-5.31317e-01	1.52944e+01
110	1	8	0	2	3	3.96336e-03	-5.78873e-01	1.62365e+01
110	1	9	0	2	3	3.10639e-03	-5.25549e-01	1.70552e+01
110	1	10	0	2	3	4.31328e-03	-5.99416e-01	1.62843e+01
110	1	11	0	2	3	3.14613e-03	-5.21783e-01	1.52638e+01
110	1	12	0	2	3	3.18969e-03	-5.18882e-01	1.41857e+01
110	1	13	0	2	3	2.83067e-03	-4.92449e-01	1.53779e+01
110	1	14	0	2	3	4.38126e-03	-6.18436e-01	1.59768e+01
110	1	15	0	2	3	3.92150e-03	-5.71529e-01	1.66844e+01
110	1	16	0	2	3	3.32910e-03	-5.38157e-01	1.48029e+01
110	1	17	0	2	3	3.68228e-03	-5.50414e-01	1.54934e+01
110	1	18	0	2	3	3.92824e-03	-5.75791e-01	1.47797e+01
110	1	19	0	2	3	3.63640e-03	-5.51220e-01	1.59483e+01
110	1	20	0	2	3	4.07074e-03	-5.94561e-01	1.61454e+01
110	1	21	0	2	3	3.09786e-03	-5.20119e-01	1.65169e+01
110	1	22	0	2	3	3.83822e-03	-5.68751e-01	1.52039e+01
110	1	23	0	2	3	3.34639e-03	-5.20680e-01	1.55007e+01
110	1	24	0	2	3	3.89501e-03	-5.75666e-01	1.62888e+01
110	1	25	0	2	3	2.89799e-03	-4.96120e-01	1.53031e+01
110	1	26	0	2	3	4.59889e-03	-6.26515e-01	1.60184e+01
110	1	27	0	2	3	3.31591e-03	-5.21515e-01	1.63438e+01
110	1	28	0	2	3	3.63025e-03	-5.65172e-01	1.61416e+01
110	1	29	0	2	3	3.38525e-03	-5.31441e-01	1.60605e+01
110	1	30	0	2	3	3.69298e-03	-5.59908e-01	1.51625e+01
110	1	31	0	2	3	3.93589e-03	-5.79636e-01	1.71313e+01
110	1	32	0	2	3	3.79620e-03	-5.69826e-01	1.65792e+01
110	1	33	0	2	3	3.52832e-03	-5.48886e-01	1.53928e+01
110	1	34	0	2	3	4.07084e-03	-5.82987e-01	1.50978e+01
110	1	35	0	2	3	3.92229e-03	-5.82395e-01	1.72013e+01
110	1	36	0	2	3	3.66756e-03	-5.54032e-01	1.58110e+01
110	1	37	0	2	3	3.47301e-03	-5.34563e-01	1.42770e+01
110	1	38	0	2	3	4.05653e-03	-5.84321e-01	1.65320e+01
110	1	39	0	2	3	4.21982e-03	-5.87622e-01	1.61837e+01
110	1	40	0	2	3	3.81495e-03	-5.59306e-01	1.46789e+01
110	1	41	0	2	3	3.93121e-03	-5.65222e-01	1.61801e+01
110	1	42	0	2	3	4.01907e-03	-5.74738e-01	1.55125e+01
110	1	43	0	2	3	4.26046e-03	-5.92788e-01	1.74836e+01
110	1	44	0	2	3	3.65525e-03	-5.59283e-01	1.49519e+01
110	1	45	0	2	3	3.64417e-03	-5.52089e-01	1.62844e+01
110	1	46	0	2	3	3.84220e-03	-5.73185e-01	1.51542e+01
110	1	47	0	2	3	4.20067e-03	-6.09373e-01	1.82630e+01
110	1	48	0	2	3	3.83928e-03	-5.67142e-01	1.57026e+01
110	1	49	0	2	3	3.65315e-03	-5.45410e-01	1.63100e+01
110	1	50	0	2	3	4.26793e-03	-5.98779e-01	1.52216e+01
110	1	51	0	2	3	4.04067e-03	-5.80414e-01	1.66896e+01
110	1	52	0	2	3	4.12765e-03	-5.97309e-01	1.55204e+01
110	1	53	0	2	3	3.50328e-03	-5.37923e-01	1.61588e+01
110	1	54	0	2	3	4.58881e-03	-6.27555e-01	1.69552e+01
110	1	55	0	2	3	4.28131e-03	-5.97192e-01	1.70742e+01
110	1	56	0	2	3	3.91649e-03	-5.88852e-01	1.54882e+01
110	1	57	0	2	3	3.98893e-03	-5.78955e-01	1.65112e+01
110	1	58	0	2	3	4.60384e-03	-6.39655e-01	1.82664e+01
110	1	59	0	2	3	4.81271e-03	-6.48438e-01	1.90570e+01
110	1	60	0	2	3	3.95723e-03	-5.80296e-01	1.59564e+01
110	1	61	0	2	3	3.84623e-03	-5.55491e-01	1.55638e+01
110	1	62	0	2	3	3.92210e-03	-5.76511e-01	1.48558e+01
110	1	63	0	2	3	4.24982e-03	-5.97059e-01	1.71186e+01
110	1	64	0	2	3	4.03102e-03	-5.88897e-01	1.65148e+01
110	1	65	0	2	3	4.30477e-03	-5.98918e-01	1.64279e+01
110	1	66	0	2	3	4.66005e-03	-6.39168e-01	1.61049e+01
110	1	67	0	2	3	4.45350e-03	-6.14530e-01	1.58438e+01
110	1	68	0	2	3	3.37042e-03	-5.30623e-01	1.38292e+01
110	1	69	0	2	3	3.90410e-03	-5.72980e-01	1.60973e+01
110	1	70	0	2	3	4.28054e-03	-6.03556e-01	1.65034e+01
110	1	71	0	2	3	4.13638e-03	-5.96885e-01	1.67715e+01
110	1	72	0	2	3	3.82534e-03	-5.67995e-01	1.53889e+01
110	1	73	0	2	3	4.43303e-03	-6.17516e-01	1.76392e+01
110	1	74	0	2	3	4.29297e-03	-6.00113e-01	1.50951e+01
110	1	75	0	2	3	4.22580e-03	-6.03314e-01	1.63301e+01
110	1	76	0	2	3	3.82762e-03	-5.66543e-01	1.51512e+01
110	1	77	0	2	3	4.11304e-03	-5.93615e-01	1.61354e+01
110	1	78	0	2	3	4.25024e-03	-6.01129e-01	1.51249e+01
110	1	79	0	2	3	4.33079e-03	-6.01707e-01	1.60672e+01
110	1	80	0	2	3	3.88895e-03	-5.68717e-01	1.50693e+01
110	1	81	0	2	3	4.08644e-03	-5.81748e-01	1.50455e+01
110	1	82	0	2	3	4.27645e-03	-6.02348e-01	1.66258e+01
110	1	83	0	2	3	4.30242e-03	-5.91411e-01	1.55037e+01
110	1	84	0	2	3	3.68929e-03	-5.48696e-01	1.42032e+01
110	1	85	0	2	3	3.69374e-03	-5.57522e-01	1.49631e+01
110	1	86	0	2	3	4.12805e-03	-5.94737e-01	1.62895e+01
110	1	87	0	2	3	4.37225e-03	-5.94666e-01	1.42306e+01
110	1	88	0	2	3	4.04300e-03	-5.85486e-01	1.58468e+01
110	1	89	0	2	3	3.86777e-03	-5.74620e-01	1.49328e+01
110	1	90	0	2	3	4.14778e-03	-5.90904e-01	1.50400e+01
110	1	91	0	2	3	4.09594e-03	-5.82981e-01	1.58801e+01
110	1	92	0	2	3	3.73856e-03	-5.57699e-01	1.49016e+01
110	1	93	0	2	3	4.02250e-03	-5.79830e-01	1.54989e+01
110	1	94	0	2	3	3.78690e-03	-5.72244e-01	1.59864e+01
110	1	95	0	2	3	4.00139e-03	-5.83704e-01	1.52877e+01
110	1	96	0	2	3	3.51433e-03	-5.43804e-01	1.43467e+01
110	1	97	0	2	3	4.05265e-03	-5.80187e-01	1.58960e+01
110	1	98	0	2	3	4.32023e-03	-6.25321e-01	1.72798e+01
110	1	99	0	2	3	4.28206e-03	-5.98817e-01	1.55747e+01
110	1	100	0	2	3	3.52699e-03	-5.33793e-01	1.46300e+01
110	1	101	0	2	3	3.63468e-03	-5.51750e-01	1.52971e+01
110	1	102	0	2	3	4.36106e-03	-6.18275e-01	1.62546e+01
110	1	103	0	2	3	4.46309e-03	-6.10477e-01	1.56631e+01
110	1	104	0	2	3	4.09505e-03	-5.84880e-01	1.55373e+01
110	1	105	0	2	3	3.91168e-03	-5.73162e-01	1.54565e+01
110	1	106	0	2	3	4.89517e-03	-6.50797e-01	1.75329e+01
110	1	107	0	2	3	4.40120e-03	-6.07547e-01	1.57928e+01
110	1	108	0	2	3	3.97440e-03	-5.76439e-01	1.61171e+01
110	1	109	0	2	3	3.62424e-03	-5.52819e-01	1.56252e+01
110	1	110	0	2	3	4.41292e-03	-6.18627e-01	1.62505e+01
110	1	111	0	2	3	4.06399e-03	-5.93052e-01	1.69114e+01
110	1	112	0	2	3	3.95011e-03	-5.76240e-01	1.52210e+01
110	1	113	0	2	3	3.74134e-03	-5.62484e-01	1.53669e+01
110	1	114	0	2	3	4.10742e-03	-5.94029e-01	1.53539e+01
110	1	115	0	2	3	4.54729e-03	-6.18229e-01	1.59808e+01
110	1	116	0	2	3	4.23539e-03	-6.02868e-01	1.59581e+01
110	1	117	0	2	3	3.85548e-03	-5.64145e-01	1.51952e+01
110	1	118	0	2	3	4.76802e-03	-6.34417e-01	1.54810e+01
110	1	119	0	2	3	4.54966e-03	-6.19491e-01	1.63990e+01
110	1	120	0	2	3	3.41467e-03	-5.41687e-01	1.45409e+01
110	1	121	0	2	3	3.13668e-03	-5.13372e-01	1.41284e+01
110	1	122	0	2	3	5.38376e-03	-6.88557e-01	1.85254e+01
110	1	123	0	2	3	4.44176e-03	-6.25913e-01	1.79042e+01
110	1	124	0	2	3	4.76031e-03	-6.33313e-01	1.57924e+01
110	1	125	0	2	3	3.63263e-03	-5.58444e-01	1.53962e+01
110	1	126	0	2	3	4.41630e-03	-6.10769e-01	1.60484e+01
110	1	127	0	2	3	3.96299e-03	-5.83817e-01	1.57042e+01
110	1	128	0	2	3	4.20345e-03	-6.13633e-01	1.67134e+01
110	1	129	0	2	3	4.52407e-03	-6.42165e-01	1.72969e+01
110	1	130	0	2	3	4.03091e-03	-6.06076e-01	1.57577e+01
110	1	131	0	2	3	3.73104e-03	-5.71330e-01	1.55087e+01
110	1	132	0	2	3	3.71233e-03	-5.86601e-01	1.65749e+01
110	1	133	0	2	3	4.22379e-03	-5.99461e-01	1.56316e+01
110	1	134	0	2	3	4.03542e-03	-6.02979e-01	1.66706e+01
110	1	135	0	2	3	4.59741e-03	-6.20157e-01	1.62984e+01
110	1	136	0	2	3	4.24938e-03	-6.19278e-01	1.72562e+01
110	1	137	0	2	3	5.64941e-03	-7.09978e-01	1.81362e+01
110	1	138	0	2	3	3.21865e-03	-5.41330e-01	1.50401e+01
110	1	139	0	2	3	4.67597e-03	-6.33639e-01	1.68756e+01
110	1	140	0	2	3	3.57692e-03	-5.60629e-01	1.51416e+01
110	1	141	0	2	3	5.64116e-03	-6.96645e-01	1.72214e+01
110	1	142	0	2	3	4.99172e-03	-6.54980e-01	1.64375e+01
110	1	143	0	2	3	5.00731e-04	-3.36651e-01	1.18276e+01
110	1	144	0	2	3	4.29815e-03	-6.22581e-01	1.75551e+01
110	1	145	0	2	3	5.39028e-03	-6.69396e-01	1.68775e+01
110	1	146	0	2	3	4.67435e-03	-6.31835e-01	1.62331e+01
110	1	147	0	2	3	3.67594e-03	-5.51515e-01	1.40379e+01
110	1	148	0	2	3	4.10756e-03	-5.84814e-01	1.48417e+01
110	1	149	0	2	3	-6.52059e-03	1.95919e-01	1.90417e+00
110	1	150	0	2	3	-5.88660e-03	1.17241e-01	3.86744e+00
110	1	151	0	2	3	4.17142e-03	-6.07716e-01	1.61386e+01
110	1	152	0	2	3	2.50355e-03	-5.00944e-01	1.53958e+01
110	1	153	0	2	3	3.88903e-03	-5.68070e-01	1.60665e+01
110	1	154	0	2	3	4.93307e-03	-6.57852e-01	1.72284e+01
110	1	155	0	2	3	5.72022e-03	-6.96996e-01	1.62999e+01
110	1	156	0	2	3	2.36310e-03	-4.75715e-01	1.41984e+01
110	1	157	0	2	3	2.82888e-03	-5.19493e-01	1.55256e+01
110	1	158	0	2	3	2.30400e-04	-3.28878e-01	1.21615e+01
110	1	159	0	2	3	-1.70653e-03	-1.63631e-01	9.11856e+00
