##
#  file: HodoPHCParam_Dummy
#  date: 2016.06.15
#  note: first version
#
#
#######################################################################
# CId	PlId	Seg	UorD	Type	nParam	p0	p1	...
#
#	Type=0 no correction will be performed
#	Type=1 ct=t-p[0]/sqrt(a-p[1])+p[2]
#	Type=2 ct=p[0]*a*a + p[1]*a + p[2] for Fiber
#
#######################################################################
# BH1 Up                                                              #
#######################################################################
1	0	0	0	1	3	5.08705e+00	-1.98362e+00	2.93454e+00
1	0	1	0	1	3	6.69706e-01	2.91546e-01	8.10244e-01
1	0	2	0	1	3	5.01779e-01	3.94271e-01	6.64278e-01
1	0	3	0	1	3	7.45330e-01	1.66754e-01	8.56036e-01
1	0	4	0	1	3	8.52890e-01	8.60054e-02	9.27134e-01
1	0	5	0	1	3	1.69981e+00	-1.50393e-01	1.62794e+00
1	0	6	0	1	3	1.58582e+00	-2.35346e-01	1.46587e+00
1	0	7	0	1	3	1.61970e+00	-1.46184e-01	1.54504e+00
1	0	8	0	1	3	1.37546e+00	-2.52696e-01	1.28233e+00
1	0	9	0	1	3	1.74814e+00	-2.76223e-01	1.64100e+00
1	0	10	0	1	3	1.60339e+01	-4.62629e+00	6.81205e+00
#######################################################################
# BH1 Down                                                            #
#######################################################################
1	0	0	1	1	3	1.33519e+00	-9.13138e-02	1.27257e+00
1	0	1	1	1	3	6.24909e-01	2.88647e-01	7.65429e-01
1	0	2	1	1	3	6.68954e-01	2.21542e-01	7.45264e-01
1	0	3	1	1	3	1.32364e+00	-4.57464e-01	1.08318e+00
1	0	4	1	1	3	1.18002e+00	-7.91080e-02	1.17008e+00
1	0	5	1	1	3	2.07299e+00	-4.79828e-01	1.70935e+00
1	0	6	1	1	3	1.96000e+00	-5.20196e-01	1.63958e+00
1	0	7	1	1	3	1.89852e+00	-4.50289e-01	1.60743e+00
1	0	8	1	1	3	1.02469e+00	-6.73213e-02	1.04734e+00
1	0	9	1	1	3	1.64894e+00	-1.85977e-01	1.61292e+00
1	0	10	1	1	3	7.15603e-01	2.22738e-01	8.54972e-01
#######################################################################
# BH2 Up                                                              #
#######################################################################
2	0	0	0	1	3	1.43047e-01	2.98695e-01	2.00085e-01
2	0	1	0	1	3	8.79554e-01	-2.31747e-01	7.85839e-01
2	0	2	0	1	3	5.94572e-01	-4.97541e-01	4.68956e-01
2	0	3	0	1	3	1.91725e-01	3.94747e-02	1.91115e-01
2	0	4	0	1	3	3.31184e-01	-9.38469e-02	3.15823e-01
2	0	5	0	1	3	1.99769e-01	2.70254e-01	2.37321e-01
2	0	6	0	1	3	2.58948e-01	2.41832e-01	3.10133e-01
2	0	7	0	1	3	3.50426e-01	8.80094e-02	3.70898e-01
#######################################################################
# BH2 Down                                                            #
#######################################################################
2	0	0	1	1	3	3.94607e-01	-1.85207e-01	3.84440e-01
2	0	1	1	1	3	9.92155e-01	-3.85817e-01	8.32122e-01
2	0	2	1	1	3	4.10986e-01	-9.27803e-02	3.90143e-01
2	0	3	1	1	3	1.76416e-01	4.84160e-02	1.75490e-01
2	0	4	1	1	3	2.42956e-01	1.23979e-01	2.64593e-01
2	0	5	1	1	3	3.57967e-01	4.32013e-02	3.63973e-01
2	0	6	1	1	3	1.22093e+00	-6.67168e-01	9.30075e-01
2	0	7	1	1	3	2.92156e-01	-4.36810e-03	2.98702e-01
#######################################################################
# BAC                                                                 #
#######################################################################
3	0	0	0	1	3	0.00000e+00	0.00000e+00	0.00000e+00
3	0	1	0	1	3	0.00000e+00	0.00000e+00	0.00000e+00
#######################################################################
# FBH Up                                                              #
#######################################################################
4	0	0	0	2	3	-5.62952e-03	8.96903e-01	-3.53273e+01
4	0	1	0	2	3	-4.29399e-03	7.37975e-01	-3.00049e+01
4	0	2	0	2	3	-5.26894e-03	8.67305e-01	-3.38992e+01
4	0	3	0	2	3	-3.80183e-03	6.69237e-01	-2.72260e+01
4	0	4	0	2	3	-4.35014e-03	7.35785e-01	-2.92008e+01
4	0	5	0	2	3	-4.02541e-03	6.86907e-01	-2.70312e+01
4	0	6	0	2	3	-4.16660e-03	7.08229e-01	-2.81512e+01
4	0	7	0	2	3	-3.93117e-03	6.84759e-01	-2.69101e+01
4	0	8	0	2	3	-4.14423e-03	6.96902e-01	-2.65883e+01
4	0	9	0	2	3	-2.83372e-03	5.62925e-01	-2.20787e+01
4	0	10	0	2	3	-4.07944e-03	7.09420e-01	-2.75603e+01
4	0	11	0	2	3	-3.50961e-03	6.50113e-01	-2.64167e+01
4	0	12	0	2	3	-3.52415e-03	6.49734e-01	-2.67232e+01
4	0	13	0	2	3	-4.13420e-03	7.26957e-01	-2.99675e+01
4	0	14	0	2	3	-4.90315e-03	8.27563e-01	-3.35630e+01
4	0	15	0	2	3	-4.73048e-03	8.13189e-01	-3.31901e+01
#######################################################################
# FBH Down                                                            #
#######################################################################
4	0	0	1	2	3	-5.62952e-03	8.96903e-01	-3.53273e+01
4	0	1	1	2	3	-4.29399e-03	7.37975e-01	-3.00049e+01
4	0	2	1	2	3	-5.26894e-03	8.67305e-01	-3.38992e+01
4	0	3	1	2	3	-3.80183e-03	6.69237e-01	-2.72260e+01
4	0	4	1	2	3	-4.35014e-03	7.35785e-01	-2.92008e+01
4	0	5	1	2	3	-4.02541e-03	6.86907e-01	-2.70312e+01
4	0	6	1	2	3	-4.16660e-03	7.08229e-01	-2.81512e+01
4	0	7	1	2	3	-3.93117e-03	6.84759e-01	-2.69101e+01
4	0	8	1	2	3	-4.14423e-03	6.96902e-01	-2.65883e+01
4	0	9	1	2	3	-2.83372e-03	5.62925e-01	-2.20787e+01
4	0	10	1	2	3	-4.07944e-03	7.09420e-01	-2.75603e+01
4	0	11	1	2	3	-3.50961e-03	6.50113e-01	-2.64167e+01
4	0	12	1	2	3	-3.52415e-03	6.49734e-01	-2.67232e+01
4	0	13	1	2	3	-4.13420e-03	7.26957e-01	-2.99675e+01
4	0	14	1	2	3	-4.90315e-03	8.27563e-01	-3.35630e+01
4	0	15	1	2	3	-4.73048e-03	8.13189e-01	-3.31901e+01
#######################################################################
# PVAC                                                                #
#######################################################################
5	0	0	0	1	3	0.00000e+00	0.00000e+00	0.00000e+00
#######################################################################
# FAC                                                                 #
#######################################################################
6	0	0	0	1	3	0.00000e+00	0.00000e+00	0.00000e+00
#######################################################################
# SCH                                                                 #
#######################################################################
#7	0	0	0	2	3	-0.00500000	0.821213	-32.185321
#7	0	1	0	2	3	-0.00500000	0.830248	-32.269563
#7	0	2	0	2	3	-0.00500000	0.793073	-29.315934
#7	0	3	0	2	3	-0.00500000	0.772144	-28.276705
#7	0	4	0	2	3	-0.00500000	0.801968	-30.687167
#7	0	5	0	2	3	-0.00500000	0.778300	-28.439251
#7	0	6	0	2	3	-0.00500000	0.765872	-27.918181
#7	0	7	0	2	3	-0.00500000	0.738459	-26.016797
#7	0	8	0	2	3	-0.00500000	0.778318	-28.676371
#7	0	9	0	2	3	-0.00500000	0.776670	-28.892887
#7	0	10	0	2	3	-0.00500000	0.764278	-28.122474
#7	0	11	0	2	3	-0.00500000	0.790742	-29.423647
#7	0	12	0	2	3	-0.00500000	0.811330	-30.487019
#7	0	13	0	2	3	-0.00500000	0.818750	-30.891512
#7	0	14	0	2	3	-0.00500000	0.802541	-30.009136
#7	0	15	0	2	3	-0.00500000	0.809525	-30.751746
#7	0	16	0	2	3	-0.00500000	0.802597	-30.845509
#7	0	17	0	2	3	-0.00500000	0.835028	-32.780792
#7	0	18	0	2	3	-0.00500000	0.859176	-33.938731
#7	0	19	0	2	3	-0.00500000	0.814851	-31.445396
#7	0	20	0	2	3	-0.00500000	0.809426	-30.781087
#7	0	21	0	2	3	-0.00500000	0.780678	-28.888756
#7	0	22	0	2	3	-0.00500000	0.808206	-30.719604
#7	0	23	0	2	3	-0.00500000	0.774024	-27.858339
#7	0	24	0	2	3	-0.00500000	0.794308	-29.022101
#7	0	25	0	2	3	-0.00500000	0.775649	-27.980186
#7	0	26	0	2	3	-0.00500000	0.788483	-28.687567
#7	0	27	0	2	3	-0.00466315	0.771386	-29.253260
#7	0	28	0	2	3	-0.00483132	0.790854	-28.637741
#7	0	29	0	2	3	-0.00497049	0.812994	-30.786914
#7	0	30	0	2	3	-0.00500000	0.787793	-28.362716
#7	0	31	0	2	3	-0.00500000	0.790759	-28.876812
#7	0	32	0	2	3	-0.00500000	0.824826	-31.655285
#7	0	33	0	2	3	-0.00500000	0.845304	-33.407765
#7	0	34	0	2	3	-0.00500000	0.832263	-32.939799
#7	0	35	0	2	3	-0.00500000	0.820631	-31.695372
#7	0	36	0	2	3	-0.00500000	0.836997	-33.200590
#7	0	37	0	2	3	-0.00500000	0.819690	-32.097193
#7	0	38	0	2	3	-0.00500000	0.808109	-31.263214
#7	0	39	0	2	3	-0.00500000	0.815224	-31.135523
#7	0	40	0	2	3	-0.00500000	0.803398	-29.897923
#7	0	41	0	2	3	-0.00500000	0.815685	-31.165519
#7	0	42	0	2	3	-0.00500000	0.812980	-30.737261
#7	0	43	0	2	3	-0.00500000	0.829418	-32.693307
#7	0	44	0	2	3	-0.00500000	0.789530	-29.464920
#7	0	45	0	2	3	-0.00500000	0.804789	-31.208151
#7	0	46	0	2	3	-0.00500000	0.830106	-32.806514
#7	0	47	0	2	3	-0.00500000	0.819206	-31.373242
#7	0	48	0	2	3	-0.00500000	0.816165	-31.709319
#7	0	49	0	2	3	-0.00500000	0.798496	-30.201709
#7	0	50	0	2	3	-0.00500000	0.812167	-31.795745
#7	0	51	0	2	3	-0.00500000	0.810749	-31.375226
#7	0	52	0	2	3	-0.00500000	0.803385	-31.372512
#7	0	53	0	2	3	-0.00500000	0.777405	-29.262831
#7	0	54	0	2	3	-0.00500000	0.783954	-29.763410
#7	0	55	0	2	3	-0.00500000	0.789443	-29.976449
#7	0	56	0	2	3	-0.00500000	0.838828	-33.261086
#7	0	57	0	2	3	-0.00500000	0.804421	-30.573195
#7	0	58	0	2	3	-0.00500000	0.773283	-29.111048
#7	0	59	0	2	3	-0.00500000	0.811789	-31.449459
#7	0	60	0	2	3	-0.00500000	0.759724	-28.110014
#7	0	61	0	2	3	-0.00500000	0.810884	-31.379063
#7	0	62	0	2	3	-0.00500000	0.771910	-28.435006
#7	0	63	0	2	3	-0.00500000	0.796658	-30.511906
#######################################################################
# TOF Up                                                              #
#######################################################################
7	0	0	0	1	3	5.24830e+00	-1.96630e+00	2.96170e+00
7	0	1	0	1	3	5.24830e+00	-1.96630e+00	2.96170e+00
7	0	2	0	1	3	5.24830e+00	-1.96630e+00	2.96170e+00
7	0	3	0	1	3	5.24830e+00	-1.96630e+00	2.96170e+00
7	0	4	0	1	3	5.24830e+00	-1.96630e+00	2.96170e+00
7	0	5	0	1	3	5.24830e+00	-1.96630e+00	2.96170e+00
7	0	6	0	1	3	6.97090e+00	-3.03520e+00	3.39910e+00
7	0	7	0	1	3	4.05450e+00	-1.96150e+00	2.30360e+00
7	0	8	0	1	3	1.16940e+02	-2.98600e+01	2.09880e+01
7	0	9	0	1	3	5.24830e+00	-1.96630e+00	2.96170e+00
7	0	10	0	1	3	5.24830e+00	-1.96630e+00	2.96170e+00
7	0	11	0	1	3	5.24830e+00	-1.96630e+00	2.96170e+00
7	0	12	0	1	3	5.24830e+00	-1.96630e+00	2.96170e+00
7	0	13	0	1	3	5.24830e+00	-1.96630e+00	2.96170e+00
7	0	14	0	1	3	5.24830e+00	-1.96630e+00	2.96170e+00
7	0	15	0	1	3	5.24830e+00	-1.96630e+00	2.96170e+00
7	0	16	0	1	3	5.24830e+00	-1.96630e+00	2.96170e+00
7	0	17	0	1	3	5.24830e+00	-1.96630e+00	2.96170e+00
7	0	18	0	1	3	5.24830e+00	-1.96630e+00	2.96170e+00
7	0	19	0	1	3	7.11491e-01	1.85180e-03	5.82402e-01
7	0	20	0	1	3	5.59404e-01	-1.73810e-03	4.50716e-01
7	0	21	0	1	3	8.92499e-01	1.99900e-03	7.37364e-01
7	0	22	0	1	3	6.37553e-01	1.99960e-03	5.45449e-01
7	0	23	0	1	3	1.19210e+00	1.98920e-03	9.99994e-01
#######################################################################
# TOF Down                                                            #
#######################################################################
7	0	0	1	1	3	5.84300e+00	-2.30730e+00	3.11320e+00
7	0	1	1	1	3	5.84300e+00	-2.30730e+00	3.11320e+00
7	0	2	1	1	3	5.84300e+00	-2.30730e+00	3.11320e+00
7	0	3	1	1	3	5.84300e+00	-2.30730e+00	3.11320e+00
7	0	4	1	1	3	5.84300e+00	-2.30730e+00	3.11320e+00
7	0	5	1	1	3	5.84300e+00	-2.30730e+00	3.11320e+00
7	0	6	1	1	3	1.41330e+01	-5.81170e+00	5.32680e+00
7	0	7	1	1	3	7.84850e+01	-2.02870e+01	1.69500e+01
7	0	8	1	1	3	2.20240e+02	-3.62440e+01	3.60080e+01
7	0	9	1	1	3	5.84300e+00	-2.30730e+00	3.11320e+00
7	0	10	1	1	3	5.84300e+00	-2.30730e+00	3.11320e+00
7	0	11	1	1	3	5.84300e+00	-2.30730e+00	3.11320e+00
7	0	12	1	1	3	5.84300e+00	-2.30730e+00	3.11320e+00
7	0	13	1	1	3	5.84300e+00	-2.30730e+00	3.11320e+00
7	0	14	1	1	3	5.84300e+00	-2.30730e+00	3.11320e+00
7	0	15	1	1	3	5.84300e+00	-2.30730e+00	3.11320e+00
7	0	16	1	1	3	5.84300e+00	-2.30730e+00	3.11320e+00
7	0	17	1	1	3	5.84300e+00	-2.30730e+00	3.11320e+00
7	0	18	1	1	3	5.84300e+00	-2.30730e+00	3.11320e+00
7	0	19	1	1	3	6.18741e-01	1.99860e-03	4.90831e-01
7	0	20	1	1	3	5.75901e-01	1.04210e-03	4.72509e-01
7	0	21	1	1	3	9.41046e-01	1.99890e-03	7.79357e-01
7	0	22	1	1	3	4.84266e-01	-1.95590e-03	3.99786e-01
7	0	23	1	1	3	8.97714e-01	1.99860e-03	7.56300e-01
#######################################################################
# BFT U                                                               #
#######################################################################
110	0	0	0	2	3	1.15667e-03	-3.85294e-01	1.20648e+01
110	0	1	0	2	3	2.43638e-03	-4.56891e-01	1.29060e+01
110	0	2	0	2	3	3.77782e-03	-5.67374e-01	1.47741e+01
110	0	3	0	2	3	4.42859e-03	-6.06731e-01	1.44798e+01
110	0	4	0	2	3	2.92910e-03	-4.97850e-01	1.38045e+01
110	0	5	0	2	3	4.30252e-03	-5.77523e-01	1.53243e+01
110	0	6	0	2	3	4.29157e-03	-5.95464e-01	1.47733e+01
110	0	7	0	2	3	4.81145e-03	-6.23562e-01	1.59881e+01
110	0	8	0	2	3	4.36940e-03	-6.03015e-01	1.51799e+01
110	0	9	0	2	3	4.88641e-03	-6.45483e-01	1.75609e+01
110	0	10	0	2	3	3.78377e-03	-5.59072e-01	1.35567e+01
110	0	11	0	2	3	3.69428e-03	-5.40599e-01	1.53152e+01
110	0	12	0	2	3	3.48763e-03	-5.34612e-01	1.33836e+01
110	0	13	0	2	3	5.35044e-03	-6.69154e-01	1.77195e+01
110	0	14	0	2	3	3.70488e-03	-5.56222e-01	1.37091e+01
110	0	15	0	2	3	4.07460e-03	-5.72682e-01	1.59333e+01
110	0	16	0	2	3	3.59919e-03	-5.36267e-01	1.30703e+01
110	0	17	0	2	3	3.80590e-03	-5.53905e-01	1.52128e+01
110	0	18	0	2	3	4.26517e-03	-5.96949e-01	1.42779e+01
110	0	19	0	2	3	4.77724e-03	-6.24400e-01	1.44762e+01
110	0	20	0	2	3	4.15271e-03	-5.78725e-01	1.43501e+01
110	0	21	0	2	3	3.90939e-03	-5.57007e-01	1.64725e+01
110	0	22	0	2	3	3.91444e-03	-5.67600e-01	1.40932e+01
110	0	23	0	2	3	4.11452e-03	-5.75229e-01	1.56689e+01
110	0	24	0	2	3	4.04516e-03	-5.74566e-01	1.46686e+01
110	0	25	0	2	3	4.08451e-03	-5.63298e-01	1.57964e+01
110	0	26	0	2	3	4.28481e-03	-6.00286e-01	1.58612e+01
110	0	27	0	2	3	4.91918e-03	-6.24733e-01	1.62873e+01
110	0	28	0	2	3	3.24804e-03	-5.23317e-01	1.20065e+01
110	0	29	0	2	3	4.29821e-03	-5.80894e-01	1.51216e+01
110	0	30	0	2	3	4.16501e-03	-5.89439e-01	1.44430e+01
110	0	31	0	2	3	4.48502e-03	-6.04160e-01	1.61249e+01
110	0	32	0	2	3	3.85017e-03	-5.68226e-01	1.43664e+01
110	0	33	0	2	3	4.20828e-03	-5.61609e-01	1.35230e+01
110	0	34	0	2	3	4.42084e-03	-6.02572e-01	1.46178e+01
110	0	35	0	2	3	4.46199e-03	-6.07728e-01	1.62094e+01
110	0	36	0	2	3	3.72849e-03	-5.44408e-01	1.34327e+01
110	0	37	0	2	3	4.09876e-03	-5.78486e-01	1.65883e+01
110	0	38	0	2	3	3.86460e-03	-5.58030e-01	1.32202e+01
110	0	39	0	2	3	4.66337e-03	-6.14539e-01	1.59367e+01
110	0	40	0	2	3	4.10946e-03	-5.71460e-01	1.37944e+01
110	0	41	0	2	3	4.17806e-03	-5.78697e-01	1.63768e+01
110	0	42	0	2	3	4.48159e-03	-6.00894e-01	1.49078e+01
110	0	43	0	2	3	4.25428e-03	-5.93863e-01	1.63374e+01
110	0	44	0	2	3	3.91006e-03	-5.68039e-01	1.40180e+01
110	0	45	0	2	3	4.28472e-03	-5.80401e-01	1.58598e+01
110	0	46	0	2	3	4.34335e-03	-6.07675e-01	1.49589e+01
110	0	47	0	2	3	4.69357e-03	-6.27283e-01	1.80031e+01
110	0	48	0	2	3	3.65543e-03	-5.43106e-01	1.24709e+01
110	0	49	0	2	3	4.47209e-03	-6.02461e-01	1.68503e+01
110	0	50	0	2	3	4.44400e-03	-6.02982e-01	1.49615e+01
110	0	51	0	2	3	4.69765e-03	-6.18879e-01	1.60170e+01
110	0	52	0	2	3	3.66946e-03	-5.42571e-01	1.30090e+01
110	0	53	0	2	3	4.33152e-03	-5.88128e-01	1.53034e+01
110	0	54	0	2	3	4.24585e-03	-5.92003e-01	1.44151e+01
110	0	55	0	2	3	5.03396e-03	-6.43585e-01	1.73521e+01
110	0	56	0	2	3	3.85324e-03	-5.72632e-01	1.50928e+01
110	0	57	0	2	3	4.36527e-03	-5.91460e-01	1.60064e+01
110	0	58	0	2	3	4.17001e-03	-5.88002e-01	1.54059e+01
110	0	59	0	2	3	4.41817e-03	-6.13828e-01	1.68802e+01
110	0	60	0	2	3	4.07000e-03	-5.83378e-01	1.39237e+01
110	0	61	0	2	3	3.64156e-03	-5.41466e-01	1.48751e+01
110	0	62	0	2	3	4.97812e-03	-6.40173e-01	1.50832e+01
110	0	63	0	2	3	4.01585e-03	-5.72261e-01	1.43711e+01
110	0	64	0	2	3	4.05871e-03	-5.83422e-01	1.45570e+01
110	0	65	0	2	3	4.11188e-03	-5.79301e-01	1.55379e+01
110	0	66	0	2	3	4.50552e-03	-6.27483e-01	1.66403e+01
110	0	67	0	2	3	4.12909e-03	-5.84316e-01	1.58412e+01
110	0	68	0	2	3	3.90308e-03	-5.81898e-01	1.51191e+01
110	0	69	0	2	3	4.03588e-03	-5.70459e-01	1.48868e+01
110	0	70	0	2	3	4.31208e-03	-6.15977e-01	1.47119e+01
110	0	71	0	2	3	4.26605e-03	-5.94928e-01	1.57754e+01
110	0	72	0	2	3	3.90237e-03	-5.75362e-01	1.37378e+01
110	0	73	0	2	3	4.23545e-03	-5.94253e-01	1.51743e+01
110	0	74	0	2	3	4.33301e-03	-6.13809e-01	1.55650e+01
110	0	75	0	2	3	4.30293e-03	-5.93480e-01	1.53657e+01
110	0	76	0	2	3	3.73586e-03	-5.60343e-01	1.35907e+01
110	0	77	0	2	3	4.08456e-03	-5.78924e-01	1.54403e+01
110	0	78	0	2	3	4.31017e-03	-6.09462e-01	1.47759e+01
110	0	79	0	2	3	4.44164e-03	-6.03483e-01	1.54919e+01
110	0	80	0	2	3	4.29776e-03	-5.99973e-01	1.53161e+01
110	0	81	0	2	3	4.28888e-03	-5.82928e-01	1.50591e+01
110	0	82	0	2	3	4.38777e-03	-6.03212e-01	1.48889e+01
110	0	83	0	2	3	4.87777e-03	-6.35554e-01	1.59161e+01
110	0	84	0	2	3	3.71923e-03	-5.54614e-01	1.39160e+01
110	0	85	0	2	3	4.45422e-03	-6.00995e-01	1.57720e+01
110	0	86	0	2	3	4.71232e-03	-6.37502e-01	1.52161e+01
110	0	87	0	2	3	4.19963e-03	-5.97894e-01	1.61361e+01
110	0	88	0	2	3	4.01336e-03	-5.72154e-01	1.45524e+01
110	0	89	0	2	3	4.07960e-03	-5.81536e-01	1.51128e+01
110	0	90	0	2	3	4.48169e-03	-6.15266e-01	1.45585e+01
110	0	91	0	2	3	4.67081e-03	-6.30214e-01	1.55448e+01
110	0	92	0	2	3	3.93915e-03	-5.85915e-01	1.49564e+01
110	0	93	0	2	3	4.09586e-03	-5.75920e-01	1.46477e+01
110	0	94	0	2	3	4.35229e-03	-6.23867e-01	1.66076e+01
110	0	95	0	2	3	4.67222e-03	-6.26047e-01	1.62387e+01
110	0	96	0	2	3	3.99486e-03	-5.85823e-01	1.45077e+01
110	0	97	0	2	3	4.11291e-03	-5.82381e-01	1.56064e+01
110	0	98	0	2	3	4.18609e-03	-6.06273e-01	1.49371e+01
110	0	99	0	2	3	4.56837e-03	-6.12559e-01	1.57940e+01
110	0	100	0	2	3	4.32805e-03	-6.04113e-01	1.53368e+01
110	0	101	0	2	3	4.18674e-03	-5.88192e-01	1.56341e+01
110	0	102	0	2	3	4.70492e-03	-6.35150e-01	1.61476e+01
110	0	103	0	2	3	4.43658e-03	-6.09547e-01	1.55873e+01
110	0	104	0	2	3	3.69654e-03	-5.60839e-01	1.36994e+01
110	0	105	0	2	3	4.84256e-03	-6.33746e-01	1.58589e+01
110	0	106	0	2	3	4.47657e-03	-6.19197e-01	1.58532e+01
110	0	107	0	2	3	4.87480e-03	-6.35762e-01	1.54096e+01
110	0	108	0	2	3	3.61799e-03	-5.59743e-01	1.46030e+01
110	0	109	0	2	3	4.54417e-03	-6.14464e-01	1.54263e+01
110	0	110	0	2	3	3.94574e-03	-5.86246e-01	1.51140e+01
110	0	111	0	2	3	4.74072e-03	-6.40093e-01	1.60950e+01
110	0	112	0	2	3	4.20732e-03	-5.85603e-01	1.35983e+01
110	0	113	0	2	3	4.42965e-03	-6.01261e-01	1.51250e+01
110	0	114	0	2	3	4.55405e-03	-6.23290e-01	1.57417e+01
110	0	115	0	2	3	4.56439e-03	-6.13089e-01	1.53323e+01
110	0	116	0	2	3	4.48899e-03	-6.20051e-01	1.52510e+01
110	0	117	0	2	3	4.63386e-03	-6.20864e-01	1.64782e+01
110	0	118	0	2	3	5.09021e-03	-6.68200e-01	1.68112e+01
110	0	119	0	2	3	4.60362e-03	-6.07819e-01	1.42313e+01
110	0	120	0	2	3	4.08852e-03	-5.97590e-01	1.50395e+01
110	0	121	0	2	3	3.85075e-03	-5.62334e-01	1.31782e+01
110	0	122	0	2	3	3.93616e-03	-5.89752e-01	1.61361e+01
110	0	123	0	2	3	5.14297e-03	-6.56793e-01	1.64582e+01
110	0	124	0	2	3	4.76668e-03	-6.29968e-01	1.59331e+01
110	0	125	0	2	3	4.13486e-03	-5.70286e-01	1.25363e+01
110	0	126	0	2	3	3.52226e-03	-5.41593e-01	1.37749e+01
110	0	127	0	2	3	4.21507e-03	-5.82975e-01	1.47203e+01
110	0	128	0	2	3	3.85992e-03	-6.17675e-01	1.68313e+01
110	0	129	0	2	3	4.05397e-03	-6.02359e-01	1.57839e+01
110	0	130	0	2	3	3.04801e-03	-5.39871e-01	1.51682e+01
110	0	131	0	2	3	3.01060e-03	-4.93498e-01	1.34867e+01
110	0	132	0	2	3	3.86791e-03	-5.88064e-01	1.61686e+01
110	0	133	0	2	3	2.21470e-03	-4.59126e-01	1.33482e+01
110	0	134	0	2	3	1.23600e-03	-4.03097e-01	1.23984e+01
110	0	135	0	2	3	2.68180e-03	-4.98433e-01	1.34176e+01
110	0	136	0	2	3	3.41367e-03	-5.47123e-01	1.42219e+01
110	0	137	0	2	3	3.78267e-03	-5.82293e-01	1.59571e+01
110	0	138	0	2	3	2.05802e-03	-4.51606e-01	1.34048e+01
110	0	139	0	2	3	1.85703e-03	-4.41825e-01	1.19954e+01
110	0	140	0	2	3	1.91255e-04	-3.13262e-01	1.11327e+01
110	0	141	0	2	3	3.17184e-03	-5.33528e-01	1.39144e+01
110	0	142	0	2	3	3.79026e-03	-5.65210e-01	1.47528e+01
110	0	143	0	2	3	6.38392e-03	-7.54796e-01	1.79556e+01
110	0	144	0	2	3	4.29800e-03	-6.08950e-01	1.48639e+01
110	0	145	0	2	3	4.62654e-03	-6.15053e-01	1.46466e+01
110	0	146	0	2	3	3.85132e-03	-5.90409e-01	1.56740e+01
110	0	147	0	2	3	6.14609e-03	-7.48984e-01	1.87200e+01
110	0	148	0	2	3	5.90057e-03	-7.42917e-01	1.78853e+01
110	0	149	0	2	3	4.26127e-03	-6.04814e-01	1.58450e+01
110	0	150	0	2	3	1.44056e-03	-3.95826e-01	1.20838e+01
110	0	151	0	2	3	-1.17068e-04	-2.81954e-01	9.81808e+00
110	0	152	0	2	3	-3.27861e-03	-7.10144e-02	7.05848e+00
110	0	153	0	2	3	4.15765e-03	-6.16024e-01	1.65334e+01
110	0	154	0	2	3	-8.47292e-03	3.69168e-01	-3.18626e+00
110	0	155	0	2	3	7.10995e-03	-8.01861e-01	1.74887e+01
110	0	156	0	2	3	4.59579e-03	-6.22518e-01	1.59427e+01
110	0	157	0	2	3	4.84353e-03	-6.56271e-01	1.72149e+01
110	0	158	0	2	3	-2.14018e-03	-1.39693e-01	7.14980e+00
110	0	159	0	2	3	8.00771e-04	-3.60419e-01	1.13634e+01
#######################################################################
# BFT D                                                               #
#######################################################################
110	1	0	0	2	3	1.28393e-03	-3.82836e-01	1.31719e+01
110	1	1	0	2	3	4.09031e-03	-5.92608e-01	1.65626e+01
110	1	2	0	2	3	2.74685e-03	-4.99574e-01	1.45014e+01
110	1	3	0	2	3	3.41734e-03	-5.41131e-01	1.60666e+01
110	1	4	0	2	3	2.46789e-03	-4.78121e-01	1.40809e+01
110	1	5	0	2	3	4.17225e-03	-5.89708e-01	1.68384e+01
110	1	6	0	2	3	3.13646e-03	-5.24726e-01	1.37119e+01
110	1	7	0	2	3	3.63541e-03	-5.43437e-01	1.53792e+01
110	1	8	0	2	3	3.94165e-03	-5.73041e-01	1.58151e+01
110	1	9	0	2	3	3.92749e-03	-5.87673e-01	1.80023e+01
110	1	10	0	2	3	3.92216e-03	-5.75682e-01	1.57062e+01
110	1	11	0	2	3	3.69591e-03	-5.55825e-01	1.55312e+01
110	1	12	0	2	3	2.97758e-03	-5.13851e-01	1.40555e+01
110	1	13	0	2	3	3.49421e-03	-5.39624e-01	1.59723e+01
110	1	14	0	2	3	3.94658e-03	-5.83238e-01	1.50548e+01
110	1	15	0	2	3	4.01312e-03	-5.77575e-01	1.65674e+01
110	1	16	0	2	3	3.87410e-03	-5.70123e-01	1.49901e+01
110	1	17	0	2	3	3.48151e-03	-5.38047e-01	1.51177e+01
110	1	18	0	2	3	4.14121e-03	-5.92004e-01	1.48082e+01
110	1	19	0	2	3	4.23506e-03	-5.92494e-01	1.64130e+01
110	1	20	0	2	3	3.90084e-03	-5.81130e-01	1.56752e+01
110	1	21	0	2	3	2.56231e-03	-4.78383e-01	1.55020e+01
110	1	22	0	2	3	3.97020e-03	-5.76005e-01	1.50423e+01
110	1	23	0	2	3	3.18526e-03	-5.11226e-01	1.51264e+01
110	1	24	0	2	3	3.93064e-03	-5.82492e-01	1.62754e+01
110	1	25	0	2	3	3.65726e-03	-5.51250e-01	1.60577e+01
110	1	26	0	2	3	4.07927e-03	-5.88875e-01	1.51634e+01
110	1	27	0	2	3	3.76026e-03	-5.62544e-01	1.70557e+01
110	1	28	0	2	3	3.60626e-03	-5.56497e-01	1.56259e+01
110	1	29	0	2	3	3.97799e-03	-5.77733e-01	1.67418e+01
110	1	30	0	2	3	4.24841e-03	-5.98975e-01	1.55875e+01
110	1	31	0	2	3	4.14604e-03	-5.94615e-01	1.71685e+01
110	1	32	0	2	3	3.27131e-03	-5.34144e-01	1.57735e+01
110	1	33	0	2	3	3.29716e-03	-5.34964e-01	1.49602e+01
110	1	34	0	2	3	4.32932e-03	-5.97433e-01	1.50565e+01
110	1	35	0	2	3	4.28868e-03	-6.09681e-01	1.74873e+01
110	1	36	0	2	3	3.56884e-03	-5.47955e-01	1.54938e+01
110	1	37	0	2	3	4.03988e-03	-5.74263e-01	1.47151e+01
110	1	38	0	2	3	4.02833e-03	-5.84469e-01	1.63677e+01
110	1	39	0	2	3	4.42836e-03	-6.04067e-01	1.62867e+01
110	1	40	0	2	3	3.96344e-03	-5.73820e-01	1.47879e+01
110	1	41	0	2	3	4.00990e-03	-5.71564e-01	1.60804e+01
110	1	42	0	2	3	3.91112e-03	-5.66867e-01	1.51559e+01
110	1	43	0	2	3	4.06222e-03	-5.76884e-01	1.69534e+01
110	1	44	0	2	3	4.01758e-03	-5.82223e-01	1.50637e+01
110	1	45	0	2	3	3.63082e-03	-5.48885e-01	1.59524e+01
110	1	46	0	2	3	4.07439e-03	-5.89217e-01	1.51929e+01
110	1	47	0	2	3	4.20374e-03	-6.09427e-01	1.80340e+01
110	1	48	0	2	3	3.79870e-03	-5.62472e-01	1.53661e+01
110	1	49	0	2	3	3.99359e-03	-5.71232e-01	1.65610e+01
110	1	50	0	2	3	4.19831e-03	-5.93974e-01	1.49184e+01
110	1	51	0	2	3	4.43905e-03	-6.10789e-01	1.70359e+01
110	1	52	0	2	3	4.17890e-03	-6.02607e-01	1.54061e+01
110	1	53	0	2	3	3.62824e-03	-5.49490e-01	1.61994e+01
110	1	54	0	2	3	4.47819e-03	-6.20802e-01	1.66230e+01
110	1	55	0	2	3	4.27341e-03	-5.99954e-01	1.69636e+01
110	1	56	0	2	3	4.03045e-03	-5.99290e-01	1.54867e+01
110	1	57	0	2	3	4.12623e-03	-5.89560e-01	1.64970e+01
110	1	58	0	2	3	4.18806e-03	-6.07384e-01	1.74376e+01
110	1	59	0	2	3	4.52876e-03	-6.29061e-01	1.85399e+01
110	1	60	0	2	3	3.83166e-03	-5.72973e-01	1.56238e+01
110	1	61	0	2	3	4.23227e-03	-5.82400e-01	1.57975e+01
110	1	62	0	2	3	4.43859e-03	-6.09470e-01	1.51461e+01
110	1	63	0	2	3	4.03044e-03	-5.81743e-01	1.66287e+01
110	1	64	0	2	3	4.12410e-03	-5.96333e-01	1.64262e+01
110	1	65	0	2	3	4.17173e-03	-5.90672e-01	1.60828e+01
110	1	66	0	2	3	4.80321e-03	-6.51146e-01	1.61313e+01
110	1	67	0	2	3	4.41160e-03	-6.11774e-01	1.55897e+01
110	1	68	0	2	3	3.73955e-03	-5.57047e-01	1.40730e+01
110	1	69	0	2	3	4.08782e-03	-5.86054e-01	1.61075e+01
110	1	70	0	2	3	4.18702e-03	-5.99626e-01	1.62646e+01
110	1	71	0	2	3	4.28607e-03	-6.09600e-01	1.68122e+01
110	1	72	0	2	3	3.91255e-03	-5.75516e-01	1.53273e+01
110	1	73	0	2	3	4.28439e-03	-6.06215e-01	1.72067e+01
110	1	74	0	2	3	4.31557e-03	-6.04037e-01	1.49676e+01
110	1	75	0	2	3	4.18007e-03	-5.99413e-01	1.60179e+01
110	1	76	0	2	3	3.87189e-03	-5.70601e-01	1.50066e+01
110	1	77	0	2	3	3.95514e-03	-5.83183e-01	1.57437e+01
110	1	78	0	2	3	4.35049e-03	-6.10649e-01	1.51116e+01
110	1	79	0	2	3	4.34013e-03	-6.04184e-01	1.59268e+01
110	1	80	0	2	3	3.86935e-03	-5.68827e-01	1.48643e+01
110	1	81	0	2	3	3.75002e-03	-5.60014e-01	1.44809e+01
110	1	82	0	2	3	4.42098e-03	-6.12705e-01	1.65774e+01
110	1	83	0	2	3	4.10276e-03	-5.78259e-01	1.50786e+01
110	1	84	0	2	3	3.79051e-03	-5.54701e-01	1.40362e+01
110	1	85	0	2	3	3.99321e-03	-5.76718e-01	1.50351e+01
110	1	86	0	2	3	4.52960e-03	-6.21032e-01	1.64637e+01
110	1	87	0	2	3	4.33843e-03	-5.96148e-01	1.40967e+01
110	1	88	0	2	3	3.83580e-03	-5.70720e-01	1.53614e+01
110	1	89	0	2	3	4.18534e-03	-5.92721e-01	1.49520e+01
110	1	90	0	2	3	4.42078e-03	-6.10593e-01	1.51572e+01
110	1	91	0	2	3	4.23127e-03	-5.92523e-01	1.58070e+01
110	1	92	0	2	3	3.73387e-03	-5.57935e-01	1.46845e+01
110	1	93	0	2	3	3.82817e-03	-5.66434e-01	1.50527e+01
110	1	94	0	2	3	3.88956e-03	-5.81134e-01	1.59353e+01
110	1	95	0	2	3	4.05062e-03	-5.88585e-01	1.51773e+01
110	1	96	0	2	3	3.54949e-03	-5.48114e-01	1.42214e+01
110	1	97	0	2	3	3.91315e-03	-5.71447e-01	1.55380e+01
110	1	98	0	2	3	4.60401e-03	-6.42887e-01	1.73109e+01
110	1	99	0	2	3	4.32305e-03	-6.04310e-01	1.55071e+01
110	1	100	0	2	3	3.89823e-03	-5.60623e-01	1.48617e+01
110	1	101	0	2	3	3.61532e-03	-5.50327e-01	1.50576e+01
110	1	102	0	2	3	4.22297e-03	-6.08470e-01	1.58499e+01
110	1	103	0	2	3	4.31933e-03	-6.03241e-01	1.53665e+01
110	1	104	0	2	3	4.15330e-03	-5.91031e-01	1.54430e+01
110	1	105	0	2	3	4.06797e-03	-5.82956e-01	1.53872e+01
110	1	106	0	2	3	4.28708e-03	-6.07600e-01	1.65615e+01
110	1	107	0	2	3	4.31967e-03	-6.01999e-01	1.54828e+01
110	1	108	0	2	3	3.84248e-03	-5.66683e-01	1.57059e+01
110	1	109	0	2	3	3.75107e-03	-5.60439e-01	1.54882e+01
110	1	110	0	2	3	4.33867e-03	-6.12597e-01	1.58935e+01
110	1	111	0	2	3	4.67241e-03	-6.37819e-01	1.74990e+01
110	1	112	0	2	3	4.13600e-03	-5.93011e-01	1.53471e+01
110	1	113	0	2	3	4.20205e-03	-5.94722e-01	1.56973e+01
110	1	114	0	2	3	4.81973e-03	-6.43393e-01	1.59679e+01
110	1	115	0	2	3	4.53756e-03	-6.21287e-01	1.59080e+01
110	1	116	0	2	3	4.67006e-03	-6.32261e-01	1.61954e+01
110	1	117	0	2	3	4.10226e-03	-5.83829e-01	1.53559e+01
110	1	118	0	2	3	4.67203e-03	-6.26197e-01	1.51236e+01
110	1	119	0	2	3	4.33581e-03	-6.04832e-01	1.59709e+01
110	1	120	0	2	3	4.83581e-03	-6.39555e-01	1.60004e+01
110	1	121	0	2	3	3.69002e-03	-5.54943e-01	1.46918e+01
110	1	122	0	2	3	8.04479e-04	-3.50350e-01	1.21562e+01
110	1	123	0	2	3	4.39646e-03	-6.19609e-01	1.74972e+01
110	1	124	0	2	3	3.87852e-03	-5.63238e-01	1.42251e+01
110	1	125	0	2	3	3.91155e-03	-5.77098e-01	1.54770e+01
110	1	126	0	2	3	4.47535e-03	-6.07027e-01	1.56132e+01
110	1	127	0	2	3	3.97276e-03	-5.74765e-01	1.51628e+01
110	1	128	0	2	3	3.42468e-03	-5.75620e-01	1.61796e+01
110	1	129	0	2	3	4.79316e-03	-6.67749e-01	1.76731e+01
110	1	130	0	2	3	5.45843e-03	-7.01657e-01	1.71023e+01
110	1	131	0	2	3	4.78541e-03	-6.41913e-01	1.64083e+01
110	1	132	0	2	3	3.81222e-03	-5.84483e-01	1.61491e+01
110	1	133	0	2	3	4.29726e-03	-6.03560e-01	1.54286e+01
110	1	134	0	2	3	5.26141e-03	-6.89257e-01	1.79285e+01
110	1	135	0	2	3	2.81394e-03	-5.02929e-01	1.42498e+01
110	1	136	0	2	3	5.53456e-03	-7.22709e-01	1.90589e+01
110	1	137	0	2	3	3.63474e-03	-5.72347e-01	1.56685e+01
110	1	138	0	2	3	6.66865e-03	-7.92563e-01	1.93321e+01
110	1	139	0	2	3	5.18423e-03	-6.80573e-01	1.76506e+01
110	1	140	0	2	3	3.75608e-03	-5.83325e-01	1.54177e+01
110	1	141	0	2	3	3.64907e-03	-5.82657e-01	1.55243e+01
110	1	142	0	2	3	4.51367e-03	-6.16930e-01	1.54790e+01
110	1	143	0	2	3	-1.89881e-03	-1.56311e-01	8.17924e+00
110	1	144	0	2	3	-3.71065e-03	-1.76393e-02	6.02894e+00
110	1	145	0	2	3	-7.07437e-03	2.39055e-01	4.02304e-01
110	1	146	0	2	3	7.50069e-03	-8.72162e-01	2.10474e+01
110	1	147	0	2	3	4.54301e-03	-6.24817e-01	1.52997e+01
110	1	148	0	2	3	5.64090e-03	-7.08697e-01	1.68962e+01
110	1	149	0	2	3	-8.12392e-03	3.77446e-01	-3.07272e+00
110	1	150	0	2	3	5.58683e-03	-7.05926e-01	1.81295e+01
110	1	151	0	2	3	6.75479e-03	-7.82739e-01	1.88097e+01
110	1	152	0	2	3	-7.74865e-04	-2.46339e-01	1.03618e+01
110	1	153	0	2	3	-6.51468e-04	-2.52452e-01	1.04138e+01
110	1	154	0	2	3	2.31125e-03	-4.61874e-01	1.35579e+01
110	1	155	0	2	3	3.29003e-03	-5.39651e-01	1.36536e+01
110	1	156	0	2	3	4.77484e-03	-6.48616e-01	1.68350e+01
110	1	157	0	2	3	-8.62796e-05	-2.61931e-01	9.89538e+00
110	1	158	0	2	3	1.87580e-03	-4.21020e-01	1.28362e+01
110	1	159	0	2	3	4.35566e-03	-6.19304e-01	1.74773e+01
