##
#  file: HodoPHCParam_Dummy
#  date: 2016.06.15
#  note: first version
#
#
#######################################################################
# CId	PlId	Seg	UorD	Type	nParam	p0	p1	...
#
#	Type=0 no correction will be performed
#	Type=1 ct=t-p[0]/sqrt(a-p[1])+p[2]
#	Type=2 ct=p[0]*a*a + p[1]*a + p[2] for Fiber
#
#######################################################################
# BH1 Up                                                              #
#######################################################################
1	0	0	0	1	3	5.08705e+00	-1.98362e+00	2.93454e+00
1	0	1	0	1	3	6.69706e-01	2.91546e-01	8.10244e-01
1	0	2	0	1	3	5.01779e-01	3.94271e-01	6.64278e-01
1	0	3	0	1	3	7.45330e-01	1.66754e-01	8.56036e-01
1	0	4	0	1	3	8.52890e-01	8.60054e-02	9.27134e-01
1	0	5	0	1	3	1.69981e+00	-1.50393e-01	1.62794e+00
1	0	6	0	1	3	1.58582e+00	-2.35346e-01	1.46587e+00
1	0	7	0	1	3	1.61970e+00	-1.46184e-01	1.54504e+00
1	0	8	0	1	3	1.37546e+00	-2.52696e-01	1.28233e+00
1	0	9	0	1	3	1.74814e+00	-2.76223e-01	1.64100e+00
1	0	10	0	1	3	1.60339e+01	-4.62629e+00	6.81205e+00
#######################################################################
# BH1 Down                                                            #
#######################################################################
1	0	0	1	1	3	1.33519e+00	-9.13138e-02	1.27257e+00
1	0	1	1	1	3	6.24909e-01	2.88647e-01	7.65429e-01
1	0	2	1	1	3	6.68954e-01	2.21542e-01	7.45264e-01
1	0	3	1	1	3	1.32364e+00	-4.57464e-01	1.08318e+00
1	0	4	1	1	3	1.18002e+00	-7.91080e-02	1.17008e+00
1	0	5	1	1	3	2.07299e+00	-4.79828e-01	1.70935e+00
1	0	6	1	1	3	1.96000e+00	-5.20196e-01	1.63958e+00
1	0	7	1	1	3	1.89852e+00	-4.50289e-01	1.60743e+00
1	0	8	1	1	3	1.02469e+00	-6.73213e-02	1.04734e+00
1	0	9	1	1	3	1.64894e+00	-1.85977e-01	1.61292e+00
1	0	10	1	1	3	7.15603e-01	2.22738e-01	8.54972e-01
#######################################################################
# BH2 Up                                                              #
#######################################################################
2	0	0	0	1	3	1.43047e-01	2.98695e-01	2.00085e-01
2	0	1	0	1	3	8.79554e-01	-2.31747e-01	7.85839e-01
2	0	2	0	1	3	5.94572e-01	-4.97541e-01	4.68956e-01
2	0	3	0	1	3	1.91725e-01	3.94747e-02	1.91115e-01
2	0	4	0	1	3	3.31184e-01	-9.38469e-02	3.15823e-01
2	0	5	0	1	3	1.99769e-01	2.70254e-01	2.37321e-01
2	0	6	0	1	3	2.58948e-01	2.41832e-01	3.10133e-01
2	0	7	0	1	3	3.50426e-01	8.80094e-02	3.70898e-01
#######################################################################
# BH2 Down                                                            #
#######################################################################
2	0	0	1	1	3	3.94607e-01	-1.85207e-01	3.84440e-01
2	0	1	1	1	3	9.92155e-01	-3.85817e-01	8.32122e-01
2	0	2	1	1	3	4.10986e-01	-9.27803e-02	3.90143e-01
2	0	3	1	1	3	1.76416e-01	4.84160e-02	1.75490e-01
2	0	4	1	1	3	2.42956e-01	1.23979e-01	2.64593e-01
2	0	5	1	1	3	3.57967e-01	4.32013e-02	3.63973e-01
2	0	6	1	1	3	1.22093e+00	-6.67168e-01	9.30075e-01
2	0	7	1	1	3	2.92156e-01	-4.36810e-03	2.98702e-01
#######################################################################
# BAC                                                                 #
#######################################################################
3	0	0	0	1	3	0.00000e+00	0.00000e+00	0.00000e+00
3	0	1	0	1	3	0.00000e+00	0.00000e+00	0.00000e+00
#######################################################################
# FBH Up                                                              #
#######################################################################
4	0	0	0	2	3	-5.62952e-03	8.96903e-01	-3.53273e+01
4	0	1	0	2	3	-4.29399e-03	7.37975e-01	-3.00049e+01
4	0	2	0	2	3	-5.26894e-03	8.67305e-01	-3.38992e+01
4	0	3	0	2	3	-3.80183e-03	6.69237e-01	-2.72260e+01
4	0	4	0	2	3	-4.35014e-03	7.35785e-01	-2.92008e+01
4	0	5	0	2	3	-4.02541e-03	6.86907e-01	-2.70312e+01
4	0	6	0	2	3	-4.16660e-03	7.08229e-01	-2.81512e+01
4	0	7	0	2	3	-3.93117e-03	6.84759e-01	-2.69101e+01
4	0	8	0	2	3	-4.14423e-03	6.96902e-01	-2.65883e+01
4	0	9	0	2	3	-2.83372e-03	5.62925e-01	-2.20787e+01
4	0	10	0	2	3	-4.07944e-03	7.09420e-01	-2.75603e+01
4	0	11	0	2	3	-3.50961e-03	6.50113e-01	-2.64167e+01
4	0	12	0	2	3	-3.52415e-03	6.49734e-01	-2.67232e+01
4	0	13	0	2	3	-4.13420e-03	7.26957e-01	-2.99675e+01
4	0	14	0	2	3	-4.90315e-03	8.27563e-01	-3.35630e+01
4	0	15	0	2	3	-4.73048e-03	8.13189e-01	-3.31901e+01
#######################################################################
# FBH Down                                                            #
#######################################################################
4	0	0	1	2	3	-5.62952e-03	8.96903e-01	-3.53273e+01
4	0	1	1	2	3	-4.29399e-03	7.37975e-01	-3.00049e+01
4	0	2	1	2	3	-5.26894e-03	8.67305e-01	-3.38992e+01
4	0	3	1	2	3	-3.80183e-03	6.69237e-01	-2.72260e+01
4	0	4	1	2	3	-4.35014e-03	7.35785e-01	-2.92008e+01
4	0	5	1	2	3	-4.02541e-03	6.86907e-01	-2.70312e+01
4	0	6	1	2	3	-4.16660e-03	7.08229e-01	-2.81512e+01
4	0	7	1	2	3	-3.93117e-03	6.84759e-01	-2.69101e+01
4	0	8	1	2	3	-4.14423e-03	6.96902e-01	-2.65883e+01
4	0	9	1	2	3	-2.83372e-03	5.62925e-01	-2.20787e+01
4	0	10	1	2	3	-4.07944e-03	7.09420e-01	-2.75603e+01
4	0	11	1	2	3	-3.50961e-03	6.50113e-01	-2.64167e+01
4	0	12	1	2	3	-3.52415e-03	6.49734e-01	-2.67232e+01
4	0	13	1	2	3	-4.13420e-03	7.26957e-01	-2.99675e+01
4	0	14	1	2	3	-4.90315e-03	8.27563e-01	-3.35630e+01
4	0	15	1	2	3	-4.73048e-03	8.13189e-01	-3.31901e+01
#######################################################################
# PVAC                                                                #
#######################################################################
5	0	0	0	1	3	0.00000e+00	0.00000e+00	0.00000e+00
#######################################################################
# FAC                                                                 #
#######################################################################
6	0	0	0	1	3	0.00000e+00	0.00000e+00	0.00000e+00
#######################################################################
# SCH                                                                 #
#######################################################################
#7	0	0	0	2	3	-0.00500000	0.821213	-32.185321
#7	0	1	0	2	3	-0.00500000	0.830248	-32.269563
#7	0	2	0	2	3	-0.00500000	0.793073	-29.315934
#7	0	3	0	2	3	-0.00500000	0.772144	-28.276705
#7	0	4	0	2	3	-0.00500000	0.801968	-30.687167
#7	0	5	0	2	3	-0.00500000	0.778300	-28.439251
#7	0	6	0	2	3	-0.00500000	0.765872	-27.918181
#7	0	7	0	2	3	-0.00500000	0.738459	-26.016797
#7	0	8	0	2	3	-0.00500000	0.778318	-28.676371
#7	0	9	0	2	3	-0.00500000	0.776670	-28.892887
#7	0	10	0	2	3	-0.00500000	0.764278	-28.122474
#7	0	11	0	2	3	-0.00500000	0.790742	-29.423647
#7	0	12	0	2	3	-0.00500000	0.811330	-30.487019
#7	0	13	0	2	3	-0.00500000	0.818750	-30.891512
#7	0	14	0	2	3	-0.00500000	0.802541	-30.009136
#7	0	15	0	2	3	-0.00500000	0.809525	-30.751746
#7	0	16	0	2	3	-0.00500000	0.802597	-30.845509
#7	0	17	0	2	3	-0.00500000	0.835028	-32.780792
#7	0	18	0	2	3	-0.00500000	0.859176	-33.938731
#7	0	19	0	2	3	-0.00500000	0.814851	-31.445396
#7	0	20	0	2	3	-0.00500000	0.809426	-30.781087
#7	0	21	0	2	3	-0.00500000	0.780678	-28.888756
#7	0	22	0	2	3	-0.00500000	0.808206	-30.719604
#7	0	23	0	2	3	-0.00500000	0.774024	-27.858339
#7	0	24	0	2	3	-0.00500000	0.794308	-29.022101
#7	0	25	0	2	3	-0.00500000	0.775649	-27.980186
#7	0	26	0	2	3	-0.00500000	0.788483	-28.687567
#7	0	27	0	2	3	-0.00466315	0.771386	-29.253260
#7	0	28	0	2	3	-0.00483132	0.790854	-28.637741
#7	0	29	0	2	3	-0.00497049	0.812994	-30.786914
#7	0	30	0	2	3	-0.00500000	0.787793	-28.362716
#7	0	31	0	2	3	-0.00500000	0.790759	-28.876812
#7	0	32	0	2	3	-0.00500000	0.824826	-31.655285
#7	0	33	0	2	3	-0.00500000	0.845304	-33.407765
#7	0	34	0	2	3	-0.00500000	0.832263	-32.939799
#7	0	35	0	2	3	-0.00500000	0.820631	-31.695372
#7	0	36	0	2	3	-0.00500000	0.836997	-33.200590
#7	0	37	0	2	3	-0.00500000	0.819690	-32.097193
#7	0	38	0	2	3	-0.00500000	0.808109	-31.263214
#7	0	39	0	2	3	-0.00500000	0.815224	-31.135523
#7	0	40	0	2	3	-0.00500000	0.803398	-29.897923
#7	0	41	0	2	3	-0.00500000	0.815685	-31.165519
#7	0	42	0	2	3	-0.00500000	0.812980	-30.737261
#7	0	43	0	2	3	-0.00500000	0.829418	-32.693307
#7	0	44	0	2	3	-0.00500000	0.789530	-29.464920
#7	0	45	0	2	3	-0.00500000	0.804789	-31.208151
#7	0	46	0	2	3	-0.00500000	0.830106	-32.806514
#7	0	47	0	2	3	-0.00500000	0.819206	-31.373242
#7	0	48	0	2	3	-0.00500000	0.816165	-31.709319
#7	0	49	0	2	3	-0.00500000	0.798496	-30.201709
#7	0	50	0	2	3	-0.00500000	0.812167	-31.795745
#7	0	51	0	2	3	-0.00500000	0.810749	-31.375226
#7	0	52	0	2	3	-0.00500000	0.803385	-31.372512
#7	0	53	0	2	3	-0.00500000	0.777405	-29.262831
#7	0	54	0	2	3	-0.00500000	0.783954	-29.763410
#7	0	55	0	2	3	-0.00500000	0.789443	-29.976449
#7	0	56	0	2	3	-0.00500000	0.838828	-33.261086
#7	0	57	0	2	3	-0.00500000	0.804421	-30.573195
#7	0	58	0	2	3	-0.00500000	0.773283	-29.111048
#7	0	59	0	2	3	-0.00500000	0.811789	-31.449459
#7	0	60	0	2	3	-0.00500000	0.759724	-28.110014
#7	0	61	0	2	3	-0.00500000	0.810884	-31.379063
#7	0	62	0	2	3	-0.00500000	0.771910	-28.435006
#7	0	63	0	2	3	-0.00500000	0.796658	-30.511906
#######################################################################
# TOF Up                                                              #
#######################################################################
7	0	0	0	1	3	5.24830e+00	-1.96630e+00	2.96170e+00
7	0	1	0	1	3	5.24830e+00	-1.96630e+00	2.96170e+00
7	0	2	0	1	3	5.24830e+00	-1.96630e+00	2.96170e+00
7	0	3	0	1	3	5.24830e+00	-1.96630e+00	2.96170e+00
7	0	4	0	1	3	5.24830e+00	-1.96630e+00	2.96170e+00
7	0	5	0	1	3	5.24830e+00	-1.96630e+00	2.96170e+00
7	0	6	0	1	3	6.97090e+00	-3.03520e+00	3.39910e+00
7	0	7	0	1	3	4.05450e+00	-1.96150e+00	2.30360e+00
7	0	8	0	1	3	1.16940e+02	-2.98600e+01	2.09880e+01
7	0	9	0	1	3	5.24830e+00	-1.96630e+00	2.96170e+00
7	0	10	0	1	3	5.24830e+00	-1.96630e+00	2.96170e+00
7	0	11	0	1	3	5.24830e+00	-1.96630e+00	2.96170e+00
7	0	12	0	1	3	5.24830e+00	-1.96630e+00	2.96170e+00
7	0	13	0	1	3	5.24830e+00	-1.96630e+00	2.96170e+00
7	0	14	0	1	3	5.24830e+00	-1.96630e+00	2.96170e+00
7	0	15	0	1	3	5.24830e+00	-1.96630e+00	2.96170e+00
7	0	16	0	1	3	5.24830e+00	-1.96630e+00	2.96170e+00
7	0	17	0	1	3	5.24830e+00	-1.96630e+00	2.96170e+00
7	0	18	0	1	3	5.24830e+00	-1.96630e+00	2.96170e+00
7	0	19	0	1	3	7.11491e-01	1.85180e-03	5.82402e-01
7	0	20	0	1	3	5.59404e-01	-1.73810e-03	4.50716e-01
7	0	21	0	1	3	8.92499e-01	1.99900e-03	7.37364e-01
7	0	22	0	1	3	6.37553e-01	1.99960e-03	5.45449e-01
7	0	23	0	1	3	1.19210e+00	1.98920e-03	9.99994e-01
#######################################################################
# TOF Down                                                            #
#######################################################################
7	0	0	1	1	3	5.84300e+00	-2.30730e+00	3.11320e+00
7	0	1	1	1	3	5.84300e+00	-2.30730e+00	3.11320e+00
7	0	2	1	1	3	5.84300e+00	-2.30730e+00	3.11320e+00
7	0	3	1	1	3	5.84300e+00	-2.30730e+00	3.11320e+00
7	0	4	1	1	3	5.84300e+00	-2.30730e+00	3.11320e+00
7	0	5	1	1	3	5.84300e+00	-2.30730e+00	3.11320e+00
7	0	6	1	1	3	1.41330e+01	-5.81170e+00	5.32680e+00
7	0	7	1	1	3	7.84850e+01	-2.02870e+01	1.69500e+01
7	0	8	1	1	3	2.20240e+02	-3.62440e+01	3.60080e+01
7	0	9	1	1	3	5.84300e+00	-2.30730e+00	3.11320e+00
7	0	10	1	1	3	5.84300e+00	-2.30730e+00	3.11320e+00
7	0	11	1	1	3	5.84300e+00	-2.30730e+00	3.11320e+00
7	0	12	1	1	3	5.84300e+00	-2.30730e+00	3.11320e+00
7	0	13	1	1	3	5.84300e+00	-2.30730e+00	3.11320e+00
7	0	14	1	1	3	5.84300e+00	-2.30730e+00	3.11320e+00
7	0	15	1	1	3	5.84300e+00	-2.30730e+00	3.11320e+00
7	0	16	1	1	3	5.84300e+00	-2.30730e+00	3.11320e+00
7	0	17	1	1	3	5.84300e+00	-2.30730e+00	3.11320e+00
7	0	18	1	1	3	5.84300e+00	-2.30730e+00	3.11320e+00
7	0	19	1	1	3	6.18741e-01	1.99860e-03	4.90831e-01
7	0	20	1	1	3	5.75901e-01	1.04210e-03	4.72509e-01
7	0	21	1	1	3	9.41046e-01	1.99890e-03	7.79357e-01
7	0	22	1	1	3	4.84266e-01	-1.95590e-03	3.99786e-01
7	0	23	1	1	3	8.97714e-01	1.99860e-03	7.56300e-01
#######################################################################
# BFT U                                                               #
#######################################################################
110	0	0	0	2	3	3.32994e-03	-5.38092e-01	1.47995e+01
110	0	1	0	2	3	-3.80200e-03	3.14437e-03	4.64502e+00
110	0	2	0	2	3	4.12675e-03	-5.87911e-01	1.52402e+01
110	0	3	0	2	3	4.11699e-03	-5.83633e-01	1.42552e+01
110	0	4	0	2	3	4.18263e-03	-5.82613e-01	1.54172e+01
110	0	5	0	2	3	4.09801e-03	-5.68335e-01	1.54284e+01
110	0	6	0	2	3	4.58442e-03	-6.15780e-01	1.53288e+01
110	0	7	0	2	3	3.96365e-03	-5.57214e-01	1.48584e+01
110	0	8	0	2	3	3.67622e-03	-5.52521e-01	1.44655e+01
110	0	9	0	2	3	4.36350e-03	-5.93544e-01	1.65136e+01
110	0	10	0	2	3	3.99134e-03	-5.76481e-01	1.40699e+01
110	0	11	0	2	3	4.15831e-03	-5.76645e-01	1.61914e+01
110	0	12	0	2	3	3.12946e-03	-5.12335e-01	1.32170e+01
110	0	13	0	2	3	4.30514e-03	-5.87236e-01	1.63119e+01
110	0	14	0	2	3	3.77530e-03	-5.64087e-01	1.40582e+01
110	0	15	0	2	3	5.22648e-03	-6.60611e-01	1.77704e+01
110	0	16	0	2	3	3.59686e-03	-5.44437e-01	1.35477e+01
110	0	17	0	2	3	3.67920e-03	-5.39540e-01	1.50573e+01
110	0	18	0	2	3	3.71311e-03	-5.57340e-01	1.37473e+01
110	0	19	0	2	3	3.90134e-03	-5.77209e-01	1.41131e+01
110	0	20	0	2	3	3.46462e-03	-5.34684e-01	1.38765e+01
110	0	21	0	2	3	3.92087e-03	-5.66293e-01	1.70270e+01
110	0	22	0	2	3	3.81665e-03	-5.66169e-01	1.43970e+01
110	0	23	0	2	3	3.44078e-03	-5.25504e-01	1.49706e+01
110	0	24	0	2	3	4.09507e-03	-5.78106e-01	1.49005e+01
110	0	25	0	2	3	3.38471e-03	-5.17963e-01	1.52947e+01
110	0	26	0	2	3	4.36489e-03	-6.01589e-01	1.59907e+01
110	0	27	0	2	3	4.33730e-03	-5.88286e-01	1.59083e+01
110	0	28	0	2	3	3.43791e-03	-5.33606e-01	1.23120e+01
110	0	29	0	2	3	4.04173e-03	-5.59421e-01	1.48796e+01
110	0	30	0	2	3	4.24150e-03	-5.93922e-01	1.47028e+01
110	0	31	0	2	3	4.11363e-03	-5.78334e-01	1.58858e+01
110	0	32	0	2	3	4.61282e-03	-6.21124e-01	1.54581e+01
110	0	33	0	2	3	3.99907e-03	-5.50858e-01	1.35843e+01
110	0	34	0	2	3	3.97408e-03	-5.74029e-01	1.43812e+01
110	0	35	0	2	3	5.09048e-03	-6.51587e-01	1.71473e+01
110	0	36	0	2	3	4.05757e-03	-5.66422e-01	1.39794e+01
110	0	37	0	2	3	4.16298e-03	-5.79736e-01	1.67156e+01
110	0	38	0	2	3	4.09949e-03	-5.77268e-01	1.38014e+01
110	0	39	0	2	3	4.85541e-03	-6.26257e-01	1.63067e+01
110	0	40	0	2	3	3.86939e-03	-5.57025e-01	1.37839e+01
110	0	41	0	2	3	4.21149e-03	-5.78900e-01	1.65250e+01
110	0	42	0	2	3	4.19341e-03	-5.82121e-01	1.47963e+01
110	0	43	0	2	3	4.48818e-03	-6.13478e-01	1.69154e+01
110	0	44	0	2	3	3.93544e-03	-5.71051e-01	1.42677e+01
110	0	45	0	2	3	4.21106e-03	-5.75579e-01	1.59798e+01
110	0	46	0	2	3	4.26445e-03	-6.02797e-01	1.50877e+01
110	0	47	0	2	3	4.40558e-03	-6.05967e-01	1.77940e+01
110	0	48	0	2	3	3.73101e-03	-5.47430e-01	1.27208e+01
110	0	49	0	2	3	4.24643e-03	-5.82113e-01	1.65872e+01
110	0	50	0	2	3	4.64060e-03	-6.19008e-01	1.54666e+01
110	0	51	0	2	3	5.01903e-03	-6.37535e-01	1.64428e+01
110	0	52	0	2	3	3.72417e-03	-5.47372e-01	1.33017e+01
110	0	53	0	2	3	4.36872e-03	-5.87943e-01	1.54406e+01
110	0	54	0	2	3	4.16914e-03	-5.85070e-01	1.44643e+01
110	0	55	0	2	3	4.79583e-03	-6.25721e-01	1.72027e+01
110	0	56	0	2	3	3.98371e-03	-5.80766e-01	1.54055e+01
110	0	57	0	2	3	4.50923e-03	-6.02076e-01	1.63846e+01
110	0	58	0	2	3	4.29845e-03	-5.97281e-01	1.57737e+01
110	0	59	0	2	3	4.33832e-03	-6.08780e-01	1.69730e+01
110	0	60	0	2	3	4.02693e-03	-5.81903e-01	1.41178e+01
110	0	61	0	2	3	3.62785e-03	-5.38819e-01	1.49828e+01
110	0	62	0	2	3	4.62239e-03	-6.17621e-01	1.49377e+01
110	0	63	0	2	3	3.92298e-03	-5.67880e-01	1.45217e+01
110	0	64	0	2	3	3.74828e-03	-5.60913e-01	1.43610e+01
110	0	65	0	2	3	3.82935e-03	-5.58968e-01	1.53606e+01
110	0	66	0	2	3	4.60904e-03	-6.33351e-01	1.69074e+01
110	0	67	0	2	3	3.74415e-03	-5.55906e-01	1.55042e+01
110	0	68	0	2	3	3.94563e-03	-5.83626e-01	1.53167e+01
110	0	69	0	2	3	3.99996e-03	-5.68030e-01	1.50165e+01
110	0	70	0	2	3	4.23908e-03	-6.12909e-01	1.48842e+01
110	0	71	0	2	3	4.48785e-03	-6.09438e-01	1.61901e+01
110	0	72	0	2	3	3.93269e-03	-5.78293e-01	1.40109e+01
110	0	73	0	2	3	4.19048e-03	-5.89491e-01	1.52548e+01
110	0	74	0	2	3	4.14038e-03	-5.99327e-01	1.54888e+01
110	0	75	0	2	3	4.58921e-03	-6.13226e-01	1.58918e+01
110	0	76	0	2	3	3.73080e-03	-5.55887e-01	1.36416e+01
110	0	77	0	2	3	3.77725e-03	-5.57315e-01	1.52502e+01
110	0	78	0	2	3	4.24527e-03	-6.04155e-01	1.48602e+01
110	0	79	0	2	3	4.21809e-03	-5.86915e-01	1.53794e+01
110	0	80	0	2	3	4.10514e-03	-5.83382e-01	1.51744e+01
110	0	81	0	2	3	4.09491e-03	-5.69680e-01	1.50389e+01
110	0	82	0	2	3	4.37443e-03	-6.01739e-01	1.50567e+01
110	0	83	0	2	3	4.38312e-03	-6.01806e-01	1.55328e+01
110	0	84	0	2	3	3.80865e-03	-5.60600e-01	1.42076e+01
110	0	85	0	2	3	3.83278e-03	-5.56568e-01	1.51789e+01
110	0	86	0	2	3	4.52177e-03	-6.28537e-01	1.53386e+01
110	0	87	0	2	3	4.43457e-03	-6.14384e-01	1.65894e+01
110	0	88	0	2	3	3.64242e-03	-5.45153e-01	1.42751e+01
110	0	89	0	2	3	4.26061e-03	-5.93318e-01	1.54865e+01
110	0	90	0	2	3	4.02934e-03	-5.82696e-01	1.41893e+01
110	0	91	0	2	3	4.55618e-03	-6.22956e-01	1.56207e+01
110	0	92	0	2	3	3.65419e-03	-5.63226e-01	1.46951e+01
110	0	93	0	2	3	4.20241e-03	-5.86152e-01	1.50727e+01
110	0	94	0	2	3	4.33966e-03	-6.21110e-01	1.67270e+01
110	0	95	0	2	3	4.37318e-03	-6.04610e-01	1.60470e+01
110	0	96	0	2	3	3.95022e-03	-5.83235e-01	1.46785e+01
110	0	97	0	2	3	4.07246e-03	-5.78832e-01	1.57109e+01
110	0	98	0	2	3	4.37030e-03	-6.17341e-01	1.52911e+01
110	0	99	0	2	3	4.24854e-03	-5.88509e-01	1.55333e+01
110	0	100	0	2	3	4.12974e-03	-5.88450e-01	1.52362e+01
110	0	101	0	2	3	3.79153e-03	-5.59241e-01	1.52850e+01
110	0	102	0	2	3	4.96034e-03	-6.52865e-01	1.66522e+01
110	0	103	0	2	3	4.82125e-03	-6.36539e-01	1.62332e+01
110	0	104	0	2	3	4.24118e-03	-5.99424e-01	1.45719e+01
110	0	105	0	2	3	4.14382e-03	-5.81718e-01	1.51108e+01
110	0	106	0	2	3	4.68241e-03	-6.34233e-01	1.63121e+01
110	0	107	0	2	3	4.64529e-03	-6.19436e-01	1.52901e+01
110	0	108	0	2	3	3.85114e-03	-5.76186e-01	1.50844e+01
110	0	109	0	2	3	4.20609e-03	-5.91606e-01	1.52312e+01
110	0	110	0	2	3	4.51165e-03	-6.22124e-01	1.58399e+01
110	0	111	0	2	3	4.87751e-03	-6.47334e-01	1.63799e+01
110	0	112	0	2	3	4.05176e-03	-5.78335e-01	1.37445e+01
110	0	113	0	2	3	4.32408e-03	-5.95585e-01	1.52297e+01
110	0	114	0	2	3	4.69688e-03	-6.34919e-01	1.61567e+01
110	0	115	0	2	3	4.70161e-03	-6.21761e-01	1.56462e+01
110	0	116	0	2	3	3.38922e-03	-5.42597e-01	1.41157e+01
110	0	117	0	2	3	4.13734e-03	-5.88844e-01	1.61920e+01
110	0	118	0	2	3	4.49918e-03	-6.22619e-01	1.61492e+01
110	0	119	0	2	3	4.75580e-03	-6.22177e-01	1.47337e+01
110	0	120	0	2	3	4.42951e-03	-6.22515e-01	1.56777e+01
110	0	121	0	2	3	4.25994e-03	-5.88227e-01	1.37266e+01
110	0	122	0	2	3	4.66995e-03	-6.38567e-01	1.71061e+01
110	0	123	0	2	3	5.40756e-03	-6.74639e-01	1.69038e+01
110	0	124	0	2	3	4.13258e-03	-5.90260e-01	1.55546e+01
110	0	125	0	2	3	4.39146e-03	-5.80929e-01	1.27711e+01
110	0	126	0	2	3	3.96766e-03	-5.78507e-01	1.47179e+01
110	0	127	0	2	3	4.20673e-03	-5.90260e-01	1.51873e+01
110	0	128	0	2	3	4.32479e-03	-6.33858e-01	1.69906e+01
110	0	129	0	2	3	3.70314e-03	-5.74462e-01	1.54102e+01
110	0	130	0	2	3	2.70652e-03	-5.10098e-01	1.47218e+01
110	0	131	0	2	3	1.93782e-03	-4.39708e-01	1.31566e+01
110	0	132	0	2	3	4.48918e-03	-6.31257e-01	1.70855e+01
110	0	133	0	2	3	4.67141e-03	-6.27115e-01	1.63415e+01
110	0	134	0	2	3	3.30192e-03	-5.56405e-01	1.54345e+01
110	0	135	0	2	3	3.32029e-03	-5.36291e-01	1.41477e+01
110	0	136	0	2	3	2.88737e-03	-5.17607e-01	1.40059e+01
110	0	137	0	2	3	2.98278e-03	-5.37644e-01	1.57365e+01
110	0	138	0	2	3	3.47629e-03	-5.64070e-01	1.57916e+01
110	0	139	0	2	3	3.33063e-03	-5.45264e-01	1.39437e+01
110	0	140	0	2	3	2.36535e-03	-4.82541e-01	1.45861e+01
110	0	141	0	2	3	3.54999e-03	-5.72393e-01	1.49313e+01
110	0	142	0	2	3	1.43269e-03	-3.97384e-01	1.20312e+01
110	0	143	0	2	3	1.92208e-03	-4.44215e-01	1.28561e+01
110	0	144	0	2	3	1.89148e-03	-4.36597e-01	1.20583e+01
110	0	145	0	2	3	5.85324e-03	-7.10665e-01	1.67336e+01
110	0	146	0	2	3	5.01674e-03	-6.64741e-01	1.69406e+01
110	0	147	0	2	3	5.02170e-03	-6.68890e-01	1.75066e+01
110	0	148	0	2	3	3.09277e-03	-5.35942e-01	1.43908e+01
110	0	149	0	2	3	3.21762e-03	-5.13141e-01	1.41567e+01
110	0	150	0	2	3	5.76969e-03	-7.26064e-01	1.84735e+01
110	0	151	0	2	3	4.85826e-03	-6.59762e-01	1.71295e+01
110	0	152	0	2	3	4.08872e-03	-5.98540e-01	1.64501e+01
110	0	153	0	2	3	1.63504e-03	-4.44715e-01	1.38989e+01
110	0	154	0	2	3	4.37731e-03	-6.26557e-01	1.60800e+01
110	0	155	0	2	3	4.53386e-03	-6.20416e-01	1.46283e+01
110	0	156	0	2	3	-6.35622e-03	1.65103e-01	2.32501e+00
110	0	157	0	2	3	7.10943e-03	-8.02579e-01	1.95511e+01
110	0	158	0	2	3	3.44129e-03	-5.57515e-01	1.48066e+01
110	0	159	0	2	3	3.32776e-03	-5.21319e-01	1.39562e+01
#######################################################################
# BFT D                                                               #
#######################################################################
110	1	0	0	2	3	3.56166e-03	-5.36510e-01	1.59336e+01
110	1	1	0	2	3	2.41734e-03	-4.54675e-01	1.39181e+01
110	1	2	0	2	3	3.97706e-03	-5.74963e-01	1.57396e+01
110	1	3	0	2	3	4.21556e-03	-5.89165e-01	1.68855e+01
110	1	4	0	2	3	3.30637e-03	-5.27571e-01	1.49310e+01
110	1	5	0	2	3	3.35966e-03	-5.34531e-01	1.61351e+01
110	1	6	0	2	3	4.11655e-03	-5.89687e-01	1.49223e+01
110	1	7	0	2	3	4.03733e-03	-5.76545e-01	1.61909e+01
110	1	8	0	2	3	3.44445e-03	-5.43554e-01	1.56197e+01
110	1	9	0	2	3	3.32592e-03	-5.30746e-01	1.68768e+01
110	1	10	0	2	3	3.43839e-03	-5.47433e-01	1.55198e+01
110	1	11	0	2	3	3.58505e-03	-5.48535e-01	1.56031e+01
110	1	12	0	2	3	3.50357e-03	-5.52972e-01	1.49558e+01
110	1	13	0	2	3	2.94754e-03	-4.97635e-01	1.53703e+01
110	1	14	0	2	3	4.25283e-03	-6.06836e-01	1.56598e+01
110	1	15	0	2	3	3.91302e-03	-5.67403e-01	1.64933e+01
110	1	16	0	2	3	3.02852e-03	-5.17102e-01	1.43793e+01
110	1	17	0	2	3	3.64082e-03	-5.46650e-01	1.53937e+01
110	1	18	0	2	3	4.47449e-03	-6.14268e-01	1.53814e+01
110	1	19	0	2	3	3.93452e-03	-5.71320e-01	1.62738e+01
110	1	20	0	2	3	3.38399e-03	-5.47814e-01	1.53203e+01
110	1	21	0	2	3	2.76861e-03	-4.92572e-01	1.59094e+01
110	1	22	0	2	3	4.02406e-03	-5.80085e-01	1.53208e+01
110	1	23	0	2	3	3.72014e-03	-5.51884e-01	1.60605e+01
110	1	24	0	2	3	3.68093e-03	-5.61417e-01	1.60255e+01
110	1	25	0	2	3	3.56948e-03	-5.45757e-01	1.61813e+01
110	1	26	0	2	3	4.04737e-03	-5.90365e-01	1.54215e+01
110	1	27	0	2	3	4.11372e-03	-5.84727e-01	1.75598e+01
110	1	28	0	2	3	3.73967e-03	-5.66245e-01	1.60212e+01
110	1	29	0	2	3	3.57110e-03	-5.47647e-01	1.63785e+01
110	1	30	0	2	3	4.31523e-03	-6.01359e-01	1.58017e+01
110	1	31	0	2	3	4.07962e-03	-5.91581e-01	1.73464e+01
110	1	32	0	2	3	3.60639e-03	-5.59182e-01	1.64222e+01
110	1	33	0	2	3	3.19228e-03	-5.28096e-01	1.50292e+01
110	1	34	0	2	3	3.87095e-03	-5.70311e-01	1.48589e+01
110	1	35	0	2	3	3.97668e-03	-5.88797e-01	1.73341e+01
110	1	36	0	2	3	4.03728e-03	-5.77236e-01	1.61239e+01
110	1	37	0	2	3	3.81570e-03	-5.60004e-01	1.46867e+01
110	1	38	0	2	3	4.20032e-03	-5.95754e-01	1.67424e+01
110	1	39	0	2	3	4.05411e-03	-5.74068e-01	1.58756e+01
110	1	40	0	2	3	4.07308e-03	-5.78881e-01	1.50108e+01
110	1	41	0	2	3	3.77600e-03	-5.56574e-01	1.60492e+01
110	1	42	0	2	3	4.10557e-03	-5.80639e-01	1.55722e+01
110	1	43	0	2	3	4.50823e-03	-6.10663e-01	1.77702e+01
110	1	44	0	2	3	3.80728e-03	-5.67156e-01	1.50028e+01
110	1	45	0	2	3	4.02511e-03	-5.74147e-01	1.65147e+01
110	1	46	0	2	3	3.90435e-03	-5.77657e-01	1.52134e+01
110	1	47	0	2	3	4.11390e-03	-6.00803e-01	1.80284e+01
110	1	48	0	2	3	3.93003e-03	-5.71435e-01	1.56964e+01
110	1	49	0	2	3	3.59026e-03	-5.40257e-01	1.61767e+01
110	1	50	0	2	3	3.95627e-03	-5.78523e-01	1.48807e+01
110	1	51	0	2	3	4.34719e-03	-6.01983e-01	1.70232e+01
110	1	52	0	2	3	4.05191e-03	-5.93043e-01	1.54358e+01
110	1	53	0	2	3	3.60769e-03	-5.48102e-01	1.63593e+01
110	1	54	0	2	3	4.28280e-03	-6.09542e-01	1.66773e+01
110	1	55	0	2	3	4.11156e-03	-5.84853e-01	1.68174e+01
110	1	56	0	2	3	3.93411e-03	-5.90432e-01	1.54876e+01
110	1	57	0	2	3	3.96843e-03	-5.75117e-01	1.63601e+01
110	1	58	0	2	3	4.15836e-03	-6.08782e-01	1.77300e+01
110	1	59	0	2	3	4.29913e-03	-6.11900e-01	1.83961e+01
110	1	60	0	2	3	3.59405e-03	-5.56588e-01	1.55517e+01
110	1	61	0	2	3	4.04563e-03	-5.69462e-01	1.57540e+01
110	1	62	0	2	3	3.82943e-03	-5.72971e-01	1.48214e+01
110	1	63	0	2	3	4.00976e-03	-5.79180e-01	1.67508e+01
110	1	64	0	2	3	4.06391e-03	-5.90980e-01	1.65085e+01
110	1	65	0	2	3	4.20713e-03	-5.93595e-01	1.63256e+01
110	1	66	0	2	3	4.69332e-03	-6.43854e-01	1.62017e+01
110	1	67	0	2	3	4.37603e-03	-6.09192e-01	1.57267e+01
110	1	68	0	2	3	3.30342e-03	-5.25719e-01	1.37082e+01
110	1	69	0	2	3	3.75784e-03	-5.63550e-01	1.59107e+01
110	1	70	0	2	3	4.10255e-03	-5.91936e-01	1.62924e+01
110	1	71	0	2	3	4.19971e-03	-6.02850e-01	1.68621e+01
110	1	72	0	2	3	3.66104e-03	-5.56132e-01	1.51486e+01
110	1	73	0	2	3	4.29355e-03	-6.08268e-01	1.74528e+01
110	1	74	0	2	3	4.25484e-03	-5.98899e-01	1.50564e+01
110	1	75	0	2	3	4.38092e-03	-6.14173e-01	1.64780e+01
110	1	76	0	2	3	3.86235e-03	-5.70053e-01	1.52144e+01
110	1	77	0	2	3	4.14388e-03	-5.96734e-01	1.61683e+01
110	1	78	0	2	3	4.27663e-03	-6.04402e-01	1.51667e+01
110	1	79	0	2	3	4.26000e-03	-6.00039e-01	1.60797e+01
110	1	80	0	2	3	4.03480e-03	-5.81680e-01	1.53109e+01
110	1	81	0	2	3	3.91952e-03	-5.73582e-01	1.49273e+01
110	1	82	0	2	3	4.69074e-03	-6.32534e-01	1.71347e+01
110	1	83	0	2	3	4.18678e-03	-5.83485e-01	1.53369e+01
110	1	84	0	2	3	3.53535e-03	-5.39028e-01	1.40293e+01
110	1	85	0	2	3	3.66580e-03	-5.54171e-01	1.48398e+01
110	1	86	0	2	3	4.35062e-03	-6.07881e-01	1.64441e+01
110	1	87	0	2	3	3.99775e-03	-5.74425e-01	1.39490e+01
110	1	88	0	2	3	3.97466e-03	-5.80210e-01	1.57130e+01
110	1	89	0	2	3	3.67294e-03	-5.60863e-01	1.46729e+01
110	1	90	0	2	3	3.68643e-03	-5.64550e-01	1.46626e+01
110	1	91	0	2	3	4.18154e-03	-5.88163e-01	1.59012e+01
110	1	92	0	2	3	3.64139e-03	-5.49365e-01	1.47018e+01
110	1	93	0	2	3	3.91733e-03	-5.72497e-01	1.53466e+01
110	1	94	0	2	3	4.01595e-03	-5.89477e-01	1.62635e+01
110	1	95	0	2	3	4.24155e-03	-6.05737e-01	1.57334e+01
110	1	96	0	2	3	3.83760e-03	-5.66141e-01	1.46789e+01
110	1	97	0	2	3	3.66448e-03	-5.56877e-01	1.55364e+01
110	1	98	0	2	3	4.32509e-03	-6.23529e-01	1.71576e+01
110	1	99	0	2	3	4.34058e-03	-6.04028e-01	1.56586e+01
110	1	100	0	2	3	3.80960e-03	-5.53816e-01	1.49388e+01
110	1	101	0	2	3	3.80511e-03	-5.63918e-01	1.54738e+01
110	1	102	0	2	3	4.19835e-03	-6.06848e-01	1.60177e+01
110	1	103	0	2	3	4.30023e-03	-6.00905e-01	1.54958e+01
110	1	104	0	2	3	4.06329e-03	-5.84770e-01	1.55434e+01
110	1	105	0	2	3	3.66527e-03	-5.55516e-01	1.51260e+01
110	1	106	0	2	3	4.33869e-03	-6.11092e-01	1.68102e+01
110	1	107	0	2	3	4.69080e-03	-6.29805e-01	1.61810e+01
110	1	108	0	2	3	3.85367e-03	-5.70959e-01	1.60562e+01
110	1	109	0	2	3	3.53018e-03	-5.49981e-01	1.55993e+01
110	1	110	0	2	3	4.17842e-03	-5.99518e-01	1.58383e+01
110	1	111	0	2	3	4.64588e-03	-6.35264e-01	1.76281e+01
110	1	112	0	2	3	3.84671e-03	-5.69237e-01	1.50715e+01
110	1	113	0	2	3	3.91470e-03	-5.75087e-01	1.55544e+01
110	1	114	0	2	3	4.18414e-03	-6.00363e-01	1.54519e+01
110	1	115	0	2	3	4.55097e-03	-6.19763e-01	1.60038e+01
110	1	116	0	2	3	3.82060e-03	-5.74198e-01	1.54397e+01
110	1	117	0	2	3	4.24147e-03	-5.89037e-01	1.55533e+01
110	1	118	0	2	3	4.12414e-03	-5.95975e-01	1.49006e+01
110	1	119	0	2	3	4.34609e-03	-6.08488e-01	1.62286e+01
110	1	120	0	2	3	4.06919e-03	-5.85272e-01	1.52158e+01
110	1	121	0	2	3	4.19128e-03	-5.91212e-01	1.55188e+01
110	1	122	0	2	3	4.39611e-03	-6.25405e-01	1.75369e+01
110	1	123	0	2	3	4.22270e-03	-6.06206e-01	1.74490e+01
110	1	124	0	2	3	3.68879e-03	-5.49690e-01	1.41729e+01
110	1	125	0	2	3	4.26806e-03	-5.96065e-01	1.58642e+01
110	1	126	0	2	3	3.90331e-03	-5.75641e-01	1.54654e+01
110	1	127	0	2	3	4.45589e-03	-6.14478e-01	1.61037e+01
110	1	128	0	2	3	3.83311e-03	-5.94908e-01	1.65173e+01
110	1	129	0	2	3	4.33671e-03	-6.35965e-01	1.73051e+01
110	1	130	0	2	3	3.62953e-03	-5.80523e-01	1.53541e+01
110	1	131	0	2	3	2.79256e-03	-5.00653e-01	1.41537e+01
110	1	132	0	2	3	3.60274e-03	-5.67460e-01	1.60038e+01
110	1	133	0	2	3	4.84358e-03	-6.48181e-01	1.65079e+01
110	1	134	0	2	3	4.26553e-03	-6.27086e-01	1.71626e+01
110	1	135	0	2	3	4.35174e-03	-6.04012e-01	1.60194e+01
110	1	136	0	2	3	3.91871e-03	-6.01666e-01	1.70197e+01
110	1	137	0	2	3	5.27086e-03	-6.84114e-01	1.76737e+01
110	1	138	0	2	3	3.66833e-03	-5.65228e-01	1.52605e+01
110	1	139	0	2	3	5.01253e-03	-6.60068e-01	1.72858e+01
110	1	140	0	2	3	4.42019e-03	-6.30953e-01	1.63835e+01
110	1	141	0	2	3	4.83023e-03	-6.49508e-01	1.65489e+01
110	1	142	0	2	3	3.58195e-03	-5.71067e-01	1.51852e+01
110	1	143	0	2	3	4.44775e-03	-6.24468e-01	1.69260e+01
110	1	144	0	2	3	2.83518e-03	-5.16059e-01	1.56544e+01
110	1	145	0	2	3	3.14231e-03	-5.16443e-01	1.42873e+01
110	1	146	0	2	3	4.65534e-03	-6.41951e-01	1.66277e+01
110	1	147	0	2	3	3.86212e-03	-5.68142e-01	1.43971e+01
110	1	148	0	2	3	4.61865e-03	-6.48600e-01	1.64302e+01
110	1	149	0	2	3	5.01061e-03	-6.42013e-01	1.68264e+01
110	1	150	0	2	3	2.83985e-03	-5.25098e-01	1.54185e+01
110	1	151	0	2	3	3.72904e-03	-5.46088e-01	1.44511e+01
110	1	152	0	2	3	4.95871e-03	-6.45062e-01	1.73765e+01
110	1	153	0	2	3	1.04965e-02	-1.08278e+00	2.58901e+01
110	1	154	0	2	3	3.08267e-03	-5.25158e-01	1.48862e+01
110	1	155	0	2	3	7.11266e-03	-7.88565e-01	1.75611e+01
110	1	156	0	2	3	1.52244e-04	-3.28093e-01	1.16292e+01
110	1	157	0	2	3	6.21687e-03	-7.77512e-01	2.04460e+01
110	1	158	0	2	3	2.90497e-03	-5.11242e-01	1.50501e+01
110	1	159	0	2	3	7.24008e-03	-8.26521e-01	2.10797e+01
