##
#  file: HodoPHCParam_Dummy
#  date: 2016.06.15
#  note: first version
#
#
#######################################################################
# CId	PlId	Seg	UorD	Type	nParam	p0	p1	...
#
#	Type=0 no correction will be performed
#	Type=1 ct=t-p[0]/sqrt(a-p[1])+p[2]
#	Type=2 ct=p[0]*a*a + p[1]*a + p[2] for Fiber
#
#######################################################################
# BH1 Up                                                              #
#######################################################################
1	0	0	0	1	3	5.08705e+00	-1.98362e+00	2.93454e+00
1	0	1	0	1	3	6.69706e-01	2.91546e-01	8.10244e-01
1	0	2	0	1	3	5.01779e-01	3.94271e-01	6.64278e-01
1	0	3	0	1	3	7.45330e-01	1.66754e-01	8.56036e-01
1	0	4	0	1	3	8.52890e-01	8.60054e-02	9.27134e-01
1	0	5	0	1	3	1.69981e+00	-1.50393e-01	1.62794e+00
1	0	6	0	1	3	1.58582e+00	-2.35346e-01	1.46587e+00
1	0	7	0	1	3	1.61970e+00	-1.46184e-01	1.54504e+00
1	0	8	0	1	3	1.37546e+00	-2.52696e-01	1.28233e+00
1	0	9	0	1	3	1.74814e+00	-2.76223e-01	1.64100e+00
1	0	10	0	1	3	1.60339e+01	-4.62629e+00	6.81205e+00
#######################################################################
# BH1 Down                                                            #
#######################################################################
1	0	0	1	1	3	1.33519e+00	-9.13138e-02	1.27257e+00
1	0	1	1	1	3	6.24909e-01	2.88647e-01	7.65429e-01
1	0	2	1	1	3	6.68954e-01	2.21542e-01	7.45264e-01
1	0	3	1	1	3	1.32364e+00	-4.57464e-01	1.08318e+00
1	0	4	1	1	3	1.18002e+00	-7.91080e-02	1.17008e+00
1	0	5	1	1	3	2.07299e+00	-4.79828e-01	1.70935e+00
1	0	6	1	1	3	1.96000e+00	-5.20196e-01	1.63958e+00
1	0	7	1	1	3	1.89852e+00	-4.50289e-01	1.60743e+00
1	0	8	1	1	3	1.02469e+00	-6.73213e-02	1.04734e+00
1	0	9	1	1	3	1.64894e+00	-1.85977e-01	1.61292e+00
1	0	10	1	1	3	7.15603e-01	2.22738e-01	8.54972e-01
#######################################################################
# BH2 Up                                                              #
#######################################################################
2	0	0	0	1	3	1.43047e-01	2.98695e-01	2.00085e-01
2	0	1	0	1	3	8.79554e-01	-2.31747e-01	7.85839e-01
2	0	2	0	1	3	5.94572e-01	-4.97541e-01	4.68956e-01
2	0	3	0	1	3	1.91725e-01	3.94747e-02	1.91115e-01
2	0	4	0	1	3	3.31184e-01	-9.38469e-02	3.15823e-01
2	0	5	0	1	3	1.99769e-01	2.70254e-01	2.37321e-01
2	0	6	0	1	3	2.58948e-01	2.41832e-01	3.10133e-01
2	0	7	0	1	3	3.50426e-01	8.80094e-02	3.70898e-01
#######################################################################
# BH2 Down                                                            #
#######################################################################
2	0	0	1	1	3	3.94607e-01	-1.85207e-01	3.84440e-01
2	0	1	1	1	3	9.92155e-01	-3.85817e-01	8.32122e-01
2	0	2	1	1	3	4.10986e-01	-9.27803e-02	3.90143e-01
2	0	3	1	1	3	1.76416e-01	4.84160e-02	1.75490e-01
2	0	4	1	1	3	2.42956e-01	1.23979e-01	2.64593e-01
2	0	5	1	1	3	3.57967e-01	4.32013e-02	3.63973e-01
2	0	6	1	1	3	1.22093e+00	-6.67168e-01	9.30075e-01
2	0	7	1	1	3	2.92156e-01	-4.36810e-03	2.98702e-01
#######################################################################
# BAC                                                                 #
#######################################################################
3	0	0	0	1	3	0.00000e+00	0.00000e+00	0.00000e+00
3	0	1	0	1	3	0.00000e+00	0.00000e+00	0.00000e+00
#######################################################################
# FBH Up                                                              #
#######################################################################
4	0	0	0	2	3	-5.62952e-03	8.96903e-01	-3.53273e+01
4	0	1	0	2	3	-4.29399e-03	7.37975e-01	-3.00049e+01
4	0	2	0	2	3	-5.26894e-03	8.67305e-01	-3.38992e+01
4	0	3	0	2	3	-3.80183e-03	6.69237e-01	-2.72260e+01
4	0	4	0	2	3	-4.35014e-03	7.35785e-01	-2.92008e+01
4	0	5	0	2	3	-4.02541e-03	6.86907e-01	-2.70312e+01
4	0	6	0	2	3	-4.16660e-03	7.08229e-01	-2.81512e+01
4	0	7	0	2	3	-3.93117e-03	6.84759e-01	-2.69101e+01
4	0	8	0	2	3	-4.14423e-03	6.96902e-01	-2.65883e+01
4	0	9	0	2	3	-2.83372e-03	5.62925e-01	-2.20787e+01
4	0	10	0	2	3	-4.07944e-03	7.09420e-01	-2.75603e+01
4	0	11	0	2	3	-3.50961e-03	6.50113e-01	-2.64167e+01
4	0	12	0	2	3	-3.52415e-03	6.49734e-01	-2.67232e+01
4	0	13	0	2	3	-4.13420e-03	7.26957e-01	-2.99675e+01
4	0	14	0	2	3	-4.90315e-03	8.27563e-01	-3.35630e+01
4	0	15	0	2	3	-4.73048e-03	8.13189e-01	-3.31901e+01
#######################################################################
# FBH Down                                                            #
#######################################################################
4	0	0	1	2	3	-5.62952e-03	8.96903e-01	-3.53273e+01
4	0	1	1	2	3	-4.29399e-03	7.37975e-01	-3.00049e+01
4	0	2	1	2	3	-5.26894e-03	8.67305e-01	-3.38992e+01
4	0	3	1	2	3	-3.80183e-03	6.69237e-01	-2.72260e+01
4	0	4	1	2	3	-4.35014e-03	7.35785e-01	-2.92008e+01
4	0	5	1	2	3	-4.02541e-03	6.86907e-01	-2.70312e+01
4	0	6	1	2	3	-4.16660e-03	7.08229e-01	-2.81512e+01
4	0	7	1	2	3	-3.93117e-03	6.84759e-01	-2.69101e+01
4	0	8	1	2	3	-4.14423e-03	6.96902e-01	-2.65883e+01
4	0	9	1	2	3	-2.83372e-03	5.62925e-01	-2.20787e+01
4	0	10	1	2	3	-4.07944e-03	7.09420e-01	-2.75603e+01
4	0	11	1	2	3	-3.50961e-03	6.50113e-01	-2.64167e+01
4	0	12	1	2	3	-3.52415e-03	6.49734e-01	-2.67232e+01
4	0	13	1	2	3	-4.13420e-03	7.26957e-01	-2.99675e+01
4	0	14	1	2	3	-4.90315e-03	8.27563e-01	-3.35630e+01
4	0	15	1	2	3	-4.73048e-03	8.13189e-01	-3.31901e+01
#######################################################################
# PVAC                                                                #
#######################################################################
5	0	0	0	1	3	0.00000e+00	0.00000e+00	0.00000e+00
#######################################################################
# FAC                                                                 #
#######################################################################
6	0	0	0	1	3	0.00000e+00	0.00000e+00	0.00000e+00
#######################################################################
# SCH                                                                 #
#######################################################################
#7	0	0	0	2	3	-0.00500000	0.821213	-32.185321
#7	0	1	0	2	3	-0.00500000	0.830248	-32.269563
#7	0	2	0	2	3	-0.00500000	0.793073	-29.315934
#7	0	3	0	2	3	-0.00500000	0.772144	-28.276705
#7	0	4	0	2	3	-0.00500000	0.801968	-30.687167
#7	0	5	0	2	3	-0.00500000	0.778300	-28.439251
#7	0	6	0	2	3	-0.00500000	0.765872	-27.918181
#7	0	7	0	2	3	-0.00500000	0.738459	-26.016797
#7	0	8	0	2	3	-0.00500000	0.778318	-28.676371
#7	0	9	0	2	3	-0.00500000	0.776670	-28.892887
#7	0	10	0	2	3	-0.00500000	0.764278	-28.122474
#7	0	11	0	2	3	-0.00500000	0.790742	-29.423647
#7	0	12	0	2	3	-0.00500000	0.811330	-30.487019
#7	0	13	0	2	3	-0.00500000	0.818750	-30.891512
#7	0	14	0	2	3	-0.00500000	0.802541	-30.009136
#7	0	15	0	2	3	-0.00500000	0.809525	-30.751746
#7	0	16	0	2	3	-0.00500000	0.802597	-30.845509
#7	0	17	0	2	3	-0.00500000	0.835028	-32.780792
#7	0	18	0	2	3	-0.00500000	0.859176	-33.938731
#7	0	19	0	2	3	-0.00500000	0.814851	-31.445396
#7	0	20	0	2	3	-0.00500000	0.809426	-30.781087
#7	0	21	0	2	3	-0.00500000	0.780678	-28.888756
#7	0	22	0	2	3	-0.00500000	0.808206	-30.719604
#7	0	23	0	2	3	-0.00500000	0.774024	-27.858339
#7	0	24	0	2	3	-0.00500000	0.794308	-29.022101
#7	0	25	0	2	3	-0.00500000	0.775649	-27.980186
#7	0	26	0	2	3	-0.00500000	0.788483	-28.687567
#7	0	27	0	2	3	-0.00466315	0.771386	-29.253260
#7	0	28	0	2	3	-0.00483132	0.790854	-28.637741
#7	0	29	0	2	3	-0.00497049	0.812994	-30.786914
#7	0	30	0	2	3	-0.00500000	0.787793	-28.362716
#7	0	31	0	2	3	-0.00500000	0.790759	-28.876812
#7	0	32	0	2	3	-0.00500000	0.824826	-31.655285
#7	0	33	0	2	3	-0.00500000	0.845304	-33.407765
#7	0	34	0	2	3	-0.00500000	0.832263	-32.939799
#7	0	35	0	2	3	-0.00500000	0.820631	-31.695372
#7	0	36	0	2	3	-0.00500000	0.836997	-33.200590
#7	0	37	0	2	3	-0.00500000	0.819690	-32.097193
#7	0	38	0	2	3	-0.00500000	0.808109	-31.263214
#7	0	39	0	2	3	-0.00500000	0.815224	-31.135523
#7	0	40	0	2	3	-0.00500000	0.803398	-29.897923
#7	0	41	0	2	3	-0.00500000	0.815685	-31.165519
#7	0	42	0	2	3	-0.00500000	0.812980	-30.737261
#7	0	43	0	2	3	-0.00500000	0.829418	-32.693307
#7	0	44	0	2	3	-0.00500000	0.789530	-29.464920
#7	0	45	0	2	3	-0.00500000	0.804789	-31.208151
#7	0	46	0	2	3	-0.00500000	0.830106	-32.806514
#7	0	47	0	2	3	-0.00500000	0.819206	-31.373242
#7	0	48	0	2	3	-0.00500000	0.816165	-31.709319
#7	0	49	0	2	3	-0.00500000	0.798496	-30.201709
#7	0	50	0	2	3	-0.00500000	0.812167	-31.795745
#7	0	51	0	2	3	-0.00500000	0.810749	-31.375226
#7	0	52	0	2	3	-0.00500000	0.803385	-31.372512
#7	0	53	0	2	3	-0.00500000	0.777405	-29.262831
#7	0	54	0	2	3	-0.00500000	0.783954	-29.763410
#7	0	55	0	2	3	-0.00500000	0.789443	-29.976449
#7	0	56	0	2	3	-0.00500000	0.838828	-33.261086
#7	0	57	0	2	3	-0.00500000	0.804421	-30.573195
#7	0	58	0	2	3	-0.00500000	0.773283	-29.111048
#7	0	59	0	2	3	-0.00500000	0.811789	-31.449459
#7	0	60	0	2	3	-0.00500000	0.759724	-28.110014
#7	0	61	0	2	3	-0.00500000	0.810884	-31.379063
#7	0	62	0	2	3	-0.00500000	0.771910	-28.435006
#7	0	63	0	2	3	-0.00500000	0.796658	-30.511906
#######################################################################
# TOF Up                                                              #
#######################################################################
7	0	0	0	1	3	5.24830e+00	-1.96630e+00	2.96170e+00
7	0	1	0	1	3	5.24830e+00	-1.96630e+00	2.96170e+00
7	0	2	0	1	3	5.24830e+00	-1.96630e+00	2.96170e+00
7	0	3	0	1	3	5.24830e+00	-1.96630e+00	2.96170e+00
7	0	4	0	1	3	5.24830e+00	-1.96630e+00	2.96170e+00
7	0	5	0	1	3	5.24830e+00	-1.96630e+00	2.96170e+00
7	0	6	0	1	3	6.97090e+00	-3.03520e+00	3.39910e+00
7	0	7	0	1	3	4.05450e+00	-1.96150e+00	2.30360e+00
7	0	8	0	1	3	1.16940e+02	-2.98600e+01	2.09880e+01
7	0	9	0	1	3	5.24830e+00	-1.96630e+00	2.96170e+00
7	0	10	0	1	3	5.24830e+00	-1.96630e+00	2.96170e+00
7	0	11	0	1	3	5.24830e+00	-1.96630e+00	2.96170e+00
7	0	12	0	1	3	5.24830e+00	-1.96630e+00	2.96170e+00
7	0	13	0	1	3	5.24830e+00	-1.96630e+00	2.96170e+00
7	0	14	0	1	3	5.24830e+00	-1.96630e+00	2.96170e+00
7	0	15	0	1	3	5.24830e+00	-1.96630e+00	2.96170e+00
7	0	16	0	1	3	5.24830e+00	-1.96630e+00	2.96170e+00
7	0	17	0	1	3	5.24830e+00	-1.96630e+00	2.96170e+00
7	0	18	0	1	3	5.24830e+00	-1.96630e+00	2.96170e+00
7	0	19	0	1	3	7.11491e-01	1.85180e-03	5.82402e-01
7	0	20	0	1	3	5.59404e-01	-1.73810e-03	4.50716e-01
7	0	21	0	1	3	8.92499e-01	1.99900e-03	7.37364e-01
7	0	22	0	1	3	6.37553e-01	1.99960e-03	5.45449e-01
7	0	23	0	1	3	1.19210e+00	1.98920e-03	9.99994e-01
#######################################################################
# TOF Down                                                            #
#######################################################################
7	0	0	1	1	3	5.84300e+00	-2.30730e+00	3.11320e+00
7	0	1	1	1	3	5.84300e+00	-2.30730e+00	3.11320e+00
7	0	2	1	1	3	5.84300e+00	-2.30730e+00	3.11320e+00
7	0	3	1	1	3	5.84300e+00	-2.30730e+00	3.11320e+00
7	0	4	1	1	3	5.84300e+00	-2.30730e+00	3.11320e+00
7	0	5	1	1	3	5.84300e+00	-2.30730e+00	3.11320e+00
7	0	6	1	1	3	1.41330e+01	-5.81170e+00	5.32680e+00
7	0	7	1	1	3	7.84850e+01	-2.02870e+01	1.69500e+01
7	0	8	1	1	3	2.20240e+02	-3.62440e+01	3.60080e+01
7	0	9	1	1	3	5.84300e+00	-2.30730e+00	3.11320e+00
7	0	10	1	1	3	5.84300e+00	-2.30730e+00	3.11320e+00
7	0	11	1	1	3	5.84300e+00	-2.30730e+00	3.11320e+00
7	0	12	1	1	3	5.84300e+00	-2.30730e+00	3.11320e+00
7	0	13	1	1	3	5.84300e+00	-2.30730e+00	3.11320e+00
7	0	14	1	1	3	5.84300e+00	-2.30730e+00	3.11320e+00
7	0	15	1	1	3	5.84300e+00	-2.30730e+00	3.11320e+00
7	0	16	1	1	3	5.84300e+00	-2.30730e+00	3.11320e+00
7	0	17	1	1	3	5.84300e+00	-2.30730e+00	3.11320e+00
7	0	18	1	1	3	5.84300e+00	-2.30730e+00	3.11320e+00
7	0	19	1	1	3	6.18741e-01	1.99860e-03	4.90831e-01
7	0	20	1	1	3	5.75901e-01	1.04210e-03	4.72509e-01
7	0	21	1	1	3	9.41046e-01	1.99890e-03	7.79357e-01
7	0	22	1	1	3	4.84266e-01	-1.95590e-03	3.99786e-01
7	0	23	1	1	3	8.97714e-01	1.99860e-03	7.56300e-01
#######################################################################
# BFT U                                                               #
#######################################################################
110	0	0	0	2	3	4.83372e-03	-6.35967e-01	1.60768e+01
110	0	1	0	2	3	3.83287e-03	-5.43872e-01	1.40509e+01
110	0	2	0	2	3	3.88374e-03	-5.61248e-01	1.43813e+01
110	0	3	0	2	3	5.48596e-03	-6.65413e-01	1.52132e+01
110	0	4	0	2	3	3.49577e-03	-5.44058e-01	1.46877e+01
110	0	5	0	2	3	3.53392e-03	-5.27622e-01	1.45316e+01
110	0	6	0	2	3	3.28205e-03	-5.28012e-01	1.36476e+01
110	0	7	0	2	3	4.53460e-03	-6.05038e-01	1.56205e+01
110	0	8	0	2	3	3.76632e-03	-5.57842e-01	1.43219e+01
110	0	9	0	2	3	5.19573e-03	-6.54195e-01	1.73851e+01
110	0	10	0	2	3	5.83287e-03	-7.01322e-01	1.59638e+01
110	0	11	0	2	3	4.06434e-03	-5.70371e-01	1.58872e+01
110	0	12	0	2	3	2.66209e-03	-4.83888e-01	1.26269e+01
110	0	13	0	2	3	3.69039e-03	-5.40645e-01	1.52510e+01
110	0	14	0	2	3	4.01935e-03	-5.71902e-01	1.38521e+01
110	0	15	0	2	3	3.97242e-03	-5.77203e-01	1.62106e+01
110	0	16	0	2	3	3.26681e-03	-5.26141e-01	1.30975e+01
110	0	17	0	2	3	3.56430e-03	-5.30977e-01	1.46794e+01
110	0	18	0	2	3	3.82357e-03	-5.61934e-01	1.35949e+01
110	0	19	0	2	3	4.79610e-03	-6.31930e-01	1.47215e+01
110	0	20	0	2	3	3.70020e-03	-5.42320e-01	1.36320e+01
110	0	21	0	2	3	4.15900e-03	-5.75915e-01	1.68009e+01
110	0	22	0	2	3	4.00766e-03	-5.75810e-01	1.42933e+01
110	0	23	0	2	3	4.63810e-03	-6.08982e-01	1.61456e+01
110	0	24	0	2	3	4.07370e-03	-5.71286e-01	1.44682e+01
110	0	25	0	2	3	3.50459e-03	-5.29820e-01	1.53464e+01
110	0	26	0	2	3	3.99754e-03	-5.82997e-01	1.56106e+01
110	0	27	0	2	3	4.29848e-03	-5.76330e-01	1.53060e+01
110	0	28	0	2	3	3.83822e-03	-5.56898e-01	1.24247e+01
110	0	29	0	2	3	4.79508e-03	-6.11811e-01	1.55141e+01
110	0	30	0	2	3	3.99568e-03	-5.76064e-01	1.41505e+01
110	0	31	0	2	3	3.97399e-03	-5.67314e-01	1.54789e+01
110	0	32	0	2	3	4.27608e-03	-5.96816e-01	1.48116e+01
110	0	33	0	2	3	4.82690e-03	-5.99276e-01	1.40294e+01
110	0	34	0	2	3	4.16096e-03	-5.83864e-01	1.42631e+01
110	0	35	0	2	3	4.92240e-03	-6.43663e-01	1.68856e+01
110	0	36	0	2	3	3.49225e-03	-5.28860e-01	1.31591e+01
110	0	37	0	2	3	4.17244e-03	-5.84922e-01	1.67035e+01
110	0	38	0	2	3	3.99487e-03	-5.65540e-01	1.33086e+01
110	0	39	0	2	3	4.48774e-03	-6.03235e-01	1.57349e+01
110	0	40	0	2	3	3.95863e-03	-5.61142e-01	1.36013e+01
110	0	41	0	2	3	3.87775e-03	-5.52420e-01	1.58063e+01
110	0	42	0	2	3	4.54900e-03	-6.04984e-01	1.49510e+01
110	0	43	0	2	3	4.21417e-03	-5.93797e-01	1.63494e+01
110	0	44	0	2	3	3.96187e-03	-5.72560e-01	1.40858e+01
110	0	45	0	2	3	3.99335e-03	-5.59392e-01	1.54765e+01
110	0	46	0	2	3	4.53481e-03	-6.20030e-01	1.51320e+01
110	0	47	0	2	3	4.28213e-03	-5.94860e-01	1.73442e+01
110	0	48	0	2	3	3.57894e-03	-5.37372e-01	1.23445e+01
110	0	49	0	2	3	4.55104e-03	-6.09303e-01	1.69892e+01
110	0	50	0	2	3	4.58630e-03	-6.12403e-01	1.50950e+01
110	0	51	0	2	3	4.22492e-03	-5.84157e-01	1.53721e+01
110	0	52	0	2	3	3.84838e-03	-5.56194e-01	1.32384e+01
110	0	53	0	2	3	4.46335e-03	-5.93763e-01	1.53127e+01
110	0	54	0	2	3	4.40043e-03	-6.01701e-01	1.45367e+01
110	0	55	0	2	3	4.87945e-03	-6.34147e-01	1.72088e+01
110	0	56	0	2	3	4.07182e-03	-5.87212e-01	1.52978e+01
110	0	57	0	2	3	4.17531e-03	-5.76505e-01	1.56800e+01
110	0	58	0	2	3	4.30433e-03	-5.98716e-01	1.55930e+01
110	0	59	0	2	3	4.60409e-03	-6.27430e-01	1.71031e+01
110	0	60	0	2	3	3.86635e-03	-5.68669e-01	1.36365e+01
110	0	61	0	2	3	3.77948e-03	-5.48180e-01	1.49073e+01
110	0	62	0	2	3	4.67886e-03	-6.20344e-01	1.47422e+01
110	0	63	0	2	3	3.99153e-03	-5.70613e-01	1.43091e+01
110	0	64	0	2	3	3.77925e-03	-5.63684e-01	1.41942e+01
110	0	65	0	2	3	4.29866e-03	-5.93525e-01	1.57805e+01
110	0	66	0	2	3	4.46605e-03	-6.23286e-01	1.65176e+01
110	0	67	0	2	3	3.86831e-03	-5.66107e-01	1.55025e+01
110	0	68	0	2	3	4.06976e-03	-5.96112e-01	1.53836e+01
110	0	69	0	2	3	4.41491e-03	-6.00052e-01	1.54263e+01
110	0	70	0	2	3	4.42969e-03	-6.24583e-01	1.48273e+01
110	0	71	0	2	3	4.22014e-03	-5.94521e-01	1.58163e+01
110	0	72	0	2	3	3.84305e-03	-5.70118e-01	1.36308e+01
110	0	73	0	2	3	4.67757e-03	-6.22588e-01	1.55931e+01
110	0	74	0	2	3	4.64953e-03	-6.34577e-01	1.58699e+01
110	0	75	0	2	3	4.43332e-03	-6.02397e-01	1.54929e+01
110	0	76	0	2	3	3.57182e-03	-5.47916e-01	1.33316e+01
110	0	77	0	2	3	3.88189e-03	-5.67075e-01	1.52726e+01
110	0	78	0	2	3	4.29129e-03	-6.10597e-01	1.48186e+01
110	0	79	0	2	3	4.36604e-03	-5.98526e-01	1.53950e+01
110	0	80	0	2	3	3.95413e-03	-5.74583e-01	1.48432e+01
110	0	81	0	2	3	4.18728e-03	-5.79524e-01	1.50642e+01
110	0	82	0	2	3	5.29197e-03	-6.67876e-01	1.59766e+01
110	0	83	0	2	3	4.93737e-03	-6.41809e-01	1.60519e+01
110	0	84	0	2	3	3.80155e-03	-5.61719e-01	1.40350e+01
110	0	85	0	2	3	4.22321e-03	-5.87607e-01	1.55627e+01
110	0	86	0	2	3	4.39256e-03	-6.18972e-01	1.49508e+01
110	0	87	0	2	3	4.14895e-03	-5.94383e-01	1.60554e+01
110	0	88	0	2	3	4.22806e-03	-5.84144e-01	1.46883e+01
110	0	89	0	2	3	4.63846e-03	-6.18515e-01	1.56780e+01
110	0	90	0	2	3	4.22441e-03	-5.97671e-01	1.42458e+01
110	0	91	0	2	3	4.91080e-03	-6.47125e-01	1.58289e+01
110	0	92	0	2	3	4.05150e-03	-5.90430e-01	1.49400e+01
110	0	93	0	2	3	3.98913e-03	-5.71808e-01	1.45949e+01
110	0	94	0	2	3	4.37347e-03	-6.26679e-01	1.66628e+01
110	0	95	0	2	3	4.22981e-03	-5.96225e-01	1.57327e+01
110	0	96	0	2	3	4.20801e-03	-6.01488e-01	1.47512e+01
110	0	97	0	2	3	4.62006e-03	-6.17349e-01	1.61739e+01
110	0	98	0	2	3	4.64235e-03	-6.34572e-01	1.53138e+01
110	0	99	0	2	3	4.09876e-03	-5.78746e-01	1.51751e+01
110	0	100	0	2	3	4.33522e-03	-6.03543e-01	1.52697e+01
110	0	101	0	2	3	3.93831e-03	-5.71847e-01	1.53520e+01
110	0	102	0	2	3	4.72184e-03	-6.39450e-01	1.62744e+01
110	0	103	0	2	3	4.44358e-03	-6.08086e-01	1.55117e+01
110	0	104	0	2	3	4.15811e-03	-5.89999e-01	1.41212e+01
110	0	105	0	2	3	4.35037e-03	-5.94081e-01	1.50604e+01
110	0	106	0	2	3	4.62754e-03	-6.30659e-01	1.60237e+01
110	0	107	0	2	3	5.49813e-03	-6.74898e-01	1.59575e+01
110	0	108	0	2	3	3.72662e-03	-5.65638e-01	1.46280e+01
110	0	109	0	2	3	4.29643e-03	-5.98787e-01	1.51625e+01
110	0	110	0	2	3	3.72348e-03	-5.62584e-01	1.45299e+01
110	0	111	0	2	3	4.47765e-03	-6.14993e-01	1.55452e+01
110	0	112	0	2	3	3.54977e-03	-5.47090e-01	1.30374e+01
110	0	113	0	2	3	4.08719e-03	-5.79988e-01	1.47864e+01
110	0	114	0	2	3	4.82454e-03	-6.44452e-01	1.61271e+01
110	0	115	0	2	3	5.18328e-03	-6.58485e-01	1.61371e+01
110	0	116	0	2	3	4.39818e-03	-6.16935e-01	1.52434e+01
110	0	117	0	2	3	4.53839e-03	-6.17658e-01	1.65124e+01
110	0	118	0	2	3	4.25713e-03	-6.05853e-01	1.56640e+01
110	0	119	0	2	3	5.06565e-03	-6.39062e-01	1.47466e+01
110	0	120	0	2	3	4.18685e-03	-6.00242e-01	1.49674e+01
110	0	121	0	2	3	4.26956e-03	-5.82088e-01	1.32922e+01
110	0	122	0	2	3	3.74703e-03	-5.73809e-01	1.57935e+01
110	0	123	0	2	3	5.72733e-03	-7.00825e-01	1.72363e+01
110	0	124	0	2	3	1.20746e-04	-2.83046e-01	9.51230e+00
110	0	125	0	2	3	3.61977e-03	-5.37807e-01	1.19808e+01
110	0	126	0	2	3	6.04844e-03	-7.26947e-01	1.71174e+01
110	0	127	0	2	3	4.08216e-03	-5.73188e-01	1.45020e+01
110	0	128	0	2	3	3.64505e-03	-5.87859e-01	1.59919e+01
110	0	129	0	2	3	4.93133e-03	-6.60593e-01	1.66831e+01
110	0	130	0	2	3	1.16030e-03	-4.09151e-01	1.29761e+01
110	0	131	0	2	3	-8.22262e-03	3.20303e-01	-1.15573e+00
110	0	132	0	2	3	4.27438e-03	-6.21232e-01	1.67911e+01
110	0	133	0	2	3	-1.27272e-02	6.66750e-01	-7.60848e+00
110	0	134	0	2	3	3.71753e-03	-5.81199e-01	1.55365e+01
110	0	135	0	2	3	4.99897e-03	-6.58442e-01	1.60911e+01
110	0	136	0	2	3	-3.93870e-03	-9.68659e-03	4.52177e+00
110	0	137	0	2	3	4.03861e-03	-6.01415e-01	1.62945e+01
110	0	138	0	2	3	1.41716e-03	-3.96856e-01	1.21269e+01
110	0	139	0	2	3	3.71250e-03	-5.66370e-01	1.40266e+01
110	0	140	0	2	3	4.97396e-03	-6.69228e-01	1.76528e+01
110	0	141	0	2	3	5.80275e-03	-7.10620e-01	1.66980e+01
110	0	142	0	2	3	1.00101e-02	-1.05174e+00	2.41803e+01
110	0	143	0	2	3	-4.09839e-03	-1.02139e-02	4.97799e+00
110	0	144	0	2	3	6.59423e-04	-3.55420e-01	1.05811e+01
110	0	145	0	2	3	6.45115e-03	-7.53954e-01	1.72464e+01
110	0	146	0	2	3	3.11936e-03	-5.18854e-01	1.39933e+01
110	0	147	0	2	3	-1.33967e-02	6.67912e-01	-6.54209e+00
110	0	148	0	2	3	4.18322e-03	-6.24486e-01	1.59232e+01
110	0	149	0	2	3	-8.83555e-03	3.40651e-01	-1.04558e+00
110	0	150	0	2	3	1.71631e-03	-4.38684e-01	1.32750e+01
110	0	151	0	2	3	-6.15742e-03	1.43016e-01	2.66565e+00
110	0	152	0	2	3	5.80525e-03	-6.73079e-01	1.64570e+01
110	0	153	0	2	3	7.89665e-04	-3.71668e-01	1.22223e+01
110	0	154	0	2	3	2.94774e-03	-5.30496e-01	1.43577e+01
110	0	155	0	2	3	-1.23839e-02	6.06248e-01	-7.70377e+00
110	0	156	0	2	3	-4.93773e-03	1.22150e-01	1.51143e+00
110	0	157	0	2	3	-7.30075e-04	-2.39568e-01	9.49041e+00
110	0	158	0	2	3	-5.98675e-04	-2.59269e-01	9.16416e+00
110	0	159	0	2	3	5.13009e-03	-6.98842e-01	1.76429e+01
#######################################################################
# BFT D                                                               #
#######################################################################
110	1	0	0	2	3	2.74303e-03	-4.85577e-01	1.48866e+01
110	1	1	0	2	3	7.28030e-04	-3.28700e-01	1.14530e+01
110	1	2	0	2	3	1.86732e-03	-4.42494e-01	1.35836e+01
110	1	3	0	2	3	2.65358e-03	-4.80750e-01	1.48457e+01
110	1	4	0	2	3	3.18701e-03	-5.30919e-01	1.49825e+01
110	1	5	0	2	3	3.70658e-03	-5.52367e-01	1.60620e+01
110	1	6	0	2	3	2.87058e-03	-5.03617e-01	1.32293e+01
110	1	7	0	2	3	3.15252e-03	-5.16264e-01	1.50399e+01
110	1	8	0	2	3	1.67796e-03	-4.22075e-01	1.34048e+01
110	1	9	0	2	3	-8.90566e-04	-2.14857e-01	1.08345e+01
110	1	10	0	2	3	2.35004e-03	-4.67662e-01	1.39348e+01
110	1	11	0	2	3	2.65412e-03	-4.75610e-01	1.39945e+01
110	1	12	0	2	3	2.99354e-03	-5.15626e-01	1.40956e+01
110	1	13	0	2	3	3.38026e-03	-5.33401e-01	1.59094e+01
110	1	14	0	2	3	3.43773e-03	-5.54710e-01	1.46713e+01
110	1	15	0	2	3	3.65571e-03	-5.54996e-01	1.62059e+01
110	1	16	0	2	3	3.80779e-03	-5.66420e-01	1.49028e+01
110	1	17	0	2	3	3.60439e-03	-5.43468e-01	1.51174e+01
110	1	18	0	2	3	3.63390e-03	-5.58267e-01	1.42657e+01
110	1	19	0	2	3	3.98055e-03	-5.78364e-01	1.62310e+01
110	1	20	0	2	3	3.67258e-03	-5.60212e-01	1.51850e+01
110	1	21	0	2	3	2.96242e-03	-5.07103e-01	1.59841e+01
110	1	22	0	2	3	3.65657e-03	-5.58092e-01	1.47849e+01
110	1	23	0	2	3	3.76671e-03	-5.52800e-01	1.58323e+01
110	1	24	0	2	3	4.17109e-03	-5.90782e-01	1.62031e+01
110	1	25	0	2	3	3.59836e-03	-5.44815e-01	1.58843e+01
110	1	26	0	2	3	4.56714e-03	-6.28014e-01	1.58998e+01
110	1	27	0	2	3	4.75024e-03	-6.33115e-01	1.82561e+01
110	1	28	0	2	3	4.18069e-03	-5.96589e-01	1.62790e+01
110	1	29	0	2	3	3.37264e-03	-5.36150e-01	1.60052e+01
110	1	30	0	2	3	4.50781e-03	-6.19765e-01	1.59929e+01
110	1	31	0	2	3	4.00080e-03	-5.80037e-01	1.68061e+01
110	1	32	0	2	3	3.92360e-03	-5.86365e-01	1.67899e+01
110	1	33	0	2	3	3.04914e-03	-5.17626e-01	1.46540e+01
110	1	34	0	2	3	4.61976e-03	-6.20575e-01	1.54743e+01
110	1	35	0	2	3	4.03335e-03	-5.91545e-01	1.71402e+01
110	1	36	0	2	3	3.79016e-03	-5.62971e-01	1.57286e+01
110	1	37	0	2	3	3.60511e-03	-5.44060e-01	1.41827e+01
110	1	38	0	2	3	4.41313e-03	-6.10284e-01	1.67429e+01
110	1	39	0	2	3	4.16239e-03	-5.82977e-01	1.58446e+01
110	1	40	0	2	3	3.96398e-03	-5.69994e-01	1.46076e+01
110	1	41	0	2	3	3.85906e-03	-5.60417e-01	1.58634e+01
110	1	42	0	2	3	4.10204e-03	-5.76819e-01	1.52311e+01
110	1	43	0	2	3	4.28245e-03	-5.95485e-01	1.73075e+01
110	1	44	0	2	3	4.16860e-03	-5.93278e-01	1.52461e+01
110	1	45	0	2	3	4.00723e-03	-5.77038e-01	1.64587e+01
110	1	46	0	2	3	4.25398e-03	-6.03669e-01	1.54602e+01
110	1	47	0	2	3	4.25616e-03	-6.11586e-01	1.80268e+01
110	1	48	0	2	3	3.80542e-03	-5.66299e-01	1.54617e+01
110	1	49	0	2	3	3.24971e-03	-5.21145e-01	1.57408e+01
110	1	50	0	2	3	3.96240e-03	-5.76139e-01	1.45570e+01
110	1	51	0	2	3	4.10209e-03	-5.86120e-01	1.65725e+01
110	1	52	0	2	3	3.92718e-03	-5.84307e-01	1.50597e+01
110	1	53	0	2	3	3.54163e-03	-5.44221e-01	1.60899e+01
110	1	54	0	2	3	4.27132e-03	-6.08122e-01	1.64211e+01
110	1	55	0	2	3	4.03196e-03	-5.80673e-01	1.65613e+01
110	1	56	0	2	3	3.71081e-03	-5.75702e-01	1.50376e+01
110	1	57	0	2	3	3.79673e-03	-5.67413e-01	1.61274e+01
110	1	58	0	2	3	4.10929e-03	-6.03035e-01	1.73646e+01
110	1	59	0	2	3	4.72088e-03	-6.40464e-01	1.86418e+01
110	1	60	0	2	3	3.77018e-03	-5.68513e-01	1.55379e+01
110	1	61	0	2	3	3.83133e-03	-5.53102e-01	1.52443e+01
110	1	62	0	2	3	3.83265e-03	-5.69779e-01	1.44954e+01
110	1	63	0	2	3	4.26195e-03	-6.00842e-01	1.70086e+01
110	1	64	0	2	3	3.95910e-03	-5.85171e-01	1.62191e+01
110	1	65	0	2	3	3.80647e-03	-5.66747e-01	1.56813e+01
110	1	66	0	2	3	4.75443e-03	-6.45882e-01	1.59894e+01
110	1	67	0	2	3	4.56186e-03	-6.22801e-01	1.57647e+01
110	1	68	0	2	3	3.64241e-03	-5.49842e-01	1.39150e+01
110	1	69	0	2	3	3.98614e-03	-5.80006e-01	1.60022e+01
110	1	70	0	2	3	4.05039e-03	-5.90882e-01	1.61080e+01
110	1	71	0	2	3	4.18387e-03	-6.03647e-01	1.66991e+01
110	1	72	0	2	3	3.60379e-03	-5.53387e-01	1.49107e+01
110	1	73	0	2	3	3.61300e-03	-5.60475e-01	1.64399e+01
110	1	74	0	2	3	4.40411e-03	-6.11335e-01	1.50884e+01
110	1	75	0	2	3	3.89235e-03	-5.78835e-01	1.56307e+01
110	1	76	0	2	3	3.96217e-03	-5.81549e-01	1.52872e+01
110	1	77	0	2	3	3.66106e-03	-5.63945e-01	1.54356e+01
110	1	78	0	2	3	4.07676e-03	-5.92216e-01	1.47943e+01
110	1	79	0	2	3	4.05579e-03	-5.83926e-01	1.55662e+01
110	1	80	0	2	3	3.95424e-03	-5.73757e-01	1.49033e+01
110	1	81	0	2	3	4.34953e-03	-5.99857e-01	1.51039e+01
110	1	82	0	2	3	3.90516e-03	-5.75890e-01	1.59120e+01
110	1	83	0	2	3	4.22173e-03	-5.85829e-01	1.51616e+01
110	1	84	0	2	3	3.07423e-03	-5.05215e-01	1.32089e+01
110	1	85	0	2	3	4.32971e-03	-5.99433e-01	1.53817e+01
110	1	86	0	2	3	3.87507e-03	-5.77045e-01	1.57468e+01
110	1	87	0	2	3	4.94011e-03	-6.34243e-01	1.46590e+01
110	1	88	0	2	3	3.76930e-03	-5.68200e-01	1.53455e+01
110	1	89	0	2	3	3.99359e-03	-5.78650e-01	1.46677e+01
110	1	90	0	2	3	4.12964e-03	-5.93276e-01	1.48955e+01
110	1	91	0	2	3	4.69279e-03	-6.24446e-01	1.63212e+01
110	1	92	0	2	3	4.15196e-03	-5.84909e-01	1.50801e+01
110	1	93	0	2	3	4.02228e-03	-5.78081e-01	1.51904e+01
110	1	94	0	2	3	3.61178e-03	-5.62463e-01	1.56052e+01
110	1	95	0	2	3	3.90830e-03	-5.82234e-01	1.51366e+01
110	1	96	0	2	3	3.73913e-03	-5.58949e-01	1.43303e+01
110	1	97	0	2	3	4.05805e-03	-5.83895e-01	1.57694e+01
110	1	98	0	2	3	4.35353e-03	-6.25628e-01	1.69998e+01
110	1	99	0	2	3	4.41933e-03	-6.10892e-01	1.55825e+01
110	1	100	0	2	3	3.60815e-03	-5.41400e-01	1.45459e+01
110	1	101	0	2	3	3.23206e-03	-5.26232e-01	1.46708e+01
110	1	102	0	2	3	3.93700e-03	-5.84141e-01	1.53235e+01
110	1	103	0	2	3	4.65303e-03	-6.28708e-01	1.58392e+01
110	1	104	0	2	3	3.84371e-03	-5.73575e-01	1.52226e+01
110	1	105	0	2	3	4.01568e-03	-5.81498e-01	1.53689e+01
110	1	106	0	2	3	5.34842e-03	-6.80817e-01	1.77666e+01
110	1	107	0	2	3	4.40344e-03	-6.10397e-01	1.56554e+01
110	1	108	0	2	3	3.61977e-03	-5.49796e-01	1.53533e+01
110	1	109	0	2	3	4.19086e-03	-5.92082e-01	1.60275e+01
110	1	110	0	2	3	4.47850e-03	-6.22538e-01	1.60396e+01
110	1	111	0	2	3	4.13923e-03	-5.98731e-01	1.67644e+01
110	1	112	0	2	3	3.47056e-03	-5.40100e-01	1.43096e+01
110	1	113	0	2	3	3.78968e-03	-5.62701e-01	1.50653e+01
110	1	114	0	2	3	4.08693e-03	-5.94073e-01	1.51210e+01
110	1	115	0	2	3	4.83870e-03	-6.36426e-01	1.60017e+01
110	1	116	0	2	3	4.20660e-03	-6.03017e-01	1.57554e+01
110	1	117	0	2	3	4.48436e-03	-6.10799e-01	1.57869e+01
110	1	118	0	2	3	4.05054e-03	-5.90936e-01	1.45895e+01
110	1	119	0	2	3	4.41713e-03	-6.04522e-01	1.57632e+01
110	1	120	0	2	3	3.08013e-03	-5.26796e-01	1.42312e+01
110	1	121	0	2	3	4.63862e-03	-6.21664e-01	1.58466e+01
110	1	122	0	2	3	4.05321e-03	-5.91593e-01	1.65346e+01
110	1	123	0	2	3	1.21826e-03	-3.84928e-01	1.32133e+01
110	1	124	0	2	3	4.04678e-03	-5.81086e-01	1.45947e+01
110	1	125	0	2	3	4.18830e-03	-5.99148e-01	1.59116e+01
110	1	126	0	2	3	4.66808e-03	-6.15821e-01	1.56093e+01
110	1	127	0	2	3	5.30646e-03	-6.83120e-01	1.72725e+01
110	1	128	0	2	3	4.28652e-03	-6.35985e-01	1.71822e+01
110	1	129	0	2	3	4.49416e-03	-6.35685e-01	1.69080e+01
110	1	130	0	2	3	3.03673e-03	-5.25180e-01	1.39951e+01
110	1	131	0	2	3	2.57725e-03	-4.81117e-01	1.35412e+01
110	1	132	0	2	3	2.45862e-03	-4.66946e-01	1.36049e+01
110	1	133	0	2	3	2.24377e-03	-4.59997e-01	1.29930e+01
110	1	134	0	2	3	3.84844e-03	-5.92605e-01	1.63452e+01
110	1	135	0	2	3	2.75009e-03	-4.89593e-01	1.37455e+01
110	1	136	0	2	3	5.17040e-03	-7.12936e-01	1.92311e+01
110	1	137	0	2	3	4.79578e-03	-6.28240e-01	1.60572e+01
110	1	138	0	2	3	3.03663e-03	-5.20336e-01	1.43189e+01
110	1	139	0	2	3	6.43826e-03	-7.69061e-01	1.91263e+01
110	1	140	0	2	3	4.23844e-03	-6.10608e-01	1.57789e+01
110	1	141	0	2	3	6.43937e-03	-7.65837e-01	1.83492e+01
110	1	142	0	2	3	3.80364e-03	-5.79073e-01	1.49713e+01
110	1	143	0	2	3	6.31321e-03	-7.40827e-01	1.83374e+01
110	1	144	0	2	3	3.09768e-03	-5.51295e-01	1.63048e+01
110	1	145	0	2	3	2.05311e-03	-4.04675e-01	1.14571e+01
110	1	146	0	2	3	-3.80889e-03	1.27097e-02	3.97347e+00
110	1	147	0	2	3	4.57653e-03	-6.27116e-01	1.53317e+01
110	1	148	0	2	3	5.71887e-03	-7.26551e-01	1.76272e+01
110	1	149	0	2	3	1.00051e-02	-1.03626e+00	2.42105e+01
110	1	150	0	2	3	5.64246e-03	-7.44369e-01	1.95042e+01
110	1	151	0	2	3	9.44516e-03	-9.79576e-01	2.22843e+01
110	1	152	0	2	3	-1.17560e-02	5.44909e-01	-3.53913e+00
110	1	153	0	2	3	1.20766e-03	-3.87871e-01	1.30107e+01
110	1	154	0	2	3	2.79006e-03	-5.20741e-01	1.50406e+01
110	1	155	0	2	3	4.51537e-03	-6.18968e-01	1.47338e+01
110	1	156	0	2	3	4.84675e-03	-6.57771e-01	1.71967e+01
110	1	157	0	2	3	5.27166e-04	-3.80147e-01	1.34978e+01
110	1	158	0	2	3	-9.05083e-03	3.90143e-01	-2.09343e+00
110	1	159	0	2	3	4.37122e-03	-6.07999e-01	1.66481e+01
