##
#  file: HodoPHCParam_Dummy
#  date: 2016.06.15
#  note: first version
#
#
#######################################################################
# CId	PlId	Seg	UorD	Type	nParam	p0	p1	...
#
#	Type=0 no correction will be performed
#	Type=1 ct=t-p[0]/sqrt(a-p[1])+p[2]
#	Type=2 ct=p[0]*a*a + p[1]*a + p[2] for Fiber
#
#######################################################################
# BH1 Up                                                              #
#######################################################################
1	0	0	0	1	3	5.08705e+00	-1.98362e+00	2.93454e+00
1	0	1	0	1	3	6.69706e-01	2.91546e-01	8.10244e-01
1	0	2	0	1	3	5.01779e-01	3.94271e-01	6.64278e-01
1	0	3	0	1	3	7.45330e-01	1.66754e-01	8.56036e-01
1	0	4	0	1	3	8.52890e-01	8.60054e-02	9.27134e-01
1	0	5	0	1	3	1.69981e+00	-1.50393e-01	1.62794e+00
1	0	6	0	1	3	1.58582e+00	-2.35346e-01	1.46587e+00
1	0	7	0	1	3	1.61970e+00	-1.46184e-01	1.54504e+00
1	0	8	0	1	3	1.37546e+00	-2.52696e-01	1.28233e+00
1	0	9	0	1	3	1.74814e+00	-2.76223e-01	1.64100e+00
1	0	10	0	1	3	1.60339e+01	-4.62629e+00	6.81205e+00
#######################################################################
# BH1 Down                                                            #
#######################################################################
1	0	0	1	1	3	1.33519e+00	-9.13138e-02	1.27257e+00
1	0	1	1	1	3	6.24909e-01	2.88647e-01	7.65429e-01
1	0	2	1	1	3	6.68954e-01	2.21542e-01	7.45264e-01
1	0	3	1	1	3	1.32364e+00	-4.57464e-01	1.08318e+00
1	0	4	1	1	3	1.18002e+00	-7.91080e-02	1.17008e+00
1	0	5	1	1	3	2.07299e+00	-4.79828e-01	1.70935e+00
1	0	6	1	1	3	1.96000e+00	-5.20196e-01	1.63958e+00
1	0	7	1	1	3	1.89852e+00	-4.50289e-01	1.60743e+00
1	0	8	1	1	3	1.02469e+00	-6.73213e-02	1.04734e+00
1	0	9	1	1	3	1.64894e+00	-1.85977e-01	1.61292e+00
1	0	10	1	1	3	7.15603e-01	2.22738e-01	8.54972e-01
#######################################################################
# BH2 Up                                                              #
#######################################################################
2	0	0	0	1	3	1.43047e-01	2.98695e-01	2.00085e-01
2	0	1	0	1	3	8.79554e-01	-2.31747e-01	7.85839e-01
2	0	2	0	1	3	5.94572e-01	-4.97541e-01	4.68956e-01
2	0	3	0	1	3	1.91725e-01	3.94747e-02	1.91115e-01
2	0	4	0	1	3	3.31184e-01	-9.38469e-02	3.15823e-01
2	0	5	0	1	3	1.99769e-01	2.70254e-01	2.37321e-01
2	0	6	0	1	3	2.58948e-01	2.41832e-01	3.10133e-01
2	0	7	0	1	3	3.50426e-01	8.80094e-02	3.70898e-01
#######################################################################
# BH2 Down                                                            #
#######################################################################
2	0	0	1	1	3	3.94607e-01	-1.85207e-01	3.84440e-01
2	0	1	1	1	3	9.92155e-01	-3.85817e-01	8.32122e-01
2	0	2	1	1	3	4.10986e-01	-9.27803e-02	3.90143e-01
2	0	3	1	1	3	1.76416e-01	4.84160e-02	1.75490e-01
2	0	4	1	1	3	2.42956e-01	1.23979e-01	2.64593e-01
2	0	5	1	1	3	3.57967e-01	4.32013e-02	3.63973e-01
2	0	6	1	1	3	1.22093e+00	-6.67168e-01	9.30075e-01
2	0	7	1	1	3	2.92156e-01	-4.36810e-03	2.98702e-01
#######################################################################
# BAC                                                                 #
#######################################################################
3	0	0	0	1	3	0.00000e+00	0.00000e+00	0.00000e+00
3	0	1	0	1	3	0.00000e+00	0.00000e+00	0.00000e+00
#######################################################################
# FBH Up                                                              #
#######################################################################
4	0	0	0	2	3	-5.62952e-03	8.96903e-01	-3.53273e+01
4	0	1	0	2	3	-4.29399e-03	7.37975e-01	-3.00049e+01
4	0	2	0	2	3	-5.26894e-03	8.67305e-01	-3.38992e+01
4	0	3	0	2	3	-3.80183e-03	6.69237e-01	-2.72260e+01
4	0	4	0	2	3	-4.35014e-03	7.35785e-01	-2.92008e+01
4	0	5	0	2	3	-4.02541e-03	6.86907e-01	-2.70312e+01
4	0	6	0	2	3	-4.16660e-03	7.08229e-01	-2.81512e+01
4	0	7	0	2	3	-3.93117e-03	6.84759e-01	-2.69101e+01
4	0	8	0	2	3	-4.14423e-03	6.96902e-01	-2.65883e+01
4	0	9	0	2	3	-2.83372e-03	5.62925e-01	-2.20787e+01
4	0	10	0	2	3	-4.07944e-03	7.09420e-01	-2.75603e+01
4	0	11	0	2	3	-3.50961e-03	6.50113e-01	-2.64167e+01
4	0	12	0	2	3	-3.52415e-03	6.49734e-01	-2.67232e+01
4	0	13	0	2	3	-4.13420e-03	7.26957e-01	-2.99675e+01
4	0	14	0	2	3	-4.90315e-03	8.27563e-01	-3.35630e+01
4	0	15	0	2	3	-4.73048e-03	8.13189e-01	-3.31901e+01
#######################################################################
# FBH Down                                                            #
#######################################################################
4	0	0	1	2	3	-5.62952e-03	8.96903e-01	-3.53273e+01
4	0	1	1	2	3	-4.29399e-03	7.37975e-01	-3.00049e+01
4	0	2	1	2	3	-5.26894e-03	8.67305e-01	-3.38992e+01
4	0	3	1	2	3	-3.80183e-03	6.69237e-01	-2.72260e+01
4	0	4	1	2	3	-4.35014e-03	7.35785e-01	-2.92008e+01
4	0	5	1	2	3	-4.02541e-03	6.86907e-01	-2.70312e+01
4	0	6	1	2	3	-4.16660e-03	7.08229e-01	-2.81512e+01
4	0	7	1	2	3	-3.93117e-03	6.84759e-01	-2.69101e+01
4	0	8	1	2	3	-4.14423e-03	6.96902e-01	-2.65883e+01
4	0	9	1	2	3	-2.83372e-03	5.62925e-01	-2.20787e+01
4	0	10	1	2	3	-4.07944e-03	7.09420e-01	-2.75603e+01
4	0	11	1	2	3	-3.50961e-03	6.50113e-01	-2.64167e+01
4	0	12	1	2	3	-3.52415e-03	6.49734e-01	-2.67232e+01
4	0	13	1	2	3	-4.13420e-03	7.26957e-01	-2.99675e+01
4	0	14	1	2	3	-4.90315e-03	8.27563e-01	-3.35630e+01
4	0	15	1	2	3	-4.73048e-03	8.13189e-01	-3.31901e+01
#######################################################################
# PVAC                                                                #
#######################################################################
5	0	0	0	1	3	0.00000e+00	0.00000e+00	0.00000e+00
#######################################################################
# FAC                                                                 #
#######################################################################
6	0	0	0	1	3	0.00000e+00	0.00000e+00	0.00000e+00
#######################################################################
# SCH                                                                 #
#######################################################################
#7	0	0	0	2	3	-0.00500000	0.821213	-32.185321
#7	0	1	0	2	3	-0.00500000	0.830248	-32.269563
#7	0	2	0	2	3	-0.00500000	0.793073	-29.315934
#7	0	3	0	2	3	-0.00500000	0.772144	-28.276705
#7	0	4	0	2	3	-0.00500000	0.801968	-30.687167
#7	0	5	0	2	3	-0.00500000	0.778300	-28.439251
#7	0	6	0	2	3	-0.00500000	0.765872	-27.918181
#7	0	7	0	2	3	-0.00500000	0.738459	-26.016797
#7	0	8	0	2	3	-0.00500000	0.778318	-28.676371
#7	0	9	0	2	3	-0.00500000	0.776670	-28.892887
#7	0	10	0	2	3	-0.00500000	0.764278	-28.122474
#7	0	11	0	2	3	-0.00500000	0.790742	-29.423647
#7	0	12	0	2	3	-0.00500000	0.811330	-30.487019
#7	0	13	0	2	3	-0.00500000	0.818750	-30.891512
#7	0	14	0	2	3	-0.00500000	0.802541	-30.009136
#7	0	15	0	2	3	-0.00500000	0.809525	-30.751746
#7	0	16	0	2	3	-0.00500000	0.802597	-30.845509
#7	0	17	0	2	3	-0.00500000	0.835028	-32.780792
#7	0	18	0	2	3	-0.00500000	0.859176	-33.938731
#7	0	19	0	2	3	-0.00500000	0.814851	-31.445396
#7	0	20	0	2	3	-0.00500000	0.809426	-30.781087
#7	0	21	0	2	3	-0.00500000	0.780678	-28.888756
#7	0	22	0	2	3	-0.00500000	0.808206	-30.719604
#7	0	23	0	2	3	-0.00500000	0.774024	-27.858339
#7	0	24	0	2	3	-0.00500000	0.794308	-29.022101
#7	0	25	0	2	3	-0.00500000	0.775649	-27.980186
#7	0	26	0	2	3	-0.00500000	0.788483	-28.687567
#7	0	27	0	2	3	-0.00466315	0.771386	-29.253260
#7	0	28	0	2	3	-0.00483132	0.790854	-28.637741
#7	0	29	0	2	3	-0.00497049	0.812994	-30.786914
#7	0	30	0	2	3	-0.00500000	0.787793	-28.362716
#7	0	31	0	2	3	-0.00500000	0.790759	-28.876812
#7	0	32	0	2	3	-0.00500000	0.824826	-31.655285
#7	0	33	0	2	3	-0.00500000	0.845304	-33.407765
#7	0	34	0	2	3	-0.00500000	0.832263	-32.939799
#7	0	35	0	2	3	-0.00500000	0.820631	-31.695372
#7	0	36	0	2	3	-0.00500000	0.836997	-33.200590
#7	0	37	0	2	3	-0.00500000	0.819690	-32.097193
#7	0	38	0	2	3	-0.00500000	0.808109	-31.263214
#7	0	39	0	2	3	-0.00500000	0.815224	-31.135523
#7	0	40	0	2	3	-0.00500000	0.803398	-29.897923
#7	0	41	0	2	3	-0.00500000	0.815685	-31.165519
#7	0	42	0	2	3	-0.00500000	0.812980	-30.737261
#7	0	43	0	2	3	-0.00500000	0.829418	-32.693307
#7	0	44	0	2	3	-0.00500000	0.789530	-29.464920
#7	0	45	0	2	3	-0.00500000	0.804789	-31.208151
#7	0	46	0	2	3	-0.00500000	0.830106	-32.806514
#7	0	47	0	2	3	-0.00500000	0.819206	-31.373242
#7	0	48	0	2	3	-0.00500000	0.816165	-31.709319
#7	0	49	0	2	3	-0.00500000	0.798496	-30.201709
#7	0	50	0	2	3	-0.00500000	0.812167	-31.795745
#7	0	51	0	2	3	-0.00500000	0.810749	-31.375226
#7	0	52	0	2	3	-0.00500000	0.803385	-31.372512
#7	0	53	0	2	3	-0.00500000	0.777405	-29.262831
#7	0	54	0	2	3	-0.00500000	0.783954	-29.763410
#7	0	55	0	2	3	-0.00500000	0.789443	-29.976449
#7	0	56	0	2	3	-0.00500000	0.838828	-33.261086
#7	0	57	0	2	3	-0.00500000	0.804421	-30.573195
#7	0	58	0	2	3	-0.00500000	0.773283	-29.111048
#7	0	59	0	2	3	-0.00500000	0.811789	-31.449459
#7	0	60	0	2	3	-0.00500000	0.759724	-28.110014
#7	0	61	0	2	3	-0.00500000	0.810884	-31.379063
#7	0	62	0	2	3	-0.00500000	0.771910	-28.435006
#7	0	63	0	2	3	-0.00500000	0.796658	-30.511906
#######################################################################
# TOF Up                                                              #
#######################################################################
7	0	0	0	1	3	5.24830e+00	-1.96630e+00	2.96170e+00
7	0	1	0	1	3	5.24830e+00	-1.96630e+00	2.96170e+00
7	0	2	0	1	3	5.24830e+00	-1.96630e+00	2.96170e+00
7	0	3	0	1	3	5.24830e+00	-1.96630e+00	2.96170e+00
7	0	4	0	1	3	5.24830e+00	-1.96630e+00	2.96170e+00
7	0	5	0	1	3	5.24830e+00	-1.96630e+00	2.96170e+00
7	0	6	0	1	3	6.97090e+00	-3.03520e+00	3.39910e+00
7	0	7	0	1	3	4.05450e+00	-1.96150e+00	2.30360e+00
7	0	8	0	1	3	1.16940e+02	-2.98600e+01	2.09880e+01
7	0	9	0	1	3	5.24830e+00	-1.96630e+00	2.96170e+00
7	0	10	0	1	3	5.24830e+00	-1.96630e+00	2.96170e+00
7	0	11	0	1	3	5.24830e+00	-1.96630e+00	2.96170e+00
7	0	12	0	1	3	5.24830e+00	-1.96630e+00	2.96170e+00
7	0	13	0	1	3	5.24830e+00	-1.96630e+00	2.96170e+00
7	0	14	0	1	3	5.24830e+00	-1.96630e+00	2.96170e+00
7	0	15	0	1	3	5.24830e+00	-1.96630e+00	2.96170e+00
7	0	16	0	1	3	5.24830e+00	-1.96630e+00	2.96170e+00
7	0	17	0	1	3	5.24830e+00	-1.96630e+00	2.96170e+00
7	0	18	0	1	3	5.24830e+00	-1.96630e+00	2.96170e+00
7	0	19	0	1	3	7.11491e-01	1.85180e-03	5.82402e-01
7	0	20	0	1	3	5.59404e-01	-1.73810e-03	4.50716e-01
7	0	21	0	1	3	8.92499e-01	1.99900e-03	7.37364e-01
7	0	22	0	1	3	6.37553e-01	1.99960e-03	5.45449e-01
7	0	23	0	1	3	1.19210e+00	1.98920e-03	9.99994e-01
#######################################################################
# TOF Down                                                            #
#######################################################################
7	0	0	1	1	3	5.84300e+00	-2.30730e+00	3.11320e+00
7	0	1	1	1	3	5.84300e+00	-2.30730e+00	3.11320e+00
7	0	2	1	1	3	5.84300e+00	-2.30730e+00	3.11320e+00
7	0	3	1	1	3	5.84300e+00	-2.30730e+00	3.11320e+00
7	0	4	1	1	3	5.84300e+00	-2.30730e+00	3.11320e+00
7	0	5	1	1	3	5.84300e+00	-2.30730e+00	3.11320e+00
7	0	6	1	1	3	1.41330e+01	-5.81170e+00	5.32680e+00
7	0	7	1	1	3	7.84850e+01	-2.02870e+01	1.69500e+01
7	0	8	1	1	3	2.20240e+02	-3.62440e+01	3.60080e+01
7	0	9	1	1	3	5.84300e+00	-2.30730e+00	3.11320e+00
7	0	10	1	1	3	5.84300e+00	-2.30730e+00	3.11320e+00
7	0	11	1	1	3	5.84300e+00	-2.30730e+00	3.11320e+00
7	0	12	1	1	3	5.84300e+00	-2.30730e+00	3.11320e+00
7	0	13	1	1	3	5.84300e+00	-2.30730e+00	3.11320e+00
7	0	14	1	1	3	5.84300e+00	-2.30730e+00	3.11320e+00
7	0	15	1	1	3	5.84300e+00	-2.30730e+00	3.11320e+00
7	0	16	1	1	3	5.84300e+00	-2.30730e+00	3.11320e+00
7	0	17	1	1	3	5.84300e+00	-2.30730e+00	3.11320e+00
7	0	18	1	1	3	5.84300e+00	-2.30730e+00	3.11320e+00
7	0	19	1	1	3	6.18741e-01	1.99860e-03	4.90831e-01
7	0	20	1	1	3	5.75901e-01	1.04210e-03	4.72509e-01
7	0	21	1	1	3	9.41046e-01	1.99890e-03	7.79357e-01
7	0	22	1	1	3	4.84266e-01	-1.95590e-03	3.99786e-01
7	0	23	1	1	3	8.97714e-01	1.99860e-03	7.56300e-01
#######################################################################
# BFT U                                                               #
#######################################################################
110	0	0	0	2	3	-4.77723e-03	8.32757e-02	2.69481e+00
110	0	1	0	2	3	1.90854e-03	-3.95362e-01	1.12344e+01
110	0	2	0	2	3	4.14754e-03	-5.89050e-01	1.50540e+01
110	0	3	0	2	3	3.40690e-03	-5.26455e-01	1.29147e+01
110	0	4	0	2	3	5.00431e-03	-6.45665e-01	1.63731e+01
110	0	5	0	2	3	4.10353e-03	-5.70545e-01	1.52411e+01
110	0	6	0	2	3	3.78968e-03	-5.65912e-01	1.43561e+01
110	0	7	0	2	3	4.12586e-03	-5.69207e-01	1.48401e+01
110	0	8	0	2	3	4.32365e-03	-5.96381e-01	1.49751e+01
110	0	9	0	2	3	4.07767e-03	-5.77901e-01	1.61512e+01
110	0	10	0	2	3	3.88081e-03	-5.69167e-01	1.37569e+01
110	0	11	0	2	3	3.61536e-03	-5.39642e-01	1.53601e+01
110	0	12	0	2	3	3.94032e-03	-5.70619e-01	1.40315e+01
110	0	13	0	2	3	3.27091e-03	-5.12478e-01	1.47533e+01
110	0	14	0	2	3	4.18800e-03	-5.89287e-01	1.42323e+01
110	0	15	0	2	3	4.15262e-03	-5.81229e-01	1.60953e+01
110	0	16	0	2	3	4.45373e-03	-5.99756e-01	1.41425e+01
110	0	17	0	2	3	4.99318e-03	-6.38407e-01	1.66618e+01
110	0	18	0	2	3	3.64073e-03	-5.53482e-01	1.35074e+01
110	0	19	0	2	3	4.11979e-03	-5.83603e-01	1.38260e+01
110	0	20	0	2	3	3.27906e-03	-5.17924e-01	1.32897e+01
110	0	21	0	2	3	3.71798e-03	-5.48398e-01	1.64120e+01
110	0	22	0	2	3	4.55587e-03	-6.15560e-01	1.49634e+01
110	0	23	0	2	3	4.32134e-03	-5.85078e-01	1.57055e+01
110	0	24	0	2	3	3.86139e-03	-5.58250e-01	1.42800e+01
110	0	25	0	2	3	3.78862e-03	-5.49576e-01	1.56652e+01
110	0	26	0	2	3	4.81317e-03	-6.36354e-01	1.64228e+01
110	0	27	0	2	3	4.66322e-03	-6.04706e-01	1.58714e+01
110	0	28	0	2	3	3.51400e-03	-5.35978e-01	1.20952e+01
110	0	29	0	2	3	4.32807e-03	-5.81586e-01	1.50792e+01
110	0	30	0	2	3	4.37632e-03	-6.02530e-01	1.46048e+01
110	0	31	0	2	3	4.02604e-03	-5.64501e-01	1.52800e+01
110	0	32	0	2	3	4.39067e-03	-6.10561e-01	1.51609e+01
110	0	33	0	2	3	4.54361e-03	-5.82997e-01	1.38163e+01
110	0	34	0	2	3	4.27574e-03	-5.92100e-01	1.44089e+01
110	0	35	0	2	3	5.12094e-03	-6.52649e-01	1.69136e+01
110	0	36	0	2	3	3.53709e-03	-5.30263e-01	1.31429e+01
110	0	37	0	2	3	4.46767e-03	-6.04384e-01	1.70010e+01
110	0	38	0	2	3	4.17172e-03	-5.80346e-01	1.35921e+01
110	0	39	0	2	3	3.75757e-03	-5.49684e-01	1.47668e+01
110	0	40	0	2	3	3.82710e-03	-5.52321e-01	1.34440e+01
110	0	41	0	2	3	4.05043e-03	-5.67956e-01	1.61313e+01
110	0	42	0	2	3	4.28802e-03	-5.87581e-01	1.46549e+01
110	0	43	0	2	3	4.53441e-03	-6.16588e-01	1.67680e+01
110	0	44	0	2	3	3.87745e-03	-5.64732e-01	1.39096e+01
110	0	45	0	2	3	4.16383e-03	-5.72370e-01	1.57100e+01
110	0	46	0	2	3	4.47385e-03	-6.16740e-01	1.50768e+01
110	0	47	0	2	3	4.75214e-03	-6.31946e-01	1.80620e+01
110	0	48	0	2	3	3.71156e-03	-5.47309e-01	1.25195e+01
110	0	49	0	2	3	4.23929e-03	-5.82180e-01	1.63904e+01
110	0	50	0	2	3	4.53220e-03	-6.08684e-01	1.50065e+01
110	0	51	0	2	3	4.53633e-03	-6.05036e-01	1.56916e+01
110	0	52	0	2	3	3.52263e-03	-5.32748e-01	1.28201e+01
110	0	53	0	2	3	4.45048e-03	-5.92293e-01	1.52638e+01
110	0	54	0	2	3	4.19253e-03	-5.86891e-01	1.42741e+01
110	0	55	0	2	3	4.91120e-03	-6.32514e-01	1.70839e+01
110	0	56	0	2	3	4.22919e-03	-5.99288e-01	1.55177e+01
110	0	57	0	2	3	4.52776e-03	-6.04046e-01	1.62197e+01
110	0	58	0	2	3	4.13127e-03	-5.85184e-01	1.53299e+01
110	0	59	0	2	3	4.71798e-03	-6.34069e-01	1.71927e+01
110	0	60	0	2	3	3.95419e-03	-5.74291e-01	1.37137e+01
110	0	61	0	2	3	3.55496e-03	-5.33855e-01	1.46899e+01
110	0	62	0	2	3	4.72976e-03	-6.21706e-01	1.47104e+01
110	0	63	0	2	3	4.15026e-03	-5.82661e-01	1.45317e+01
110	0	64	0	2	3	3.85750e-03	-5.67179e-01	1.41962e+01
110	0	65	0	2	3	4.14340e-03	-5.81636e-01	1.55549e+01
110	0	66	0	2	3	4.73583e-03	-6.44529e-01	1.69194e+01
110	0	67	0	2	3	3.78348e-03	-5.60019e-01	1.54007e+01
110	0	68	0	2	3	3.95304e-03	-5.85580e-01	1.51610e+01
110	0	69	0	2	3	4.02506e-03	-5.71542e-01	1.49088e+01
110	0	70	0	2	3	4.47786e-03	-6.28179e-01	1.48860e+01
110	0	71	0	2	3	4.32548e-03	-6.00840e-01	1.58926e+01
110	0	72	0	2	3	3.55900e-03	-5.52794e-01	1.33516e+01
110	0	73	0	2	3	4.12631e-03	-5.85362e-01	1.49773e+01
110	0	74	0	2	3	4.45145e-03	-6.22088e-01	1.56735e+01
110	0	75	0	2	3	4.42765e-03	-6.01744e-01	1.54766e+01
110	0	76	0	2	3	3.78997e-03	-5.61726e-01	1.35384e+01
110	0	77	0	2	3	3.84474e-03	-5.61490e-01	1.51118e+01
110	0	78	0	2	3	4.69146e-03	-6.38640e-01	1.52999e+01
110	0	79	0	2	3	4.61108e-03	-6.16006e-01	1.56903e+01
110	0	80	0	2	3	4.13845e-03	-5.85876e-01	1.49909e+01
110	0	81	0	2	3	4.39595e-03	-5.92268e-01	1.52436e+01
110	0	82	0	2	3	4.44001e-03	-6.06045e-01	1.48712e+01
110	0	83	0	2	3	4.70660e-03	-6.26201e-01	1.57722e+01
110	0	84	0	2	3	3.93516e-03	-5.72054e-01	1.42060e+01
110	0	85	0	2	3	4.20771e-03	-5.82389e-01	1.54003e+01
110	0	86	0	2	3	4.45251e-03	-6.22684e-01	1.49965e+01
110	0	87	0	2	3	4.15816e-03	-5.93535e-01	1.59886e+01
110	0	88	0	2	3	4.02463e-03	-5.70299e-01	1.44447e+01
110	0	89	0	2	3	4.13697e-03	-5.84714e-01	1.51350e+01
110	0	90	0	2	3	4.51996e-03	-6.22447e-01	1.47525e+01
110	0	91	0	2	3	4.68152e-03	-6.31321e-01	1.55465e+01
110	0	92	0	2	3	4.24876e-03	-6.06147e-01	1.52383e+01
110	0	93	0	2	3	4.41535e-03	-5.98885e-01	1.50235e+01
110	0	94	0	2	3	4.38889e-03	-6.28415e-01	1.67075e+01
110	0	95	0	2	3	4.57464e-03	-6.21164e-01	1.61579e+01
110	0	96	0	2	3	4.43060e-03	-6.17912e-01	1.50505e+01
110	0	97	0	2	3	3.84511e-03	-5.63689e-01	1.52700e+01
110	0	98	0	2	3	4.50764e-03	-6.27752e-01	1.52554e+01
110	0	99	0	2	3	4.67509e-03	-6.18955e-01	1.58448e+01
110	0	100	0	2	3	3.77955e-03	-5.68531e-01	1.47594e+01
110	0	101	0	2	3	4.00716e-03	-5.76235e-01	1.53920e+01
110	0	102	0	2	3	4.64859e-03	-6.30063e-01	1.59948e+01
110	0	103	0	2	3	4.35048e-03	-6.03949e-01	1.54659e+01
110	0	104	0	2	3	4.06531e-03	-5.86924e-01	1.41291e+01
110	0	105	0	2	3	4.40400e-03	-5.99193e-01	1.51787e+01
110	0	106	0	2	3	4.38525e-03	-6.12648e-01	1.56963e+01
110	0	107	0	2	3	4.51245e-03	-6.08825e-01	1.48893e+01
110	0	108	0	2	3	3.84986e-03	-5.75962e-01	1.48380e+01
110	0	109	0	2	3	4.03074e-03	-5.79437e-01	1.48271e+01
110	0	110	0	2	3	3.98401e-03	-5.83074e-01	1.49031e+01
110	0	111	0	2	3	5.02012e-03	-6.58067e-01	1.63609e+01
110	0	112	0	2	3	3.86671e-03	-5.60755e-01	1.31167e+01
110	0	113	0	2	3	4.38830e-03	-5.97583e-01	1.49989e+01
110	0	114	0	2	3	4.44237e-03	-6.16877e-01	1.56479e+01
110	0	115	0	2	3	4.62222e-03	-6.17698e-01	1.54004e+01
110	0	116	0	2	3	4.00704e-03	-5.82510e-01	1.44759e+01
110	0	117	0	2	3	4.48027e-03	-6.11395e-01	1.63385e+01
110	0	118	0	2	3	3.73345e-03	-5.65101e-01	1.48799e+01
110	0	119	0	2	3	4.54362e-03	-6.11238e-01	1.44349e+01
110	0	120	0	2	3	4.01973e-03	-5.93588e-01	1.49690e+01
110	0	121	0	2	3	4.27189e-03	-5.87248e-01	1.34629e+01
110	0	122	0	2	3	5.05431e-03	-6.69863e-01	1.75292e+01
110	0	123	0	2	3	4.72049e-03	-6.23062e-01	1.57554e+01
110	0	124	0	2	3	4.86739e-03	-6.38113e-01	1.60712e+01
110	0	125	0	2	3	3.83929e-03	-5.54564e-01	1.23310e+01
110	0	126	0	2	3	4.93376e-03	-6.44919e-01	1.56271e+01
110	0	127	0	2	3	4.96582e-03	-6.42225e-01	1.58531e+01
110	0	128	0	2	3	3.39911e-03	-5.73145e-01	1.58136e+01
110	0	129	0	2	3	3.83045e-03	-5.87118e-01	1.55003e+01
110	0	130	0	2	3	2.09395e-03	-4.71416e-01	1.39413e+01
110	0	131	0	2	3	-3.83483e-03	3.56647e-03	4.45908e+00
110	0	132	0	2	3	4.88790e-03	-6.58629e-01	1.72914e+01
110	0	133	0	2	3	2.35669e-03	-4.54613e-01	1.29843e+01
110	0	134	0	2	3	1.34338e-03	-4.11290e-01	1.25803e+01
110	0	135	0	2	3	3.66719e-03	-5.64746e-01	1.44624e+01
110	0	136	0	2	3	5.79217e-03	-7.22009e-01	1.73616e+01
110	0	137	0	2	3	4.71389e-03	-6.60337e-01	1.75841e+01
110	0	138	0	2	3	6.34360e-04	-3.42300e-01	1.12825e+01
110	0	139	0	2	3	3.39687e-03	-5.47245e-01	1.36662e+01
110	0	140	0	2	3	-3.16127e-03	-7.42794e-02	6.94769e+00
110	0	141	0	2	3	4.75920e-03	-6.52096e-01	1.60057e+01
110	0	142	0	2	3	1.10211e-02	-1.11581e+00	2.51202e+01
110	0	143	0	2	3	2.30593e-04	-3.13916e-01	1.01118e+01
110	0	144	0	2	3	3.19653e-03	-5.47034e-01	1.41734e+01
110	0	145	0	2	3	2.38937e-03	-4.45689e-01	1.14461e+01
110	0	146	0	2	3	4.87490e-03	-6.52589e-01	1.65351e+01
110	0	147	0	2	3	3.07243e-03	-4.93847e-01	1.35235e+01
110	0	148	0	2	3	-1.49398e-05	-3.17324e-01	1.04102e+01
110	0	149	0	2	3	4.34922e-03	-6.06978e-01	1.57820e+01
110	0	150	0	2	3	1.38887e-03	-4.15485e-01	1.30252e+01
110	0	151	0	2	3	-1.77943e-04	-2.74690e-01	9.62831e+00
110	0	152	0	2	3	-2.96271e-03	-5.54644e-02	5.84100e+00
110	0	153	0	2	3	5.42513e-03	-7.05759e-01	1.80127e+01
110	0	154	0	2	3	3.59647e-03	-5.67971e-01	1.48412e+01
110	0	155	0	2	3	3.28193e-03	-5.32408e-01	1.27664e+01
110	0	156	0	2	3	2.21948e-03	-4.68458e-01	1.34702e+01
110	0	157	0	2	3	1.70861e-03	-4.06048e-01	1.22666e+01
110	0	158	0	2	3	-1.33747e-03	-1.78918e-01	7.31161e+00
110	0	159	0	2	3	2.07296e-04	-3.05048e-01	1.00572e+01
#######################################################################
# BFT D                                                               #
#######################################################################
110	1	0	0	2	3	2.68111e-03	-4.75297e-01	1.46379e+01
110	1	1	0	2	3	4.50979e-03	-6.14340e-01	1.67619e+01
110	1	2	0	2	3	3.59079e-03	-5.56836e-01	1.54127e+01
110	1	3	0	2	3	3.71927e-03	-5.50830e-01	1.59376e+01
110	1	4	0	2	3	3.22551e-03	-5.25990e-01	1.47357e+01
110	1	5	0	2	3	3.62212e-03	-5.52775e-01	1.62413e+01
110	1	6	0	2	3	4.19838e-03	-5.97326e-01	1.48928e+01
110	1	7	0	2	3	4.00601e-03	-5.70488e-01	1.57912e+01
110	1	8	0	2	3	3.71114e-03	-5.64287e-01	1.57808e+01
110	1	9	0	2	3	3.16790e-03	-5.23680e-01	1.66399e+01
110	1	10	0	2	3	3.63977e-03	-5.62515e-01	1.55962e+01
110	1	11	0	2	3	4.44175e-03	-6.06729e-01	1.63796e+01
110	1	12	0	2	3	3.38236e-03	-5.40181e-01	1.44518e+01
110	1	13	0	2	3	3.33876e-03	-5.25525e-01	1.56535e+01
110	1	14	0	2	3	3.84362e-03	-5.77966e-01	1.49739e+01
110	1	15	0	2	3	3.80396e-03	-5.62602e-01	1.62766e+01
110	1	16	0	2	3	3.70416e-03	-5.66142e-01	1.50718e+01
110	1	17	0	2	3	2.81343e-03	-4.90521e-01	1.42492e+01
110	1	18	0	2	3	4.35979e-03	-6.04092e-01	1.49423e+01
110	1	19	0	2	3	4.21813e-03	-5.95067e-01	1.65269e+01
110	1	20	0	2	3	4.09872e-03	-5.93903e-01	1.58335e+01
110	1	21	0	2	3	3.74135e-03	-5.66445e-01	1.70955e+01
110	1	22	0	2	3	4.17314e-03	-5.92227e-01	1.53525e+01
110	1	23	0	2	3	4.05918e-03	-5.70113e-01	1.60621e+01
110	1	24	0	2	3	3.51277e-03	-5.49185e-01	1.55877e+01
110	1	25	0	2	3	3.47619e-03	-5.36529e-01	1.57365e+01
110	1	26	0	2	3	3.43730e-03	-5.45059e-01	1.43951e+01
110	1	27	0	2	3	3.58123e-03	-5.45311e-01	1.66194e+01
110	1	28	0	2	3	3.79434e-03	-5.70583e-01	1.58503e+01
110	1	29	0	2	3	3.52309e-03	-5.42811e-01	1.60636e+01
110	1	30	0	2	3	3.85684e-03	-5.71554e-01	1.50917e+01
110	1	31	0	2	3	4.46864e-03	-6.16181e-01	1.74802e+01
110	1	32	0	2	3	3.59573e-03	-5.60281e-01	1.62567e+01
110	1	33	0	2	3	3.67468e-03	-5.58977e-01	1.53071e+01
110	1	34	0	2	3	4.35593e-03	-5.99109e-01	1.50576e+01
110	1	35	0	2	3	3.83247e-03	-5.79547e-01	1.69852e+01
110	1	36	0	2	3	3.74735e-03	-5.61247e-01	1.57039e+01
110	1	37	0	2	3	3.52952e-03	-5.40344e-01	1.41442e+01
110	1	38	0	2	3	4.37332e-03	-6.05807e-01	1.66401e+01
110	1	39	0	2	3	4.19167e-03	-5.88366e-01	1.59979e+01
110	1	40	0	2	3	3.91135e-03	-5.70306e-01	1.46930e+01
110	1	41	0	2	3	3.58274e-03	-5.40061e-01	1.54878e+01
110	1	42	0	2	3	4.08762e-03	-5.78277e-01	1.52947e+01
110	1	43	0	2	3	4.45961e-03	-6.10133e-01	1.76152e+01
110	1	44	0	2	3	3.99643e-03	-5.83947e-01	1.51303e+01
110	1	45	0	2	3	3.61321e-03	-5.49254e-01	1.59707e+01
110	1	46	0	2	3	4.15809e-03	-5.95517e-01	1.52786e+01
110	1	47	0	2	3	4.48438e-03	-6.28372e-01	1.83197e+01
110	1	48	0	2	3	4.07681e-03	-5.84402e-01	1.57618e+01
110	1	49	0	2	3	3.71428e-03	-5.52303e-01	1.62319e+01
110	1	50	0	2	3	4.13397e-03	-5.90082e-01	1.48261e+01
110	1	51	0	2	3	4.35275e-03	-6.02350e-01	1.68035e+01
110	1	52	0	2	3	3.95530e-03	-5.86967e-01	1.51111e+01
110	1	53	0	2	3	3.39887e-03	-5.32344e-01	1.58479e+01
110	1	54	0	2	3	4.30684e-03	-6.08431e-01	1.63793e+01
110	1	55	0	2	3	3.96006e-03	-5.75080e-01	1.64552e+01
110	1	56	0	2	3	4.02240e-03	-5.94818e-01	1.52891e+01
110	1	57	0	2	3	3.71911e-03	-5.57657e-01	1.58486e+01
110	1	58	0	2	3	4.40753e-03	-6.27008e-01	1.78242e+01
110	1	59	0	2	3	4.58465e-03	-6.33955e-01	1.86189e+01
110	1	60	0	2	3	3.76059e-03	-5.68555e-01	1.55424e+01
110	1	61	0	2	3	4.18109e-03	-5.79249e-01	1.57178e+01
110	1	62	0	2	3	4.13965e-03	-5.89249e-01	1.47796e+01
110	1	63	0	2	3	4.18236e-03	-5.94134e-01	1.68516e+01
110	1	64	0	2	3	4.09671e-03	-5.94532e-01	1.63753e+01
110	1	65	0	2	3	4.20493e-03	-5.95705e-01	1.61908e+01
110	1	66	0	2	3	4.71120e-03	-6.42863e-01	1.59078e+01
110	1	67	0	2	3	4.35427e-03	-6.07167e-01	1.54665e+01
110	1	68	0	2	3	3.65983e-03	-5.47977e-01	1.38157e+01
110	1	69	0	2	3	4.34823e-03	-6.04761e-01	1.63936e+01
110	1	70	0	2	3	4.23992e-03	-6.03040e-01	1.62847e+01
110	1	71	0	2	3	4.33228e-03	-6.14346e-01	1.68952e+01
110	1	72	0	2	3	3.99719e-03	-5.79000e-01	1.53017e+01
110	1	73	0	2	3	4.18294e-03	-5.99227e-01	1.70577e+01
110	1	74	0	2	3	4.23320e-03	-5.98446e-01	1.48514e+01
110	1	75	0	2	3	4.07274e-03	-5.90615e-01	1.58121e+01
110	1	76	0	2	3	3.68031e-03	-5.56694e-01	1.47355e+01
110	1	77	0	2	3	4.19212e-03	-5.99414e-01	1.59924e+01
110	1	78	0	2	3	4.41926e-03	-6.15249e-01	1.51507e+01
110	1	79	0	2	3	4.38148e-03	-6.06140e-01	1.59333e+01
110	1	80	0	2	3	4.11574e-03	-5.85614e-01	1.51204e+01
110	1	81	0	2	3	4.09680e-03	-5.83606e-01	1.48427e+01
110	1	82	0	2	3	4.42559e-03	-6.13261e-01	1.65581e+01
110	1	83	0	2	3	4.32162e-03	-5.91122e-01	1.52188e+01
110	1	84	0	2	3	3.74328e-03	-5.54608e-01	1.40851e+01
110	1	85	0	2	3	3.90340e-03	-5.71021e-01	1.49228e+01
110	1	86	0	2	3	4.08551e-03	-5.91206e-01	1.59644e+01
110	1	87	0	2	3	4.61966e-03	-6.13604e-01	1.43422e+01
110	1	88	0	2	3	3.93410e-03	-5.79624e-01	1.55304e+01
110	1	89	0	2	3	3.71715e-03	-5.61274e-01	1.44031e+01
110	1	90	0	2	3	4.26049e-03	-6.02413e-01	1.50535e+01
110	1	91	0	2	3	4.14246e-03	-5.86824e-01	1.57018e+01
110	1	92	0	2	3	3.70856e-03	-5.55412e-01	1.46087e+01
110	1	93	0	2	3	3.89056e-03	-5.70987e-01	1.51025e+01
110	1	94	0	2	3	3.72775e-03	-5.69395e-01	1.56933e+01
110	1	95	0	2	3	4.24412e-03	-6.00587e-01	1.53189e+01
110	1	96	0	2	3	3.62650e-03	-5.52896e-01	1.42597e+01
110	1	97	0	2	3	4.14243e-03	-5.86106e-01	1.57147e+01
110	1	98	0	2	3	4.45893e-03	-6.33558e-01	1.71229e+01
110	1	99	0	2	3	4.66665e-03	-6.23750e-01	1.57132e+01
110	1	100	0	2	3	3.86370e-03	-5.58520e-01	1.48179e+01
110	1	101	0	2	3	3.87258e-03	-5.65512e-01	1.52359e+01
110	1	102	0	2	3	4.64123e-03	-6.37478e-01	1.62989e+01
110	1	103	0	2	3	4.60926e-03	-6.22881e-01	1.56819e+01
110	1	104	0	2	3	3.65575e-03	-5.53795e-01	1.47320e+01
110	1	105	0	2	3	3.72010e-03	-5.59535e-01	1.49754e+01
110	1	106	0	2	3	4.52555e-03	-6.24220e-01	1.67901e+01
110	1	107	0	2	3	4.29573e-03	-5.99875e-01	1.54077e+01
110	1	108	0	2	3	4.21112e-03	-5.97425e-01	1.63010e+01
110	1	109	0	2	3	3.90892e-03	-5.72781e-01	1.56865e+01
110	1	110	0	2	3	4.66733e-03	-6.37779e-01	1.63311e+01
110	1	111	0	2	3	4.37224e-03	-6.11309e-01	1.69097e+01
110	1	112	0	2	3	3.90682e-03	-5.75225e-01	1.49797e+01
110	1	113	0	2	3	3.99794e-03	-5.81074e-01	1.54386e+01
110	1	114	0	2	3	4.24008e-03	-6.08282e-01	1.54322e+01
110	1	115	0	2	3	4.91256e-03	-6.44251e-01	1.61863e+01
110	1	116	0	2	3	4.33635e-03	-6.09266e-01	1.57924e+01
110	1	117	0	2	3	4.25931e-03	-5.96578e-01	1.56020e+01
110	1	118	0	2	3	4.14002e-03	-5.96257e-01	1.46839e+01
110	1	119	0	2	3	4.75662e-03	-6.33016e-01	1.63584e+01
110	1	120	0	2	3	3.95437e-03	-5.74388e-01	1.47480e+01
110	1	121	0	2	3	4.01259e-03	-5.78637e-01	1.50692e+01
110	1	122	0	2	3	5.38544e-03	-6.96295e-01	1.85501e+01
110	1	123	0	2	3	3.36803e-03	-5.41899e-01	1.60270e+01
110	1	124	0	2	3	4.50320e-03	-6.11297e-01	1.50992e+01
110	1	125	0	2	3	3.95139e-03	-5.81814e-01	1.55933e+01
110	1	126	0	2	3	5.12120e-03	-6.65154e-01	1.68382e+01
110	1	127	0	2	3	5.16733e-03	-6.61016e-01	1.66749e+01
110	1	128	0	2	3	4.62285e-03	-6.52745e-01	1.73480e+01
110	1	129	0	2	3	4.07648e-03	-6.07985e-01	1.64187e+01
110	1	130	0	2	3	4.17901e-03	-6.11385e-01	1.55407e+01
110	1	131	0	2	3	3.86925e-03	-5.79613e-01	1.53289e+01
110	1	132	0	2	3	4.09576e-03	-6.16392e-01	1.69292e+01
110	1	133	0	2	3	4.78105e-03	-6.43269e-01	1.62202e+01
110	1	134	0	2	3	3.54620e-03	-5.81392e-01	1.63022e+01
110	1	135	0	2	3	4.92397e-03	-6.49557e-01	1.66990e+01
110	1	136	0	2	3	3.84425e-03	-6.08092e-01	1.72144e+01
110	1	137	0	2	3	4.73158e-03	-6.37769e-01	1.65117e+01
110	1	138	0	2	3	6.48231e-03	-7.53395e-01	1.81092e+01
110	1	139	0	2	3	4.25396e-03	-6.14431e-01	1.64963e+01
110	1	140	0	2	3	3.94617e-03	-5.94542e-01	1.55414e+01
110	1	141	0	2	3	1.92584e-03	-4.36291e-01	1.25167e+01
110	1	142	0	2	3	5.69300e-03	-7.20208e-01	1.75866e+01
110	1	143	0	2	3	3.46694e-04	-3.14156e-01	1.09290e+01
110	1	144	0	2	3	-6.79363e-03	2.02728e-01	2.10784e+00
110	1	145	0	2	3	4.58244e-03	-6.23697e-01	1.61215e+01
110	1	146	0	2	3	5.30035e-03	-6.85387e-01	1.71605e+01
110	1	147	0	2	3	4.28612e-03	-5.89621e-01	1.43074e+01
110	1	148	0	2	3	1.82599e-03	-4.22854e-01	1.16997e+01
110	1	149	0	2	3	3.64994e-03	-5.47368e-01	1.49492e+01
110	1	150	0	2	3	5.00926e-03	-6.50529e-01	1.67319e+01
110	1	151	0	2	3	3.31161e-03	-5.33425e-01	1.44296e+01
110	1	152	0	2	3	-8.45984e-03	3.30654e-01	-2.39947e-01
110	1	153	0	2	3	-1.07103e-02	5.22092e-01	-4.25214e+00
110	1	154	0	2	3	4.47671e-03	-6.20160e-01	1.63796e+01
110	1	155	0	2	3	6.23433e-03	-7.38291e-01	1.68670e+01
110	1	156	0	2	3	3.36980e-03	-5.52261e-01	1.52591e+01
110	1	157	0	2	3	-2.78235e-03	-8.78042e-02	7.19643e+00
110	1	158	0	2	3	-8.33243e-03	3.14431e-01	3.11759e-02
110	1	159	0	2	3	3.60189e-03	-5.79792e-01	1.67783e+01
