##
#  file: HodoPHCParam_Dummy
#  date: 2016.06.15
#  note: first version
#
#
#######################################################################
# CId	PlId	Seg	UorD	Type	nParam	p0	p1	...
#
#	Type=0 no correction will be performed
#	Type=1 ct=t-p[0]/sqrt(a-p[1])+p[2]
#	Type=2 ct=p[0]*a*a + p[1]*a + p[2] for Fiber
#
#######################################################################
# BH1 Up                                                              #
#######################################################################
1	0	0	0	1	3	5.08705e+00	-1.98362e+00	2.93454e+00
1	0	1	0	1	3	6.69706e-01	2.91546e-01	8.10244e-01
1	0	2	0	1	3	5.01779e-01	3.94271e-01	6.64278e-01
1	0	3	0	1	3	7.45330e-01	1.66754e-01	8.56036e-01
1	0	4	0	1	3	8.52890e-01	8.60054e-02	9.27134e-01
1	0	5	0	1	3	1.69981e+00	-1.50393e-01	1.62794e+00
1	0	6	0	1	3	1.58582e+00	-2.35346e-01	1.46587e+00
1	0	7	0	1	3	1.61970e+00	-1.46184e-01	1.54504e+00
1	0	8	0	1	3	1.37546e+00	-2.52696e-01	1.28233e+00
1	0	9	0	1	3	1.74814e+00	-2.76223e-01	1.64100e+00
1	0	10	0	1	3	1.60339e+01	-4.62629e+00	6.81205e+00
#######################################################################
# BH1 Down                                                            #
#######################################################################
1	0	0	1	1	3	1.33519e+00	-9.13138e-02	1.27257e+00
1	0	1	1	1	3	6.24909e-01	2.88647e-01	7.65429e-01
1	0	2	1	1	3	6.68954e-01	2.21542e-01	7.45264e-01
1	0	3	1	1	3	1.32364e+00	-4.57464e-01	1.08318e+00
1	0	4	1	1	3	1.18002e+00	-7.91080e-02	1.17008e+00
1	0	5	1	1	3	2.07299e+00	-4.79828e-01	1.70935e+00
1	0	6	1	1	3	1.96000e+00	-5.20196e-01	1.63958e+00
1	0	7	1	1	3	1.89852e+00	-4.50289e-01	1.60743e+00
1	0	8	1	1	3	1.02469e+00	-6.73213e-02	1.04734e+00
1	0	9	1	1	3	1.64894e+00	-1.85977e-01	1.61292e+00
1	0	10	1	1	3	7.15603e-01	2.22738e-01	8.54972e-01
#######################################################################
# BH2 Up                                                              #
#######################################################################
2	0	0	0	1	3	1.43047e-01	2.98695e-01	2.00085e-01
2	0	1	0	1	3	8.79554e-01	-2.31747e-01	7.85839e-01
2	0	2	0	1	3	5.94572e-01	-4.97541e-01	4.68956e-01
2	0	3	0	1	3	1.91725e-01	3.94747e-02	1.91115e-01
2	0	4	0	1	3	3.31184e-01	-9.38469e-02	3.15823e-01
2	0	5	0	1	3	1.99769e-01	2.70254e-01	2.37321e-01
2	0	6	0	1	3	2.58948e-01	2.41832e-01	3.10133e-01
2	0	7	0	1	3	3.50426e-01	8.80094e-02	3.70898e-01
#######################################################################
# BH2 Down                                                            #
#######################################################################
2	0	0	1	1	3	3.94607e-01	-1.85207e-01	3.84440e-01
2	0	1	1	1	3	9.92155e-01	-3.85817e-01	8.32122e-01
2	0	2	1	1	3	4.10986e-01	-9.27803e-02	3.90143e-01
2	0	3	1	1	3	1.76416e-01	4.84160e-02	1.75490e-01
2	0	4	1	1	3	2.42956e-01	1.23979e-01	2.64593e-01
2	0	5	1	1	3	3.57967e-01	4.32013e-02	3.63973e-01
2	0	6	1	1	3	1.22093e+00	-6.67168e-01	9.30075e-01
2	0	7	1	1	3	2.92156e-01	-4.36810e-03	2.98702e-01
#######################################################################
# BAC                                                                 #
#######################################################################
3	0	0	0	1	3	0.00000e+00	0.00000e+00	0.00000e+00
3	0	1	0	1	3	0.00000e+00	0.00000e+00	0.00000e+00
#######################################################################
# FBH Up                                                              #
#######################################################################
4	0	0	0	2	3	-5.62952e-03	8.96903e-01	-3.53273e+01
4	0	1	0	2	3	-4.29399e-03	7.37975e-01	-3.00049e+01
4	0	2	0	2	3	-5.26894e-03	8.67305e-01	-3.38992e+01
4	0	3	0	2	3	-3.80183e-03	6.69237e-01	-2.72260e+01
4	0	4	0	2	3	-4.35014e-03	7.35785e-01	-2.92008e+01
4	0	5	0	2	3	-4.02541e-03	6.86907e-01	-2.70312e+01
4	0	6	0	2	3	-4.16660e-03	7.08229e-01	-2.81512e+01
4	0	7	0	2	3	-3.93117e-03	6.84759e-01	-2.69101e+01
4	0	8	0	2	3	-4.14423e-03	6.96902e-01	-2.65883e+01
4	0	9	0	2	3	-2.83372e-03	5.62925e-01	-2.20787e+01
4	0	10	0	2	3	-4.07944e-03	7.09420e-01	-2.75603e+01
4	0	11	0	2	3	-3.50961e-03	6.50113e-01	-2.64167e+01
4	0	12	0	2	3	-3.52415e-03	6.49734e-01	-2.67232e+01
4	0	13	0	2	3	-4.13420e-03	7.26957e-01	-2.99675e+01
4	0	14	0	2	3	-4.90315e-03	8.27563e-01	-3.35630e+01
4	0	15	0	2	3	-4.73048e-03	8.13189e-01	-3.31901e+01
#######################################################################
# FBH Down                                                            #
#######################################################################
4	0	0	1	2	3	-5.62952e-03	8.96903e-01	-3.53273e+01
4	0	1	1	2	3	-4.29399e-03	7.37975e-01	-3.00049e+01
4	0	2	1	2	3	-5.26894e-03	8.67305e-01	-3.38992e+01
4	0	3	1	2	3	-3.80183e-03	6.69237e-01	-2.72260e+01
4	0	4	1	2	3	-4.35014e-03	7.35785e-01	-2.92008e+01
4	0	5	1	2	3	-4.02541e-03	6.86907e-01	-2.70312e+01
4	0	6	1	2	3	-4.16660e-03	7.08229e-01	-2.81512e+01
4	0	7	1	2	3	-3.93117e-03	6.84759e-01	-2.69101e+01
4	0	8	1	2	3	-4.14423e-03	6.96902e-01	-2.65883e+01
4	0	9	1	2	3	-2.83372e-03	5.62925e-01	-2.20787e+01
4	0	10	1	2	3	-4.07944e-03	7.09420e-01	-2.75603e+01
4	0	11	1	2	3	-3.50961e-03	6.50113e-01	-2.64167e+01
4	0	12	1	2	3	-3.52415e-03	6.49734e-01	-2.67232e+01
4	0	13	1	2	3	-4.13420e-03	7.26957e-01	-2.99675e+01
4	0	14	1	2	3	-4.90315e-03	8.27563e-01	-3.35630e+01
4	0	15	1	2	3	-4.73048e-03	8.13189e-01	-3.31901e+01
#######################################################################
# PVAC                                                                #
#######################################################################
5	0	0	0	1	3	0.00000e+00	0.00000e+00	0.00000e+00
#######################################################################
# FAC                                                                 #
#######################################################################
6	0	0	0	1	3	0.00000e+00	0.00000e+00	0.00000e+00
#######################################################################
# SCH                                                                 #
#######################################################################
#7	0	0	0	2	3	-0.00500000	0.821213	-32.185321
#7	0	1	0	2	3	-0.00500000	0.830248	-32.269563
#7	0	2	0	2	3	-0.00500000	0.793073	-29.315934
#7	0	3	0	2	3	-0.00500000	0.772144	-28.276705
#7	0	4	0	2	3	-0.00500000	0.801968	-30.687167
#7	0	5	0	2	3	-0.00500000	0.778300	-28.439251
#7	0	6	0	2	3	-0.00500000	0.765872	-27.918181
#7	0	7	0	2	3	-0.00500000	0.738459	-26.016797
#7	0	8	0	2	3	-0.00500000	0.778318	-28.676371
#7	0	9	0	2	3	-0.00500000	0.776670	-28.892887
#7	0	10	0	2	3	-0.00500000	0.764278	-28.122474
#7	0	11	0	2	3	-0.00500000	0.790742	-29.423647
#7	0	12	0	2	3	-0.00500000	0.811330	-30.487019
#7	0	13	0	2	3	-0.00500000	0.818750	-30.891512
#7	0	14	0	2	3	-0.00500000	0.802541	-30.009136
#7	0	15	0	2	3	-0.00500000	0.809525	-30.751746
#7	0	16	0	2	3	-0.00500000	0.802597	-30.845509
#7	0	17	0	2	3	-0.00500000	0.835028	-32.780792
#7	0	18	0	2	3	-0.00500000	0.859176	-33.938731
#7	0	19	0	2	3	-0.00500000	0.814851	-31.445396
#7	0	20	0	2	3	-0.00500000	0.809426	-30.781087
#7	0	21	0	2	3	-0.00500000	0.780678	-28.888756
#7	0	22	0	2	3	-0.00500000	0.808206	-30.719604
#7	0	23	0	2	3	-0.00500000	0.774024	-27.858339
#7	0	24	0	2	3	-0.00500000	0.794308	-29.022101
#7	0	25	0	2	3	-0.00500000	0.775649	-27.980186
#7	0	26	0	2	3	-0.00500000	0.788483	-28.687567
#7	0	27	0	2	3	-0.00466315	0.771386	-29.253260
#7	0	28	0	2	3	-0.00483132	0.790854	-28.637741
#7	0	29	0	2	3	-0.00497049	0.812994	-30.786914
#7	0	30	0	2	3	-0.00500000	0.787793	-28.362716
#7	0	31	0	2	3	-0.00500000	0.790759	-28.876812
#7	0	32	0	2	3	-0.00500000	0.824826	-31.655285
#7	0	33	0	2	3	-0.00500000	0.845304	-33.407765
#7	0	34	0	2	3	-0.00500000	0.832263	-32.939799
#7	0	35	0	2	3	-0.00500000	0.820631	-31.695372
#7	0	36	0	2	3	-0.00500000	0.836997	-33.200590
#7	0	37	0	2	3	-0.00500000	0.819690	-32.097193
#7	0	38	0	2	3	-0.00500000	0.808109	-31.263214
#7	0	39	0	2	3	-0.00500000	0.815224	-31.135523
#7	0	40	0	2	3	-0.00500000	0.803398	-29.897923
#7	0	41	0	2	3	-0.00500000	0.815685	-31.165519
#7	0	42	0	2	3	-0.00500000	0.812980	-30.737261
#7	0	43	0	2	3	-0.00500000	0.829418	-32.693307
#7	0	44	0	2	3	-0.00500000	0.789530	-29.464920
#7	0	45	0	2	3	-0.00500000	0.804789	-31.208151
#7	0	46	0	2	3	-0.00500000	0.830106	-32.806514
#7	0	47	0	2	3	-0.00500000	0.819206	-31.373242
#7	0	48	0	2	3	-0.00500000	0.816165	-31.709319
#7	0	49	0	2	3	-0.00500000	0.798496	-30.201709
#7	0	50	0	2	3	-0.00500000	0.812167	-31.795745
#7	0	51	0	2	3	-0.00500000	0.810749	-31.375226
#7	0	52	0	2	3	-0.00500000	0.803385	-31.372512
#7	0	53	0	2	3	-0.00500000	0.777405	-29.262831
#7	0	54	0	2	3	-0.00500000	0.783954	-29.763410
#7	0	55	0	2	3	-0.00500000	0.789443	-29.976449
#7	0	56	0	2	3	-0.00500000	0.838828	-33.261086
#7	0	57	0	2	3	-0.00500000	0.804421	-30.573195
#7	0	58	0	2	3	-0.00500000	0.773283	-29.111048
#7	0	59	0	2	3	-0.00500000	0.811789	-31.449459
#7	0	60	0	2	3	-0.00500000	0.759724	-28.110014
#7	0	61	0	2	3	-0.00500000	0.810884	-31.379063
#7	0	62	0	2	3	-0.00500000	0.771910	-28.435006
#7	0	63	0	2	3	-0.00500000	0.796658	-30.511906
#######################################################################
# TOF Up                                                              #
#######################################################################
7	0	0	0	1	3	5.24830e+00	-1.96630e+00	2.96170e+00
7	0	1	0	1	3	5.24830e+00	-1.96630e+00	2.96170e+00
7	0	2	0	1	3	5.24830e+00	-1.96630e+00	2.96170e+00
7	0	3	0	1	3	5.24830e+00	-1.96630e+00	2.96170e+00
7	0	4	0	1	3	5.24830e+00	-1.96630e+00	2.96170e+00
7	0	5	0	1	3	5.24830e+00	-1.96630e+00	2.96170e+00
7	0	6	0	1	3	6.97090e+00	-3.03520e+00	3.39910e+00
7	0	7	0	1	3	4.05450e+00	-1.96150e+00	2.30360e+00
7	0	8	0	1	3	1.16940e+02	-2.98600e+01	2.09880e+01
7	0	9	0	1	3	5.24830e+00	-1.96630e+00	2.96170e+00
7	0	10	0	1	3	5.24830e+00	-1.96630e+00	2.96170e+00
7	0	11	0	1	3	5.24830e+00	-1.96630e+00	2.96170e+00
7	0	12	0	1	3	5.24830e+00	-1.96630e+00	2.96170e+00
7	0	13	0	1	3	5.24830e+00	-1.96630e+00	2.96170e+00
7	0	14	0	1	3	5.24830e+00	-1.96630e+00	2.96170e+00
7	0	15	0	1	3	5.24830e+00	-1.96630e+00	2.96170e+00
7	0	16	0	1	3	5.24830e+00	-1.96630e+00	2.96170e+00
7	0	17	0	1	3	5.24830e+00	-1.96630e+00	2.96170e+00
7	0	18	0	1	3	5.24830e+00	-1.96630e+00	2.96170e+00
7	0	19	0	1	3	7.11491e-01	1.85180e-03	5.82402e-01
7	0	20	0	1	3	5.59404e-01	-1.73810e-03	4.50716e-01
7	0	21	0	1	3	8.92499e-01	1.99900e-03	7.37364e-01
7	0	22	0	1	3	6.37553e-01	1.99960e-03	5.45449e-01
7	0	23	0	1	3	1.19210e+00	1.98920e-03	9.99994e-01
#######################################################################
# TOF Down                                                            #
#######################################################################
7	0	0	1	1	3	5.84300e+00	-2.30730e+00	3.11320e+00
7	0	1	1	1	3	5.84300e+00	-2.30730e+00	3.11320e+00
7	0	2	1	1	3	5.84300e+00	-2.30730e+00	3.11320e+00
7	0	3	1	1	3	5.84300e+00	-2.30730e+00	3.11320e+00
7	0	4	1	1	3	5.84300e+00	-2.30730e+00	3.11320e+00
7	0	5	1	1	3	5.84300e+00	-2.30730e+00	3.11320e+00
7	0	6	1	1	3	1.41330e+01	-5.81170e+00	5.32680e+00
7	0	7	1	1	3	7.84850e+01	-2.02870e+01	1.69500e+01
7	0	8	1	1	3	2.20240e+02	-3.62440e+01	3.60080e+01
7	0	9	1	1	3	5.84300e+00	-2.30730e+00	3.11320e+00
7	0	10	1	1	3	5.84300e+00	-2.30730e+00	3.11320e+00
7	0	11	1	1	3	5.84300e+00	-2.30730e+00	3.11320e+00
7	0	12	1	1	3	5.84300e+00	-2.30730e+00	3.11320e+00
7	0	13	1	1	3	5.84300e+00	-2.30730e+00	3.11320e+00
7	0	14	1	1	3	5.84300e+00	-2.30730e+00	3.11320e+00
7	0	15	1	1	3	5.84300e+00	-2.30730e+00	3.11320e+00
7	0	16	1	1	3	5.84300e+00	-2.30730e+00	3.11320e+00
7	0	17	1	1	3	5.84300e+00	-2.30730e+00	3.11320e+00
7	0	18	1	1	3	5.84300e+00	-2.30730e+00	3.11320e+00
7	0	19	1	1	3	6.18741e-01	1.99860e-03	4.90831e-01
7	0	20	1	1	3	5.75901e-01	1.04210e-03	4.72509e-01
7	0	21	1	1	3	9.41046e-01	1.99890e-03	7.79357e-01
7	0	22	1	1	3	4.84266e-01	-1.95590e-03	3.99786e-01
7	0	23	1	1	3	8.97714e-01	1.99860e-03	7.56300e-01
#######################################################################
# BFT U                                                               #
#######################################################################
110	0	0	0	2	3	3.89358e-03	-5.63280e-01	1.47737e+01
110	0	1	0	2	3	2.77415e-03	-4.71175e-01	1.29891e+01
110	0	2	0	2	3	4.22724e-03	-5.92658e-01	1.51849e+01
110	0	3	0	2	3	4.01406e-03	-5.71256e-01	1.38509e+01
110	0	4	0	2	3	3.65265e-03	-5.45133e-01	1.46499e+01
110	0	5	0	2	3	4.12364e-03	-5.71715e-01	1.54148e+01
110	0	6	0	2	3	3.59477e-03	-5.49745e-01	1.41602e+01
110	0	7	0	2	3	3.13880e-03	-5.07864e-01	1.41126e+01
110	0	8	0	2	3	3.65491e-03	-5.55455e-01	1.44892e+01
110	0	9	0	2	3	4.28953e-03	-5.86580e-01	1.62607e+01
110	0	10	0	2	3	3.42467e-03	-5.40428e-01	1.34794e+01
110	0	11	0	2	3	5.13147e-03	-6.43971e-01	1.72621e+01
110	0	12	0	2	3	3.59396e-03	-5.41397e-01	1.35616e+01
110	0	13	0	2	3	3.37466e-03	-5.17754e-01	1.49144e+01
110	0	14	0	2	3	3.69534e-03	-5.52959e-01	1.37282e+01
110	0	15	0	2	3	4.17604e-03	-5.89359e-01	1.65153e+01
110	0	16	0	2	3	4.48085e-03	-6.03459e-01	1.44186e+01
110	0	17	0	2	3	3.76760e-03	-5.42142e-01	1.49318e+01
110	0	18	0	2	3	4.19067e-03	-5.89738e-01	1.42286e+01
110	0	19	0	2	3	4.68986e-03	-6.26265e-01	1.47405e+01
110	0	20	0	2	3	3.63147e-03	-5.47151e-01	1.40159e+01
110	0	21	0	2	3	3.32800e-03	-5.18964e-01	1.60003e+01
110	0	22	0	2	3	4.13277e-03	-5.85074e-01	1.45889e+01
110	0	23	0	2	3	4.08104e-03	-5.67964e-01	1.55595e+01
110	0	24	0	2	3	3.87250e-03	-5.57019e-01	1.43702e+01
110	0	25	0	2	3	3.42810e-03	-5.18276e-01	1.51279e+01
110	0	26	0	2	3	4.61854e-03	-6.22971e-01	1.63310e+01
110	0	27	0	2	3	4.17561e-03	-5.68748e-01	1.53537e+01
110	0	28	0	2	3	3.76843e-03	-5.56328e-01	1.26175e+01
110	0	29	0	2	3	4.46588e-03	-5.92258e-01	1.54046e+01
110	0	30	0	2	3	4.25240e-03	-5.97048e-01	1.46741e+01
110	0	31	0	2	3	4.13746e-03	-5.76045e-01	1.57062e+01
110	0	32	0	2	3	4.28365e-03	-5.98929e-01	1.49948e+01
110	0	33	0	2	3	4.10318e-03	-5.55027e-01	1.34852e+01
110	0	34	0	2	3	4.26125e-03	-5.92852e-01	1.45990e+01
110	0	35	0	2	3	4.37732e-03	-6.05108e-01	1.63269e+01
110	0	36	0	2	3	3.73002e-03	-5.45018e-01	1.35639e+01
110	0	37	0	2	3	4.39925e-03	-5.96649e-01	1.69313e+01
110	0	38	0	2	3	4.11819e-03	-5.78718e-01	1.37413e+01
110	0	39	0	2	3	4.47042e-03	-6.00607e-01	1.57856e+01
110	0	40	0	2	3	3.66400e-03	-5.42536e-01	1.34315e+01
110	0	41	0	2	3	3.70532e-03	-5.36569e-01	1.55737e+01
110	0	42	0	2	3	3.93716e-03	-5.65801e-01	1.44610e+01
110	0	43	0	2	3	4.78887e-03	-6.31373e-01	1.70646e+01
110	0	44	0	2	3	4.01380e-03	-5.77115e-01	1.43061e+01
110	0	45	0	2	3	4.09630e-03	-5.68080e-01	1.57770e+01
110	0	46	0	2	3	4.23691e-03	-5.99907e-01	1.49348e+01
110	0	47	0	2	3	4.23775e-03	-5.92640e-01	1.74478e+01
110	0	48	0	2	3	3.79102e-03	-5.52091e-01	1.27219e+01
110	0	49	0	2	3	4.47458e-03	-6.01195e-01	1.69027e+01
110	0	50	0	2	3	4.51292e-03	-6.08905e-01	1.51834e+01
110	0	51	0	2	3	4.85594e-03	-6.26807e-01	1.61723e+01
110	0	52	0	2	3	3.48913e-03	-5.31517e-01	1.29590e+01
110	0	53	0	2	3	4.33549e-03	-5.86371e-01	1.53471e+01
110	0	54	0	2	3	4.34545e-03	-5.96304e-01	1.45591e+01
110	0	55	0	2	3	4.71543e-03	-6.19786e-01	1.70071e+01
110	0	56	0	2	3	3.89539e-03	-5.74505e-01	1.52125e+01
110	0	57	0	2	3	4.70984e-03	-6.16037e-01	1.65526e+01
110	0	58	0	2	3	3.88557e-03	-5.68451e-01	1.51880e+01
110	0	59	0	2	3	4.42019e-03	-6.13308e-01	1.69531e+01
110	0	60	0	2	3	3.69572e-03	-5.58845e-01	1.36342e+01
110	0	61	0	2	3	3.66259e-03	-5.41019e-01	1.49351e+01
110	0	62	0	2	3	4.63813e-03	-6.17221e-01	1.48121e+01
110	0	63	0	2	3	4.19957e-03	-5.83759e-01	1.46363e+01
110	0	64	0	2	3	4.13124e-03	-5.84987e-01	1.46301e+01
110	0	65	0	2	3	3.90739e-03	-5.65298e-01	1.53974e+01
110	0	66	0	2	3	4.57360e-03	-6.29164e-01	1.67122e+01
110	0	67	0	2	3	3.87649e-03	-5.65417e-01	1.55911e+01
110	0	68	0	2	3	3.74666e-03	-5.69750e-01	1.49958e+01
110	0	69	0	2	3	4.03113e-03	-5.71089e-01	1.50194e+01
110	0	70	0	2	3	4.74411e-03	-6.44901e-01	1.52882e+01
110	0	71	0	2	3	4.61921e-03	-6.20564e-01	1.63397e+01
110	0	72	0	2	3	3.74866e-03	-5.65897e-01	1.37293e+01
110	0	73	0	2	3	4.24524e-03	-5.93453e-01	1.52400e+01
110	0	74	0	2	3	4.69452e-03	-6.37206e-01	1.60352e+01
110	0	75	0	2	3	4.30155e-03	-5.91893e-01	1.54234e+01
110	0	76	0	2	3	3.66496e-03	-5.52311e-01	1.34969e+01
110	0	77	0	2	3	3.85316e-03	-5.61857e-01	1.52409e+01
110	0	78	0	2	3	4.54865e-03	-6.24617e-01	1.51110e+01
110	0	79	0	2	3	4.30778e-03	-5.93542e-01	1.54119e+01
110	0	80	0	2	3	4.18754e-03	-5.88715e-01	1.51720e+01
110	0	81	0	2	3	3.91317e-03	-5.57142e-01	1.47484e+01
110	0	82	0	2	3	4.46090e-03	-6.08082e-01	1.50757e+01
110	0	83	0	2	3	4.81001e-03	-6.32956e-01	1.60239e+01
110	0	84	0	2	3	3.65554e-03	-5.51098e-01	1.39896e+01
110	0	85	0	2	3	4.05682e-03	-5.74500e-01	1.54465e+01
110	0	86	0	2	3	4.62653e-03	-6.34520e-01	1.53293e+01
110	0	87	0	2	3	4.49303e-03	-6.17822e-01	1.65537e+01
110	0	88	0	2	3	3.75171e-03	-5.53477e-01	1.43534e+01
110	0	89	0	2	3	4.26698e-03	-5.93218e-01	1.53868e+01
110	0	90	0	2	3	4.08883e-03	-5.88743e-01	1.42432e+01
110	0	91	0	2	3	4.40762e-03	-6.11039e-01	1.53225e+01
110	0	92	0	2	3	3.95675e-03	-5.85908e-01	1.50340e+01
110	0	93	0	2	3	4.02054e-03	-5.73790e-01	1.47851e+01
110	0	94	0	2	3	4.15742e-03	-6.08445e-01	1.64335e+01
110	0	95	0	2	3	4.30398e-03	-6.01252e-01	1.59340e+01
110	0	96	0	2	3	4.17491e-03	-5.99061e-01	1.48516e+01
110	0	97	0	2	3	4.10738e-03	-5.80851e-01	1.56649e+01
110	0	98	0	2	3	4.12304e-03	-6.00050e-01	1.49184e+01
110	0	99	0	2	3	4.59377e-03	-6.13676e-01	1.58892e+01
110	0	100	0	2	3	3.71486e-03	-5.60234e-01	1.46729e+01
110	0	101	0	2	3	3.74280e-03	-5.54464e-01	1.50852e+01
110	0	102	0	2	3	4.69154e-03	-6.33292e-01	1.62118e+01
110	0	103	0	2	3	4.35318e-03	-6.04467e-01	1.56113e+01
110	0	104	0	2	3	4.05233e-03	-5.85392e-01	1.42412e+01
110	0	105	0	2	3	4.29758e-03	-5.93784e-01	1.52543e+01
110	0	106	0	2	3	4.63639e-03	-6.30334e-01	1.61583e+01
110	0	107	0	2	3	5.00105e-03	-6.39960e-01	1.54921e+01
110	0	108	0	2	3	3.91772e-03	-5.84035e-01	1.51860e+01
110	0	109	0	2	3	4.49783e-03	-6.10163e-01	1.54377e+01
110	0	110	0	2	3	3.83798e-03	-5.72791e-01	1.48809e+01
110	0	111	0	2	3	5.06102e-03	-6.58313e-01	1.64400e+01
110	0	112	0	2	3	3.97377e-03	-5.73275e-01	1.35799e+01
110	0	113	0	2	3	4.58019e-03	-6.11972e-01	1.53896e+01
110	0	114	0	2	3	4.89044e-03	-6.51311e-01	1.64418e+01
110	0	115	0	2	3	5.25058e-03	-6.60754e-01	1.62578e+01
110	0	116	0	2	3	3.91173e-03	-5.76959e-01	1.45952e+01
110	0	117	0	2	3	4.60885e-03	-6.18605e-01	1.65533e+01
110	0	118	0	2	3	4.81489e-03	-6.52361e-01	1.67215e+01
110	0	119	0	2	3	4.17311e-03	-5.86186e-01	1.41584e+01
110	0	120	0	2	3	3.88095e-03	-5.84854e-01	1.49572e+01
110	0	121	0	2	3	4.50760e-03	-6.06348e-01	1.39483e+01
110	0	122	0	2	3	5.01236e-03	-6.58052e-01	1.72583e+01
110	0	123	0	2	3	4.46289e-03	-6.07519e-01	1.56657e+01
110	0	124	0	2	3	2.74474e-03	-4.76546e-01	1.31630e+01
110	0	125	0	2	3	4.40390e-03	-5.92139e-01	1.30318e+01
110	0	126	0	2	3	4.35510e-03	-6.04406e-01	1.50845e+01
110	0	127	0	2	3	4.38912e-03	-6.02400e-01	1.53132e+01
110	0	128	0	2	3	3.91993e-03	-6.11020e-01	1.66107e+01
110	0	129	0	2	3	3.29259e-03	-5.55219e-01	1.52099e+01
110	0	130	0	2	3	1.78330e-03	-4.40516e-01	1.33195e+01
110	0	131	0	2	3	2.35942e-03	-4.64279e-01	1.33986e+01
110	0	132	0	2	3	2.21564e-03	-4.69445e-01	1.41822e+01
110	0	133	0	2	3	3.37461e-03	-5.29301e-01	1.44738e+01
110	0	134	0	2	3	3.00818e-03	-5.38986e-01	1.50383e+01
110	0	135	0	2	3	3.25183e-03	-5.39234e-01	1.42702e+01
110	0	136	0	2	3	2.79188e-03	-5.12390e-01	1.38577e+01
110	0	137	0	2	3	4.79409e-03	-6.58001e-01	1.75365e+01
110	0	138	0	2	3	2.87369e-03	-5.21501e-01	1.49607e+01
110	0	139	0	2	3	3.29877e-03	-5.41914e-01	1.38208e+01
110	0	140	0	2	3	3.31622e-03	-5.56154e-01	1.58882e+01
110	0	141	0	2	3	1.48579e-03	-4.24851e-01	1.22187e+01
110	0	142	0	2	3	1.77465e-03	-4.32694e-01	1.28499e+01
110	0	143	0	2	3	3.00118e-03	-5.15455e-01	1.39189e+01
110	0	144	0	2	3	5.31486e-03	-6.88330e-01	1.66153e+01
110	0	145	0	2	3	1.94686e-03	-4.40950e-01	1.21127e+01
110	0	146	0	2	3	5.07908e-03	-6.74796e-01	1.72336e+01
110	0	147	0	2	3	-9.23130e-03	3.99002e-01	-2.30069e+00
110	0	148	0	2	3	4.60551e-03	-6.49123e-01	1.64215e+01
110	0	149	0	2	3	3.66170e-03	-5.59002e-01	1.51007e+01
110	0	150	0	2	3	3.52285e-04	-3.29053e-01	1.11936e+01
110	0	151	0	2	3	5.07133e-03	-6.67329e-01	1.70504e+01
110	0	152	0	2	3	3.81689e-03	-5.77597e-01	1.59553e+01
110	0	153	0	2	3	4.41354e-03	-6.40960e-01	1.72258e+01
110	0	154	0	2	3	3.22771e-03	-5.42432e-01	1.44940e+01
110	0	155	0	2	3	8.02922e-03	-8.52890e-01	1.83067e+01
110	0	156	0	2	3	-1.75148e-02	1.01647e+00	-1.37847e+01
110	0	157	0	2	3	-2.52414e-04	-2.80784e-01	1.04343e+01
110	0	158	0	2	3	3.17993e-03	-5.41276e-01	1.46447e+01
110	0	159	0	2	3	2.69130e-03	-4.98770e-01	1.39573e+01
#######################################################################
# BFT D                                                               #
#######################################################################
110	1	0	0	2	3	1.35429e-03	-3.76515e-01	1.28995e+01
110	1	1	0	2	3	3.65303e-03	-5.54834e-01	1.58603e+01
110	1	2	0	2	3	4.19944e-03	-5.97062e-01	1.61597e+01
110	1	3	0	2	3	3.99479e-03	-5.81505e-01	1.68105e+01
110	1	4	0	2	3	3.43194e-03	-5.36970e-01	1.50179e+01
110	1	5	0	2	3	3.60606e-03	-5.56118e-01	1.64871e+01
110	1	6	0	2	3	3.89639e-03	-5.70524e-01	1.44287e+01
110	1	7	0	2	3	3.18442e-03	-5.13105e-01	1.49469e+01
110	1	8	0	2	3	3.96164e-03	-5.73256e-01	1.59016e+01
110	1	9	0	2	3	2.30243e-03	-4.63057e-01	1.57458e+01
110	1	10	0	2	3	3.85226e-03	-5.71781e-01	1.57730e+01
110	1	11	0	2	3	3.87187e-03	-5.67498e-01	1.58582e+01
110	1	12	0	2	3	4.42596e-03	-6.07754e-01	1.56056e+01
110	1	13	0	2	3	2.59220e-03	-4.74612e-01	1.49559e+01
110	1	14	0	2	3	3.88692e-03	-5.82282e-01	1.52038e+01
110	1	15	0	2	3	4.21314e-03	-5.90508e-01	1.68807e+01
110	1	16	0	2	3	4.22150e-03	-5.97339e-01	1.56308e+01
110	1	17	0	2	3	4.21982e-03	-5.90398e-01	1.61248e+01
110	1	18	0	2	3	4.19062e-03	-5.94673e-01	1.49694e+01
110	1	19	0	2	3	3.33731e-03	-5.27876e-01	1.53904e+01
110	1	20	0	2	3	4.11558e-03	-5.95738e-01	1.60078e+01
110	1	21	0	2	3	2.19235e-03	-4.51336e-01	1.51235e+01
110	1	22	0	2	3	3.88242e-03	-5.76051e-01	1.52882e+01
110	1	23	0	2	3	3.79527e-03	-5.54435e-01	1.59730e+01
110	1	24	0	2	3	3.75558e-03	-5.66547e-01	1.60157e+01
110	1	25	0	2	3	3.83973e-03	-5.68495e-01	1.65393e+01
110	1	26	0	2	3	4.58376e-03	-6.23025e-01	1.58186e+01
110	1	27	0	2	3	4.05038e-03	-5.79485e-01	1.73485e+01
110	1	28	0	2	3	3.60935e-03	-5.61382e-01	1.58739e+01
110	1	29	0	2	3	3.16454e-03	-5.16279e-01	1.57072e+01
110	1	30	0	2	3	4.15199e-03	-5.90584e-01	1.55234e+01
110	1	31	0	2	3	4.21371e-03	-6.04268e-01	1.75530e+01
110	1	32	0	2	3	3.49477e-03	-5.48606e-01	1.60951e+01
110	1	33	0	2	3	3.47681e-03	-5.44079e-01	1.51535e+01
110	1	34	0	2	3	4.03593e-03	-5.82841e-01	1.50239e+01
110	1	35	0	2	3	4.24909e-03	-6.04973e-01	1.74507e+01
110	1	36	0	2	3	4.04284e-03	-5.79944e-01	1.61355e+01
110	1	37	0	2	3	3.71454e-03	-5.52768e-01	1.44788e+01
110	1	38	0	2	3	4.29420e-03	-6.02748e-01	1.67737e+01
110	1	39	0	2	3	4.24442e-03	-5.88033e-01	1.60541e+01
110	1	40	0	2	3	3.86370e-03	-5.64837e-01	1.46954e+01
110	1	41	0	2	3	3.93649e-03	-5.67209e-01	1.61149e+01
110	1	42	0	2	3	3.71675e-03	-5.54263e-01	1.50554e+01
110	1	43	0	2	3	3.91233e-03	-5.69002e-01	1.69658e+01
110	1	44	0	2	3	3.77248e-03	-5.67686e-01	1.49635e+01
110	1	45	0	2	3	3.68488e-03	-5.52131e-01	1.61175e+01
110	1	46	0	2	3	4.08387e-03	-5.93055e-01	1.54332e+01
110	1	47	0	2	3	4.64482e-03	-6.39162e-01	1.86135e+01
110	1	48	0	2	3	4.12123e-03	-5.85944e-01	1.58930e+01
110	1	49	0	2	3	3.77814e-03	-5.55837e-01	1.64056e+01
110	1	50	0	2	3	4.40298e-03	-6.09687e-01	1.53108e+01
110	1	51	0	2	3	4.07101e-03	-5.83234e-01	1.66378e+01
110	1	52	0	2	3	4.11345e-03	-5.97240e-01	1.54030e+01
110	1	53	0	2	3	3.55454e-03	-5.41834e-01	1.61139e+01
110	1	54	0	2	3	4.44347e-03	-6.20450e-01	1.67683e+01
110	1	55	0	2	3	4.01635e-03	-5.77498e-01	1.65998e+01
110	1	56	0	2	3	4.07127e-03	-5.99546e-01	1.55605e+01
110	1	57	0	2	3	3.92104e-03	-5.74233e-01	1.63172e+01
110	1	58	0	2	3	4.35934e-03	-6.23586e-01	1.79167e+01
110	1	59	0	2	3	4.35706e-03	-6.15517e-01	1.83642e+01
110	1	60	0	2	3	3.74194e-03	-5.67604e-01	1.56644e+01
110	1	61	0	2	3	3.93692e-03	-5.62957e-01	1.55951e+01
110	1	62	0	2	3	3.99409e-03	-5.81027e-01	1.48147e+01
110	1	63	0	2	3	4.01829e-03	-5.82443e-01	1.67818e+01
110	1	64	0	2	3	3.90951e-03	-5.80682e-01	1.62608e+01
110	1	65	0	2	3	4.21570e-03	-5.95112e-01	1.62914e+01
110	1	66	0	2	3	4.74833e-03	-6.46235e-01	1.61277e+01
110	1	67	0	2	3	4.40983e-03	-6.11275e-01	1.56783e+01
110	1	68	0	2	3	3.40730e-03	-5.34722e-01	1.38125e+01
110	1	69	0	2	3	4.12666e-03	-5.88229e-01	1.62260e+01
110	1	70	0	2	3	4.23586e-03	-6.00200e-01	1.63234e+01
110	1	71	0	2	3	4.13659e-03	-5.98032e-01	1.66886e+01
110	1	72	0	2	3	3.57800e-03	-5.51279e-01	1.49953e+01
110	1	73	0	2	3	3.94056e-03	-5.82045e-01	1.69002e+01
110	1	74	0	2	3	4.07426e-03	-5.87846e-01	1.48124e+01
110	1	75	0	2	3	4.56455e-03	-6.25909e-01	1.65675e+01
110	1	76	0	2	3	3.81147e-03	-5.67017e-01	1.50840e+01
110	1	77	0	2	3	3.86502e-03	-5.77063e-01	1.57601e+01
110	1	78	0	2	3	4.22992e-03	-6.01546e-01	1.50505e+01
110	1	79	0	2	3	4.49232e-03	-6.16059e-01	1.62697e+01
110	1	80	0	2	3	3.76476e-03	-5.62279e-01	1.48834e+01
110	1	81	0	2	3	3.96838e-03	-5.75017e-01	1.48345e+01
110	1	82	0	2	3	4.38242e-03	-6.07897e-01	1.65627e+01
110	1	83	0	2	3	4.37890e-03	-5.96616e-01	1.54721e+01
110	1	84	0	2	3	3.64269e-03	-5.44891e-01	1.40075e+01
110	1	85	0	2	3	4.02407e-03	-5.78240e-01	1.51536e+01
110	1	86	0	2	3	3.99861e-03	-5.84686e-01	1.59889e+01
110	1	87	0	2	3	4.27513e-03	-5.91948e-01	1.41331e+01
110	1	88	0	2	3	3.73037e-03	-5.62770e-01	1.53238e+01
110	1	89	0	2	3	3.76596e-03	-5.67429e-01	1.47081e+01
110	1	90	0	2	3	4.15859e-03	-5.95706e-01	1.50665e+01
110	1	91	0	2	3	4.04343e-03	-5.79239e-01	1.56880e+01
110	1	92	0	2	3	3.78090e-03	-5.60490e-01	1.48312e+01
110	1	93	0	2	3	4.15165e-03	-5.88607e-01	1.55309e+01
110	1	94	0	2	3	4.05514e-03	-5.91434e-01	1.62009e+01
110	1	95	0	2	3	4.20370e-03	-5.99020e-01	1.54601e+01
110	1	96	0	2	3	3.84464e-03	-5.65617e-01	1.45876e+01
110	1	97	0	2	3	4.12960e-03	-5.86052e-01	1.58889e+01
110	1	98	0	2	3	4.27578e-03	-6.21095e-01	1.70625e+01
110	1	99	0	2	3	4.20580e-03	-5.94176e-01	1.54056e+01
110	1	100	0	2	3	3.57323e-03	-5.40522e-01	1.46904e+01
110	1	101	0	2	3	3.81670e-03	-5.63988e-01	1.53911e+01
110	1	102	0	2	3	4.32694e-03	-6.12255e-01	1.59583e+01
110	1	103	0	2	3	4.62897e-03	-6.26578e-01	1.59206e+01
110	1	104	0	2	3	4.11319e-03	-5.87496e-01	1.54867e+01
110	1	105	0	2	3	4.26853e-03	-5.96368e-01	1.57157e+01
110	1	106	0	2	3	4.44670e-03	-6.20013e-01	1.69019e+01
110	1	107	0	2	3	5.00301e-03	-6.49305e-01	1.63952e+01
110	1	108	0	2	3	3.57133e-03	-5.49535e-01	1.55620e+01
110	1	109	0	2	3	3.40141e-03	-5.38403e-01	1.52788e+01
110	1	110	0	2	3	4.43091e-03	-6.20421e-01	1.61585e+01
110	1	111	0	2	3	4.67290e-03	-6.39425e-01	1.76580e+01
110	1	112	0	2	3	4.19119e-03	-5.95562e-01	1.54787e+01
110	1	113	0	2	3	4.15920e-03	-5.93062e-01	1.58005e+01
110	1	114	0	2	3	4.16792e-03	-6.02698e-01	1.54852e+01
110	1	115	0	2	3	4.85674e-03	-6.40222e-01	1.62670e+01
110	1	116	0	2	3	4.11315e-03	-5.93211e-01	1.56477e+01
110	1	117	0	2	3	4.19844e-03	-5.93506e-01	1.57040e+01
110	1	118	0	2	3	4.32760e-03	-6.09478e-01	1.50453e+01
110	1	119	0	2	3	5.00967e-03	-6.48007e-01	1.67238e+01
110	1	120	0	2	3	3.97323e-03	-5.85124e-01	1.52569e+01
110	1	121	0	2	3	4.84750e-03	-6.35214e-01	1.61307e+01
110	1	122	0	2	3	4.62607e-03	-6.36372e-01	1.75185e+01
110	1	123	0	2	3	4.84443e-03	-6.57389e-01	1.84054e+01
110	1	124	0	2	3	4.81164e-03	-6.30076e-01	1.54757e+01
110	1	125	0	2	3	3.83157e-03	-5.73655e-01	1.55442e+01
110	1	126	0	2	3	3.96115e-03	-5.74763e-01	1.52291e+01
110	1	127	0	2	3	5.02440e-03	-6.49405e-01	1.65371e+01
110	1	128	0	2	3	3.92703e-03	-6.03724e-01	1.66300e+01
110	1	129	0	2	3	5.15358e-03	-6.83449e-01	1.78001e+01
110	1	130	0	2	3	3.15482e-03	-5.41219e-01	1.44857e+01
110	1	131	0	2	3	2.44761e-03	-4.74980e-01	1.36017e+01
110	1	132	0	2	3	3.79310e-03	-5.88661e-01	1.64639e+01
110	1	133	0	2	3	4.67374e-03	-6.30026e-01	1.60092e+01
110	1	134	0	2	3	4.96710e-03	-6.65685e-01	1.75508e+01
110	1	135	0	2	3	4.76442e-03	-6.44320e-01	1.68206e+01
110	1	136	0	2	3	3.54181e-03	-5.71564e-01	1.63902e+01
110	1	137	0	2	3	3.50641e-03	-5.56201e-01	1.53279e+01
110	1	138	0	2	3	3.61416e-03	-5.55427e-01	1.48762e+01
110	1	139	0	2	3	5.03062e-03	-6.56861e-01	1.70921e+01
110	1	140	0	2	3	5.59196e-03	-7.07358e-01	1.76196e+01
110	1	141	0	2	3	5.34585e-03	-6.82847e-01	1.69078e+01
110	1	142	0	2	3	3.61479e-03	-5.70398e-01	1.50866e+01
110	1	143	0	2	3	5.47192e-03	-6.95870e-01	1.80991e+01
110	1	144	0	2	3	-6.86455e-03	2.06482e-01	2.26504e+00
110	1	145	0	2	3	3.93370e-03	-5.75471e-01	1.52487e+01
110	1	146	0	2	3	5.79042e-03	-7.30072e-01	1.82355e+01
110	1	147	0	2	3	3.57613e-03	-5.46698e-01	1.39904e+01
110	1	148	0	2	3	3.97709e-03	-5.96726e-01	1.53051e+01
110	1	149	0	2	3	-5.95030e-03	1.45629e-01	2.90081e+00
110	1	150	0	2	3	1.24606e-03	-3.93059e-01	1.26379e+01
110	1	151	0	2	3	2.78128e-03	-4.90138e-01	1.35700e+01
110	1	152	0	2	3	-6.78431e-03	2.09192e-01	2.11482e+00
110	1	153	0	2	3	4.41236e-03	-6.17095e-01	1.69868e+01
110	1	154	0	2	3	7.28014e-04	-3.80306e-01	1.27718e+01
110	1	155	0	2	3	6.64284e-03	-7.70343e-01	1.74356e+01
110	1	156	0	2	3	5.20800e-03	-6.78982e-01	1.74419e+01
110	1	157	0	2	3	4.73087e-03	-6.54243e-01	1.79219e+01
110	1	158	0	2	3	7.61655e-03	-8.43825e-01	2.07174e+01
110	1	159	0	2	3	-6.25503e-04	-2.68373e-01	1.13472e+01
