##
#  file: HodoPHCParam_Dummy
#  date: 2016.06.15
#  note: first version
#
#
#######################################################################
# CId	PlId	Seg	UorD	Type	nParam	p0	p1	...
#
#	Type=0 no correction will be performed
#	Type=1 ct=t-p[0]/sqrt(a-p[1])+p[2]
#	Type=2 ct=p[0]*a*a + p[1]*a + p[2] for Fiber
#
#######################################################################
# BH1 Up                                                              #
#######################################################################
1	0	0	0	1	3	9.72882e+01	-2.42381e+01	1.93388e+01
1	0	1	0	1	3	8.39811e-01	2.30870e-01	9.07677e-01
1	0	2	0	1	3	7.96271e-01	2.02772e-01	8.76313e-01
1	0	3	0	1	3	1.24269e+00	-1.47574e-01	1.19840e+00
1	0	4	0	1	3	1.09931e+00	-7.72769e-02	1.08260e+00
1	0	5	0	1	3	1.05845e+00	1.40683e-01	1.18835e+00
1	0	6	0	1	3	1.24845e+00	-7.32092e-02	1.22011e+00
1	0	7	0	1	3	1.38494e+00	-1.69323e-01	1.29113e+00
1	0	8	0	1	3	1.12943e+00	-1.85789e-01	1.05048e+00
1	0	9	0	1	3	1.39270e+00	-1.82072e-01	1.30041e+00
1	0	10	0	1	3	1.71493e+02	-3.15885e+01	3.00372e+01
#######################################################################
# BH1 Down                                                            #
#######################################################################
1	0	0	1	1	3	1.69589e+00	-2.63702e-01	1.46458e+00
1	0	1	1	1	3	6.65147e-01	3.06785e-01	7.74182e-01
1	0	2	1	1	3	1.69164e+00	-4.50471e-01	1.36238e+00
1	0	3	1	1	3	7.14482e+01	-2.23619e+01	1.47724e+01
1	0	4	1	1	3	1.42431e+00	-1.84323e-01	1.31423e+00
1	0	5	1	1	3	1.48351e+00	-1.17877e-01	1.40777e+00
1	0	6	1	1	3	1.64799e+00	-3.01989e-01	1.48452e+00
1	0	7	1	1	3	1.48685e+00	-1.75507e-01	1.38619e+00
1	0	8	1	1	3	5.71792e-01	2.68423e-01	6.99614e-01
1	0	9	1	1	3	1.07020e+00	4.47097e-02	1.11772e+00
1	0	10	1	1	3	5.19525e-01	3.65790e-01	6.45791e-01
#######################################################################
# BH2 Up                                                              #
#######################################################################
2	0	0	0	1	3	-8.16181e-01	-1.11914e-01	-8.22630e-01
2	0	1	0	1	3	-1.10895e+00	-2.61534e-01	-1.02899e+00
2	0	2	0	1	3	-5.60830e+02	-9.10919e+01	-5.84798e+01
2	0	3	0	1	3	-6.87525e+02	-9.61057e+01	-6.97759e+01
2	0	4	0	1	3	-8.15085e+01	-2.36886e+01	-1.64914e+01
2	0	5	0	1	3	-6.44132e+01	-1.96891e+01	-1.41607e+01
2	0	6	0	1	3	-4.15506e+02	-6.68090e+01	-5.03673e+01
2	0	7	0	1	3	-1.17421e+00	-4.40598e-01	-9.20954e-01
#######################################################################
# BH2 Down                                                            #
#######################################################################
2	0	0	1	1	3	-8.16181e-01	-1.11914e-01	-8.22630e-01
2	0	1	1	1	3	-1.10895e+00	-2.61534e-01	-1.02899e+00
2	0	2	1	1	3	-5.60830e+02	-9.10919e+01	-5.84798e+01
2	0	3	1	1	3	-6.87525e+02	-9.61057e+01	-6.97759e+01
2	0	4	1	1	3	-8.15085e+01	-2.36886e+01	-1.64914e+01
2	0	5	1	1	3	-6.44132e+01	-1.96891e+01	-1.41607e+01
2	0	6	1	1	3	-4.15506e+02	-6.68090e+01	-5.03673e+01
2	0	7	1	1	3	-1.17421e+00	-4.40598e-01	-9.20954e-01
#######################################################################
# BAC                                                                 #
#######################################################################
3	0	0	0	1	3	0.00000e+00	0.00000e+00	0.00000e+00
3	0	1	0	1	3	0.00000e+00	0.00000e+00	0.00000e+00
#######################################################################
# FBH Up                                                              #
#######################################################################
4	0	0	0	2	3	-5.62952e-03	8.96903e-01	-3.53273e+01
4	0	1	0	2	3	-4.29399e-03	7.37975e-01	-3.00049e+01
4	0	2	0	2	3	-5.26894e-03	8.67305e-01	-3.38992e+01
4	0	3	0	2	3	-3.80183e-03	6.69237e-01	-2.72260e+01
4	0	4	0	2	3	-4.35014e-03	7.35785e-01	-2.92008e+01
4	0	5	0	2	3	-4.02541e-03	6.86907e-01	-2.70312e+01
4	0	6	0	2	3	-4.16660e-03	7.08229e-01	-2.81512e+01
4	0	7	0	2	3	-3.93117e-03	6.84759e-01	-2.69101e+01
4	0	8	0	2	3	-4.14423e-03	6.96902e-01	-2.65883e+01
4	0	9	0	2	3	-2.83372e-03	5.62925e-01	-2.20787e+01
4	0	10	0	2	3	-4.07944e-03	7.09420e-01	-2.75603e+01
4	0	11	0	2	3	-3.50961e-03	6.50113e-01	-2.64167e+01
4	0	12	0	2	3	-3.52415e-03	6.49734e-01	-2.67232e+01
4	0	13	0	2	3	-4.13420e-03	7.26957e-01	-2.99675e+01
4	0	14	0	2	3	-4.90315e-03	8.27563e-01	-3.35630e+01
4	0	15	0	2	3	-4.73048e-03	8.13189e-01	-3.31901e+01
#######################################################################
# FBH Down                                                            #
#######################################################################
4	0	0	1	2	3	-5.62952e-03	8.96903e-01	-3.53273e+01
4	0	1	1	2	3	-4.29399e-03	7.37975e-01	-3.00049e+01
4	0	2	1	2	3	-5.26894e-03	8.67305e-01	-3.38992e+01
4	0	3	1	2	3	-3.80183e-03	6.69237e-01	-2.72260e+01
4	0	4	1	2	3	-4.35014e-03	7.35785e-01	-2.92008e+01
4	0	5	1	2	3	-4.02541e-03	6.86907e-01	-2.70312e+01
4	0	6	1	2	3	-4.16660e-03	7.08229e-01	-2.81512e+01
4	0	7	1	2	3	-3.93117e-03	6.84759e-01	-2.69101e+01
4	0	8	1	2	3	-4.14423e-03	6.96902e-01	-2.65883e+01
4	0	9	1	2	3	-2.83372e-03	5.62925e-01	-2.20787e+01
4	0	10	1	2	3	-4.07944e-03	7.09420e-01	-2.75603e+01
4	0	11	1	2	3	-3.50961e-03	6.50113e-01	-2.64167e+01
4	0	12	1	2	3	-3.52415e-03	6.49734e-01	-2.67232e+01
4	0	13	1	2	3	-4.13420e-03	7.26957e-01	-2.99675e+01
4	0	14	1	2	3	-4.90315e-03	8.27563e-01	-3.35630e+01
4	0	15	1	2	3	-4.73048e-03	8.13189e-01	-3.31901e+01
#######################################################################
# PVAC                                                                #
#######################################################################
5	0	0	0	1	3	0.00000e+00	0.00000e+00	0.00000e+00
#######################################################################
# FAC                                                                 #
#######################################################################
6	0	0	0	1	3	0.00000e+00	0.00000e+00	0.00000e+00
#######################################################################
# SCH                                                                 #
#######################################################################
#7	0	0	0	2	3	-0.00500000	0.821213	-32.185321
#7	0	1	0	2	3	-0.00500000	0.830248	-32.269563
#7	0	2	0	2	3	-0.00500000	0.793073	-29.315934
#7	0	3	0	2	3	-0.00500000	0.772144	-28.276705
#7	0	4	0	2	3	-0.00500000	0.801968	-30.687167
#7	0	5	0	2	3	-0.00500000	0.778300	-28.439251
#7	0	6	0	2	3	-0.00500000	0.765872	-27.918181
#7	0	7	0	2	3	-0.00500000	0.738459	-26.016797
#7	0	8	0	2	3	-0.00500000	0.778318	-28.676371
#7	0	9	0	2	3	-0.00500000	0.776670	-28.892887
#7	0	10	0	2	3	-0.00500000	0.764278	-28.122474
#7	0	11	0	2	3	-0.00500000	0.790742	-29.423647
#7	0	12	0	2	3	-0.00500000	0.811330	-30.487019
#7	0	13	0	2	3	-0.00500000	0.818750	-30.891512
#7	0	14	0	2	3	-0.00500000	0.802541	-30.009136
#7	0	15	0	2	3	-0.00500000	0.809525	-30.751746
#7	0	16	0	2	3	-0.00500000	0.802597	-30.845509
#7	0	17	0	2	3	-0.00500000	0.835028	-32.780792
#7	0	18	0	2	3	-0.00500000	0.859176	-33.938731
#7	0	19	0	2	3	-0.00500000	0.814851	-31.445396
#7	0	20	0	2	3	-0.00500000	0.809426	-30.781087
#7	0	21	0	2	3	-0.00500000	0.780678	-28.888756
#7	0	22	0	2	3	-0.00500000	0.808206	-30.719604
#7	0	23	0	2	3	-0.00500000	0.774024	-27.858339
#7	0	24	0	2	3	-0.00500000	0.794308	-29.022101
#7	0	25	0	2	3	-0.00500000	0.775649	-27.980186
#7	0	26	0	2	3	-0.00500000	0.788483	-28.687567
#7	0	27	0	2	3	-0.00466315	0.771386	-29.253260
#7	0	28	0	2	3	-0.00483132	0.790854	-28.637741
#7	0	29	0	2	3	-0.00497049	0.812994	-30.786914
#7	0	30	0	2	3	-0.00500000	0.787793	-28.362716
#7	0	31	0	2	3	-0.00500000	0.790759	-28.876812
#7	0	32	0	2	3	-0.00500000	0.824826	-31.655285
#7	0	33	0	2	3	-0.00500000	0.845304	-33.407765
#7	0	34	0	2	3	-0.00500000	0.832263	-32.939799
#7	0	35	0	2	3	-0.00500000	0.820631	-31.695372
#7	0	36	0	2	3	-0.00500000	0.836997	-33.200590
#7	0	37	0	2	3	-0.00500000	0.819690	-32.097193
#7	0	38	0	2	3	-0.00500000	0.808109	-31.263214
#7	0	39	0	2	3	-0.00500000	0.815224	-31.135523
#7	0	40	0	2	3	-0.00500000	0.803398	-29.897923
#7	0	41	0	2	3	-0.00500000	0.815685	-31.165519
#7	0	42	0	2	3	-0.00500000	0.812980	-30.737261
#7	0	43	0	2	3	-0.00500000	0.829418	-32.693307
#7	0	44	0	2	3	-0.00500000	0.789530	-29.464920
#7	0	45	0	2	3	-0.00500000	0.804789	-31.208151
#7	0	46	0	2	3	-0.00500000	0.830106	-32.806514
#7	0	47	0	2	3	-0.00500000	0.819206	-31.373242
#7	0	48	0	2	3	-0.00500000	0.816165	-31.709319
#7	0	49	0	2	3	-0.00500000	0.798496	-30.201709
#7	0	50	0	2	3	-0.00500000	0.812167	-31.795745
#7	0	51	0	2	3	-0.00500000	0.810749	-31.375226
#7	0	52	0	2	3	-0.00500000	0.803385	-31.372512
#7	0	53	0	2	3	-0.00500000	0.777405	-29.262831
#7	0	54	0	2	3	-0.00500000	0.783954	-29.763410
#7	0	55	0	2	3	-0.00500000	0.789443	-29.976449
#7	0	56	0	2	3	-0.00500000	0.838828	-33.261086
#7	0	57	0	2	3	-0.00500000	0.804421	-30.573195
#7	0	58	0	2	3	-0.00500000	0.773283	-29.111048
#7	0	59	0	2	3	-0.00500000	0.811789	-31.449459
#7	0	60	0	2	3	-0.00500000	0.759724	-28.110014
#7	0	61	0	2	3	-0.00500000	0.810884	-31.379063
#7	0	62	0	2	3	-0.00500000	0.771910	-28.435006
#7	0	63	0	2	3	-0.00500000	0.796658	-30.511906
#######################################################################
# TOF Up                                                              #
#######################################################################
7	0	0	0	1	3	5.24830e+00	-1.96630e+00	2.96170e+00
7	0	1	0	1	3	5.24830e+00	-1.96630e+00	2.96170e+00
7	0	2	0	1	3	5.24830e+00	-1.96630e+00	2.96170e+00
7	0	3	0	1	3	5.24830e+00	-1.96630e+00	2.96170e+00
7	0	4	0	1	3	5.24830e+00	-1.96630e+00	2.96170e+00
7	0	5	0	1	3	5.24830e+00	-1.96630e+00	2.96170e+00
7	0	6	0	1	3	6.97090e+00	-3.03520e+00	3.39910e+00
7	0	7	0	1	3	4.05450e+00	-1.96150e+00	2.30360e+00
7	0	8	0	1	3	1.16940e+02	-2.98600e+01	2.09880e+01
7	0	9	0	1	3	5.24830e+00	-1.96630e+00	2.96170e+00
7	0	10	0	1	3	5.24830e+00	-1.96630e+00	2.96170e+00
7	0	11	0	1	3	5.24830e+00	-1.96630e+00	2.96170e+00
7	0	12	0	1	3	5.24830e+00	-1.96630e+00	2.96170e+00
7	0	13	0	1	3	5.24830e+00	-1.96630e+00	2.96170e+00
7	0	14	0	1	3	5.24830e+00	-1.96630e+00	2.96170e+00
7	0	15	0	1	3	5.24830e+00	-1.96630e+00	2.96170e+00
7	0	16	0	1	3	5.24830e+00	-1.96630e+00	2.96170e+00
7	0	17	0	1	3	5.24830e+00	-1.96630e+00	2.96170e+00
7	0	18	0	1	3	5.24830e+00	-1.96630e+00	2.96170e+00
7	0	19	0	1	3	7.11491e-01	1.85180e-03	5.82402e-01
7	0	20	0	1	3	5.59404e-01	-1.73810e-03	4.50716e-01
7	0	21	0	1	3	8.92499e-01	1.99900e-03	7.37364e-01
7	0	22	0	1	3	6.37553e-01	1.99960e-03	5.45449e-01
7	0	23	0	1	3	1.19210e+00	1.98920e-03	9.99994e-01
#######################################################################
# TOF Down                                                            #
#######################################################################
7	0	0	1	1	3	5.84300e+00	-2.30730e+00	3.11320e+00
7	0	1	1	1	3	5.84300e+00	-2.30730e+00	3.11320e+00
7	0	2	1	1	3	5.84300e+00	-2.30730e+00	3.11320e+00
7	0	3	1	1	3	5.84300e+00	-2.30730e+00	3.11320e+00
7	0	4	1	1	3	5.84300e+00	-2.30730e+00	3.11320e+00
7	0	5	1	1	3	5.84300e+00	-2.30730e+00	3.11320e+00
7	0	6	1	1	3	1.41330e+01	-5.81170e+00	5.32680e+00
7	0	7	1	1	3	7.84850e+01	-2.02870e+01	1.69500e+01
7	0	8	1	1	3	2.20240e+02	-3.62440e+01	3.60080e+01
7	0	9	1	1	3	5.84300e+00	-2.30730e+00	3.11320e+00
7	0	10	1	1	3	5.84300e+00	-2.30730e+00	3.11320e+00
7	0	11	1	1	3	5.84300e+00	-2.30730e+00	3.11320e+00
7	0	12	1	1	3	5.84300e+00	-2.30730e+00	3.11320e+00
7	0	13	1	1	3	5.84300e+00	-2.30730e+00	3.11320e+00
7	0	14	1	1	3	5.84300e+00	-2.30730e+00	3.11320e+00
7	0	15	1	1	3	5.84300e+00	-2.30730e+00	3.11320e+00
7	0	16	1	1	3	5.84300e+00	-2.30730e+00	3.11320e+00
7	0	17	1	1	3	5.84300e+00	-2.30730e+00	3.11320e+00
7	0	18	1	1	3	5.84300e+00	-2.30730e+00	3.11320e+00
7	0	19	1	1	3	6.18741e-01	1.99860e-03	4.90831e-01
7	0	20	1	1	3	5.75901e-01	1.04210e-03	4.72509e-01
7	0	21	1	1	3	9.41046e-01	1.99890e-03	7.79357e-01
7	0	22	1	1	3	4.84266e-01	-1.95590e-03	3.99786e-01
7	0	23	1	1	3	8.97714e-01	1.99860e-03	7.56300e-01
#######################################################################
# BFT U                                                               #
#######################################################################
110	0	0	0	2	3	-1.42066e-02	7.96230e-01	-7.98698e+00
110	0	1	0	2	3	-1.01451e-02	6.25769e-01	-7.01314e+00
110	0	2	0	2	3	1.77183e-03	-4.38283e-01	1.50476e+01
110	0	3	0	2	3	8.23697e-03	-8.94644e-01	2.19897e+01
110	0	4	0	2	3	-8.50298e-03	3.38210e-01	2.61212e-01
110	0	5	0	2	3	1.70229e-03	-3.94343e-01	1.37364e+01
110	0	6	0	2	3	4.39634e-03	-6.13953e-01	1.69920e+01
110	0	7	0	2	3	-3.69388e-03	-1.16375e-02	6.82414e+00
110	0	8	0	2	3	3.15046e-03	-5.16552e-01	1.53489e+01
110	0	9	0	2	3	2.65561e-03	-4.68615e-01	1.48395e+01
110	0	10	0	2	3	5.04359e-03	-6.43653e-01	1.75977e+01
110	0	11	0	2	3	2.69742e-03	-4.74668e-01	1.50386e+01
110	0	12	0	2	3	2.90285e-03	-4.99023e-01	1.45983e+01
110	0	13	0	2	3	-4.51161e-03	7.49215e-02	4.51540e+00
110	0	14	0	2	3	4.99598e-03	-6.40365e-01	1.66875e+01
110	0	15	0	2	3	-6.52578e-03	2.12480e-01	2.24567e+00
110	0	16	0	2	3	4.22156e-03	-5.81265e-01	1.55273e+01
110	0	17	0	2	3	2.15039e-03	-4.30491e-01	1.35674e+01
110	0	18	0	2	3	3.91300e-03	-5.70721e-01	1.54292e+01
110	0	19	0	2	3	5.55978e-03	-6.81869e-01	1.70831e+01
110	0	20	0	2	3	3.76895e-03	-5.47114e-01	1.53286e+01
110	0	21	0	2	3	1.30468e-03	-3.58590e-01	1.33529e+01
110	0	22	0	2	3	4.35171e-03	-6.00840e-01	1.63314e+01
110	0	23	0	2	3	5.31913e-03	-6.65093e-01	1.79505e+01
110	0	24	0	2	3	4.68504e-03	-6.17978e-01	1.70255e+01
110	0	25	0	2	3	4.56554e-03	-6.02902e-01	1.72139e+01
110	0	26	0	2	3	3.12353e-03	-5.23622e-01	1.62736e+01
110	0	27	0	2	3	3.52098e-03	-5.21911e-01	1.50273e+01
110	0	28	0	2	3	3.49826e-03	-5.36269e-01	1.47520e+01
110	0	29	0	2	3	4.01992e-03	-5.64229e-01	1.65273e+01
110	0	30	0	2	3	3.74855e-03	-5.54892e-01	1.63730e+01
110	0	31	0	2	3	2.73899e-03	-4.76515e-01	1.45000e+01
110	0	32	0	2	3	4.32066e-03	-6.00617e-01	1.65542e+01
110	0	33	0	2	3	3.75066e-03	-5.34580e-01	1.37929e+01
110	0	34	0	2	3	4.40406e-03	-6.04784e-01	1.73715e+01
110	0	35	0	2	3	4.10760e-03	-5.85879e-01	1.65680e+01
110	0	36	0	2	3	3.46684e-03	-5.27713e-01	1.47998e+01
110	0	37	0	2	3	4.06353e-03	-5.80839e-01	1.73891e+01
110	0	38	0	2	3	4.32943e-03	-5.92008e-01	1.64725e+01
110	0	39	0	2	3	4.35106e-03	-5.92600e-01	1.72072e+01
110	0	40	0	2	3	3.97560e-03	-5.61246e-01	1.52387e+01
110	0	41	0	2	3	4.59536e-03	-6.06558e-01	1.74742e+01
110	0	42	0	2	3	4.22797e-03	-5.83850e-01	1.62749e+01
110	0	43	0	2	3	4.16324e-03	-5.90194e-01	1.70069e+01
110	0	44	0	2	3	3.90048e-03	-5.67107e-01	1.56426e+01
110	0	45	0	2	3	4.22581e-03	-5.78511e-01	1.65231e+01
110	0	46	0	2	3	4.57285e-03	-6.25528e-01	1.69590e+01
110	0	47	0	2	3	4.77743e-03	-6.36668e-01	1.89226e+01
110	0	48	0	2	3	3.72695e-03	-5.47353e-01	1.51904e+01
110	0	49	0	2	3	4.05180e-03	-5.71254e-01	1.69622e+01
110	0	50	0	2	3	4.08947e-03	-5.79016e-01	1.62387e+01
110	0	51	0	2	3	4.51242e-03	-6.07939e-01	1.75498e+01
110	0	52	0	2	3	3.62596e-03	-5.40745e-01	1.46703e+01
110	0	53	0	2	3	4.29076e-03	-5.85745e-01	1.59811e+01
110	0	54	0	2	3	4.02380e-03	-5.75968e-01	1.58222e+01
110	0	55	0	2	3	5.15036e-03	-6.47596e-01	1.80559e+01
110	0	56	0	2	3	4.12118e-03	-5.91534e-01	1.70877e+01
110	0	57	0	2	3	4.45868e-03	-5.99904e-01	1.68975e+01
110	0	58	0	2	3	4.12463e-03	-5.87710e-01	1.71635e+01
110	0	59	0	2	3	4.18436e-03	-5.98876e-01	1.74043e+01
110	0	60	0	2	3	3.72955e-03	-5.57794e-01	1.51526e+01
110	0	61	0	2	3	3.38387e-03	-5.24393e-01	1.53316e+01
110	0	62	0	2	3	5.01427e-03	-6.47903e-01	1.70408e+01
110	0	63	0	2	3	4.65643e-03	-6.19829e-01	1.69898e+01
110	0	64	0	2	3	3.74345e-03	-5.59491e-01	1.58404e+01
110	0	65	0	2	3	3.81718e-03	-5.64670e-01	1.61655e+01
110	0	66	0	2	3	4.56606e-03	-6.30992e-01	1.74313e+01
110	0	67	0	2	3	3.60905e-03	-5.47524e-01	1.59705e+01
110	0	68	0	2	3	3.53254e-03	-5.56496e-01	1.64532e+01
110	0	69	0	2	3	3.19878e-03	-5.12667e-01	1.56822e+01
110	0	70	0	2	3	4.72937e-03	-6.47485e-01	1.80589e+01
110	0	71	0	2	3	4.35209e-03	-6.01582e-01	1.66860e+01
110	0	72	0	2	3	3.85977e-03	-5.76361e-01	1.66099e+01
110	0	73	0	2	3	4.15981e-03	-5.92470e-01	1.70341e+01
110	0	74	0	2	3	4.24477e-03	-6.08540e-01	1.72757e+01
110	0	75	0	2	3	4.49473e-03	-6.06343e-01	1.64143e+01
110	0	76	0	2	3	3.84867e-03	-5.63539e-01	1.53560e+01
110	0	77	0	2	3	3.70184e-03	-5.50245e-01	1.57342e+01
110	0	78	0	2	3	4.29392e-03	-6.08907e-01	1.65917e+01
110	0	79	0	2	3	4.24436e-03	-5.92705e-01	1.61866e+01
110	0	80	0	2	3	3.99931e-03	-5.78436e-01	1.67622e+01
110	0	81	0	2	3	4.11586e-03	-5.72912e-01	1.58051e+01
110	0	82	0	2	3	4.41252e-03	-6.06885e-01	1.68249e+01
110	0	83	0	2	3	4.42013e-03	-6.07021e-01	1.73697e+01
110	0	84	0	2	3	3.71258e-03	-5.61700e-01	1.60569e+01
110	0	85	0	2	3	4.11769e-03	-5.78753e-01	1.62857e+01
110	0	86	0	2	3	4.57005e-03	-6.31838e-01	1.70739e+01
110	0	87	0	2	3	4.30249e-03	-6.04467e-01	1.81241e+01
110	0	88	0	2	3	3.98180e-03	-5.72050e-01	1.64812e+01
110	0	89	0	2	3	3.76255e-03	-5.61947e-01	1.57251e+01
110	0	90	0	2	3	4.17439e-03	-5.93462e-01	1.60792e+01
110	0	91	0	2	3	4.64590e-03	-6.30768e-01	1.75410e+01
110	0	92	0	2	3	4.00658e-03	-5.87588e-01	1.68320e+01
110	0	93	0	2	3	4.25354e-03	-5.88411e-01	1.68141e+01
110	0	94	0	2	3	4.10792e-03	-6.06785e-01	1.82522e+01
110	0	95	0	2	3	4.30051e-03	-6.03165e-01	1.68770e+01
110	0	96	0	2	3	4.04786e-03	-5.89742e-01	1.65190e+01
110	0	97	0	2	3	3.42522e-03	-5.36285e-01	1.58267e+01
110	0	98	0	2	3	4.16811e-03	-6.04545e-01	1.68383e+01
110	0	99	0	2	3	4.52352e-03	-6.09364e-01	1.66857e+01
110	0	100	0	2	3	3.68740e-03	-5.57007e-01	1.64278e+01
110	0	101	0	2	3	3.72546e-03	-5.54567e-01	1.59801e+01
110	0	102	0	2	3	4.77682e-03	-6.44911e-01	1.83790e+01
110	0	103	0	2	3	3.91338e-03	-5.73535e-01	1.69593e+01
110	0	104	0	2	3	4.34684e-03	-6.08095e-01	1.65490e+01
110	0	105	0	2	3	3.73447e-03	-5.57969e-01	1.56265e+01
110	0	106	0	2	3	3.57127e-03	-5.54319e-01	1.67076e+01
110	0	107	0	2	3	4.85500e-03	-6.28262e-01	1.71635e+01
110	0	108	0	2	3	3.75318e-03	-5.72601e-01	1.69025e+01
110	0	109	0	2	3	3.37050e-03	-5.38714e-01	1.62751e+01
110	0	110	0	2	3	3.16442e-03	-5.27461e-01	1.60458e+01
110	0	111	0	2	3	4.71501e-03	-6.40797e-01	1.82313e+01
110	0	112	0	2	3	3.86556e-03	-5.63671e-01	1.52678e+01
110	0	113	0	2	3	4.52809e-03	-6.09440e-01	1.73129e+01
110	0	114	0	2	3	3.88264e-03	-5.80651e-01	1.71801e+01
110	0	115	0	2	3	4.70253e-03	-6.25034e-01	1.76366e+01
110	0	116	0	2	3	3.78036e-03	-5.70389e-01	1.64375e+01
110	0	117	0	2	3	3.73236e-03	-5.57770e-01	1.64869e+01
110	0	118	0	2	3	3.66369e-03	-5.60624e-01	1.68983e+01
110	0	119	0	2	3	5.04797e-03	-6.48859e-01	1.72336e+01
110	0	120	0	2	3	4.35499e-03	-6.13281e-01	1.72644e+01
110	0	121	0	2	3	3.90650e-03	-5.65665e-01	1.52890e+01
110	0	122	0	2	3	4.55224e-03	-6.29484e-01	1.78311e+01
110	0	123	0	2	3	4.55808e-03	-6.17220e-01	1.68924e+01
110	0	124	0	2	3	3.86212e-03	-5.65818e-01	1.68898e+01
110	0	125	0	2	3	4.44360e-03	-5.94662e-01	1.40641e+01
110	0	126	0	2	3	3.99837e-03	-5.84027e-01	1.68121e+01
110	0	127	0	2	3	4.95260e-03	-6.39290e-01	1.69175e+01
110	0	128	0	2	3	3.53523e-03	-5.80030e-01	1.79805e+01
110	0	129	0	2	3	4.47400e-03	-6.36863e-01	1.75748e+01
110	0	130	0	2	3	3.48355e-03	-5.78118e-01	1.80704e+01
110	0	131	0	2	3	2.90868e-03	-4.96616e-01	1.48685e+01
110	0	132	0	2	3	4.14231e-03	-6.08800e-01	1.76186e+01
110	0	133	0	2	3	3.65603e-03	-5.59957e-01	1.62105e+01
110	0	134	0	2	3	2.50081e-03	-4.96514e-01	1.62050e+01
110	0	135	0	2	3	2.24620e-03	-4.69164e-01	1.50692e+01
110	0	136	0	2	3	4.70495e-03	-6.35623e-01	1.77399e+01
110	0	137	0	2	3	4.07646e-03	-6.15791e-01	1.79634e+01
110	0	138	0	2	3	3.98523e-03	-5.92777e-01	1.79312e+01
110	0	139	0	2	3	2.94310e-03	-5.29568e-01	1.57885e+01
110	0	140	0	2	3	2.48909e-03	-4.96770e-01	1.57803e+01
110	0	141	0	2	3	2.35051e-03	-4.83904e-01	1.52738e+01
110	0	142	0	2	3	2.74799e-03	-5.04031e-01	1.59827e+01
110	0	143	0	2	3	3.29688e-03	-5.43289e-01	1.64679e+01
110	0	144	0	2	3	3.98056e-03	-6.02083e-01	1.71219e+01
110	0	145	0	2	3	3.46206e-03	-5.46097e-01	1.57392e+01
110	0	146	0	2	3	3.06784e-03	-5.27256e-01	1.63769e+01
110	0	147	0	2	3	2.92725e-03	-5.04669e-01	1.51646e+01
110	0	148	0	2	3	-1.52041e-03	-2.03500e-01	1.02745e+01
110	0	149	0	2	3	5.41294e-03	-6.85052e-01	1.82409e+01
110	0	150	0	2	3	1.28950e-03	-4.00259e-01	1.44784e+01
110	0	151	0	2	3	4.65392e-03	-6.38834e-01	1.83832e+01
110	0	152	0	2	3	3.47954e-03	-5.73782e-01	1.72734e+01
110	0	153	0	2	3	3.92555e-03	-6.00167e-01	1.72222e+01
110	0	154	0	2	3	2.72257e-03	-5.04664e-01	1.56611e+01
110	0	155	0	2	3	4.25623e-03	-5.99391e-01	1.70013e+01
110	0	156	0	2	3	1.37671e-03	-3.91161e-01	1.39723e+01
110	0	157	0	2	3	4.27001e-03	-5.72427e-01	1.68005e+01
110	0	158	0	2	3	1.01903e-03	-3.71202e-01	1.39961e+01
110	0	159	0	2	3	-1.31024e-02	6.44701e-01	-3.60476e+00
#######################################################################
# BFT D                                                               #
#######################################################################
110	1	0	0	2	3	5.89454e-03	-6.77753e-01	1.85536e+01
110	1	1	0	2	3	-1.25117e-03	-1.57899e-01	9.96547e+00
110	1	2	0	2	3	-1.46842e-02	6.76646e-01	-3.92694e+00
110	1	3	0	2	3	-6.93660e-03	2.67449e-01	1.84847e+00
110	1	4	0	2	3	2.54767e-03	-4.66016e-01	1.51774e+01
110	1	5	0	2	3	4.04501e-03	-6.00871e-01	1.80659e+01
110	1	6	0	2	3	4.32520e-03	-6.08271e-01	1.67104e+01
110	1	7	0	2	3	1.94273e-03	-4.28404e-01	1.41650e+01
110	1	8	0	2	3	2.68302e-03	-4.81204e-01	1.49731e+01
110	1	9	0	2	3	1.59912e-03	-4.06471e-01	1.52842e+01
110	1	10	0	2	3	5.21454e-03	-6.79207e-01	1.83902e+01
110	1	11	0	2	3	1.52519e-03	-3.81409e-01	1.28050e+01
110	1	12	0	2	3	2.94649e-03	-5.10997e-01	1.56647e+01
110	1	13	0	2	3	1.31006e-03	-3.82911e-01	1.29758e+01
110	1	14	0	2	3	5.95248e-03	-7.21596e-01	1.90011e+01
110	1	15	0	2	3	2.78901e-03	-4.87090e-01	1.55848e+01
110	1	16	0	2	3	4.34839e-03	-6.10434e-01	1.74486e+01
110	1	17	0	2	3	4.16116e-03	-5.90290e-01	1.67709e+01
110	1	18	0	2	3	4.21852e-03	-5.87672e-01	1.61765e+01
110	1	19	0	2	3	2.49344e-03	-4.72780e-01	1.50855e+01
110	1	20	0	2	3	3.91225e-03	-5.76121e-01	1.60975e+01
110	1	21	0	2	3	4.62819e-03	-6.47168e-01	1.95398e+01
110	1	22	0	2	3	4.27807e-03	-5.92081e-01	1.68582e+01
110	1	23	0	2	3	4.60569e-03	-6.23835e-01	1.79859e+01
110	1	24	0	2	3	3.38494e-03	-5.46875e-01	1.63410e+01
110	1	25	0	2	3	3.14330e-03	-5.19804e-01	1.52860e+01
110	1	26	0	2	3	3.80556e-03	-5.79205e-01	1.68547e+01
110	1	27	0	2	3	3.95702e-03	-5.74067e-01	1.68609e+01
110	1	28	0	2	3	4.39812e-03	-6.14920e-01	1.72954e+01
110	1	29	0	2	3	4.20110e-03	-5.85668e-01	1.63594e+01
110	1	30	0	2	3	4.00738e-03	-5.87063e-01	1.71494e+01
110	1	31	0	2	3	4.55715e-03	-6.25366e-01	1.73929e+01
110	1	32	0	2	3	3.86474e-03	-5.84679e-01	1.74540e+01
110	1	33	0	2	3	2.96235e-03	-5.08322e-01	1.50891e+01
110	1	34	0	2	3	4.38764e-03	-6.05358e-01	1.59151e+01
110	1	35	0	2	3	3.71564e-03	-5.66301e-01	1.73562e+01
110	1	36	0	2	3	3.62068e-03	-5.48487e-01	1.60927e+01
110	1	37	0	2	3	3.57649e-03	-5.44166e-01	1.49157e+01
110	1	38	0	2	3	3.58901e-03	-5.54616e-01	1.65299e+01
110	1	39	0	2	3	3.77107e-03	-5.60987e-01	1.62999e+01
110	1	40	0	2	3	3.82259e-03	-5.65650e-01	1.63396e+01
110	1	41	0	2	3	4.20723e-03	-5.90773e-01	1.71879e+01
110	1	42	0	2	3	4.31862e-03	-5.95179e-01	1.62933e+01
110	1	43	0	2	3	4.19936e-03	-5.94747e-01	1.71300e+01
110	1	44	0	2	3	4.24597e-03	-6.02618e-01	1.71741e+01
110	1	45	0	2	3	4.00288e-03	-5.81630e-01	1.73411e+01
110	1	46	0	2	3	4.18100e-03	-5.95253e-01	1.69528e+01
110	1	47	0	2	3	4.17041e-03	-6.13939e-01	1.89947e+01
110	1	48	0	2	3	4.01619e-03	-5.78938e-01	1.63501e+01
110	1	49	0	2	3	3.55679e-03	-5.43663e-01	1.58657e+01
110	1	50	0	2	3	4.64440e-03	-6.27472e-01	1.72114e+01
110	1	51	0	2	3	4.04247e-03	-5.82308e-01	1.72598e+01
110	1	52	0	2	3	3.72348e-03	-5.69133e-01	1.65015e+01
110	1	53	0	2	3	3.40590e-03	-5.34275e-01	1.56506e+01
110	1	54	0	2	3	4.30738e-03	-6.12132e-01	1.72513e+01
110	1	55	0	2	3	3.75931e-03	-5.61214e-01	1.69742e+01
110	1	56	0	2	3	3.90129e-03	-5.90917e-01	1.70659e+01
110	1	57	0	2	3	3.62866e-03	-5.55416e-01	1.66458e+01
110	1	58	0	2	3	4.47472e-03	-6.30636e-01	1.86235e+01
110	1	59	0	2	3	4.44099e-03	-6.23115e-01	1.91888e+01
110	1	60	0	2	3	4.32804e-03	-6.13882e-01	1.71810e+01
110	1	61	0	2	3	3.99537e-03	-5.65593e-01	1.62570e+01
110	1	62	0	2	3	3.68235e-03	-5.61925e-01	1.51710e+01
110	1	63	0	2	3	4.31775e-03	-6.07377e-01	1.79492e+01
110	1	64	0	2	3	3.75209e-03	-5.73307e-01	1.68685e+01
110	1	65	0	2	3	4.40695e-03	-6.09600e-01	1.72119e+01
110	1	66	0	2	3	4.27968e-03	-6.17660e-01	1.73982e+01
110	1	67	0	2	3	4.24103e-03	-6.02852e-01	1.62815e+01
110	1	68	0	2	3	3.51870e-03	-5.42938e-01	1.56342e+01
110	1	69	0	2	3	3.63763e-03	-5.57604e-01	1.64667e+01
110	1	70	0	2	3	4.12043e-03	-5.93987e-01	1.69412e+01
110	1	71	0	2	3	4.32634e-03	-6.14213e-01	1.77189e+01
110	1	72	0	2	3	3.73296e-03	-5.61126e-01	1.58473e+01
110	1	73	0	2	3	3.87556e-03	-5.80279e-01	1.76271e+01
110	1	74	0	2	3	4.02156e-03	-5.83570e-01	1.54301e+01
110	1	75	0	2	3	4.22943e-03	-6.08268e-01	1.71153e+01
110	1	76	0	2	3	3.86181e-03	-5.73046e-01	1.59537e+01
110	1	77	0	2	3	3.95222e-03	-5.83276e-01	1.65898e+01
110	1	78	0	2	3	4.25730e-03	-6.02695e-01	1.67926e+01
110	1	79	0	2	3	3.99235e-03	-5.81340e-01	1.64367e+01
110	1	80	0	2	3	4.17768e-03	-5.89577e-01	1.60599e+01
110	1	81	0	2	3	3.86826e-03	-5.69243e-01	1.55081e+01
110	1	82	0	2	3	4.33243e-03	-6.08487e-01	1.74207e+01
110	1	83	0	2	3	4.64675e-03	-6.17842e-01	1.66670e+01
110	1	84	0	2	3	3.49170e-03	-5.34681e-01	1.46128e+01
110	1	85	0	2	3	3.75644e-03	-5.60948e-01	1.56745e+01
110	1	86	0	2	3	4.68925e-03	-6.35087e-01	1.76686e+01
110	1	87	0	2	3	4.18436e-03	-5.89649e-01	1.49516e+01
110	1	88	0	2	3	3.78265e-03	-5.68922e-01	1.62927e+01
110	1	89	0	2	3	4.04628e-03	-5.88086e-01	1.58910e+01
110	1	90	0	2	3	3.98352e-03	-5.84338e-01	1.57285e+01
110	1	91	0	2	3	3.89157e-03	-5.71907e-01	1.64714e+01
110	1	92	0	2	3	3.97891e-03	-5.70070e-01	1.57413e+01
110	1	93	0	2	3	3.67424e-03	-5.59255e-01	1.59491e+01
110	1	94	0	2	3	4.08547e-03	-5.94028e-01	1.70827e+01
110	1	95	0	2	3	4.26835e-03	-6.06597e-01	1.64949e+01
110	1	96	0	2	3	3.70349e-03	-5.59862e-01	1.64054e+01
110	1	97	0	2	3	3.63882e-03	-5.54175e-01	1.62463e+01
110	1	98	0	2	3	4.20766e-03	-6.16789e-01	1.78779e+01
110	1	99	0	2	3	4.44125e-03	-6.08126e-01	1.64740e+01
110	1	100	0	2	3	3.52821e-03	-5.37497e-01	1.55211e+01
110	1	101	0	2	3	3.81153e-03	-5.64394e-01	1.52960e+01
110	1	102	0	2	3	4.20079e-03	-6.09449e-01	1.69041e+01
110	1	103	0	2	3	4.26885e-03	-5.95619e-01	1.61694e+01
110	1	104	0	2	3	4.95727e-03	-6.47432e-01	1.74374e+01
110	1	105	0	2	3	4.08191e-03	-5.82831e-01	1.63597e+01
110	1	106	0	2	3	4.44663e-03	-6.19326e-01	1.77491e+01
110	1	107	0	2	3	5.15234e-03	-6.64386e-01	1.76467e+01
110	1	108	0	2	3	3.87788e-03	-5.70030e-01	1.68041e+01
110	1	109	0	2	3	3.64403e-03	-5.58675e-01	1.66171e+01
110	1	110	0	2	3	3.59154e-03	-5.64550e-01	1.61967e+01
110	1	111	0	2	3	4.26350e-03	-6.10594e-01	1.81204e+01
110	1	112	0	2	3	3.70908e-03	-5.55928e-01	1.65948e+01
110	1	113	0	2	3	3.59626e-03	-5.50655e-01	1.59226e+01
110	1	114	0	2	3	4.83522e-03	-6.47170e-01	1.71396e+01
110	1	115	0	2	3	4.92021e-03	-6.46641e-01	1.73599e+01
110	1	116	0	2	3	3.80677e-03	-5.65926e-01	1.70269e+01
110	1	117	0	2	3	4.34790e-03	-5.99427e-01	1.66770e+01
110	1	118	0	2	3	4.25098e-03	-5.94809e-01	1.55971e+01
110	1	119	0	2	3	4.18951e-03	-5.91592e-01	1.67523e+01
110	1	120	0	2	3	4.39996e-03	-6.08915e-01	1.75236e+01
110	1	121	0	2	3	4.18673e-03	-5.88351e-01	1.63193e+01
110	1	122	0	2	3	5.81537e-03	-7.27062e-01	2.02328e+01
110	1	123	0	2	3	3.37769e-03	-5.52860e-01	1.76185e+01
110	1	124	0	2	3	4.09437e-03	-5.82963e-01	1.57403e+01
110	1	125	0	2	3	3.34593e-03	-5.33493e-01	1.57656e+01
110	1	126	0	2	3	3.85410e-03	-5.70718e-01	1.62579e+01
110	1	127	0	2	3	3.69788e-03	-5.64804e-01	1.62666e+01
110	1	128	0	2	3	3.26044e-03	-5.58409e-01	1.69140e+01
110	1	129	0	2	3	4.13890e-03	-6.15005e-01	1.77549e+01
110	1	130	0	2	3	4.45442e-03	-6.27994e-01	1.69243e+01
110	1	131	0	2	3	4.33149e-03	-6.12034e-01	1.70900e+01
110	1	132	0	2	3	4.38792e-03	-6.24877e-01	1.79620e+01
110	1	133	0	2	3	3.44699e-03	-5.50297e-01	1.58236e+01
110	1	134	0	2	3	4.23395e-03	-6.15799e-01	1.77639e+01
110	1	135	0	2	3	3.95333e-03	-5.81688e-01	1.57203e+01
110	1	136	0	2	3	3.70484e-03	-5.79492e-01	1.74536e+01
110	1	137	0	2	3	5.01874e-03	-6.61372e-01	1.81300e+01
110	1	138	0	2	3	4.38165e-03	-6.19582e-01	1.71921e+01
110	1	139	0	2	3	3.80642e-03	-5.80752e-01	1.69562e+01
110	1	140	0	2	3	3.85442e-03	-5.83950e-01	1.64035e+01
110	1	141	0	2	3	5.04879e-03	-6.69166e-01	1.78163e+01
110	1	142	0	2	3	4.54334e-03	-6.26755e-01	1.78216e+01
110	1	143	0	2	3	3.93088e-03	-5.79327e-01	1.68459e+01
110	1	144	0	2	3	4.64329e-03	-6.46157e-01	1.87365e+01
110	1	145	0	2	3	4.24812e-03	-5.89627e-01	1.63517e+01
110	1	146	0	2	3	3.11820e-03	-5.42561e-01	1.59782e+01
110	1	147	0	2	3	4.98047e-03	-6.56200e-01	1.79213e+01
110	1	148	0	2	3	3.31687e-03	-5.52336e-01	1.65490e+01
110	1	149	0	2	3	4.15505e-03	-5.95269e-01	1.72406e+01
110	1	150	0	2	3	4.07363e-03	-6.01201e-01	1.72591e+01
110	1	151	0	2	3	4.11503e-03	-5.88582e-01	1.62739e+01
110	1	152	0	2	3	3.39138e-03	-5.48458e-01	1.67984e+01
110	1	153	0	2	3	2.56481e-03	-4.89215e-01	1.57491e+01
110	1	154	0	2	3	4.07606e-03	-6.03297e-01	1.72802e+01
110	1	155	0	2	3	4.18204e-03	-6.09068e-01	1.69492e+01
110	1	156	0	2	3	-5.39444e-04	-2.83198e-01	1.28404e+01
110	1	157	0	2	3	2.43231e-03	-4.74396e-01	1.52549e+01
110	1	158	0	2	3	2.14632e-03	-4.76220e-01	1.64229e+01
110	1	159	0	2	3	-8.15941e-03	2.23859e-01	4.60207e+00
