##
#  file: HodoPHCParam_Dummy
#  date: 2016.06.15
#  note: first version
#
#
#######################################################################
# CId	PlId	Seg	UorD	Type	nParam	p0	p1	...
#
#	Type=0 no correction will be performed
#	Type=1 ct=t-p[0]/sqrt(a-p[1])+p[2]
#	Type=2 ct=p[0]*a*a + p[1]*a + p[2] for Fiber
#
#######################################################################
# BH1 Up                                                              #
#######################################################################
1	0	0	0	1	3	5.08705e+00	-1.98362e+00	2.93454e+00
1	0	1	0	1	3	6.69706e-01	2.91546e-01	8.10244e-01
1	0	2	0	1	3	5.01779e-01	3.94271e-01	6.64278e-01
1	0	3	0	1	3	7.45330e-01	1.66754e-01	8.56036e-01
1	0	4	0	1	3	8.52890e-01	8.60054e-02	9.27134e-01
1	0	5	0	1	3	1.69981e+00	-1.50393e-01	1.62794e+00
1	0	6	0	1	3	1.58582e+00	-2.35346e-01	1.46587e+00
1	0	7	0	1	3	1.61970e+00	-1.46184e-01	1.54504e+00
1	0	8	0	1	3	1.37546e+00	-2.52696e-01	1.28233e+00
1	0	9	0	1	3	1.74814e+00	-2.76223e-01	1.64100e+00
1	0	10	0	1	3	1.60339e+01	-4.62629e+00	6.81205e+00
#######################################################################
# BH1 Down                                                            #
#######################################################################
1	0	0	1	1	3	1.33519e+00	-9.13138e-02	1.27257e+00
1	0	1	1	1	3	6.24909e-01	2.88647e-01	7.65429e-01
1	0	2	1	1	3	6.68954e-01	2.21542e-01	7.45264e-01
1	0	3	1	1	3	1.32364e+00	-4.57464e-01	1.08318e+00
1	0	4	1	1	3	1.18002e+00	-7.91080e-02	1.17008e+00
1	0	5	1	1	3	2.07299e+00	-4.79828e-01	1.70935e+00
1	0	6	1	1	3	1.96000e+00	-5.20196e-01	1.63958e+00
1	0	7	1	1	3	1.89852e+00	-4.50289e-01	1.60743e+00
1	0	8	1	1	3	1.02469e+00	-6.73213e-02	1.04734e+00
1	0	9	1	1	3	1.64894e+00	-1.85977e-01	1.61292e+00
1	0	10	1	1	3	7.15603e-01	2.22738e-01	8.54972e-01
#######################################################################
# BH2 Up                                                              #
#######################################################################
2	0	0	0	1	3	1.43047e-01	2.98695e-01	2.00085e-01
2	0	1	0	1	3	8.79554e-01	-2.31747e-01	7.85839e-01
2	0	2	0	1	3	5.94572e-01	-4.97541e-01	4.68956e-01
2	0	3	0	1	3	1.91725e-01	3.94747e-02	1.91115e-01
2	0	4	0	1	3	3.31184e-01	-9.38469e-02	3.15823e-01
2	0	5	0	1	3	1.99769e-01	2.70254e-01	2.37321e-01
2	0	6	0	1	3	2.58948e-01	2.41832e-01	3.10133e-01
2	0	7	0	1	3	3.50426e-01	8.80094e-02	3.70898e-01
#######################################################################
# BH2 Down                                                            #
#######################################################################
2	0	0	1	1	3	3.94607e-01	-1.85207e-01	3.84440e-01
2	0	1	1	1	3	9.92155e-01	-3.85817e-01	8.32122e-01
2	0	2	1	1	3	4.10986e-01	-9.27803e-02	3.90143e-01
2	0	3	1	1	3	1.76416e-01	4.84160e-02	1.75490e-01
2	0	4	1	1	3	2.42956e-01	1.23979e-01	2.64593e-01
2	0	5	1	1	3	3.57967e-01	4.32013e-02	3.63973e-01
2	0	6	1	1	3	1.22093e+00	-6.67168e-01	9.30075e-01
2	0	7	1	1	3	2.92156e-01	-4.36810e-03	2.98702e-01
#######################################################################
# BAC                                                                 #
#######################################################################
3	0	0	0	1	3	0.00000e+00	0.00000e+00	0.00000e+00
3	0	1	0	1	3	0.00000e+00	0.00000e+00	0.00000e+00
#######################################################################
# FBH Up                                                              #
#######################################################################
4	0	0	0	2	3	-5.62952e-03	8.96903e-01	-3.53273e+01
4	0	1	0	2	3	-4.29399e-03	7.37975e-01	-3.00049e+01
4	0	2	0	2	3	-5.26894e-03	8.67305e-01	-3.38992e+01
4	0	3	0	2	3	-3.80183e-03	6.69237e-01	-2.72260e+01
4	0	4	0	2	3	-4.35014e-03	7.35785e-01	-2.92008e+01
4	0	5	0	2	3	-4.02541e-03	6.86907e-01	-2.70312e+01
4	0	6	0	2	3	-4.16660e-03	7.08229e-01	-2.81512e+01
4	0	7	0	2	3	-3.93117e-03	6.84759e-01	-2.69101e+01
4	0	8	0	2	3	-4.14423e-03	6.96902e-01	-2.65883e+01
4	0	9	0	2	3	-2.83372e-03	5.62925e-01	-2.20787e+01
4	0	10	0	2	3	-4.07944e-03	7.09420e-01	-2.75603e+01
4	0	11	0	2	3	-3.50961e-03	6.50113e-01	-2.64167e+01
4	0	12	0	2	3	-3.52415e-03	6.49734e-01	-2.67232e+01
4	0	13	0	2	3	-4.13420e-03	7.26957e-01	-2.99675e+01
4	0	14	0	2	3	-4.90315e-03	8.27563e-01	-3.35630e+01
4	0	15	0	2	3	-4.73048e-03	8.13189e-01	-3.31901e+01
#######################################################################
# FBH Down                                                            #
#######################################################################
4	0	0	1	2	3	-5.62952e-03	8.96903e-01	-3.53273e+01
4	0	1	1	2	3	-4.29399e-03	7.37975e-01	-3.00049e+01
4	0	2	1	2	3	-5.26894e-03	8.67305e-01	-3.38992e+01
4	0	3	1	2	3	-3.80183e-03	6.69237e-01	-2.72260e+01
4	0	4	1	2	3	-4.35014e-03	7.35785e-01	-2.92008e+01
4	0	5	1	2	3	-4.02541e-03	6.86907e-01	-2.70312e+01
4	0	6	1	2	3	-4.16660e-03	7.08229e-01	-2.81512e+01
4	0	7	1	2	3	-3.93117e-03	6.84759e-01	-2.69101e+01
4	0	8	1	2	3	-4.14423e-03	6.96902e-01	-2.65883e+01
4	0	9	1	2	3	-2.83372e-03	5.62925e-01	-2.20787e+01
4	0	10	1	2	3	-4.07944e-03	7.09420e-01	-2.75603e+01
4	0	11	1	2	3	-3.50961e-03	6.50113e-01	-2.64167e+01
4	0	12	1	2	3	-3.52415e-03	6.49734e-01	-2.67232e+01
4	0	13	1	2	3	-4.13420e-03	7.26957e-01	-2.99675e+01
4	0	14	1	2	3	-4.90315e-03	8.27563e-01	-3.35630e+01
4	0	15	1	2	3	-4.73048e-03	8.13189e-01	-3.31901e+01
#######################################################################
# PVAC                                                                #
#######################################################################
5	0	0	0	1	3	0.00000e+00	0.00000e+00	0.00000e+00
#######################################################################
# FAC                                                                 #
#######################################################################
6	0	0	0	1	3	0.00000e+00	0.00000e+00	0.00000e+00
#######################################################################
# SCH                                                                 #
#######################################################################
#7	0	0	0	2	3	-0.00500000	0.821213	-32.185321
#7	0	1	0	2	3	-0.00500000	0.830248	-32.269563
#7	0	2	0	2	3	-0.00500000	0.793073	-29.315934
#7	0	3	0	2	3	-0.00500000	0.772144	-28.276705
#7	0	4	0	2	3	-0.00500000	0.801968	-30.687167
#7	0	5	0	2	3	-0.00500000	0.778300	-28.439251
#7	0	6	0	2	3	-0.00500000	0.765872	-27.918181
#7	0	7	0	2	3	-0.00500000	0.738459	-26.016797
#7	0	8	0	2	3	-0.00500000	0.778318	-28.676371
#7	0	9	0	2	3	-0.00500000	0.776670	-28.892887
#7	0	10	0	2	3	-0.00500000	0.764278	-28.122474
#7	0	11	0	2	3	-0.00500000	0.790742	-29.423647
#7	0	12	0	2	3	-0.00500000	0.811330	-30.487019
#7	0	13	0	2	3	-0.00500000	0.818750	-30.891512
#7	0	14	0	2	3	-0.00500000	0.802541	-30.009136
#7	0	15	0	2	3	-0.00500000	0.809525	-30.751746
#7	0	16	0	2	3	-0.00500000	0.802597	-30.845509
#7	0	17	0	2	3	-0.00500000	0.835028	-32.780792
#7	0	18	0	2	3	-0.00500000	0.859176	-33.938731
#7	0	19	0	2	3	-0.00500000	0.814851	-31.445396
#7	0	20	0	2	3	-0.00500000	0.809426	-30.781087
#7	0	21	0	2	3	-0.00500000	0.780678	-28.888756
#7	0	22	0	2	3	-0.00500000	0.808206	-30.719604
#7	0	23	0	2	3	-0.00500000	0.774024	-27.858339
#7	0	24	0	2	3	-0.00500000	0.794308	-29.022101
#7	0	25	0	2	3	-0.00500000	0.775649	-27.980186
#7	0	26	0	2	3	-0.00500000	0.788483	-28.687567
#7	0	27	0	2	3	-0.00466315	0.771386	-29.253260
#7	0	28	0	2	3	-0.00483132	0.790854	-28.637741
#7	0	29	0	2	3	-0.00497049	0.812994	-30.786914
#7	0	30	0	2	3	-0.00500000	0.787793	-28.362716
#7	0	31	0	2	3	-0.00500000	0.790759	-28.876812
#7	0	32	0	2	3	-0.00500000	0.824826	-31.655285
#7	0	33	0	2	3	-0.00500000	0.845304	-33.407765
#7	0	34	0	2	3	-0.00500000	0.832263	-32.939799
#7	0	35	0	2	3	-0.00500000	0.820631	-31.695372
#7	0	36	0	2	3	-0.00500000	0.836997	-33.200590
#7	0	37	0	2	3	-0.00500000	0.819690	-32.097193
#7	0	38	0	2	3	-0.00500000	0.808109	-31.263214
#7	0	39	0	2	3	-0.00500000	0.815224	-31.135523
#7	0	40	0	2	3	-0.00500000	0.803398	-29.897923
#7	0	41	0	2	3	-0.00500000	0.815685	-31.165519
#7	0	42	0	2	3	-0.00500000	0.812980	-30.737261
#7	0	43	0	2	3	-0.00500000	0.829418	-32.693307
#7	0	44	0	2	3	-0.00500000	0.789530	-29.464920
#7	0	45	0	2	3	-0.00500000	0.804789	-31.208151
#7	0	46	0	2	3	-0.00500000	0.830106	-32.806514
#7	0	47	0	2	3	-0.00500000	0.819206	-31.373242
#7	0	48	0	2	3	-0.00500000	0.816165	-31.709319
#7	0	49	0	2	3	-0.00500000	0.798496	-30.201709
#7	0	50	0	2	3	-0.00500000	0.812167	-31.795745
#7	0	51	0	2	3	-0.00500000	0.810749	-31.375226
#7	0	52	0	2	3	-0.00500000	0.803385	-31.372512
#7	0	53	0	2	3	-0.00500000	0.777405	-29.262831
#7	0	54	0	2	3	-0.00500000	0.783954	-29.763410
#7	0	55	0	2	3	-0.00500000	0.789443	-29.976449
#7	0	56	0	2	3	-0.00500000	0.838828	-33.261086
#7	0	57	0	2	3	-0.00500000	0.804421	-30.573195
#7	0	58	0	2	3	-0.00500000	0.773283	-29.111048
#7	0	59	0	2	3	-0.00500000	0.811789	-31.449459
#7	0	60	0	2	3	-0.00500000	0.759724	-28.110014
#7	0	61	0	2	3	-0.00500000	0.810884	-31.379063
#7	0	62	0	2	3	-0.00500000	0.771910	-28.435006
#7	0	63	0	2	3	-0.00500000	0.796658	-30.511906
#######################################################################
# TOF Up                                                              #
#######################################################################
7	0	0	0	1	3	5.24830e+00	-1.96630e+00	2.96170e+00
7	0	1	0	1	3	5.24830e+00	-1.96630e+00	2.96170e+00
7	0	2	0	1	3	5.24830e+00	-1.96630e+00	2.96170e+00
7	0	3	0	1	3	5.24830e+00	-1.96630e+00	2.96170e+00
7	0	4	0	1	3	5.24830e+00	-1.96630e+00	2.96170e+00
7	0	5	0	1	3	5.24830e+00	-1.96630e+00	2.96170e+00
7	0	6	0	1	3	6.97090e+00	-3.03520e+00	3.39910e+00
7	0	7	0	1	3	4.05450e+00	-1.96150e+00	2.30360e+00
7	0	8	0	1	3	1.16940e+02	-2.98600e+01	2.09880e+01
7	0	9	0	1	3	5.24830e+00	-1.96630e+00	2.96170e+00
7	0	10	0	1	3	5.24830e+00	-1.96630e+00	2.96170e+00
7	0	11	0	1	3	5.24830e+00	-1.96630e+00	2.96170e+00
7	0	12	0	1	3	5.24830e+00	-1.96630e+00	2.96170e+00
7	0	13	0	1	3	5.24830e+00	-1.96630e+00	2.96170e+00
7	0	14	0	1	3	5.24830e+00	-1.96630e+00	2.96170e+00
7	0	15	0	1	3	5.24830e+00	-1.96630e+00	2.96170e+00
7	0	16	0	1	3	5.24830e+00	-1.96630e+00	2.96170e+00
7	0	17	0	1	3	5.24830e+00	-1.96630e+00	2.96170e+00
7	0	18	0	1	3	5.24830e+00	-1.96630e+00	2.96170e+00
7	0	19	0	1	3	7.11491e-01	1.85180e-03	5.82402e-01
7	0	20	0	1	3	5.59404e-01	-1.73810e-03	4.50716e-01
7	0	21	0	1	3	8.92499e-01	1.99900e-03	7.37364e-01
7	0	22	0	1	3	6.37553e-01	1.99960e-03	5.45449e-01
7	0	23	0	1	3	1.19210e+00	1.98920e-03	9.99994e-01
#######################################################################
# TOF Down                                                            #
#######################################################################
7	0	0	1	1	3	5.84300e+00	-2.30730e+00	3.11320e+00
7	0	1	1	1	3	5.84300e+00	-2.30730e+00	3.11320e+00
7	0	2	1	1	3	5.84300e+00	-2.30730e+00	3.11320e+00
7	0	3	1	1	3	5.84300e+00	-2.30730e+00	3.11320e+00
7	0	4	1	1	3	5.84300e+00	-2.30730e+00	3.11320e+00
7	0	5	1	1	3	5.84300e+00	-2.30730e+00	3.11320e+00
7	0	6	1	1	3	1.41330e+01	-5.81170e+00	5.32680e+00
7	0	7	1	1	3	7.84850e+01	-2.02870e+01	1.69500e+01
7	0	8	1	1	3	2.20240e+02	-3.62440e+01	3.60080e+01
7	0	9	1	1	3	5.84300e+00	-2.30730e+00	3.11320e+00
7	0	10	1	1	3	5.84300e+00	-2.30730e+00	3.11320e+00
7	0	11	1	1	3	5.84300e+00	-2.30730e+00	3.11320e+00
7	0	12	1	1	3	5.84300e+00	-2.30730e+00	3.11320e+00
7	0	13	1	1	3	5.84300e+00	-2.30730e+00	3.11320e+00
7	0	14	1	1	3	5.84300e+00	-2.30730e+00	3.11320e+00
7	0	15	1	1	3	5.84300e+00	-2.30730e+00	3.11320e+00
7	0	16	1	1	3	5.84300e+00	-2.30730e+00	3.11320e+00
7	0	17	1	1	3	5.84300e+00	-2.30730e+00	3.11320e+00
7	0	18	1	1	3	5.84300e+00	-2.30730e+00	3.11320e+00
7	0	19	1	1	3	6.18741e-01	1.99860e-03	4.90831e-01
7	0	20	1	1	3	5.75901e-01	1.04210e-03	4.72509e-01
7	0	21	1	1	3	9.41046e-01	1.99890e-03	7.79357e-01
7	0	22	1	1	3	4.84266e-01	-1.95590e-03	3.99786e-01
7	0	23	1	1	3	8.97714e-01	1.99860e-03	7.56300e-01
#######################################################################
# BFT U                                                               #
#######################################################################
110	0	0	0	2	3	3.26420e-03	-5.38791e-01	1.47614e+01
110	0	1	0	2	3	3.60625e-03	-5.22188e-01	1.36804e+01
110	0	2	0	2	3	4.15508e-03	-5.89606e-01	1.51003e+01
110	0	3	0	2	3	4.69258e-03	-6.13105e-01	1.43491e+01
110	0	4	0	2	3	3.71064e-03	-5.52257e-01	1.47556e+01
110	0	5	0	2	3	2.94288e-03	-4.79739e-01	1.35610e+01
110	0	6	0	2	3	4.08834e-03	-5.83187e-01	1.46476e+01
110	0	7	0	2	3	4.56277e-03	-6.07992e-01	1.58113e+01
110	0	8	0	2	3	4.61822e-03	-6.16802e-01	1.53764e+01
110	0	9	0	2	3	3.70200e-03	-5.43972e-01	1.54416e+01
110	0	10	0	2	3	4.56493e-03	-6.16532e-01	1.46563e+01
110	0	11	0	2	3	4.72363e-03	-6.16219e-01	1.67264e+01
110	0	12	0	2	3	3.31635e-03	-5.35053e-01	1.36458e+01
110	0	13	0	2	3	3.87687e-03	-5.59204e-01	1.57365e+01
110	0	14	0	2	3	3.58343e-03	-5.44297e-01	1.34759e+01
110	0	15	0	2	3	3.37018e-03	-5.27754e-01	1.52741e+01
110	0	16	0	2	3	3.34911e-03	-5.28368e-01	1.31593e+01
110	0	17	0	2	3	4.92709e-03	-6.30764e-01	1.65454e+01
110	0	18	0	2	3	3.62910e-03	-5.51836e-01	1.35279e+01
110	0	19	0	2	3	4.53807e-03	-6.10245e-01	1.43289e+01
110	0	20	0	2	3	3.92868e-03	-5.63521e-01	1.41237e+01
110	0	21	0	2	3	4.22019e-03	-5.94523e-01	1.75041e+01
110	0	22	0	2	3	4.19848e-03	-5.90211e-01	1.45953e+01
110	0	23	0	2	3	3.82223e-03	-5.54980e-01	1.53785e+01
110	0	24	0	2	3	4.24903e-03	-5.85580e-01	1.47898e+01
110	0	25	0	2	3	3.28918e-03	-5.06852e-01	1.48433e+01
110	0	26	0	2	3	3.62378e-03	-5.53113e-01	1.50651e+01
110	0	27	0	2	3	4.15783e-03	-5.66299e-01	1.52135e+01
110	0	28	0	2	3	3.84584e-03	-5.60594e-01	1.25973e+01
110	0	29	0	2	3	4.18462e-03	-5.70762e-01	1.49313e+01
110	0	30	0	2	3	3.75326e-03	-5.59105e-01	1.39200e+01
110	0	31	0	2	3	4.06763e-03	-5.73121e-01	1.56257e+01
110	0	32	0	2	3	3.96787e-03	-5.75296e-01	1.44994e+01
110	0	33	0	2	3	3.56072e-03	-5.21285e-01	1.29254e+01
110	0	34	0	2	3	4.15073e-03	-5.84363e-01	1.43668e+01
110	0	35	0	2	3	4.76783e-03	-6.33179e-01	1.67655e+01
110	0	36	0	2	3	3.98534e-03	-5.61503e-01	1.37425e+01
110	0	37	0	2	3	4.12343e-03	-5.80207e-01	1.66567e+01
110	0	38	0	2	3	4.14037e-03	-5.77913e-01	1.36082e+01
110	0	39	0	2	3	4.43504e-03	-5.98166e-01	1.56720e+01
110	0	40	0	2	3	3.96947e-03	-5.61460e-01	1.36742e+01
110	0	41	0	2	3	4.65849e-03	-6.10436e-01	1.69117e+01
110	0	42	0	2	3	4.34005e-03	-5.91264e-01	1.47754e+01
110	0	43	0	2	3	4.35460e-03	-5.99584e-01	1.64388e+01
110	0	44	0	2	3	4.10399e-03	-5.81007e-01	1.42486e+01
110	0	45	0	2	3	4.11781e-03	-5.69853e-01	1.57370e+01
110	0	46	0	2	3	4.52279e-03	-6.18196e-01	1.51244e+01
110	0	47	0	2	3	4.80930e-03	-6.33749e-01	1.81142e+01
110	0	48	0	2	3	3.39969e-03	-5.25837e-01	1.22221e+01
110	0	49	0	2	3	4.38475e-03	-5.93922e-01	1.66960e+01
110	0	50	0	2	3	4.50768e-03	-6.06970e-01	1.50493e+01
110	0	51	0	2	3	4.74046e-03	-6.20189e-01	1.60400e+01
110	0	52	0	2	3	3.58094e-03	-5.38172e-01	1.30034e+01
110	0	53	0	2	3	4.33186e-03	-5.87664e-01	1.53190e+01
110	0	54	0	2	3	4.49716e-03	-6.07970e-01	1.47016e+01
110	0	55	0	2	3	4.78348e-03	-6.26332e-01	1.71081e+01
110	0	56	0	2	3	4.09546e-03	-5.89359e-01	1.54008e+01
110	0	57	0	2	3	4.37450e-03	-5.91521e-01	1.60355e+01
110	0	58	0	2	3	3.89313e-03	-5.68292e-01	1.51059e+01
110	0	59	0	2	3	4.05943e-03	-5.86643e-01	1.64015e+01
110	0	60	0	2	3	3.82385e-03	-5.65043e-01	1.36168e+01
110	0	61	0	2	3	3.58888e-03	-5.38114e-01	1.48603e+01
110	0	62	0	2	3	4.90896e-03	-6.34979e-01	1.50289e+01
110	0	63	0	2	3	4.03321e-03	-5.74523e-01	1.44421e+01
110	0	64	0	2	3	3.83723e-03	-5.66181e-01	1.42660e+01
110	0	65	0	2	3	4.02232e-03	-5.72964e-01	1.54555e+01
110	0	66	0	2	3	4.64991e-03	-6.35559e-01	1.67725e+01
110	0	67	0	2	3	3.96884e-03	-5.73190e-01	1.56859e+01
110	0	68	0	2	3	3.77035e-03	-5.72151e-01	1.49674e+01
110	0	69	0	2	3	4.21808e-03	-5.84524e-01	1.51743e+01
110	0	70	0	2	3	4.25328e-03	-6.12813e-01	1.46942e+01
110	0	71	0	2	3	4.46304e-03	-6.10454e-01	1.61070e+01
110	0	72	0	2	3	3.65711e-03	-5.59346e-01	1.35252e+01
110	0	73	0	2	3	4.53458e-03	-6.14639e-01	1.55415e+01
110	0	74	0	2	3	4.57073e-03	-6.31109e-01	1.59052e+01
110	0	75	0	2	3	4.16589e-03	-5.84255e-01	1.52522e+01
110	0	76	0	2	3	3.65623e-03	-5.50844e-01	1.33819e+01
110	0	77	0	2	3	3.99894e-03	-5.73217e-01	1.53974e+01
110	0	78	0	2	3	4.54717e-03	-6.24431e-01	1.50422e+01
110	0	79	0	2	3	4.37276e-03	-5.98326e-01	1.54279e+01
110	0	80	0	2	3	4.09186e-03	-5.83847e-01	1.50407e+01
110	0	81	0	2	3	4.41097e-03	-5.92891e-01	1.52981e+01
110	0	82	0	2	3	4.27498e-03	-5.95449e-01	1.47879e+01
110	0	83	0	2	3	4.96415e-03	-6.42423e-01	1.60915e+01
110	0	84	0	2	3	3.71570e-03	-5.56142e-01	1.39913e+01
110	0	85	0	2	3	4.17698e-03	-5.82736e-01	1.55039e+01
110	0	86	0	2	3	4.27409e-03	-6.12217e-01	1.49159e+01
110	0	87	0	2	3	4.45449e-03	-6.16635e-01	1.65034e+01
110	0	88	0	2	3	3.72642e-03	-5.52318e-01	1.42716e+01
110	0	89	0	2	3	4.12417e-03	-5.80750e-01	1.50509e+01
110	0	90	0	2	3	4.39787e-03	-6.09593e-01	1.45104e+01
110	0	91	0	2	3	4.87436e-03	-6.43783e-01	1.57987e+01
110	0	92	0	2	3	4.05859e-03	-5.92557e-01	1.50601e+01
110	0	93	0	2	3	4.05740e-03	-5.72025e-01	1.45799e+01
110	0	94	0	2	3	4.72816e-03	-6.51315e-01	1.71470e+01
110	0	95	0	2	3	4.18110e-03	-5.93936e-01	1.57588e+01
110	0	96	0	2	3	3.91116e-03	-5.83854e-01	1.45830e+01
110	0	97	0	2	3	4.08417e-03	-5.78388e-01	1.55226e+01
110	0	98	0	2	3	4.21707e-03	-6.08984e-01	1.50331e+01
110	0	99	0	2	3	4.11702e-03	-5.84153e-01	1.53935e+01
110	0	100	0	2	3	3.78108e-03	-5.66467e-01	1.47359e+01
110	0	101	0	2	3	3.75979e-03	-5.56165e-01	1.50652e+01
110	0	102	0	2	3	4.36847e-03	-6.11886e-01	1.57975e+01
110	0	103	0	2	3	4.77879e-03	-6.35290e-01	1.60854e+01
110	0	104	0	2	3	4.12854e-03	-5.89771e-01	1.42175e+01
110	0	105	0	2	3	4.18111e-03	-5.86423e-01	1.50469e+01
110	0	106	0	2	3	4.54209e-03	-6.28264e-01	1.61135e+01
110	0	107	0	2	3	5.43212e-03	-6.71657e-01	1.59801e+01
110	0	108	0	2	3	3.77740e-03	-5.70307e-01	1.47822e+01
110	0	109	0	2	3	3.95437e-03	-5.72999e-01	1.47400e+01
110	0	110	0	2	3	4.62763e-03	-6.25295e-01	1.56580e+01
110	0	111	0	2	3	4.90824e-03	-6.51190e-01	1.63177e+01
110	0	112	0	2	3	3.83746e-03	-5.64958e-01	1.33748e+01
110	0	113	0	2	3	4.11064e-03	-5.76761e-01	1.46615e+01
110	0	114	0	2	3	4.41695e-03	-6.15854e-01	1.56927e+01
110	0	115	0	2	3	5.10706e-03	-6.50732e-01	1.59972e+01
110	0	116	0	2	3	4.25609e-03	-6.02877e-01	1.49626e+01
110	0	117	0	2	3	4.19679e-03	-5.92513e-01	1.60920e+01
110	0	118	0	2	3	4.50469e-03	-6.27464e-01	1.61952e+01
110	0	119	0	2	3	4.68428e-03	-6.20515e-01	1.46487e+01
110	0	120	0	2	3	4.07685e-03	-6.00670e-01	1.52236e+01
110	0	121	0	2	3	4.15485e-03	-5.80685e-01	1.34438e+01
110	0	122	0	2	3	4.85372e-03	-6.47231e-01	1.70478e+01
110	0	123	0	2	3	5.19187e-03	-6.59893e-01	1.65282e+01
110	0	124	0	2	3	3.86098e-03	-5.69931e-01	1.50588e+01
110	0	125	0	2	3	3.52925e-03	-5.17497e-01	1.14925e+01
110	0	126	0	2	3	4.60443e-03	-6.16113e-01	1.50925e+01
110	0	127	0	2	3	4.53890e-03	-6.11749e-01	1.53703e+01
110	0	128	0	2	3	2.87335e-03	-5.27772e-01	1.48878e+01
110	0	129	0	2	3	4.34272e-03	-6.24990e-01	1.62471e+01
110	0	130	0	2	3	-1.02804e-02	4.72536e-01	-3.78844e+00
110	0	131	0	2	3	2.54592e-03	-4.78860e-01	1.36664e+01
110	0	132	0	2	3	1.69031e-03	-4.23714e-01	1.31105e+01
110	0	133	0	2	3	4.59746e-03	-6.18624e-01	1.59645e+01
110	0	134	0	2	3	3.20621e-03	-5.42813e-01	1.49126e+01
110	0	135	0	2	3	1.14123e-03	-3.70255e-01	1.08526e+01
110	0	136	0	2	3	4.77455e-03	-6.45845e-01	1.59795e+01
110	0	137	0	2	3	1.82050e-03	-4.29590e-01	1.31118e+01
110	0	138	0	2	3	4.92413e-03	-6.86324e-01	1.81821e+01
110	0	139	0	2	3	2.18386e-03	-4.58337e-01	1.21668e+01
110	0	140	0	2	3	-5.81169e-04	-2.65810e-01	1.05236e+01
110	0	141	0	2	3	3.41287e-03	-5.59362e-01	1.45638e+01
110	0	142	0	2	3	3.88548e-03	-5.92282e-01	1.57116e+01
110	0	143	0	2	3	3.50544e-03	-5.71953e-01	1.52145e+01
110	0	144	0	2	3	2.87974e-03	-5.08301e-01	1.31621e+01
110	0	145	0	2	3	3.41146e-03	-5.31771e-01	1.32873e+01
110	0	146	0	2	3	5.65288e-03	-6.99537e-01	1.72267e+01
110	0	147	0	2	3	3.98593e-03	-5.82275e-01	1.56388e+01
110	0	148	0	2	3	-9.69178e-03	4.13494e-01	-3.19806e+00
110	0	149	0	2	3	4.45254e-03	-5.99887e-01	1.54160e+01
110	0	150	0	2	3	2.67311e-03	-4.90197e-01	1.38505e+01
110	0	151	0	2	3	2.93397e-03	-5.25783e-01	1.47632e+01
110	0	152	0	2	3	-2.69888e-03	-8.61967e-02	6.84345e+00
110	0	153	0	2	3	-3.96754e-03	-3.40212e-02	6.36469e+00
110	0	154	0	2	3	3.01187e-03	-4.96221e-01	1.29923e+01
110	0	155	0	2	3	3.78284e-03	-5.65047e-01	1.33064e+01
110	0	156	0	2	3	-5.78502e-03	1.59888e-01	1.46496e+00
110	0	157	0	2	3	-3.18655e-03	-3.08699e-02	5.19874e+00
110	0	158	0	2	3	4.94778e-03	-6.35240e-01	1.55057e+01
110	0	159	0	2	3	4.68195e-03	-6.38185e-01	1.62754e+01
#######################################################################
# BFT D                                                               #
#######################################################################
110	1	0	0	2	3	5.35597e-04	-3.41042e-01	1.27057e+01
110	1	1	0	2	3	2.07571e-03	-4.35635e-01	1.35479e+01
110	1	2	0	2	3	4.05478e-03	-5.91526e-01	1.60726e+01
110	1	3	0	2	3	2.72928e-03	-4.88194e-01	1.50670e+01
110	1	4	0	2	3	2.83275e-03	-5.00337e-01	1.44459e+01
110	1	5	0	2	3	3.54338e-03	-5.56764e-01	1.65540e+01
110	1	6	0	2	3	3.31464e-03	-5.33309e-01	1.38146e+01
110	1	7	0	2	3	3.95658e-03	-5.68166e-01	1.58675e+01
110	1	8	0	2	3	2.81623e-03	-4.96890e-01	1.46211e+01
110	1	9	0	2	3	1.62063e-03	-4.06256e-01	1.44960e+01
110	1	10	0	2	3	2.86544e-03	-5.00401e-01	1.44443e+01
110	1	11	0	2	3	4.96274e-03	-6.45172e-01	1.71316e+01
110	1	12	0	2	3	3.35461e-03	-5.33960e-01	1.43071e+01
110	1	13	0	2	3	3.05354e-03	-5.05492e-01	1.53752e+01
110	1	14	0	2	3	4.81617e-03	-6.43035e-01	1.60873e+01
110	1	15	0	2	3	2.85233e-03	-4.95974e-01	1.51798e+01
110	1	16	0	2	3	3.53927e-03	-5.49693e-01	1.47248e+01
110	1	17	0	2	3	3.25421e-03	-5.21367e-01	1.48505e+01
110	1	18	0	2	3	3.89569e-03	-5.76543e-01	1.46501e+01
110	1	19	0	2	3	4.35041e-03	-6.06865e-01	1.68326e+01
110	1	20	0	2	3	4.03621e-03	-5.91269e-01	1.58688e+01
110	1	21	0	2	3	2.76352e-03	-4.97136e-01	1.59608e+01
110	1	22	0	2	3	3.44854e-03	-5.35494e-01	1.42911e+01
110	1	23	0	2	3	3.56686e-03	-5.37492e-01	1.56194e+01
110	1	24	0	2	3	3.77119e-03	-5.67952e-01	1.59828e+01
110	1	25	0	2	3	4.36433e-03	-5.97402e-01	1.68308e+01
110	1	26	0	2	3	4.24915e-03	-6.02930e-01	1.54785e+01
110	1	27	0	2	3	3.80975e-03	-5.61203e-01	1.69491e+01
110	1	28	0	2	3	3.96738e-03	-5.83268e-01	1.61444e+01
110	1	29	0	2	3	3.51694e-03	-5.37858e-01	1.59272e+01
110	1	30	0	2	3	4.05636e-03	-5.86096e-01	1.54150e+01
110	1	31	0	2	3	4.53355e-03	-6.22582e-01	1.76903e+01
110	1	32	0	2	3	4.06406e-03	-5.90624e-01	1.67768e+01
110	1	33	0	2	3	3.70852e-03	-5.59517e-01	1.53304e+01
110	1	34	0	2	3	4.28742e-03	-5.97199e-01	1.51427e+01
110	1	35	0	2	3	4.41344e-03	-6.22323e-01	1.78053e+01
110	1	36	0	2	3	3.60557e-03	-5.46954e-01	1.54428e+01
110	1	37	0	2	3	3.51204e-03	-5.38119e-01	1.41423e+01
110	1	38	0	2	3	4.12226e-03	-5.87955e-01	1.63952e+01
110	1	39	0	2	3	4.31812e-03	-5.93223e-01	1.60563e+01
110	1	40	0	2	3	3.93333e-03	-5.71699e-01	1.47844e+01
110	1	41	0	2	3	4.00927e-03	-5.72293e-01	1.61349e+01
110	1	42	0	2	3	4.17634e-03	-5.82681e-01	1.54030e+01
110	1	43	0	2	3	4.56229e-03	-6.14421e-01	1.76755e+01
110	1	44	0	2	3	3.74342e-03	-5.63082e-01	1.47666e+01
110	1	45	0	2	3	3.49347e-03	-5.41792e-01	1.59208e+01
110	1	46	0	2	3	4.13932e-03	-5.94520e-01	1.53388e+01
110	1	47	0	2	3	4.06432e-03	-5.99927e-01	1.79320e+01
110	1	48	0	2	3	3.79667e-03	-5.63769e-01	1.54483e+01
110	1	49	0	2	3	3.73751e-03	-5.53673e-01	1.63183e+01
110	1	50	0	2	3	4.22041e-03	-5.97223e-01	1.50377e+01
110	1	51	0	2	3	4.25732e-03	-5.96902e-01	1.68144e+01
110	1	52	0	2	3	4.00207e-03	-5.89370e-01	1.51902e+01
110	1	53	0	2	3	3.67403e-03	-5.52167e-01	1.62645e+01
110	1	54	0	2	3	4.29311e-03	-6.08657e-01	1.64615e+01
110	1	55	0	2	3	4.08236e-03	-5.83396e-01	1.66594e+01
110	1	56	0	2	3	4.14230e-03	-6.05534e-01	1.55952e+01
110	1	57	0	2	3	3.70288e-03	-5.57874e-01	1.59440e+01
110	1	58	0	2	3	4.36957e-03	-6.23057e-01	1.78013e+01
110	1	59	0	2	3	4.11298e-03	-5.97955e-01	1.79924e+01
110	1	60	0	2	3	4.07190e-03	-5.90500e-01	1.59906e+01
110	1	61	0	2	3	4.16147e-03	-5.79644e-01	1.58338e+01
110	1	62	0	2	3	3.94368e-03	-5.78354e-01	1.47089e+01
110	1	63	0	2	3	3.85953e-03	-5.68632e-01	1.64173e+01
110	1	64	0	2	3	3.91484e-03	-5.81329e-01	1.62007e+01
110	1	65	0	2	3	4.08734e-03	-5.86500e-01	1.60688e+01
110	1	66	0	2	3	4.48591e-03	-6.27381e-01	1.57225e+01
110	1	67	0	2	3	4.49707e-03	-6.18207e-01	1.57409e+01
110	1	68	0	2	3	3.64184e-03	-5.50825e-01	1.39992e+01
110	1	69	0	2	3	4.05795e-03	-5.83786e-01	1.60776e+01
110	1	70	0	2	3	4.11947e-03	-5.92039e-01	1.61206e+01
110	1	71	0	2	3	3.97082e-03	-5.84995e-01	1.63723e+01
110	1	72	0	2	3	4.12708e-03	-5.90056e-01	1.55834e+01
110	1	73	0	2	3	4.00692e-03	-5.86733e-01	1.69054e+01
110	1	74	0	2	3	4.08372e-03	-5.88835e-01	1.47630e+01
110	1	75	0	2	3	4.09409e-03	-5.94366e-01	1.59855e+01
110	1	76	0	2	3	3.78258e-03	-5.64081e-01	1.49321e+01
110	1	77	0	2	3	4.01869e-03	-5.89028e-01	1.59097e+01
110	1	78	0	2	3	4.38756e-03	-6.10907e-01	1.50986e+01
110	1	79	0	2	3	4.39594e-03	-6.07443e-01	1.60076e+01
110	1	80	0	2	3	4.21754e-03	-5.90580e-01	1.52287e+01
110	1	81	0	2	3	3.91456e-03	-5.71505e-01	1.47093e+01
110	1	82	0	2	3	4.78716e-03	-6.38430e-01	1.70574e+01
110	1	83	0	2	3	4.20930e-03	-5.83578e-01	1.51599e+01
110	1	84	0	2	3	3.78971e-03	-5.52954e-01	1.40196e+01
110	1	85	0	2	3	3.89182e-03	-5.69550e-01	1.49439e+01
110	1	86	0	2	3	4.03700e-03	-5.83878e-01	1.58092e+01
110	1	87	0	2	3	4.68573e-03	-6.18060e-01	1.44577e+01
110	1	88	0	2	3	3.89466e-03	-5.75416e-01	1.55032e+01
110	1	89	0	2	3	3.74064e-03	-5.64860e-01	1.45634e+01
110	1	90	0	2	3	4.32651e-03	-6.03425e-01	1.50608e+01
110	1	91	0	2	3	3.97412e-03	-5.75173e-01	1.55496e+01
110	1	92	0	2	3	3.72726e-03	-5.53765e-01	1.45682e+01
110	1	93	0	2	3	3.99692e-03	-5.77052e-01	1.52296e+01
110	1	94	0	2	3	4.14664e-03	-5.98206e-01	1.62563e+01
110	1	95	0	2	3	3.85202e-03	-5.75792e-01	1.50090e+01
110	1	96	0	2	3	3.80118e-03	-5.62547e-01	1.44463e+01
110	1	97	0	2	3	3.68688e-03	-5.58107e-01	1.53868e+01
110	1	98	0	2	3	4.38935e-03	-6.30383e-01	1.71718e+01
110	1	99	0	2	3	4.35835e-03	-6.05957e-01	1.55505e+01
110	1	100	0	2	3	3.92301e-03	-5.64061e-01	1.50016e+01
110	1	101	0	2	3	3.64613e-03	-5.51273e-01	1.50795e+01
110	1	102	0	2	3	4.22424e-03	-6.08069e-01	1.58728e+01
110	1	103	0	2	3	4.79471e-03	-6.34430e-01	1.58878e+01
110	1	104	0	2	3	4.23528e-03	-5.97971e-01	1.56144e+01
110	1	105	0	2	3	4.16818e-03	-5.92416e-01	1.56197e+01
110	1	106	0	2	3	4.68818e-03	-6.37805e-01	1.71531e+01
110	1	107	0	2	3	4.61932e-03	-6.24145e-01	1.59002e+01
110	1	108	0	2	3	3.63074e-03	-5.56292e-01	1.56650e+01
110	1	109	0	2	3	4.03935e-03	-5.83580e-01	1.59778e+01
110	1	110	0	2	3	4.46256e-03	-6.22468e-01	1.61166e+01
110	1	111	0	2	3	4.52584e-03	-6.26878e-01	1.73382e+01
110	1	112	0	2	3	3.82224e-03	-5.71328e-01	1.50303e+01
110	1	113	0	2	3	3.98446e-03	-5.74482e-01	1.52665e+01
110	1	114	0	2	3	3.85869e-03	-5.81960e-01	1.50519e+01
110	1	115	0	2	3	4.61236e-03	-6.26038e-01	1.60081e+01
110	1	116	0	2	3	4.18151e-03	-5.96725e-01	1.56164e+01
110	1	117	0	2	3	4.20461e-03	-5.91716e-01	1.55221e+01
110	1	118	0	2	3	4.76756e-03	-6.28265e-01	1.51060e+01
110	1	119	0	2	3	4.17581e-03	-5.86660e-01	1.55452e+01
110	1	120	0	2	3	3.87213e-03	-5.72293e-01	1.48772e+01
110	1	121	0	2	3	3.64183e-03	-5.55252e-01	1.47780e+01
110	1	122	0	2	3	3.92404e-03	-5.86750e-01	1.65883e+01
110	1	123	0	2	3	4.26808e-03	-6.07617e-01	1.72769e+01
110	1	124	0	2	3	3.59123e-03	-5.45569e-01	1.39629e+01
110	1	125	0	2	3	3.72154e-03	-5.66951e-01	1.53787e+01
110	1	126	0	2	3	5.13302e-03	-6.62872e-01	1.67621e+01
110	1	127	0	2	3	3.57919e-03	-5.41681e-01	1.45053e+01
110	1	128	0	2	3	4.53228e-03	-6.42637e-01	1.71732e+01
110	1	129	0	2	3	3.62175e-03	-5.76178e-01	1.59165e+01
110	1	130	0	2	3	4.43068e-03	-6.26437e-01	1.58603e+01
110	1	131	0	2	3	3.81244e-03	-5.64507e-01	1.49213e+01
110	1	132	0	2	3	4.16408e-03	-6.10080e-01	1.66327e+01
110	1	133	0	2	3	6.32739e-03	-7.46163e-01	1.78959e+01
110	1	134	0	2	3	3.76462e-03	-5.87872e-01	1.62753e+01
110	1	135	0	2	3	4.10949e-03	-5.90402e-01	1.56920e+01
110	1	136	0	2	3	2.29282e-03	-4.60999e-01	1.39291e+01
110	1	137	0	2	3	5.34151e-03	-6.79210e-01	1.72386e+01
110	1	138	0	2	3	2.95099e-03	-5.11677e-01	1.41276e+01
110	1	139	0	2	3	4.85456e-03	-6.47138e-01	1.68005e+01
110	1	140	0	2	3	4.22798e-03	-6.01859e-01	1.55037e+01
110	1	141	0	2	3	4.31463e-03	-6.02248e-01	1.53243e+01
110	1	142	0	2	3	-7.68731e-03	2.82106e-01	-8.02304e-01
110	1	143	0	2	3	1.79038e-03	-4.07535e-01	1.23542e+01
110	1	144	0	2	3	-6.87632e-03	2.04100e-01	2.37348e+00
110	1	145	0	2	3	5.65030e-03	-6.64823e-01	1.61324e+01
110	1	146	0	2	3	5.38521e-03	-7.01120e-01	1.76989e+01
110	1	147	0	2	3	4.73666e-03	-6.31993e-01	1.54026e+01
110	1	148	0	2	3	8.84638e-03	-9.29072e-01	2.07660e+01
110	1	149	0	2	3	6.31145e-03	-7.57248e-01	1.90952e+01
110	1	150	0	2	3	6.66600e-03	-7.81670e-01	1.93373e+01
110	1	151	0	2	3	4.39919e-03	-5.93280e-01	1.50966e+01
110	1	152	0	2	3	-1.48147e-03	-1.71285e-01	8.54263e+00
110	1	153	0	2	3	-4.02816e-03	-1.33996e-02	6.35168e+00
110	1	154	0	2	3	2.71460e-03	-5.05528e-01	1.46005e+01
110	1	155	0	2	3	5.66025e-03	-7.05659e-01	1.64436e+01
110	1	156	0	2	3	2.27995e-03	-4.67440e-01	1.36635e+01
110	1	157	0	2	3	4.96871e-03	-6.44833e-01	1.71155e+01
110	1	158	0	2	3	-6.85932e-03	2.01566e-01	2.03234e+00
110	1	159	0	2	3	-1.42540e-02	7.48011e-01	-7.30983e+00
