##
#  file: HodoPHCParam_Dummy
#  date: 2016.06.15
#  note: first version
#
#
#######################################################################
# CId	PlId	Seg	UorD	Type	nParam	p0	p1	...
#
#	Type=0 no correction will be performed
#	Type=1 ct=t-p[0]/sqrt(a-p[1])+p[2]
#	Type=2 ct=p[0]*a*a + p[1]*a + p[2] for Fiber
#
#######################################################################
# BH1 Up                                                              #
#######################################################################
1	0	0	0	1	3	5.08705e+00	-1.98362e+00	2.93454e+00
1	0	1	0	1	3	6.69706e-01	2.91546e-01	8.10244e-01
1	0	2	0	1	3	5.01779e-01	3.94271e-01	6.64278e-01
1	0	3	0	1	3	7.45330e-01	1.66754e-01	8.56036e-01
1	0	4	0	1	3	8.52890e-01	8.60054e-02	9.27134e-01
1	0	5	0	1	3	1.69981e+00	-1.50393e-01	1.62794e+00
1	0	6	0	1	3	1.58582e+00	-2.35346e-01	1.46587e+00
1	0	7	0	1	3	1.61970e+00	-1.46184e-01	1.54504e+00
1	0	8	0	1	3	1.37546e+00	-2.52696e-01	1.28233e+00
1	0	9	0	1	3	1.74814e+00	-2.76223e-01	1.64100e+00
1	0	10	0	1	3	1.60339e+01	-4.62629e+00	6.81205e+00
#######################################################################
# BH1 Down                                                            #
#######################################################################
1	0	0	1	1	3	1.33519e+00	-9.13138e-02	1.27257e+00
1	0	1	1	1	3	6.24909e-01	2.88647e-01	7.65429e-01
1	0	2	1	1	3	6.68954e-01	2.21542e-01	7.45264e-01
1	0	3	1	1	3	1.32364e+00	-4.57464e-01	1.08318e+00
1	0	4	1	1	3	1.18002e+00	-7.91080e-02	1.17008e+00
1	0	5	1	1	3	2.07299e+00	-4.79828e-01	1.70935e+00
1	0	6	1	1	3	1.96000e+00	-5.20196e-01	1.63958e+00
1	0	7	1	1	3	1.89852e+00	-4.50289e-01	1.60743e+00
1	0	8	1	1	3	1.02469e+00	-6.73213e-02	1.04734e+00
1	0	9	1	1	3	1.64894e+00	-1.85977e-01	1.61292e+00
1	0	10	1	1	3	7.15603e-01	2.22738e-01	8.54972e-01
#######################################################################
# BH2 Up                                                              #
#######################################################################
2	0	0	0	1	3	1.43047e-01	2.98695e-01	2.00085e-01
2	0	1	0	1	3	8.79554e-01	-2.31747e-01	7.85839e-01
2	0	2	0	1	3	5.94572e-01	-4.97541e-01	4.68956e-01
2	0	3	0	1	3	1.91725e-01	3.94747e-02	1.91115e-01
2	0	4	0	1	3	3.31184e-01	-9.38469e-02	3.15823e-01
2	0	5	0	1	3	1.99769e-01	2.70254e-01	2.37321e-01
2	0	6	0	1	3	2.58948e-01	2.41832e-01	3.10133e-01
2	0	7	0	1	3	3.50426e-01	8.80094e-02	3.70898e-01
#######################################################################
# BH2 Down                                                            #
#######################################################################
2	0	0	1	1	3	3.94607e-01	-1.85207e-01	3.84440e-01
2	0	1	1	1	3	9.92155e-01	-3.85817e-01	8.32122e-01
2	0	2	1	1	3	4.10986e-01	-9.27803e-02	3.90143e-01
2	0	3	1	1	3	1.76416e-01	4.84160e-02	1.75490e-01
2	0	4	1	1	3	2.42956e-01	1.23979e-01	2.64593e-01
2	0	5	1	1	3	3.57967e-01	4.32013e-02	3.63973e-01
2	0	6	1	1	3	1.22093e+00	-6.67168e-01	9.30075e-01
2	0	7	1	1	3	2.92156e-01	-4.36810e-03	2.98702e-01
#######################################################################
# BAC                                                                 #
#######################################################################
3	0	0	0	1	3	0.00000e+00	0.00000e+00	0.00000e+00
3	0	1	0	1	3	0.00000e+00	0.00000e+00	0.00000e+00
#######################################################################
# FBH Up                                                              #
#######################################################################
4	0	0	0	2	3	-5.62952e-03	8.96903e-01	-3.53273e+01
4	0	1	0	2	3	-4.29399e-03	7.37975e-01	-3.00049e+01
4	0	2	0	2	3	-5.26894e-03	8.67305e-01	-3.38992e+01
4	0	3	0	2	3	-3.80183e-03	6.69237e-01	-2.72260e+01
4	0	4	0	2	3	-4.35014e-03	7.35785e-01	-2.92008e+01
4	0	5	0	2	3	-4.02541e-03	6.86907e-01	-2.70312e+01
4	0	6	0	2	3	-4.16660e-03	7.08229e-01	-2.81512e+01
4	0	7	0	2	3	-3.93117e-03	6.84759e-01	-2.69101e+01
4	0	8	0	2	3	-4.14423e-03	6.96902e-01	-2.65883e+01
4	0	9	0	2	3	-2.83372e-03	5.62925e-01	-2.20787e+01
4	0	10	0	2	3	-4.07944e-03	7.09420e-01	-2.75603e+01
4	0	11	0	2	3	-3.50961e-03	6.50113e-01	-2.64167e+01
4	0	12	0	2	3	-3.52415e-03	6.49734e-01	-2.67232e+01
4	0	13	0	2	3	-4.13420e-03	7.26957e-01	-2.99675e+01
4	0	14	0	2	3	-4.90315e-03	8.27563e-01	-3.35630e+01
4	0	15	0	2	3	-4.73048e-03	8.13189e-01	-3.31901e+01
#######################################################################
# FBH Down                                                            #
#######################################################################
4	0	0	1	2	3	-5.62952e-03	8.96903e-01	-3.53273e+01
4	0	1	1	2	3	-4.29399e-03	7.37975e-01	-3.00049e+01
4	0	2	1	2	3	-5.26894e-03	8.67305e-01	-3.38992e+01
4	0	3	1	2	3	-3.80183e-03	6.69237e-01	-2.72260e+01
4	0	4	1	2	3	-4.35014e-03	7.35785e-01	-2.92008e+01
4	0	5	1	2	3	-4.02541e-03	6.86907e-01	-2.70312e+01
4	0	6	1	2	3	-4.16660e-03	7.08229e-01	-2.81512e+01
4	0	7	1	2	3	-3.93117e-03	6.84759e-01	-2.69101e+01
4	0	8	1	2	3	-4.14423e-03	6.96902e-01	-2.65883e+01
4	0	9	1	2	3	-2.83372e-03	5.62925e-01	-2.20787e+01
4	0	10	1	2	3	-4.07944e-03	7.09420e-01	-2.75603e+01
4	0	11	1	2	3	-3.50961e-03	6.50113e-01	-2.64167e+01
4	0	12	1	2	3	-3.52415e-03	6.49734e-01	-2.67232e+01
4	0	13	1	2	3	-4.13420e-03	7.26957e-01	-2.99675e+01
4	0	14	1	2	3	-4.90315e-03	8.27563e-01	-3.35630e+01
4	0	15	1	2	3	-4.73048e-03	8.13189e-01	-3.31901e+01
#######################################################################
# PVAC                                                                #
#######################################################################
5	0	0	0	1	3	0.00000e+00	0.00000e+00	0.00000e+00
#######################################################################
# FAC                                                                 #
#######################################################################
6	0	0	0	1	3	0.00000e+00	0.00000e+00	0.00000e+00
#######################################################################
# SCH                                                                 #
#######################################################################
#7	0	0	0	2	3	-0.00500000	0.821213	-32.185321
#7	0	1	0	2	3	-0.00500000	0.830248	-32.269563
#7	0	2	0	2	3	-0.00500000	0.793073	-29.315934
#7	0	3	0	2	3	-0.00500000	0.772144	-28.276705
#7	0	4	0	2	3	-0.00500000	0.801968	-30.687167
#7	0	5	0	2	3	-0.00500000	0.778300	-28.439251
#7	0	6	0	2	3	-0.00500000	0.765872	-27.918181
#7	0	7	0	2	3	-0.00500000	0.738459	-26.016797
#7	0	8	0	2	3	-0.00500000	0.778318	-28.676371
#7	0	9	0	2	3	-0.00500000	0.776670	-28.892887
#7	0	10	0	2	3	-0.00500000	0.764278	-28.122474
#7	0	11	0	2	3	-0.00500000	0.790742	-29.423647
#7	0	12	0	2	3	-0.00500000	0.811330	-30.487019
#7	0	13	0	2	3	-0.00500000	0.818750	-30.891512
#7	0	14	0	2	3	-0.00500000	0.802541	-30.009136
#7	0	15	0	2	3	-0.00500000	0.809525	-30.751746
#7	0	16	0	2	3	-0.00500000	0.802597	-30.845509
#7	0	17	0	2	3	-0.00500000	0.835028	-32.780792
#7	0	18	0	2	3	-0.00500000	0.859176	-33.938731
#7	0	19	0	2	3	-0.00500000	0.814851	-31.445396
#7	0	20	0	2	3	-0.00500000	0.809426	-30.781087
#7	0	21	0	2	3	-0.00500000	0.780678	-28.888756
#7	0	22	0	2	3	-0.00500000	0.808206	-30.719604
#7	0	23	0	2	3	-0.00500000	0.774024	-27.858339
#7	0	24	0	2	3	-0.00500000	0.794308	-29.022101
#7	0	25	0	2	3	-0.00500000	0.775649	-27.980186
#7	0	26	0	2	3	-0.00500000	0.788483	-28.687567
#7	0	27	0	2	3	-0.00466315	0.771386	-29.253260
#7	0	28	0	2	3	-0.00483132	0.790854	-28.637741
#7	0	29	0	2	3	-0.00497049	0.812994	-30.786914
#7	0	30	0	2	3	-0.00500000	0.787793	-28.362716
#7	0	31	0	2	3	-0.00500000	0.790759	-28.876812
#7	0	32	0	2	3	-0.00500000	0.824826	-31.655285
#7	0	33	0	2	3	-0.00500000	0.845304	-33.407765
#7	0	34	0	2	3	-0.00500000	0.832263	-32.939799
#7	0	35	0	2	3	-0.00500000	0.820631	-31.695372
#7	0	36	0	2	3	-0.00500000	0.836997	-33.200590
#7	0	37	0	2	3	-0.00500000	0.819690	-32.097193
#7	0	38	0	2	3	-0.00500000	0.808109	-31.263214
#7	0	39	0	2	3	-0.00500000	0.815224	-31.135523
#7	0	40	0	2	3	-0.00500000	0.803398	-29.897923
#7	0	41	0	2	3	-0.00500000	0.815685	-31.165519
#7	0	42	0	2	3	-0.00500000	0.812980	-30.737261
#7	0	43	0	2	3	-0.00500000	0.829418	-32.693307
#7	0	44	0	2	3	-0.00500000	0.789530	-29.464920
#7	0	45	0	2	3	-0.00500000	0.804789	-31.208151
#7	0	46	0	2	3	-0.00500000	0.830106	-32.806514
#7	0	47	0	2	3	-0.00500000	0.819206	-31.373242
#7	0	48	0	2	3	-0.00500000	0.816165	-31.709319
#7	0	49	0	2	3	-0.00500000	0.798496	-30.201709
#7	0	50	0	2	3	-0.00500000	0.812167	-31.795745
#7	0	51	0	2	3	-0.00500000	0.810749	-31.375226
#7	0	52	0	2	3	-0.00500000	0.803385	-31.372512
#7	0	53	0	2	3	-0.00500000	0.777405	-29.262831
#7	0	54	0	2	3	-0.00500000	0.783954	-29.763410
#7	0	55	0	2	3	-0.00500000	0.789443	-29.976449
#7	0	56	0	2	3	-0.00500000	0.838828	-33.261086
#7	0	57	0	2	3	-0.00500000	0.804421	-30.573195
#7	0	58	0	2	3	-0.00500000	0.773283	-29.111048
#7	0	59	0	2	3	-0.00500000	0.811789	-31.449459
#7	0	60	0	2	3	-0.00500000	0.759724	-28.110014
#7	0	61	0	2	3	-0.00500000	0.810884	-31.379063
#7	0	62	0	2	3	-0.00500000	0.771910	-28.435006
#7	0	63	0	2	3	-0.00500000	0.796658	-30.511906
#######################################################################
# TOF Up                                                              #
#######################################################################
7	0	0	0	1	3	5.24830e+00	-1.96630e+00	2.96170e+00
7	0	1	0	1	3	5.24830e+00	-1.96630e+00	2.96170e+00
7	0	2	0	1	3	5.24830e+00	-1.96630e+00	2.96170e+00
7	0	3	0	1	3	5.24830e+00	-1.96630e+00	2.96170e+00
7	0	4	0	1	3	5.24830e+00	-1.96630e+00	2.96170e+00
7	0	5	0	1	3	5.24830e+00	-1.96630e+00	2.96170e+00
7	0	6	0	1	3	6.97090e+00	-3.03520e+00	3.39910e+00
7	0	7	0	1	3	4.05450e+00	-1.96150e+00	2.30360e+00
7	0	8	0	1	3	1.16940e+02	-2.98600e+01	2.09880e+01
7	0	9	0	1	3	5.24830e+00	-1.96630e+00	2.96170e+00
7	0	10	0	1	3	5.24830e+00	-1.96630e+00	2.96170e+00
7	0	11	0	1	3	5.24830e+00	-1.96630e+00	2.96170e+00
7	0	12	0	1	3	5.24830e+00	-1.96630e+00	2.96170e+00
7	0	13	0	1	3	5.24830e+00	-1.96630e+00	2.96170e+00
7	0	14	0	1	3	5.24830e+00	-1.96630e+00	2.96170e+00
7	0	15	0	1	3	5.24830e+00	-1.96630e+00	2.96170e+00
7	0	16	0	1	3	5.24830e+00	-1.96630e+00	2.96170e+00
7	0	17	0	1	3	5.24830e+00	-1.96630e+00	2.96170e+00
7	0	18	0	1	3	5.24830e+00	-1.96630e+00	2.96170e+00
7	0	19	0	1	3	7.11491e-01	1.85180e-03	5.82402e-01
7	0	20	0	1	3	5.59404e-01	-1.73810e-03	4.50716e-01
7	0	21	0	1	3	8.92499e-01	1.99900e-03	7.37364e-01
7	0	22	0	1	3	6.37553e-01	1.99960e-03	5.45449e-01
7	0	23	0	1	3	1.19210e+00	1.98920e-03	9.99994e-01
#######################################################################
# TOF Down                                                            #
#######################################################################
7	0	0	1	1	3	5.84300e+00	-2.30730e+00	3.11320e+00
7	0	1	1	1	3	5.84300e+00	-2.30730e+00	3.11320e+00
7	0	2	1	1	3	5.84300e+00	-2.30730e+00	3.11320e+00
7	0	3	1	1	3	5.84300e+00	-2.30730e+00	3.11320e+00
7	0	4	1	1	3	5.84300e+00	-2.30730e+00	3.11320e+00
7	0	5	1	1	3	5.84300e+00	-2.30730e+00	3.11320e+00
7	0	6	1	1	3	1.41330e+01	-5.81170e+00	5.32680e+00
7	0	7	1	1	3	7.84850e+01	-2.02870e+01	1.69500e+01
7	0	8	1	1	3	2.20240e+02	-3.62440e+01	3.60080e+01
7	0	9	1	1	3	5.84300e+00	-2.30730e+00	3.11320e+00
7	0	10	1	1	3	5.84300e+00	-2.30730e+00	3.11320e+00
7	0	11	1	1	3	5.84300e+00	-2.30730e+00	3.11320e+00
7	0	12	1	1	3	5.84300e+00	-2.30730e+00	3.11320e+00
7	0	13	1	1	3	5.84300e+00	-2.30730e+00	3.11320e+00
7	0	14	1	1	3	5.84300e+00	-2.30730e+00	3.11320e+00
7	0	15	1	1	3	5.84300e+00	-2.30730e+00	3.11320e+00
7	0	16	1	1	3	5.84300e+00	-2.30730e+00	3.11320e+00
7	0	17	1	1	3	5.84300e+00	-2.30730e+00	3.11320e+00
7	0	18	1	1	3	5.84300e+00	-2.30730e+00	3.11320e+00
7	0	19	1	1	3	6.18741e-01	1.99860e-03	4.90831e-01
7	0	20	1	1	3	5.75901e-01	1.04210e-03	4.72509e-01
7	0	21	1	1	3	9.41046e-01	1.99890e-03	7.79357e-01
7	0	22	1	1	3	4.84266e-01	-1.95590e-03	3.99786e-01
7	0	23	1	1	3	8.97714e-01	1.99860e-03	7.56300e-01
#######################################################################
# BFT U                                                               #
#######################################################################
110	0	0	0	2	3	2.00328e-04	-3.21232e-01	1.05735e+01
110	0	1	0	2	3	-2.70277e-02	1.73773e+00	-2.76220e+01
110	0	2	0	2	3	-4.07556e-03	3.64814e-02	3.08570e+00
110	0	3	0	2	3	2.16717e-03	-4.34200e-01	1.10716e+01
110	0	4	0	2	3	6.50148e-03	-7.73774e-01	1.88438e+01
110	0	5	0	2	3	-8.00812e-03	3.43801e-01	-1.83913e+00
110	0	6	0	2	3	3.78039e-03	-5.74006e-01	1.44548e+01
110	0	7	0	2	3	5.30416e-03	-6.62929e-01	1.67238e+01
110	0	8	0	2	3	1.59926e-03	-3.95499e-01	1.12339e+01
110	0	9	0	2	3	-2.25524e-03	-8.54036e-02	6.55566e+00
110	0	10	0	2	3	3.82184e-03	-5.52660e-01	1.31235e+01
110	0	11	0	2	3	-3.72565e-03	1.78502e-02	4.79665e+00
110	0	12	0	2	3	3.19248e-03	-5.19262e-01	1.30485e+01
110	0	13	0	2	3	2.44709e-03	-4.41739e-01	1.30834e+01
110	0	14	0	2	3	2.73212e-03	-4.86856e-01	1.22860e+01
110	0	15	0	2	3	1.64190e-03	-3.81830e-01	1.20528e+01
110	0	16	0	2	3	3.51849e-03	-5.20572e-01	1.24527e+01
110	0	17	0	2	3	5.69419e-04	-2.98198e-01	1.00710e+01
110	0	18	0	2	3	4.17423e-03	-5.92014e-01	1.40558e+01
110	0	19	0	2	3	4.48746e-03	-5.86541e-01	1.33204e+01
110	0	20	0	2	3	3.63335e-03	-5.42332e-01	1.35943e+01
110	0	21	0	2	3	2.45746e-03	-4.53573e-01	1.46286e+01
110	0	22	0	2	3	6.04287e-03	-7.14455e-01	1.64524e+01
110	0	23	0	2	3	4.65644e-03	-6.02921e-01	1.58245e+01
110	0	24	0	2	3	1.80500e-03	-4.14143e-01	1.17234e+01
110	0	25	0	2	3	-1.33967e-02	7.69885e-01	-9.57400e+00
110	0	26	0	2	3	3.33901e-03	-5.15860e-01	1.38944e+01
110	0	27	0	2	3	3.33850e-03	-5.15807e-01	1.43415e+01
110	0	28	0	2	3	5.28466e-03	-6.44281e-01	1.35626e+01
110	0	29	0	2	3	4.08899e-03	-5.61316e-01	1.45458e+01
110	0	30	0	2	3	1.94222e-03	-4.26383e-01	1.13661e+01
110	0	31	0	2	3	4.47656e-03	-6.13689e-01	1.63659e+01
110	0	32	0	2	3	4.45206e-03	-6.06072e-01	1.47971e+01
110	0	33	0	2	3	4.27904e-03	-5.68830e-01	1.34855e+01
110	0	34	0	2	3	3.11150e-03	-5.06453e-01	1.27559e+01
110	0	35	0	2	3	4.33672e-03	-6.01979e-01	1.60603e+01
110	0	36	0	2	3	4.29980e-03	-5.88201e-01	1.40731e+01
110	0	37	0	2	3	3.27614e-03	-5.12114e-01	1.50924e+01
110	0	38	0	2	3	3.12224e-03	-5.01414e-01	1.20237e+01
110	0	39	0	2	3	3.08078e-03	-4.91810e-01	1.34561e+01
110	0	40	0	2	3	3.41283e-03	-5.26201e-01	1.29314e+01
110	0	41	0	2	3	2.67156e-03	-4.66953e-01	1.42231e+01
110	0	42	0	2	3	5.17471e-03	-6.46413e-01	1.54956e+01
110	0	43	0	2	3	3.90515e-03	-5.67000e-01	1.57145e+01
110	0	44	0	2	3	3.95057e-03	-5.70430e-01	1.38746e+01
110	0	45	0	2	3	4.53282e-03	-5.97933e-01	1.60265e+01
110	0	46	0	2	3	4.61601e-03	-6.26558e-01	1.51203e+01
110	0	47	0	2	3	4.18583e-03	-5.80381e-01	1.68247e+01
110	0	48	0	2	3	3.77563e-03	-5.52367e-01	1.25017e+01
110	0	49	0	2	3	3.85829e-03	-5.49116e-01	1.55644e+01
110	0	50	0	2	3	5.05349e-03	-6.48570e-01	1.56486e+01
110	0	51	0	2	3	5.38039e-03	-6.63306e-01	1.65931e+01
110	0	52	0	2	3	3.84196e-03	-5.52706e-01	1.30082e+01
110	0	53	0	2	3	4.54150e-03	-5.92251e-01	1.50088e+01
110	0	54	0	2	3	5.42532e-03	-6.69129e-01	1.54965e+01
110	0	55	0	2	3	5.01685e-03	-6.45184e-01	1.72780e+01
110	0	56	0	2	3	3.59213e-03	-5.52967e-01	1.45954e+01
110	0	57	0	2	3	5.06580e-03	-6.45901e-01	1.69188e+01
110	0	58	0	2	3	4.21407e-03	-5.97593e-01	1.55683e+01
110	0	59	0	2	3	4.71353e-03	-6.36715e-01	1.71950e+01
110	0	60	0	2	3	4.73689e-03	-6.22343e-01	1.43171e+01
110	0	61	0	2	3	3.47162e-03	-5.21277e-01	1.42200e+01
110	0	62	0	2	3	4.67739e-03	-6.16443e-01	1.44816e+01
110	0	63	0	2	3	4.46264e-03	-6.04171e-01	1.47834e+01
110	0	64	0	2	3	3.73592e-03	-5.58186e-01	1.39502e+01
110	0	65	0	2	3	3.21187e-03	-5.14156e-01	1.42574e+01
110	0	66	0	2	3	4.28307e-03	-6.06230e-01	1.60382e+01
110	0	67	0	2	3	4.32236e-03	-5.97588e-01	1.59214e+01
110	0	68	0	2	3	4.40897e-03	-6.14453e-01	1.54826e+01
110	0	69	0	2	3	3.97098e-03	-5.62635e-01	1.45446e+01
110	0	70	0	2	3	3.74805e-03	-5.78011e-01	1.39641e+01
110	0	71	0	2	3	4.05249e-03	-5.81125e-01	1.54116e+01
110	0	72	0	2	3	3.40542e-03	-5.48553e-01	1.33064e+01
110	0	73	0	2	3	3.81289e-03	-5.60969e-01	1.43858e+01
110	0	74	0	2	3	4.85680e-03	-6.51266e-01	1.60618e+01
110	0	75	0	2	3	4.79071e-03	-6.24390e-01	1.57193e+01
110	0	76	0	2	3	3.38592e-03	-5.30649e-01	1.28389e+01
110	0	77	0	2	3	3.21455e-03	-5.14348e-01	1.41061e+01
110	0	78	0	2	3	5.52800e-03	-6.89887e-01	1.59260e+01
110	0	79	0	2	3	3.93998e-03	-5.66446e-01	1.47068e+01
110	0	80	0	2	3	3.15452e-03	-5.17715e-01	1.37214e+01
110	0	81	0	2	3	3.27165e-03	-5.11293e-01	1.36911e+01
110	0	82	0	2	3	3.49794e-03	-5.36247e-01	1.34934e+01
110	0	83	0	2	3	4.25043e-03	-5.99651e-01	1.53207e+01
110	0	84	0	2	3	3.84305e-03	-5.55753e-01	1.36421e+01
110	0	85	0	2	3	4.98098e-04	-3.12831e-01	1.04819e+01
110	0	86	0	2	3	4.62400e-03	-6.34553e-01	1.50717e+01
110	0	87	0	2	3	3.08969e-03	-5.08088e-01	1.41976e+01
110	0	88	0	2	3	3.72882e-03	-5.54636e-01	1.41866e+01
110	0	89	0	2	3	2.65308e-03	-4.71581e-01	1.28554e+01
110	0	90	0	2	3	3.99372e-03	-5.78368e-01	1.37042e+01
110	0	91	0	2	3	5.51179e-03	-6.86382e-01	1.63407e+01
110	0	92	0	2	3	3.99816e-03	-5.91040e-01	1.48950e+01
110	0	93	0	2	3	2.37020e-03	-4.62071e-01	1.26656e+01
110	0	94	0	2	3	3.12050e-03	-5.29480e-01	1.46739e+01
110	0	95	0	2	3	3.87800e-03	-5.76187e-01	1.53561e+01
110	0	96	0	2	3	4.50690e-03	-6.27789e-01	1.52031e+01
110	0	97	0	2	3	2.35800e-03	-4.50860e-01	1.30469e+01
110	0	98	0	2	3	5.27747e-03	-6.77251e-01	1.58863e+01
110	0	99	0	2	3	3.44884e-03	-5.35608e-01	1.43564e+01
110	0	100	0	2	3	4.00237e-03	-5.74611e-01	1.45169e+01
110	0	101	0	2	3	3.60047e-03	-5.39767e-01	1.45058e+01
110	0	102	0	2	3	4.49939e-03	-6.20103e-01	1.57134e+01
110	0	103	0	2	3	5.24453e-03	-6.70295e-01	1.65710e+01
110	0	104	0	2	3	4.12225e-03	-5.88015e-01	1.39721e+01
110	0	105	0	2	3	4.13705e-03	-5.83763e-01	1.48738e+01
110	0	106	0	2	3	3.88987e-03	-5.71802e-01	1.47276e+01
110	0	107	0	2	3	3.43636e-03	-5.22679e-01	1.31490e+01
110	0	108	0	2	3	4.35239e-03	-6.03334e-01	1.50438e+01
110	0	109	0	2	3	5.28785e-03	-6.68631e-01	1.62571e+01
110	0	110	0	2	3	4.26494e-03	-5.91044e-01	1.47074e+01
110	0	111	0	2	3	4.51884e-03	-6.10389e-01	1.51510e+01
110	0	112	0	2	3	3.55528e-03	-5.38949e-01	1.26069e+01
110	0	113	0	2	3	4.16900e-03	-5.67510e-01	1.41103e+01
110	0	114	0	2	3	4.72118e-03	-6.30541e-01	1.56455e+01
110	0	115	0	2	3	2.25310e-03	-4.39815e-01	1.19743e+01
110	0	116	0	2	3	3.63987e-03	-5.52570e-01	1.37441e+01
110	0	117	0	2	3	5.29363e-03	-6.62159e-01	1.69644e+01
110	0	118	0	2	3	6.61895e-03	-7.66071e-01	1.81553e+01
110	0	119	0	2	3	7.88244e-04	-3.31846e-01	9.18856e+00
110	0	120	0	2	3	3.19654e-03	-5.24305e-01	1.33719e+01
110	0	121	0	2	3	5.45046e-03	-6.64559e-01	1.45566e+01
110	0	122	0	2	3	-5.29183e-03	1.06128e-01	2.97019e+00
110	0	123	0	2	3	7.07591e-03	-8.08745e-01	1.92253e+01
110	0	124	0	2	3	-5.71779e-03	2.25037e-01	-1.44694e+00
110	0	125	0	2	3	3.51233e-03	-5.05009e-01	1.09656e+01
110	0	126	0	2	3	2.94619e-03	-5.00698e-01	1.30174e+01
110	0	127	0	2	3	1.97091e-03	-4.36921e-01	1.22499e+01
110	0	128	0	2	3	1.29009e-03	-4.09415e-01	1.23696e+01
110	0	129	0	2	3	-1.30781e-03	-2.51251e-01	1.00492e+01
110	0	130	0	2	3	-1.68526e-02	9.64333e-01	-1.31332e+01
110	0	131	0	2	3	1.67980e-03	-3.81462e-01	1.09787e+01
110	0	132	0	2	3	-5.77583e-05	-2.90145e-01	1.04051e+01
110	0	133	0	2	3	-1.31787e-02	6.84760e-01	-7.86843e+00
110	0	134	0	2	3	7.23954e-03	-8.68233e-01	2.12708e+01
110	0	135	0	2	3	-4.56331e-03	2.39513e-02	4.02904e+00
110	0	136	0	2	3	4.65945e-03	-6.01423e-01	1.42605e+01
110	0	137	0	2	3	5.60847e-03	-7.54534e-01	1.98968e+01
110	0	138	0	2	3	-1.27017e-02	7.26986e-01	-9.99485e+00
110	0	139	0	2	3	1.46827e-02	-1.37286e+00	2.84518e+01
110	0	140	0	2	3	-4.15114e-03	1.42328e-01	-4.84561e-01
110	0	141	0	2	3	2.95815e-03	-4.32472e-01	1.02987e+01
110	0	142	0	2	3	2.83250e-04	-2.97927e-01	9.46301e+00
110	0	143	0	2	3	3.47223e-03	-6.11944e-01	1.65519e+01
110	0	144	0	2	3	-2.84180e-03	-1.08136e-01	6.61302e+00
110	0	145	0	2	3	3.13516e-03	-5.86975e-01	1.58392e+01
110	0	146	0	2	3	-1.60384e-02	7.42438e-01	-5.96055e+00
110	0	147	0	2	3	-3.19999e-03	-6.04825e-02	6.03475e+00
110	0	148	0	2	3	3.03072e-04	-3.20098e-01	9.93372e+00
110	0	149	0	2	3	1.60899e-03	-3.82586e-01	1.12907e+01
110	0	150	0	2	3	-2.23469e-02	1.23431e+00	-1.44661e+01
110	0	151	0	2	3	-1.25063e-03	-2.63663e-01	1.06772e+01
110	0	152	0	2	3	-2.03026e-02	1.09826e+00	-1.21005e+01
110	0	153	0	2	3	-2.63389e-02	1.71311e+00	-2.76349e+01
110	0	154	0	2	3	-1.08774e-03	-2.35896e-01	8.61055e+00
110	0	155	0	2	3	7.67071e-03	-7.24578e-01	1.40403e+01
110	0	156	0	2	3	1.27327e-02	-1.13537e+00	2.32721e+01
110	0	157	0	2	3	1.04654e-02	-9.94338e-01	2.09275e+01
110	0	158	0	2	3	-1.38701e-02	4.83372e-01	3.33307e-01
110	0	159	0	2	3	-3.41946e-03	1.44513e-02	3.15328e+00
#######################################################################
# BFT D                                                               #
#######################################################################
110	1	0	0	2	3	-9.02364e-03	4.38723e-01	-3.25649e+00
110	1	1	0	2	3	3.23957e-03	-5.46824e-01	1.59702e+01
110	1	2	0	2	3	6.90206e-03	-7.98782e-01	1.97257e+01
110	1	3	0	2	3	4.13339e-04	-2.94449e-01	1.08396e+01
110	1	4	0	2	3	2.94354e-03	-5.01598e-01	1.41137e+01
110	1	5	0	2	3	3.93897e-03	-5.69078e-01	1.62700e+01
110	1	6	0	2	3	2.45986e-03	-4.63442e-01	1.21200e+01
110	1	7	0	2	3	3.77825e-03	-5.30426e-01	1.44861e+01
110	1	8	0	2	3	2.52499e-03	-4.81803e-01	1.42613e+01
110	1	9	0	2	3	3.63962e-03	-5.55131e-01	1.70012e+01
110	1	10	0	2	3	4.15647e-03	-6.10827e-01	1.65509e+01
110	1	11	0	2	3	4.60744e-03	-6.17400e-01	1.64753e+01
110	1	12	0	2	3	5.55998e-03	-6.84800e-01	1.66182e+01
110	1	13	0	2	3	1.58596e-03	-3.93771e-01	1.30624e+01
110	1	14	0	2	3	5.03820e-03	-6.52265e-01	1.58857e+01
110	1	15	0	2	3	1.14547e-03	-3.84334e-01	1.33770e+01
110	1	16	0	2	3	5.87175e-03	-6.89169e-01	1.64467e+01
110	1	17	0	2	3	1.61722e-03	-4.04493e-01	1.26026e+01
110	1	18	0	2	3	3.17767e-03	-5.34334e-01	1.39392e+01
110	1	19	0	2	3	-7.43260e-03	2.94533e-01	-3.31439e-01
110	1	20	0	2	3	2.74849e-03	-4.97634e-01	1.40272e+01
110	1	21	0	2	3	-6.72621e-03	2.25287e-01	2.19266e+00
110	1	22	0	2	3	1.88740e-03	-4.34609e-01	1.25996e+01
110	1	23	0	2	3	3.55006e-03	-5.28472e-01	1.50899e+01
110	1	24	0	2	3	2.09991e-03	-4.37434e-01	1.33378e+01
110	1	25	0	2	3	4.42738e-03	-6.08757e-01	1.69422e+01
110	1	26	0	2	3	5.25687e-03	-6.76155e-01	1.66182e+01
110	1	27	0	2	3	-3.50461e-03	-1.36798e-02	6.66162e+00
110	1	28	0	2	3	3.47706e-03	-5.54466e-01	1.56299e+01
110	1	29	0	2	3	3.88388e-03	-5.71534e-01	1.65416e+01
110	1	30	0	2	3	3.67437e-03	-5.54395e-01	1.46647e+01
110	1	31	0	2	3	3.64816e-03	-5.57173e-01	1.63796e+01
110	1	32	0	2	3	2.74432e-03	-4.89075e-01	1.47392e+01
110	1	33	0	2	3	3.52720e-03	-5.45764e-01	1.48987e+01
110	1	34	0	2	3	3.61276e-03	-5.45395e-01	1.39919e+01
110	1	35	0	2	3	3.74975e-03	-5.73333e-01	1.67983e+01
110	1	36	0	2	3	3.52879e-03	-5.30230e-01	1.47560e+01
110	1	37	0	2	3	3.62723e-03	-5.45611e-01	1.41164e+01
110	1	38	0	2	3	2.87386e-03	-5.04144e-01	1.48538e+01
110	1	39	0	2	3	2.43343e-03	-4.63687e-01	1.37625e+01
110	1	40	0	2	3	3.99766e-03	-5.75058e-01	1.46420e+01
110	1	41	0	2	3	4.07776e-03	-5.72573e-01	1.59073e+01
110	1	42	0	2	3	3.69831e-03	-5.50601e-01	1.47444e+01
110	1	43	0	2	3	2.22978e-03	-4.43282e-01	1.44498e+01
110	1	44	0	2	3	3.74934e-03	-5.72837e-01	1.49694e+01
110	1	45	0	2	3	3.90515e-03	-5.62461e-01	1.59609e+01
110	1	46	0	2	3	4.25038e-03	-6.04390e-01	1.53859e+01
110	1	47	0	2	3	4.43613e-03	-6.27573e-01	1.82747e+01
110	1	48	0	2	3	3.17859e-03	-5.15436e-01	1.44020e+01
110	1	49	0	2	3	3.20407e-03	-5.08728e-01	1.51811e+01
110	1	50	0	2	3	4.27074e-03	-5.98785e-01	1.48879e+01
110	1	51	0	2	3	4.05990e-03	-5.81583e-01	1.63679e+01
110	1	52	0	2	3	4.12085e-03	-5.96883e-01	1.51416e+01
110	1	53	0	2	3	3.72528e-03	-5.57444e-01	1.62541e+01
110	1	54	0	2	3	4.29494e-03	-6.12463e-01	1.64208e+01
110	1	55	0	2	3	4.65754e-03	-6.21746e-01	1.70994e+01
110	1	56	0	2	3	4.53469e-03	-6.31852e-01	1.58322e+01
110	1	57	0	2	3	3.64723e-03	-5.56720e-01	1.58383e+01
110	1	58	0	2	3	3.67865e-03	-5.71827e-01	1.67078e+01
110	1	59	0	2	3	3.80089e-03	-5.73609e-01	1.73853e+01
110	1	60	0	2	3	3.56035e-03	-5.55888e-01	1.52556e+01
110	1	61	0	2	3	3.85832e-03	-5.63647e-01	1.54986e+01
110	1	62	0	2	3	5.13019e-03	-6.57481e-01	1.58225e+01
110	1	63	0	2	3	3.66688e-03	-5.51740e-01	1.58868e+01
110	1	64	0	2	3	4.21595e-03	-6.06588e-01	1.65763e+01
110	1	65	0	2	3	3.87673e-03	-5.69427e-01	1.56050e+01
110	1	66	0	2	3	4.66909e-03	-6.41727e-01	1.58841e+01
110	1	67	0	2	3	4.40736e-03	-6.12759e-01	1.54924e+01
110	1	68	0	2	3	3.83228e-03	-5.65672e-01	1.41023e+01
110	1	69	0	2	3	3.62423e-03	-5.57968e-01	1.55872e+01
110	1	70	0	2	3	3.81801e-03	-5.69950e-01	1.55846e+01
110	1	71	0	2	3	3.91070e-03	-5.76239e-01	1.59438e+01
110	1	72	0	2	3	3.63083e-03	-5.56708e-01	1.48949e+01
110	1	73	0	2	3	2.99000e-03	-5.08568e-01	1.52590e+01
110	1	74	0	2	3	4.39535e-03	-6.10017e-01	1.49771e+01
110	1	75	0	2	3	4.14845e-03	-5.96641e-01	1.58379e+01
110	1	76	0	2	3	3.04234e-03	-5.17002e-01	1.41010e+01
110	1	77	0	2	3	4.09422e-03	-5.89750e-01	1.57021e+01
110	1	78	0	2	3	4.82076e-03	-6.45016e-01	1.56050e+01
110	1	79	0	2	3	3.85757e-03	-5.73633e-01	1.53873e+01
110	1	80	0	2	3	3.72282e-03	-5.57264e-01	1.45244e+01
110	1	81	0	2	3	3.83098e-03	-5.64599e-01	1.44148e+01
110	1	82	0	2	3	4.39038e-03	-6.05885e-01	1.62527e+01
110	1	83	0	2	3	3.88610e-03	-5.56455e-01	1.44681e+01
110	1	84	0	2	3	4.45160e-03	-6.02843e-01	1.48042e+01
110	1	85	0	2	3	3.98795e-03	-5.75610e-01	1.48971e+01
110	1	86	0	2	3	4.58315e-03	-6.21190e-01	1.62420e+01
110	1	87	0	2	3	4.16470e-03	-5.79925e-01	1.36174e+01
110	1	88	0	2	3	2.74572e-03	-4.91279e-01	1.38091e+01
110	1	89	0	2	3	3.81530e-03	-5.70887e-01	1.45205e+01
110	1	90	0	2	3	4.13569e-03	-5.86667e-01	1.45578e+01
110	1	91	0	2	3	4.57366e-03	-6.18749e-01	1.62321e+01
110	1	92	0	2	3	3.68151e-03	-5.45480e-01	1.41442e+01
110	1	93	0	2	3	3.90710e-03	-5.72306e-01	1.49969e+01
110	1	94	0	2	3	3.79374e-03	-5.69175e-01	1.55169e+01
110	1	95	0	2	3	3.18659e-03	-5.30555e-01	1.41329e+01
110	1	96	0	2	3	4.52752e-03	-6.08672e-01	1.49724e+01
110	1	97	0	2	3	3.09832e-03	-5.15206e-01	1.44345e+01
110	1	98	0	2	3	4.97973e-03	-6.67782e-01	1.76073e+01
110	1	99	0	2	3	3.46127e-03	-5.47004e-01	1.44443e+01
110	1	100	0	2	3	4.12906e-03	-5.72181e-01	1.48655e+01
110	1	101	0	2	3	4.07601e-03	-5.87468e-01	1.56520e+01
110	1	102	0	2	3	4.38514e-03	-6.13361e-01	1.56608e+01
110	1	103	0	2	3	4.94041e-03	-6.39131e-01	1.57356e+01
110	1	104	0	2	3	3.93298e-03	-5.72127e-01	1.49449e+01
110	1	105	0	2	3	3.50447e-03	-5.36023e-01	1.43115e+01
110	1	106	0	2	3	4.76365e-03	-6.47117e-01	1.72514e+01
110	1	107	0	2	3	3.03483e-03	-5.15484e-01	1.39454e+01
110	1	108	0	2	3	4.45555e-03	-6.22749e-01	1.67951e+01
110	1	109	0	2	3	3.09758e-03	-5.10984e-01	1.44691e+01
110	1	110	0	2	3	1.79501e-03	-4.25013e-01	1.23726e+01
110	1	111	0	2	3	4.31691e-03	-6.09277e-01	1.68207e+01
110	1	112	0	2	3	3.85445e-03	-5.70168e-01	1.47548e+01
110	1	113	0	2	3	3.62488e-03	-5.59874e-01	1.50913e+01
110	1	114	0	2	3	4.99508e-03	-6.55898e-01	1.60872e+01
110	1	115	0	2	3	5.16112e-03	-6.61215e-01	1.64709e+01
110	1	116	0	2	3	4.31749e-03	-6.08731e-01	1.56361e+01
110	1	117	0	2	3	5.79347e-03	-6.99019e-01	1.71641e+01
110	1	118	0	2	3	4.25346e-03	-5.93295e-01	1.43121e+01
110	1	119	0	2	3	7.19048e-03	-7.98122e-01	1.89895e+01
110	1	120	0	2	3	6.02104e-03	-7.38670e-01	1.78590e+01
110	1	121	0	2	3	2.89782e-03	-5.02362e-01	1.37226e+01
110	1	122	0	2	3	2.48330e-03	-4.90856e-01	1.49514e+01
110	1	123	0	2	3	2.01579e-03	-4.47997e-01	1.43749e+01
110	1	124	0	2	3	8.91325e-03	-9.40002e-01	2.10338e+01
110	1	125	0	2	3	6.27632e-03	-7.58983e-01	1.88166e+01
110	1	126	0	2	3	7.65012e-03	-8.06762e-01	1.83676e+01
110	1	127	0	2	3	8.56221e-03	-8.95154e-01	2.04145e+01
110	1	128	0	2	3	3.31046e-03	-5.60332e-01	1.56103e+01
110	1	129	0	2	3	1.07728e-02	-1.09402e+00	2.49628e+01
110	1	130	0	2	3	8.20183e-03	-9.20311e-01	2.13101e+01
110	1	131	0	2	3	5.22254e-03	-6.83843e-01	1.72086e+01
110	1	132	0	2	3	-3.44806e-03	-6.22781e-02	6.80248e+00
110	1	133	0	2	3	2.29296e-03	-4.86056e-01	1.38392e+01
110	1	134	0	2	3	9.61350e-03	-9.95901e-01	2.32233e+01
110	1	135	0	2	3	9.36742e-03	-1.00125e+00	2.33873e+01
110	1	136	0	2	3	-6.12265e-03	1.83379e-01	1.81943e+00
110	1	137	0	2	3	-1.01215e-02	3.77906e-01	-5.96024e-01
110	1	138	0	2	3	-2.76073e-03	-1.06422e-01	6.56581e+00
110	1	139	0	2	3	9.82817e-03	-1.03413e+00	2.43054e+01
110	1	140	0	2	3	5.09946e-03	-6.45063e-01	1.57448e+01
110	1	141	0	2	3	1.36585e-02	-1.27590e+00	2.70767e+01
110	1	142	0	2	3	-2.06941e-02	1.09379e+00	-1.31149e+01
110	1	143	0	2	3	-7.16412e-03	2.39322e-01	1.12675e+00
110	1	144	0	2	3	-3.66195e-03	-6.86205e-02	7.86120e+00
110	1	145	0	2	3	-7.59311e-03	2.27202e-01	1.40261e+00
110	1	146	0	2	3	-1.95837e-03	-1.24972e-01	5.98104e+00
110	1	147	0	2	3	1.15689e-02	-1.09715e+00	2.30498e+01
110	1	148	0	2	3	4.61427e-03	-5.41452e-01	1.23186e+01
110	1	149	0	2	3	-4.29378e-03	-1.06803e-01	9.50720e+00
110	1	150	0	2	3	2.96950e-03	-5.66602e-01	1.63279e+01
110	1	151	0	2	3	-3.18578e-04	-3.22819e-01	1.18568e+01
110	1	152	0	2	3	1.40556e-03	-4.36478e-01	1.45351e+01
110	1	153	0	2	3	-1.34297e-02	7.32093e-01	-7.77581e+00
110	1	154	0	2	3	1.41049e-02	-1.26960e+00	2.67970e+01
110	1	155	0	2	3	-3.61864e-04	-4.07772e-01	1.36575e+01
110	1	156	0	2	3	-6.99390e-04	-3.69047e-01	1.43949e+01
110	1	157	0	2	3	8.37768e-03	-8.12423e-01	1.82858e+01
110	1	158	0	2	3	-7.02759e-04	-2.83529e-01	1.11432e+01
110	1	159	0	2	3	-1.47121e-02	6.52577e-01	-3.84990e+00
