##
#  file: HodoPHCParam_Dummy
#  date: 2016.06.15
#  note: first version
#
#
#######################################################################
# CId	PlId	Seg	UorD	Type	nParam	p0	p1	...
#
#	Type=0 no correction will be performed
#	Type=1 ct=t-p[0]/sqrt(a-p[1])+p[2]
#	Type=2 ct=p[0]*a*a + p[1]*a + p[2] for Fiber
#
#######################################################################
# BH1 Up                                                              #
#######################################################################
1	0	0	0	1	3	5.08705e+00	-1.98362e+00	2.93454e+00
1	0	1	0	1	3	6.69706e-01	2.91546e-01	8.10244e-01
1	0	2	0	1	3	5.01779e-01	3.94271e-01	6.64278e-01
1	0	3	0	1	3	7.45330e-01	1.66754e-01	8.56036e-01
1	0	4	0	1	3	8.52890e-01	8.60054e-02	9.27134e-01
1	0	5	0	1	3	1.69981e+00	-1.50393e-01	1.62794e+00
1	0	6	0	1	3	1.58582e+00	-2.35346e-01	1.46587e+00
1	0	7	0	1	3	1.61970e+00	-1.46184e-01	1.54504e+00
1	0	8	0	1	3	1.37546e+00	-2.52696e-01	1.28233e+00
1	0	9	0	1	3	1.74814e+00	-2.76223e-01	1.64100e+00
1	0	10	0	1	3	1.60339e+01	-4.62629e+00	6.81205e+00
#######################################################################
# BH1 Down                                                            #
#######################################################################
1	0	0	1	1	3	1.33519e+00	-9.13138e-02	1.27257e+00
1	0	1	1	1	3	6.24909e-01	2.88647e-01	7.65429e-01
1	0	2	1	1	3	6.68954e-01	2.21542e-01	7.45264e-01
1	0	3	1	1	3	1.32364e+00	-4.57464e-01	1.08318e+00
1	0	4	1	1	3	1.18002e+00	-7.91080e-02	1.17008e+00
1	0	5	1	1	3	2.07299e+00	-4.79828e-01	1.70935e+00
1	0	6	1	1	3	1.96000e+00	-5.20196e-01	1.63958e+00
1	0	7	1	1	3	1.89852e+00	-4.50289e-01	1.60743e+00
1	0	8	1	1	3	1.02469e+00	-6.73213e-02	1.04734e+00
1	0	9	1	1	3	1.64894e+00	-1.85977e-01	1.61292e+00
1	0	10	1	1	3	7.15603e-01	2.22738e-01	8.54972e-01
#######################################################################
# BH2 Up                                                              #
#######################################################################
2	0	0	0	1	3	1.43047e-01	2.98695e-01	2.00085e-01
2	0	1	0	1	3	8.79554e-01	-2.31747e-01	7.85839e-01
2	0	2	0	1	3	5.94572e-01	-4.97541e-01	4.68956e-01
2	0	3	0	1	3	1.91725e-01	3.94747e-02	1.91115e-01
2	0	4	0	1	3	3.31184e-01	-9.38469e-02	3.15823e-01
2	0	5	0	1	3	1.99769e-01	2.70254e-01	2.37321e-01
2	0	6	0	1	3	2.58948e-01	2.41832e-01	3.10133e-01
2	0	7	0	1	3	3.50426e-01	8.80094e-02	3.70898e-01
#######################################################################
# BH2 Down                                                            #
#######################################################################
2	0	0	1	1	3	3.94607e-01	-1.85207e-01	3.84440e-01
2	0	1	1	1	3	9.92155e-01	-3.85817e-01	8.32122e-01
2	0	2	1	1	3	4.10986e-01	-9.27803e-02	3.90143e-01
2	0	3	1	1	3	1.76416e-01	4.84160e-02	1.75490e-01
2	0	4	1	1	3	2.42956e-01	1.23979e-01	2.64593e-01
2	0	5	1	1	3	3.57967e-01	4.32013e-02	3.63973e-01
2	0	6	1	1	3	1.22093e+00	-6.67168e-01	9.30075e-01
2	0	7	1	1	3	2.92156e-01	-4.36810e-03	2.98702e-01
#######################################################################
# BAC                                                                 #
#######################################################################
3	0	0	0	1	3	0.00000e+00	0.00000e+00	0.00000e+00
3	0	1	0	1	3	0.00000e+00	0.00000e+00	0.00000e+00
#######################################################################
# FBH Up                                                              #
#######################################################################
4	0	0	0	2	3	-5.62952e-03	8.96903e-01	-3.53273e+01
4	0	1	0	2	3	-4.29399e-03	7.37975e-01	-3.00049e+01
4	0	2	0	2	3	-5.26894e-03	8.67305e-01	-3.38992e+01
4	0	3	0	2	3	-3.80183e-03	6.69237e-01	-2.72260e+01
4	0	4	0	2	3	-4.35014e-03	7.35785e-01	-2.92008e+01
4	0	5	0	2	3	-4.02541e-03	6.86907e-01	-2.70312e+01
4	0	6	0	2	3	-4.16660e-03	7.08229e-01	-2.81512e+01
4	0	7	0	2	3	-3.93117e-03	6.84759e-01	-2.69101e+01
4	0	8	0	2	3	-4.14423e-03	6.96902e-01	-2.65883e+01
4	0	9	0	2	3	-2.83372e-03	5.62925e-01	-2.20787e+01
4	0	10	0	2	3	-4.07944e-03	7.09420e-01	-2.75603e+01
4	0	11	0	2	3	-3.50961e-03	6.50113e-01	-2.64167e+01
4	0	12	0	2	3	-3.52415e-03	6.49734e-01	-2.67232e+01
4	0	13	0	2	3	-4.13420e-03	7.26957e-01	-2.99675e+01
4	0	14	0	2	3	-4.90315e-03	8.27563e-01	-3.35630e+01
4	0	15	0	2	3	-4.73048e-03	8.13189e-01	-3.31901e+01
#######################################################################
# FBH Down                                                            #
#######################################################################
4	0	0	1	2	3	-5.62952e-03	8.96903e-01	-3.53273e+01
4	0	1	1	2	3	-4.29399e-03	7.37975e-01	-3.00049e+01
4	0	2	1	2	3	-5.26894e-03	8.67305e-01	-3.38992e+01
4	0	3	1	2	3	-3.80183e-03	6.69237e-01	-2.72260e+01
4	0	4	1	2	3	-4.35014e-03	7.35785e-01	-2.92008e+01
4	0	5	1	2	3	-4.02541e-03	6.86907e-01	-2.70312e+01
4	0	6	1	2	3	-4.16660e-03	7.08229e-01	-2.81512e+01
4	0	7	1	2	3	-3.93117e-03	6.84759e-01	-2.69101e+01
4	0	8	1	2	3	-4.14423e-03	6.96902e-01	-2.65883e+01
4	0	9	1	2	3	-2.83372e-03	5.62925e-01	-2.20787e+01
4	0	10	1	2	3	-4.07944e-03	7.09420e-01	-2.75603e+01
4	0	11	1	2	3	-3.50961e-03	6.50113e-01	-2.64167e+01
4	0	12	1	2	3	-3.52415e-03	6.49734e-01	-2.67232e+01
4	0	13	1	2	3	-4.13420e-03	7.26957e-01	-2.99675e+01
4	0	14	1	2	3	-4.90315e-03	8.27563e-01	-3.35630e+01
4	0	15	1	2	3	-4.73048e-03	8.13189e-01	-3.31901e+01
#######################################################################
# PVAC                                                                #
#######################################################################
5	0	0	0	1	3	0.00000e+00	0.00000e+00	0.00000e+00
#######################################################################
# FAC                                                                 #
#######################################################################
6	0	0	0	1	3	0.00000e+00	0.00000e+00	0.00000e+00
#######################################################################
# SCH                                                                 #
#######################################################################
#7	0	0	0	2	3	-0.00500000	0.821213	-32.185321
#7	0	1	0	2	3	-0.00500000	0.830248	-32.269563
#7	0	2	0	2	3	-0.00500000	0.793073	-29.315934
#7	0	3	0	2	3	-0.00500000	0.772144	-28.276705
#7	0	4	0	2	3	-0.00500000	0.801968	-30.687167
#7	0	5	0	2	3	-0.00500000	0.778300	-28.439251
#7	0	6	0	2	3	-0.00500000	0.765872	-27.918181
#7	0	7	0	2	3	-0.00500000	0.738459	-26.016797
#7	0	8	0	2	3	-0.00500000	0.778318	-28.676371
#7	0	9	0	2	3	-0.00500000	0.776670	-28.892887
#7	0	10	0	2	3	-0.00500000	0.764278	-28.122474
#7	0	11	0	2	3	-0.00500000	0.790742	-29.423647
#7	0	12	0	2	3	-0.00500000	0.811330	-30.487019
#7	0	13	0	2	3	-0.00500000	0.818750	-30.891512
#7	0	14	0	2	3	-0.00500000	0.802541	-30.009136
#7	0	15	0	2	3	-0.00500000	0.809525	-30.751746
#7	0	16	0	2	3	-0.00500000	0.802597	-30.845509
#7	0	17	0	2	3	-0.00500000	0.835028	-32.780792
#7	0	18	0	2	3	-0.00500000	0.859176	-33.938731
#7	0	19	0	2	3	-0.00500000	0.814851	-31.445396
#7	0	20	0	2	3	-0.00500000	0.809426	-30.781087
#7	0	21	0	2	3	-0.00500000	0.780678	-28.888756
#7	0	22	0	2	3	-0.00500000	0.808206	-30.719604
#7	0	23	0	2	3	-0.00500000	0.774024	-27.858339
#7	0	24	0	2	3	-0.00500000	0.794308	-29.022101
#7	0	25	0	2	3	-0.00500000	0.775649	-27.980186
#7	0	26	0	2	3	-0.00500000	0.788483	-28.687567
#7	0	27	0	2	3	-0.00466315	0.771386	-29.253260
#7	0	28	0	2	3	-0.00483132	0.790854	-28.637741
#7	0	29	0	2	3	-0.00497049	0.812994	-30.786914
#7	0	30	0	2	3	-0.00500000	0.787793	-28.362716
#7	0	31	0	2	3	-0.00500000	0.790759	-28.876812
#7	0	32	0	2	3	-0.00500000	0.824826	-31.655285
#7	0	33	0	2	3	-0.00500000	0.845304	-33.407765
#7	0	34	0	2	3	-0.00500000	0.832263	-32.939799
#7	0	35	0	2	3	-0.00500000	0.820631	-31.695372
#7	0	36	0	2	3	-0.00500000	0.836997	-33.200590
#7	0	37	0	2	3	-0.00500000	0.819690	-32.097193
#7	0	38	0	2	3	-0.00500000	0.808109	-31.263214
#7	0	39	0	2	3	-0.00500000	0.815224	-31.135523
#7	0	40	0	2	3	-0.00500000	0.803398	-29.897923
#7	0	41	0	2	3	-0.00500000	0.815685	-31.165519
#7	0	42	0	2	3	-0.00500000	0.812980	-30.737261
#7	0	43	0	2	3	-0.00500000	0.829418	-32.693307
#7	0	44	0	2	3	-0.00500000	0.789530	-29.464920
#7	0	45	0	2	3	-0.00500000	0.804789	-31.208151
#7	0	46	0	2	3	-0.00500000	0.830106	-32.806514
#7	0	47	0	2	3	-0.00500000	0.819206	-31.373242
#7	0	48	0	2	3	-0.00500000	0.816165	-31.709319
#7	0	49	0	2	3	-0.00500000	0.798496	-30.201709
#7	0	50	0	2	3	-0.00500000	0.812167	-31.795745
#7	0	51	0	2	3	-0.00500000	0.810749	-31.375226
#7	0	52	0	2	3	-0.00500000	0.803385	-31.372512
#7	0	53	0	2	3	-0.00500000	0.777405	-29.262831
#7	0	54	0	2	3	-0.00500000	0.783954	-29.763410
#7	0	55	0	2	3	-0.00500000	0.789443	-29.976449
#7	0	56	0	2	3	-0.00500000	0.838828	-33.261086
#7	0	57	0	2	3	-0.00500000	0.804421	-30.573195
#7	0	58	0	2	3	-0.00500000	0.773283	-29.111048
#7	0	59	0	2	3	-0.00500000	0.811789	-31.449459
#7	0	60	0	2	3	-0.00500000	0.759724	-28.110014
#7	0	61	0	2	3	-0.00500000	0.810884	-31.379063
#7	0	62	0	2	3	-0.00500000	0.771910	-28.435006
#7	0	63	0	2	3	-0.00500000	0.796658	-30.511906
#######################################################################
# TOF Up                                                              #
#######################################################################
7	0	0	0	1	3	5.24830e+00	-1.96630e+00	2.96170e+00
7	0	1	0	1	3	5.24830e+00	-1.96630e+00	2.96170e+00
7	0	2	0	1	3	5.24830e+00	-1.96630e+00	2.96170e+00
7	0	3	0	1	3	5.24830e+00	-1.96630e+00	2.96170e+00
7	0	4	0	1	3	5.24830e+00	-1.96630e+00	2.96170e+00
7	0	5	0	1	3	5.24830e+00	-1.96630e+00	2.96170e+00
7	0	6	0	1	3	6.97090e+00	-3.03520e+00	3.39910e+00
7	0	7	0	1	3	4.05450e+00	-1.96150e+00	2.30360e+00
7	0	8	0	1	3	1.16940e+02	-2.98600e+01	2.09880e+01
7	0	9	0	1	3	5.24830e+00	-1.96630e+00	2.96170e+00
7	0	10	0	1	3	5.24830e+00	-1.96630e+00	2.96170e+00
7	0	11	0	1	3	5.24830e+00	-1.96630e+00	2.96170e+00
7	0	12	0	1	3	5.24830e+00	-1.96630e+00	2.96170e+00
7	0	13	0	1	3	5.24830e+00	-1.96630e+00	2.96170e+00
7	0	14	0	1	3	5.24830e+00	-1.96630e+00	2.96170e+00
7	0	15	0	1	3	5.24830e+00	-1.96630e+00	2.96170e+00
7	0	16	0	1	3	5.24830e+00	-1.96630e+00	2.96170e+00
7	0	17	0	1	3	5.24830e+00	-1.96630e+00	2.96170e+00
7	0	18	0	1	3	5.24830e+00	-1.96630e+00	2.96170e+00
7	0	19	0	1	3	7.11491e-01	1.85180e-03	5.82402e-01
7	0	20	0	1	3	5.59404e-01	-1.73810e-03	4.50716e-01
7	0	21	0	1	3	8.92499e-01	1.99900e-03	7.37364e-01
7	0	22	0	1	3	6.37553e-01	1.99960e-03	5.45449e-01
7	0	23	0	1	3	1.19210e+00	1.98920e-03	9.99994e-01
#######################################################################
# TOF Down                                                            #
#######################################################################
7	0	0	1	1	3	5.84300e+00	-2.30730e+00	3.11320e+00
7	0	1	1	1	3	5.84300e+00	-2.30730e+00	3.11320e+00
7	0	2	1	1	3	5.84300e+00	-2.30730e+00	3.11320e+00
7	0	3	1	1	3	5.84300e+00	-2.30730e+00	3.11320e+00
7	0	4	1	1	3	5.84300e+00	-2.30730e+00	3.11320e+00
7	0	5	1	1	3	5.84300e+00	-2.30730e+00	3.11320e+00
7	0	6	1	1	3	1.41330e+01	-5.81170e+00	5.32680e+00
7	0	7	1	1	3	7.84850e+01	-2.02870e+01	1.69500e+01
7	0	8	1	1	3	2.20240e+02	-3.62440e+01	3.60080e+01
7	0	9	1	1	3	5.84300e+00	-2.30730e+00	3.11320e+00
7	0	10	1	1	3	5.84300e+00	-2.30730e+00	3.11320e+00
7	0	11	1	1	3	5.84300e+00	-2.30730e+00	3.11320e+00
7	0	12	1	1	3	5.84300e+00	-2.30730e+00	3.11320e+00
7	0	13	1	1	3	5.84300e+00	-2.30730e+00	3.11320e+00
7	0	14	1	1	3	5.84300e+00	-2.30730e+00	3.11320e+00
7	0	15	1	1	3	5.84300e+00	-2.30730e+00	3.11320e+00
7	0	16	1	1	3	5.84300e+00	-2.30730e+00	3.11320e+00
7	0	17	1	1	3	5.84300e+00	-2.30730e+00	3.11320e+00
7	0	18	1	1	3	5.84300e+00	-2.30730e+00	3.11320e+00
7	0	19	1	1	3	6.18741e-01	1.99860e-03	4.90831e-01
7	0	20	1	1	3	5.75901e-01	1.04210e-03	4.72509e-01
7	0	21	1	1	3	9.41046e-01	1.99890e-03	7.79357e-01
7	0	22	1	1	3	4.84266e-01	-1.95590e-03	3.99786e-01
7	0	23	1	1	3	8.97714e-01	1.99860e-03	7.56300e-01
#######################################################################
# BFT U                                                               #
#######################################################################
110	0	0	0	2	3	1.56915e-03	-3.87266e-01	1.26832e+01
110	0	1	0	2	3	3.00509e-03	-4.99240e-01	1.48420e+01
110	0	2	0	2	3	3.59319e-03	-5.48142e-01	1.56244e+01
110	0	3	0	2	3	6.21264e-03	-7.16174e-01	1.73135e+01
110	0	4	0	2	3	3.83367e-03	-5.58497e-01	1.60533e+01
110	0	5	0	2	3	4.55371e-03	-6.02011e-01	1.71227e+01
110	0	6	0	2	3	3.71357e-03	-5.60124e-01	1.55081e+01
110	0	7	0	2	3	4.04185e-03	-5.65348e-01	1.61331e+01
110	0	8	0	2	3	2.97625e-03	-5.04687e-01	1.47210e+01
110	0	9	0	2	3	4.14639e-03	-5.85693e-01	1.66130e+01
110	0	10	0	2	3	3.90875e-03	-5.65930e-01	1.59001e+01
110	0	11	0	2	3	3.33760e-03	-5.13184e-01	1.50894e+01
110	0	12	0	2	3	3.31312e-03	-5.32582e-01	1.47712e+01
110	0	13	0	2	3	3.10128e-03	-5.00795e-01	1.48765e+01
110	0	14	0	2	3	3.96767e-03	-5.75215e-01	1.63255e+01
110	0	15	0	2	3	1.55458e-03	-3.89744e-01	1.29426e+01
110	0	16	0	2	3	3.73614e-03	-5.51778e-01	1.46871e+01
110	0	17	0	2	3	4.08524e-03	-5.73869e-01	1.68108e+01
110	0	18	0	2	3	4.17454e-03	-5.90250e-01	1.54279e+01
110	0	19	0	2	3	4.20452e-03	-5.88625e-01	1.51968e+01
110	0	20	0	2	3	3.48032e-03	-5.27230e-01	1.46488e+01
110	0	21	0	2	3	4.74276e-03	-6.27455e-01	1.82083e+01
110	0	22	0	2	3	3.58386e-03	-5.48921e-01	1.51640e+01
110	0	23	0	2	3	4.07978e-03	-5.68789e-01	1.57342e+01
110	0	24	0	2	3	4.10406e-03	-5.76433e-01	1.59287e+01
110	0	25	0	2	3	3.97069e-03	-5.56917e-01	1.59535e+01
110	0	26	0	2	3	4.76066e-03	-6.38399e-01	1.78539e+01
110	0	27	0	2	3	4.68950e-03	-6.04283e-01	1.61148e+01
110	0	28	0	2	3	3.67017e-03	-5.49587e-01	1.46646e+01
110	0	29	0	2	3	4.14512e-03	-5.70745e-01	1.62257e+01
110	0	30	0	2	3	3.71051e-03	-5.55575e-01	1.60811e+01
110	0	31	0	2	3	3.71195e-03	-5.45934e-01	1.63031e+01
110	0	32	0	2	3	4.22236e-03	-5.94164e-01	1.60923e+01
110	0	33	0	2	3	4.31498e-03	-5.72729e-01	1.40297e+01
110	0	34	0	2	3	3.98574e-03	-5.72409e-01	1.63912e+01
110	0	35	0	2	3	4.18832e-03	-5.87441e-01	1.71031e+01
110	0	36	0	2	3	3.05849e-03	-4.99465e-01	1.39723e+01
110	0	37	0	2	3	3.77690e-03	-5.53323e-01	1.63722e+01
110	0	38	0	2	3	4.03564e-03	-5.71171e-01	1.57550e+01
110	0	39	0	2	3	4.50668e-03	-6.04301e-01	1.70440e+01
110	0	40	0	2	3	3.92122e-03	-5.58910e-01	1.48516e+01
110	0	41	0	2	3	3.69139e-03	-5.40413e-01	1.59107e+01
110	0	42	0	2	3	4.03296e-03	-5.68328e-01	1.55947e+01
110	0	43	0	2	3	4.55189e-03	-6.16765e-01	1.80340e+01
110	0	44	0	2	3	3.97798e-03	-5.71991e-01	1.53334e+01
110	0	45	0	2	3	4.18368e-03	-5.72532e-01	1.59928e+01
110	0	46	0	2	3	4.15688e-03	-5.93905e-01	1.69677e+01
110	0	47	0	2	3	4.36073e-03	-6.03698e-01	1.78504e+01
110	0	48	0	2	3	3.84945e-03	-5.53857e-01	1.48744e+01
110	0	49	0	2	3	4.38762e-03	-5.93546e-01	1.69063e+01
110	0	50	0	2	3	4.45764e-03	-6.01618e-01	1.61601e+01
110	0	51	0	2	3	4.35497e-03	-5.93662e-01	1.68170e+01
110	0	52	0	2	3	3.67605e-03	-5.42389e-01	1.52638e+01
110	0	53	0	2	3	4.15509e-03	-5.73583e-01	1.62868e+01
110	0	54	0	2	3	4.24792e-03	-5.91093e-01	1.66631e+01
110	0	55	0	2	3	4.50820e-03	-6.05693e-01	1.69463e+01
110	0	56	0	2	3	3.93145e-03	-5.76229e-01	1.63816e+01
110	0	57	0	2	3	4.50959e-03	-6.01886e-01	1.74689e+01
110	0	58	0	2	3	4.02340e-03	-5.79289e-01	1.65645e+01
110	0	59	0	2	3	4.16705e-03	-5.93238e-01	1.77188e+01
110	0	60	0	2	3	3.96791e-03	-5.76696e-01	1.50847e+01
110	0	61	0	2	3	3.33899e-03	-5.21015e-01	1.58143e+01
110	0	62	0	2	3	4.67515e-03	-6.19619e-01	1.60000e+01
110	0	63	0	2	3	4.15295e-03	-5.81238e-01	1.57638e+01
110	0	64	0	2	3	4.03543e-03	-5.80871e-01	1.57493e+01
110	0	65	0	2	3	3.99004e-03	-5.69085e-01	1.55852e+01
110	0	66	0	2	3	4.56762e-03	-6.28719e-01	1.78583e+01
110	0	67	0	2	3	3.57675e-03	-5.44566e-01	1.53983e+01
110	0	68	0	2	3	3.80507e-03	-5.73306e-01	1.61984e+01
110	0	69	0	2	3	4.25133e-03	-5.86340e-01	1.64297e+01
110	0	70	0	2	3	4.18369e-03	-6.06680e-01	1.68032e+01
110	0	71	0	2	3	4.48751e-03	-6.09136e-01	1.72478e+01
110	0	72	0	2	3	3.79262e-03	-5.67685e-01	1.58798e+01
110	0	73	0	2	3	4.27741e-03	-5.95048e-01	1.64175e+01
110	0	74	0	2	3	4.44661e-03	-6.20804e-01	1.69277e+01
110	0	75	0	2	3	4.20415e-03	-5.84560e-01	1.64373e+01
110	0	76	0	2	3	3.67486e-03	-5.52347e-01	1.56525e+01
110	0	77	0	2	3	3.73017e-03	-5.52446e-01	1.62138e+01
110	0	78	0	2	3	4.52905e-03	-6.23435e-01	1.72589e+01
110	0	79	0	2	3	4.20968e-03	-5.86270e-01	1.54344e+01
110	0	80	0	2	3	4.24873e-03	-5.95496e-01	1.64989e+01
110	0	81	0	2	3	4.36589e-03	-5.86657e-01	1.63666e+01
110	0	82	0	2	3	4.59929e-03	-6.18748e-01	1.64281e+01
110	0	83	0	2	3	4.68334e-03	-6.21746e-01	1.69339e+01
110	0	84	0	2	3	3.65717e-03	-5.49861e-01	1.61000e+01
110	0	85	0	2	3	3.57836e-03	-5.40605e-01	1.50215e+01
110	0	86	0	2	3	4.44685e-03	-6.22035e-01	1.72803e+01
110	0	87	0	2	3	4.59623e-03	-6.25820e-01	1.78587e+01
110	0	88	0	2	3	3.88397e-03	-5.61384e-01	1.56232e+01
110	0	89	0	2	3	4.23085e-03	-5.91003e-01	1.65300e+01
110	0	90	0	2	3	4.30139e-03	-6.00262e-01	1.65214e+01
110	0	91	0	2	3	4.24533e-03	-6.01434e-01	1.63327e+01
110	0	92	0	2	3	3.63506e-03	-5.59615e-01	1.66635e+01
110	0	93	0	2	3	3.69556e-03	-5.50133e-01	1.55079e+01
110	0	94	0	2	3	4.36655e-03	-6.26724e-01	1.79740e+01
110	0	95	0	2	3	4.18835e-03	-5.93355e-01	1.69657e+01
110	0	96	0	2	3	3.92629e-03	-5.80517e-01	1.66745e+01
110	0	97	0	2	3	3.88163e-03	-5.65581e-01	1.65736e+01
110	0	98	0	2	3	4.23367e-03	-6.07664e-01	1.71934e+01
110	0	99	0	2	3	4.19224e-03	-5.83465e-01	1.54919e+01
110	0	100	0	2	3	3.89945e-03	-5.73149e-01	1.60478e+01
110	0	101	0	2	3	3.90687e-03	-5.66630e-01	1.64799e+01
110	0	102	0	2	3	4.56736e-03	-6.26300e-01	1.72624e+01
110	0	103	0	2	3	4.40107e-03	-6.06897e-01	1.67867e+01
110	0	104	0	2	3	3.99341e-03	-5.81961e-01	1.63622e+01
110	0	105	0	2	3	4.22955e-03	-5.88889e-01	1.63140e+01
110	0	106	0	2	3	4.52904e-03	-6.24707e-01	1.72362e+01
110	0	107	0	2	3	4.86581e-03	-6.33048e-01	1.65789e+01
110	0	108	0	2	3	3.88613e-03	-5.75689e-01	1.60804e+01
110	0	109	0	2	3	4.07551e-03	-5.81102e-01	1.60995e+01
110	0	110	0	2	3	4.16150e-03	-5.96968e-01	1.64763e+01
110	0	111	0	2	3	5.21902e-03	-6.71238e-01	1.78538e+01
110	0	112	0	2	3	3.94981e-03	-5.68544e-01	1.55944e+01
110	0	113	0	2	3	4.70821e-03	-6.19696e-01	1.66500e+01
110	0	114	0	2	3	4.16350e-03	-5.97476e-01	1.76103e+01
110	0	115	0	2	3	4.62884e-03	-6.17870e-01	1.66748e+01
110	0	116	0	2	3	4.07690e-03	-5.83493e-01	1.67210e+01
110	0	117	0	2	3	4.31204e-03	-5.97335e-01	1.73562e+01
110	0	118	0	2	3	5.03748e-03	-6.64278e-01	1.80204e+01
110	0	119	0	2	3	4.50894e-03	-6.06620e-01	1.55802e+01
110	0	120	0	2	3	4.35481e-03	-6.16047e-01	1.76033e+01
110	0	121	0	2	3	4.34082e-03	-5.92106e-01	1.58385e+01
110	0	122	0	2	3	4.42471e-03	-6.14931e-01	1.76161e+01
110	0	123	0	2	3	5.72343e-03	-6.96385e-01	1.83637e+01
110	0	124	0	2	3	3.49760e-03	-5.38124e-01	1.55454e+01
110	0	125	0	2	3	3.92379e-03	-5.53360e-01	1.34398e+01
110	0	126	0	2	3	3.14254e-03	-5.12205e-01	1.44712e+01
110	0	127	0	2	3	4.65369e-03	-6.19470e-01	1.67407e+01
110	0	128	0	2	3	4.30051e-03	-6.37129e-01	1.82143e+01
110	0	129	0	2	3	3.91005e-03	-5.89210e-01	1.67685e+01
110	0	130	0	2	3	2.72768e-03	-5.19970e-01	1.71509e+01
110	0	131	0	2	3	2.79448e-03	-4.87929e-01	1.48639e+01
110	0	132	0	2	3	2.56200e-03	-4.95394e-01	1.58085e+01
110	0	133	0	2	3	3.93724e-03	-5.81240e-01	1.67453e+01
110	0	134	0	2	3	4.07906e-03	-6.13413e-01	1.75255e+01
110	0	135	0	2	3	4.36269e-03	-6.15314e-01	1.76975e+01
110	0	136	0	2	3	4.02390e-03	-5.84654e-01	1.59908e+01
110	0	137	0	2	3	2.59370e-03	-4.92854e-01	1.56227e+01
110	0	138	0	2	3	3.94152e-03	-5.89779e-01	1.80711e+01
110	0	139	0	2	3	2.91030e-03	-5.14926e-01	1.55394e+01
110	0	140	0	2	3	3.99068e-03	-6.08989e-01	1.80416e+01
110	0	141	0	2	3	3.07754e-03	-5.30748e-01	1.51773e+01
110	0	142	0	2	3	-1.23358e-03	-2.06193e-01	1.07687e+01
110	0	143	0	2	3	2.74007e-03	-4.99733e-01	1.58025e+01
110	0	144	0	2	3	3.64627e-03	-5.58050e-01	1.62396e+01
110	0	145	0	2	3	2.82668e-03	-4.89914e-01	1.48076e+01
110	0	146	0	2	3	4.05248e-03	-6.06943e-01	1.72633e+01
110	0	147	0	2	3	2.74378e-03	-4.84123e-01	1.39152e+01
110	0	148	0	2	3	-8.09665e-04	-2.52354e-01	1.14058e+01
110	0	149	0	2	3	3.72252e-03	-5.56537e-01	1.61590e+01
110	0	150	0	2	3	-5.63347e-03	1.14193e-01	4.35052e+00
110	0	151	0	2	3	3.89875e-03	-5.92446e-01	1.70368e+01
110	0	152	0	2	3	-7.17795e-03	2.16792e-01	3.10018e+00
110	0	153	0	2	3	2.94112e-03	-5.30084e-01	1.63185e+01
110	0	154	0	2	3	2.46291e-03	-4.68158e-01	1.48773e+01
110	0	155	0	2	3	1.61539e-03	-4.01107e-01	1.26057e+01
110	0	156	0	2	3	1.29739e-04	-2.74039e-01	1.05810e+01
110	0	157	0	2	3	-8.30906e-03	3.36139e-01	-1.51273e-01
110	0	158	0	2	3	-1.59888e-02	8.65393e-01	-9.56406e+00
110	0	159	0	2	3	6.32808e-03	-7.80205e-01	2.04463e+01
#######################################################################
# BFT D                                                               #
#######################################################################
110	1	0	0	2	3	4.10122e-03	-5.83678e-01	1.69054e+01
110	1	1	0	2	3	4.02470e-03	-5.66830e-01	1.59265e+01
110	1	2	0	2	3	4.16576e-03	-5.89797e-01	1.60982e+01
110	1	3	0	2	3	3.58776e-03	-5.52810e-01	1.65086e+01
110	1	4	0	2	3	3.43555e-03	-5.38167e-01	1.51997e+01
110	1	5	0	2	3	2.37309e-03	-4.64217e-01	1.49720e+01
110	1	6	0	2	3	2.92878e-03	-5.10297e-01	1.47408e+01
110	1	7	0	2	3	3.25063e-03	-5.25094e-01	1.54692e+01
110	1	8	0	2	3	3.32551e-03	-5.38826e-01	1.57006e+01
110	1	9	0	2	3	1.94694e-03	-4.38177e-01	1.54505e+01
110	1	10	0	2	3	4.61049e-03	-6.21970e-01	1.67348e+01
110	1	11	0	2	3	3.78791e-03	-5.65049e-01	1.70268e+01
110	1	12	0	2	3	3.08025e-03	-5.15629e-01	1.52549e+01
110	1	13	0	2	3	2.09307e-03	-4.43757e-01	1.46487e+01
110	1	14	0	2	3	3.61911e-03	-5.63274e-01	1.60111e+01
110	1	15	0	2	3	4.10738e-03	-5.84081e-01	1.69269e+01
110	1	16	0	2	3	3.44107e-03	-5.42586e-01	1.58322e+01
110	1	17	0	2	3	4.51838e-03	-6.09579e-01	1.65985e+01
110	1	18	0	2	3	3.27207e-03	-5.30566e-01	1.50341e+01
110	1	19	0	2	3	3.02533e-03	-5.04900e-01	1.61113e+01
110	1	20	0	2	3	3.63444e-03	-5.64185e-01	1.66750e+01
110	1	21	0	2	3	1.22850e-03	-3.74126e-01	1.37495e+01
110	1	22	0	2	3	3.65342e-03	-5.53716e-01	1.59460e+01
110	1	23	0	2	3	3.86517e-03	-5.58172e-01	1.61764e+01
110	1	24	0	2	3	3.81590e-03	-5.68640e-01	1.61724e+01
110	1	25	0	2	3	4.15682e-03	-5.87955e-01	1.70017e+01
110	1	26	0	2	3	3.36144e-03	-5.40156e-01	1.56152e+01
110	1	27	0	2	3	3.26977e-03	-5.19681e-01	1.63969e+01
110	1	28	0	2	3	3.28029e-03	-5.37733e-01	1.56454e+01
110	1	29	0	2	3	3.54916e-03	-5.44444e-01	1.63477e+01
110	1	30	0	2	3	3.86804e-03	-5.74335e-01	1.64799e+01
110	1	31	0	2	3	3.80046e-03	-5.65533e-01	1.68186e+01
110	1	32	0	2	3	3.85811e-03	-5.76211e-01	1.67783e+01
110	1	33	0	2	3	3.42407e-03	-5.42797e-01	1.53351e+01
110	1	34	0	2	3	4.28577e-03	-5.93313e-01	1.52410e+01
110	1	35	0	2	3	4.19193e-03	-6.07105e-01	1.78002e+01
110	1	36	0	2	3	4.22755e-03	-5.94935e-01	1.65811e+01
110	1	37	0	2	3	3.52959e-03	-5.39355e-01	1.54001e+01
110	1	38	0	2	3	4.07771e-03	-5.86439e-01	1.66379e+01
110	1	39	0	2	3	3.90293e-03	-5.64109e-01	1.67961e+01
110	1	40	0	2	3	3.96675e-03	-5.70950e-01	1.59386e+01
110	1	41	0	2	3	3.69858e-03	-5.51280e-01	1.60081e+01
110	1	42	0	2	3	4.04669e-03	-5.76409e-01	1.55904e+01
110	1	43	0	2	3	4.07211e-03	-5.80185e-01	1.73226e+01
110	1	44	0	2	3	3.77828e-03	-5.66263e-01	1.60811e+01
110	1	45	0	2	3	3.33338e-03	-5.29206e-01	1.59079e+01
110	1	46	0	2	3	4.10284e-03	-5.90796e-01	1.64759e+01
110	1	47	0	2	3	3.92874e-03	-5.89981e-01	1.79618e+01
110	1	48	0	2	3	3.81092e-03	-5.64316e-01	1.56944e+01
110	1	49	0	2	3	4.18381e-03	-5.84468e-01	1.70675e+01
110	1	50	0	2	3	4.18223e-03	-5.93894e-01	1.61980e+01
110	1	51	0	2	3	4.44332e-03	-6.08124e-01	1.71838e+01
110	1	52	0	2	3	3.94331e-03	-5.85716e-01	1.63780e+01
110	1	53	0	2	3	3.68443e-03	-5.51790e-01	1.64754e+01
110	1	54	0	2	3	3.95408e-03	-5.84317e-01	1.62859e+01
110	1	55	0	2	3	4.05605e-03	-5.81499e-01	1.68519e+01
110	1	56	0	2	3	3.94875e-03	-5.90822e-01	1.65635e+01
110	1	57	0	2	3	4.09031e-03	-5.85793e-01	1.66681e+01
110	1	58	0	2	3	3.83197e-03	-5.81531e-01	1.72329e+01
110	1	59	0	2	3	4.77998e-03	-6.46648e-01	1.90855e+01
110	1	60	0	2	3	3.80762e-03	-5.70196e-01	1.58353e+01
110	1	61	0	2	3	4.19247e-03	-5.79629e-01	1.70092e+01
110	1	62	0	2	3	3.97573e-03	-5.79898e-01	1.59596e+01
110	1	63	0	2	3	4.17814e-03	-5.93907e-01	1.71509e+01
110	1	64	0	2	3	3.90479e-03	-5.80877e-01	1.74319e+01
110	1	65	0	2	3	4.33622e-03	-6.02068e-01	1.65329e+01
110	1	66	0	2	3	4.45175e-03	-6.25849e-01	1.69431e+01
110	1	67	0	2	3	4.23526e-03	-5.97576e-01	1.65616e+01
110	1	68	0	2	3	3.52161e-03	-5.40601e-01	1.50268e+01
110	1	69	0	2	3	4.05126e-03	-5.82198e-01	1.62626e+01
110	1	70	0	2	3	4.15664e-03	-5.97714e-01	1.64989e+01
110	1	71	0	2	3	4.24483e-03	-6.04845e-01	1.69519e+01
110	1	72	0	2	3	3.83496e-03	-5.66975e-01	1.63741e+01
110	1	73	0	2	3	4.40171e-03	-6.13034e-01	1.75513e+01
110	1	74	0	2	3	4.24421e-03	-5.96655e-01	1.60630e+01
110	1	75	0	2	3	4.26166e-03	-6.05172e-01	1.63869e+01
110	1	76	0	2	3	3.86521e-03	-5.67109e-01	1.61591e+01
110	1	77	0	2	3	4.00136e-03	-5.84421e-01	1.69842e+01
110	1	78	0	2	3	4.20418e-03	-5.99302e-01	1.61521e+01
110	1	79	0	2	3	4.16476e-03	-5.92150e-01	1.59868e+01
110	1	80	0	2	3	3.69484e-03	-5.55260e-01	1.58775e+01
110	1	81	0	2	3	3.99696e-03	-5.74337e-01	1.59406e+01
110	1	82	0	2	3	4.52556e-03	-6.20151e-01	1.79761e+01
110	1	83	0	2	3	4.23966e-03	-5.86223e-01	1.54419e+01
110	1	84	0	2	3	3.58701e-03	-5.39089e-01	1.50229e+01
110	1	85	0	2	3	3.49852e-03	-5.40352e-01	1.56488e+01
110	1	86	0	2	3	4.16433e-03	-5.95360e-01	1.63045e+01
110	1	87	0	2	3	4.16921e-03	-5.82905e-01	1.50892e+01
110	1	88	0	2	3	3.93942e-03	-5.75063e-01	1.66578e+01
110	1	89	0	2	3	3.97828e-03	-5.80107e-01	1.60259e+01
110	1	90	0	2	3	4.19111e-03	-5.93418e-01	1.61230e+01
110	1	91	0	2	3	4.29466e-03	-5.97129e-01	1.61605e+01
110	1	92	0	2	3	3.79269e-03	-5.58565e-01	1.59003e+01
110	1	93	0	2	3	3.84488e-03	-5.64684e-01	1.62328e+01
110	1	94	0	2	3	3.76593e-03	-5.70417e-01	1.59827e+01
110	1	95	0	2	3	3.97848e-03	-5.81147e-01	1.62662e+01
110	1	96	0	2	3	3.77859e-03	-5.62160e-01	1.57062e+01
110	1	97	0	2	3	3.90393e-03	-5.71646e-01	1.58320e+01
110	1	98	0	2	3	4.11528e-03	-6.07580e-01	1.79435e+01
110	1	99	0	2	3	4.06149e-03	-5.83043e-01	1.63439e+01
110	1	100	0	2	3	3.69457e-03	-5.44725e-01	1.58394e+01
110	1	101	0	2	3	3.95791e-03	-5.72737e-01	1.56677e+01
110	1	102	0	2	3	4.08463e-03	-5.97854e-01	1.69095e+01
110	1	103	0	2	3	4.30134e-03	-5.96879e-01	1.64258e+01
110	1	104	0	2	3	3.80420e-03	-5.65398e-01	1.62528e+01
110	1	105	0	2	3	3.63340e-03	-5.51638e-01	1.50977e+01
110	1	106	0	2	3	4.46297e-03	-6.20183e-01	1.70607e+01
110	1	107	0	2	3	4.85581e-03	-6.36615e-01	1.62678e+01
110	1	108	0	2	3	3.55156e-03	-5.47099e-01	1.66545e+01
110	1	109	0	2	3	3.74137e-03	-5.63750e-01	1.58988e+01
110	1	110	0	2	3	3.93979e-03	-5.87169e-01	1.67683e+01
110	1	111	0	2	3	4.15789e-03	-5.99803e-01	1.70672e+01
110	1	112	0	2	3	3.44273e-03	-5.43061e-01	1.57238e+01
110	1	113	0	2	3	3.80583e-03	-5.65241e-01	1.64262e+01
110	1	114	0	2	3	4.05367e-03	-5.92335e-01	1.63992e+01
110	1	115	0	2	3	4.67480e-03	-6.25040e-01	1.71094e+01
110	1	116	0	2	3	3.89725e-03	-5.79056e-01	1.65838e+01
110	1	117	0	2	3	3.68906e-03	-5.59754e-01	1.63175e+01
110	1	118	0	2	3	4.49070e-03	-6.18901e-01	1.63103e+01
110	1	119	0	2	3	4.61166e-03	-6.18842e-01	1.63457e+01
110	1	120	0	2	3	3.51141e-03	-5.44488e-01	1.55488e+01
110	1	121	0	2	3	3.59798e-03	-5.52152e-01	1.59756e+01
110	1	122	0	2	3	2.73871e-03	-4.99710e-01	1.62429e+01
110	1	123	0	2	3	5.43113e-03	-6.94730e-01	2.00931e+01
110	1	124	0	2	3	3.88472e-03	-5.66601e-01	1.55971e+01
110	1	125	0	2	3	4.34324e-03	-6.09551e-01	1.73341e+01
110	1	126	0	2	3	4.01174e-03	-5.87062e-01	1.67812e+01
110	1	127	0	2	3	5.05145e-03	-6.46040e-01	1.75451e+01
110	1	128	0	2	3	4.25167e-03	-6.28848e-01	1.82656e+01
110	1	129	0	2	3	5.52458e-03	-7.19830e-01	1.97754e+01
110	1	130	0	2	3	3.71191e-03	-5.78093e-01	1.62419e+01
110	1	131	0	2	3	3.11569e-03	-5.23639e-01	1.56074e+01
110	1	132	0	2	3	4.91657e-03	-6.72737e-01	1.90972e+01
110	1	133	0	2	3	4.03140e-03	-5.89697e-01	1.65791e+01
110	1	134	0	2	3	3.95939e-03	-5.92849e-01	1.74778e+01
110	1	135	0	2	3	2.92169e-03	-5.09104e-01	1.45680e+01
110	1	136	0	2	3	3.64161e-03	-5.82739e-01	1.78226e+01
110	1	137	0	2	3	1.74138e-03	-4.38801e-01	1.45797e+01
110	1	138	0	2	3	2.68865e-03	-4.97545e-01	1.51839e+01
110	1	139	0	2	3	2.48833e-03	-4.80669e-01	1.43218e+01
110	1	140	0	2	3	4.94242e-03	-6.55718e-01	1.77595e+01
110	1	141	0	2	3	2.68330e-03	-4.85659e-01	1.45118e+01
110	1	142	0	2	3	3.92244e-03	-5.73146e-01	1.58895e+01
110	1	143	0	2	3	2.71731e-03	-4.79026e-01	1.49681e+01
110	1	144	0	2	3	-1.65252e-02	9.34221e-01	-1.11857e+01
110	1	145	0	2	3	2.72366e-03	-4.79493e-01	1.46479e+01
110	1	146	0	2	3	2.08636e-03	-4.60008e-01	1.45135e+01
110	1	147	0	2	3	5.45141e-03	-6.84147e-01	1.74827e+01
110	1	148	0	2	3	4.47671e-03	-6.20295e-01	1.67030e+01
110	1	149	0	2	3	-1.33483e-03	-1.74912e-01	9.42991e+00
110	1	150	0	2	3	1.07101e-03	-3.85966e-01	1.37658e+01
110	1	151	0	2	3	9.07961e-03	-9.70996e-01	2.38685e+01
110	1	152	0	2	3	-1.80379e-02	1.05096e+00	-1.23848e+01
110	1	153	0	2	3	-1.01215e-03	-2.07045e-01	1.04844e+01
110	1	154	0	2	3	-6.07886e-04	-2.47247e-01	9.89155e+00
110	1	155	0	2	3	5.57515e-03	-6.90716e-01	1.82709e+01
110	1	156	0	2	3	3.18439e-03	-5.18037e-01	1.54625e+01
110	1	157	0	2	3	-4.64762e-04	-2.65697e-01	1.09094e+01
110	1	158	0	2	3	2.13458e-03	-4.52767e-01	1.50339e+01
110	1	159	0	2	3	5.33286e-03	-6.86946e-01	1.86596e+01
