##
#  file: HodoPHCParam_Dummy
#  date: 2016.06.15
#  note: first version
#
#
#######################################################################
# CId	PlId	Seg	UorD	Type	nParam	p0	p1	...
#
#	Type=0 no correction will be performed
#	Type=1 ct=t-p[0]/sqrt(a-p[1])+p[2]
#	Type=2 ct=p[0]*a*a + p[1]*a + p[2] for Fiber
#
#######################################################################
# BH1 Up                                                              #
#######################################################################
1	0	0	0	1	3	1.47730e+00	-2.35290e-01	1.36110e+00
1	0	1	0	1	3	6.62130e-01	3.34480e-01	8.67710e-01
1	0	2	0	1	3	7.54820e-01	2.48290e-01	9.34610e-01
1	0	3	0	1	3	1.23270e+00	-1.14280e-01	1.26640e+00
1	0	4	0	1	3	1.29730e+00	-1.98210e-01	1.21160e+00
1	0	5	0	1	3	1.43110e+00	-7.87430e-02	1.42120e+00
1	0	6	0	1	3	1.41000e+00	-1.74510e-01	1.32020e+00
1	0	7	0	1	3	1.25340e+00	-3.62780e-02	1.24940e+00
1	0	8	0	1	3	1.44900e+00	-3.83590e-01	1.25050e+00
1	0	9	0	1	3	2.28060e+00	-6.04700e-01	1.82360e+00
1	0	10	0	1	3	9.33520e-01	5.26570e-02	9.95230e-01
#######################################################################
# BH1 Down                                                            #
#######################################################################
1	0	0	1	1	3	2.02010e+00	-5.58670e-01	1.64300e+00
1	0	1	1	1	3	8.49690e-01	1.88140e-01	1.01360e+00
1	0	2	1	1	3	1.21680e+00	-7.53470e-02	1.21540e+00
1	0	3	1	1	3	2.08470e+02	-6.59470e+01	2.55410e+01
1	0	4	1	1	3	1.41330e+00	-2.47510e-01	1.29810e+00
1	0	5	1	1	3	1.63380e+00	-2.25070e-01	1.48610e+00
1	0	6	1	1	3	1.64270e+00	-3.28680e-01	1.48410e+00
1	0	7	1	1	3	1.48840e+00	-1.98800e-01	1.38020e+00
1	0	8	1	1	3	9.57720e-01	-5.07090e-03	9.79170e-01
1	0	9	1	1	3	1.28980e+00	-8.52640e-02	1.26930e+00
1	0	10	1	1	3	1.29280e+00	-1.52360e-01	1.25330e+00
#######################################################################
# BH2 Up                                                              #
#######################################################################
2	0	0	0	1	3	1.23928e-01	3.19092e-01	1.64921e-01
2	0	1	0	1	3	7.53706e-01	-1.79708e-01	6.99096e-01
2	0	2	0	1	3	4.42202e-01	-1.79103e-01	4.01925e-01
2	0	3	0	1	3	3.11545e-01	-5.77250e-02	3.02038e-01
2	0	4	0	1	3	2.94738e-01	-1.61080e-01	2.70687e-01
2	0	5	0	1	3	1.70974e-01	2.75206e-01	2.01729e-01
2	0	6	0	1	3	3.73818e-01	9.75170e-02	3.97597e-01
2	0	7	0	1	3	3.15997e-01	6.59460e-02	3.24278e-01
#######################################################################
# BH2 Down                                                            #
#######################################################################
2	0	0	1	1	3	2.64639e-01	1.04767e-01	3.03250e-01
2	0	1	1	1	3	1.34101e+00	-8.16725e-01	9.87325e-01
2	0	2	1	1	3	4.33143e-01	-7.83380e-02	4.15357e-01
2	0	3	1	1	3	2.71422e-01	-7.15340e-02	2.53653e-01
2	0	4	1	1	3	2.16354e-01	1.56752e-01	2.36613e-01
2	0	5	1	1	3	2.26477e-01	2.19430e-01	2.54177e-01
2	0	6	1	1	3	1.46634e+00	-7.69085e-01	1.07966e+00
2	0	7	1	1	3	2.49431e-01	7.90660e-02	2.64418e-01
#######################################################################
# BAC                                                                 #
#######################################################################
3	0	0	0	1	3	0.00000e+00	0.00000e+00	0.00000e+00
3	0	1	0	1	3	0.00000e+00	0.00000e+00	0.00000e+00
#######################################################################
# FBH Up                                                              #
#######################################################################
4	0	0	0	2	3	-5.62952e-03	8.96903e-01	-3.53273e+01
4	0	1	0	2	3	-4.29399e-03	7.37975e-01	-3.00049e+01
4	0	2	0	2	3	-5.26894e-03	8.67305e-01	-3.38992e+01
4	0	3	0	2	3	-3.80183e-03	6.69237e-01	-2.72260e+01
4	0	4	0	2	3	-4.35014e-03	7.35785e-01	-2.92008e+01
4	0	5	0	2	3	-4.02541e-03	6.86907e-01	-2.70312e+01
4	0	6	0	2	3	-4.16660e-03	7.08229e-01	-2.81512e+01
4	0	7	0	2	3	-3.93117e-03	6.84759e-01	-2.69101e+01
4	0	8	0	2	3	-4.14423e-03	6.96902e-01	-2.65883e+01
4	0	9	0	2	3	-2.83372e-03	5.62925e-01	-2.20787e+01
4	0	10	0	2	3	-4.07944e-03	7.09420e-01	-2.75603e+01
4	0	11	0	2	3	-3.50961e-03	6.50113e-01	-2.64167e+01
4	0	12	0	2	3	-3.52415e-03	6.49734e-01	-2.67232e+01
4	0	13	0	2	3	-4.13420e-03	7.26957e-01	-2.99675e+01
4	0	14	0	2	3	-4.90315e-03	8.27563e-01	-3.35630e+01
4	0	15	0	2	3	-4.73048e-03	8.13189e-01	-3.31901e+01
#######################################################################
# FBH Down                                                            #
#######################################################################
4	0	0	1	2	3	-5.62952e-03	8.96903e-01	-3.53273e+01
4	0	1	1	2	3	-4.29399e-03	7.37975e-01	-3.00049e+01
4	0	2	1	2	3	-5.26894e-03	8.67305e-01	-3.38992e+01
4	0	3	1	2	3	-3.80183e-03	6.69237e-01	-2.72260e+01
4	0	4	1	2	3	-4.35014e-03	7.35785e-01	-2.92008e+01
4	0	5	1	2	3	-4.02541e-03	6.86907e-01	-2.70312e+01
4	0	6	1	2	3	-4.16660e-03	7.08229e-01	-2.81512e+01
4	0	7	1	2	3	-3.93117e-03	6.84759e-01	-2.69101e+01
4	0	8	1	2	3	-4.14423e-03	6.96902e-01	-2.65883e+01
4	0	9	1	2	3	-2.83372e-03	5.62925e-01	-2.20787e+01
4	0	10	1	2	3	-4.07944e-03	7.09420e-01	-2.75603e+01
4	0	11	1	2	3	-3.50961e-03	6.50113e-01	-2.64167e+01
4	0	12	1	2	3	-3.52415e-03	6.49734e-01	-2.67232e+01
4	0	13	1	2	3	-4.13420e-03	7.26957e-01	-2.99675e+01
4	0	14	1	2	3	-4.90315e-03	8.27563e-01	-3.35630e+01
4	0	15	1	2	3	-4.73048e-03	8.13189e-01	-3.31901e+01
#######################################################################
# PVAC                                                                #
#######################################################################
5	0	0	0	1	3	0.00000e+00	0.00000e+00	0.00000e+00
#######################################################################
# FAC                                                                 #
#######################################################################
6	0	0	0	1	3	0.00000e+00	0.00000e+00	0.00000e+00
#######################################################################
# SCH                                                                 #
#######################################################################
#7	0	0	0	2	3	-0.00500000	0.821213	-32.185321
#7	0	1	0	2	3	-0.00500000	0.830248	-32.269563
#7	0	2	0	2	3	-0.00500000	0.793073	-29.315934
#7	0	3	0	2	3	-0.00500000	0.772144	-28.276705
#7	0	4	0	2	3	-0.00500000	0.801968	-30.687167
#7	0	5	0	2	3	-0.00500000	0.778300	-28.439251
#7	0	6	0	2	3	-0.00500000	0.765872	-27.918181
#7	0	7	0	2	3	-0.00500000	0.738459	-26.016797
#7	0	8	0	2	3	-0.00500000	0.778318	-28.676371
#7	0	9	0	2	3	-0.00500000	0.776670	-28.892887
#7	0	10	0	2	3	-0.00500000	0.764278	-28.122474
#7	0	11	0	2	3	-0.00500000	0.790742	-29.423647
#7	0	12	0	2	3	-0.00500000	0.811330	-30.487019
#7	0	13	0	2	3	-0.00500000	0.818750	-30.891512
#7	0	14	0	2	3	-0.00500000	0.802541	-30.009136
#7	0	15	0	2	3	-0.00500000	0.809525	-30.751746
#7	0	16	0	2	3	-0.00500000	0.802597	-30.845509
#7	0	17	0	2	3	-0.00500000	0.835028	-32.780792
#7	0	18	0	2	3	-0.00500000	0.859176	-33.938731
#7	0	19	0	2	3	-0.00500000	0.814851	-31.445396
#7	0	20	0	2	3	-0.00500000	0.809426	-30.781087
#7	0	21	0	2	3	-0.00500000	0.780678	-28.888756
#7	0	22	0	2	3	-0.00500000	0.808206	-30.719604
#7	0	23	0	2	3	-0.00500000	0.774024	-27.858339
#7	0	24	0	2	3	-0.00500000	0.794308	-29.022101
#7	0	25	0	2	3	-0.00500000	0.775649	-27.980186
#7	0	26	0	2	3	-0.00500000	0.788483	-28.687567
#7	0	27	0	2	3	-0.00466315	0.771386	-29.253260
#7	0	28	0	2	3	-0.00483132	0.790854	-28.637741
#7	0	29	0	2	3	-0.00497049	0.812994	-30.786914
#7	0	30	0	2	3	-0.00500000	0.787793	-28.362716
#7	0	31	0	2	3	-0.00500000	0.790759	-28.876812
#7	0	32	0	2	3	-0.00500000	0.824826	-31.655285
#7	0	33	0	2	3	-0.00500000	0.845304	-33.407765
#7	0	34	0	2	3	-0.00500000	0.832263	-32.939799
#7	0	35	0	2	3	-0.00500000	0.820631	-31.695372
#7	0	36	0	2	3	-0.00500000	0.836997	-33.200590
#7	0	37	0	2	3	-0.00500000	0.819690	-32.097193
#7	0	38	0	2	3	-0.00500000	0.808109	-31.263214
#7	0	39	0	2	3	-0.00500000	0.815224	-31.135523
#7	0	40	0	2	3	-0.00500000	0.803398	-29.897923
#7	0	41	0	2	3	-0.00500000	0.815685	-31.165519
#7	0	42	0	2	3	-0.00500000	0.812980	-30.737261
#7	0	43	0	2	3	-0.00500000	0.829418	-32.693307
#7	0	44	0	2	3	-0.00500000	0.789530	-29.464920
#7	0	45	0	2	3	-0.00500000	0.804789	-31.208151
#7	0	46	0	2	3	-0.00500000	0.830106	-32.806514
#7	0	47	0	2	3	-0.00500000	0.819206	-31.373242
#7	0	48	0	2	3	-0.00500000	0.816165	-31.709319
#7	0	49	0	2	3	-0.00500000	0.798496	-30.201709
#7	0	50	0	2	3	-0.00500000	0.812167	-31.795745
#7	0	51	0	2	3	-0.00500000	0.810749	-31.375226
#7	0	52	0	2	3	-0.00500000	0.803385	-31.372512
#7	0	53	0	2	3	-0.00500000	0.777405	-29.262831
#7	0	54	0	2	3	-0.00500000	0.783954	-29.763410
#7	0	55	0	2	3	-0.00500000	0.789443	-29.976449
#7	0	56	0	2	3	-0.00500000	0.838828	-33.261086
#7	0	57	0	2	3	-0.00500000	0.804421	-30.573195
#7	0	58	0	2	3	-0.00500000	0.773283	-29.111048
#7	0	59	0	2	3	-0.00500000	0.811789	-31.449459
#7	0	60	0	2	3	-0.00500000	0.759724	-28.110014
#7	0	61	0	2	3	-0.00500000	0.810884	-31.379063
#7	0	62	0	2	3	-0.00500000	0.771910	-28.435006
#7	0	63	0	2	3	-0.00500000	0.796658	-30.511906
#######################################################################
# TOF Up                                                              #
#######################################################################
7	0	0	0	1	3	5.24830e+00	-1.96630e+00	2.96170e+00
7	0	1	0	1	3	5.24830e+00	-1.96630e+00	2.96170e+00
7	0	2	0	1	3	5.24830e+00	-1.96630e+00	2.96170e+00
7	0	3	0	1	3	5.24830e+00	-1.96630e+00	2.96170e+00
7	0	4	0	1	3	5.24830e+00	-1.96630e+00	2.96170e+00
7	0	5	0	1	3	5.24830e+00	-1.96630e+00	2.96170e+00
7	0	6	0	1	3	6.97090e+00	-3.03520e+00	3.39910e+00
7	0	7	0	1	3	4.05450e+00	-1.96150e+00	2.30360e+00
7	0	8	0	1	3	1.16940e+02	-2.98600e+01	2.09880e+01
7	0	9	0	1	3	5.24830e+00	-1.96630e+00	2.96170e+00
7	0	10	0	1	3	5.24830e+00	-1.96630e+00	2.96170e+00
7	0	11	0	1	3	5.24830e+00	-1.96630e+00	2.96170e+00
7	0	12	0	1	3	5.24830e+00	-1.96630e+00	2.96170e+00
7	0	13	0	1	3	5.24830e+00	-1.96630e+00	2.96170e+00
7	0	14	0	1	3	5.24830e+00	-1.96630e+00	2.96170e+00
7	0	15	0	1	3	5.24830e+00	-1.96630e+00	2.96170e+00
7	0	16	0	1	3	5.24830e+00	-1.96630e+00	2.96170e+00
7	0	17	0	1	3	5.24830e+00	-1.96630e+00	2.96170e+00
7	0	18	0	1	3	5.24830e+00	-1.96630e+00	2.96170e+00
7	0	19	0	1	3	7.11491e-01	1.85180e-03	5.82402e-01
7	0	20	0	1	3	5.59404e-01	-1.73810e-03	4.50716e-01
7	0	21	0	1	3	8.92499e-01	1.99900e-03	7.37364e-01
7	0	22	0	1	3	6.37553e-01	1.99960e-03	5.45449e-01
7	0	23	0	1	3	1.19210e+00	1.98920e-03	9.99994e-01
#######################################################################
# TOF Down                                                            #
#######################################################################
7	0	0	1	1	3	5.84300e+00	-2.30730e+00	3.11320e+00
7	0	1	1	1	3	5.84300e+00	-2.30730e+00	3.11320e+00
7	0	2	1	1	3	5.84300e+00	-2.30730e+00	3.11320e+00
7	0	3	1	1	3	5.84300e+00	-2.30730e+00	3.11320e+00
7	0	4	1	1	3	5.84300e+00	-2.30730e+00	3.11320e+00
7	0	5	1	1	3	5.84300e+00	-2.30730e+00	3.11320e+00
7	0	6	1	1	3	1.41330e+01	-5.81170e+00	5.32680e+00
7	0	7	1	1	3	7.84850e+01	-2.02870e+01	1.69500e+01
7	0	8	1	1	3	2.20240e+02	-3.62440e+01	3.60080e+01
7	0	9	1	1	3	5.84300e+00	-2.30730e+00	3.11320e+00
7	0	10	1	1	3	5.84300e+00	-2.30730e+00	3.11320e+00
7	0	11	1	1	3	5.84300e+00	-2.30730e+00	3.11320e+00
7	0	12	1	1	3	5.84300e+00	-2.30730e+00	3.11320e+00
7	0	13	1	1	3	5.84300e+00	-2.30730e+00	3.11320e+00
7	0	14	1	1	3	5.84300e+00	-2.30730e+00	3.11320e+00
7	0	15	1	1	3	5.84300e+00	-2.30730e+00	3.11320e+00
7	0	16	1	1	3	5.84300e+00	-2.30730e+00	3.11320e+00
7	0	17	1	1	3	5.84300e+00	-2.30730e+00	3.11320e+00
7	0	18	1	1	3	5.84300e+00	-2.30730e+00	3.11320e+00
7	0	19	1	1	3	6.18741e-01	1.99860e-03	4.90831e-01
7	0	20	1	1	3	5.75901e-01	1.04210e-03	4.72509e-01
7	0	21	1	1	3	9.41046e-01	1.99890e-03	7.79357e-01
7	0	22	1	1	3	4.84266e-01	-1.95590e-03	3.99786e-01
7	0	23	1	1	3	8.97714e-01	1.99860e-03	7.56300e-01
#######################################################################
# BFT U                                                               #
#######################################################################
110	0	0	0	2	3	8.76331e-03	-9.94480e-01	2.44915e+01
110	0	1	0	2	3	-1.81858e-02	1.04103e+00	-1.20626e+01
110	0	2	0	2	3	1.06767e-03	-3.63363e-01	1.24710e+01
110	0	3	0	2	3	2.48596e-03	-1.00611e-01	1.51362e+00
110	0	4	0	2	3	1.70771e-03	-3.56393e-01	1.18606e+01
110	0	5	0	2	3	2.10004e-03	-3.95289e-01	1.21645e+01
110	0	6	0	2	3	5.56937e-03	-7.06958e-01	1.87944e+01
110	0	7	0	2	3	3.97443e-03	-5.16731e-01	1.44682e+01
110	0	8	0	2	3	-3.57444e-03	-2.07307e-02	6.04537e+00
110	0	9	0	2	3	-2.33769e-02	1.59836e+00	-2.62375e+01
110	0	10	0	2	3	-2.73278e-03	-1.06227e-01	7.30285e+00
110	0	11	0	2	3	4.75212e-03	-6.06239e-01	1.66352e+01
110	0	12	0	2	3	3.60484e-03	-5.31631e-01	1.45500e+01
110	0	13	0	2	3	-1.69132e-03	-1.24937e-01	7.74751e+00
110	0	14	0	2	3	5.72174e-03	-6.70197e-01	1.64906e+01
110	0	15	0	2	3	1.08095e-03	-3.32680e-01	1.15632e+01
110	0	16	0	2	3	1.93041e-03	-4.21418e-01	1.26022e+01
110	0	17	0	2	3	-1.95976e-03	-1.00720e-01	7.88850e+00
110	0	18	0	2	3	3.89909e-03	-5.55223e-01	1.47376e+01
110	0	19	0	2	3	3.51347e-03	-5.31173e-01	1.42703e+01
110	0	20	0	2	3	8.93782e-05	-3.08128e-01	1.14793e+01
110	0	21	0	2	3	-6.74788e-03	2.65491e-01	1.14363e+00
110	0	22	0	2	3	3.50128e-03	-5.43267e-01	1.52634e+01
110	0	23	0	2	3	3.35874e-03	-4.98954e-01	1.43702e+01
110	0	24	0	2	3	5.02246e-03	-6.41149e-01	1.72818e+01
110	0	25	0	2	3	4.69803e-03	-6.05549e-01	1.70018e+01
110	0	26	0	2	3	4.36249e-03	-6.04721e-01	1.63969e+01
110	0	27	0	2	3	3.22444e-03	-4.89919e-01	1.40973e+01
110	0	28	0	2	3	3.51984e-03	-5.40846e-01	1.36913e+01
110	0	29	0	2	3	6.08436e-03	-7.06267e-01	1.87212e+01
110	0	30	0	2	3	3.47366e-03	-5.39922e-01	1.60250e+01
110	0	31	0	2	3	5.73705e-03	-6.99194e-01	1.93924e+01
110	0	32	0	2	3	3.01070e-03	-5.02801e-01	1.46428e+01
110	0	33	0	2	3	1.87773e-03	-4.02703e-01	1.13166e+01
110	0	34	0	2	3	3.09988e-03	-5.19868e-01	1.48422e+01
110	0	35	0	2	3	3.37578e-03	-5.37314e-01	1.65225e+01
110	0	36	0	2	3	2.40341e-03	-4.54741e-01	1.34408e+01
110	0	37	0	2	3	3.05893e-03	-4.92008e-01	1.52474e+01
110	0	38	0	2	3	3.18624e-03	-5.10614e-01	1.38755e+01
110	0	39	0	2	3	3.83506e-03	-5.59049e-01	1.64682e+01
110	0	40	0	2	3	3.90552e-03	-5.63081e-01	1.52211e+01
110	0	41	0	2	3	3.79607e-03	-5.48588e-01	1.62176e+01
110	0	42	0	2	3	3.91334e-03	-5.54286e-01	1.53875e+01
110	0	43	0	2	3	3.64862e-03	-5.48101e-01	1.68911e+01
110	0	44	0	2	3	3.44077e-03	-5.33814e-01	1.48332e+01
110	0	45	0	2	3	4.16058e-03	-5.71884e-01	1.61456e+01
110	0	46	0	2	3	4.63283e-03	-6.21049e-01	1.64924e+01
110	0	47	0	2	3	3.24319e-03	-5.20667e-01	1.64910e+01
110	0	48	0	2	3	3.45246e-03	-5.25423e-01	1.35766e+01
110	0	49	0	2	3	4.14478e-03	-5.74847e-01	1.67460e+01
110	0	50	0	2	3	4.65006e-03	-6.10694e-01	1.64075e+01
110	0	51	0	2	3	4.69625e-03	-6.13155e-01	1.72714e+01
110	0	52	0	2	3	3.46118e-03	-5.27324e-01	1.42381e+01
110	0	53	0	2	3	4.29780e-03	-5.83558e-01	1.66899e+01
110	0	54	0	2	3	4.21167e-03	-5.86019e-01	1.57460e+01
110	0	55	0	2	3	4.85237e-03	-6.33393e-01	1.77167e+01
110	0	56	0	2	3	4.12779e-03	-5.92424e-01	1.69523e+01
110	0	57	0	2	3	4.77174e-03	-6.26207e-01	1.72528e+01
110	0	58	0	2	3	3.69858e-03	-5.52051e-01	1.62466e+01
110	0	59	0	2	3	3.63440e-03	-5.57850e-01	1.73962e+01
110	0	60	0	2	3	3.48530e-03	-5.45455e-01	1.48988e+01
110	0	61	0	2	3	3.33518e-03	-5.17972e-01	1.49805e+01
110	0	62	0	2	3	4.51185e-03	-6.08389e-01	1.61135e+01
110	0	63	0	2	3	4.16663e-03	-5.88546e-01	1.63303e+01
110	0	64	0	2	3	3.90002e-03	-5.69707e-01	1.58630e+01
110	0	65	0	2	3	3.61732e-03	-5.45393e-01	1.55249e+01
110	0	66	0	2	3	4.33945e-03	-6.08991e-01	1.77315e+01
110	0	67	0	2	3	4.29808e-03	-5.94287e-01	1.65232e+01
110	0	68	0	2	3	3.59445e-03	-5.58904e-01	1.62947e+01
110	0	69	0	2	3	4.58362e-03	-6.09446e-01	1.71404e+01
110	0	70	0	2	3	4.15347e-03	-6.02132e-01	1.70315e+01
110	0	71	0	2	3	4.08415e-03	-5.82950e-01	1.61820e+01
110	0	72	0	2	3	3.81763e-03	-5.66658e-01	1.61840e+01
110	0	73	0	2	3	4.07549e-03	-5.83463e-01	1.66275e+01
110	0	74	0	2	3	4.49545e-03	-6.23371e-01	1.73215e+01
110	0	75	0	2	3	4.16789e-03	-5.82997e-01	1.67977e+01
110	0	76	0	2	3	3.40543e-03	-5.34626e-01	1.47464e+01
110	0	77	0	2	3	4.00831e-03	-5.74210e-01	1.60159e+01
110	0	78	0	2	3	4.19200e-03	-6.01782e-01	1.63290e+01
110	0	79	0	2	3	4.32958e-03	-5.96162e-01	1.60260e+01
110	0	80	0	2	3	3.87943e-03	-5.69830e-01	1.64764e+01
110	0	81	0	2	3	4.35842e-03	-5.89205e-01	1.58558e+01
110	0	82	0	2	3	3.79886e-03	-5.62133e-01	1.58468e+01
110	0	83	0	2	3	4.29834e-03	-5.98156e-01	1.69897e+01
110	0	84	0	2	3	3.49307e-03	-5.40848e-01	1.54233e+01
110	0	85	0	2	3	4.10327e-03	-5.79243e-01	1.61326e+01
110	0	86	0	2	3	4.86137e-03	-6.49487e-01	1.71294e+01
110	0	87	0	2	3	3.49250e-03	-5.46176e-01	1.68879e+01
110	0	88	0	2	3	3.98463e-03	-5.68368e-01	1.61999e+01
110	0	89	0	2	3	4.33125e-03	-5.95061e-01	1.59601e+01
110	0	90	0	2	3	4.38980e-03	-6.09124e-01	1.61857e+01
110	0	91	0	2	3	4.25994e-03	-5.97971e-01	1.66296e+01
110	0	92	0	2	3	3.46543e-03	-5.44091e-01	1.57719e+01
110	0	93	0	2	3	4.04151e-03	-5.73225e-01	1.63505e+01
110	0	94	0	2	3	4.30078e-03	-6.18000e-01	1.81758e+01
110	0	95	0	2	3	3.65908e-03	-5.51402e-01	1.65702e+01
110	0	96	0	2	3	3.84888e-03	-5.74368e-01	1.60382e+01
110	0	97	0	2	3	4.31982e-03	-6.02074e-01	1.67947e+01
110	0	98	0	2	3	4.17129e-03	-5.97899e-01	1.64057e+01
110	0	99	0	2	3	4.72726e-03	-6.22660e-01	1.66567e+01
110	0	100	0	2	3	3.32308e-03	-5.31191e-01	1.57859e+01
110	0	101	0	2	3	4.02568e-03	-5.80281e-01	1.62861e+01
110	0	102	0	2	3	4.47197e-03	-6.16891e-01	1.75543e+01
110	0	103	0	2	3	3.36005e-03	-5.30429e-01	1.58844e+01
110	0	104	0	2	3	4.38643e-03	-6.07637e-01	1.62837e+01
110	0	105	0	2	3	4.19765e-03	-5.88771e-01	1.68235e+01
110	0	106	0	2	3	4.17470e-03	-5.92210e-01	1.70367e+01
110	0	107	0	2	3	3.82645e-03	-5.58779e-01	1.57648e+01
110	0	108	0	2	3	2.25427e-03	-4.61606e-01	1.46219e+01
110	0	109	0	2	3	5.10738e-03	-6.51032e-01	1.77247e+01
110	0	110	0	2	3	4.11318e-03	-5.91827e-01	1.68767e+01
110	0	111	0	2	3	6.20503e-03	-7.41795e-01	1.95922e+01
110	0	112	0	2	3	4.64280e-03	-6.13492e-01	1.58478e+01
110	0	113	0	2	3	3.36667e-03	-5.26912e-01	1.56013e+01
110	0	114	0	2	3	3.03015e-03	-5.02920e-01	1.52388e+01
110	0	115	0	2	3	2.90175e-03	-4.91183e-01	1.49126e+01
110	0	116	0	2	3	4.69106e-03	-6.27916e-01	1.70717e+01
110	0	117	0	2	3	5.90891e-03	-7.24541e-01	1.93274e+01
110	0	118	0	2	3	3.58156e-03	-5.51433e-01	1.63920e+01
110	0	119	0	2	3	3.19337e-03	-5.15933e-01	1.46057e+01
110	0	120	0	2	3	2.17272e-03	-4.61906e-01	1.45835e+01
110	0	121	0	2	3	5.40567e-03	-6.67845e-01	1.67620e+01
110	0	122	0	2	3	3.47665e-03	-5.43084e-01	1.58490e+01
110	0	123	0	2	3	6.22292e-03	-7.45373e-01	2.01202e+01
110	0	124	0	2	3	1.39674e-03	-3.83245e-01	1.33650e+01
110	0	125	0	2	3	3.06043e-03	-4.80763e-01	1.26491e+01
110	0	126	0	2	3	2.30972e-03	-4.31229e-01	1.32576e+01
110	0	127	0	2	3	1.45291e-03	-3.90792e-01	1.22182e+01
110	0	128	0	2	3	2.16550e-03	-4.63103e-01	1.53739e+01
110	0	129	0	2	3	1.35178e-03	-4.21712e-01	1.37501e+01
110	0	130	0	2	3	1.33197e-03	-4.08068e-01	1.44949e+01
110	0	131	0	2	3	-4.91808e-03	9.28926e-02	5.60390e+00
110	0	132	0	2	3	-2.92015e-03	-1.17707e-01	1.01206e+01
110	0	133	0	2	3	-1.13790e-02	6.03932e-01	-5.31971e+00
110	0	134	0	2	3	4.85962e-03	-6.61359e-01	1.87985e+01
110	0	135	0	2	3	1.22815e-03	-4.18251e-01	1.45114e+01
110	0	136	0	2	3	-4.14475e-04	-2.55980e-01	1.05788e+01
110	0	137	0	2	3	4.10997e-04	-3.50635e-01	1.40100e+01
110	0	138	0	2	3	-1.98707e-02	1.27288e+00	-1.81978e+01
110	0	139	0	2	3	3.67966e-03	-5.73524e-01	1.60042e+01
110	0	140	0	2	3	-5.86983e-03	1.43366e-01	4.46567e+00
110	0	141	0	2	3	3.71952e-03	-5.86755e-01	1.69512e+01
110	0	142	0	2	3	1.47022e-03	-4.24786e-01	1.46992e+01
110	0	143	0	2	3	-1.07713e-03	-2.54702e-01	1.17966e+01
110	0	144	0	2	3	-1.40068e-03	-2.02472e-01	1.06709e+01
110	0	145	0	2	3	-3.19851e-03	-1.43127e-02	5.02932e+00
110	0	146	0	2	3	5.76645e-03	-6.73675e-01	1.79921e+01
110	0	147	0	2	3	-1.26827e-02	6.17566e-01	-4.69611e+00
110	0	148	0	2	3	4.86027e-04	-3.99075e-01	1.48414e+01
110	0	149	0	2	3	5.15493e-03	-6.74986e-01	1.80777e+01
110	0	150	0	2	3	6.65311e-04	-3.60394e-01	1.38393e+01
110	0	151	0	2	3	2.16704e-03	-4.13289e-01	1.32810e+01
110	0	152	0	2	3	-6.41409e-03	2.15171e-01	2.61981e+00
110	0	153	0	2	3	-2.03327e-02	1.21857e+00	-1.54404e+01
110	0	154	0	2	3	-9.95843e-03	4.50222e-01	-2.21587e+00
110	0	155	0	2	3	6.94429e-03	-7.40716e-01	1.83531e+01
110	0	156	0	2	3	-3.71434e-02	2.49787e+00	-3.93851e+01
110	0	157	0	2	3	-1.30066e-02	6.20379e-01	-3.11168e+00
110	0	158	0	2	3	1.44455e-03	-4.60299e-01	1.62109e+01
110	0	159	0	2	3	4.83859e-04	-3.63992e-01	1.38590e+01
#######################################################################
# BFT D                                                               #
#######################################################################
110	1	0	0	2	3	-2.16130e-03	-1.48920e-01	9.21825e+00
110	1	1	0	2	3	1.16368e-02	-9.23152e-01	1.91574e+01
110	1	2	0	2	3	5.37657e-03	-6.78385e-01	1.80078e+01
110	1	3	0	2	3	2.44476e-03	-3.78220e-01	1.17197e+01
110	1	4	0	2	3	3.22512e-03	-4.89389e-01	1.46276e+01
110	1	5	0	2	3	-7.92918e-03	3.29974e-01	-1.61610e-02
110	1	6	0	2	3	3.96601e-03	-5.75165e-01	1.58103e+01
110	1	7	0	2	3	1.58826e-03	-4.01365e-01	1.33264e+01
110	1	8	0	2	3	3.49152e-03	-5.69044e-01	1.67608e+01
110	1	9	0	2	3	-8.38007e-04	-1.90788e-01	1.03093e+01
110	1	10	0	2	3	1.94308e-03	-4.34958e-01	1.36986e+01
110	1	11	0	2	3	-1.34529e-02	7.33489e-01	-6.86510e+00
110	1	12	0	2	3	3.62604e-03	-5.50896e-01	1.49353e+01
110	1	13	0	2	3	2.13834e-03	-4.48570e-01	1.49329e+01
110	1	14	0	2	3	5.42240e-03	-6.70108e-01	1.76658e+01
110	1	15	0	2	3	4.65257e-03	-6.15024e-01	1.75584e+01
110	1	16	0	2	3	1.15404e-03	-3.68166e-01	1.18034e+01
110	1	17	0	2	3	4.09256e-03	-5.55632e-01	1.54071e+01
110	1	18	0	2	3	2.25317e-03	-4.65478e-01	1.43859e+01
110	1	19	0	2	3	-8.76690e-03	4.13958e-01	-1.38320e+00
110	1	20	0	2	3	2.31186e-03	-4.55396e-01	1.38399e+01
110	1	21	0	2	3	-1.27067e-02	7.51895e-01	-8.62541e+00
110	1	22	0	2	3	-6.82591e-05	-2.62779e-01	9.55228e+00
110	1	23	0	2	3	5.91697e-03	-7.18345e-01	1.94559e+01
110	1	24	0	2	3	-4.80269e-03	8.26751e-02	4.27940e+00
110	1	25	0	2	3	1.68886e-03	-4.03987e-01	1.38348e+01
110	1	26	0	2	3	3.63659e-03	-5.57032e-01	1.59639e+01
110	1	27	0	2	3	4.76432e-03	-6.34755e-01	1.87861e+01
110	1	28	0	2	3	2.51272e-03	-4.90731e-01	1.52353e+01
110	1	29	0	2	3	1.99765e-03	-4.24857e-01	1.43181e+01
110	1	30	0	2	3	2.73753e-03	-4.70910e-01	1.43923e+01
110	1	31	0	2	3	3.17818e-03	-5.19073e-01	1.51566e+01
110	1	32	0	2	3	2.36769e-03	-4.78717e-01	1.54977e+01
110	1	33	0	2	3	2.87332e-03	-5.02839e-01	1.47765e+01
110	1	34	0	2	3	2.81924e-03	-4.91580e-01	1.36615e+01
110	1	35	0	2	3	4.28729e-03	-6.01343e-01	1.76152e+01
110	1	36	0	2	3	3.79974e-03	-5.58775e-01	1.60850e+01
110	1	37	0	2	3	3.12945e-03	-5.07124e-01	1.49577e+01
110	1	38	0	2	3	3.03111e-03	-5.07710e-01	1.53933e+01
110	1	39	0	2	3	3.54887e-03	-5.45109e-01	1.67978e+01
110	1	40	0	2	3	3.63956e-03	-5.45028e-01	1.56318e+01
110	1	41	0	2	3	3.55209e-03	-5.40721e-01	1.59845e+01
110	1	42	0	2	3	3.33024e-03	-5.27990e-01	1.49419e+01
110	1	43	0	2	3	2.93962e-03	-4.98150e-01	1.60340e+01
110	1	44	0	2	3	3.75622e-03	-5.62864e-01	1.61621e+01
110	1	45	0	2	3	2.93600e-03	-4.94779e-01	1.53852e+01
110	1	46	0	2	3	3.83165e-03	-5.72322e-01	1.53755e+01
110	1	47	0	2	3	3.33722e-03	-5.45280e-01	1.73139e+01
110	1	48	0	2	3	3.33994e-03	-5.27774e-01	1.52294e+01
110	1	49	0	2	3	2.65576e-03	-4.69172e-01	1.51022e+01
110	1	50	0	2	3	3.88595e-03	-5.71910e-01	1.59924e+01
110	1	51	0	2	3	3.99961e-03	-5.80153e-01	1.70297e+01
110	1	52	0	2	3	4.08281e-03	-5.88575e-01	1.65215e+01
110	1	53	0	2	3	3.15086e-03	-5.12308e-01	1.59794e+01
110	1	54	0	2	3	4.54784e-03	-6.29188e-01	1.73501e+01
110	1	55	0	2	3	4.44978e-03	-6.12775e-01	1.77149e+01
110	1	56	0	2	3	3.42054e-03	-5.55807e-01	1.62715e+01
110	1	57	0	2	3	3.47964e-03	-5.43594e-01	1.62053e+01
110	1	58	0	2	3	3.87958e-03	-5.81632e-01	1.74105e+01
110	1	59	0	2	3	5.07206e-03	-6.69999e-01	1.98430e+01
110	1	60	0	2	3	3.59855e-03	-5.54569e-01	1.58591e+01
110	1	61	0	2	3	3.81524e-03	-5.51294e-01	1.57718e+01
110	1	62	0	2	3	4.11066e-03	-5.90263e-01	1.54687e+01
110	1	63	0	2	3	4.10213e-03	-5.86186e-01	1.72706e+01
110	1	64	0	2	3	3.37754e-03	-5.40655e-01	1.59959e+01
110	1	65	0	2	3	4.82136e-03	-6.33458e-01	1.73195e+01
110	1	66	0	2	3	4.03736e-03	-5.96658e-01	1.67821e+01
110	1	67	0	2	3	4.45265e-03	-6.13864e-01	1.61449e+01
110	1	68	0	2	3	3.37221e-03	-5.32575e-01	1.52531e+01
110	1	69	0	2	3	3.58058e-03	-5.49470e-01	1.60473e+01
110	1	70	0	2	3	3.82848e-03	-5.74838e-01	1.64727e+01
110	1	71	0	2	3	4.31884e-03	-6.09689e-01	1.73729e+01
110	1	72	0	2	3	3.53241e-03	-5.45087e-01	1.63535e+01
110	1	73	0	2	3	3.71207e-03	-5.66575e-01	1.71678e+01
110	1	74	0	2	3	4.49167e-03	-6.15657e-01	1.58030e+01
110	1	75	0	2	3	4.15168e-03	-5.99223e-01	1.66598e+01
110	1	76	0	2	3	3.80458e-03	-5.66552e-01	1.56460e+01
110	1	77	0	2	3	4.42065e-03	-6.16196e-01	1.69540e+01
110	1	78	0	2	3	4.04204e-03	-5.87260e-01	1.63475e+01
110	1	79	0	2	3	4.26016e-03	-5.99150e-01	1.65175e+01
110	1	80	0	2	3	3.85953e-03	-5.67100e-01	1.55028e+01
110	1	81	0	2	3	3.78993e-03	-5.63320e-01	1.61897e+01
110	1	82	0	2	3	4.32781e-03	-6.03476e-01	1.70680e+01
110	1	83	0	2	3	3.69666e-03	-5.49129e-01	1.52448e+01
110	1	84	0	2	3	3.70147e-03	-5.43707e-01	1.44889e+01
110	1	85	0	2	3	3.95121e-03	-5.72898e-01	1.56626e+01
110	1	86	0	2	3	3.63886e-03	-5.52777e-01	1.59199e+01
110	1	87	0	2	3	4.28543e-03	-5.89932e-01	1.46411e+01
110	1	88	0	2	3	3.21722e-03	-5.21968e-01	1.51681e+01
110	1	89	0	2	3	3.72835e-03	-5.62844e-01	1.51651e+01
110	1	90	0	2	3	3.31716e-03	-5.32444e-01	1.45655e+01
110	1	91	0	2	3	3.76612e-03	-5.59805e-01	1.59435e+01
110	1	92	0	2	3	3.35961e-03	-5.29619e-01	1.48856e+01
110	1	93	0	2	3	3.69503e-03	-5.55325e-01	1.55357e+01
110	1	94	0	2	3	3.98121e-03	-5.81273e-01	1.65630e+01
110	1	95	0	2	3	3.96576e-03	-5.79679e-01	1.66766e+01
110	1	96	0	2	3	3.57812e-03	-5.47344e-01	1.59027e+01
110	1	97	0	2	3	3.89757e-03	-5.71530e-01	1.62761e+01
110	1	98	0	2	3	4.30017e-03	-6.20036e-01	1.76682e+01
110	1	99	0	2	3	4.17802e-03	-5.89932e-01	1.69004e+01
110	1	100	0	2	3	3.90441e-03	-5.60652e-01	1.56370e+01
110	1	101	0	2	3	2.93892e-03	-5.03273e-01	1.50040e+01
110	1	102	0	2	3	4.29014e-03	-6.11190e-01	1.66503e+01
110	1	103	0	2	3	3.78633e-03	-5.66752e-01	1.55406e+01
110	1	104	0	2	3	3.32392e-03	-5.31501e-01	1.51829e+01
110	1	105	0	2	3	4.34671e-03	-6.01555e-01	1.64634e+01
110	1	106	0	2	3	2.97985e-03	-5.08391e-01	1.55145e+01
110	1	107	0	2	3	4.46027e-03	-6.13045e-01	1.64647e+01
110	1	108	0	2	3	4.06863e-03	-5.82946e-01	1.67740e+01
110	1	109	0	2	3	2.91282e-03	-5.00400e-01	1.52374e+01
110	1	110	0	2	3	4.11159e-03	-5.86963e-01	1.60798e+01
110	1	111	0	2	3	3.07552e-03	-5.12087e-01	1.58106e+01
110	1	112	0	2	3	3.24984e-03	-5.37609e-01	1.63088e+01
110	1	113	0	2	3	4.21351e-03	-5.96541e-01	1.65389e+01
110	1	114	0	2	3	4.13828e-03	-5.90215e-01	1.67487e+01
110	1	115	0	2	3	4.82863e-03	-6.35350e-01	1.77315e+01
110	1	116	0	2	3	3.26225e-03	-5.24823e-01	1.60484e+01
110	1	117	0	2	3	4.44512e-03	-5.97841e-01	1.62038e+01
110	1	118	0	2	3	4.13231e-03	-5.98037e-01	1.56076e+01
110	1	119	0	2	3	3.69094e-03	-5.63763e-01	1.61955e+01
110	1	120	0	2	3	6.69824e-03	-7.66146e-01	1.99425e+01
110	1	121	0	2	3	3.04294e-03	-5.01867e-01	1.44643e+01
110	1	122	0	2	3	-2.56846e-02	1.69353e+00	-2.60226e+01
110	1	123	0	2	3	-5.23609e-03	1.16814e-01	4.40340e+00
110	1	124	0	2	3	-1.84123e-03	-1.50984e-01	8.79937e+00
110	1	125	0	2	3	2.52154e-03	-4.96851e-01	1.52499e+01
110	1	126	0	2	3	2.44080e-03	-4.76910e-01	1.44921e+01
110	1	127	0	2	3	3.34466e-03	-5.04630e-01	1.43142e+01
110	1	128	0	2	3	4.96512e-03	-6.57758e-01	1.89040e+01
110	1	129	0	2	3	3.06737e-03	-5.56688e-01	1.77692e+01
110	1	130	0	2	3	6.37352e-03	-7.80066e-01	2.06427e+01
110	1	131	0	2	3	7.30618e-03	-8.37531e-01	2.10530e+01
110	1	132	0	2	3	4.07692e-03	-5.85414e-01	1.76282e+01
110	1	133	0	2	3	2.76752e-03	-5.09451e-01	1.59312e+01
110	1	134	0	2	3	4.73079e-03	-6.47403e-01	1.80032e+01
110	1	135	0	2	3	5.23851e-03	-6.78537e-01	1.81603e+01
110	1	136	0	2	3	7.95899e-03	-9.07654e-01	2.34910e+01
110	1	137	0	2	3	-7.51926e-04	-2.51000e-01	1.06311e+01
110	1	138	0	2	3	-5.91447e-04	-2.73471e-01	1.13035e+01
110	1	139	0	2	3	7.72733e-03	-8.62622e-01	2.16781e+01
110	1	140	0	2	3	2.55380e-03	-4.88136e-01	1.55544e+01
110	1	141	0	2	3	5.49899e-03	-7.03181e-01	1.90104e+01
110	1	142	0	2	3	-1.85341e-02	1.04371e+00	-1.18351e+01
110	1	143	0	2	3	4.37210e-03	-6.05676e-01	1.68885e+01
110	1	144	0	2	3	4.56100e-03	-6.42203e-01	1.83201e+01
110	1	145	0	2	3	6.07855e-03	-7.19129e-01	1.83589e+01
110	1	146	0	2	3	7.55466e-04	-3.32784e-01	1.21113e+01
110	1	147	0	2	3	5.14079e-03	-7.03029e-01	1.92309e+01
110	1	148	0	2	3	7.61073e-03	-8.53045e-01	2.13859e+01
110	1	149	0	2	3	-3.63882e-04	-2.69473e-01	1.12350e+01
110	1	150	0	2	3	-6.93132e-03	1.55221e-01	4.51068e+00
110	1	151	0	2	3	4.37421e-03	-5.98624e-01	1.69520e+01
110	1	152	0	2	3	-2.18100e-03	-1.39894e-01	9.30246e+00
110	1	153	0	2	3	-5.63144e-03	5.84703e-02	6.64900e+00
110	1	154	0	2	3	4.95754e-03	-6.73681e-01	1.84158e+01
110	1	155	0	2	3	8.30655e-03	-8.92883e-01	2.23453e+01
110	1	156	0	2	3	2.77190e-03	-4.65288e-01	1.43812e+01
110	1	157	0	2	3	2.94565e-03	-4.90529e-01	1.47552e+01
110	1	158	0	2	3	-1.98696e-02	1.12988e+00	-1.24193e+01
110	1	159	0	2	3	-3.16233e-03	-1.39061e-01	1.16473e+01
