##
#  file: HodoPHCParam_Dummy
#  date: 2016.06.15
#  note: first version
#
#
#######################################################################
# CId	PlId	Seg	UorD	Type	nParam	p0	p1	...
#
#	Type=0 no correction will be performed
#	Type=1 ct=t-p[0]/sqrt(a-p[1])+p[2]
#	Type=2 ct=p[0]*a*a + p[1]*a + p[2] for Fiber
#
#######################################################################
# BH1 Up                                                              #
#######################################################################
1	0	0	0	1	3	5.08705e+00	-1.98362e+00	2.93454e+00
1	0	1	0	1	3	6.69706e-01	2.91546e-01	8.10244e-01
1	0	2	0	1	3	5.01779e-01	3.94271e-01	6.64278e-01
1	0	3	0	1	3	7.45330e-01	1.66754e-01	8.56036e-01
1	0	4	0	1	3	8.52890e-01	8.60054e-02	9.27134e-01
1	0	5	0	1	3	1.69981e+00	-1.50393e-01	1.62794e+00
1	0	6	0	1	3	1.58582e+00	-2.35346e-01	1.46587e+00
1	0	7	0	1	3	1.61970e+00	-1.46184e-01	1.54504e+00
1	0	8	0	1	3	1.37546e+00	-2.52696e-01	1.28233e+00
1	0	9	0	1	3	1.74814e+00	-2.76223e-01	1.64100e+00
1	0	10	0	1	3	1.60339e+01	-4.62629e+00	6.81205e+00
#######################################################################
# BH1 Down                                                            #
#######################################################################
1	0	0	1	1	3	1.33519e+00	-9.13138e-02	1.27257e+00
1	0	1	1	1	3	6.24909e-01	2.88647e-01	7.65429e-01
1	0	2	1	1	3	6.68954e-01	2.21542e-01	7.45264e-01
1	0	3	1	1	3	1.32364e+00	-4.57464e-01	1.08318e+00
1	0	4	1	1	3	1.18002e+00	-7.91080e-02	1.17008e+00
1	0	5	1	1	3	2.07299e+00	-4.79828e-01	1.70935e+00
1	0	6	1	1	3	1.96000e+00	-5.20196e-01	1.63958e+00
1	0	7	1	1	3	1.89852e+00	-4.50289e-01	1.60743e+00
1	0	8	1	1	3	1.02469e+00	-6.73213e-02	1.04734e+00
1	0	9	1	1	3	1.64894e+00	-1.85977e-01	1.61292e+00
1	0	10	1	1	3	7.15603e-01	2.22738e-01	8.54972e-01
#######################################################################
# BH2 Up                                                              #
#######################################################################
2	0	0	0	1	3	1.43047e-01	2.98695e-01	2.00085e-01
2	0	1	0	1	3	8.79554e-01	-2.31747e-01	7.85839e-01
2	0	2	0	1	3	5.94572e-01	-4.97541e-01	4.68956e-01
2	0	3	0	1	3	1.91725e-01	3.94747e-02	1.91115e-01
2	0	4	0	1	3	3.31184e-01	-9.38469e-02	3.15823e-01
2	0	5	0	1	3	1.99769e-01	2.70254e-01	2.37321e-01
2	0	6	0	1	3	2.58948e-01	2.41832e-01	3.10133e-01
2	0	7	0	1	3	3.50426e-01	8.80094e-02	3.70898e-01
#######################################################################
# BH2 Down                                                            #
#######################################################################
2	0	0	1	1	3	3.94607e-01	-1.85207e-01	3.84440e-01
2	0	1	1	1	3	9.92155e-01	-3.85817e-01	8.32122e-01
2	0	2	1	1	3	4.10986e-01	-9.27803e-02	3.90143e-01
2	0	3	1	1	3	1.76416e-01	4.84160e-02	1.75490e-01
2	0	4	1	1	3	2.42956e-01	1.23979e-01	2.64593e-01
2	0	5	1	1	3	3.57967e-01	4.32013e-02	3.63973e-01
2	0	6	1	1	3	1.22093e+00	-6.67168e-01	9.30075e-01
2	0	7	1	1	3	2.92156e-01	-4.36810e-03	2.98702e-01
#######################################################################
# BAC                                                                 #
#######################################################################
3	0	0	0	1	3	0.00000e+00	0.00000e+00	0.00000e+00
3	0	1	0	1	3	0.00000e+00	0.00000e+00	0.00000e+00
#######################################################################
# FBH Up                                                              #
#######################################################################
4	0	0	0	2	3	-5.62952e-03	8.96903e-01	-3.53273e+01
4	0	1	0	2	3	-4.29399e-03	7.37975e-01	-3.00049e+01
4	0	2	0	2	3	-5.26894e-03	8.67305e-01	-3.38992e+01
4	0	3	0	2	3	-3.80183e-03	6.69237e-01	-2.72260e+01
4	0	4	0	2	3	-4.35014e-03	7.35785e-01	-2.92008e+01
4	0	5	0	2	3	-4.02541e-03	6.86907e-01	-2.70312e+01
4	0	6	0	2	3	-4.16660e-03	7.08229e-01	-2.81512e+01
4	0	7	0	2	3	-3.93117e-03	6.84759e-01	-2.69101e+01
4	0	8	0	2	3	-4.14423e-03	6.96902e-01	-2.65883e+01
4	0	9	0	2	3	-2.83372e-03	5.62925e-01	-2.20787e+01
4	0	10	0	2	3	-4.07944e-03	7.09420e-01	-2.75603e+01
4	0	11	0	2	3	-3.50961e-03	6.50113e-01	-2.64167e+01
4	0	12	0	2	3	-3.52415e-03	6.49734e-01	-2.67232e+01
4	0	13	0	2	3	-4.13420e-03	7.26957e-01	-2.99675e+01
4	0	14	0	2	3	-4.90315e-03	8.27563e-01	-3.35630e+01
4	0	15	0	2	3	-4.73048e-03	8.13189e-01	-3.31901e+01
#######################################################################
# FBH Down                                                            #
#######################################################################
4	0	0	1	2	3	-5.62952e-03	8.96903e-01	-3.53273e+01
4	0	1	1	2	3	-4.29399e-03	7.37975e-01	-3.00049e+01
4	0	2	1	2	3	-5.26894e-03	8.67305e-01	-3.38992e+01
4	0	3	1	2	3	-3.80183e-03	6.69237e-01	-2.72260e+01
4	0	4	1	2	3	-4.35014e-03	7.35785e-01	-2.92008e+01
4	0	5	1	2	3	-4.02541e-03	6.86907e-01	-2.70312e+01
4	0	6	1	2	3	-4.16660e-03	7.08229e-01	-2.81512e+01
4	0	7	1	2	3	-3.93117e-03	6.84759e-01	-2.69101e+01
4	0	8	1	2	3	-4.14423e-03	6.96902e-01	-2.65883e+01
4	0	9	1	2	3	-2.83372e-03	5.62925e-01	-2.20787e+01
4	0	10	1	2	3	-4.07944e-03	7.09420e-01	-2.75603e+01
4	0	11	1	2	3	-3.50961e-03	6.50113e-01	-2.64167e+01
4	0	12	1	2	3	-3.52415e-03	6.49734e-01	-2.67232e+01
4	0	13	1	2	3	-4.13420e-03	7.26957e-01	-2.99675e+01
4	0	14	1	2	3	-4.90315e-03	8.27563e-01	-3.35630e+01
4	0	15	1	2	3	-4.73048e-03	8.13189e-01	-3.31901e+01
#######################################################################
# PVAC                                                                #
#######################################################################
5	0	0	0	1	3	0.00000e+00	0.00000e+00	0.00000e+00
#######################################################################
# FAC                                                                 #
#######################################################################
6	0	0	0	1	3	0.00000e+00	0.00000e+00	0.00000e+00
#######################################################################
# SCH                                                                 #
#######################################################################
#7	0	0	0	2	3	-0.00500000	0.821213	-32.185321
#7	0	1	0	2	3	-0.00500000	0.830248	-32.269563
#7	0	2	0	2	3	-0.00500000	0.793073	-29.315934
#7	0	3	0	2	3	-0.00500000	0.772144	-28.276705
#7	0	4	0	2	3	-0.00500000	0.801968	-30.687167
#7	0	5	0	2	3	-0.00500000	0.778300	-28.439251
#7	0	6	0	2	3	-0.00500000	0.765872	-27.918181
#7	0	7	0	2	3	-0.00500000	0.738459	-26.016797
#7	0	8	0	2	3	-0.00500000	0.778318	-28.676371
#7	0	9	0	2	3	-0.00500000	0.776670	-28.892887
#7	0	10	0	2	3	-0.00500000	0.764278	-28.122474
#7	0	11	0	2	3	-0.00500000	0.790742	-29.423647
#7	0	12	0	2	3	-0.00500000	0.811330	-30.487019
#7	0	13	0	2	3	-0.00500000	0.818750	-30.891512
#7	0	14	0	2	3	-0.00500000	0.802541	-30.009136
#7	0	15	0	2	3	-0.00500000	0.809525	-30.751746
#7	0	16	0	2	3	-0.00500000	0.802597	-30.845509
#7	0	17	0	2	3	-0.00500000	0.835028	-32.780792
#7	0	18	0	2	3	-0.00500000	0.859176	-33.938731
#7	0	19	0	2	3	-0.00500000	0.814851	-31.445396
#7	0	20	0	2	3	-0.00500000	0.809426	-30.781087
#7	0	21	0	2	3	-0.00500000	0.780678	-28.888756
#7	0	22	0	2	3	-0.00500000	0.808206	-30.719604
#7	0	23	0	2	3	-0.00500000	0.774024	-27.858339
#7	0	24	0	2	3	-0.00500000	0.794308	-29.022101
#7	0	25	0	2	3	-0.00500000	0.775649	-27.980186
#7	0	26	0	2	3	-0.00500000	0.788483	-28.687567
#7	0	27	0	2	3	-0.00466315	0.771386	-29.253260
#7	0	28	0	2	3	-0.00483132	0.790854	-28.637741
#7	0	29	0	2	3	-0.00497049	0.812994	-30.786914
#7	0	30	0	2	3	-0.00500000	0.787793	-28.362716
#7	0	31	0	2	3	-0.00500000	0.790759	-28.876812
#7	0	32	0	2	3	-0.00500000	0.824826	-31.655285
#7	0	33	0	2	3	-0.00500000	0.845304	-33.407765
#7	0	34	0	2	3	-0.00500000	0.832263	-32.939799
#7	0	35	0	2	3	-0.00500000	0.820631	-31.695372
#7	0	36	0	2	3	-0.00500000	0.836997	-33.200590
#7	0	37	0	2	3	-0.00500000	0.819690	-32.097193
#7	0	38	0	2	3	-0.00500000	0.808109	-31.263214
#7	0	39	0	2	3	-0.00500000	0.815224	-31.135523
#7	0	40	0	2	3	-0.00500000	0.803398	-29.897923
#7	0	41	0	2	3	-0.00500000	0.815685	-31.165519
#7	0	42	0	2	3	-0.00500000	0.812980	-30.737261
#7	0	43	0	2	3	-0.00500000	0.829418	-32.693307
#7	0	44	0	2	3	-0.00500000	0.789530	-29.464920
#7	0	45	0	2	3	-0.00500000	0.804789	-31.208151
#7	0	46	0	2	3	-0.00500000	0.830106	-32.806514
#7	0	47	0	2	3	-0.00500000	0.819206	-31.373242
#7	0	48	0	2	3	-0.00500000	0.816165	-31.709319
#7	0	49	0	2	3	-0.00500000	0.798496	-30.201709
#7	0	50	0	2	3	-0.00500000	0.812167	-31.795745
#7	0	51	0	2	3	-0.00500000	0.810749	-31.375226
#7	0	52	0	2	3	-0.00500000	0.803385	-31.372512
#7	0	53	0	2	3	-0.00500000	0.777405	-29.262831
#7	0	54	0	2	3	-0.00500000	0.783954	-29.763410
#7	0	55	0	2	3	-0.00500000	0.789443	-29.976449
#7	0	56	0	2	3	-0.00500000	0.838828	-33.261086
#7	0	57	0	2	3	-0.00500000	0.804421	-30.573195
#7	0	58	0	2	3	-0.00500000	0.773283	-29.111048
#7	0	59	0	2	3	-0.00500000	0.811789	-31.449459
#7	0	60	0	2	3	-0.00500000	0.759724	-28.110014
#7	0	61	0	2	3	-0.00500000	0.810884	-31.379063
#7	0	62	0	2	3	-0.00500000	0.771910	-28.435006
#7	0	63	0	2	3	-0.00500000	0.796658	-30.511906
#######################################################################
# TOF Up                                                              #
#######################################################################
7	0	0	0	1	3	5.24830e+00	-1.96630e+00	2.96170e+00
7	0	1	0	1	3	5.24830e+00	-1.96630e+00	2.96170e+00
7	0	2	0	1	3	5.24830e+00	-1.96630e+00	2.96170e+00
7	0	3	0	1	3	5.24830e+00	-1.96630e+00	2.96170e+00
7	0	4	0	1	3	5.24830e+00	-1.96630e+00	2.96170e+00
7	0	5	0	1	3	5.24830e+00	-1.96630e+00	2.96170e+00
7	0	6	0	1	3	6.97090e+00	-3.03520e+00	3.39910e+00
7	0	7	0	1	3	4.05450e+00	-1.96150e+00	2.30360e+00
7	0	8	0	1	3	1.16940e+02	-2.98600e+01	2.09880e+01
7	0	9	0	1	3	5.24830e+00	-1.96630e+00	2.96170e+00
7	0	10	0	1	3	5.24830e+00	-1.96630e+00	2.96170e+00
7	0	11	0	1	3	5.24830e+00	-1.96630e+00	2.96170e+00
7	0	12	0	1	3	5.24830e+00	-1.96630e+00	2.96170e+00
7	0	13	0	1	3	5.24830e+00	-1.96630e+00	2.96170e+00
7	0	14	0	1	3	5.24830e+00	-1.96630e+00	2.96170e+00
7	0	15	0	1	3	5.24830e+00	-1.96630e+00	2.96170e+00
7	0	16	0	1	3	5.24830e+00	-1.96630e+00	2.96170e+00
7	0	17	0	1	3	5.24830e+00	-1.96630e+00	2.96170e+00
7	0	18	0	1	3	5.24830e+00	-1.96630e+00	2.96170e+00
7	0	19	0	1	3	7.11491e-01	1.85180e-03	5.82402e-01
7	0	20	0	1	3	5.59404e-01	-1.73810e-03	4.50716e-01
7	0	21	0	1	3	8.92499e-01	1.99900e-03	7.37364e-01
7	0	22	0	1	3	6.37553e-01	1.99960e-03	5.45449e-01
7	0	23	0	1	3	1.19210e+00	1.98920e-03	9.99994e-01
#######################################################################
# TOF Down                                                            #
#######################################################################
7	0	0	1	1	3	5.84300e+00	-2.30730e+00	3.11320e+00
7	0	1	1	1	3	5.84300e+00	-2.30730e+00	3.11320e+00
7	0	2	1	1	3	5.84300e+00	-2.30730e+00	3.11320e+00
7	0	3	1	1	3	5.84300e+00	-2.30730e+00	3.11320e+00
7	0	4	1	1	3	5.84300e+00	-2.30730e+00	3.11320e+00
7	0	5	1	1	3	5.84300e+00	-2.30730e+00	3.11320e+00
7	0	6	1	1	3	1.41330e+01	-5.81170e+00	5.32680e+00
7	0	7	1	1	3	7.84850e+01	-2.02870e+01	1.69500e+01
7	0	8	1	1	3	2.20240e+02	-3.62440e+01	3.60080e+01
7	0	9	1	1	3	5.84300e+00	-2.30730e+00	3.11320e+00
7	0	10	1	1	3	5.84300e+00	-2.30730e+00	3.11320e+00
7	0	11	1	1	3	5.84300e+00	-2.30730e+00	3.11320e+00
7	0	12	1	1	3	5.84300e+00	-2.30730e+00	3.11320e+00
7	0	13	1	1	3	5.84300e+00	-2.30730e+00	3.11320e+00
7	0	14	1	1	3	5.84300e+00	-2.30730e+00	3.11320e+00
7	0	15	1	1	3	5.84300e+00	-2.30730e+00	3.11320e+00
7	0	16	1	1	3	5.84300e+00	-2.30730e+00	3.11320e+00
7	0	17	1	1	3	5.84300e+00	-2.30730e+00	3.11320e+00
7	0	18	1	1	3	5.84300e+00	-2.30730e+00	3.11320e+00
7	0	19	1	1	3	6.18741e-01	1.99860e-03	4.90831e-01
7	0	20	1	1	3	5.75901e-01	1.04210e-03	4.72509e-01
7	0	21	1	1	3	9.41046e-01	1.99890e-03	7.79357e-01
7	0	22	1	1	3	4.84266e-01	-1.95590e-03	3.99786e-01
7	0	23	1	1	3	8.97714e-01	1.99860e-03	7.56300e-01
#######################################################################
# BFT U                                                               #
#######################################################################
110	0	0	0	2	3	5.27533e-03	-6.69926e-01	1.69966e+01
110	0	1	0	2	3	3.31211e-03	-5.12907e-01	1.39240e+01
110	0	2	0	2	3	4.02828e-03	-5.71940e-01	1.48897e+01
110	0	3	0	2	3	5.15655e-03	-6.57597e-01	1.55485e+01
110	0	4	0	2	3	3.67563e-03	-5.48450e-01	1.48530e+01
110	0	5	0	2	3	4.66745e-03	-6.09539e-01	1.61990e+01
110	0	6	0	2	3	4.31564e-03	-5.96912e-01	1.50520e+01
110	0	7	0	2	3	2.72664e-03	-4.78039e-01	1.36944e+01
110	0	8	0	2	3	4.02313e-03	-5.81591e-01	1.50808e+01
110	0	9	0	2	3	3.49788e-03	-5.32489e-01	1.54920e+01
110	0	10	0	2	3	4.56119e-03	-6.12048e-01	1.46670e+01
110	0	11	0	2	3	3.93951e-03	-5.64867e-01	1.60884e+01
110	0	12	0	2	3	3.40595e-03	-5.32554e-01	1.36479e+01
110	0	13	0	2	3	3.75328e-03	-5.48734e-01	1.56963e+01
110	0	14	0	2	3	3.36042e-03	-5.28595e-01	1.34094e+01
110	0	15	0	2	3	4.74614e-03	-6.31669e-01	1.74061e+01
110	0	16	0	2	3	3.07298e-03	-5.05876e-01	1.28829e+01
110	0	17	0	2	3	4.54170e-03	-6.02716e-01	1.62289e+01
110	0	18	0	2	3	4.20422e-03	-5.91442e-01	1.43797e+01
110	0	19	0	2	3	4.12721e-03	-5.88146e-01	1.42203e+01
110	0	20	0	2	3	3.67971e-03	-5.44517e-01	1.39746e+01
110	0	21	0	2	3	3.90629e-03	-5.62986e-01	1.69660e+01
110	0	22	0	2	3	4.10808e-03	-5.86575e-01	1.47572e+01
110	0	23	0	2	3	4.14391e-03	-5.75415e-01	1.58583e+01
110	0	24	0	2	3	3.98491e-03	-5.71432e-01	1.48387e+01
110	0	25	0	2	3	4.17846e-03	-5.73085e-01	1.62285e+01
110	0	26	0	2	3	4.11094e-03	-5.84573e-01	1.57441e+01
110	0	27	0	2	3	4.24091e-03	-5.75406e-01	1.56251e+01
110	0	28	0	2	3	3.77912e-03	-5.55792e-01	1.26727e+01
110	0	29	0	2	3	3.75933e-03	-5.40394e-01	1.45902e+01
110	0	30	0	2	3	4.56567e-03	-6.14930e-01	1.50595e+01
110	0	31	0	2	3	4.14737e-03	-5.73085e-01	1.56672e+01
110	0	32	0	2	3	4.50493e-03	-6.14900e-01	1.54024e+01
110	0	33	0	2	3	4.42321e-03	-5.73917e-01	1.39184e+01
110	0	34	0	2	3	4.26502e-03	-5.93059e-01	1.47299e+01
110	0	35	0	2	3	4.53184e-03	-6.10517e-01	1.64259e+01
110	0	36	0	2	3	3.67846e-03	-5.45687e-01	1.37652e+01
110	0	37	0	2	3	4.17151e-03	-5.86396e-01	1.70194e+01
110	0	38	0	2	3	3.85196e-03	-5.61483e-01	1.35943e+01
110	0	39	0	2	3	4.54382e-03	-6.06936e-01	1.60381e+01
110	0	40	0	2	3	4.04953e-03	-5.67934e-01	1.39741e+01
110	0	41	0	2	3	4.10376e-03	-5.71160e-01	1.64343e+01
110	0	42	0	2	3	4.47338e-03	-6.00264e-01	1.51290e+01
110	0	43	0	2	3	4.60861e-03	-6.21332e-01	1.70657e+01
110	0	44	0	2	3	3.83605e-03	-5.61895e-01	1.41198e+01
110	0	45	0	2	3	4.40989e-03	-5.88416e-01	1.62208e+01
110	0	46	0	2	3	4.50523e-03	-6.19493e-01	1.54037e+01
110	0	47	0	2	3	4.58369e-03	-6.16770e-01	1.79779e+01
110	0	48	0	2	3	3.90135e-03	-5.58386e-01	1.29316e+01
110	0	49	0	2	3	4.61140e-03	-6.09198e-01	1.71228e+01
110	0	50	0	2	3	4.37559e-03	-5.98808e-01	1.51183e+01
110	0	51	0	2	3	4.46240e-03	-5.98884e-01	1.58220e+01
110	0	52	0	2	3	3.77164e-03	-5.50312e-01	1.33777e+01
110	0	53	0	2	3	4.18341e-03	-5.75822e-01	1.52824e+01
110	0	54	0	2	3	4.33584e-03	-5.96857e-01	1.47020e+01
110	0	55	0	2	3	4.52370e-03	-6.06498e-01	1.69113e+01
110	0	56	0	2	3	3.75780e-03	-5.65118e-01	1.51747e+01
110	0	57	0	2	3	4.46008e-03	-5.99257e-01	1.63952e+01
110	0	58	0	2	3	4.03903e-03	-5.80796e-01	1.55533e+01
110	0	59	0	2	3	4.54591e-03	-6.23498e-01	1.72703e+01
110	0	60	0	2	3	3.81043e-03	-5.64339e-01	1.38043e+01
110	0	61	0	2	3	3.53324e-03	-5.33195e-01	1.49561e+01
110	0	62	0	2	3	4.90953e-03	-6.37689e-01	1.53111e+01
110	0	63	0	2	3	4.26746e-03	-5.89504e-01	1.48785e+01
110	0	64	0	2	3	3.67052e-03	-5.54524e-01	1.42475e+01
110	0	65	0	2	3	3.94929e-03	-5.66499e-01	1.55047e+01
110	0	66	0	2	3	4.50061e-03	-6.24526e-01	1.67554e+01
110	0	67	0	2	3	3.72529e-03	-5.54078e-01	1.55008e+01
110	0	68	0	2	3	3.71322e-03	-5.67971e-01	1.51022e+01
110	0	69	0	2	3	3.64909e-03	-5.43336e-01	1.46342e+01
110	0	70	0	2	3	4.53988e-03	-6.29902e-01	1.51350e+01
110	0	71	0	2	3	4.49645e-03	-6.10852e-01	1.62639e+01
110	0	72	0	2	3	3.94100e-03	-5.79087e-01	1.40574e+01
110	0	73	0	2	3	4.18085e-03	-5.88693e-01	1.52664e+01
110	0	74	0	2	3	4.60524e-03	-6.32370e-01	1.60979e+01
110	0	75	0	2	3	4.38076e-03	-5.97358e-01	1.56215e+01
110	0	76	0	2	3	3.73471e-03	-5.57580e-01	1.37241e+01
110	0	77	0	2	3	3.98057e-03	-5.70591e-01	1.55055e+01
110	0	78	0	2	3	4.53418e-03	-6.24545e-01	1.52549e+01
110	0	79	0	2	3	4.22429e-03	-5.89144e-01	1.54782e+01
110	0	80	0	2	3	4.03884e-03	-5.80227e-01	1.51762e+01
110	0	81	0	2	3	4.14774e-03	-5.73823e-01	1.51469e+01
110	0	82	0	2	3	4.43659e-03	-6.06404e-01	1.51575e+01
110	0	83	0	2	3	4.32366e-03	-5.97124e-01	1.54854e+01
110	0	84	0	2	3	3.75302e-03	-5.56007e-01	1.41429e+01
110	0	85	0	2	3	4.06970e-03	-5.74032e-01	1.55288e+01
110	0	86	0	2	3	4.82992e-03	-6.48335e-01	1.56663e+01
110	0	87	0	2	3	4.29516e-03	-6.04060e-01	1.64423e+01
110	0	88	0	2	3	3.82698e-03	-5.58845e-01	1.45682e+01
110	0	89	0	2	3	4.13181e-03	-5.81930e-01	1.52761e+01
110	0	90	0	2	3	4.37810e-03	-6.06751e-01	1.46215e+01
110	0	91	0	2	3	4.55243e-03	-6.22870e-01	1.56653e+01
110	0	92	0	2	3	3.85034e-03	-5.79442e-01	1.50601e+01
110	0	93	0	2	3	4.14231e-03	-5.80091e-01	1.49681e+01
110	0	94	0	2	3	4.40996e-03	-6.30026e-01	1.69927e+01
110	0	95	0	2	3	4.31597e-03	-6.02518e-01	1.60865e+01
110	0	96	0	2	3	3.94321e-03	-5.83420e-01	1.47215e+01
110	0	97	0	2	3	4.03616e-03	-5.74770e-01	1.56643e+01
110	0	98	0	2	3	4.50738e-03	-6.29776e-01	1.55795e+01
110	0	99	0	2	3	4.60700e-03	-6.13456e-01	1.59887e+01
110	0	100	0	2	3	4.04432e-03	-5.82603e-01	1.51694e+01
110	0	101	0	2	3	3.89233e-03	-5.65833e-01	1.54331e+01
110	0	102	0	2	3	4.72573e-03	-6.38671e-01	1.64749e+01
110	0	103	0	2	3	4.73254e-03	-6.29687e-01	1.61361e+01
110	0	104	0	2	3	3.81180e-03	-5.69634e-01	1.41108e+01
110	0	105	0	2	3	4.20211e-03	-5.87708e-01	1.52882e+01
110	0	106	0	2	3	4.51969e-03	-6.20793e-01	1.60699e+01
110	0	107	0	2	3	4.93895e-03	-6.35575e-01	1.55264e+01
110	0	108	0	2	3	4.34369e-03	-6.09766e-01	1.56665e+01
110	0	109	0	2	3	4.04806e-03	-5.82593e-01	1.51573e+01
110	0	110	0	2	3	4.46703e-03	-6.16764e-01	1.57486e+01
110	0	111	0	2	3	5.10574e-03	-6.64023e-01	1.67027e+01
110	0	112	0	2	3	3.82722e-03	-5.60409e-01	1.34540e+01
110	0	113	0	2	3	4.60588e-03	-6.13298e-01	1.55353e+01
110	0	114	0	2	3	4.74070e-03	-6.38667e-01	1.62904e+01
110	0	115	0	2	3	4.71953e-03	-6.21989e-01	1.56733e+01
110	0	116	0	2	3	4.50277e-03	-6.18593e-01	1.53945e+01
110	0	117	0	2	3	4.14538e-03	-5.85066e-01	1.60866e+01
110	0	118	0	2	3	4.93393e-03	-6.54988e-01	1.67745e+01
110	0	119	0	2	3	4.66171e-03	-6.17189e-01	1.47180e+01
110	0	120	0	2	3	4.07986e-03	-6.00110e-01	1.53866e+01
110	0	121	0	2	3	4.46223e-03	-6.02600e-01	1.40169e+01
110	0	122	0	2	3	3.99144e-03	-5.90445e-01	1.62930e+01
110	0	123	0	2	3	5.58027e-03	-6.84212e-01	1.70427e+01
110	0	124	0	2	3	3.73903e-03	-5.56773e-01	1.48781e+01
110	0	125	0	2	3	3.58374e-03	-5.34498e-01	1.21715e+01
110	0	126	0	2	3	3.16467e-03	-5.15598e-01	1.35540e+01
110	0	127	0	2	3	4.78841e-03	-6.25618e-01	1.57425e+01
110	0	128	0	2	3	4.60782e-03	-6.54778e-01	1.74279e+01
110	0	129	0	2	3	3.55638e-03	-5.67303e-01	1.54100e+01
110	0	130	0	2	3	3.12222e-03	-5.47089e-01	1.55431e+01
110	0	131	0	2	3	3.41270e-03	-5.37915e-01	1.47675e+01
110	0	132	0	2	3	3.82778e-03	-5.79295e-01	1.60988e+01
110	0	133	0	2	3	1.40583e-03	-4.03840e-01	1.26714e+01
110	0	134	0	2	3	3.68341e-03	-5.91513e-01	1.61776e+01
110	0	135	0	2	3	2.65981e-03	-5.01051e-01	1.37969e+01
110	0	136	0	2	3	4.74302e-03	-6.36789e-01	1.58817e+01
110	0	137	0	2	3	3.26429e-03	-5.55897e-01	1.59845e+01
110	0	138	0	2	3	3.86018e-03	-5.87575e-01	1.60854e+01
110	0	139	0	2	3	4.48334e-03	-6.34015e-01	1.56632e+01
110	0	140	0	2	3	4.29639e-03	-6.38231e-01	1.77436e+01
110	0	141	0	2	3	4.40730e-03	-6.34428e-01	1.61214e+01
110	0	142	0	2	3	3.17410e-03	-5.39403e-01	1.48987e+01
110	0	143	0	2	3	3.77376e-03	-5.80377e-01	1.53424e+01
110	0	144	0	2	3	6.23469e-03	-7.59874e-01	1.81225e+01
110	0	145	0	2	3	3.72782e-03	-5.51447e-01	1.38346e+01
110	0	146	0	2	3	2.95063e-03	-5.19397e-01	1.45823e+01
110	0	147	0	2	3	3.80048e-03	-5.58933e-01	1.52311e+01
110	0	148	0	2	3	8.25247e-03	-9.05193e-01	2.08917e+01
110	0	149	0	2	3	1.50649e-03	-3.87025e-01	1.18201e+01
110	0	150	0	2	3	-4.46581e-03	5.01060e-02	3.95121e+00
110	0	151	0	2	3	1.35903e-03	-3.94139e-01	1.21596e+01
110	0	152	0	2	3	3.61619e-03	-5.43042e-01	1.50897e+01
110	0	153	0	2	3	4.15172e-03	-5.99413e-01	1.61204e+01
110	0	154	0	2	3	4.30647e-03	-5.97070e-01	1.51660e+01
110	0	155	0	2	3	2.56378e-03	-4.82608e-01	1.23358e+01
110	0	156	0	2	3	-2.38888e-03	-7.65410e-02	5.83011e+00
110	0	157	0	2	3	1.55465e-03	-4.20636e-01	1.31408e+01
110	0	158	0	2	3	8.57953e-04	-3.59125e-01	1.12531e+01
110	0	159	0	2	3	-3.27764e-03	-6.60546e-02	6.29328e+00
#######################################################################
# BFT D                                                               #
#######################################################################
110	1	0	0	2	3	-4.12786e-03	2.07141e-02	5.90895e+00
110	1	1	0	2	3	2.92264e-03	-4.97391e-01	1.48862e+01
110	1	2	0	2	3	3.58281e-03	-5.56398e-01	1.56094e+01
110	1	3	0	2	3	3.31831e-03	-5.24395e-01	1.57316e+01
110	1	4	0	2	3	3.46886e-03	-5.36991e-01	1.50915e+01
110	1	5	0	2	3	3.92554e-03	-5.78443e-01	1.70284e+01
110	1	6	0	2	3	4.30320e-03	-6.00409e-01	1.50852e+01
110	1	7	0	2	3	4.23792e-03	-5.91886e-01	1.65173e+01
110	1	8	0	2	3	2.97676e-03	-5.09491e-01	1.50350e+01
110	1	9	0	2	3	2.59518e-03	-4.79337e-01	1.60308e+01
110	1	10	0	2	3	3.60621e-03	-5.56474e-01	1.56362e+01
110	1	11	0	2	3	3.82946e-03	-5.68047e-01	1.60547e+01
110	1	12	0	2	3	3.34129e-03	-5.39985e-01	1.47487e+01
110	1	13	0	2	3	2.82329e-03	-4.93889e-01	1.54353e+01
110	1	14	0	2	3	3.27340e-03	-5.39294e-01	1.45688e+01
110	1	15	0	2	3	3.52479e-03	-5.38473e-01	1.60006e+01
110	1	16	0	2	3	3.88277e-03	-5.76249e-01	1.53994e+01
110	1	17	0	2	3	3.83523e-03	-5.59416e-01	1.56143e+01
110	1	18	0	2	3	3.68925e-03	-5.67327e-01	1.47975e+01
110	1	19	0	2	3	5.02267e-03	-6.47161e-01	1.75594e+01
110	1	20	0	2	3	3.41083e-03	-5.45243e-01	1.52243e+01
110	1	21	0	2	3	3.74983e-03	-5.57386e-01	1.69480e+01
110	1	22	0	2	3	3.76283e-03	-5.61014e-01	1.50199e+01
110	1	23	0	2	3	3.94004e-03	-5.63749e-01	1.62295e+01
110	1	24	0	2	3	4.13176e-03	-5.91940e-01	1.65534e+01
110	1	25	0	2	3	2.78991e-03	-4.90045e-01	1.52377e+01
110	1	26	0	2	3	3.85425e-03	-5.75911e-01	1.52108e+01
110	1	27	0	2	3	4.16816e-03	-5.90731e-01	1.77401e+01
110	1	28	0	2	3	3.94347e-03	-5.79569e-01	1.62275e+01
110	1	29	0	2	3	3.62917e-03	-5.51823e-01	1.64837e+01
110	1	30	0	2	3	3.92186e-03	-5.76106e-01	1.54441e+01
110	1	31	0	2	3	4.19352e-03	-5.96915e-01	1.73974e+01
110	1	32	0	2	3	3.09636e-03	-5.21965e-01	1.57841e+01
110	1	33	0	2	3	3.70345e-03	-5.59452e-01	1.55131e+01
110	1	34	0	2	3	4.34262e-03	-5.99772e-01	1.53375e+01
110	1	35	0	2	3	4.29138e-03	-6.11089e-01	1.77475e+01
110	1	36	0	2	3	3.34709e-03	-5.33117e-01	1.54818e+01
110	1	37	0	2	3	3.67474e-03	-5.48801e-01	1.45086e+01
110	1	38	0	2	3	4.14108e-03	-5.89678e-01	1.66300e+01
110	1	39	0	2	3	4.15351e-03	-5.78871e-01	1.59401e+01
110	1	40	0	2	3	4.02255e-03	-5.73917e-01	1.49321e+01
110	1	41	0	2	3	4.23598e-03	-5.88018e-01	1.65955e+01
110	1	42	0	2	3	3.62195e-03	-5.46275e-01	1.50122e+01
110	1	43	0	2	3	3.85481e-03	-5.66207e-01	1.70711e+01
110	1	44	0	2	3	3.81156e-03	-5.66750e-01	1.50151e+01
110	1	45	0	2	3	3.34376e-03	-5.29988e-01	1.59031e+01
110	1	46	0	2	3	4.17920e-03	-5.95043e-01	1.54873e+01
110	1	47	0	2	3	4.05029e-03	-5.98355e-01	1.80623e+01
110	1	48	0	2	3	4.00889e-03	-5.79185e-01	1.59132e+01
110	1	49	0	2	3	3.61952e-03	-5.43476e-01	1.62777e+01
110	1	50	0	2	3	4.31952e-03	-6.02080e-01	1.52693e+01
110	1	51	0	2	3	4.36446e-03	-6.05605e-01	1.71691e+01
110	1	52	0	2	3	4.05598e-03	-5.92978e-01	1.54653e+01
110	1	53	0	2	3	3.52934e-03	-5.39909e-01	1.61948e+01
110	1	54	0	2	3	4.26855e-03	-6.07608e-01	1.66558e+01
110	1	55	0	2	3	4.07603e-03	-5.83695e-01	1.68574e+01
110	1	56	0	2	3	3.68930e-03	-5.73883e-01	1.52555e+01
110	1	57	0	2	3	3.95462e-03	-5.75748e-01	1.64401e+01
110	1	58	0	2	3	4.22711e-03	-6.13391e-01	1.78293e+01
110	1	59	0	2	3	4.84939e-03	-6.55571e-01	1.92820e+01
110	1	60	0	2	3	3.89654e-03	-5.79433e-01	1.59971e+01
110	1	61	0	2	3	3.99547e-03	-5.65262e-01	1.57116e+01
110	1	62	0	2	3	3.85543e-03	-5.72348e-01	1.48018e+01
110	1	63	0	2	3	3.96912e-03	-5.77360e-01	1.67708e+01
110	1	64	0	2	3	3.99513e-03	-5.87512e-01	1.65051e+01
110	1	65	0	2	3	4.18760e-03	-5.92020e-01	1.63255e+01
110	1	66	0	2	3	4.67598e-03	-6.42414e-01	1.62023e+01
110	1	67	0	2	3	4.57607e-03	-6.22066e-01	1.59727e+01
110	1	68	0	2	3	3.46920e-03	-5.38311e-01	1.39751e+01
110	1	69	0	2	3	3.97921e-03	-5.77591e-01	1.61490e+01
110	1	70	0	2	3	4.16163e-03	-5.97446e-01	1.64426e+01
110	1	71	0	2	3	4.35881e-03	-6.13904e-01	1.70944e+01
110	1	72	0	2	3	4.06920e-03	-5.87013e-01	1.57533e+01
110	1	73	0	2	3	4.33518e-03	-6.09341e-01	1.74724e+01
110	1	74	0	2	3	4.35648e-03	-6.07592e-01	1.52666e+01
110	1	75	0	2	3	4.33491e-03	-6.11554e-01	1.64785e+01
110	1	76	0	2	3	3.48104e-03	-5.43846e-01	1.47972e+01
110	1	77	0	2	3	4.21365e-03	-6.00058e-01	1.62339e+01
110	1	78	0	2	3	4.13684e-03	-5.95206e-01	1.50675e+01
110	1	79	0	2	3	4.37616e-03	-6.07181e-01	1.62240e+01
110	1	80	0	2	3	3.80332e-03	-5.62071e-01	1.49325e+01
110	1	81	0	2	3	3.67326e-03	-5.55923e-01	1.46598e+01
110	1	82	0	2	3	4.24522e-03	-6.00490e-01	1.66049e+01
110	1	83	0	2	3	3.98341e-03	-5.68872e-01	1.51162e+01
110	1	84	0	2	3	3.76442e-03	-5.53622e-01	1.42729e+01
110	1	85	0	2	3	3.75011e-03	-5.60242e-01	1.49779e+01
110	1	86	0	2	3	4.14458e-03	-5.94900e-01	1.62829e+01
110	1	87	0	2	3	4.15972e-03	-5.81554e-01	1.40336e+01
110	1	88	0	2	3	3.99790e-03	-5.83342e-01	1.58484e+01
110	1	89	0	2	3	3.72368e-03	-5.63573e-01	1.47344e+01
110	1	90	0	2	3	4.18748e-03	-5.95901e-01	1.51776e+01
110	1	91	0	2	3	4.27548e-03	-5.95824e-01	1.61021e+01
110	1	92	0	2	3	3.68647e-03	-5.50430e-01	1.47049e+01
110	1	93	0	2	3	3.93038e-03	-5.73324e-01	1.53844e+01
110	1	94	0	2	3	3.86733e-03	-5.76329e-01	1.60154e+01
110	1	95	0	2	3	3.98951e-03	-5.84566e-01	1.53435e+01
110	1	96	0	2	3	3.71533e-03	-5.59543e-01	1.46376e+01
110	1	97	0	2	3	3.88166e-03	-5.69109e-01	1.57174e+01
110	1	98	0	2	3	4.30101e-03	-6.21052e-01	1.71477e+01
110	1	99	0	2	3	4.30973e-03	-6.02236e-01	1.56733e+01
110	1	100	0	2	3	3.61904e-03	-5.42464e-01	1.48144e+01
110	1	101	0	2	3	3.54376e-03	-5.45032e-01	1.51764e+01
110	1	102	0	2	3	4.29515e-03	-6.13110e-01	1.61426e+01
110	1	103	0	2	3	4.47378e-03	-6.11905e-01	1.57123e+01
110	1	104	0	2	3	4.00522e-03	-5.81483e-01	1.55396e+01
110	1	105	0	2	3	3.99341e-03	-5.76917e-01	1.54718e+01
110	1	106	0	2	3	4.34263e-03	-6.12540e-01	1.68864e+01
110	1	107	0	2	3	4.25230e-03	-5.99741e-01	1.57156e+01
110	1	108	0	2	3	3.54830e-03	-5.47688e-01	1.56606e+01
110	1	109	0	2	3	3.59916e-03	-5.51319e-01	1.55786e+01
110	1	110	0	2	3	4.46805e-03	-6.19759e-01	1.61929e+01
110	1	111	0	2	3	4.94997e-03	-6.57603e-01	1.80588e+01
110	1	112	0	2	3	3.97819e-03	-5.78779e-01	1.52736e+01
110	1	113	0	2	3	4.26632e-03	-5.96551e-01	1.58972e+01
110	1	114	0	2	3	4.48231e-03	-6.19967e-01	1.57804e+01
110	1	115	0	2	3	4.88578e-03	-6.41252e-01	1.63678e+01
110	1	116	0	2	3	3.90902e-03	-5.80961e-01	1.55873e+01
110	1	117	0	2	3	4.23682e-03	-5.92116e-01	1.57088e+01
110	1	118	0	2	3	3.94768e-03	-5.78776e-01	1.45490e+01
110	1	119	0	2	3	4.73789e-03	-6.29931e-01	1.65289e+01
110	1	120	0	2	3	3.90104e-03	-5.70838e-01	1.49556e+01
110	1	121	0	2	3	4.10296e-03	-5.82997e-01	1.53685e+01
110	1	122	0	2	3	4.65937e-03	-6.36467e-01	1.75854e+01
110	1	123	0	2	3	3.75115e-03	-5.70496e-01	1.67962e+01
110	1	124	0	2	3	3.78228e-03	-5.63843e-01	1.45858e+01
110	1	125	0	2	3	4.31926e-03	-6.06550e-01	1.61954e+01
110	1	126	0	2	3	4.25317e-03	-5.96590e-01	1.57839e+01
110	1	127	0	2	3	4.15882e-03	-5.92475e-01	1.57482e+01
110	1	128	0	2	3	4.60054e-03	-6.50747e-01	1.75134e+01
110	1	129	0	2	3	4.48419e-03	-6.46951e-01	1.75539e+01
110	1	130	0	2	3	3.64405e-03	-5.72975e-01	1.50947e+01
110	1	131	0	2	3	3.59436e-03	-5.52638e-01	1.49953e+01
110	1	132	0	2	3	3.30185e-03	-5.48585e-01	1.57507e+01
110	1	133	0	2	3	5.43254e-03	-6.85527e-01	1.71361e+01
110	1	134	0	2	3	5.09917e-03	-6.78262e-01	1.79405e+01
110	1	135	0	2	3	3.16727e-03	-5.27671e-01	1.48691e+01
110	1	136	0	2	3	4.24659e-03	-6.24240e-01	1.74241e+01
110	1	137	0	2	3	4.38395e-03	-6.25374e-01	1.67695e+01
110	1	138	0	2	3	5.11290e-03	-6.78396e-01	1.74833e+01
110	1	139	0	2	3	4.02730e-03	-5.85488e-01	1.60065e+01
110	1	140	0	2	3	4.27859e-03	-6.24563e-01	1.64690e+01
110	1	141	0	2	3	1.93311e-03	-4.44362e-01	1.29843e+01
110	1	142	0	2	3	4.07331e-03	-5.87939e-01	1.52618e+01
110	1	143	0	2	3	4.81108e-03	-6.74371e-01	1.83006e+01
110	1	144	0	2	3	3.73728e-03	-5.71363e-01	1.64750e+01
110	1	145	0	2	3	4.53149e-03	-6.18953e-01	1.62152e+01
110	1	146	0	2	3	2.16426e-03	-4.71016e-01	1.39145e+01
110	1	147	0	2	3	1.80879e-03	-4.35754e-01	1.23403e+01
110	1	148	0	2	3	4.03113e-03	-5.88310e-01	1.51022e+01
110	1	149	0	2	3	1.92737e-03	-4.20506e-01	1.29754e+01
110	1	150	0	2	3	1.98817e-03	-4.59065e-01	1.42540e+01
110	1	151	0	2	3	2.27066e-03	-4.66309e-01	1.35885e+01
110	1	152	0	2	3	-4.15133e-03	2.71971e-03	6.13698e+00
110	1	153	0	2	3	-1.03719e-02	4.91635e-01	-3.43094e+00
110	1	154	0	2	3	9.38566e-04	-3.58524e-01	1.18069e+01
110	1	155	0	2	3	4.86000e-03	-6.39089e-01	1.53895e+01
110	1	156	0	2	3	3.15611e-03	-5.24877e-01	1.47510e+01
110	1	157	0	2	3	2.50286e-03	-4.87063e-01	1.49186e+01
110	1	158	0	2	3	5.55193e-03	-7.04190e-01	1.85538e+01
110	1	159	0	2	3	-3.52292e-03	-3.78093e-02	6.89827e+00
