##
#  file: HodoPHCParam_Dummy
#  date: 2016.06.15
#  note: first version
#
#
#######################################################################
# CId	PlId	Seg	UorD	Type	nParam	p0	p1	...
#
#	Type=0 no correction will be performed
#	Type=1 ct=t-p[0]/sqrt(a-p[1])+p[2]
#	Type=2 ct=p[0]*a*a + p[1]*a + p[2] for Fiber
#
#######################################################################
# BH1 Up                                                              #
#######################################################################
1	0	0	0	1	3	5.08705e+00	-1.98362e+00	2.93454e+00
1	0	1	0	1	3	6.69706e-01	2.91546e-01	8.10244e-01
1	0	2	0	1	3	5.01779e-01	3.94271e-01	6.64278e-01
1	0	3	0	1	3	7.45330e-01	1.66754e-01	8.56036e-01
1	0	4	0	1	3	8.52890e-01	8.60054e-02	9.27134e-01
1	0	5	0	1	3	1.69981e+00	-1.50393e-01	1.62794e+00
1	0	6	0	1	3	1.58582e+00	-2.35346e-01	1.46587e+00
1	0	7	0	1	3	1.61970e+00	-1.46184e-01	1.54504e+00
1	0	8	0	1	3	1.37546e+00	-2.52696e-01	1.28233e+00
1	0	9	0	1	3	1.74814e+00	-2.76223e-01	1.64100e+00
1	0	10	0	1	3	1.60339e+01	-4.62629e+00	6.81205e+00
#######################################################################
# BH1 Down                                                            #
#######################################################################
1	0	0	1	1	3	1.33519e+00	-9.13138e-02	1.27257e+00
1	0	1	1	1	3	6.24909e-01	2.88647e-01	7.65429e-01
1	0	2	1	1	3	6.68954e-01	2.21542e-01	7.45264e-01
1	0	3	1	1	3	1.32364e+00	-4.57464e-01	1.08318e+00
1	0	4	1	1	3	1.18002e+00	-7.91080e-02	1.17008e+00
1	0	5	1	1	3	2.07299e+00	-4.79828e-01	1.70935e+00
1	0	6	1	1	3	1.96000e+00	-5.20196e-01	1.63958e+00
1	0	7	1	1	3	1.89852e+00	-4.50289e-01	1.60743e+00
1	0	8	1	1	3	1.02469e+00	-6.73213e-02	1.04734e+00
1	0	9	1	1	3	1.64894e+00	-1.85977e-01	1.61292e+00
1	0	10	1	1	3	7.15603e-01	2.22738e-01	8.54972e-01
#######################################################################
# BH2 Up                                                              #
#######################################################################
2	0	0	0	1	3	1.43047e-01	2.98695e-01	2.00085e-01
2	0	1	0	1	3	8.79554e-01	-2.31747e-01	7.85839e-01
2	0	2	0	1	3	5.94572e-01	-4.97541e-01	4.68956e-01
2	0	3	0	1	3	1.91725e-01	3.94747e-02	1.91115e-01
2	0	4	0	1	3	3.31184e-01	-9.38469e-02	3.15823e-01
2	0	5	0	1	3	1.99769e-01	2.70254e-01	2.37321e-01
2	0	6	0	1	3	2.58948e-01	2.41832e-01	3.10133e-01
2	0	7	0	1	3	3.50426e-01	8.80094e-02	3.70898e-01
#######################################################################
# BH2 Down                                                            #
#######################################################################
2	0	0	1	1	3	3.94607e-01	-1.85207e-01	3.84440e-01
2	0	1	1	1	3	9.92155e-01	-3.85817e-01	8.32122e-01
2	0	2	1	1	3	4.10986e-01	-9.27803e-02	3.90143e-01
2	0	3	1	1	3	1.76416e-01	4.84160e-02	1.75490e-01
2	0	4	1	1	3	2.42956e-01	1.23979e-01	2.64593e-01
2	0	5	1	1	3	3.57967e-01	4.32013e-02	3.63973e-01
2	0	6	1	1	3	1.22093e+00	-6.67168e-01	9.30075e-01
2	0	7	1	1	3	2.92156e-01	-4.36810e-03	2.98702e-01
#######################################################################
# BAC                                                                 #
#######################################################################
3	0	0	0	1	3	0.00000e+00	0.00000e+00	0.00000e+00
3	0	1	0	1	3	0.00000e+00	0.00000e+00	0.00000e+00
#######################################################################
# FBH Up                                                              #
#######################################################################
4	0	0	0	2	3	-5.62952e-03	8.96903e-01	-3.53273e+01
4	0	1	0	2	3	-4.29399e-03	7.37975e-01	-3.00049e+01
4	0	2	0	2	3	-5.26894e-03	8.67305e-01	-3.38992e+01
4	0	3	0	2	3	-3.80183e-03	6.69237e-01	-2.72260e+01
4	0	4	0	2	3	-4.35014e-03	7.35785e-01	-2.92008e+01
4	0	5	0	2	3	-4.02541e-03	6.86907e-01	-2.70312e+01
4	0	6	0	2	3	-4.16660e-03	7.08229e-01	-2.81512e+01
4	0	7	0	2	3	-3.93117e-03	6.84759e-01	-2.69101e+01
4	0	8	0	2	3	-4.14423e-03	6.96902e-01	-2.65883e+01
4	0	9	0	2	3	-2.83372e-03	5.62925e-01	-2.20787e+01
4	0	10	0	2	3	-4.07944e-03	7.09420e-01	-2.75603e+01
4	0	11	0	2	3	-3.50961e-03	6.50113e-01	-2.64167e+01
4	0	12	0	2	3	-3.52415e-03	6.49734e-01	-2.67232e+01
4	0	13	0	2	3	-4.13420e-03	7.26957e-01	-2.99675e+01
4	0	14	0	2	3	-4.90315e-03	8.27563e-01	-3.35630e+01
4	0	15	0	2	3	-4.73048e-03	8.13189e-01	-3.31901e+01
#######################################################################
# FBH Down                                                            #
#######################################################################
4	0	0	1	2	3	-5.62952e-03	8.96903e-01	-3.53273e+01
4	0	1	1	2	3	-4.29399e-03	7.37975e-01	-3.00049e+01
4	0	2	1	2	3	-5.26894e-03	8.67305e-01	-3.38992e+01
4	0	3	1	2	3	-3.80183e-03	6.69237e-01	-2.72260e+01
4	0	4	1	2	3	-4.35014e-03	7.35785e-01	-2.92008e+01
4	0	5	1	2	3	-4.02541e-03	6.86907e-01	-2.70312e+01
4	0	6	1	2	3	-4.16660e-03	7.08229e-01	-2.81512e+01
4	0	7	1	2	3	-3.93117e-03	6.84759e-01	-2.69101e+01
4	0	8	1	2	3	-4.14423e-03	6.96902e-01	-2.65883e+01
4	0	9	1	2	3	-2.83372e-03	5.62925e-01	-2.20787e+01
4	0	10	1	2	3	-4.07944e-03	7.09420e-01	-2.75603e+01
4	0	11	1	2	3	-3.50961e-03	6.50113e-01	-2.64167e+01
4	0	12	1	2	3	-3.52415e-03	6.49734e-01	-2.67232e+01
4	0	13	1	2	3	-4.13420e-03	7.26957e-01	-2.99675e+01
4	0	14	1	2	3	-4.90315e-03	8.27563e-01	-3.35630e+01
4	0	15	1	2	3	-4.73048e-03	8.13189e-01	-3.31901e+01
#######################################################################
# PVAC                                                                #
#######################################################################
5	0	0	0	1	3	0.00000e+00	0.00000e+00	0.00000e+00
#######################################################################
# FAC                                                                 #
#######################################################################
6	0	0	0	1	3	0.00000e+00	0.00000e+00	0.00000e+00
#######################################################################
# SCH                                                                 #
#######################################################################
#7	0	0	0	2	3	-0.00500000	0.821213	-32.185321
#7	0	1	0	2	3	-0.00500000	0.830248	-32.269563
#7	0	2	0	2	3	-0.00500000	0.793073	-29.315934
#7	0	3	0	2	3	-0.00500000	0.772144	-28.276705
#7	0	4	0	2	3	-0.00500000	0.801968	-30.687167
#7	0	5	0	2	3	-0.00500000	0.778300	-28.439251
#7	0	6	0	2	3	-0.00500000	0.765872	-27.918181
#7	0	7	0	2	3	-0.00500000	0.738459	-26.016797
#7	0	8	0	2	3	-0.00500000	0.778318	-28.676371
#7	0	9	0	2	3	-0.00500000	0.776670	-28.892887
#7	0	10	0	2	3	-0.00500000	0.764278	-28.122474
#7	0	11	0	2	3	-0.00500000	0.790742	-29.423647
#7	0	12	0	2	3	-0.00500000	0.811330	-30.487019
#7	0	13	0	2	3	-0.00500000	0.818750	-30.891512
#7	0	14	0	2	3	-0.00500000	0.802541	-30.009136
#7	0	15	0	2	3	-0.00500000	0.809525	-30.751746
#7	0	16	0	2	3	-0.00500000	0.802597	-30.845509
#7	0	17	0	2	3	-0.00500000	0.835028	-32.780792
#7	0	18	0	2	3	-0.00500000	0.859176	-33.938731
#7	0	19	0	2	3	-0.00500000	0.814851	-31.445396
#7	0	20	0	2	3	-0.00500000	0.809426	-30.781087
#7	0	21	0	2	3	-0.00500000	0.780678	-28.888756
#7	0	22	0	2	3	-0.00500000	0.808206	-30.719604
#7	0	23	0	2	3	-0.00500000	0.774024	-27.858339
#7	0	24	0	2	3	-0.00500000	0.794308	-29.022101
#7	0	25	0	2	3	-0.00500000	0.775649	-27.980186
#7	0	26	0	2	3	-0.00500000	0.788483	-28.687567
#7	0	27	0	2	3	-0.00466315	0.771386	-29.253260
#7	0	28	0	2	3	-0.00483132	0.790854	-28.637741
#7	0	29	0	2	3	-0.00497049	0.812994	-30.786914
#7	0	30	0	2	3	-0.00500000	0.787793	-28.362716
#7	0	31	0	2	3	-0.00500000	0.790759	-28.876812
#7	0	32	0	2	3	-0.00500000	0.824826	-31.655285
#7	0	33	0	2	3	-0.00500000	0.845304	-33.407765
#7	0	34	0	2	3	-0.00500000	0.832263	-32.939799
#7	0	35	0	2	3	-0.00500000	0.820631	-31.695372
#7	0	36	0	2	3	-0.00500000	0.836997	-33.200590
#7	0	37	0	2	3	-0.00500000	0.819690	-32.097193
#7	0	38	0	2	3	-0.00500000	0.808109	-31.263214
#7	0	39	0	2	3	-0.00500000	0.815224	-31.135523
#7	0	40	0	2	3	-0.00500000	0.803398	-29.897923
#7	0	41	0	2	3	-0.00500000	0.815685	-31.165519
#7	0	42	0	2	3	-0.00500000	0.812980	-30.737261
#7	0	43	0	2	3	-0.00500000	0.829418	-32.693307
#7	0	44	0	2	3	-0.00500000	0.789530	-29.464920
#7	0	45	0	2	3	-0.00500000	0.804789	-31.208151
#7	0	46	0	2	3	-0.00500000	0.830106	-32.806514
#7	0	47	0	2	3	-0.00500000	0.819206	-31.373242
#7	0	48	0	2	3	-0.00500000	0.816165	-31.709319
#7	0	49	0	2	3	-0.00500000	0.798496	-30.201709
#7	0	50	0	2	3	-0.00500000	0.812167	-31.795745
#7	0	51	0	2	3	-0.00500000	0.810749	-31.375226
#7	0	52	0	2	3	-0.00500000	0.803385	-31.372512
#7	0	53	0	2	3	-0.00500000	0.777405	-29.262831
#7	0	54	0	2	3	-0.00500000	0.783954	-29.763410
#7	0	55	0	2	3	-0.00500000	0.789443	-29.976449
#7	0	56	0	2	3	-0.00500000	0.838828	-33.261086
#7	0	57	0	2	3	-0.00500000	0.804421	-30.573195
#7	0	58	0	2	3	-0.00500000	0.773283	-29.111048
#7	0	59	0	2	3	-0.00500000	0.811789	-31.449459
#7	0	60	0	2	3	-0.00500000	0.759724	-28.110014
#7	0	61	0	2	3	-0.00500000	0.810884	-31.379063
#7	0	62	0	2	3	-0.00500000	0.771910	-28.435006
#7	0	63	0	2	3	-0.00500000	0.796658	-30.511906
#######################################################################
# TOF Up                                                              #
#######################################################################
7	0	0	0	1	3	5.24830e+00	-1.96630e+00	2.96170e+00
7	0	1	0	1	3	5.24830e+00	-1.96630e+00	2.96170e+00
7	0	2	0	1	3	5.24830e+00	-1.96630e+00	2.96170e+00
7	0	3	0	1	3	5.24830e+00	-1.96630e+00	2.96170e+00
7	0	4	0	1	3	5.24830e+00	-1.96630e+00	2.96170e+00
7	0	5	0	1	3	5.24830e+00	-1.96630e+00	2.96170e+00
7	0	6	0	1	3	6.97090e+00	-3.03520e+00	3.39910e+00
7	0	7	0	1	3	4.05450e+00	-1.96150e+00	2.30360e+00
7	0	8	0	1	3	1.16940e+02	-2.98600e+01	2.09880e+01
7	0	9	0	1	3	5.24830e+00	-1.96630e+00	2.96170e+00
7	0	10	0	1	3	5.24830e+00	-1.96630e+00	2.96170e+00
7	0	11	0	1	3	5.24830e+00	-1.96630e+00	2.96170e+00
7	0	12	0	1	3	5.24830e+00	-1.96630e+00	2.96170e+00
7	0	13	0	1	3	5.24830e+00	-1.96630e+00	2.96170e+00
7	0	14	0	1	3	5.24830e+00	-1.96630e+00	2.96170e+00
7	0	15	0	1	3	5.24830e+00	-1.96630e+00	2.96170e+00
7	0	16	0	1	3	5.24830e+00	-1.96630e+00	2.96170e+00
7	0	17	0	1	3	5.24830e+00	-1.96630e+00	2.96170e+00
7	0	18	0	1	3	5.24830e+00	-1.96630e+00	2.96170e+00
7	0	19	0	1	3	7.11491e-01	1.85180e-03	5.82402e-01
7	0	20	0	1	3	5.59404e-01	-1.73810e-03	4.50716e-01
7	0	21	0	1	3	8.92499e-01	1.99900e-03	7.37364e-01
7	0	22	0	1	3	6.37553e-01	1.99960e-03	5.45449e-01
7	0	23	0	1	3	1.19210e+00	1.98920e-03	9.99994e-01
#######################################################################
# TOF Down                                                            #
#######################################################################
7	0	0	1	1	3	5.84300e+00	-2.30730e+00	3.11320e+00
7	0	1	1	1	3	5.84300e+00	-2.30730e+00	3.11320e+00
7	0	2	1	1	3	5.84300e+00	-2.30730e+00	3.11320e+00
7	0	3	1	1	3	5.84300e+00	-2.30730e+00	3.11320e+00
7	0	4	1	1	3	5.84300e+00	-2.30730e+00	3.11320e+00
7	0	5	1	1	3	5.84300e+00	-2.30730e+00	3.11320e+00
7	0	6	1	1	3	1.41330e+01	-5.81170e+00	5.32680e+00
7	0	7	1	1	3	7.84850e+01	-2.02870e+01	1.69500e+01
7	0	8	1	1	3	2.20240e+02	-3.62440e+01	3.60080e+01
7	0	9	1	1	3	5.84300e+00	-2.30730e+00	3.11320e+00
7	0	10	1	1	3	5.84300e+00	-2.30730e+00	3.11320e+00
7	0	11	1	1	3	5.84300e+00	-2.30730e+00	3.11320e+00
7	0	12	1	1	3	5.84300e+00	-2.30730e+00	3.11320e+00
7	0	13	1	1	3	5.84300e+00	-2.30730e+00	3.11320e+00
7	0	14	1	1	3	5.84300e+00	-2.30730e+00	3.11320e+00
7	0	15	1	1	3	5.84300e+00	-2.30730e+00	3.11320e+00
7	0	16	1	1	3	5.84300e+00	-2.30730e+00	3.11320e+00
7	0	17	1	1	3	5.84300e+00	-2.30730e+00	3.11320e+00
7	0	18	1	1	3	5.84300e+00	-2.30730e+00	3.11320e+00
7	0	19	1	1	3	6.18741e-01	1.99860e-03	4.90831e-01
7	0	20	1	1	3	5.75901e-01	1.04210e-03	4.72509e-01
7	0	21	1	1	3	9.41046e-01	1.99890e-03	7.79357e-01
7	0	22	1	1	3	4.84266e-01	-1.95590e-03	3.99786e-01
7	0	23	1	1	3	8.97714e-01	1.99860e-03	7.56300e-01
#######################################################################
# BFT U                                                               #
#######################################################################
110	0	0	0	2	3	1.93459e-03	-4.39289e-01	1.31097e+01
110	0	1	0	2	3	2.78462e-03	-4.82795e-01	1.35133e+01
110	0	2	0	2	3	4.20744e-03	-5.86494e-01	1.50954e+01
110	0	3	0	2	3	5.01514e-03	-6.40872e-01	1.51401e+01
110	0	4	0	2	3	3.82475e-03	-5.59350e-01	1.50474e+01
110	0	5	0	2	3	5.13419e-03	-6.46204e-01	1.68794e+01
110	0	6	0	2	3	3.52164e-03	-5.45940e-01	1.42271e+01
110	0	7	0	2	3	5.26708e-03	-6.49652e-01	1.65207e+01
110	0	8	0	2	3	5.33233e-03	-6.75324e-01	1.66789e+01
110	0	9	0	2	3	4.90382e-03	-6.37822e-01	1.74536e+01
110	0	10	0	2	3	3.86470e-03	-5.62017e-01	1.37569e+01
110	0	11	0	2	3	2.66329e-03	-4.58039e-01	1.39299e+01
110	0	12	0	2	3	3.03266e-03	-5.11954e-01	1.33486e+01
110	0	13	0	2	3	4.96322e-03	-6.39646e-01	1.73705e+01
110	0	14	0	2	3	3.96313e-03	-5.72576e-01	1.41425e+01
110	0	15	0	2	3	4.48417e-03	-6.15352e-01	1.71720e+01
110	0	16	0	2	3	3.24909e-03	-5.23306e-01	1.32780e+01
110	0	17	0	2	3	3.61700e-03	-5.42341e-01	1.52599e+01
110	0	18	0	2	3	4.05576e-03	-5.76569e-01	1.40178e+01
110	0	19	0	2	3	4.25364e-03	-5.96681e-01	1.43745e+01
110	0	20	0	2	3	3.77732e-03	-5.50928e-01	1.40820e+01
110	0	21	0	2	3	3.93690e-03	-5.64675e-01	1.69567e+01
110	0	22	0	2	3	4.98180e-03	-6.47430e-01	1.58069e+01
110	0	23	0	2	3	4.51968e-03	-5.94272e-01	1.60041e+01
110	0	24	0	2	3	4.00477e-03	-5.68890e-01	1.47158e+01
110	0	25	0	2	3	4.11544e-03	-5.71415e-01	1.62611e+01
110	0	26	0	2	3	4.22548e-03	-5.95030e-01	1.59650e+01
110	0	27	0	2	3	4.92981e-03	-6.23112e-01	1.64284e+01
110	0	28	0	2	3	3.65633e-03	-5.49061e-01	1.25941e+01
110	0	29	0	2	3	4.18808e-03	-5.72652e-01	1.51844e+01
110	0	30	0	2	3	3.80149e-03	-5.58045e-01	1.39924e+01
110	0	31	0	2	3	4.06575e-03	-5.70030e-01	1.56784e+01
110	0	32	0	2	3	4.12300e-03	-5.84648e-01	1.48180e+01
110	0	33	0	2	3	3.98071e-03	-5.48154e-01	1.35131e+01
110	0	34	0	2	3	4.11539e-03	-5.84614e-01	1.45957e+01
110	0	35	0	2	3	4.20415e-03	-5.90636e-01	1.61597e+01
110	0	36	0	2	3	3.64252e-03	-5.36327e-01	1.34688e+01
110	0	37	0	2	3	4.24446e-03	-5.85605e-01	1.68520e+01
110	0	38	0	2	3	4.72883e-03	-6.17058e-01	1.44196e+01
110	0	39	0	2	3	5.40653e-03	-6.67074e-01	1.70696e+01
110	0	40	0	2	3	4.04174e-03	-5.66962e-01	1.39332e+01
110	0	41	0	2	3	3.97008e-03	-5.61263e-01	1.62319e+01
110	0	42	0	2	3	4.31216e-03	-5.87458e-01	1.48637e+01
110	0	43	0	2	3	4.25202e-03	-5.90528e-01	1.64030e+01
110	0	44	0	2	3	3.89314e-03	-5.68286e-01	1.42785e+01
110	0	45	0	2	3	4.40766e-03	-5.89986e-01	1.62733e+01
110	0	46	0	2	3	4.53720e-03	-6.20028e-01	1.53708e+01
110	0	47	0	2	3	5.06605e-03	-6.49737e-01	1.85048e+01
110	0	48	0	2	3	3.69095e-03	-5.46899e-01	1.27836e+01
110	0	49	0	2	3	4.17066e-03	-5.79018e-01	1.66177e+01
110	0	50	0	2	3	4.49679e-03	-6.06015e-01	1.52101e+01
110	0	51	0	2	3	4.39939e-03	-5.94667e-01	1.57377e+01
110	0	52	0	2	3	3.77613e-03	-5.45962e-01	1.32090e+01
110	0	53	0	2	3	4.45325e-03	-5.94163e-01	1.55888e+01
110	0	54	0	2	3	4.46310e-03	-6.06913e-01	1.48866e+01
110	0	55	0	2	3	4.35665e-03	-5.96802e-01	1.67738e+01
110	0	56	0	2	3	4.16832e-03	-5.92162e-01	1.56004e+01
110	0	57	0	2	3	4.55321e-03	-6.05684e-01	1.65003e+01
110	0	58	0	2	3	3.99559e-03	-5.75608e-01	1.54078e+01
110	0	59	0	2	3	4.19845e-03	-5.97619e-01	1.67986e+01
110	0	60	0	2	3	3.90288e-03	-5.70748e-01	1.39007e+01
110	0	61	0	2	3	3.74408e-03	-5.43649e-01	1.50292e+01
110	0	62	0	2	3	4.62758e-03	-6.15985e-01	1.48850e+01
110	0	63	0	2	3	4.34440e-03	-5.97479e-01	1.50420e+01
110	0	64	0	2	3	4.06474e-03	-5.80890e-01	1.46740e+01
110	0	65	0	2	3	4.06338e-03	-5.75653e-01	1.56932e+01
110	0	66	0	2	3	4.50298e-03	-6.24758e-01	1.67637e+01
110	0	67	0	2	3	3.67570e-03	-5.50778e-01	1.54356e+01
110	0	68	0	2	3	3.75743e-03	-5.71792e-01	1.51668e+01
110	0	69	0	2	3	3.76249e-03	-5.51563e-01	1.47801e+01
110	0	70	0	2	3	4.42843e-03	-6.23495e-01	1.50395e+01
110	0	71	0	2	3	4.23823e-03	-5.94088e-01	1.59991e+01
110	0	72	0	2	3	3.81975e-03	-5.70260e-01	1.38945e+01
110	0	73	0	2	3	4.01756e-03	-5.77173e-01	1.50623e+01
110	0	74	0	2	3	4.67559e-03	-6.35027e-01	1.60864e+01
110	0	75	0	2	3	4.03507e-03	-5.74381e-01	1.52485e+01
110	0	76	0	2	3	3.82911e-03	-5.63944e-01	1.38116e+01
110	0	77	0	2	3	4.01163e-03	-5.72080e-01	1.55079e+01
110	0	78	0	2	3	4.48423e-03	-6.22850e-01	1.52479e+01
110	0	79	0	2	3	4.36109e-03	-5.97448e-01	1.55970e+01
110	0	80	0	2	3	4.40621e-03	-6.03688e-01	1.55426e+01
110	0	81	0	2	3	4.23687e-03	-5.78801e-01	1.51971e+01
110	0	82	0	2	3	4.74193e-03	-6.27231e-01	1.54877e+01
110	0	83	0	2	3	4.52387e-03	-6.15643e-01	1.58821e+01
110	0	84	0	2	3	3.34867e-03	-5.27724e-01	1.36540e+01
110	0	85	0	2	3	3.97601e-03	-5.67586e-01	1.54083e+01
110	0	86	0	2	3	4.56871e-03	-6.29356e-01	1.53382e+01
110	0	87	0	2	3	4.13320e-03	-5.89718e-01	1.60939e+01
110	0	88	0	2	3	3.91957e-03	-5.66032e-01	1.46856e+01
110	0	89	0	2	3	4.20365e-03	-5.88659e-01	1.54087e+01
110	0	90	0	2	3	4.92592e-03	-6.43305e-01	1.52121e+01
110	0	91	0	2	3	4.51434e-03	-6.19462e-01	1.55759e+01
110	0	92	0	2	3	3.90949e-03	-5.80937e-01	1.50352e+01
110	0	93	0	2	3	3.89290e-03	-5.63471e-01	1.46879e+01
110	0	94	0	2	3	4.17812e-03	-6.12923e-01	1.66796e+01
110	0	95	0	2	3	4.22281e-03	-5.92352e-01	1.58419e+01
110	0	96	0	2	3	3.79358e-03	-5.73146e-01	1.45285e+01
110	0	97	0	2	3	3.93744e-03	-5.68908e-01	1.55711e+01
110	0	98	0	2	3	4.24610e-03	-6.10993e-01	1.52489e+01
110	0	99	0	2	3	4.51404e-03	-6.09759e-01	1.59674e+01
110	0	100	0	2	3	4.19067e-03	-5.93664e-01	1.53525e+01
110	0	101	0	2	3	4.13825e-03	-5.83588e-01	1.57264e+01
110	0	102	0	2	3	4.34583e-03	-6.12049e-01	1.60250e+01
110	0	103	0	2	3	4.49607e-03	-6.14402e-01	1.58728e+01
110	0	104	0	2	3	4.28568e-03	-6.01393e-01	1.46234e+01
110	0	105	0	2	3	3.93765e-03	-5.70516e-01	1.50006e+01
110	0	106	0	2	3	4.22642e-03	-6.00810e-01	1.57292e+01
110	0	107	0	2	3	4.79366e-03	-6.27052e-01	1.54070e+01
110	0	108	0	2	3	3.28467e-03	-5.35463e-01	1.43829e+01
110	0	109	0	2	3	3.92471e-03	-5.74507e-01	1.50308e+01
110	0	110	0	2	3	4.11221e-03	-5.94255e-01	1.53882e+01
110	0	111	0	2	3	4.48736e-03	-6.18513e-01	1.58879e+01
110	0	112	0	2	3	3.93994e-03	-5.69448e-01	1.35898e+01
110	0	113	0	2	3	4.08500e-03	-5.74644e-01	1.48038e+01
110	0	114	0	2	3	4.76413e-03	-6.42209e-01	1.63801e+01
110	0	115	0	2	3	4.48278e-03	-6.06830e-01	1.54347e+01
110	0	116	0	2	3	4.64182e-03	-6.26539e-01	1.54758e+01
110	0	117	0	2	3	4.12452e-03	-5.85525e-01	1.61189e+01
110	0	118	0	2	3	4.73497e-03	-6.44579e-01	1.66775e+01
110	0	119	0	2	3	5.30451e-03	-6.54994e-01	1.52479e+01
110	0	120	0	2	3	3.83888e-03	-5.79714e-01	1.49195e+01
110	0	121	0	2	3	4.12168e-03	-5.79920e-01	1.36253e+01
110	0	122	0	2	3	5.39210e-03	-6.91889e-01	1.81006e+01
110	0	123	0	2	3	5.26777e-03	-6.60752e-01	1.66283e+01
110	0	124	0	2	3	3.87992e-03	-5.64868e-01	1.49769e+01
110	0	125	0	2	3	3.16245e-03	-5.03330e-01	1.16232e+01
110	0	126	0	2	3	4.30789e-03	-5.91514e-01	1.47655e+01
110	0	127	0	2	3	4.90779e-03	-6.33029e-01	1.58298e+01
110	0	128	0	2	3	2.79022e-03	-5.29088e-01	1.52672e+01
110	0	129	0	2	3	4.62785e-03	-6.41612e-01	1.66390e+01
110	0	130	0	2	3	2.09179e-03	-4.74018e-01	1.42596e+01
110	0	131	0	2	3	2.67353e-03	-4.89663e-01	1.40060e+01
110	0	132	0	2	3	5.93423e-03	-7.42199e-01	1.91913e+01
110	0	133	0	2	3	4.12410e-03	-5.91647e-01	1.58313e+01
110	0	134	0	2	3	3.38987e-03	-5.65253e-01	1.55856e+01
110	0	135	0	2	3	3.43083e-03	-5.54052e-01	1.46387e+01
110	0	136	0	2	3	2.11749e-03	-4.59923e-01	1.29262e+01
110	0	137	0	2	3	4.51451e-03	-6.36417e-01	1.71944e+01
110	0	138	0	2	3	5.59725e-03	-7.22165e-01	1.86971e+01
110	0	139	0	2	3	4.61389e-03	-6.32639e-01	1.54010e+01
110	0	140	0	2	3	2.04596e-03	-4.64380e-01	1.44132e+01
110	0	141	0	2	3	-5.20809e-03	8.67920e-02	2.81217e+00
110	0	142	0	2	3	2.89193e-03	-5.10139e-01	1.42082e+01
110	0	143	0	2	3	3.77141e-03	-5.73055e-01	1.50604e+01
110	0	144	0	2	3	-5.52988e-04	-2.76159e-01	9.62236e+00
110	0	145	0	2	3	-6.88926e-03	2.09284e-01	3.03699e-01
110	0	146	0	2	3	2.96293e-04	-3.27792e-01	1.11756e+01
110	0	147	0	2	3	2.69322e-03	-4.86474e-01	1.41044e+01
110	0	148	0	2	3	2.28045e-03	-4.69862e-01	1.31579e+01
110	0	149	0	2	3	3.30623e-03	-5.41629e-01	1.51365e+01
110	0	150	0	2	3	1.71968e-03	-3.85969e-01	1.14508e+01
110	0	151	0	2	3	2.08539e-03	-4.54841e-01	1.34478e+01
110	0	152	0	2	3	1.45047e-03	-4.02511e-01	1.29904e+01
110	0	153	0	2	3	-2.83708e-03	-1.09120e-01	7.83963e+00
110	0	154	0	2	3	2.44958e-03	-4.90503e-01	1.37235e+01
110	0	155	0	2	3	2.40367e-03	-4.60263e-01	1.16256e+01
110	0	156	0	2	3	6.60660e-03	-7.61871e-01	1.86540e+01
110	0	157	0	2	3	-3.99156e-03	2.97070e-03	5.33259e+00
110	0	158	0	2	3	3.30243e-03	-5.21890e-01	1.38453e+01
110	0	159	0	2	3	7.20216e-04	-3.50069e-01	1.12707e+01
#######################################################################
# BFT D                                                               #
#######################################################################
110	1	0	0	2	3	1.36977e-03	-3.87412e-01	1.34373e+01
110	1	1	0	2	3	-1.02386e-03	-2.02013e-01	9.38537e+00
110	1	2	0	2	3	3.99011e-03	-5.82530e-01	1.59873e+01
110	1	3	0	2	3	3.33267e-03	-5.23974e-01	1.57002e+01
110	1	4	0	2	3	3.47730e-03	-5.48293e-01	1.55025e+01
110	1	5	0	2	3	3.56256e-03	-5.49531e-01	1.64512e+01
110	1	6	0	2	3	3.61692e-03	-5.55559e-01	1.43972e+01
110	1	7	0	2	3	2.66128e-03	-4.83141e-01	1.47098e+01
110	1	8	0	2	3	3.77161e-03	-5.62102e-01	1.58490e+01
110	1	9	0	2	3	2.67121e-03	-4.90694e-01	1.63535e+01
110	1	10	0	2	3	3.33315e-03	-5.36170e-01	1.52871e+01
110	1	11	0	2	3	3.75806e-03	-5.66316e-01	1.60599e+01
110	1	12	0	2	3	3.64692e-03	-5.61652e-01	1.50981e+01
110	1	13	0	2	3	2.57562e-03	-4.70437e-01	1.48707e+01
110	1	14	0	2	3	3.91960e-03	-5.91473e-01	1.55697e+01
110	1	15	0	2	3	3.91074e-03	-5.73247e-01	1.67442e+01
110	1	16	0	2	3	3.85777e-03	-5.72627e-01	1.53140e+01
110	1	17	0	2	3	4.10860e-03	-5.79053e-01	1.59592e+01
110	1	18	0	2	3	3.95089e-03	-5.82229e-01	1.49560e+01
110	1	19	0	2	3	3.23155e-03	-5.26578e-01	1.56026e+01
110	1	20	0	2	3	3.23827e-03	-5.33423e-01	1.50358e+01
110	1	21	0	2	3	2.79090e-03	-4.90490e-01	1.58503e+01
110	1	22	0	2	3	3.87627e-03	-5.67736e-01	1.51090e+01
110	1	23	0	2	3	3.53544e-03	-5.38299e-01	1.58737e+01
110	1	24	0	2	3	2.78402e-03	-5.00598e-01	1.50490e+01
110	1	25	0	2	3	3.42701e-03	-5.33322e-01	1.59394e+01
110	1	26	0	2	3	4.53001e-03	-6.18640e-01	1.58387e+01
110	1	27	0	2	3	3.27859e-03	-5.19979e-01	1.63403e+01
110	1	28	0	2	3	3.87863e-03	-5.75275e-01	1.61533e+01
110	1	29	0	2	3	3.49528e-03	-5.39444e-01	1.61925e+01
110	1	30	0	2	3	3.86656e-03	-5.73668e-01	1.54054e+01
110	1	31	0	2	3	4.17177e-03	-5.99494e-01	1.75317e+01
110	1	32	0	2	3	3.30420e-03	-5.38298e-01	1.61039e+01
110	1	33	0	2	3	3.26860e-03	-5.29487e-01	1.50035e+01
110	1	34	0	2	3	3.93924e-03	-5.73864e-01	1.49382e+01
110	1	35	0	2	3	3.80063e-03	-5.72188e-01	1.69818e+01
110	1	36	0	2	3	3.65830e-03	-5.51617e-01	1.57481e+01
110	1	37	0	2	3	3.34324e-03	-5.27865e-01	1.41863e+01
110	1	38	0	2	3	4.49185e-03	-6.15856e-01	1.71073e+01
110	1	39	0	2	3	4.13445e-03	-5.82677e-01	1.61151e+01
110	1	40	0	2	3	4.27581e-03	-5.92401e-01	1.52519e+01
110	1	41	0	2	3	3.39140e-03	-5.28250e-01	1.55531e+01
110	1	42	0	2	3	3.81741e-03	-5.61328e-01	1.52879e+01
110	1	43	0	2	3	4.34482e-03	-5.99337e-01	1.75904e+01
110	1	44	0	2	3	3.98594e-03	-5.79351e-01	1.52278e+01
110	1	45	0	2	3	3.60998e-03	-5.47626e-01	1.61474e+01
110	1	46	0	2	3	4.27835e-03	-6.03694e-01	1.56590e+01
110	1	47	0	2	3	4.22701e-03	-6.09446e-01	1.82261e+01
110	1	48	0	2	3	3.91322e-03	-5.71515e-01	1.57512e+01
110	1	49	0	2	3	3.49947e-03	-5.34925e-01	1.61366e+01
110	1	50	0	2	3	4.08137e-03	-5.85448e-01	1.49805e+01
110	1	51	0	2	3	4.39836e-03	-6.04030e-01	1.70542e+01
110	1	52	0	2	3	4.25865e-03	-6.05279e-01	1.56157e+01
110	1	53	0	2	3	3.59493e-03	-5.45290e-01	1.63011e+01
110	1	54	0	2	3	4.48920e-03	-6.23171e-01	1.69174e+01
110	1	55	0	2	3	3.87016e-03	-5.68665e-01	1.65830e+01
110	1	56	0	2	3	3.75849e-03	-5.77569e-01	1.52848e+01
110	1	57	0	2	3	3.99320e-03	-5.78841e-01	1.64868e+01
110	1	58	0	2	3	4.00552e-03	-5.93771e-01	1.74015e+01
110	1	59	0	2	3	4.55369e-03	-6.29986e-01	1.87334e+01
110	1	60	0	2	3	3.69750e-03	-5.63202e-01	1.56784e+01
110	1	61	0	2	3	3.78488e-03	-5.50328e-01	1.54533e+01
110	1	62	0	2	3	4.06683e-03	-5.86739e-01	1.50433e+01
110	1	63	0	2	3	4.11907e-03	-5.88017e-01	1.69637e+01
110	1	64	0	2	3	3.92126e-03	-5.80062e-01	1.63331e+01
110	1	65	0	2	3	4.16043e-03	-5.90509e-01	1.62984e+01
110	1	66	0	2	3	4.75709e-03	-6.46584e-01	1.62421e+01
110	1	67	0	2	3	4.39041e-03	-6.11309e-01	1.58129e+01
110	1	68	0	2	3	3.56347e-03	-5.42788e-01	1.39945e+01
110	1	69	0	2	3	4.10001e-03	-5.86184e-01	1.62978e+01
110	1	70	0	2	3	4.21918e-03	-6.00702e-01	1.64727e+01
110	1	71	0	2	3	4.21745e-03	-6.03293e-01	1.68823e+01
110	1	72	0	2	3	3.71371e-03	-5.59606e-01	1.52210e+01
110	1	73	0	2	3	4.08466e-03	-5.91168e-01	1.71462e+01
110	1	74	0	2	3	4.33498e-03	-6.05470e-01	1.52157e+01
110	1	75	0	2	3	4.24321e-03	-6.02059e-01	1.62455e+01
110	1	76	0	2	3	3.58999e-03	-5.52119e-01	1.49441e+01
110	1	77	0	2	3	4.08774e-03	-5.92071e-01	1.61025e+01
110	1	78	0	2	3	4.28741e-03	-6.04963e-01	1.51969e+01
110	1	79	0	2	3	4.18102e-03	-5.95341e-01	1.60337e+01
110	1	80	0	2	3	3.89787e-03	-5.71199e-01	1.51336e+01
110	1	81	0	2	3	4.11517e-03	-5.83680e-01	1.50591e+01
110	1	82	0	2	3	4.39074e-03	-6.11543e-01	1.67965e+01
110	1	83	0	2	3	4.15825e-03	-5.78859e-01	1.52404e+01
110	1	84	0	2	3	3.89428e-03	-5.60927e-01	1.43450e+01
110	1	85	0	2	3	3.84706e-03	-5.65934e-01	1.50587e+01
110	1	86	0	2	3	4.06287e-03	-5.85833e-01	1.60509e+01
110	1	87	0	2	3	4.12058e-03	-5.84839e-01	1.41807e+01
110	1	88	0	2	3	3.84619e-03	-5.72805e-01	1.56541e+01
110	1	89	0	2	3	4.13668e-03	-5.90760e-01	1.51705e+01
110	1	90	0	2	3	4.17727e-03	-5.98365e-01	1.52705e+01
110	1	91	0	2	3	4.48253e-03	-6.08832e-01	1.62824e+01
110	1	92	0	2	3	4.22405e-03	-5.87758e-01	1.53312e+01
110	1	93	0	2	3	3.96550e-03	-5.74675e-01	1.53891e+01
110	1	94	0	2	3	4.10841e-03	-5.92125e-01	1.62774e+01
110	1	95	0	2	3	3.78778e-03	-5.72512e-01	1.51592e+01
110	1	96	0	2	3	3.82419e-03	-5.64431e-01	1.46679e+01
110	1	97	0	2	3	3.91231e-03	-5.69991e-01	1.57005e+01
110	1	98	0	2	3	4.11977e-03	-6.06289e-01	1.68398e+01
110	1	99	0	2	3	4.17828e-03	-5.94019e-01	1.55323e+01
110	1	100	0	2	3	3.91232e-03	-5.62341e-01	1.51339e+01
110	1	101	0	2	3	3.39767e-03	-5.34276e-01	1.49727e+01
110	1	102	0	2	3	4.31930e-03	-6.11008e-01	1.60187e+01
110	1	103	0	2	3	3.97046e-03	-5.77783e-01	1.51290e+01
110	1	104	0	2	3	4.19806e-03	-5.94016e-01	1.57173e+01
110	1	105	0	2	3	3.97874e-03	-5.75515e-01	1.54261e+01
110	1	106	0	2	3	4.29885e-03	-6.09104e-01	1.68250e+01
110	1	107	0	2	3	4.64149e-03	-6.22729e-01	1.60118e+01
110	1	108	0	2	3	3.53227e-03	-5.47817e-01	1.56775e+01
110	1	109	0	2	3	3.68962e-03	-5.55525e-01	1.56007e+01
110	1	110	0	2	3	4.55751e-03	-6.24810e-01	1.62505e+01
110	1	111	0	2	3	4.19191e-03	-6.00733e-01	1.70070e+01
110	1	112	0	2	3	3.92606e-03	-5.76653e-01	1.52424e+01
110	1	113	0	2	3	4.22183e-03	-5.95802e-01	1.59037e+01
110	1	114	0	2	3	4.85091e-03	-6.49391e-01	1.63484e+01
110	1	115	0	2	3	4.70969e-03	-6.30519e-01	1.62148e+01
110	1	116	0	2	3	3.69624e-03	-5.66712e-01	1.53746e+01
110	1	117	0	2	3	3.55058e-03	-5.47986e-01	1.50245e+01
110	1	118	0	2	3	4.71535e-03	-6.31849e-01	1.54367e+01
110	1	119	0	2	3	4.17093e-03	-5.91378e-01	1.58765e+01
110	1	120	0	2	3	4.19657e-03	-6.00846e-01	1.56295e+01
110	1	121	0	2	3	3.57537e-03	-5.48255e-01	1.48193e+01
110	1	122	0	2	3	4.10270e-03	-5.91250e-01	1.66774e+01
110	1	123	0	2	3	3.97264e-03	-5.80973e-01	1.68423e+01
110	1	124	0	2	3	3.69500e-03	-5.53855e-01	1.43311e+01
110	1	125	0	2	3	3.83620e-03	-5.65300e-01	1.53451e+01
110	1	126	0	2	3	4.41253e-03	-6.02997e-01	1.57554e+01
110	1	127	0	2	3	4.34053e-03	-6.08288e-01	1.60827e+01
110	1	128	0	2	3	4.55108e-03	-6.46287e-01	1.73954e+01
110	1	129	0	2	3	3.95396e-03	-6.06051e-01	1.67622e+01
110	1	130	0	2	3	4.32740e-03	-6.25714e-01	1.60734e+01
110	1	131	0	2	3	3.99210e-03	-5.82477e-01	1.55095e+01
110	1	132	0	2	3	6.65334e-03	-7.96618e-01	2.02792e+01
110	1	133	0	2	3	5.17712e-03	-6.67782e-01	1.68247e+01
110	1	134	0	2	3	4.88167e-03	-6.68808e-01	1.79217e+01
110	1	135	0	2	3	3.73431e-03	-5.63118e-01	1.53766e+01
110	1	136	0	2	3	2.48695e-03	-4.92210e-01	1.50063e+01
110	1	137	0	2	3	5.17090e-03	-6.79359e-01	1.77579e+01
110	1	138	0	2	3	4.77061e-03	-6.39029e-01	1.64566e+01
110	1	139	0	2	3	4.05175e-03	-5.89297e-01	1.60784e+01
110	1	140	0	2	3	4.32584e-03	-6.13879e-01	1.59357e+01
110	1	141	0	2	3	6.24447e-03	-7.43107e-01	1.80777e+01
110	1	142	0	2	3	5.82275e-03	-7.01909e-01	1.70131e+01
110	1	143	0	2	3	-1.13769e-02	5.50772e-01	-4.58659e+00
110	1	144	0	2	3	3.84603e-03	-5.81334e-01	1.66088e+01
110	1	145	0	2	3	6.02246e-03	-7.20679e-01	1.78378e+01
110	1	146	0	2	3	4.58412e-03	-6.46420e-01	1.69957e+01
110	1	147	0	2	3	4.63666e-03	-5.96832e-01	1.43394e+01
110	1	148	0	2	3	3.63558e-03	-5.50785e-01	1.41808e+01
110	1	149	0	2	3	1.12565e-02	-1.10606e+00	2.53625e+01
110	1	150	0	2	3	4.81730e-03	-6.55609e-01	1.75742e+01
110	1	151	0	2	3	4.18256e-03	-6.12446e-01	1.63311e+01
110	1	152	0	2	3	-8.44316e-03	3.75852e-01	-1.94827e+00
110	1	153	0	2	3	-4.87324e-03	7.06090e-02	4.61364e+00
110	1	154	0	2	3	2.84303e-03	-5.12393e-01	1.48309e+01
110	1	155	0	2	3	4.16266e-03	-5.99507e-01	1.47714e+01
110	1	156	0	2	3	-3.57802e-03	-9.26777e-03	5.18870e+00
110	1	157	0	2	3	4.92313e-03	-6.46282e-01	1.73485e+01
110	1	158	0	2	3	-1.59346e-02	9.50602e-01	-1.30597e+01
110	1	159	0	2	3	6.01626e-04	-3.63224e-01	1.32653e+01
