##
#  file: HodoPHCParam_Dummy
#  date: 2016.06.15
#  note: first version
#
#
#######################################################################
# CId	PlId	Seg	UorD	Type	nParam	p0	p1	...
#
#	Type=0 no correction will be performed
#	Type=1 ct=t-p[0]/sqrt(a-p[1])+p[2]
#	Type=2 ct=p[0]*a*a + p[1]*a + p[2] for Fiber
#
#######################################################################
# BH1 Up                                                              #
#######################################################################
1	0	0	0	1	3	5.08705e+00	-1.98362e+00	2.93454e+00
1	0	1	0	1	3	6.69706e-01	2.91546e-01	8.10244e-01
1	0	2	0	1	3	5.01779e-01	3.94271e-01	6.64278e-01
1	0	3	0	1	3	7.45330e-01	1.66754e-01	8.56036e-01
1	0	4	0	1	3	8.52890e-01	8.60054e-02	9.27134e-01
1	0	5	0	1	3	1.69981e+00	-1.50393e-01	1.62794e+00
1	0	6	0	1	3	1.58582e+00	-2.35346e-01	1.46587e+00
1	0	7	0	1	3	1.61970e+00	-1.46184e-01	1.54504e+00
1	0	8	0	1	3	1.37546e+00	-2.52696e-01	1.28233e+00
1	0	9	0	1	3	1.74814e+00	-2.76223e-01	1.64100e+00
1	0	10	0	1	3	1.60339e+01	-4.62629e+00	6.81205e+00
#######################################################################
# BH1 Down                                                            #
#######################################################################
1	0	0	1	1	3	1.33519e+00	-9.13138e-02	1.27257e+00
1	0	1	1	1	3	6.24909e-01	2.88647e-01	7.65429e-01
1	0	2	1	1	3	6.68954e-01	2.21542e-01	7.45264e-01
1	0	3	1	1	3	1.32364e+00	-4.57464e-01	1.08318e+00
1	0	4	1	1	3	1.18002e+00	-7.91080e-02	1.17008e+00
1	0	5	1	1	3	2.07299e+00	-4.79828e-01	1.70935e+00
1	0	6	1	1	3	1.96000e+00	-5.20196e-01	1.63958e+00
1	0	7	1	1	3	1.89852e+00	-4.50289e-01	1.60743e+00
1	0	8	1	1	3	1.02469e+00	-6.73213e-02	1.04734e+00
1	0	9	1	1	3	1.64894e+00	-1.85977e-01	1.61292e+00
1	0	10	1	1	3	7.15603e-01	2.22738e-01	8.54972e-01
#######################################################################
# BH2 Up                                                              #
#######################################################################
2	0	0	0	1	3	1.43047e-01	2.98695e-01	2.00085e-01
2	0	1	0	1	3	8.79554e-01	-2.31747e-01	7.85839e-01
2	0	2	0	1	3	5.94572e-01	-4.97541e-01	4.68956e-01
2	0	3	0	1	3	1.91725e-01	3.94747e-02	1.91115e-01
2	0	4	0	1	3	3.31184e-01	-9.38469e-02	3.15823e-01
2	0	5	0	1	3	1.99769e-01	2.70254e-01	2.37321e-01
2	0	6	0	1	3	2.58948e-01	2.41832e-01	3.10133e-01
2	0	7	0	1	3	3.50426e-01	8.80094e-02	3.70898e-01
#######################################################################
# BH2 Down                                                            #
#######################################################################
2	0	0	1	1	3	3.94607e-01	-1.85207e-01	3.84440e-01
2	0	1	1	1	3	9.92155e-01	-3.85817e-01	8.32122e-01
2	0	2	1	1	3	4.10986e-01	-9.27803e-02	3.90143e-01
2	0	3	1	1	3	1.76416e-01	4.84160e-02	1.75490e-01
2	0	4	1	1	3	2.42956e-01	1.23979e-01	2.64593e-01
2	0	5	1	1	3	3.57967e-01	4.32013e-02	3.63973e-01
2	0	6	1	1	3	1.22093e+00	-6.67168e-01	9.30075e-01
2	0	7	1	1	3	2.92156e-01	-4.36810e-03	2.98702e-01
#######################################################################
# BAC                                                                 #
#######################################################################
3	0	0	0	1	3	0.00000e+00	0.00000e+00	0.00000e+00
3	0	1	0	1	3	0.00000e+00	0.00000e+00	0.00000e+00
#######################################################################
# FBH Up                                                              #
#######################################################################
4	0	0	0	2	3	-5.62952e-03	8.96903e-01	-3.53273e+01
4	0	1	0	2	3	-4.29399e-03	7.37975e-01	-3.00049e+01
4	0	2	0	2	3	-5.26894e-03	8.67305e-01	-3.38992e+01
4	0	3	0	2	3	-3.80183e-03	6.69237e-01	-2.72260e+01
4	0	4	0	2	3	-4.35014e-03	7.35785e-01	-2.92008e+01
4	0	5	0	2	3	-4.02541e-03	6.86907e-01	-2.70312e+01
4	0	6	0	2	3	-4.16660e-03	7.08229e-01	-2.81512e+01
4	0	7	0	2	3	-3.93117e-03	6.84759e-01	-2.69101e+01
4	0	8	0	2	3	-4.14423e-03	6.96902e-01	-2.65883e+01
4	0	9	0	2	3	-2.83372e-03	5.62925e-01	-2.20787e+01
4	0	10	0	2	3	-4.07944e-03	7.09420e-01	-2.75603e+01
4	0	11	0	2	3	-3.50961e-03	6.50113e-01	-2.64167e+01
4	0	12	0	2	3	-3.52415e-03	6.49734e-01	-2.67232e+01
4	0	13	0	2	3	-4.13420e-03	7.26957e-01	-2.99675e+01
4	0	14	0	2	3	-4.90315e-03	8.27563e-01	-3.35630e+01
4	0	15	0	2	3	-4.73048e-03	8.13189e-01	-3.31901e+01
#######################################################################
# FBH Down                                                            #
#######################################################################
4	0	0	1	2	3	-5.62952e-03	8.96903e-01	-3.53273e+01
4	0	1	1	2	3	-4.29399e-03	7.37975e-01	-3.00049e+01
4	0	2	1	2	3	-5.26894e-03	8.67305e-01	-3.38992e+01
4	0	3	1	2	3	-3.80183e-03	6.69237e-01	-2.72260e+01
4	0	4	1	2	3	-4.35014e-03	7.35785e-01	-2.92008e+01
4	0	5	1	2	3	-4.02541e-03	6.86907e-01	-2.70312e+01
4	0	6	1	2	3	-4.16660e-03	7.08229e-01	-2.81512e+01
4	0	7	1	2	3	-3.93117e-03	6.84759e-01	-2.69101e+01
4	0	8	1	2	3	-4.14423e-03	6.96902e-01	-2.65883e+01
4	0	9	1	2	3	-2.83372e-03	5.62925e-01	-2.20787e+01
4	0	10	1	2	3	-4.07944e-03	7.09420e-01	-2.75603e+01
4	0	11	1	2	3	-3.50961e-03	6.50113e-01	-2.64167e+01
4	0	12	1	2	3	-3.52415e-03	6.49734e-01	-2.67232e+01
4	0	13	1	2	3	-4.13420e-03	7.26957e-01	-2.99675e+01
4	0	14	1	2	3	-4.90315e-03	8.27563e-01	-3.35630e+01
4	0	15	1	2	3	-4.73048e-03	8.13189e-01	-3.31901e+01
#######################################################################
# PVAC                                                                #
#######################################################################
5	0	0	0	1	3	0.00000e+00	0.00000e+00	0.00000e+00
#######################################################################
# FAC                                                                 #
#######################################################################
6	0	0	0	1	3	0.00000e+00	0.00000e+00	0.00000e+00
#######################################################################
# SCH                                                                 #
#######################################################################
#7	0	0	0	2	3	-0.00500000	0.821213	-32.185321
#7	0	1	0	2	3	-0.00500000	0.830248	-32.269563
#7	0	2	0	2	3	-0.00500000	0.793073	-29.315934
#7	0	3	0	2	3	-0.00500000	0.772144	-28.276705
#7	0	4	0	2	3	-0.00500000	0.801968	-30.687167
#7	0	5	0	2	3	-0.00500000	0.778300	-28.439251
#7	0	6	0	2	3	-0.00500000	0.765872	-27.918181
#7	0	7	0	2	3	-0.00500000	0.738459	-26.016797
#7	0	8	0	2	3	-0.00500000	0.778318	-28.676371
#7	0	9	0	2	3	-0.00500000	0.776670	-28.892887
#7	0	10	0	2	3	-0.00500000	0.764278	-28.122474
#7	0	11	0	2	3	-0.00500000	0.790742	-29.423647
#7	0	12	0	2	3	-0.00500000	0.811330	-30.487019
#7	0	13	0	2	3	-0.00500000	0.818750	-30.891512
#7	0	14	0	2	3	-0.00500000	0.802541	-30.009136
#7	0	15	0	2	3	-0.00500000	0.809525	-30.751746
#7	0	16	0	2	3	-0.00500000	0.802597	-30.845509
#7	0	17	0	2	3	-0.00500000	0.835028	-32.780792
#7	0	18	0	2	3	-0.00500000	0.859176	-33.938731
#7	0	19	0	2	3	-0.00500000	0.814851	-31.445396
#7	0	20	0	2	3	-0.00500000	0.809426	-30.781087
#7	0	21	0	2	3	-0.00500000	0.780678	-28.888756
#7	0	22	0	2	3	-0.00500000	0.808206	-30.719604
#7	0	23	0	2	3	-0.00500000	0.774024	-27.858339
#7	0	24	0	2	3	-0.00500000	0.794308	-29.022101
#7	0	25	0	2	3	-0.00500000	0.775649	-27.980186
#7	0	26	0	2	3	-0.00500000	0.788483	-28.687567
#7	0	27	0	2	3	-0.00466315	0.771386	-29.253260
#7	0	28	0	2	3	-0.00483132	0.790854	-28.637741
#7	0	29	0	2	3	-0.00497049	0.812994	-30.786914
#7	0	30	0	2	3	-0.00500000	0.787793	-28.362716
#7	0	31	0	2	3	-0.00500000	0.790759	-28.876812
#7	0	32	0	2	3	-0.00500000	0.824826	-31.655285
#7	0	33	0	2	3	-0.00500000	0.845304	-33.407765
#7	0	34	0	2	3	-0.00500000	0.832263	-32.939799
#7	0	35	0	2	3	-0.00500000	0.820631	-31.695372
#7	0	36	0	2	3	-0.00500000	0.836997	-33.200590
#7	0	37	0	2	3	-0.00500000	0.819690	-32.097193
#7	0	38	0	2	3	-0.00500000	0.808109	-31.263214
#7	0	39	0	2	3	-0.00500000	0.815224	-31.135523
#7	0	40	0	2	3	-0.00500000	0.803398	-29.897923
#7	0	41	0	2	3	-0.00500000	0.815685	-31.165519
#7	0	42	0	2	3	-0.00500000	0.812980	-30.737261
#7	0	43	0	2	3	-0.00500000	0.829418	-32.693307
#7	0	44	0	2	3	-0.00500000	0.789530	-29.464920
#7	0	45	0	2	3	-0.00500000	0.804789	-31.208151
#7	0	46	0	2	3	-0.00500000	0.830106	-32.806514
#7	0	47	0	2	3	-0.00500000	0.819206	-31.373242
#7	0	48	0	2	3	-0.00500000	0.816165	-31.709319
#7	0	49	0	2	3	-0.00500000	0.798496	-30.201709
#7	0	50	0	2	3	-0.00500000	0.812167	-31.795745
#7	0	51	0	2	3	-0.00500000	0.810749	-31.375226
#7	0	52	0	2	3	-0.00500000	0.803385	-31.372512
#7	0	53	0	2	3	-0.00500000	0.777405	-29.262831
#7	0	54	0	2	3	-0.00500000	0.783954	-29.763410
#7	0	55	0	2	3	-0.00500000	0.789443	-29.976449
#7	0	56	0	2	3	-0.00500000	0.838828	-33.261086
#7	0	57	0	2	3	-0.00500000	0.804421	-30.573195
#7	0	58	0	2	3	-0.00500000	0.773283	-29.111048
#7	0	59	0	2	3	-0.00500000	0.811789	-31.449459
#7	0	60	0	2	3	-0.00500000	0.759724	-28.110014
#7	0	61	0	2	3	-0.00500000	0.810884	-31.379063
#7	0	62	0	2	3	-0.00500000	0.771910	-28.435006
#7	0	63	0	2	3	-0.00500000	0.796658	-30.511906
#######################################################################
# TOF Up                                                              #
#######################################################################
7	0	0	0	1	3	5.24830e+00	-1.96630e+00	2.96170e+00
7	0	1	0	1	3	5.24830e+00	-1.96630e+00	2.96170e+00
7	0	2	0	1	3	5.24830e+00	-1.96630e+00	2.96170e+00
7	0	3	0	1	3	5.24830e+00	-1.96630e+00	2.96170e+00
7	0	4	0	1	3	5.24830e+00	-1.96630e+00	2.96170e+00
7	0	5	0	1	3	5.24830e+00	-1.96630e+00	2.96170e+00
7	0	6	0	1	3	6.97090e+00	-3.03520e+00	3.39910e+00
7	0	7	0	1	3	4.05450e+00	-1.96150e+00	2.30360e+00
7	0	8	0	1	3	1.16940e+02	-2.98600e+01	2.09880e+01
7	0	9	0	1	3	5.24830e+00	-1.96630e+00	2.96170e+00
7	0	10	0	1	3	5.24830e+00	-1.96630e+00	2.96170e+00
7	0	11	0	1	3	5.24830e+00	-1.96630e+00	2.96170e+00
7	0	12	0	1	3	5.24830e+00	-1.96630e+00	2.96170e+00
7	0	13	0	1	3	5.24830e+00	-1.96630e+00	2.96170e+00
7	0	14	0	1	3	5.24830e+00	-1.96630e+00	2.96170e+00
7	0	15	0	1	3	5.24830e+00	-1.96630e+00	2.96170e+00
7	0	16	0	1	3	5.24830e+00	-1.96630e+00	2.96170e+00
7	0	17	0	1	3	5.24830e+00	-1.96630e+00	2.96170e+00
7	0	18	0	1	3	5.24830e+00	-1.96630e+00	2.96170e+00
7	0	19	0	1	3	7.11491e-01	1.85180e-03	5.82402e-01
7	0	20	0	1	3	5.59404e-01	-1.73810e-03	4.50716e-01
7	0	21	0	1	3	8.92499e-01	1.99900e-03	7.37364e-01
7	0	22	0	1	3	6.37553e-01	1.99960e-03	5.45449e-01
7	0	23	0	1	3	1.19210e+00	1.98920e-03	9.99994e-01
#######################################################################
# TOF Down                                                            #
#######################################################################
7	0	0	1	1	3	5.84300e+00	-2.30730e+00	3.11320e+00
7	0	1	1	1	3	5.84300e+00	-2.30730e+00	3.11320e+00
7	0	2	1	1	3	5.84300e+00	-2.30730e+00	3.11320e+00
7	0	3	1	1	3	5.84300e+00	-2.30730e+00	3.11320e+00
7	0	4	1	1	3	5.84300e+00	-2.30730e+00	3.11320e+00
7	0	5	1	1	3	5.84300e+00	-2.30730e+00	3.11320e+00
7	0	6	1	1	3	1.41330e+01	-5.81170e+00	5.32680e+00
7	0	7	1	1	3	7.84850e+01	-2.02870e+01	1.69500e+01
7	0	8	1	1	3	2.20240e+02	-3.62440e+01	3.60080e+01
7	0	9	1	1	3	5.84300e+00	-2.30730e+00	3.11320e+00
7	0	10	1	1	3	5.84300e+00	-2.30730e+00	3.11320e+00
7	0	11	1	1	3	5.84300e+00	-2.30730e+00	3.11320e+00
7	0	12	1	1	3	5.84300e+00	-2.30730e+00	3.11320e+00
7	0	13	1	1	3	5.84300e+00	-2.30730e+00	3.11320e+00
7	0	14	1	1	3	5.84300e+00	-2.30730e+00	3.11320e+00
7	0	15	1	1	3	5.84300e+00	-2.30730e+00	3.11320e+00
7	0	16	1	1	3	5.84300e+00	-2.30730e+00	3.11320e+00
7	0	17	1	1	3	5.84300e+00	-2.30730e+00	3.11320e+00
7	0	18	1	1	3	5.84300e+00	-2.30730e+00	3.11320e+00
7	0	19	1	1	3	6.18741e-01	1.99860e-03	4.90831e-01
7	0	20	1	1	3	5.75901e-01	1.04210e-03	4.72509e-01
7	0	21	1	1	3	9.41046e-01	1.99890e-03	7.79357e-01
7	0	22	1	1	3	4.84266e-01	-1.95590e-03	3.99786e-01
7	0	23	1	1	3	8.97714e-01	1.99860e-03	7.56300e-01
#######################################################################
# BFT U                                                               #
#######################################################################
110	0	0	0	2	3	4.17805e-03	-6.04613e-01	1.58525e+01
110	0	1	0	2	3	3.01045e-03	-4.94496e-01	1.34606e+01
110	0	2	0	2	3	4.03199e-03	-5.75835e-01	1.48331e+01
110	0	3	0	2	3	3.56871e-03	-5.42445e-01	1.33383e+01
110	0	4	0	2	3	4.20296e-03	-5.84856e-01	1.53060e+01
110	0	5	0	2	3	3.09120e-03	-4.89599e-01	1.37419e+01
110	0	6	0	2	3	4.00610e-03	-5.79326e-01	1.45763e+01
110	0	7	0	2	3	4.90689e-03	-6.35091e-01	1.62858e+01
110	0	8	0	2	3	3.22122e-03	-5.20201e-01	1.37143e+01
110	0	9	0	2	3	3.81753e-03	-5.47963e-01	1.53822e+01
110	0	10	0	2	3	4.26304e-03	-5.91361e-01	1.41166e+01
110	0	11	0	2	3	4.04004e-03	-5.63586e-01	1.57093e+01
110	0	12	0	2	3	3.44924e-03	-5.38831e-01	1.36013e+01
110	0	13	0	2	3	3.93437e-03	-5.64374e-01	1.58236e+01
110	0	14	0	2	3	3.90755e-03	-5.66054e-01	1.38328e+01
110	0	15	0	2	3	4.04812e-03	-5.70764e-01	1.59223e+01
110	0	16	0	2	3	4.16366e-03	-5.76564e-01	1.38131e+01
110	0	17	0	2	3	4.68796e-03	-6.20706e-01	1.64993e+01
110	0	18	0	2	3	3.94484e-03	-5.73388e-01	1.38958e+01
110	0	19	0	2	3	4.10406e-03	-5.81229e-01	1.38425e+01
110	0	20	0	2	3	3.64340e-03	-5.45346e-01	1.38458e+01
110	0	21	0	2	3	3.89543e-03	-5.59353e-01	1.66391e+01
110	0	22	0	2	3	4.52038e-03	-6.11002e-01	1.48873e+01
110	0	23	0	2	3	5.24442e-03	-6.51587e-01	1.69390e+01
110	0	24	0	2	3	4.21308e-03	-5.83042e-01	1.47730e+01
110	0	25	0	2	3	4.16566e-03	-5.70166e-01	1.59630e+01
110	0	26	0	2	3	4.47949e-03	-6.11303e-01	1.60135e+01
110	0	27	0	2	3	4.76900e-03	-6.09770e-01	1.59735e+01
110	0	28	0	2	3	3.56014e-03	-5.40758e-01	1.22497e+01
110	0	29	0	2	3	3.65545e-03	-5.36094e-01	1.43881e+01
110	0	30	0	2	3	4.13241e-03	-5.85682e-01	1.43663e+01
110	0	31	0	2	3	4.07431e-03	-5.72872e-01	1.55884e+01
110	0	32	0	2	3	3.84343e-03	-5.69672e-01	1.44541e+01
110	0	33	0	2	3	4.48978e-03	-5.81934e-01	1.38970e+01
110	0	34	0	2	3	4.06324e-03	-5.78338e-01	1.42496e+01
110	0	35	0	2	3	4.79980e-03	-6.31060e-01	1.66336e+01
110	0	36	0	2	3	3.83150e-03	-5.49804e-01	1.35106e+01
110	0	37	0	2	3	4.14097e-03	-5.82178e-01	1.66955e+01
110	0	38	0	2	3	4.34774e-03	-5.91302e-01	1.38025e+01
110	0	39	0	2	3	4.51035e-03	-6.02328e-01	1.57221e+01
110	0	40	0	2	3	3.99181e-03	-5.62197e-01	1.36389e+01
110	0	41	0	2	3	4.03096e-03	-5.63198e-01	1.60359e+01
110	0	42	0	2	3	4.24833e-03	-5.86016e-01	1.46997e+01
110	0	43	0	2	3	4.40353e-03	-6.05278e-01	1.65778e+01
110	0	44	0	2	3	3.90354e-03	-5.68648e-01	1.40604e+01
110	0	45	0	2	3	3.99761e-03	-5.60823e-01	1.55649e+01
110	0	46	0	2	3	4.44237e-03	-6.15324e-01	1.51305e+01
110	0	47	0	2	3	5.06676e-03	-6.54626e-01	1.85202e+01
110	0	48	0	2	3	3.68722e-03	-5.44830e-01	1.25087e+01
110	0	49	0	2	3	4.53147e-03	-6.03107e-01	1.68158e+01
110	0	50	0	2	3	4.61734e-03	-6.16677e-01	1.52510e+01
110	0	51	0	2	3	4.48405e-03	-6.04200e-01	1.57956e+01
110	0	52	0	2	3	3.76534e-03	-5.48537e-01	1.31226e+01
110	0	53	0	2	3	4.40503e-03	-5.92371e-01	1.53876e+01
110	0	54	0	2	3	4.43130e-03	-6.03424e-01	1.46069e+01
110	0	55	0	2	3	4.86315e-03	-6.30036e-01	1.71163e+01
110	0	56	0	2	3	4.13125e-03	-5.92488e-01	1.54515e+01
110	0	57	0	2	3	4.49851e-03	-6.01636e-01	1.62342e+01
110	0	58	0	2	3	3.83359e-03	-5.64769e-01	1.50379e+01
110	0	59	0	2	3	4.44108e-03	-6.16277e-01	1.69638e+01
110	0	60	0	2	3	3.92877e-03	-5.71736e-01	1.37148e+01
110	0	61	0	2	3	3.48977e-03	-5.29834e-01	1.46848e+01
110	0	62	0	2	3	4.49960e-03	-6.08635e-01	1.46014e+01
110	0	63	0	2	3	4.13283e-03	-5.81616e-01	1.45756e+01
110	0	64	0	2	3	3.97784e-03	-5.76200e-01	1.44225e+01
110	0	65	0	2	3	3.99935e-03	-5.73457e-01	1.55030e+01
110	0	66	0	2	3	4.38308e-03	-6.16950e-01	1.64484e+01
110	0	67	0	2	3	3.94929e-03	-5.71012e-01	1.56174e+01
110	0	68	0	2	3	3.88768e-03	-5.79676e-01	1.50770e+01
110	0	69	0	2	3	4.10494e-03	-5.75241e-01	1.49875e+01
110	0	70	0	2	3	4.50182e-03	-6.30176e-01	1.49880e+01
110	0	71	0	2	3	4.35637e-03	-6.03286e-01	1.59860e+01
110	0	72	0	2	3	4.04866e-03	-5.85350e-01	1.39292e+01
110	0	73	0	2	3	4.29150e-03	-5.97500e-01	1.52485e+01
110	0	74	0	2	3	4.74865e-03	-6.40852e-01	1.60105e+01
110	0	75	0	2	3	4.26884e-03	-5.91198e-01	1.53610e+01
110	0	76	0	2	3	3.54388e-03	-5.44723e-01	1.33114e+01
110	0	77	0	2	3	3.90156e-03	-5.67415e-01	1.53007e+01
110	0	78	0	2	3	4.55423e-03	-6.25788e-01	1.50672e+01
110	0	79	0	2	3	4.60046e-03	-6.13701e-01	1.56761e+01
110	0	80	0	2	3	4.24451e-03	-5.95007e-01	1.52334e+01
110	0	81	0	2	3	4.14823e-03	-5.75192e-01	1.49958e+01
110	0	82	0	2	3	4.30945e-03	-5.95409e-01	1.47261e+01
110	0	83	0	2	3	4.58883e-03	-6.18383e-01	1.57004e+01
110	0	84	0	2	3	3.96529e-03	-5.74469e-01	1.43281e+01
110	0	85	0	2	3	3.95013e-03	-5.67938e-01	1.52679e+01
110	0	86	0	2	3	4.58672e-03	-6.34694e-01	1.52974e+01
110	0	87	0	2	3	4.46263e-03	-6.14456e-01	1.63963e+01
110	0	88	0	2	3	4.05107e-03	-5.75395e-01	1.46447e+01
110	0	89	0	2	3	4.47659e-03	-6.08209e-01	1.55717e+01
110	0	90	0	2	3	4.59380e-03	-6.22086e-01	1.46773e+01
110	0	91	0	2	3	4.54813e-03	-6.22040e-01	1.54538e+01
110	0	92	0	2	3	3.92373e-03	-5.82526e-01	1.48616e+01
110	0	93	0	2	3	3.97464e-03	-5.70747e-01	1.46406e+01
110	0	94	0	2	3	4.38475e-03	-6.27953e-01	1.67361e+01
110	0	95	0	2	3	4.32139e-03	-6.03839e-01	1.59367e+01
110	0	96	0	2	3	4.25397e-03	-6.06103e-01	1.49190e+01
110	0	97	0	2	3	3.99354e-03	-5.73929e-01	1.54836e+01
110	0	98	0	2	3	4.39837e-03	-6.20981e-01	1.51992e+01
110	0	99	0	2	3	4.35852e-03	-5.98171e-01	1.55756e+01
110	0	100	0	2	3	3.77607e-03	-5.67391e-01	1.47582e+01
110	0	101	0	2	3	3.94012e-03	-5.69348e-01	1.52907e+01
110	0	102	0	2	3	4.43401e-03	-6.13956e-01	1.57625e+01
110	0	103	0	2	3	4.22077e-03	-5.95452e-01	1.53897e+01
110	0	104	0	2	3	3.75231e-03	-5.67131e-01	1.38867e+01
110	0	105	0	2	3	4.21544e-03	-5.87837e-01	1.50583e+01
110	0	106	0	2	3	4.63757e-03	-6.31301e-01	1.60855e+01
110	0	107	0	2	3	4.76626e-03	-6.28213e-01	1.53046e+01
110	0	108	0	2	3	3.91525e-03	-5.76858e-01	1.48411e+01
110	0	109	0	2	3	4.39929e-03	-6.05811e-01	1.53558e+01
110	0	110	0	2	3	4.12885e-03	-5.91734e-01	1.50838e+01
110	0	111	0	2	3	5.46907e-03	-6.88180e-01	1.68983e+01
110	0	112	0	2	3	3.87109e-03	-5.65474e-01	1.33319e+01
110	0	113	0	2	3	4.19074e-03	-5.88505e-01	1.49850e+01
110	0	114	0	2	3	4.70879e-03	-6.35185e-01	1.59933e+01
110	0	115	0	2	3	4.14196e-03	-5.82621e-01	1.48170e+01
110	0	116	0	2	3	4.34653e-03	-6.11829e-01	1.51561e+01
110	0	117	0	2	3	4.59305e-03	-6.16105e-01	1.64038e+01
110	0	118	0	2	3	4.54516e-03	-6.29647e-01	1.61890e+01
110	0	119	0	2	3	4.80690e-03	-6.22273e-01	1.45177e+01
110	0	120	0	2	3	4.32445e-03	-6.10939e-01	1.52300e+01
110	0	121	0	2	3	4.29852e-03	-5.87113e-01	1.34647e+01
110	0	122	0	2	3	3.60838e-03	-5.59151e-01	1.54902e+01
110	0	123	0	2	3	4.80549e-03	-6.28589e-01	1.59040e+01
110	0	124	0	2	3	3.87585e-03	-5.68350e-01	1.48974e+01
110	0	125	0	2	3	4.13151e-03	-5.63014e-01	1.22738e+01
110	0	126	0	2	3	5.20324e-03	-6.66162e-01	1.60719e+01
110	0	127	0	2	3	3.46591e-03	-5.29385e-01	1.38351e+01
110	0	128	0	2	3	3.92241e-03	-6.02429e-01	1.61778e+01
110	0	129	0	2	3	3.91706e-03	-6.02457e-01	1.60239e+01
110	0	130	0	2	3	3.03876e-03	-5.28831e-01	1.47574e+01
110	0	131	0	2	3	1.93780e-03	-4.32097e-01	1.26882e+01
110	0	132	0	2	3	-4.27898e-04	-2.55723e-01	9.79864e+00
110	0	133	0	2	3	2.36430e-03	-4.63816e-01	1.33931e+01
110	0	134	0	2	3	3.77281e-03	-5.90797e-01	1.58508e+01
110	0	135	0	2	3	2.42267e-03	-4.74469e-01	1.29068e+01
110	0	136	0	2	3	3.42156e-03	-5.58010e-01	1.45891e+01
110	0	137	0	2	3	4.27752e-03	-6.18392e-01	1.67594e+01
110	0	138	0	2	3	-5.74841e-03	1.40267e-01	2.26496e+00
110	0	139	0	2	3	2.31349e-03	-4.76726e-01	1.26378e+01
110	0	140	0	2	3	5.58066e-03	-7.14111e-01	1.85136e+01
110	0	141	0	2	3	2.05146e-03	-4.59617e-01	1.27543e+01
110	0	142	0	2	3	3.75594e-03	-5.86276e-01	1.56603e+01
110	0	143	0	2	3	4.32651e-03	-6.06093e-01	1.53159e+01
110	0	144	0	2	3	2.89491e-03	-5.15592e-01	1.34214e+01
110	0	145	0	2	3	3.53795e-03	-5.29318e-01	1.30179e+01
110	0	146	0	2	3	6.02717e-03	-7.27448e-01	1.77026e+01
110	0	147	0	2	3	3.14356e-03	-5.01073e-01	1.37545e+01
110	0	148	0	2	3	2.62150e-03	-5.09094e-01	1.38052e+01
110	0	149	0	2	3	3.49254e-03	-5.49225e-01	1.49329e+01
110	0	150	0	2	3	7.36819e-03	-8.42017e-01	2.04736e+01
110	0	151	0	2	3	3.30264e-03	-5.36990e-01	1.46218e+01
110	0	152	0	2	3	-2.18030e-03	-1.28263e-01	7.66695e+00
110	0	153	0	2	3	4.91107e-03	-6.66547e-01	1.73796e+01
110	0	154	0	2	3	2.96582e-03	-5.53457e-01	1.51251e+01
110	0	155	0	2	3	9.93085e-03	-1.02408e+00	2.18355e+01
110	0	156	0	2	3	1.06661e-03	-4.04635e-01	1.30026e+01
110	0	157	0	2	3	-1.16306e-03	-2.05398e-01	8.78018e+00
110	0	158	0	2	3	-3.67738e-03	-1.19926e-02	4.48129e+00
110	0	159	0	2	3	8.68924e-04	-3.87165e-01	1.24264e+01
#######################################################################
# BFT D                                                               #
#######################################################################
110	1	0	0	2	3	2.60796e-03	-4.94885e-01	1.55249e+01
110	1	1	0	2	3	2.42479e-03	-4.52380e-01	1.36857e+01
110	1	2	0	2	3	2.61388e-03	-4.90534e-01	1.43234e+01
110	1	3	0	2	3	3.40130e-03	-5.47005e-01	1.63295e+01
110	1	4	0	2	3	2.81379e-03	-4.89732e-01	1.40605e+01
110	1	5	0	2	3	2.73302e-03	-4.86257e-01	1.50608e+01
110	1	6	0	2	3	3.76769e-03	-5.68045e-01	1.44638e+01
110	1	7	0	2	3	3.73928e-03	-5.56364e-01	1.57206e+01
110	1	8	0	2	3	3.26494e-03	-5.27499e-01	1.51022e+01
110	1	9	0	2	3	3.43056e-03	-5.43476e-01	1.70697e+01
110	1	10	0	2	3	4.07281e-03	-5.92358e-01	1.61785e+01
110	1	11	0	2	3	3.48775e-03	-5.39621e-01	1.52744e+01
110	1	12	0	2	3	3.00561e-03	-5.20606e-01	1.42782e+01
110	1	13	0	2	3	3.45253e-03	-5.40148e-01	1.60661e+01
110	1	14	0	2	3	4.41347e-03	-6.22403e-01	1.58494e+01
110	1	15	0	2	3	2.63044e-03	-4.76870e-01	1.47808e+01
110	1	16	0	2	3	3.14530e-03	-5.24139e-01	1.43211e+01
110	1	17	0	2	3	4.07669e-03	-5.79464e-01	1.58261e+01
110	1	18	0	2	3	4.31356e-03	-6.07361e-01	1.51946e+01
110	1	19	0	2	3	4.55472e-03	-6.21452e-01	1.70642e+01
110	1	20	0	2	3	3.19345e-03	-5.34070e-01	1.49194e+01
110	1	21	0	2	3	1.07564e-03	-3.62052e-01	1.32886e+01
110	1	22	0	2	3	4.22800e-03	-5.89503e-01	1.52220e+01
110	1	23	0	2	3	3.38929e-03	-5.22561e-01	1.53090e+01
110	1	24	0	2	3	4.11278e-03	-5.89080e-01	1.62667e+01
110	1	25	0	2	3	3.57555e-03	-5.46932e-01	1.60367e+01
110	1	26	0	2	3	4.44641e-03	-6.15265e-01	1.56325e+01
110	1	27	0	2	3	3.93254e-03	-5.75424e-01	1.73219e+01
110	1	28	0	2	3	3.60469e-03	-5.60662e-01	1.58097e+01
110	1	29	0	2	3	4.08493e-03	-5.76860e-01	1.65827e+01
110	1	30	0	2	3	4.44197e-03	-6.11205e-01	1.58106e+01
110	1	31	0	2	3	4.23470e-03	-5.99427e-01	1.72432e+01
110	1	32	0	2	3	3.97288e-03	-5.86028e-01	1.67298e+01
110	1	33	0	2	3	3.21569e-03	-5.29585e-01	1.48980e+01
110	1	34	0	2	3	4.38711e-03	-6.01905e-01	1.51627e+01
110	1	35	0	2	3	4.39893e-03	-6.17565e-01	1.76463e+01
110	1	36	0	2	3	3.66509e-03	-5.54376e-01	1.56341e+01
110	1	37	0	2	3	3.69767e-03	-5.50850e-01	1.43534e+01
110	1	38	0	2	3	4.14529e-03	-5.91434e-01	1.64881e+01
110	1	39	0	2	3	4.33996e-03	-5.98800e-01	1.62418e+01
110	1	40	0	2	3	4.19234e-03	-5.87313e-01	1.49991e+01
110	1	41	0	2	3	4.03533e-03	-5.73108e-01	1.61281e+01
110	1	42	0	2	3	3.87323e-03	-5.63753e-01	1.51145e+01
110	1	43	0	2	3	4.22013e-03	-5.90413e-01	1.72576e+01
110	1	44	0	2	3	3.79052e-03	-5.68727e-01	1.48958e+01
110	1	45	0	2	3	3.63618e-03	-5.50815e-01	1.60502e+01
110	1	46	0	2	3	4.07235e-03	-5.89919e-01	1.52524e+01
110	1	47	0	2	3	4.20909e-03	-6.08601e-01	1.80336e+01
110	1	48	0	2	3	3.87498e-03	-5.68489e-01	1.55022e+01
110	1	49	0	2	3	3.84287e-03	-5.60111e-01	1.63983e+01
110	1	50	0	2	3	3.94723e-03	-5.78768e-01	1.47224e+01
110	1	51	0	2	3	4.12751e-03	-5.88149e-01	1.66662e+01
110	1	52	0	2	3	4.15514e-03	-5.99499e-01	1.53588e+01
110	1	53	0	2	3	3.47326e-03	-5.40183e-01	1.61027e+01
110	1	54	0	2	3	4.44693e-03	-6.19128e-01	1.66400e+01
110	1	55	0	2	3	3.94065e-03	-5.73106e-01	1.64565e+01
110	1	56	0	2	3	3.92693e-03	-5.88574e-01	1.52614e+01
110	1	57	0	2	3	4.09006e-03	-5.86134e-01	1.64464e+01
110	1	58	0	2	3	4.15853e-03	-6.07833e-01	1.75252e+01
110	1	59	0	2	3	4.54590e-03	-6.28699e-01	1.85234e+01
110	1	60	0	2	3	4.01838e-03	-5.87016e-01	1.59237e+01
110	1	61	0	2	3	4.31248e-03	-5.87470e-01	1.58999e+01
110	1	62	0	2	3	3.97270e-03	-5.78724e-01	1.46729e+01
110	1	63	0	2	3	3.91237e-03	-5.72334e-01	1.64758e+01
110	1	64	0	2	3	4.05876e-03	-5.90479e-01	1.63202e+01
110	1	65	0	2	3	4.01501e-03	-5.82537e-01	1.60263e+01
110	1	66	0	2	3	4.78317e-03	-6.46552e-01	1.60067e+01
110	1	67	0	2	3	4.50402e-03	-6.19464e-01	1.57746e+01
110	1	68	0	2	3	3.37748e-03	-5.31643e-01	1.36577e+01
110	1	69	0	2	3	4.27982e-03	-5.97477e-01	1.62705e+01
110	1	70	0	2	3	4.29635e-03	-6.07456e-01	1.64259e+01
110	1	71	0	2	3	4.31760e-03	-6.10359e-01	1.68171e+01
110	1	72	0	2	3	3.91283e-03	-5.74027e-01	1.52904e+01
110	1	73	0	2	3	4.19286e-03	-6.01478e-01	1.71911e+01
110	1	74	0	2	3	4.32272e-03	-6.03113e-01	1.49525e+01
110	1	75	0	2	3	4.47467e-03	-6.19251e-01	1.63668e+01
110	1	76	0	2	3	3.51318e-03	-5.46938e-01	1.46659e+01
110	1	77	0	2	3	4.14315e-03	-5.96798e-01	1.60138e+01
110	1	78	0	2	3	4.43988e-03	-6.19214e-01	1.53257e+01
110	1	79	0	2	3	4.21409e-03	-5.95719e-01	1.58239e+01
110	1	80	0	2	3	4.02298e-03	-5.78903e-01	1.50566e+01
110	1	81	0	2	3	4.11408e-03	-5.83270e-01	1.48612e+01
110	1	82	0	2	3	4.54516e-03	-6.23345e-01	1.68254e+01
110	1	83	0	2	3	4.12706e-03	-5.77660e-01	1.50431e+01
110	1	84	0	2	3	3.66423e-03	-5.46372e-01	1.39494e+01
110	1	85	0	2	3	3.84558e-03	-5.66730e-01	1.48966e+01
110	1	86	0	2	3	4.42545e-03	-6.16342e-01	1.64782e+01
110	1	87	0	2	3	4.27299e-03	-5.89511e-01	1.39704e+01
110	1	88	0	2	3	3.97322e-03	-5.80051e-01	1.55529e+01
110	1	89	0	2	3	4.27845e-03	-6.00424e-01	1.51348e+01
110	1	90	0	2	3	3.84854e-03	-5.71591e-01	1.45424e+01
110	1	91	0	2	3	3.81732e-03	-5.66260e-01	1.54438e+01
110	1	92	0	2	3	4.06414e-03	-5.78923e-01	1.50213e+01
110	1	93	0	2	3	3.92523e-03	-5.71617e-01	1.51297e+01
110	1	94	0	2	3	3.90087e-03	-5.79795e-01	1.59052e+01
110	1	95	0	2	3	4.09739e-03	-5.91772e-01	1.52543e+01
110	1	96	0	2	3	3.70932e-03	-5.56262e-01	1.43329e+01
110	1	97	0	2	3	3.76208e-03	-5.62416e-01	1.54477e+01
110	1	98	0	2	3	4.09950e-03	-6.08601e-01	1.67635e+01
110	1	99	0	2	3	4.01601e-03	-5.78937e-01	1.50190e+01
110	1	100	0	2	3	3.68363e-03	-5.45169e-01	1.46387e+01
110	1	101	0	2	3	3.69784e-03	-5.54077e-01	1.51091e+01
110	1	102	0	2	3	4.62676e-03	-6.36404e-01	1.63500e+01
110	1	103	0	2	3	4.54710e-03	-6.17394e-01	1.56192e+01
110	1	104	0	2	3	3.98991e-03	-5.79576e-01	1.52834e+01
110	1	105	0	2	3	3.87465e-03	-5.69384e-01	1.51726e+01
110	1	106	0	2	3	4.33641e-03	-6.12460e-01	1.66879e+01
110	1	107	0	2	3	5.00266e-03	-6.49345e-01	1.63075e+01
110	1	108	0	2	3	3.82604e-03	-5.69349e-01	1.58527e+01
110	1	109	0	2	3	3.64638e-03	-5.57517e-01	1.55856e+01
110	1	110	0	2	3	4.01428e-03	-5.88762e-01	1.54901e+01
110	1	111	0	2	3	4.39004e-03	-6.18023e-01	1.72014e+01
110	1	112	0	2	3	4.20934e-03	-5.97800e-01	1.54561e+01
110	1	113	0	2	3	4.41078e-03	-6.06788e-01	1.58709e+01
110	1	114	0	2	3	4.04694e-03	-5.88460e-01	1.50538e+01
110	1	115	0	2	3	4.83461e-03	-6.35705e-01	1.60309e+01
110	1	116	0	2	3	3.91292e-03	-5.79772e-01	1.53534e+01
110	1	117	0	2	3	4.00112e-03	-5.84097e-01	1.55524e+01
110	1	118	0	2	3	4.64182e-03	-6.28721e-01	1.52529e+01
110	1	119	0	2	3	4.14572e-03	-5.86838e-01	1.55721e+01
110	1	120	0	2	3	3.77994e-03	-5.61803e-01	1.45968e+01
110	1	121	0	2	3	4.03867e-03	-5.78997e-01	1.51285e+01
110	1	122	0	2	3	4.62235e-03	-6.40270e-01	1.75875e+01
110	1	123	0	2	3	4.01133e-03	-5.95188e-01	1.71720e+01
110	1	124	0	2	3	4.55104e-03	-6.03617e-01	1.47680e+01
110	1	125	0	2	3	3.25947e-03	-5.31541e-01	1.46958e+01
110	1	126	0	2	3	4.63287e-03	-6.29975e-01	1.62652e+01
110	1	127	0	2	3	4.31354e-03	-5.93705e-01	1.53722e+01
110	1	128	0	2	3	3.63254e-03	-5.76875e-01	1.59390e+01
110	1	129	0	2	3	3.89288e-03	-6.01668e-01	1.64760e+01
110	1	130	0	2	3	4.01723e-03	-6.02279e-01	1.55022e+01
110	1	131	0	2	3	4.20931e-03	-6.02866e-01	1.57467e+01
110	1	132	0	2	3	3.54737e-03	-5.72498e-01	1.61027e+01
110	1	133	0	2	3	1.12779e-03	-3.84140e-01	1.17608e+01
110	1	134	0	2	3	3.49041e-03	-5.61297e-01	1.56944e+01
110	1	135	0	2	3	4.01679e-03	-5.87365e-01	1.57517e+01
110	1	136	0	2	3	3.90334e-03	-6.07117e-01	1.70970e+01
110	1	137	0	2	3	4.14140e-03	-6.03998e-01	1.61647e+01
110	1	138	0	2	3	5.29894e-03	-6.87426e-01	1.73193e+01
110	1	139	0	2	3	5.18123e-03	-6.71358e-01	1.73573e+01
110	1	140	0	2	3	2.94668e-03	-5.05102e-01	1.36897e+01
110	1	141	0	2	3	4.01225e-03	-5.90069e-01	1.52546e+01
110	1	142	0	2	3	2.40632e-03	-4.82353e-01	1.34699e+01
110	1	143	0	2	3	3.19783e-03	-5.16560e-01	1.44564e+01
110	1	144	0	2	3	3.27550e-03	-5.33427e-01	1.53864e+01
110	1	145	0	2	3	6.38950e-03	-7.43225e-01	1.80533e+01
110	1	146	0	2	3	4.84591e-04	-3.51195e-01	1.16043e+01
110	1	147	0	2	3	6.81700e-03	-7.71215e-01	1.75621e+01
110	1	148	0	2	3	7.39430e-03	-8.46184e-01	1.97813e+01
110	1	149	0	2	3	5.18445e-03	-6.61438e-01	1.72213e+01
110	1	150	0	2	3	-2.09379e-03	-1.19883e-01	7.12501e+00
110	1	151	0	2	3	4.49075e-03	-6.26391e-01	1.63096e+01
110	1	152	0	2	3	2.45205e-03	-4.59216e-01	1.38575e+01
110	1	153	0	2	3	-2.24746e-03	-9.95831e-02	7.07920e+00
110	1	154	0	2	3	6.40406e-03	-7.58122e-01	1.87412e+01
110	1	155	0	2	3	1.92433e-03	-4.42981e-01	1.18951e+01
110	1	156	0	2	3	4.75686e-03	-6.52689e-01	1.71971e+01
110	1	157	0	2	3	-3.49666e-04	-2.86698e-01	1.12204e+01
110	1	158	0	2	3	-1.32699e-02	7.06864e-01	-7.61033e+00
110	1	159	0	2	3	3.80538e-03	-5.79705e-01	1.67292e+01
