##
#  file: HodoPHCParam_Dummy
#  date: 2016.06.15
#  note: first version
#
#
#######################################################################
# CId	PlId	Seg	UorD	Type	nParam	p0	p1	...
#
#	Type=0 no correction will be performed
#	Type=1 ct=t-p[0]/sqrt(a-p[1])+p[2]
#	Type=2 ct=p[0]*a*a + p[1]*a + p[2] for Fiber
#
#######################################################################
# BH1 Up                                                              #
#######################################################################
1	0	0	0	1	3	9.72882e+01	-2.42381e+01	1.93388e+01
1	0	1	0	1	3	8.39811e-01	2.30870e-01	9.07677e-01
1	0	2	0	1	3	7.96271e-01	2.02772e-01	8.76313e-01
1	0	3	0	1	3	1.24269e+00	-1.47574e-01	1.19840e+00
1	0	4	0	1	3	1.09931e+00	-7.72769e-02	1.08260e+00
1	0	5	0	1	3	1.05845e+00	1.40683e-01	1.18835e+00
1	0	6	0	1	3	1.24845e+00	-7.32092e-02	1.22011e+00
1	0	7	0	1	3	1.38494e+00	-1.69323e-01	1.29113e+00
1	0	8	0	1	3	1.12943e+00	-1.85789e-01	1.05048e+00
1	0	9	0	1	3	1.39270e+00	-1.82072e-01	1.30041e+00
1	0	10	0	1	3	1.71493e+02	-3.15885e+01	3.00372e+01
#######################################################################
# BH1 Down                                                            #
#######################################################################
1	0	0	1	1	3	1.69589e+00	-2.63702e-01	1.46458e+00
1	0	1	1	1	3	6.65147e-01	3.06785e-01	7.74182e-01
1	0	2	1	1	3	1.69164e+00	-4.50471e-01	1.36238e+00
1	0	3	1	1	3	7.14482e+01	-2.23619e+01	1.47724e+01
1	0	4	1	1	3	1.42431e+00	-1.84323e-01	1.31423e+00
1	0	5	1	1	3	1.48351e+00	-1.17877e-01	1.40777e+00
1	0	6	1	1	3	1.64799e+00	-3.01989e-01	1.48452e+00
1	0	7	1	1	3	1.48685e+00	-1.75507e-01	1.38619e+00
1	0	8	1	1	3	5.71792e-01	2.68423e-01	6.99614e-01
1	0	9	1	1	3	1.07020e+00	4.47097e-02	1.11772e+00
1	0	10	1	1	3	5.19525e-01	3.65790e-01	6.45791e-01
#######################################################################
# BH2 Up                                                              #
#######################################################################
2	0	0	0	1	3	1.30227e-01	3.26578e-01	1.60006e-01
2	0	1	0	1	3	3.54523e-01	1.77794e-01	3.92550e-01
2	0	2	0	1	3	3.83546e-01	4.80928e-02	3.89747e-01
2	0	3	0	1	3	4.04493e-01	4.44986e-02	4.12259e-01
2	0	4	0	1	3	3.15521e-01	1.10408e-01	3.38656e-01
2	0	5	0	1	3	3.08678e-01	2.20726e-01	3.31832e-01
2	0	6	0	1	3	1.73561e-01	2.66463e-01	2.17251e-01
2	0	7	0	1	3	1.06462e-01	2.43132e-01	1.52559e-01
#######################################################################
# BH2 Down                                                            #
#######################################################################
2	0	0	1	1	3	1.82456e-01	2.20543e-01	2.10852e-01
2	0	1	1	1	3	4.17074e-01	4.60453e-04	4.12818e-01
2	0	2	1	1	3	4.29581e-01	1.77114e-02	4.14597e-01
2	0	3	1	1	3	5.41816e-01	-2.83957e-01	4.65322e-01
2	0	4	1	1	3	2.61657e-01	5.35123e-03	2.81205e-01
2	0	5	1	1	3	2.56036e-01	1.55305e-01	2.78251e-01
2	0	6	1	1	3	4.42034e-01	2.32073e-02	4.26310e-01
2	0	7	1	1	3	2.22372e-01	9.38616e-02	2.37835e-01
#######################################################################
# BAC                                                                 #
#######################################################################
3	0	0	0	1	3	0.00000e+00	0.00000e+00	0.00000e+00
3	0	1	0	1	3	0.00000e+00	0.00000e+00	0.00000e+00
#######################################################################
# FBH Up                                                              #
#######################################################################
4	0	0	0	2	3	-5.62952e-03	8.96903e-01	-3.53273e+01
4	0	1	0	2	3	-4.29399e-03	7.37975e-01	-3.00049e+01
4	0	2	0	2	3	-5.26894e-03	8.67305e-01	-3.38992e+01
4	0	3	0	2	3	-3.80183e-03	6.69237e-01	-2.72260e+01
4	0	4	0	2	3	-4.35014e-03	7.35785e-01	-2.92008e+01
4	0	5	0	2	3	-4.02541e-03	6.86907e-01	-2.70312e+01
4	0	6	0	2	3	-4.16660e-03	7.08229e-01	-2.81512e+01
4	0	7	0	2	3	-3.93117e-03	6.84759e-01	-2.69101e+01
4	0	8	0	2	3	-4.14423e-03	6.96902e-01	-2.65883e+01
4	0	9	0	2	3	-2.83372e-03	5.62925e-01	-2.20787e+01
4	0	10	0	2	3	-4.07944e-03	7.09420e-01	-2.75603e+01
4	0	11	0	2	3	-3.50961e-03	6.50113e-01	-2.64167e+01
4	0	12	0	2	3	-3.52415e-03	6.49734e-01	-2.67232e+01
4	0	13	0	2	3	-4.13420e-03	7.26957e-01	-2.99675e+01
4	0	14	0	2	3	-4.90315e-03	8.27563e-01	-3.35630e+01
4	0	15	0	2	3	-4.73048e-03	8.13189e-01	-3.31901e+01
#######################################################################
# FBH Down                                                            #
#######################################################################
4	0	0	1	2	3	-5.62952e-03	8.96903e-01	-3.53273e+01
4	0	1	1	2	3	-4.29399e-03	7.37975e-01	-3.00049e+01
4	0	2	1	2	3	-5.26894e-03	8.67305e-01	-3.38992e+01
4	0	3	1	2	3	-3.80183e-03	6.69237e-01	-2.72260e+01
4	0	4	1	2	3	-4.35014e-03	7.35785e-01	-2.92008e+01
4	0	5	1	2	3	-4.02541e-03	6.86907e-01	-2.70312e+01
4	0	6	1	2	3	-4.16660e-03	7.08229e-01	-2.81512e+01
4	0	7	1	2	3	-3.93117e-03	6.84759e-01	-2.69101e+01
4	0	8	1	2	3	-4.14423e-03	6.96902e-01	-2.65883e+01
4	0	9	1	2	3	-2.83372e-03	5.62925e-01	-2.20787e+01
4	0	10	1	2	3	-4.07944e-03	7.09420e-01	-2.75603e+01
4	0	11	1	2	3	-3.50961e-03	6.50113e-01	-2.64167e+01
4	0	12	1	2	3	-3.52415e-03	6.49734e-01	-2.67232e+01
4	0	13	1	2	3	-4.13420e-03	7.26957e-01	-2.99675e+01
4	0	14	1	2	3	-4.90315e-03	8.27563e-01	-3.35630e+01
4	0	15	1	2	3	-4.73048e-03	8.13189e-01	-3.31901e+01
#######################################################################
# PVAC                                                                #
#######################################################################
5	0	0	0	1	3	0.00000e+00	0.00000e+00	0.00000e+00
#######################################################################
# FAC                                                                 #
#######################################################################
6	0	0	0	1	3	0.00000e+00	0.00000e+00	0.00000e+00
#######################################################################
# SCH                                                                 #
#######################################################################
#7	0	0	0	2	3	-0.00500000	0.821213	-32.185321
#7	0	1	0	2	3	-0.00500000	0.830248	-32.269563
#7	0	2	0	2	3	-0.00500000	0.793073	-29.315934
#7	0	3	0	2	3	-0.00500000	0.772144	-28.276705
#7	0	4	0	2	3	-0.00500000	0.801968	-30.687167
#7	0	5	0	2	3	-0.00500000	0.778300	-28.439251
#7	0	6	0	2	3	-0.00500000	0.765872	-27.918181
#7	0	7	0	2	3	-0.00500000	0.738459	-26.016797
#7	0	8	0	2	3	-0.00500000	0.778318	-28.676371
#7	0	9	0	2	3	-0.00500000	0.776670	-28.892887
#7	0	10	0	2	3	-0.00500000	0.764278	-28.122474
#7	0	11	0	2	3	-0.00500000	0.790742	-29.423647
#7	0	12	0	2	3	-0.00500000	0.811330	-30.487019
#7	0	13	0	2	3	-0.00500000	0.818750	-30.891512
#7	0	14	0	2	3	-0.00500000	0.802541	-30.009136
#7	0	15	0	2	3	-0.00500000	0.809525	-30.751746
#7	0	16	0	2	3	-0.00500000	0.802597	-30.845509
#7	0	17	0	2	3	-0.00500000	0.835028	-32.780792
#7	0	18	0	2	3	-0.00500000	0.859176	-33.938731
#7	0	19	0	2	3	-0.00500000	0.814851	-31.445396
#7	0	20	0	2	3	-0.00500000	0.809426	-30.781087
#7	0	21	0	2	3	-0.00500000	0.780678	-28.888756
#7	0	22	0	2	3	-0.00500000	0.808206	-30.719604
#7	0	23	0	2	3	-0.00500000	0.774024	-27.858339
#7	0	24	0	2	3	-0.00500000	0.794308	-29.022101
#7	0	25	0	2	3	-0.00500000	0.775649	-27.980186
#7	0	26	0	2	3	-0.00500000	0.788483	-28.687567
#7	0	27	0	2	3	-0.00466315	0.771386	-29.253260
#7	0	28	0	2	3	-0.00483132	0.790854	-28.637741
#7	0	29	0	2	3	-0.00497049	0.812994	-30.786914
#7	0	30	0	2	3	-0.00500000	0.787793	-28.362716
#7	0	31	0	2	3	-0.00500000	0.790759	-28.876812
#7	0	32	0	2	3	-0.00500000	0.824826	-31.655285
#7	0	33	0	2	3	-0.00500000	0.845304	-33.407765
#7	0	34	0	2	3	-0.00500000	0.832263	-32.939799
#7	0	35	0	2	3	-0.00500000	0.820631	-31.695372
#7	0	36	0	2	3	-0.00500000	0.836997	-33.200590
#7	0	37	0	2	3	-0.00500000	0.819690	-32.097193
#7	0	38	0	2	3	-0.00500000	0.808109	-31.263214
#7	0	39	0	2	3	-0.00500000	0.815224	-31.135523
#7	0	40	0	2	3	-0.00500000	0.803398	-29.897923
#7	0	41	0	2	3	-0.00500000	0.815685	-31.165519
#7	0	42	0	2	3	-0.00500000	0.812980	-30.737261
#7	0	43	0	2	3	-0.00500000	0.829418	-32.693307
#7	0	44	0	2	3	-0.00500000	0.789530	-29.464920
#7	0	45	0	2	3	-0.00500000	0.804789	-31.208151
#7	0	46	0	2	3	-0.00500000	0.830106	-32.806514
#7	0	47	0	2	3	-0.00500000	0.819206	-31.373242
#7	0	48	0	2	3	-0.00500000	0.816165	-31.709319
#7	0	49	0	2	3	-0.00500000	0.798496	-30.201709
#7	0	50	0	2	3	-0.00500000	0.812167	-31.795745
#7	0	51	0	2	3	-0.00500000	0.810749	-31.375226
#7	0	52	0	2	3	-0.00500000	0.803385	-31.372512
#7	0	53	0	2	3	-0.00500000	0.777405	-29.262831
#7	0	54	0	2	3	-0.00500000	0.783954	-29.763410
#7	0	55	0	2	3	-0.00500000	0.789443	-29.976449
#7	0	56	0	2	3	-0.00500000	0.838828	-33.261086
#7	0	57	0	2	3	-0.00500000	0.804421	-30.573195
#7	0	58	0	2	3	-0.00500000	0.773283	-29.111048
#7	0	59	0	2	3	-0.00500000	0.811789	-31.449459
#7	0	60	0	2	3	-0.00500000	0.759724	-28.110014
#7	0	61	0	2	3	-0.00500000	0.810884	-31.379063
#7	0	62	0	2	3	-0.00500000	0.771910	-28.435006
#7	0	63	0	2	3	-0.00500000	0.796658	-30.511906
#######################################################################
# TOF Up                                                              #
#######################################################################
7	0	0	0	1	3	5.24830e+00	-1.96630e+00	2.96170e+00
7	0	1	0	1	3	5.24830e+00	-1.96630e+00	2.96170e+00
7	0	2	0	1	3	5.24830e+00	-1.96630e+00	2.96170e+00
7	0	3	0	1	3	5.24830e+00	-1.96630e+00	2.96170e+00
7	0	4	0	1	3	5.24830e+00	-1.96630e+00	2.96170e+00
7	0	5	0	1	3	5.24830e+00	-1.96630e+00	2.96170e+00
7	0	6	0	1	3	6.97090e+00	-3.03520e+00	3.39910e+00
7	0	7	0	1	3	4.05450e+00	-1.96150e+00	2.30360e+00
7	0	8	0	1	3	1.16940e+02	-2.98600e+01	2.09880e+01
7	0	9	0	1	3	5.24830e+00	-1.96630e+00	2.96170e+00
7	0	10	0	1	3	5.24830e+00	-1.96630e+00	2.96170e+00
7	0	11	0	1	3	5.24830e+00	-1.96630e+00	2.96170e+00
7	0	12	0	1	3	5.24830e+00	-1.96630e+00	2.96170e+00
7	0	13	0	1	3	5.24830e+00	-1.96630e+00	2.96170e+00
7	0	14	0	1	3	5.24830e+00	-1.96630e+00	2.96170e+00
7	0	15	0	1	3	5.24830e+00	-1.96630e+00	2.96170e+00
7	0	16	0	1	3	5.24830e+00	-1.96630e+00	2.96170e+00
7	0	17	0	1	3	5.24830e+00	-1.96630e+00	2.96170e+00
7	0	18	0	1	3	5.24830e+00	-1.96630e+00	2.96170e+00
7	0	19	0	1	3	7.11491e-01	1.85180e-03	5.82402e-01
7	0	20	0	1	3	5.59404e-01	-1.73810e-03	4.50716e-01
7	0	21	0	1	3	8.92499e-01	1.99900e-03	7.37364e-01
7	0	22	0	1	3	6.37553e-01	1.99960e-03	5.45449e-01
7	0	23	0	1	3	1.19210e+00	1.98920e-03	9.99994e-01
#######################################################################
# TOF Down                                                            #
#######################################################################
7	0	0	1	1	3	5.84300e+00	-2.30730e+00	3.11320e+00
7	0	1	1	1	3	5.84300e+00	-2.30730e+00	3.11320e+00
7	0	2	1	1	3	5.84300e+00	-2.30730e+00	3.11320e+00
7	0	3	1	1	3	5.84300e+00	-2.30730e+00	3.11320e+00
7	0	4	1	1	3	5.84300e+00	-2.30730e+00	3.11320e+00
7	0	5	1	1	3	5.84300e+00	-2.30730e+00	3.11320e+00
7	0	6	1	1	3	1.41330e+01	-5.81170e+00	5.32680e+00
7	0	7	1	1	3	7.84850e+01	-2.02870e+01	1.69500e+01
7	0	8	1	1	3	2.20240e+02	-3.62440e+01	3.60080e+01
7	0	9	1	1	3	5.84300e+00	-2.30730e+00	3.11320e+00
7	0	10	1	1	3	5.84300e+00	-2.30730e+00	3.11320e+00
7	0	11	1	1	3	5.84300e+00	-2.30730e+00	3.11320e+00
7	0	12	1	1	3	5.84300e+00	-2.30730e+00	3.11320e+00
7	0	13	1	1	3	5.84300e+00	-2.30730e+00	3.11320e+00
7	0	14	1	1	3	5.84300e+00	-2.30730e+00	3.11320e+00
7	0	15	1	1	3	5.84300e+00	-2.30730e+00	3.11320e+00
7	0	16	1	1	3	5.84300e+00	-2.30730e+00	3.11320e+00
7	0	17	1	1	3	5.84300e+00	-2.30730e+00	3.11320e+00
7	0	18	1	1	3	5.84300e+00	-2.30730e+00	3.11320e+00
7	0	19	1	1	3	6.18741e-01	1.99860e-03	4.90831e-01
7	0	20	1	1	3	5.75901e-01	1.04210e-03	4.72509e-01
7	0	21	1	1	3	9.41046e-01	1.99890e-03	7.79357e-01
7	0	22	1	1	3	4.84266e-01	-1.95590e-03	3.99786e-01
7	0	23	1	1	3	8.97714e-01	1.99860e-03	7.56300e-01
#######################################################################
# BFT U                                                               #
#######################################################################
110	0	0	0	2	3	1.84473e-03	-4.79800e-01	1.29280e+01
110	0	1	0	2	3	2.56916e-03	-4.47658e-01	1.05330e+01
110	0	2	0	2	3	1.52150e-03	-3.87570e-01	9.71044e+00
110	0	3	0	2	3	5.48103e-03	-7.04936e-01	1.53891e+01
110	0	4	0	2	3	2.53633e-03	-4.60991e-01	1.16102e+01
110	0	5	0	2	3	6.04933e-03	-6.99985e-01	1.61972e+01
110	0	6	0	2	3	3.56676e-03	-5.55457e-01	1.31546e+01
110	0	7	0	2	3	6.79598e-03	-7.85737e-01	1.82158e+01
110	0	8	0	2	3	4.09750e-03	-5.98901e-01	1.43040e+01
110	0	9	0	2	3	1.12373e-03	-3.45308e-01	1.05979e+01
110	0	10	0	2	3	2.16455e-03	-4.53832e-01	1.08125e+01
110	0	11	0	2	3	2.87286e-03	-4.77747e-01	1.30523e+01
110	0	12	0	2	3	2.23184e-03	-4.42457e-01	1.06015e+01
110	0	13	0	2	3	4.04190e-03	-5.72971e-01	1.49057e+01
110	0	14	0	2	3	4.84174e-03	-6.34423e-01	1.38960e+01
110	0	15	0	2	3	2.93122e-03	-4.98147e-01	1.36647e+01
110	0	16	0	2	3	3.79426e-03	-5.51746e-01	1.21932e+01
110	0	17	0	2	3	4.06617e-03	-5.71060e-01	1.43674e+01
110	0	18	0	2	3	3.82183e-03	-5.66788e-01	1.26111e+01
110	0	19	0	2	3	4.13912e-03	-5.83540e-01	1.26865e+01
110	0	20	0	2	3	3.36188e-03	-5.20684e-01	1.21065e+01
110	0	21	0	2	3	3.60587e-03	-5.39145e-01	1.50838e+01
110	0	22	0	2	3	3.74129e-03	-5.62176e-01	1.29995e+01
110	0	23	0	2	3	6.31482e-03	-7.27925e-01	1.70906e+01
110	0	24	0	2	3	4.16040e-03	-5.79493e-01	1.34964e+01
110	0	25	0	2	3	4.29922e-03	-5.81612e-01	1.50283e+01
110	0	26	0	2	3	2.33768e-03	-4.50635e-01	1.18769e+01
110	0	27	0	2	3	4.71142e-03	-6.09573e-01	1.48727e+01
110	0	28	0	2	3	3.62109e-03	-5.43711e-01	1.10935e+01
110	0	29	0	2	3	4.58819e-03	-6.05376e-01	1.44590e+01
110	0	30	0	2	3	4.15632e-03	-5.88401e-01	1.32567e+01
110	0	31	0	2	3	4.98529e-03	-6.36645e-01	1.55188e+01
110	0	32	0	2	3	3.88712e-03	-5.73642e-01	1.33485e+01
110	0	33	0	2	3	4.38452e-03	-5.75890e-01	1.26004e+01
110	0	34	0	2	3	4.29353e-03	-5.97041e-01	1.34416e+01
110	0	35	0	2	3	4.79592e-03	-6.38779e-01	1.57570e+01
110	0	36	0	2	3	3.90001e-03	-5.58471e-01	1.25536e+01
110	0	37	0	2	3	3.19807e-03	-5.13082e-01	1.42989e+01
110	0	38	0	2	3	4.18415e-03	-5.79039e-01	1.24030e+01
110	0	39	0	2	3	4.89756e-03	-6.33900e-01	1.52188e+01
110	0	40	0	2	3	4.13032e-03	-5.70255e-01	1.25729e+01
110	0	41	0	2	3	3.83452e-03	-5.56122e-01	1.49090e+01
110	0	42	0	2	3	4.33328e-03	-5.86413e-01	1.34393e+01
110	0	43	0	2	3	3.96480e-03	-5.79287e-01	1.50989e+01
110	0	44	0	2	3	3.93733e-03	-5.70741e-01	1.29378e+01
110	0	45	0	2	3	4.32377e-03	-5.91122e-01	1.51243e+01
110	0	46	0	2	3	4.16509e-03	-5.98198e-01	1.37323e+01
110	0	47	0	2	3	4.60765e-03	-6.22402e-01	1.68465e+01
110	0	48	0	2	3	3.56014e-03	-5.38158e-01	1.12881e+01
110	0	49	0	2	3	4.37018e-03	-5.94701e-01	1.56059e+01
110	0	50	0	2	3	4.97553e-03	-6.43017e-01	1.45737e+01
110	0	51	0	2	3	4.19831e-03	-5.83706e-01	1.43300e+01
110	0	52	0	2	3	3.82306e-03	-5.52223e-01	1.20339e+01
110	0	53	0	2	3	4.15495e-03	-5.74350e-01	1.39629e+01
110	0	54	0	2	3	4.36071e-03	-6.02343e-01	1.35437e+01
110	0	55	0	2	3	4.76003e-03	-6.27862e-01	1.60941e+01
110	0	56	0	2	3	3.99605e-03	-5.83167e-01	1.41699e+01
110	0	57	0	2	3	4.34577e-03	-5.95628e-01	1.51252e+01
110	0	58	0	2	3	4.10692e-03	-5.86843e-01	1.43558e+01
110	0	59	0	2	3	5.32942e-03	-6.80080e-01	1.70167e+01
110	0	60	0	2	3	4.38666e-03	-6.04229e-01	1.31657e+01
110	0	61	0	2	3	3.69591e-03	-5.46810e-01	1.39536e+01
110	0	62	0	2	3	5.08614e-03	-6.48967e-01	1.41890e+01
110	0	63	0	2	3	4.17242e-03	-5.83834e-01	1.35222e+01
110	0	64	0	2	3	4.26848e-03	-6.02925e-01	1.39247e+01
110	0	65	0	2	3	4.44545e-03	-6.04281e-01	1.49654e+01
110	0	66	0	2	3	4.49144e-03	-6.29002e-01	1.56599e+01
110	0	67	0	2	3	3.79727e-03	-5.59677e-01	1.43560e+01
110	0	68	0	2	3	3.49718e-03	-5.58084e-01	1.37659e+01
110	0	69	0	2	3	3.87969e-03	-5.63169e-01	1.38160e+01
110	0	70	0	2	3	4.79129e-03	-6.49895e-01	1.42469e+01
110	0	71	0	2	3	4.80490e-03	-6.35894e-01	1.55278e+01
110	0	72	0	2	3	3.87877e-03	-5.77660e-01	1.28278e+01
110	0	73	0	2	3	4.30507e-03	-5.98160e-01	1.42391e+01
110	0	74	0	2	3	4.70946e-03	-6.42274e-01	1.50934e+01
110	0	75	0	2	3	3.99500e-03	-5.72648e-01	1.40609e+01
110	0	76	0	2	3	3.50593e-03	-5.43993e-01	1.23116e+01
110	0	77	0	2	3	3.75759e-03	-5.56914e-01	1.41322e+01
110	0	78	0	2	3	4.49875e-03	-6.26281e-01	1.41649e+01
110	0	79	0	2	3	4.31391e-03	-5.96803e-01	1.44665e+01
110	0	80	0	2	3	3.72983e-03	-5.56863e-01	1.35633e+01
110	0	81	0	2	3	4.28915e-03	-5.89516e-01	1.43640e+01
110	0	82	0	2	3	4.59058e-03	-6.18821e-01	1.42246e+01
110	0	83	0	2	3	4.83535e-03	-6.37255e-01	1.51131e+01
110	0	84	0	2	3	4.10214e-03	-5.87334e-01	1.36781e+01
110	0	85	0	2	3	4.30921e-03	-5.94325e-01	1.48095e+01
110	0	86	0	2	3	4.45460e-03	-6.23115e-01	1.41204e+01
110	0	87	0	2	3	4.36887e-03	-6.10972e-01	1.54619e+01
110	0	88	0	2	3	3.67315e-03	-5.49381e-01	1.32962e+01
110	0	89	0	2	3	3.90297e-03	-5.70633e-01	1.40664e+01
110	0	90	0	2	3	4.40524e-03	-6.11336e-01	1.36282e+01
110	0	91	0	2	3	4.55378e-03	-6.23266e-01	1.45732e+01
110	0	92	0	2	3	3.34853e-03	-5.42299e-01	1.32925e+01
110	0	93	0	2	3	4.14839e-03	-5.82539e-01	1.39719e+01
110	0	94	0	2	3	4.19550e-03	-6.12537e-01	1.55282e+01
110	0	95	0	2	3	4.49075e-03	-6.17282e-01	1.53146e+01
110	0	96	0	2	3	4.38837e-03	-6.17294e-01	1.42484e+01
110	0	97	0	2	3	4.20767e-03	-5.92008e-01	1.50072e+01
110	0	98	0	2	3	4.57739e-03	-6.35069e-01	1.46113e+01
110	0	99	0	2	3	4.10913e-03	-5.82382e-01	1.44712e+01
110	0	100	0	2	3	3.52275e-03	-5.47958e-01	1.35409e+01
110	0	101	0	2	3	3.57754e-03	-5.49224e-01	1.42141e+01
110	0	102	0	2	3	4.47277e-03	-6.19809e-01	1.50789e+01
110	0	103	0	2	3	4.33374e-03	-6.05523e-01	1.47667e+01
110	0	104	0	2	3	4.57694e-03	-6.20396e-01	1.38760e+01
110	0	105	0	2	3	4.18045e-03	-5.87789e-01	1.43134e+01
110	0	106	0	2	3	4.78679e-03	-6.42148e-01	1.54540e+01
110	0	107	0	2	3	4.75843e-03	-6.23765e-01	1.43297e+01
110	0	108	0	2	3	3.90602e-03	-5.80293e-01	1.41647e+01
110	0	109	0	2	3	4.66700e-03	-6.23155e-01	1.47921e+01
110	0	110	0	2	3	4.55982e-03	-6.30866e-01	1.51510e+01
110	0	111	0	2	3	4.96926e-03	-6.62052e-01	1.58722e+01
110	0	112	0	2	3	3.91574e-03	-5.68774e-01	1.26241e+01
110	0	113	0	2	3	4.38730e-03	-6.02827e-01	1.44709e+01
110	0	114	0	2	3	4.67523e-03	-6.37930e-01	1.53534e+01
110	0	115	0	2	3	5.26223e-03	-6.70453e-01	1.57525e+01
110	0	116	0	2	3	3.74764e-03	-5.66266e-01	1.35263e+01
110	0	117	0	2	3	3.15456e-03	-5.18245e-01	1.40689e+01
110	0	118	0	2	3	5.41752e-03	-6.94561e-01	1.66037e+01
110	0	119	0	2	3	4.43822e-03	-5.95466e-01	1.32817e+01
110	0	120	0	2	3	4.13955e-03	-6.01065e-01	1.43331e+01
110	0	121	0	2	3	3.28047e-03	-5.25468e-01	1.18974e+01
110	0	122	0	2	3	4.34074e-03	-6.15545e-01	1.58002e+01
110	0	123	0	2	3	5.28006e-03	-6.69620e-01	1.60167e+01
110	0	124	0	2	3	4.12308e-03	-5.86770e-01	1.45245e+01
110	0	125	0	2	3	5.10433e-03	-6.36372e-01	1.29265e+01
110	0	126	0	2	3	4.30874e-03	-6.01368e-01	1.41804e+01
110	0	127	0	2	3	4.98683e-03	-6.39773e-01	1.50899e+01
110	0	128	0	2	3	4.06594e-03	-6.22046e-01	1.60047e+01
110	0	129	0	2	3	4.08447e-03	-6.13401e-01	1.54806e+01
110	0	130	0	2	3	3.84620e-03	-6.02982e-01	1.57504e+01
110	0	131	0	2	3	2.46495e-03	-4.67298e-01	1.25478e+01
110	0	132	0	2	3	2.96541e-03	-5.27033e-01	1.44665e+01
110	0	133	0	2	3	3.73759e-03	-5.63356e-01	1.44474e+01
110	0	134	0	2	3	4.40372e-03	-6.36813e-01	1.59690e+01
110	0	135	0	2	3	3.12798e-03	-5.30247e-01	1.32912e+01
110	0	136	0	2	3	4.08066e-03	-5.93812e-01	1.42688e+01
110	0	137	0	2	3	3.54092e-03	-5.79278e-01	1.55494e+01
110	0	138	0	2	3	1.01540e-03	-3.80943e-01	1.15216e+01
110	0	139	0	2	3	4.69234e-03	-6.46504e-01	1.48751e+01
110	0	140	0	2	3	2.46698e-03	-4.90100e-01	1.38255e+01
110	0	141	0	2	3	4.10799e-03	-6.14233e-01	1.48379e+01
110	0	142	0	2	3	4.61270e-03	-6.46083e-01	1.59106e+01
110	0	143	0	2	3	3.94122e-03	-5.84563e-01	1.42510e+01
110	0	144	0	2	3	4.46296e-03	-6.36178e-01	1.49537e+01
110	0	145	0	2	3	3.74073e-03	-5.55799e-01	1.29331e+01
110	0	146	0	2	3	2.87392e-03	-5.18259e-01	1.35744e+01
110	0	147	0	2	3	3.78072e-03	-5.77464e-01	1.49305e+01
110	0	148	0	2	3	2.99829e-03	-5.29525e-01	1.33579e+01
110	0	149	0	2	3	4.61748e-03	-6.23865e-01	1.52789e+01
110	0	150	0	2	3	3.54388e-03	-5.65990e-01	1.46736e+01
110	0	151	0	2	3	2.71623e-03	-4.99839e-01	1.32516e+01
110	0	152	0	2	3	2.68529e-03	-5.00880e-01	1.38749e+01
110	0	153	0	2	3	4.25683e-03	-6.37237e-01	1.63794e+01
110	0	154	0	2	3	3.67473e-03	-5.79094e-01	1.43003e+01
110	0	155	0	2	3	4.32265e-03	-6.05779e-01	1.32361e+01
110	0	156	0	2	3	-6.91922e-03	2.00905e-01	7.79965e-01
110	0	157	0	2	3	-1.51470e-02	8.46628e-01	-1.15814e+01
110	0	158	0	2	3	-1.11732e-02	4.85774e-01	-4.23325e+00
110	0	159	0	2	3	-1.87950e-03	-2.03483e-01	8.11400e+00
#######################################################################
# BFT D                                                               #
#######################################################################
110	1	0	0	2	3	2.37512e-04	-3.31963e-01	1.08576e+01
110	1	1	0	2	3	2.09501e-03	-2.07847e-01	2.77488e+00
110	1	2	0	2	3	5.88362e-03	-7.27373e-01	1.69938e+01
110	1	3	0	2	3	1.31870e-04	-2.91144e-01	1.00107e+01
110	1	4	0	2	3	5.27336e-03	-6.66906e-01	1.59130e+01
110	1	5	0	2	3	-3.82230e-03	-4.95528e-03	5.30157e+00
110	1	6	0	2	3	3.14829e-03	-5.43188e-01	1.32971e+01
110	1	7	0	2	3	3.60482e-03	-5.60428e-01	1.49835e+01
110	1	8	0	2	3	1.25457e-03	-3.89956e-01	1.17944e+01
110	1	9	0	2	3	-2.51110e-03	-7.72469e-02	6.92324e+00
110	1	10	0	2	3	2.76022e-03	-5.04770e-01	1.36726e+01
110	1	11	0	2	3	2.26494e-03	-4.56390e-01	1.27986e+01
110	1	12	0	2	3	3.29983e-03	-5.38816e-01	1.34932e+01
110	1	13	0	2	3	2.13066e-03	-4.34563e-01	1.29227e+01
110	1	14	0	2	3	3.84333e-03	-5.77722e-01	1.38908e+01
110	1	15	0	2	3	4.98886e-03	-6.47492e-01	1.67156e+01
110	1	16	0	2	3	4.25487e-03	-6.03901e-01	1.45549e+01
110	1	17	0	2	3	3.54397e-03	-5.54902e-01	1.45671e+01
110	1	18	0	2	3	3.00737e-03	-5.14561e-01	1.24117e+01
110	1	19	0	2	3	1.18893e-03	-3.70167e-01	1.13148e+01
110	1	20	0	2	3	3.38037e-03	-5.52553e-01	1.41562e+01
110	1	21	0	2	3	-7.78624e-04	-2.11787e-01	9.09993e+00
110	1	22	0	2	3	3.76778e-03	-5.66489e-01	1.37939e+01
110	1	23	0	2	3	3.83858e-03	-5.57189e-01	1.47715e+01
110	1	24	0	2	3	2.86352e-03	-4.98994e-01	1.34763e+01
110	1	25	0	2	3	3.95275e-03	-5.79395e-01	1.55707e+01
110	1	26	0	2	3	4.09733e-03	-5.94895e-01	1.42340e+01
110	1	27	0	2	3	4.09750e-03	-5.82247e-01	1.61660e+01
110	1	28	0	2	3	3.73808e-03	-5.73930e-01	1.49262e+01
110	1	29	0	2	3	3.66376e-03	-5.52481e-01	1.51033e+01
110	1	30	0	2	3	4.92330e-03	-6.52547e-01	1.55269e+01
110	1	31	0	2	3	4.21879e-03	-6.05771e-01	1.63992e+01
110	1	32	0	2	3	4.35472e-03	-6.16920e-01	1.62157e+01
110	1	33	0	2	3	3.40154e-03	-5.42458e-01	1.39636e+01
110	1	34	0	2	3	4.31206e-03	-5.96808e-01	1.39245e+01
110	1	35	0	2	3	4.04461e-03	-5.95225e-01	1.61817e+01
110	1	36	0	2	3	4.13175e-03	-5.91014e-01	1.51815e+01
110	1	37	0	2	3	3.73697e-03	-5.54305e-01	1.32698e+01
110	1	38	0	2	3	4.64882e-03	-6.27594e-01	1.59461e+01
110	1	39	0	2	3	3.80671e-03	-5.58026e-01	1.43445e+01
110	1	40	0	2	3	3.80061e-03	-5.65283e-01	1.36020e+01
110	1	41	0	2	3	3.72131e-03	-5.59738e-01	1.49428e+01
110	1	42	0	2	3	3.85938e-03	-5.65202e-01	1.40347e+01
110	1	43	0	2	3	4.47822e-03	-6.12726e-01	1.66222e+01
110	1	44	0	2	3	3.84775e-03	-5.73150e-01	1.38515e+01
110	1	45	0	2	3	3.98096e-03	-5.76229e-01	1.53904e+01
110	1	46	0	2	3	3.92723e-03	-5.80181e-01	1.39434e+01
110	1	47	0	2	3	4.14200e-03	-6.06916e-01	1.69562e+01
110	1	48	0	2	3	4.19457e-03	-5.95373e-01	1.49366e+01
110	1	49	0	2	3	3.90706e-03	-5.66403e-01	1.54221e+01
110	1	50	0	2	3	4.26160e-03	-5.99184e-01	1.39184e+01
110	1	51	0	2	3	3.94330e-03	-5.75517e-01	1.53414e+01
110	1	52	0	2	3	3.86789e-03	-5.81646e-01	1.39787e+01
110	1	53	0	2	3	3.81551e-03	-5.66655e-01	1.54930e+01
110	1	54	0	2	3	4.39666e-03	-6.20616e-01	1.56329e+01
110	1	55	0	2	3	4.17038e-03	-5.96394e-01	1.59286e+01
110	1	56	0	2	3	4.47127e-03	-6.27006e-01	1.48037e+01
110	1	57	0	2	3	4.09018e-03	-5.89086e-01	1.54790e+01
110	1	58	0	2	3	4.57349e-03	-6.37447e-01	1.69518e+01
110	1	59	0	2	3	4.95578e-03	-6.60309e-01	1.80438e+01
110	1	60	0	2	3	4.36582e-03	-6.13450e-01	1.53291e+01
110	1	61	0	2	3	4.20131e-03	-5.82305e-01	1.47974e+01
110	1	62	0	2	3	4.07485e-03	-5.88232e-01	1.38014e+01
110	1	63	0	2	3	4.07861e-03	-5.89297e-01	1.58232e+01
110	1	64	0	2	3	4.18877e-03	-6.05765e-01	1.56495e+01
110	1	65	0	2	3	4.35034e-03	-6.03419e-01	1.53015e+01
110	1	66	0	2	3	4.63161e-03	-6.39665e-01	1.49082e+01
110	1	67	0	2	3	4.45237e-03	-6.18414e-01	1.47664e+01
110	1	68	0	2	3	3.19309e-03	-5.20389e-01	1.24731e+01
110	1	69	0	2	3	4.47063e-03	-6.14548e-01	1.56159e+01
110	1	70	0	2	3	4.28044e-03	-6.10231e-01	1.55286e+01
110	1	71	0	2	3	4.41192e-03	-6.21538e-01	1.60984e+01
110	1	72	0	2	3	3.59818e-03	-5.55051e-01	1.40145e+01
110	1	73	0	2	3	3.92162e-03	-5.84530e-01	1.59481e+01
110	1	74	0	2	3	4.23213e-03	-6.00408e-01	1.39801e+01
110	1	75	0	2	3	4.36302e-03	-6.11200e-01	1.52417e+01
110	1	76	0	2	3	4.14352e-03	-5.92898e-01	1.45021e+01
110	1	77	0	2	3	4.10271e-03	-5.94332e-01	1.50138e+01
110	1	78	0	2	3	4.15546e-03	-5.96469e-01	1.39026e+01
110	1	79	0	2	3	4.35434e-03	-6.07823e-01	1.50959e+01
110	1	80	0	2	3	4.31593e-03	-5.98123e-01	1.43880e+01
110	1	81	0	2	3	4.31292e-03	-5.99478e-01	1.42323e+01
110	1	82	0	2	3	4.66009e-03	-6.33422e-01	1.61027e+01
110	1	83	0	2	3	4.25730e-03	-5.90521e-01	1.44229e+01
110	1	84	0	2	3	3.86536e-03	-5.61467e-01	1.32988e+01
110	1	85	0	2	3	4.06726e-03	-5.80813e-01	1.41931e+01
110	1	86	0	2	3	4.37112e-03	-6.12996e-01	1.55104e+01
110	1	87	0	2	3	4.29617e-03	-5.92892e-01	1.31523e+01
110	1	88	0	2	3	4.03818e-03	-5.86937e-01	1.48072e+01
110	1	89	0	2	3	3.82846e-03	-5.73057e-01	1.38572e+01
110	1	90	0	2	3	3.95562e-03	-5.80217e-01	1.38233e+01
110	1	91	0	2	3	4.32394e-03	-6.00859e-01	1.51425e+01
110	1	92	0	2	3	4.04892e-03	-5.76259e-01	1.40840e+01
110	1	93	0	2	3	3.88981e-03	-5.69678e-01	1.42440e+01
110	1	94	0	2	3	3.77244e-03	-5.76663e-01	1.51299e+01
110	1	95	0	2	3	4.70887e-03	-6.34526e-01	1.51141e+01
110	1	96	0	2	3	3.65631e-03	-5.52492e-01	1.34028e+01
110	1	97	0	2	3	3.97974e-03	-5.76866e-01	1.48254e+01
110	1	98	0	2	3	4.94079e-03	-6.73094e-01	1.71288e+01
110	1	99	0	2	3	4.57166e-03	-6.19033e-01	1.48755e+01
110	1	100	0	2	3	3.56317e-03	-5.38082e-01	1.37037e+01
110	1	101	0	2	3	3.58670e-03	-5.43994e-01	1.40678e+01
110	1	102	0	2	3	4.45983e-03	-6.30808e-01	1.55477e+01
110	1	103	0	2	3	4.83311e-03	-6.38326e-01	1.51874e+01
110	1	104	0	2	3	4.66784e-03	-6.29826e-01	1.53984e+01
110	1	105	0	2	3	4.07038e-03	-5.82414e-01	1.45753e+01
110	1	106	0	2	3	4.53911e-03	-6.30898e-01	1.63161e+01
110	1	107	0	2	3	4.07149e-03	-5.85501e-01	1.44585e+01
110	1	108	0	2	3	4.00012e-03	-5.83789e-01	1.53730e+01
110	1	109	0	2	3	4.30897e-03	-6.04250e-01	1.55823e+01
110	1	110	0	2	3	4.22389e-03	-6.05563e-01	1.50628e+01
110	1	111	0	2	3	4.52482e-03	-6.24679e-01	1.64693e+01
110	1	112	0	2	3	4.02652e-03	-5.86381e-01	1.44957e+01
110	1	113	0	2	3	4.51490e-03	-6.21265e-01	1.55104e+01
110	1	114	0	2	3	4.38094e-03	-6.19062e-01	1.49120e+01
110	1	115	0	2	3	4.41651e-03	-6.06121e-01	1.47873e+01
110	1	116	0	2	3	3.86960e-03	-5.75694e-01	1.44714e+01
110	1	117	0	2	3	4.33649e-03	-6.01732e-01	1.50023e+01
110	1	118	0	2	3	4.14985e-03	-5.92047e-01	1.38368e+01
110	1	119	0	2	3	3.39852e-03	-5.39508e-01	1.41295e+01
110	1	120	0	2	3	3.77333e-03	-5.70092e-01	1.42020e+01
110	1	121	0	2	3	3.28368e-03	-5.27428e-01	1.35587e+01
110	1	122	0	2	3	4.32898e-03	-6.14788e-01	1.63651e+01
110	1	123	0	2	3	3.27242e-03	-5.42003e-01	1.55419e+01
110	1	124	0	2	3	3.80548e-03	-5.61590e-01	1.35784e+01
110	1	125	0	2	3	4.44998e-03	-6.13486e-01	1.53798e+01
110	1	126	0	2	3	4.58789e-03	-6.14726e-01	1.50559e+01
110	1	127	0	2	3	4.80032e-03	-6.35402e-01	1.56059e+01
110	1	128	0	2	3	4.90766e-03	-6.74637e-01	1.71140e+01
110	1	129	0	2	3	4.92907e-03	-6.77425e-01	1.71912e+01
110	1	130	0	2	3	3.29304e-03	-5.48281e-01	1.37893e+01
110	1	131	0	2	3	2.80045e-03	-5.04176e-01	1.34297e+01
110	1	132	0	2	3	4.01030e-03	-6.07032e-01	1.60693e+01
110	1	133	0	2	3	4.28539e-03	-6.02812e-01	1.48126e+01
110	1	134	0	2	3	4.57004e-03	-6.49216e-01	1.67570e+01
110	1	135	0	2	3	4.24243e-03	-6.04913e-01	1.53541e+01
110	1	136	0	2	3	4.53947e-03	-6.36559e-01	1.65881e+01
110	1	137	0	2	3	5.25707e-03	-6.83401e-01	1.68377e+01
110	1	138	0	2	3	4.96911e-03	-6.66685e-01	1.63340e+01
110	1	139	0	2	3	3.26168e-03	-5.39365e-01	1.43765e+01
110	1	140	0	2	3	3.84942e-03	-5.83046e-01	1.46217e+01
110	1	141	0	2	3	5.08950e-03	-6.64531e-01	1.57871e+01
110	1	142	0	2	3	5.00161e-03	-6.64123e-01	1.57484e+01
110	1	143	0	2	3	3.58681e-03	-5.68226e-01	1.51526e+01
110	1	144	0	2	3	5.38389e-03	-6.96687e-01	1.77486e+01
110	1	145	0	2	3	5.25219e-03	-6.71801e-01	1.62216e+01
110	1	146	0	2	3	4.41347e-03	-6.15765e-01	1.50172e+01
110	1	147	0	2	3	3.19558e-03	-5.24609e-01	1.27561e+01
110	1	148	0	2	3	4.88031e-03	-6.56765e-01	1.53937e+01
110	1	149	0	2	3	4.39200e-03	-6.12936e-01	1.57394e+01
110	1	150	0	2	3	4.67413e-03	-6.52030e-01	1.65834e+01
110	1	151	0	2	3	4.20937e-03	-6.00326e-01	1.48696e+01
110	1	152	0	2	3	1.17028e-03	-3.90265e-01	1.23489e+01
110	1	153	0	2	3	-7.89152e-04	-2.27430e-01	8.92386e+00
110	1	154	0	2	3	5.07694e-03	-6.79419e-01	1.69016e+01
110	1	155	0	2	3	1.25594e-03	-4.02625e-01	1.05244e+01
110	1	156	0	2	3	3.58179e-03	-5.61799e-01	1.46181e+01
110	1	157	0	2	3	1.97048e-03	-4.53112e-01	1.33229e+01
110	1	158	0	2	3	4.60984e-03	-6.28960e-01	1.58268e+01
110	1	159	0	2	3	1.16671e-02	-1.17234e+00	2.64962e+01
