##
#  file: HodoPHCParam_Dummy
#  date: 2016.06.15
#  note: first version
#
#
#######################################################################
# CId	PlId	Seg	UorD	Type	nParam	p0	p1	...
#
#	Type=0 no correction will be performed
#	Type=1 ct=t-p[0]/sqrt(a-p[1])+p[2]
#	Type=2 ct=p[0]*a*a + p[1]*a + p[2] for Fiber
#
#######################################################################
# BH1 Up                                                              #
#######################################################################
1	0	0	0	1	3	5.08705e+00	-1.98362e+00	2.93454e+00
1	0	1	0	1	3	6.69706e-01	2.91546e-01	8.10244e-01
1	0	2	0	1	3	5.01779e-01	3.94271e-01	6.64278e-01
1	0	3	0	1	3	7.45330e-01	1.66754e-01	8.56036e-01
1	0	4	0	1	3	8.52890e-01	8.60054e-02	9.27134e-01
1	0	5	0	1	3	1.69981e+00	-1.50393e-01	1.62794e+00
1	0	6	0	1	3	1.58582e+00	-2.35346e-01	1.46587e+00
1	0	7	0	1	3	1.61970e+00	-1.46184e-01	1.54504e+00
1	0	8	0	1	3	1.37546e+00	-2.52696e-01	1.28233e+00
1	0	9	0	1	3	1.74814e+00	-2.76223e-01	1.64100e+00
1	0	10	0	1	3	1.60339e+01	-4.62629e+00	6.81205e+00
#######################################################################
# BH1 Down                                                            #
#######################################################################
1	0	0	1	1	3	1.33519e+00	-9.13138e-02	1.27257e+00
1	0	1	1	1	3	6.24909e-01	2.88647e-01	7.65429e-01
1	0	2	1	1	3	6.68954e-01	2.21542e-01	7.45264e-01
1	0	3	1	1	3	1.32364e+00	-4.57464e-01	1.08318e+00
1	0	4	1	1	3	1.18002e+00	-7.91080e-02	1.17008e+00
1	0	5	1	1	3	2.07299e+00	-4.79828e-01	1.70935e+00
1	0	6	1	1	3	1.96000e+00	-5.20196e-01	1.63958e+00
1	0	7	1	1	3	1.89852e+00	-4.50289e-01	1.60743e+00
1	0	8	1	1	3	1.02469e+00	-6.73213e-02	1.04734e+00
1	0	9	1	1	3	1.64894e+00	-1.85977e-01	1.61292e+00
1	0	10	1	1	3	7.15603e-01	2.22738e-01	8.54972e-01
#######################################################################
# BH2 Up                                                              #
#######################################################################
2	0	0	0	1	3	1.43047e-01	2.98695e-01	2.00085e-01
2	0	1	0	1	3	8.79554e-01	-2.31747e-01	7.85839e-01
2	0	2	0	1	3	5.94572e-01	-4.97541e-01	4.68956e-01
2	0	3	0	1	3	1.91725e-01	3.94747e-02	1.91115e-01
2	0	4	0	1	3	3.31184e-01	-9.38469e-02	3.15823e-01
2	0	5	0	1	3	1.99769e-01	2.70254e-01	2.37321e-01
2	0	6	0	1	3	2.58948e-01	2.41832e-01	3.10133e-01
2	0	7	0	1	3	3.50426e-01	8.80094e-02	3.70898e-01
#######################################################################
# BH2 Down                                                            #
#######################################################################
2	0	0	1	1	3	3.94607e-01	-1.85207e-01	3.84440e-01
2	0	1	1	1	3	9.92155e-01	-3.85817e-01	8.32122e-01
2	0	2	1	1	3	4.10986e-01	-9.27803e-02	3.90143e-01
2	0	3	1	1	3	1.76416e-01	4.84160e-02	1.75490e-01
2	0	4	1	1	3	2.42956e-01	1.23979e-01	2.64593e-01
2	0	5	1	1	3	3.57967e-01	4.32013e-02	3.63973e-01
2	0	6	1	1	3	1.22093e+00	-6.67168e-01	9.30075e-01
2	0	7	1	1	3	2.92156e-01	-4.36810e-03	2.98702e-01
#######################################################################
# BAC                                                                 #
#######################################################################
3	0	0	0	1	3	0.00000e+00	0.00000e+00	0.00000e+00
3	0	1	0	1	3	0.00000e+00	0.00000e+00	0.00000e+00
#######################################################################
# FBH Up                                                              #
#######################################################################
4	0	0	0	2	3	-5.62952e-03	8.96903e-01	-3.53273e+01
4	0	1	0	2	3	-4.29399e-03	7.37975e-01	-3.00049e+01
4	0	2	0	2	3	-5.26894e-03	8.67305e-01	-3.38992e+01
4	0	3	0	2	3	-3.80183e-03	6.69237e-01	-2.72260e+01
4	0	4	0	2	3	-4.35014e-03	7.35785e-01	-2.92008e+01
4	0	5	0	2	3	-4.02541e-03	6.86907e-01	-2.70312e+01
4	0	6	0	2	3	-4.16660e-03	7.08229e-01	-2.81512e+01
4	0	7	0	2	3	-3.93117e-03	6.84759e-01	-2.69101e+01
4	0	8	0	2	3	-4.14423e-03	6.96902e-01	-2.65883e+01
4	0	9	0	2	3	-2.83372e-03	5.62925e-01	-2.20787e+01
4	0	10	0	2	3	-4.07944e-03	7.09420e-01	-2.75603e+01
4	0	11	0	2	3	-3.50961e-03	6.50113e-01	-2.64167e+01
4	0	12	0	2	3	-3.52415e-03	6.49734e-01	-2.67232e+01
4	0	13	0	2	3	-4.13420e-03	7.26957e-01	-2.99675e+01
4	0	14	0	2	3	-4.90315e-03	8.27563e-01	-3.35630e+01
4	0	15	0	2	3	-4.73048e-03	8.13189e-01	-3.31901e+01
#######################################################################
# FBH Down                                                            #
#######################################################################
4	0	0	1	2	3	-5.62952e-03	8.96903e-01	-3.53273e+01
4	0	1	1	2	3	-4.29399e-03	7.37975e-01	-3.00049e+01
4	0	2	1	2	3	-5.26894e-03	8.67305e-01	-3.38992e+01
4	0	3	1	2	3	-3.80183e-03	6.69237e-01	-2.72260e+01
4	0	4	1	2	3	-4.35014e-03	7.35785e-01	-2.92008e+01
4	0	5	1	2	3	-4.02541e-03	6.86907e-01	-2.70312e+01
4	0	6	1	2	3	-4.16660e-03	7.08229e-01	-2.81512e+01
4	0	7	1	2	3	-3.93117e-03	6.84759e-01	-2.69101e+01
4	0	8	1	2	3	-4.14423e-03	6.96902e-01	-2.65883e+01
4	0	9	1	2	3	-2.83372e-03	5.62925e-01	-2.20787e+01
4	0	10	1	2	3	-4.07944e-03	7.09420e-01	-2.75603e+01
4	0	11	1	2	3	-3.50961e-03	6.50113e-01	-2.64167e+01
4	0	12	1	2	3	-3.52415e-03	6.49734e-01	-2.67232e+01
4	0	13	1	2	3	-4.13420e-03	7.26957e-01	-2.99675e+01
4	0	14	1	2	3	-4.90315e-03	8.27563e-01	-3.35630e+01
4	0	15	1	2	3	-4.73048e-03	8.13189e-01	-3.31901e+01
#######################################################################
# PVAC                                                                #
#######################################################################
5	0	0	0	1	3	0.00000e+00	0.00000e+00	0.00000e+00
#######################################################################
# FAC                                                                 #
#######################################################################
6	0	0	0	1	3	0.00000e+00	0.00000e+00	0.00000e+00
#######################################################################
# SCH                                                                 #
#######################################################################
#7	0	0	0	2	3	-0.00500000	0.821213	-32.185321
#7	0	1	0	2	3	-0.00500000	0.830248	-32.269563
#7	0	2	0	2	3	-0.00500000	0.793073	-29.315934
#7	0	3	0	2	3	-0.00500000	0.772144	-28.276705
#7	0	4	0	2	3	-0.00500000	0.801968	-30.687167
#7	0	5	0	2	3	-0.00500000	0.778300	-28.439251
#7	0	6	0	2	3	-0.00500000	0.765872	-27.918181
#7	0	7	0	2	3	-0.00500000	0.738459	-26.016797
#7	0	8	0	2	3	-0.00500000	0.778318	-28.676371
#7	0	9	0	2	3	-0.00500000	0.776670	-28.892887
#7	0	10	0	2	3	-0.00500000	0.764278	-28.122474
#7	0	11	0	2	3	-0.00500000	0.790742	-29.423647
#7	0	12	0	2	3	-0.00500000	0.811330	-30.487019
#7	0	13	0	2	3	-0.00500000	0.818750	-30.891512
#7	0	14	0	2	3	-0.00500000	0.802541	-30.009136
#7	0	15	0	2	3	-0.00500000	0.809525	-30.751746
#7	0	16	0	2	3	-0.00500000	0.802597	-30.845509
#7	0	17	0	2	3	-0.00500000	0.835028	-32.780792
#7	0	18	0	2	3	-0.00500000	0.859176	-33.938731
#7	0	19	0	2	3	-0.00500000	0.814851	-31.445396
#7	0	20	0	2	3	-0.00500000	0.809426	-30.781087
#7	0	21	0	2	3	-0.00500000	0.780678	-28.888756
#7	0	22	0	2	3	-0.00500000	0.808206	-30.719604
#7	0	23	0	2	3	-0.00500000	0.774024	-27.858339
#7	0	24	0	2	3	-0.00500000	0.794308	-29.022101
#7	0	25	0	2	3	-0.00500000	0.775649	-27.980186
#7	0	26	0	2	3	-0.00500000	0.788483	-28.687567
#7	0	27	0	2	3	-0.00466315	0.771386	-29.253260
#7	0	28	0	2	3	-0.00483132	0.790854	-28.637741
#7	0	29	0	2	3	-0.00497049	0.812994	-30.786914
#7	0	30	0	2	3	-0.00500000	0.787793	-28.362716
#7	0	31	0	2	3	-0.00500000	0.790759	-28.876812
#7	0	32	0	2	3	-0.00500000	0.824826	-31.655285
#7	0	33	0	2	3	-0.00500000	0.845304	-33.407765
#7	0	34	0	2	3	-0.00500000	0.832263	-32.939799
#7	0	35	0	2	3	-0.00500000	0.820631	-31.695372
#7	0	36	0	2	3	-0.00500000	0.836997	-33.200590
#7	0	37	0	2	3	-0.00500000	0.819690	-32.097193
#7	0	38	0	2	3	-0.00500000	0.808109	-31.263214
#7	0	39	0	2	3	-0.00500000	0.815224	-31.135523
#7	0	40	0	2	3	-0.00500000	0.803398	-29.897923
#7	0	41	0	2	3	-0.00500000	0.815685	-31.165519
#7	0	42	0	2	3	-0.00500000	0.812980	-30.737261
#7	0	43	0	2	3	-0.00500000	0.829418	-32.693307
#7	0	44	0	2	3	-0.00500000	0.789530	-29.464920
#7	0	45	0	2	3	-0.00500000	0.804789	-31.208151
#7	0	46	0	2	3	-0.00500000	0.830106	-32.806514
#7	0	47	0	2	3	-0.00500000	0.819206	-31.373242
#7	0	48	0	2	3	-0.00500000	0.816165	-31.709319
#7	0	49	0	2	3	-0.00500000	0.798496	-30.201709
#7	0	50	0	2	3	-0.00500000	0.812167	-31.795745
#7	0	51	0	2	3	-0.00500000	0.810749	-31.375226
#7	0	52	0	2	3	-0.00500000	0.803385	-31.372512
#7	0	53	0	2	3	-0.00500000	0.777405	-29.262831
#7	0	54	0	2	3	-0.00500000	0.783954	-29.763410
#7	0	55	0	2	3	-0.00500000	0.789443	-29.976449
#7	0	56	0	2	3	-0.00500000	0.838828	-33.261086
#7	0	57	0	2	3	-0.00500000	0.804421	-30.573195
#7	0	58	0	2	3	-0.00500000	0.773283	-29.111048
#7	0	59	0	2	3	-0.00500000	0.811789	-31.449459
#7	0	60	0	2	3	-0.00500000	0.759724	-28.110014
#7	0	61	0	2	3	-0.00500000	0.810884	-31.379063
#7	0	62	0	2	3	-0.00500000	0.771910	-28.435006
#7	0	63	0	2	3	-0.00500000	0.796658	-30.511906
#######################################################################
# TOF Up                                                              #
#######################################################################
7	0	0	0	1	3	5.24830e+00	-1.96630e+00	2.96170e+00
7	0	1	0	1	3	5.24830e+00	-1.96630e+00	2.96170e+00
7	0	2	0	1	3	5.24830e+00	-1.96630e+00	2.96170e+00
7	0	3	0	1	3	5.24830e+00	-1.96630e+00	2.96170e+00
7	0	4	0	1	3	5.24830e+00	-1.96630e+00	2.96170e+00
7	0	5	0	1	3	5.24830e+00	-1.96630e+00	2.96170e+00
7	0	6	0	1	3	6.97090e+00	-3.03520e+00	3.39910e+00
7	0	7	0	1	3	4.05450e+00	-1.96150e+00	2.30360e+00
7	0	8	0	1	3	1.16940e+02	-2.98600e+01	2.09880e+01
7	0	9	0	1	3	5.24830e+00	-1.96630e+00	2.96170e+00
7	0	10	0	1	3	5.24830e+00	-1.96630e+00	2.96170e+00
7	0	11	0	1	3	5.24830e+00	-1.96630e+00	2.96170e+00
7	0	12	0	1	3	5.24830e+00	-1.96630e+00	2.96170e+00
7	0	13	0	1	3	5.24830e+00	-1.96630e+00	2.96170e+00
7	0	14	0	1	3	5.24830e+00	-1.96630e+00	2.96170e+00
7	0	15	0	1	3	5.24830e+00	-1.96630e+00	2.96170e+00
7	0	16	0	1	3	5.24830e+00	-1.96630e+00	2.96170e+00
7	0	17	0	1	3	5.24830e+00	-1.96630e+00	2.96170e+00
7	0	18	0	1	3	5.24830e+00	-1.96630e+00	2.96170e+00
7	0	19	0	1	3	7.11491e-01	1.85180e-03	5.82402e-01
7	0	20	0	1	3	5.59404e-01	-1.73810e-03	4.50716e-01
7	0	21	0	1	3	8.92499e-01	1.99900e-03	7.37364e-01
7	0	22	0	1	3	6.37553e-01	1.99960e-03	5.45449e-01
7	0	23	0	1	3	1.19210e+00	1.98920e-03	9.99994e-01
#######################################################################
# TOF Down                                                            #
#######################################################################
7	0	0	1	1	3	5.84300e+00	-2.30730e+00	3.11320e+00
7	0	1	1	1	3	5.84300e+00	-2.30730e+00	3.11320e+00
7	0	2	1	1	3	5.84300e+00	-2.30730e+00	3.11320e+00
7	0	3	1	1	3	5.84300e+00	-2.30730e+00	3.11320e+00
7	0	4	1	1	3	5.84300e+00	-2.30730e+00	3.11320e+00
7	0	5	1	1	3	5.84300e+00	-2.30730e+00	3.11320e+00
7	0	6	1	1	3	1.41330e+01	-5.81170e+00	5.32680e+00
7	0	7	1	1	3	7.84850e+01	-2.02870e+01	1.69500e+01
7	0	8	1	1	3	2.20240e+02	-3.62440e+01	3.60080e+01
7	0	9	1	1	3	5.84300e+00	-2.30730e+00	3.11320e+00
7	0	10	1	1	3	5.84300e+00	-2.30730e+00	3.11320e+00
7	0	11	1	1	3	5.84300e+00	-2.30730e+00	3.11320e+00
7	0	12	1	1	3	5.84300e+00	-2.30730e+00	3.11320e+00
7	0	13	1	1	3	5.84300e+00	-2.30730e+00	3.11320e+00
7	0	14	1	1	3	5.84300e+00	-2.30730e+00	3.11320e+00
7	0	15	1	1	3	5.84300e+00	-2.30730e+00	3.11320e+00
7	0	16	1	1	3	5.84300e+00	-2.30730e+00	3.11320e+00
7	0	17	1	1	3	5.84300e+00	-2.30730e+00	3.11320e+00
7	0	18	1	1	3	5.84300e+00	-2.30730e+00	3.11320e+00
7	0	19	1	1	3	6.18741e-01	1.99860e-03	4.90831e-01
7	0	20	1	1	3	5.75901e-01	1.04210e-03	4.72509e-01
7	0	21	1	1	3	9.41046e-01	1.99890e-03	7.79357e-01
7	0	22	1	1	3	4.84266e-01	-1.95590e-03	3.99786e-01
7	0	23	1	1	3	8.97714e-01	1.99860e-03	7.56300e-01
#######################################################################
# BFT U                                                               #
#######################################################################
110	0	0	0	2	3	7.59519e-04	-3.35897e-01	1.06896e+01
110	0	1	0	2	3	1.11247e-03	-3.50107e-01	1.07690e+01
110	0	2	0	2	3	4.03414e-03	-5.84949e-01	1.51355e+01
110	0	3	0	2	3	3.44082e-03	-5.41795e-01	1.34874e+01
110	0	4	0	2	3	3.65765e-03	-5.48522e-01	1.46880e+01
110	0	5	0	2	3	4.57118e-03	-6.00772e-01	1.58250e+01
110	0	6	0	2	3	3.55541e-03	-5.49718e-01	1.41575e+01
110	0	7	0	2	3	4.29148e-03	-5.83003e-01	1.52515e+01
110	0	8	0	2	3	3.12099e-03	-5.18821e-01	1.37961e+01
110	0	9	0	2	3	5.22078e-03	-6.66249e-01	1.78670e+01
110	0	10	0	2	3	3.94122e-03	-5.73889e-01	1.38986e+01
110	0	11	0	2	3	4.56646e-03	-6.09922e-01	1.67348e+01
110	0	12	0	2	3	3.65377e-03	-5.49239e-01	1.36818e+01
110	0	13	0	2	3	4.43018e-03	-5.98022e-01	1.63976e+01
110	0	14	0	2	3	3.73095e-03	-5.53819e-01	1.36127e+01
110	0	15	0	2	3	3.85007e-03	-5.58526e-01	1.57597e+01
110	0	16	0	2	3	4.05813e-03	-5.73041e-01	1.37961e+01
110	0	17	0	2	3	3.92451e-03	-5.60320e-01	1.53323e+01
110	0	18	0	2	3	3.55405e-03	-5.46242e-01	1.34343e+01
110	0	19	0	2	3	4.31624e-03	-5.92371e-01	1.39557e+01
110	0	20	0	2	3	4.05960e-03	-5.73306e-01	1.43232e+01
110	0	21	0	2	3	4.33801e-03	-5.96912e-01	1.74285e+01
110	0	22	0	2	3	4.42021e-03	-6.08897e-01	1.49955e+01
110	0	23	0	2	3	4.35116e-03	-5.88274e-01	1.58770e+01
110	0	24	0	2	3	4.18764e-03	-5.81494e-01	1.47645e+01
110	0	25	0	2	3	3.68580e-03	-5.39896e-01	1.55194e+01
110	0	26	0	2	3	4.24970e-03	-5.98420e-01	1.58448e+01
110	0	27	0	2	3	3.99662e-03	-5.55769e-01	1.50501e+01
110	0	28	0	2	3	3.45914e-03	-5.34444e-01	1.21428e+01
110	0	29	0	2	3	4.29002e-03	-5.78304e-01	1.50652e+01
110	0	30	0	2	3	3.88314e-03	-5.69189e-01	1.41105e+01
110	0	31	0	2	3	4.16238e-03	-5.80191e-01	1.57426e+01
110	0	32	0	2	3	3.74215e-03	-5.64997e-01	1.44484e+01
110	0	33	0	2	3	4.65188e-03	-5.91166e-01	1.40294e+01
110	0	34	0	2	3	4.04787e-03	-5.77156e-01	1.42350e+01
110	0	35	0	2	3	4.93702e-03	-6.42899e-01	1.69050e+01
110	0	36	0	2	3	4.11031e-03	-5.69671e-01	1.38713e+01
110	0	37	0	2	3	4.39506e-03	-6.00988e-01	1.70414e+01
110	0	38	0	2	3	4.20945e-03	-5.81240e-01	1.36442e+01
110	0	39	0	2	3	4.63855e-03	-6.13355e-01	1.59637e+01
110	0	40	0	2	3	4.16710e-03	-5.74658e-01	1.38703e+01
110	0	41	0	2	3	4.25548e-03	-5.83920e-01	1.65028e+01
110	0	42	0	2	3	4.21562e-03	-5.82440e-01	1.46296e+01
110	0	43	0	2	3	4.41348e-03	-6.10316e-01	1.67575e+01
110	0	44	0	2	3	4.19408e-03	-5.85527e-01	1.43025e+01
110	0	45	0	2	3	3.98172e-03	-5.59890e-01	1.55575e+01
110	0	46	0	2	3	4.48421e-03	-6.16081e-01	1.51062e+01
110	0	47	0	2	3	4.54430e-03	-6.18482e-01	1.79337e+01
110	0	48	0	2	3	3.94916e-03	-5.63064e-01	1.28266e+01
110	0	49	0	2	3	4.03932e-03	-5.68296e-01	1.62237e+01
110	0	50	0	2	3	4.69893e-03	-6.21015e-01	1.52999e+01
110	0	51	0	2	3	4.73566e-03	-6.20468e-01	1.60488e+01
110	0	52	0	2	3	3.77721e-03	-5.49673e-01	1.31634e+01
110	0	53	0	2	3	4.49486e-03	-5.98918e-01	1.55168e+01
110	0	54	0	2	3	4.36794e-03	-5.99491e-01	1.45683e+01
110	0	55	0	2	3	4.57224e-03	-6.10270e-01	1.68039e+01
110	0	56	0	2	3	4.07915e-03	-5.88231e-01	1.53903e+01
110	0	57	0	2	3	4.43293e-03	-5.98480e-01	1.62185e+01
110	0	58	0	2	3	4.10619e-03	-5.83441e-01	1.53680e+01
110	0	59	0	2	3	4.23824e-03	-6.01500e-01	1.67136e+01
110	0	60	0	2	3	4.08958e-03	-5.81230e-01	1.38652e+01
110	0	61	0	2	3	3.87780e-03	-5.57664e-01	1.51917e+01
110	0	62	0	2	3	4.74596e-03	-6.25102e-01	1.48767e+01
110	0	63	0	2	3	4.14018e-03	-5.80745e-01	1.45470e+01
110	0	64	0	2	3	4.14178e-03	-5.88364e-01	1.46573e+01
110	0	65	0	2	3	3.96393e-03	-5.69495e-01	1.54078e+01
110	0	66	0	2	3	4.81869e-03	-6.49279e-01	1.70426e+01
110	0	67	0	2	3	3.96932e-03	-5.72490e-01	1.56578e+01
110	0	68	0	2	3	3.91107e-03	-5.81895e-01	1.51365e+01
110	0	69	0	2	3	4.05278e-03	-5.72298e-01	1.49624e+01
110	0	70	0	2	3	4.64837e-03	-6.39567e-01	1.51387e+01
110	0	71	0	2	3	4.32536e-03	-5.99760e-01	1.59069e+01
110	0	72	0	2	3	3.87569e-03	-5.74247e-01	1.37698e+01
110	0	73	0	2	3	4.42598e-03	-6.07578e-01	1.54393e+01
110	0	74	0	2	3	4.42591e-03	-6.19201e-01	1.56647e+01
110	0	75	0	2	3	4.39801e-03	-5.97756e-01	1.54346e+01
110	0	76	0	2	3	3.58523e-03	-5.47502e-01	1.33581e+01
110	0	77	0	2	3	3.88037e-03	-5.65437e-01	1.52709e+01
110	0	78	0	2	3	4.52606e-03	-6.25167e-01	1.50914e+01
110	0	79	0	2	3	4.22543e-03	-5.87613e-01	1.52426e+01
110	0	80	0	2	3	3.98092e-03	-5.78170e-01	1.49918e+01
110	0	81	0	2	3	4.00254e-03	-5.65013e-01	1.48372e+01
110	0	82	0	2	3	4.61784e-03	-6.17485e-01	1.51158e+01
110	0	83	0	2	3	4.56641e-03	-6.14942e-01	1.56275e+01
110	0	84	0	2	3	3.77839e-03	-5.61282e-01	1.41188e+01
110	0	85	0	2	3	4.41444e-03	-5.98376e-01	1.57634e+01
110	0	86	0	2	3	4.58519e-03	-6.31054e-01	1.51740e+01
110	0	87	0	2	3	4.33211e-03	-6.07522e-01	1.63289e+01
110	0	88	0	2	3	4.04291e-03	-5.72505e-01	1.45672e+01
110	0	89	0	2	3	4.34625e-03	-6.00728e-01	1.54880e+01
110	0	90	0	2	3	4.44942e-03	-6.12108e-01	1.45366e+01
110	0	91	0	2	3	4.48523e-03	-6.20547e-01	1.54842e+01
110	0	92	0	2	3	3.94801e-03	-5.87068e-01	1.50131e+01
110	0	93	0	2	3	4.21891e-03	-5.85435e-01	1.48564e+01
110	0	94	0	2	3	3.98559e-03	-5.99967e-01	1.62828e+01
110	0	95	0	2	3	4.32514e-03	-6.03463e-01	1.59255e+01
110	0	96	0	2	3	3.47310e-03	-5.49611e-01	1.39356e+01
110	0	97	0	2	3	3.98169e-03	-5.74317e-01	1.55364e+01
110	0	98	0	2	3	4.56055e-03	-6.32170e-01	1.53776e+01
110	0	99	0	2	3	4.29651e-03	-5.93293e-01	1.54940e+01
110	0	100	0	2	3	4.03563e-03	-5.83132e-01	1.49942e+01
110	0	101	0	2	3	4.12710e-03	-5.82459e-01	1.55176e+01
110	0	102	0	2	3	4.81072e-03	-6.44562e-01	1.63926e+01
110	0	103	0	2	3	4.78604e-03	-6.33543e-01	1.60160e+01
110	0	104	0	2	3	4.14494e-03	-5.93493e-01	1.43187e+01
110	0	105	0	2	3	4.46280e-03	-6.04245e-01	1.53325e+01
110	0	106	0	2	3	4.50318e-03	-6.21128e-01	1.59187e+01
110	0	107	0	2	3	4.82928e-03	-6.31772e-01	1.53533e+01
110	0	108	0	2	3	3.70590e-03	-5.65606e-01	1.47204e+01
110	0	109	0	2	3	4.43880e-03	-6.06562e-01	1.53171e+01
110	0	110	0	2	3	4.26010e-03	-6.03356e-01	1.53382e+01
110	0	111	0	2	3	4.65209e-03	-6.32831e-01	1.60029e+01
110	0	112	0	2	3	3.69511e-03	-5.53138e-01	1.31495e+01
110	0	113	0	2	3	4.46592e-03	-6.05382e-01	1.52359e+01
110	0	114	0	2	3	4.32706e-03	-6.08746e-01	1.55659e+01
110	0	115	0	2	3	4.61724e-03	-6.18775e-01	1.55235e+01
110	0	116	0	2	3	4.07601e-03	-5.92769e-01	1.48532e+01
110	0	117	0	2	3	4.89192e-03	-6.35246e-01	1.67052e+01
110	0	118	0	2	3	4.09063e-03	-5.93157e-01	1.54693e+01
110	0	119	0	2	3	5.01598e-03	-6.36734e-01	1.47878e+01
110	0	120	0	2	3	4.07253e-03	-5.97288e-01	1.50855e+01
110	0	121	0	2	3	3.86810e-03	-5.60773e-01	1.31296e+01
110	0	122	0	2	3	4.22045e-03	-6.01652e-01	1.61780e+01
110	0	123	0	2	3	4.67815e-03	-6.25961e-01	1.60088e+01
110	0	124	0	2	3	4.75064e-03	-6.28313e-01	1.59344e+01
110	0	125	0	2	3	4.05961e-03	-5.58767e-01	1.22538e+01
110	0	126	0	2	3	4.76271e-03	-6.31699e-01	1.54106e+01
110	0	127	0	2	3	4.25868e-03	-5.86278e-01	1.48240e+01
110	0	128	0	2	3	2.47330e-03	-5.05827e-01	1.46821e+01
110	0	129	0	2	3	3.05099e-03	-5.31692e-01	1.45992e+01
110	0	130	0	2	3	3.12948e-03	-5.45860e-01	1.53148e+01
110	0	131	0	2	3	4.04287e-03	-5.88611e-01	1.55781e+01
110	0	132	0	2	3	3.62159e-03	-5.79619e-01	1.62376e+01
110	0	133	0	2	3	1.78291e-03	-4.18867e-01	1.24834e+01
110	0	134	0	2	3	2.32088e-03	-4.87519e-01	1.40821e+01
110	0	135	0	2	3	5.52593e-03	-6.90748e-01	1.66169e+01
110	0	136	0	2	3	3.84601e-03	-5.77510e-01	1.47584e+01
110	0	137	0	2	3	1.46454e-03	-4.11694e-01	1.29216e+01
110	0	138	0	2	3	-1.49064e-02	8.48796e-01	-1.13226e+01
110	0	139	0	2	3	2.88680e-03	-5.11709e-01	1.32296e+01
110	0	140	0	2	3	-1.82933e-02	1.12952e+00	-1.68042e+01
110	0	141	0	2	3	5.60814e-03	-7.01314e-01	1.67308e+01
110	0	142	0	2	3	1.47622e-03	-4.05771e-01	1.21827e+01
110	0	143	0	2	3	-1.42129e-02	7.44944e-01	-8.90569e+00
110	0	144	0	2	3	-5.20417e-03	1.11019e-01	1.49746e+00
110	0	145	0	2	3	5.60708e-03	-6.94776e-01	1.62679e+01
110	0	146	0	2	3	4.69867e-03	-6.38182e-01	1.62944e+01
110	0	147	0	2	3	3.29173e-03	-5.20549e-01	1.41812e+01
110	0	148	0	2	3	3.42214e-04	-3.29396e-01	1.03581e+01
110	0	149	0	2	3	3.57739e-03	-5.42907e-01	1.45105e+01
110	0	150	0	2	3	-9.14450e-03	4.06471e-01	-2.87173e+00
110	0	151	0	2	3	5.08883e-03	-6.86510e-01	1.76184e+01
110	0	152	0	2	3	1.54797e-03	-4.22724e-01	1.33528e+01
110	0	153	0	2	3	5.22226e-03	-7.07162e-01	1.84035e+01
110	0	154	0	2	3	7.14176e-03	-8.32172e-01	1.97405e+01
110	0	155	0	2	3	-7.93837e-03	2.85890e-01	-1.75943e+00
110	0	156	0	2	3	-9.90273e-03	4.60713e-01	-3.97705e+00
110	0	157	0	2	3	-2.40291e-03	-1.11528e-01	6.96970e+00
110	0	158	0	2	3	8.94476e-03	-9.39073e-01	2.12993e+01
110	0	159	0	2	3	2.96033e-03	-5.23108e-01	1.44712e+01
#######################################################################
# BFT D                                                               #
#######################################################################
110	1	0	0	2	3	4.04743e-03	-5.78129e-01	1.65676e+01
110	1	1	0	2	3	8.43291e-04	-3.48460e-01	1.21021e+01
110	1	2	0	2	3	3.12888e-03	-5.26247e-01	1.49488e+01
110	1	3	0	2	3	3.41389e-03	-5.43813e-01	1.61944e+01
110	1	4	0	2	3	3.20712e-03	-5.23580e-01	1.47703e+01
110	1	5	0	2	3	3.94882e-03	-5.81616e-01	1.69411e+01
110	1	6	0	2	3	3.89817e-03	-5.72840e-01	1.44811e+01
110	1	7	0	2	3	3.90398e-03	-5.64728e-01	1.58067e+01
110	1	8	0	2	3	2.58550e-03	-4.77079e-01	1.41929e+01
110	1	9	0	2	3	1.19447e-03	-3.73254e-01	1.38431e+01
110	1	10	0	2	3	2.97552e-03	-5.12883e-01	1.47551e+01
110	1	11	0	2	3	4.13433e-03	-5.93310e-01	1.63567e+01
110	1	12	0	2	3	3.55743e-03	-5.49898e-01	1.46168e+01
110	1	13	0	2	3	3.94257e-03	-5.77555e-01	1.68212e+01
110	1	14	0	2	3	3.92988e-03	-5.82162e-01	1.50750e+01
110	1	15	0	2	3	3.47409e-03	-5.40652e-01	1.60084e+01
110	1	16	0	2	3	3.69286e-03	-5.61239e-01	1.49513e+01
110	1	17	0	2	3	3.34778e-03	-5.28881e-01	1.49998e+01
110	1	18	0	2	3	4.11802e-03	-5.90899e-01	1.48648e+01
110	1	19	0	2	3	4.51849e-03	-6.13750e-01	1.68512e+01
110	1	20	0	2	3	4.10109e-03	-5.94021e-01	1.58966e+01
110	1	21	0	2	3	3.37954e-03	-5.35213e-01	1.64974e+01
110	1	22	0	2	3	4.33127e-03	-6.04077e-01	1.56367e+01
110	1	23	0	2	3	3.76283e-03	-5.56081e-01	1.60441e+01
110	1	24	0	2	3	4.10612e-03	-5.87402e-01	1.62353e+01
110	1	25	0	2	3	3.46017e-03	-5.36360e-01	1.58280e+01
110	1	26	0	2	3	4.10342e-03	-5.92763e-01	1.53070e+01
110	1	27	0	2	3	4.50384e-03	-6.09485e-01	1.77484e+01
110	1	28	0	2	3	3.75570e-03	-5.69078e-01	1.59308e+01
110	1	29	0	2	3	3.22134e-03	-5.23134e-01	1.58101e+01
110	1	30	0	2	3	3.80405e-03	-5.68293e-01	1.51149e+01
110	1	31	0	2	3	4.17946e-03	-5.98749e-01	1.73068e+01
110	1	32	0	2	3	4.44603e-03	-6.20916e-01	1.73733e+01
110	1	33	0	2	3	3.63092e-03	-5.54388e-01	1.52532e+01
110	1	34	0	2	3	4.26900e-03	-5.96859e-01	1.51484e+01
110	1	35	0	2	3	4.00261e-03	-5.90090e-01	1.71895e+01
110	1	36	0	2	3	3.67352e-03	-5.53211e-01	1.55870e+01
110	1	37	0	2	3	3.97502e-03	-5.68147e-01	1.46304e+01
110	1	38	0	2	3	4.22893e-03	-5.98738e-01	1.66434e+01
110	1	39	0	2	3	4.43121e-03	-6.03491e-01	1.62931e+01
110	1	40	0	2	3	3.81560e-03	-5.63623e-01	1.46562e+01
110	1	41	0	2	3	3.85471e-03	-5.61573e-01	1.59567e+01
110	1	42	0	2	3	3.99892e-03	-5.74872e-01	1.53549e+01
110	1	43	0	2	3	4.16272e-03	-5.85939e-01	1.71767e+01
110	1	44	0	2	3	3.90617e-03	-5.75120e-01	1.49993e+01
110	1	45	0	2	3	3.30398e-03	-5.29245e-01	1.57392e+01
110	1	46	0	2	3	4.19748e-03	-5.98311e-01	1.54069e+01
110	1	47	0	2	3	4.15402e-03	-6.03687e-01	1.79320e+01
110	1	48	0	2	3	3.86313e-03	-5.65654e-01	1.54252e+01
110	1	49	0	2	3	3.64716e-03	-5.47161e-01	1.62024e+01
110	1	50	0	2	3	4.33084e-03	-6.04655e-01	1.51651e+01
110	1	51	0	2	3	4.41720e-03	-6.09233e-01	1.70478e+01
110	1	52	0	2	3	4.08482e-03	-5.95291e-01	1.53023e+01
110	1	53	0	2	3	3.70072e-03	-5.55273e-01	1.63500e+01
110	1	54	0	2	3	4.55757e-03	-6.29593e-01	1.68659e+01
110	1	55	0	2	3	4.41747e-03	-6.07592e-01	1.70676e+01
110	1	56	0	2	3	3.76113e-03	-5.77462e-01	1.50849e+01
110	1	57	0	2	3	3.90839e-03	-5.73992e-01	1.62701e+01
110	1	58	0	2	3	3.86027e-03	-5.86389e-01	1.71534e+01
110	1	59	0	2	3	4.68103e-03	-6.40706e-01	1.87864e+01
110	1	60	0	2	3	3.92371e-03	-5.80021e-01	1.58073e+01
110	1	61	0	2	3	4.00580e-03	-5.66634e-01	1.55607e+01
110	1	62	0	2	3	4.12479e-03	-5.89924e-01	1.48920e+01
110	1	63	0	2	3	4.18211e-03	-5.93898e-01	1.69106e+01
110	1	64	0	2	3	4.19569e-03	-6.02870e-01	1.66020e+01
110	1	65	0	2	3	4.04930e-03	-5.82630e-01	1.59837e+01
110	1	66	0	2	3	4.73333e-03	-6.45939e-01	1.60587e+01
110	1	67	0	2	3	4.47846e-03	-6.15444e-01	1.56691e+01
110	1	68	0	2	3	3.64240e-03	-5.49361e-01	1.39508e+01
110	1	69	0	2	3	4.22784e-03	-5.96040e-01	1.62985e+01
110	1	70	0	2	3	4.27215e-03	-6.05880e-01	1.64145e+01
110	1	71	0	2	3	3.96284e-03	-5.87129e-01	1.64660e+01
110	1	72	0	2	3	3.94752e-03	-5.77432e-01	1.53775e+01
110	1	73	0	2	3	3.98890e-03	-5.85279e-01	1.68804e+01
110	1	74	0	2	3	4.30460e-03	-6.02791e-01	1.49750e+01
110	1	75	0	2	3	4.31232e-03	-6.10968e-01	1.62919e+01
110	1	76	0	2	3	3.95633e-03	-5.76975e-01	1.51792e+01
110	1	77	0	2	3	4.02933e-03	-5.89250e-01	1.59089e+01
110	1	78	0	2	3	4.56540e-03	-6.24094e-01	1.53463e+01
110	1	79	0	2	3	4.23649e-03	-5.98400e-01	1.58931e+01
110	1	80	0	2	3	4.23641e-03	-5.94107e-01	1.53204e+01
110	1	81	0	2	3	4.09703e-03	-5.83541e-01	1.48859e+01
110	1	82	0	2	3	4.63977e-03	-6.28080e-01	1.68738e+01
110	1	83	0	2	3	4.17350e-03	-5.80304e-01	1.50866e+01
110	1	84	0	2	3	3.60928e-03	-5.44477e-01	1.39472e+01
110	1	85	0	2	3	3.83077e-03	-5.65550e-01	1.48859e+01
110	1	86	0	2	3	4.02361e-03	-5.87955e-01	1.59901e+01
110	1	87	0	2	3	4.08489e-03	-5.75597e-01	1.37363e+01
110	1	88	0	2	3	3.88170e-03	-5.73916e-01	1.54661e+01
110	1	89	0	2	3	4.01202e-03	-5.80294e-01	1.47615e+01
110	1	90	0	2	3	4.14015e-03	-5.92747e-01	1.49267e+01
110	1	91	0	2	3	3.95094e-03	-5.72497e-01	1.55150e+01
110	1	92	0	2	3	3.92305e-03	-5.69672e-01	1.48937e+01
110	1	93	0	2	3	3.99039e-03	-5.78775e-01	1.53072e+01
110	1	94	0	2	3	4.22338e-03	-6.02605e-01	1.63114e+01
110	1	95	0	2	3	4.16806e-03	-5.95471e-01	1.52904e+01
110	1	96	0	2	3	3.87281e-03	-5.70790e-01	1.46623e+01
110	1	97	0	2	3	3.65247e-03	-5.53576e-01	1.52735e+01
110	1	98	0	2	3	4.57822e-03	-6.40526e-01	1.72916e+01
110	1	99	0	2	3	4.22091e-03	-5.96106e-01	1.53804e+01
110	1	100	0	2	3	3.66342e-03	-5.46360e-01	1.46941e+01
110	1	101	0	2	3	3.94973e-03	-5.73774e-01	1.54907e+01
110	1	102	0	2	3	4.45679e-03	-6.20876e-01	1.60290e+01
110	1	103	0	2	3	3.81594e-03	-5.64333e-01	1.46823e+01
110	1	104	0	2	3	4.09821e-03	-5.84624e-01	1.53259e+01
110	1	105	0	2	3	4.01672e-03	-5.77455e-01	1.52796e+01
110	1	106	0	2	3	4.53020e-03	-6.25069e-01	1.68995e+01
110	1	107	0	2	3	4.76625e-03	-6.35051e-01	1.61112e+01
110	1	108	0	2	3	3.96439e-03	-5.77139e-01	1.59600e+01
110	1	109	0	2	3	3.62674e-03	-5.55198e-01	1.55207e+01
110	1	110	0	2	3	4.51909e-03	-6.24150e-01	1.60926e+01
110	1	111	0	2	3	4.35743e-03	-6.14249e-01	1.71084e+01
110	1	112	0	2	3	3.80978e-03	-5.71661e-01	1.50374e+01
110	1	113	0	2	3	4.01226e-03	-5.77640e-01	1.53616e+01
110	1	114	0	2	3	4.17782e-03	-6.00401e-01	1.52940e+01
110	1	115	0	2	3	4.77003e-03	-6.33372e-01	1.60876e+01
110	1	116	0	2	3	4.25913e-03	-6.01459e-01	1.56874e+01
110	1	117	0	2	3	4.36215e-03	-6.01231e-01	1.56665e+01
110	1	118	0	2	3	4.87047e-03	-6.37681e-01	1.53010e+01
110	1	119	0	2	3	4.81696e-03	-6.36379e-01	1.65010e+01
110	1	120	0	2	3	4.26478e-03	-5.95525e-01	1.51888e+01
110	1	121	0	2	3	4.52759e-03	-6.10453e-01	1.55877e+01
110	1	122	0	2	3	4.35334e-03	-6.23640e-01	1.73767e+01
110	1	123	0	2	3	3.31236e-03	-5.38113e-01	1.60674e+01
110	1	124	0	2	3	4.25031e-03	-5.92008e-01	1.47916e+01
110	1	125	0	2	3	3.73516e-03	-5.67940e-01	1.54529e+01
110	1	126	0	2	3	3.65653e-03	-5.56834e-01	1.48897e+01
110	1	127	0	2	3	4.57000e-03	-6.17269e-01	1.58836e+01
110	1	128	0	2	3	4.99074e-03	-6.81277e-01	1.79331e+01
110	1	129	0	2	3	3.59349e-03	-5.82734e-01	1.62731e+01
110	1	130	0	2	3	4.60064e-03	-6.42629e-01	1.61779e+01
110	1	131	0	2	3	2.83447e-03	-4.86463e-01	1.33557e+01
110	1	132	0	2	3	3.15682e-03	-5.39451e-01	1.54905e+01
110	1	133	0	2	3	3.90082e-03	-5.75415e-01	1.50121e+01
110	1	134	0	2	3	4.53040e-03	-6.50885e-01	1.75999e+01
110	1	135	0	2	3	3.69699e-03	-5.60463e-01	1.51296e+01
110	1	136	0	2	3	4.99216e-03	-6.64823e-01	1.77449e+01
110	1	137	0	2	3	4.27734e-03	-6.13838e-01	1.63267e+01
110	1	138	0	2	3	4.50019e-03	-6.20270e-01	1.59467e+01
110	1	139	0	2	3	6.32930e-03	-7.42685e-01	1.84008e+01
110	1	140	0	2	3	3.55319e-03	-5.67748e-01	1.51910e+01
110	1	141	0	2	3	6.33471e-03	-7.69267e-01	1.86058e+01
110	1	142	0	2	3	4.96566e-03	-6.58859e-01	1.63435e+01
110	1	143	0	2	3	1.39026e-04	-3.09862e-01	1.10611e+01
110	1	144	0	2	3	2.03595e-03	-4.54964e-01	1.43269e+01
110	1	145	0	2	3	2.03573e-03	-4.44757e-01	1.30803e+01
110	1	146	0	2	3	2.68563e-03	-5.15072e-01	1.45185e+01
110	1	147	0	2	3	-4.58217e-03	4.28114e-02	3.30529e+00
110	1	148	0	2	3	4.98081e-03	-6.45246e-01	1.55677e+01
110	1	149	0	2	3	-1.76547e-04	-2.87242e-01	1.07351e+01
110	1	150	0	2	3	1.12172e-03	-3.66103e-01	1.19074e+01
110	1	151	0	2	3	-2.32180e-03	-1.25670e-01	7.21570e+00
110	1	152	0	2	3	2.61831e-03	-5.08905e-01	1.55129e+01
110	1	153	0	2	3	2.30863e-03	-4.63067e-01	1.41441e+01
110	1	154	0	2	3	4.97153e-03	-6.69841e-01	1.75400e+01
110	1	155	0	2	3	4.84282e-03	-6.33117e-01	1.49051e+01
110	1	156	0	2	3	5.39289e-03	-7.09819e-01	1.83849e+01
110	1	157	0	2	3	1.32849e-03	-3.95223e-01	1.29673e+01
110	1	158	0	2	3	-9.57459e-03	4.13066e-01	-1.93821e+00
110	1	159	0	2	3	2.74936e-03	-4.98486e-01	1.49595e+01
