##
#  file: HodoPHCParam_Dummy
#  date: 2016.06.15
#  note: first version
#
#
#######################################################################
# CId	PlId	Seg	UorD	Type	nParam	p0	p1	...
#
#	Type=0 no correction will be performed
#	Type=1 ct=t-p[0]/sqrt(a-p[1])+p[2]
#	Type=2 ct=p[0]*a*a + p[1]*a + p[2] for Fiber
#
#######################################################################
# BH1 Up                                                              #
#######################################################################
1	0	0	0	1	3	1.47730e+00	-2.35290e-01	1.36110e+00
1	0	1	0	1	3	6.62130e-01	3.34480e-01	8.67710e-01
1	0	2	0	1	3	7.54820e-01	2.48290e-01	9.34610e-01
1	0	3	0	1	3	1.23270e+00	-1.14280e-01	1.26640e+00
1	0	4	0	1	3	1.29730e+00	-1.98210e-01	1.21160e+00
1	0	5	0	1	3	1.43110e+00	-7.87430e-02	1.42120e+00
1	0	6	0	1	3	1.41000e+00	-1.74510e-01	1.32020e+00
1	0	7	0	1	3	1.25340e+00	-3.62780e-02	1.24940e+00
1	0	8	0	1	3	1.44900e+00	-3.83590e-01	1.25050e+00
1	0	9	0	1	3	2.28060e+00	-6.04700e-01	1.82360e+00
1	0	10	0	1	3	9.33520e-01	5.26570e-02	9.95230e-01
#######################################################################
# BH1 Down                                                            #
#######################################################################
1	0	0	1	1	3	2.02010e+00	-5.58670e-01	1.64300e+00
1	0	1	1	1	3	8.49690e-01	1.88140e-01	1.01360e+00
1	0	2	1	1	3	1.21680e+00	-7.53470e-02	1.21540e+00
1	0	3	1	1	3	2.08470e+02	-6.59470e+01	2.55410e+01
1	0	4	1	1	3	1.41330e+00	-2.47510e-01	1.29810e+00
1	0	5	1	1	3	1.63380e+00	-2.25070e-01	1.48610e+00
1	0	6	1	1	3	1.64270e+00	-3.28680e-01	1.48410e+00
1	0	7	1	1	3	1.48840e+00	-1.98800e-01	1.38020e+00
1	0	8	1	1	3	9.57720e-01	-5.07090e-03	9.79170e-01
1	0	9	1	1	3	1.28980e+00	-8.52640e-02	1.26930e+00
1	0	10	1	1	3	1.29280e+00	-1.52360e-01	1.25330e+00
#######################################################################
# BH2 Up                                                              #
#######################################################################
2	0	0	0	1	3	1.23928e-01	3.19092e-01	1.64921e-01
2	0	1	0	1	3	7.53706e-01	-1.79708e-01	6.99096e-01
2	0	2	0	1	3	4.42202e-01	-1.79103e-01	4.01925e-01
2	0	3	0	1	3	3.11545e-01	-5.77250e-02	3.02038e-01
2	0	4	0	1	3	2.94738e-01	-1.61080e-01	2.70687e-01
2	0	5	0	1	3	1.70974e-01	2.75206e-01	2.01729e-01
2	0	6	0	1	3	3.73818e-01	9.75170e-02	3.97597e-01
2	0	7	0	1	3	3.15997e-01	6.59460e-02	3.24278e-01
#######################################################################
# BH2 Down                                                            #
#######################################################################
2	0	0	1	1	3	2.64639e-01	1.04767e-01	3.03250e-01
2	0	1	1	1	3	1.34101e+00	-8.16725e-01	9.87325e-01
2	0	2	1	1	3	4.33143e-01	-7.83380e-02	4.15357e-01
2	0	3	1	1	3	2.71422e-01	-7.15340e-02	2.53653e-01
2	0	4	1	1	3	2.16354e-01	1.56752e-01	2.36613e-01
2	0	5	1	1	3	2.26477e-01	2.19430e-01	2.54177e-01
2	0	6	1	1	3	1.46634e+00	-7.69085e-01	1.07966e+00
2	0	7	1	1	3	2.49431e-01	7.90660e-02	2.64418e-01
#######################################################################
# BAC                                                                 #
#######################################################################
3	0	0	0	1	3	0.00000e+00	0.00000e+00	0.00000e+00
3	0	1	0	1	3	0.00000e+00	0.00000e+00	0.00000e+00
#######################################################################
# FBH Up                                                              #
#######################################################################
4	0	0	0	2	3	-5.62952e-03	8.96903e-01	-3.53273e+01
4	0	1	0	2	3	-4.29399e-03	7.37975e-01	-3.00049e+01
4	0	2	0	2	3	-5.26894e-03	8.67305e-01	-3.38992e+01
4	0	3	0	2	3	-3.80183e-03	6.69237e-01	-2.72260e+01
4	0	4	0	2	3	-4.35014e-03	7.35785e-01	-2.92008e+01
4	0	5	0	2	3	-4.02541e-03	6.86907e-01	-2.70312e+01
4	0	6	0	2	3	-4.16660e-03	7.08229e-01	-2.81512e+01
4	0	7	0	2	3	-3.93117e-03	6.84759e-01	-2.69101e+01
4	0	8	0	2	3	-4.14423e-03	6.96902e-01	-2.65883e+01
4	0	9	0	2	3	-2.83372e-03	5.62925e-01	-2.20787e+01
4	0	10	0	2	3	-4.07944e-03	7.09420e-01	-2.75603e+01
4	0	11	0	2	3	-3.50961e-03	6.50113e-01	-2.64167e+01
4	0	12	0	2	3	-3.52415e-03	6.49734e-01	-2.67232e+01
4	0	13	0	2	3	-4.13420e-03	7.26957e-01	-2.99675e+01
4	0	14	0	2	3	-4.90315e-03	8.27563e-01	-3.35630e+01
4	0	15	0	2	3	-4.73048e-03	8.13189e-01	-3.31901e+01
#######################################################################
# FBH Down                                                            #
#######################################################################
4	0	0	1	2	3	-5.62952e-03	8.96903e-01	-3.53273e+01
4	0	1	1	2	3	-4.29399e-03	7.37975e-01	-3.00049e+01
4	0	2	1	2	3	-5.26894e-03	8.67305e-01	-3.38992e+01
4	0	3	1	2	3	-3.80183e-03	6.69237e-01	-2.72260e+01
4	0	4	1	2	3	-4.35014e-03	7.35785e-01	-2.92008e+01
4	0	5	1	2	3	-4.02541e-03	6.86907e-01	-2.70312e+01
4	0	6	1	2	3	-4.16660e-03	7.08229e-01	-2.81512e+01
4	0	7	1	2	3	-3.93117e-03	6.84759e-01	-2.69101e+01
4	0	8	1	2	3	-4.14423e-03	6.96902e-01	-2.65883e+01
4	0	9	1	2	3	-2.83372e-03	5.62925e-01	-2.20787e+01
4	0	10	1	2	3	-4.07944e-03	7.09420e-01	-2.75603e+01
4	0	11	1	2	3	-3.50961e-03	6.50113e-01	-2.64167e+01
4	0	12	1	2	3	-3.52415e-03	6.49734e-01	-2.67232e+01
4	0	13	1	2	3	-4.13420e-03	7.26957e-01	-2.99675e+01
4	0	14	1	2	3	-4.90315e-03	8.27563e-01	-3.35630e+01
4	0	15	1	2	3	-4.73048e-03	8.13189e-01	-3.31901e+01
#######################################################################
# PVAC                                                                #
#######################################################################
5	0	0	0	1	3	0.00000e+00	0.00000e+00	0.00000e+00
#######################################################################
# FAC                                                                 #
#######################################################################
6	0	0	0	1	3	0.00000e+00	0.00000e+00	0.00000e+00
#######################################################################
# SCH                                                                 #
#######################################################################
#7	0	0	0	2	3	-0.00500000	0.821213	-32.185321
#7	0	1	0	2	3	-0.00500000	0.830248	-32.269563
#7	0	2	0	2	3	-0.00500000	0.793073	-29.315934
#7	0	3	0	2	3	-0.00500000	0.772144	-28.276705
#7	0	4	0	2	3	-0.00500000	0.801968	-30.687167
#7	0	5	0	2	3	-0.00500000	0.778300	-28.439251
#7	0	6	0	2	3	-0.00500000	0.765872	-27.918181
#7	0	7	0	2	3	-0.00500000	0.738459	-26.016797
#7	0	8	0	2	3	-0.00500000	0.778318	-28.676371
#7	0	9	0	2	3	-0.00500000	0.776670	-28.892887
#7	0	10	0	2	3	-0.00500000	0.764278	-28.122474
#7	0	11	0	2	3	-0.00500000	0.790742	-29.423647
#7	0	12	0	2	3	-0.00500000	0.811330	-30.487019
#7	0	13	0	2	3	-0.00500000	0.818750	-30.891512
#7	0	14	0	2	3	-0.00500000	0.802541	-30.009136
#7	0	15	0	2	3	-0.00500000	0.809525	-30.751746
#7	0	16	0	2	3	-0.00500000	0.802597	-30.845509
#7	0	17	0	2	3	-0.00500000	0.835028	-32.780792
#7	0	18	0	2	3	-0.00500000	0.859176	-33.938731
#7	0	19	0	2	3	-0.00500000	0.814851	-31.445396
#7	0	20	0	2	3	-0.00500000	0.809426	-30.781087
#7	0	21	0	2	3	-0.00500000	0.780678	-28.888756
#7	0	22	0	2	3	-0.00500000	0.808206	-30.719604
#7	0	23	0	2	3	-0.00500000	0.774024	-27.858339
#7	0	24	0	2	3	-0.00500000	0.794308	-29.022101
#7	0	25	0	2	3	-0.00500000	0.775649	-27.980186
#7	0	26	0	2	3	-0.00500000	0.788483	-28.687567
#7	0	27	0	2	3	-0.00466315	0.771386	-29.253260
#7	0	28	0	2	3	-0.00483132	0.790854	-28.637741
#7	0	29	0	2	3	-0.00497049	0.812994	-30.786914
#7	0	30	0	2	3	-0.00500000	0.787793	-28.362716
#7	0	31	0	2	3	-0.00500000	0.790759	-28.876812
#7	0	32	0	2	3	-0.00500000	0.824826	-31.655285
#7	0	33	0	2	3	-0.00500000	0.845304	-33.407765
#7	0	34	0	2	3	-0.00500000	0.832263	-32.939799
#7	0	35	0	2	3	-0.00500000	0.820631	-31.695372
#7	0	36	0	2	3	-0.00500000	0.836997	-33.200590
#7	0	37	0	2	3	-0.00500000	0.819690	-32.097193
#7	0	38	0	2	3	-0.00500000	0.808109	-31.263214
#7	0	39	0	2	3	-0.00500000	0.815224	-31.135523
#7	0	40	0	2	3	-0.00500000	0.803398	-29.897923
#7	0	41	0	2	3	-0.00500000	0.815685	-31.165519
#7	0	42	0	2	3	-0.00500000	0.812980	-30.737261
#7	0	43	0	2	3	-0.00500000	0.829418	-32.693307
#7	0	44	0	2	3	-0.00500000	0.789530	-29.464920
#7	0	45	0	2	3	-0.00500000	0.804789	-31.208151
#7	0	46	0	2	3	-0.00500000	0.830106	-32.806514
#7	0	47	0	2	3	-0.00500000	0.819206	-31.373242
#7	0	48	0	2	3	-0.00500000	0.816165	-31.709319
#7	0	49	0	2	3	-0.00500000	0.798496	-30.201709
#7	0	50	0	2	3	-0.00500000	0.812167	-31.795745
#7	0	51	0	2	3	-0.00500000	0.810749	-31.375226
#7	0	52	0	2	3	-0.00500000	0.803385	-31.372512
#7	0	53	0	2	3	-0.00500000	0.777405	-29.262831
#7	0	54	0	2	3	-0.00500000	0.783954	-29.763410
#7	0	55	0	2	3	-0.00500000	0.789443	-29.976449
#7	0	56	0	2	3	-0.00500000	0.838828	-33.261086
#7	0	57	0	2	3	-0.00500000	0.804421	-30.573195
#7	0	58	0	2	3	-0.00500000	0.773283	-29.111048
#7	0	59	0	2	3	-0.00500000	0.811789	-31.449459
#7	0	60	0	2	3	-0.00500000	0.759724	-28.110014
#7	0	61	0	2	3	-0.00500000	0.810884	-31.379063
#7	0	62	0	2	3	-0.00500000	0.771910	-28.435006
#7	0	63	0	2	3	-0.00500000	0.796658	-30.511906
#######################################################################
# TOF Up                                                              #
#######################################################################
7	0	0	0	1	3	5.24830e+00	-1.96630e+00	2.96170e+00
7	0	1	0	1	3	5.24830e+00	-1.96630e+00	2.96170e+00
7	0	2	0	1	3	5.24830e+00	-1.96630e+00	2.96170e+00
7	0	3	0	1	3	5.24830e+00	-1.96630e+00	2.96170e+00
7	0	4	0	1	3	5.24830e+00	-1.96630e+00	2.96170e+00
7	0	5	0	1	3	5.24830e+00	-1.96630e+00	2.96170e+00
7	0	6	0	1	3	6.97090e+00	-3.03520e+00	3.39910e+00
7	0	7	0	1	3	4.05450e+00	-1.96150e+00	2.30360e+00
7	0	8	0	1	3	1.16940e+02	-2.98600e+01	2.09880e+01
7	0	9	0	1	3	5.24830e+00	-1.96630e+00	2.96170e+00
7	0	10	0	1	3	5.24830e+00	-1.96630e+00	2.96170e+00
7	0	11	0	1	3	5.24830e+00	-1.96630e+00	2.96170e+00
7	0	12	0	1	3	5.24830e+00	-1.96630e+00	2.96170e+00
7	0	13	0	1	3	5.24830e+00	-1.96630e+00	2.96170e+00
7	0	14	0	1	3	5.24830e+00	-1.96630e+00	2.96170e+00
7	0	15	0	1	3	5.24830e+00	-1.96630e+00	2.96170e+00
7	0	16	0	1	3	5.24830e+00	-1.96630e+00	2.96170e+00
7	0	17	0	1	3	5.24830e+00	-1.96630e+00	2.96170e+00
7	0	18	0	1	3	5.24830e+00	-1.96630e+00	2.96170e+00
7	0	19	0	1	3	7.11491e-01	1.85180e-03	5.82402e-01
7	0	20	0	1	3	5.59404e-01	-1.73810e-03	4.50716e-01
7	0	21	0	1	3	8.92499e-01	1.99900e-03	7.37364e-01
7	0	22	0	1	3	6.37553e-01	1.99960e-03	5.45449e-01
7	0	23	0	1	3	1.19210e+00	1.98920e-03	9.99994e-01
#######################################################################
# TOF Down                                                            #
#######################################################################
7	0	0	1	1	3	5.84300e+00	-2.30730e+00	3.11320e+00
7	0	1	1	1	3	5.84300e+00	-2.30730e+00	3.11320e+00
7	0	2	1	1	3	5.84300e+00	-2.30730e+00	3.11320e+00
7	0	3	1	1	3	5.84300e+00	-2.30730e+00	3.11320e+00
7	0	4	1	1	3	5.84300e+00	-2.30730e+00	3.11320e+00
7	0	5	1	1	3	5.84300e+00	-2.30730e+00	3.11320e+00
7	0	6	1	1	3	1.41330e+01	-5.81170e+00	5.32680e+00
7	0	7	1	1	3	7.84850e+01	-2.02870e+01	1.69500e+01
7	0	8	1	1	3	2.20240e+02	-3.62440e+01	3.60080e+01
7	0	9	1	1	3	5.84300e+00	-2.30730e+00	3.11320e+00
7	0	10	1	1	3	5.84300e+00	-2.30730e+00	3.11320e+00
7	0	11	1	1	3	5.84300e+00	-2.30730e+00	3.11320e+00
7	0	12	1	1	3	5.84300e+00	-2.30730e+00	3.11320e+00
7	0	13	1	1	3	5.84300e+00	-2.30730e+00	3.11320e+00
7	0	14	1	1	3	5.84300e+00	-2.30730e+00	3.11320e+00
7	0	15	1	1	3	5.84300e+00	-2.30730e+00	3.11320e+00
7	0	16	1	1	3	5.84300e+00	-2.30730e+00	3.11320e+00
7	0	17	1	1	3	5.84300e+00	-2.30730e+00	3.11320e+00
7	0	18	1	1	3	5.84300e+00	-2.30730e+00	3.11320e+00
7	0	19	1	1	3	6.18741e-01	1.99860e-03	4.90831e-01
7	0	20	1	1	3	5.75901e-01	1.04210e-03	4.72509e-01
7	0	21	1	1	3	9.41046e-01	1.99890e-03	7.79357e-01
7	0	22	1	1	3	4.84266e-01	-1.95590e-03	3.99786e-01
7	0	23	1	1	3	8.97714e-01	1.99860e-03	7.56300e-01
#######################################################################
# BFT U                                                               #
#######################################################################
110	0	0	0	2	3	7.04631e-03	-7.93813e-01	1.93875e+01
110	0	1	0	2	3	-3.57838e-04	-2.19323e-01	9.44864e+00
110	0	2	0	2	3	6.21356e-03	-7.56717e-01	1.99517e+01
110	0	3	0	2	3	4.60445e-03	-5.76186e-01	1.48302e+01
110	0	4	0	2	3	8.34620e-04	-3.36381e-01	1.14431e+01
110	0	5	0	2	3	1.57556e-03	-3.96814e-01	1.29357e+01
110	0	6	0	2	3	3.61659e-03	-5.41551e-01	1.51966e+01
110	0	7	0	2	3	1.08274e-05	-2.52396e-01	9.44486e+00
110	0	8	0	2	3	6.40508e-03	-7.47200e-01	1.81013e+01
110	0	9	0	2	3	4.94125e-03	-6.35502e-01	1.74807e+01
110	0	10	0	2	3	3.22177e-03	-5.17693e-01	1.42674e+01
110	0	11	0	2	3	3.36216e-03	-5.14140e-01	1.52539e+01
110	0	12	0	2	3	2.84472e-03	-5.01178e-01	1.34833e+01
110	0	13	0	2	3	4.06595e-03	-5.59916e-01	1.59673e+01
110	0	14	0	2	3	2.85508e-03	-4.96615e-01	1.41824e+01
110	0	15	0	2	3	3.84319e-03	-5.55158e-01	1.60922e+01
110	0	16	0	2	3	3.24273e-03	-5.15063e-01	1.42866e+01
110	0	17	0	2	3	3.95190e-03	-5.58450e-01	1.66814e+01
110	0	18	0	2	3	3.46886e-03	-5.40056e-01	1.48012e+01
110	0	19	0	2	3	3.31212e-03	-5.38189e-01	1.37578e+01
110	0	20	0	2	3	3.59819e-03	-5.44450e-01	1.53690e+01
110	0	21	0	2	3	-8.95264e-03	4.36335e-01	-2.05148e+00
110	0	22	0	2	3	2.70636e-03	-4.87848e-01	1.43573e+01
110	0	23	0	2	3	2.99788e-03	-4.82564e-01	1.42809e+01
110	0	24	0	2	3	3.64635e-03	-5.44372e-01	1.55972e+01
110	0	25	0	2	3	4.17116e-03	-5.60307e-01	1.60097e+01
110	0	26	0	2	3	3.67543e-03	-5.62774e-01	1.58413e+01
110	0	27	0	2	3	3.30955e-03	-5.09583e-01	1.47382e+01
110	0	28	0	2	3	2.58562e-03	-4.76752e-01	1.26935e+01
110	0	29	0	2	3	3.73112e-03	-5.39757e-01	1.58848e+01
110	0	30	0	2	3	3.66255e-03	-5.52663e-01	1.52507e+01
110	0	31	0	2	3	4.24289e-03	-5.80606e-01	1.60735e+01
110	0	32	0	2	3	3.94679e-03	-5.72204e-01	1.58555e+01
110	0	33	0	2	3	4.50062e-03	-5.85664e-01	1.44387e+01
110	0	34	0	2	3	4.44375e-03	-5.99044e-01	1.59443e+01
110	0	35	0	2	3	3.64509e-03	-5.50182e-01	1.66565e+01
110	0	36	0	2	3	3.40722e-03	-5.24218e-01	1.35954e+01
110	0	37	0	2	3	3.81650e-03	-5.57941e-01	1.67034e+01
110	0	38	0	2	3	3.94709e-03	-5.62836e-01	1.47641e+01
110	0	39	0	2	3	4.74772e-03	-6.23794e-01	1.76362e+01
110	0	40	0	2	3	3.14673e-03	-5.09407e-01	1.32801e+01
110	0	41	0	2	3	4.15216e-03	-5.72508e-01	1.66235e+01
110	0	42	0	2	3	3.87785e-03	-5.58199e-01	1.46127e+01
110	0	43	0	2	3	4.62902e-03	-6.19826e-01	1.81844e+01
110	0	44	0	2	3	3.39882e-03	-5.35060e-01	1.49538e+01
110	0	45	0	2	3	4.31658e-03	-5.85425e-01	1.64684e+01
110	0	46	0	2	3	4.22279e-03	-5.95692e-01	1.61637e+01
110	0	47	0	2	3	4.85263e-03	-6.39041e-01	1.86478e+01
110	0	48	0	2	3	3.43687e-03	-5.29338e-01	1.37472e+01
110	0	49	0	2	3	4.47181e-03	-6.01076e-01	1.72817e+01
110	0	50	0	2	3	4.17710e-03	-5.84981e-01	1.61500e+01
110	0	51	0	2	3	4.72057e-03	-6.18808e-01	1.74325e+01
110	0	52	0	2	3	3.57756e-03	-5.37665e-01	1.44555e+01
110	0	53	0	2	3	4.03792e-03	-5.67077e-01	1.54638e+01
110	0	54	0	2	3	4.17752e-03	-5.83687e-01	1.57406e+01
110	0	55	0	2	3	5.05305e-03	-6.47529e-01	1.79744e+01
110	0	56	0	2	3	3.93162e-03	-5.79158e-01	1.57646e+01
110	0	57	0	2	3	4.45749e-03	-5.99575e-01	1.67157e+01
110	0	58	0	2	3	4.37000e-03	-6.00216e-01	1.61284e+01
110	0	59	0	2	3	4.49280e-03	-6.20966e-01	1.85631e+01
110	0	60	0	2	3	3.62658e-03	-5.52045e-01	1.49708e+01
110	0	61	0	2	3	3.87363e-03	-5.57867e-01	1.57293e+01
110	0	62	0	2	3	4.96702e-03	-6.39454e-01	1.66624e+01
110	0	63	0	2	3	4.03601e-03	-5.79119e-01	1.61650e+01
110	0	64	0	2	3	3.51888e-03	-5.40828e-01	1.53634e+01
110	0	65	0	2	3	3.99183e-03	-5.69063e-01	1.58958e+01
110	0	66	0	2	3	4.55063e-03	-6.27725e-01	1.71663e+01
110	0	67	0	2	3	3.67567e-03	-5.51115e-01	1.58040e+01
110	0	68	0	2	3	3.59857e-03	-5.57337e-01	1.62508e+01
110	0	69	0	2	3	4.06482e-03	-5.70271e-01	1.64252e+01
110	0	70	0	2	3	4.14687e-03	-6.01050e-01	1.60111e+01
110	0	71	0	2	3	4.32292e-03	-5.99206e-01	1.64710e+01
110	0	72	0	2	3	3.59329e-03	-5.54049e-01	1.50607e+01
110	0	73	0	2	3	4.40740e-03	-6.06167e-01	1.70224e+01
110	0	74	0	2	3	4.15816e-03	-5.99363e-01	1.69330e+01
110	0	75	0	2	3	4.35527e-03	-5.95532e-01	1.60053e+01
110	0	76	0	2	3	3.64965e-03	-5.50569e-01	1.50241e+01
110	0	77	0	2	3	3.80572e-03	-5.58900e-01	1.57483e+01
110	0	78	0	2	3	4.05385e-03	-5.91854e-01	1.61678e+01
110	0	79	0	2	3	4.11723e-03	-5.80307e-01	1.57543e+01
110	0	80	0	2	3	3.71539e-03	-5.58331e-01	1.53051e+01
110	0	81	0	2	3	4.27477e-03	-5.82632e-01	1.57584e+01
110	0	82	0	2	3	4.18742e-03	-5.88421e-01	1.63216e+01
110	0	83	0	2	3	4.43014e-03	-6.06233e-01	1.61322e+01
110	0	84	0	2	3	3.43158e-03	-5.34723e-01	1.53088e+01
110	0	85	0	2	3	3.84555e-03	-5.60051e-01	1.57975e+01
110	0	86	0	2	3	4.14271e-03	-6.00071e-01	1.63406e+01
110	0	87	0	2	3	4.54439e-03	-6.24009e-01	1.83170e+01
110	0	88	0	2	3	3.63884e-03	-5.47331e-01	1.49211e+01
110	0	89	0	2	3	4.09858e-03	-5.80038e-01	1.57432e+01
110	0	90	0	2	3	4.04448e-03	-5.85983e-01	1.58380e+01
110	0	91	0	2	3	4.53101e-03	-6.17506e-01	1.69874e+01
110	0	92	0	2	3	3.93804e-03	-5.83224e-01	1.66147e+01
110	0	93	0	2	3	4.00522e-03	-5.71627e-01	1.53468e+01
110	0	94	0	2	3	4.28488e-03	-6.18521e-01	1.82747e+01
110	0	95	0	2	3	4.36086e-03	-6.04813e-01	1.66301e+01
110	0	96	0	2	3	3.95291e-03	-5.84249e-01	1.62794e+01
110	0	97	0	2	3	4.10208e-03	-5.82301e-01	1.63772e+01
110	0	98	0	2	3	4.18873e-03	-6.04777e-01	1.66554e+01
110	0	99	0	2	3	4.38497e-03	-5.99034e-01	1.62823e+01
110	0	100	0	2	3	3.68226e-03	-5.57639e-01	1.63087e+01
110	0	101	0	2	3	3.85729e-03	-5.63251e-01	1.59424e+01
110	0	102	0	2	3	4.38153e-03	-6.11906e-01	1.65212e+01
110	0	103	0	2	3	4.78892e-03	-6.32000e-01	1.76702e+01
110	0	104	0	2	3	3.59394e-03	-5.52892e-01	1.53811e+01
110	0	105	0	2	3	4.14537e-03	-5.81941e-01	1.56827e+01
110	0	106	0	2	3	4.39086e-03	-6.15263e-01	1.66173e+01
110	0	107	0	2	3	4.47905e-03	-6.04191e-01	1.65724e+01
110	0	108	0	2	3	3.59359e-03	-5.52666e-01	1.62062e+01
110	0	109	0	2	3	4.04313e-03	-5.78019e-01	1.65642e+01
110	0	110	0	2	3	4.57603e-03	-6.22942e-01	1.64158e+01
110	0	111	0	2	3	4.32972e-03	-6.07232e-01	1.72514e+01
110	0	112	0	2	3	3.29903e-03	-5.23215e-01	1.44027e+01
110	0	113	0	2	3	4.13815e-03	-5.78936e-01	1.64973e+01
110	0	114	0	2	3	3.34891e-03	-5.34667e-01	1.59671e+01
110	0	115	0	2	3	3.83946e-03	-5.63976e-01	1.63359e+01
110	0	116	0	2	3	4.07402e-03	-5.88285e-01	1.65171e+01
110	0	117	0	2	3	4.31107e-03	-6.05225e-01	1.72098e+01
110	0	118	0	2	3	4.58480e-03	-6.33589e-01	1.81285e+01
110	0	119	0	2	3	4.56604e-03	-6.11824e-01	1.62410e+01
110	0	120	0	2	3	3.60486e-03	-5.66207e-01	1.64212e+01
110	0	121	0	2	3	3.41447e-03	-5.30049e-01	1.44069e+01
110	0	122	0	2	3	3.91035e-03	-5.77140e-01	1.65345e+01
110	0	123	0	2	3	4.88060e-03	-6.39725e-01	1.80234e+01
110	0	124	0	2	3	3.36843e-03	-5.34569e-01	1.62661e+01
110	0	125	0	2	3	3.49464e-03	-5.33817e-01	1.38613e+01
110	0	126	0	2	3	3.32815e-03	-5.25401e-01	1.53709e+01
110	0	127	0	2	3	4.10678e-03	-5.89698e-01	1.59851e+01
110	0	128	0	2	3	3.69434e-03	-5.87584e-01	1.78480e+01
110	0	129	0	2	3	2.33253e-03	-4.84400e-01	1.46393e+01
110	0	130	0	2	3	-4.06898e-03	7.23676e-03	6.60536e+00
110	0	131	0	2	3	2.30914e-03	-4.67843e-01	1.53652e+01
110	0	132	0	2	3	3.43408e-03	-5.48849e-01	1.62254e+01
110	0	133	0	2	3	-7.70187e-04	-2.31833e-01	9.99856e+00
110	0	134	0	2	3	2.54918e-03	-4.95944e-01	1.59440e+01
110	0	135	0	2	3	1.76472e-03	-4.28648e-01	1.40321e+01
110	0	136	0	2	3	3.94353e-03	-5.92305e-01	1.70381e+01
110	0	137	0	2	3	2.73343e-03	-5.06691e-01	1.55875e+01
110	0	138	0	2	3	-7.63053e-03	2.69085e-01	2.10379e+00
110	0	139	0	2	3	1.70055e-03	-4.34355e-01	1.38055e+01
110	0	140	0	2	3	-5.25774e-03	1.07600e-01	4.98247e+00
110	0	141	0	2	3	4.01096e-03	-6.07277e-01	1.72467e+01
110	0	142	0	2	3	2.48018e-03	-5.07296e-01	1.64006e+01
110	0	143	0	2	3	1.67408e-03	-4.56037e-01	1.53916e+01
110	0	144	0	2	3	4.83538e-03	-6.37284e-01	1.70696e+01
110	0	145	0	2	3	4.02505e-03	-5.94915e-01	1.66251e+01
110	0	146	0	2	3	1.17913e-03	-3.85369e-01	1.36973e+01
110	0	147	0	2	3	3.54443e-03	-5.42192e-01	1.55634e+01
110	0	148	0	2	3	3.37389e-04	-3.23849e-01	1.20771e+01
110	0	149	0	2	3	-7.61426e-04	-2.32509e-01	9.93024e+00
110	0	150	0	2	3	2.60296e-03	-4.52418e-01	1.43987e+01
110	0	151	0	2	3	3.12436e-03	-5.45959e-01	1.69346e+01
110	0	152	0	2	3	6.60196e-04	-3.42228e-01	1.34946e+01
110	0	153	0	2	3	2.06047e-03	-4.51427e-01	1.41748e+01
110	0	154	0	2	3	2.29272e-03	-4.73118e-01	1.50212e+01
110	0	155	0	2	3	6.16178e-03	-7.33355e-01	1.80152e+01
110	0	156	0	2	3	-4.39662e-04	-2.51690e-01	1.11522e+01
110	0	157	0	2	3	-8.99076e-03	4.86671e-01	-4.38963e+00
110	0	158	0	2	3	2.11425e-03	-4.25155e-01	1.34876e+01
110	0	159	0	2	3	-3.19041e-03	-9.04849e-02	8.73120e+00
#######################################################################
# BFT D                                                               #
#######################################################################
110	1	0	0	2	3	-1.79305e-03	-1.08177e-01	6.87078e+00
110	1	1	0	2	3	5.27393e-03	-6.75565e-01	1.86388e+01
110	1	2	0	2	3	6.39196e-03	-7.58287e-01	1.95287e+01
110	1	3	0	2	3	-5.26319e-03	1.26244e-01	3.91500e+00
110	1	4	0	2	3	2.21618e-03	-4.45837e-01	1.38469e+01
110	1	5	0	2	3	1.99775e-03	-4.56089e-01	1.54962e+01
110	1	6	0	2	3	5.04872e-03	-6.56820e-01	1.73957e+01
110	1	7	0	2	3	2.73929e-03	-4.85067e-01	1.49008e+01
110	1	8	0	2	3	2.50165e-03	-4.71916e-01	1.45193e+01
110	1	9	0	2	3	-1.56795e-02	9.27161e-01	-1.14955e+01
110	1	10	0	2	3	2.59148e-03	-4.92167e-01	1.39719e+01
110	1	11	0	2	3	2.96557e-03	-5.00144e-01	1.49859e+01
110	1	12	0	2	3	2.74313e-03	-4.91447e-01	1.40698e+01
110	1	13	0	2	3	5.41464e-03	-6.74737e-01	1.77931e+01
110	1	14	0	2	3	3.24378e-03	-5.33010e-01	1.47006e+01
110	1	15	0	2	3	-7.36027e-04	-2.25139e-01	1.06466e+01
110	1	16	0	2	3	2.50868e-03	-4.85566e-01	1.43326e+01
110	1	17	0	2	3	3.39827e-03	-5.30562e-01	1.54646e+01
110	1	18	0	2	3	3.67106e-03	-5.54823e-01	1.46876e+01
110	1	19	0	2	3	3.80661e-03	-5.54111e-01	1.61077e+01
110	1	20	0	2	3	2.44383e-03	-4.71607e-01	1.42142e+01
110	1	21	0	2	3	1.33530e-03	-3.86113e-01	1.42950e+01
110	1	22	0	2	3	4.18728e-03	-5.87985e-01	1.57443e+01
110	1	23	0	2	3	2.69667e-03	-4.74967e-01	1.49747e+01
110	1	24	0	2	3	3.79716e-03	-5.69003e-01	1.65291e+01
110	1	25	0	2	3	2.98188e-03	-4.95204e-01	1.54169e+01
110	1	26	0	2	3	3.91220e-03	-5.70805e-01	1.62097e+01
110	1	27	0	2	3	3.59843e-03	-5.48508e-01	1.62323e+01
110	1	28	0	2	3	3.06410e-03	-5.17140e-01	1.44527e+01
110	1	29	0	2	3	3.59294e-03	-5.47135e-01	1.56229e+01
110	1	30	0	2	3	4.43566e-03	-6.06815e-01	1.61204e+01
110	1	31	0	2	3	2.85655e-03	-5.00762e-01	1.49526e+01
110	1	32	0	2	3	3.72021e-03	-5.63067e-01	1.67251e+01
110	1	33	0	2	3	3.14268e-03	-5.20270e-01	1.41053e+01
110	1	34	0	2	3	4.09400e-03	-5.82406e-01	1.52899e+01
110	1	35	0	2	3	3.78252e-03	-5.71007e-01	1.72066e+01
110	1	36	0	2	3	3.23429e-03	-5.25705e-01	1.56653e+01
110	1	37	0	2	3	3.30705e-03	-5.23642e-01	1.43518e+01
110	1	38	0	2	3	3.43536e-03	-5.42018e-01	1.60918e+01
110	1	39	0	2	3	4.20241e-03	-5.85719e-01	1.63759e+01
110	1	40	0	2	3	3.48731e-03	-5.40159e-01	1.56935e+01
110	1	41	0	2	3	4.00728e-03	-5.71519e-01	1.65305e+01
110	1	42	0	2	3	3.53926e-03	-5.41864e-01	1.51770e+01
110	1	43	0	2	3	4.79382e-03	-6.31939e-01	1.74371e+01
110	1	44	0	2	3	3.62897e-03	-5.54815e-01	1.50822e+01
110	1	45	0	2	3	3.37104e-03	-5.33878e-01	1.62317e+01
110	1	46	0	2	3	4.27725e-03	-6.01553e-01	1.58500e+01
110	1	47	0	2	3	4.56834e-03	-6.31906e-01	1.88248e+01
110	1	48	0	2	3	3.40827e-03	-5.36345e-01	1.54546e+01
110	1	49	0	2	3	3.82651e-03	-5.60744e-01	1.59133e+01
110	1	50	0	2	3	3.81511e-03	-5.68968e-01	1.60200e+01
110	1	51	0	2	3	4.21453e-03	-5.92252e-01	1.71673e+01
110	1	52	0	2	3	4.23245e-03	-6.05333e-01	1.59658e+01
110	1	53	0	2	3	3.61078e-03	-5.48892e-01	1.67167e+01
110	1	54	0	2	3	4.50017e-03	-6.24472e-01	1.72593e+01
110	1	55	0	2	3	4.08987e-03	-5.81680e-01	1.70640e+01
110	1	56	0	2	3	3.87069e-03	-5.83066e-01	1.66524e+01
110	1	57	0	2	3	3.99379e-03	-5.78780e-01	1.68271e+01
110	1	58	0	2	3	4.69387e-03	-6.44588e-01	1.86561e+01
110	1	59	0	2	3	4.09969e-03	-5.96505e-01	1.84803e+01
110	1	60	0	2	3	3.67195e-03	-5.61856e-01	1.60399e+01
110	1	61	0	2	3	4.25127e-03	-5.84537e-01	1.64199e+01
110	1	62	0	2	3	3.86831e-03	-5.74138e-01	1.52160e+01
110	1	63	0	2	3	4.74700e-03	-6.35764e-01	1.82132e+01
110	1	64	0	2	3	3.69660e-03	-5.62876e-01	1.63781e+01
110	1	65	0	2	3	4.20360e-03	-5.94277e-01	1.67519e+01
110	1	66	0	2	3	4.40763e-03	-6.21775e-01	1.62050e+01
110	1	67	0	2	3	4.25864e-03	-6.00721e-01	1.59622e+01
110	1	68	0	2	3	3.28922e-03	-5.23040e-01	1.50572e+01
110	1	69	0	2	3	3.89256e-03	-5.70720e-01	1.64096e+01
110	1	70	0	2	3	4.13574e-03	-5.93171e-01	1.67397e+01
110	1	71	0	2	3	4.32767e-03	-6.11515e-01	1.74515e+01
110	1	72	0	2	3	3.67260e-03	-5.55312e-01	1.55671e+01
110	1	73	0	2	3	4.13573e-03	-5.95308e-01	1.76552e+01
110	1	74	0	2	3	3.81165e-03	-5.68344e-01	1.50323e+01
110	1	75	0	2	3	4.08005e-03	-5.93505e-01	1.65887e+01
110	1	76	0	2	3	3.50114e-03	-5.44322e-01	1.52449e+01
110	1	77	0	2	3	3.87068e-03	-5.76490e-01	1.62880e+01
110	1	78	0	2	3	4.10706e-03	-5.93561e-01	1.55179e+01
110	1	79	0	2	3	3.86614e-03	-5.71285e-01	1.60453e+01
110	1	80	0	2	3	3.63604e-03	-5.51517e-01	1.52544e+01
110	1	81	0	2	3	3.79848e-03	-5.65718e-01	1.53068e+01
110	1	82	0	2	3	4.71504e-03	-6.31843e-01	1.76109e+01
110	1	83	0	2	3	4.11802e-03	-5.77231e-01	1.57108e+01
110	1	84	0	2	3	3.31584e-03	-5.25090e-01	1.43285e+01
110	1	85	0	2	3	3.92454e-03	-5.70568e-01	1.56095e+01
110	1	86	0	2	3	4.04245e-03	-5.84681e-01	1.65560e+01
110	1	87	0	2	3	4.18327e-03	-5.86496e-01	1.46562e+01
110	1	88	0	2	3	3.39603e-03	-5.39762e-01	1.56123e+01
110	1	89	0	2	3	3.93420e-03	-5.78192e-01	1.54724e+01
110	1	90	0	2	3	3.77102e-03	-5.68832e-01	1.52857e+01
110	1	91	0	2	3	4.26787e-03	-5.95046e-01	1.55867e+01
110	1	92	0	2	3	3.61869e-03	-5.45055e-01	1.51368e+01
110	1	93	0	2	3	3.63688e-03	-5.52308e-01	1.55246e+01
110	1	94	0	2	3	3.73806e-03	-5.66782e-01	1.63893e+01
110	1	95	0	2	3	4.22692e-03	-6.00577e-01	1.61129e+01
110	1	96	0	2	3	3.50243e-03	-5.43929e-01	1.48945e+01
110	1	97	0	2	3	3.71606e-03	-5.57737e-01	1.60584e+01
110	1	98	0	2	3	3.81736e-03	-5.84685e-01	1.70473e+01
110	1	99	0	2	3	3.85821e-03	-5.70007e-01	1.56374e+01
110	1	100	0	2	3	3.90528e-03	-5.59683e-01	1.56310e+01
110	1	101	0	2	3	3.93329e-03	-5.69780e-01	1.51047e+01
110	1	102	0	2	3	4.23283e-03	-6.05218e-01	1.65029e+01
110	1	103	0	2	3	3.94263e-03	-5.74037e-01	1.55817e+01
110	1	104	0	2	3	3.74406e-03	-5.62324e-01	1.57993e+01
110	1	105	0	2	3	4.26882e-03	-5.94759e-01	1.63201e+01
110	1	106	0	2	3	4.04983e-03	-5.96031e-01	1.72750e+01
110	1	107	0	2	3	4.41139e-03	-6.04358e-01	1.62307e+01
110	1	108	0	2	3	3.40964e-03	-5.35775e-01	1.60095e+01
110	1	109	0	2	3	3.29128e-03	-5.32548e-01	1.59118e+01
110	1	110	0	2	3	3.90129e-03	-5.81814e-01	1.61806e+01
110	1	111	0	2	3	4.72640e-03	-6.35656e-01	1.81007e+01
110	1	112	0	2	3	3.84161e-03	-5.67760e-01	1.56669e+01
110	1	113	0	2	3	4.09628e-03	-5.89594e-01	1.64614e+01
110	1	114	0	2	3	3.90312e-03	-5.77142e-01	1.56372e+01
110	1	115	0	2	3	3.64994e-03	-5.52645e-01	1.54007e+01
110	1	116	0	2	3	3.44899e-03	-5.42582e-01	1.54701e+01
110	1	117	0	2	3	4.27612e-03	-5.93686e-01	1.63178e+01
110	1	118	0	2	3	4.62365e-03	-6.24964e-01	1.59829e+01
110	1	119	0	2	3	4.98093e-03	-6.44462e-01	1.73218e+01
110	1	120	0	2	3	3.56767e-03	-5.54886e-01	1.64917e+01
110	1	121	0	2	3	2.96184e-03	-5.06804e-01	1.47672e+01
110	1	122	0	2	3	3.18160e-03	-5.31473e-01	1.64085e+01
110	1	123	0	2	3	2.88452e-03	-5.03697e-01	1.61576e+01
110	1	124	0	2	3	3.38997e-03	-5.29291e-01	1.45361e+01
110	1	125	0	2	3	3.74021e-03	-5.55110e-01	1.57643e+01
110	1	126	0	2	3	3.90437e-03	-5.64687e-01	1.57580e+01
110	1	127	0	2	3	3.15633e-03	-5.10483e-01	1.47368e+01
110	1	128	0	2	3	2.48865e-03	-4.92092e-01	1.52703e+01
110	1	129	0	2	3	4.36578e-03	-6.30835e-01	1.77381e+01
110	1	130	0	2	3	2.77691e-03	-5.10343e-01	1.47803e+01
110	1	131	0	2	3	2.66464e-03	-4.89110e-01	1.46126e+01
110	1	132	0	2	3	4.17662e-03	-6.20752e-01	1.79303e+01
110	1	133	0	2	3	3.88664e-03	-5.70161e-01	1.57256e+01
110	1	134	0	2	3	4.03743e-03	-6.03622e-01	1.74047e+01
110	1	135	0	2	3	3.31823e-03	-5.42324e-01	1.59044e+01
110	1	136	0	2	3	5.81766e-03	-7.28194e-01	1.98240e+01
110	1	137	0	2	3	3.68435e-03	-5.67859e-01	1.62354e+01
110	1	138	0	2	3	2.11978e-03	-4.52503e-01	1.40568e+01
110	1	139	0	2	3	5.03657e-03	-6.56346e-01	1.78140e+01
110	1	140	0	2	3	2.10794e-03	-4.60606e-01	1.51167e+01
110	1	141	0	2	3	4.67406e-03	-6.40878e-01	1.79784e+01
110	1	142	0	2	3	3.40206e-03	-5.44488e-01	1.52032e+01
110	1	143	0	2	3	5.14253e-03	-6.58241e-01	1.78858e+01
110	1	144	0	2	3	2.49791e-03	-5.07555e-01	1.64959e+01
110	1	145	0	2	3	4.18619e-03	-5.82536e-01	1.59453e+01
110	1	146	0	2	3	2.25574e-03	-4.74296e-01	1.44911e+01
110	1	147	0	2	3	1.86443e-03	-4.66296e-01	1.48993e+01
110	1	148	0	2	3	1.18392e-03	-3.91050e-01	1.34433e+01
110	1	149	0	2	3	-5.32816e-03	1.27463e-01	3.36172e+00
110	1	150	0	2	3	5.03146e-03	-6.83581e-01	1.88684e+01
110	1	151	0	2	3	3.67163e-03	-5.66935e-01	1.68475e+01
110	1	152	0	2	3	4.94389e-03	-6.61895e-01	1.87598e+01
110	1	153	0	2	3	3.20098e-03	-5.27964e-01	1.61920e+01
110	1	154	0	2	3	8.45285e-03	-8.64953e-01	2.06790e+01
110	1	155	0	2	3	5.91777e-03	-7.06578e-01	1.80366e+01
110	1	156	0	2	3	3.81270e-03	-6.03266e-01	1.75271e+01
110	1	157	0	2	3	-5.09345e-04	-2.92512e-01	1.27114e+01
110	1	158	0	2	3	-1.26202e-03	-2.13699e-01	1.07476e+01
110	1	159	0	2	3	1.41192e-03	-4.22930e-01	1.42370e+01
