##
#  file: HodoPHCParam_Dummy
#  date: 2016.06.15
#  note: first version
#
#
#######################################################################
# CId	PlId	Seg	UorD	Type	nParam	p0	p1	...
#
#	Type=0 no correction will be performed
#	Type=1 ct=t-p[0]/sqrt(a-p[1])+p[2]
#	Type=2 ct=p[0]*a*a + p[1]*a + p[2] for Fiber
#
#######################################################################
# BH1 Up                                                              #
#######################################################################
1	0	0	0	1	3	5.08705e+00	-1.98362e+00	2.93454e+00
1	0	1	0	1	3	6.69706e-01	2.91546e-01	8.10244e-01
1	0	2	0	1	3	5.01779e-01	3.94271e-01	6.64278e-01
1	0	3	0	1	3	7.45330e-01	1.66754e-01	8.56036e-01
1	0	4	0	1	3	8.52890e-01	8.60054e-02	9.27134e-01
1	0	5	0	1	3	1.69981e+00	-1.50393e-01	1.62794e+00
1	0	6	0	1	3	1.58582e+00	-2.35346e-01	1.46587e+00
1	0	7	0	1	3	1.61970e+00	-1.46184e-01	1.54504e+00
1	0	8	0	1	3	1.37546e+00	-2.52696e-01	1.28233e+00
1	0	9	0	1	3	1.74814e+00	-2.76223e-01	1.64100e+00
1	0	10	0	1	3	1.60339e+01	-4.62629e+00	6.81205e+00
#######################################################################
# BH1 Down                                                            #
#######################################################################
1	0	0	1	1	3	1.33519e+00	-9.13138e-02	1.27257e+00
1	0	1	1	1	3	6.24909e-01	2.88647e-01	7.65429e-01
1	0	2	1	1	3	6.68954e-01	2.21542e-01	7.45264e-01
1	0	3	1	1	3	1.32364e+00	-4.57464e-01	1.08318e+00
1	0	4	1	1	3	1.18002e+00	-7.91080e-02	1.17008e+00
1	0	5	1	1	3	2.07299e+00	-4.79828e-01	1.70935e+00
1	0	6	1	1	3	1.96000e+00	-5.20196e-01	1.63958e+00
1	0	7	1	1	3	1.89852e+00	-4.50289e-01	1.60743e+00
1	0	8	1	1	3	1.02469e+00	-6.73213e-02	1.04734e+00
1	0	9	1	1	3	1.64894e+00	-1.85977e-01	1.61292e+00
1	0	10	1	1	3	7.15603e-01	2.22738e-01	8.54972e-01
#######################################################################
# BH2 Up                                                              #
#######################################################################
2	0	0	0	1	3	1.43047e-01	2.98695e-01	2.00085e-01
2	0	1	0	1	3	8.79554e-01	-2.31747e-01	7.85839e-01
2	0	2	0	1	3	5.94572e-01	-4.97541e-01	4.68956e-01
2	0	3	0	1	3	1.91725e-01	3.94747e-02	1.91115e-01
2	0	4	0	1	3	3.31184e-01	-9.38469e-02	3.15823e-01
2	0	5	0	1	3	1.99769e-01	2.70254e-01	2.37321e-01
2	0	6	0	1	3	2.58948e-01	2.41832e-01	3.10133e-01
2	0	7	0	1	3	3.50426e-01	8.80094e-02	3.70898e-01
#######################################################################
# BH2 Down                                                            #
#######################################################################
2	0	0	1	1	3	3.94607e-01	-1.85207e-01	3.84440e-01
2	0	1	1	1	3	9.92155e-01	-3.85817e-01	8.32122e-01
2	0	2	1	1	3	4.10986e-01	-9.27803e-02	3.90143e-01
2	0	3	1	1	3	1.76416e-01	4.84160e-02	1.75490e-01
2	0	4	1	1	3	2.42956e-01	1.23979e-01	2.64593e-01
2	0	5	1	1	3	3.57967e-01	4.32013e-02	3.63973e-01
2	0	6	1	1	3	1.22093e+00	-6.67168e-01	9.30075e-01
2	0	7	1	1	3	2.92156e-01	-4.36810e-03	2.98702e-01
#######################################################################
# BAC                                                                 #
#######################################################################
3	0	0	0	1	3	0.00000e+00	0.00000e+00	0.00000e+00
3	0	1	0	1	3	0.00000e+00	0.00000e+00	0.00000e+00
#######################################################################
# FBH Up                                                              #
#######################################################################
4	0	0	0	2	3	-5.62952e-03	8.96903e-01	-3.53273e+01
4	0	1	0	2	3	-4.29399e-03	7.37975e-01	-3.00049e+01
4	0	2	0	2	3	-5.26894e-03	8.67305e-01	-3.38992e+01
4	0	3	0	2	3	-3.80183e-03	6.69237e-01	-2.72260e+01
4	0	4	0	2	3	-4.35014e-03	7.35785e-01	-2.92008e+01
4	0	5	0	2	3	-4.02541e-03	6.86907e-01	-2.70312e+01
4	0	6	0	2	3	-4.16660e-03	7.08229e-01	-2.81512e+01
4	0	7	0	2	3	-3.93117e-03	6.84759e-01	-2.69101e+01
4	0	8	0	2	3	-4.14423e-03	6.96902e-01	-2.65883e+01
4	0	9	0	2	3	-2.83372e-03	5.62925e-01	-2.20787e+01
4	0	10	0	2	3	-4.07944e-03	7.09420e-01	-2.75603e+01
4	0	11	0	2	3	-3.50961e-03	6.50113e-01	-2.64167e+01
4	0	12	0	2	3	-3.52415e-03	6.49734e-01	-2.67232e+01
4	0	13	0	2	3	-4.13420e-03	7.26957e-01	-2.99675e+01
4	0	14	0	2	3	-4.90315e-03	8.27563e-01	-3.35630e+01
4	0	15	0	2	3	-4.73048e-03	8.13189e-01	-3.31901e+01
#######################################################################
# FBH Down                                                            #
#######################################################################
4	0	0	1	2	3	-5.62952e-03	8.96903e-01	-3.53273e+01
4	0	1	1	2	3	-4.29399e-03	7.37975e-01	-3.00049e+01
4	0	2	1	2	3	-5.26894e-03	8.67305e-01	-3.38992e+01
4	0	3	1	2	3	-3.80183e-03	6.69237e-01	-2.72260e+01
4	0	4	1	2	3	-4.35014e-03	7.35785e-01	-2.92008e+01
4	0	5	1	2	3	-4.02541e-03	6.86907e-01	-2.70312e+01
4	0	6	1	2	3	-4.16660e-03	7.08229e-01	-2.81512e+01
4	0	7	1	2	3	-3.93117e-03	6.84759e-01	-2.69101e+01
4	0	8	1	2	3	-4.14423e-03	6.96902e-01	-2.65883e+01
4	0	9	1	2	3	-2.83372e-03	5.62925e-01	-2.20787e+01
4	0	10	1	2	3	-4.07944e-03	7.09420e-01	-2.75603e+01
4	0	11	1	2	3	-3.50961e-03	6.50113e-01	-2.64167e+01
4	0	12	1	2	3	-3.52415e-03	6.49734e-01	-2.67232e+01
4	0	13	1	2	3	-4.13420e-03	7.26957e-01	-2.99675e+01
4	0	14	1	2	3	-4.90315e-03	8.27563e-01	-3.35630e+01
4	0	15	1	2	3	-4.73048e-03	8.13189e-01	-3.31901e+01
#######################################################################
# PVAC                                                                #
#######################################################################
5	0	0	0	1	3	0.00000e+00	0.00000e+00	0.00000e+00
#######################################################################
# FAC                                                                 #
#######################################################################
6	0	0	0	1	3	0.00000e+00	0.00000e+00	0.00000e+00
#######################################################################
# SCH                                                                 #
#######################################################################
#7	0	0	0	2	3	-0.00500000	0.821213	-32.185321
#7	0	1	0	2	3	-0.00500000	0.830248	-32.269563
#7	0	2	0	2	3	-0.00500000	0.793073	-29.315934
#7	0	3	0	2	3	-0.00500000	0.772144	-28.276705
#7	0	4	0	2	3	-0.00500000	0.801968	-30.687167
#7	0	5	0	2	3	-0.00500000	0.778300	-28.439251
#7	0	6	0	2	3	-0.00500000	0.765872	-27.918181
#7	0	7	0	2	3	-0.00500000	0.738459	-26.016797
#7	0	8	0	2	3	-0.00500000	0.778318	-28.676371
#7	0	9	0	2	3	-0.00500000	0.776670	-28.892887
#7	0	10	0	2	3	-0.00500000	0.764278	-28.122474
#7	0	11	0	2	3	-0.00500000	0.790742	-29.423647
#7	0	12	0	2	3	-0.00500000	0.811330	-30.487019
#7	0	13	0	2	3	-0.00500000	0.818750	-30.891512
#7	0	14	0	2	3	-0.00500000	0.802541	-30.009136
#7	0	15	0	2	3	-0.00500000	0.809525	-30.751746
#7	0	16	0	2	3	-0.00500000	0.802597	-30.845509
#7	0	17	0	2	3	-0.00500000	0.835028	-32.780792
#7	0	18	0	2	3	-0.00500000	0.859176	-33.938731
#7	0	19	0	2	3	-0.00500000	0.814851	-31.445396
#7	0	20	0	2	3	-0.00500000	0.809426	-30.781087
#7	0	21	0	2	3	-0.00500000	0.780678	-28.888756
#7	0	22	0	2	3	-0.00500000	0.808206	-30.719604
#7	0	23	0	2	3	-0.00500000	0.774024	-27.858339
#7	0	24	0	2	3	-0.00500000	0.794308	-29.022101
#7	0	25	0	2	3	-0.00500000	0.775649	-27.980186
#7	0	26	0	2	3	-0.00500000	0.788483	-28.687567
#7	0	27	0	2	3	-0.00466315	0.771386	-29.253260
#7	0	28	0	2	3	-0.00483132	0.790854	-28.637741
#7	0	29	0	2	3	-0.00497049	0.812994	-30.786914
#7	0	30	0	2	3	-0.00500000	0.787793	-28.362716
#7	0	31	0	2	3	-0.00500000	0.790759	-28.876812
#7	0	32	0	2	3	-0.00500000	0.824826	-31.655285
#7	0	33	0	2	3	-0.00500000	0.845304	-33.407765
#7	0	34	0	2	3	-0.00500000	0.832263	-32.939799
#7	0	35	0	2	3	-0.00500000	0.820631	-31.695372
#7	0	36	0	2	3	-0.00500000	0.836997	-33.200590
#7	0	37	0	2	3	-0.00500000	0.819690	-32.097193
#7	0	38	0	2	3	-0.00500000	0.808109	-31.263214
#7	0	39	0	2	3	-0.00500000	0.815224	-31.135523
#7	0	40	0	2	3	-0.00500000	0.803398	-29.897923
#7	0	41	0	2	3	-0.00500000	0.815685	-31.165519
#7	0	42	0	2	3	-0.00500000	0.812980	-30.737261
#7	0	43	0	2	3	-0.00500000	0.829418	-32.693307
#7	0	44	0	2	3	-0.00500000	0.789530	-29.464920
#7	0	45	0	2	3	-0.00500000	0.804789	-31.208151
#7	0	46	0	2	3	-0.00500000	0.830106	-32.806514
#7	0	47	0	2	3	-0.00500000	0.819206	-31.373242
#7	0	48	0	2	3	-0.00500000	0.816165	-31.709319
#7	0	49	0	2	3	-0.00500000	0.798496	-30.201709
#7	0	50	0	2	3	-0.00500000	0.812167	-31.795745
#7	0	51	0	2	3	-0.00500000	0.810749	-31.375226
#7	0	52	0	2	3	-0.00500000	0.803385	-31.372512
#7	0	53	0	2	3	-0.00500000	0.777405	-29.262831
#7	0	54	0	2	3	-0.00500000	0.783954	-29.763410
#7	0	55	0	2	3	-0.00500000	0.789443	-29.976449
#7	0	56	0	2	3	-0.00500000	0.838828	-33.261086
#7	0	57	0	2	3	-0.00500000	0.804421	-30.573195
#7	0	58	0	2	3	-0.00500000	0.773283	-29.111048
#7	0	59	0	2	3	-0.00500000	0.811789	-31.449459
#7	0	60	0	2	3	-0.00500000	0.759724	-28.110014
#7	0	61	0	2	3	-0.00500000	0.810884	-31.379063
#7	0	62	0	2	3	-0.00500000	0.771910	-28.435006
#7	0	63	0	2	3	-0.00500000	0.796658	-30.511906
#######################################################################
# TOF Up                                                              #
#######################################################################
7	0	0	0	1	3	5.24830e+00	-1.96630e+00	2.96170e+00
7	0	1	0	1	3	5.24830e+00	-1.96630e+00	2.96170e+00
7	0	2	0	1	3	5.24830e+00	-1.96630e+00	2.96170e+00
7	0	3	0	1	3	5.24830e+00	-1.96630e+00	2.96170e+00
7	0	4	0	1	3	5.24830e+00	-1.96630e+00	2.96170e+00
7	0	5	0	1	3	5.24830e+00	-1.96630e+00	2.96170e+00
7	0	6	0	1	3	6.97090e+00	-3.03520e+00	3.39910e+00
7	0	7	0	1	3	4.05450e+00	-1.96150e+00	2.30360e+00
7	0	8	0	1	3	1.16940e+02	-2.98600e+01	2.09880e+01
7	0	9	0	1	3	5.24830e+00	-1.96630e+00	2.96170e+00
7	0	10	0	1	3	5.24830e+00	-1.96630e+00	2.96170e+00
7	0	11	0	1	3	5.24830e+00	-1.96630e+00	2.96170e+00
7	0	12	0	1	3	5.24830e+00	-1.96630e+00	2.96170e+00
7	0	13	0	1	3	5.24830e+00	-1.96630e+00	2.96170e+00
7	0	14	0	1	3	5.24830e+00	-1.96630e+00	2.96170e+00
7	0	15	0	1	3	5.24830e+00	-1.96630e+00	2.96170e+00
7	0	16	0	1	3	5.24830e+00	-1.96630e+00	2.96170e+00
7	0	17	0	1	3	5.24830e+00	-1.96630e+00	2.96170e+00
7	0	18	0	1	3	5.24830e+00	-1.96630e+00	2.96170e+00
7	0	19	0	1	3	7.11491e-01	1.85180e-03	5.82402e-01
7	0	20	0	1	3	5.59404e-01	-1.73810e-03	4.50716e-01
7	0	21	0	1	3	8.92499e-01	1.99900e-03	7.37364e-01
7	0	22	0	1	3	6.37553e-01	1.99960e-03	5.45449e-01
7	0	23	0	1	3	1.19210e+00	1.98920e-03	9.99994e-01
#######################################################################
# TOF Down                                                            #
#######################################################################
7	0	0	1	1	3	5.84300e+00	-2.30730e+00	3.11320e+00
7	0	1	1	1	3	5.84300e+00	-2.30730e+00	3.11320e+00
7	0	2	1	1	3	5.84300e+00	-2.30730e+00	3.11320e+00
7	0	3	1	1	3	5.84300e+00	-2.30730e+00	3.11320e+00
7	0	4	1	1	3	5.84300e+00	-2.30730e+00	3.11320e+00
7	0	5	1	1	3	5.84300e+00	-2.30730e+00	3.11320e+00
7	0	6	1	1	3	1.41330e+01	-5.81170e+00	5.32680e+00
7	0	7	1	1	3	7.84850e+01	-2.02870e+01	1.69500e+01
7	0	8	1	1	3	2.20240e+02	-3.62440e+01	3.60080e+01
7	0	9	1	1	3	5.84300e+00	-2.30730e+00	3.11320e+00
7	0	10	1	1	3	5.84300e+00	-2.30730e+00	3.11320e+00
7	0	11	1	1	3	5.84300e+00	-2.30730e+00	3.11320e+00
7	0	12	1	1	3	5.84300e+00	-2.30730e+00	3.11320e+00
7	0	13	1	1	3	5.84300e+00	-2.30730e+00	3.11320e+00
7	0	14	1	1	3	5.84300e+00	-2.30730e+00	3.11320e+00
7	0	15	1	1	3	5.84300e+00	-2.30730e+00	3.11320e+00
7	0	16	1	1	3	5.84300e+00	-2.30730e+00	3.11320e+00
7	0	17	1	1	3	5.84300e+00	-2.30730e+00	3.11320e+00
7	0	18	1	1	3	5.84300e+00	-2.30730e+00	3.11320e+00
7	0	19	1	1	3	6.18741e-01	1.99860e-03	4.90831e-01
7	0	20	1	1	3	5.75901e-01	1.04210e-03	4.72509e-01
7	0	21	1	1	3	9.41046e-01	1.99890e-03	7.79357e-01
7	0	22	1	1	3	4.84266e-01	-1.95590e-03	3.99786e-01
7	0	23	1	1	3	8.97714e-01	1.99860e-03	7.56300e-01
#######################################################################
# BFT U                                                               #
#######################################################################
110	0	0	0	2	3	3.28205e-03	-5.17715e-01	1.38073e+01
110	0	1	0	2	3	3.42649e-03	-5.16771e-01	1.35223e+01
110	0	2	0	2	3	4.45894e-03	-6.13277e-01	1.53760e+01
110	0	3	0	2	3	4.79034e-03	-6.30891e-01	1.47053e+01
110	0	4	0	2	3	4.12787e-03	-5.84375e-01	1.51549e+01
110	0	5	0	2	3	3.92715e-03	-5.59005e-01	1.49994e+01
110	0	6	0	2	3	3.23601e-03	-5.27739e-01	1.35673e+01
110	0	7	0	2	3	2.67218e-03	-4.69025e-01	1.30615e+01
110	0	8	0	2	3	3.34090e-03	-5.32632e-01	1.37968e+01
110	0	9	0	2	3	3.02569e-03	-5.00386e-01	1.45651e+01
110	0	10	0	2	3	3.66499e-03	-5.58426e-01	1.35330e+01
110	0	11	0	2	3	3.78426e-03	-5.49868e-01	1.53457e+01
110	0	12	0	2	3	3.11257e-03	-5.17059e-01	1.30510e+01
110	0	13	0	2	3	3.43476e-03	-5.24062e-01	1.48340e+01
110	0	14	0	2	3	3.65641e-03	-5.52980e-01	1.34851e+01
110	0	15	0	2	3	3.33742e-03	-5.24974e-01	1.50075e+01
110	0	16	0	2	3	3.95741e-03	-5.67272e-01	1.35650e+01
110	0	17	0	2	3	4.37349e-03	-5.92277e-01	1.56667e+01
110	0	18	0	2	3	4.03362e-03	-5.80764e-01	1.38226e+01
110	0	19	0	2	3	4.35525e-03	-5.97356e-01	1.38784e+01
110	0	20	0	2	3	3.21276e-03	-5.12725e-01	1.30680e+01
110	0	21	0	2	3	2.29468e-03	-4.43475e-01	1.43546e+01
110	0	22	0	2	3	4.53260e-03	-6.11948e-01	1.47431e+01
110	0	23	0	2	3	3.99396e-03	-5.62058e-01	1.51804e+01
110	0	24	0	2	3	4.13563e-03	-5.82007e-01	1.46418e+01
110	0	25	0	2	3	3.83226e-03	-5.50153e-01	1.54778e+01
110	0	26	0	2	3	4.54119e-03	-6.19028e-01	1.60382e+01
110	0	27	0	2	3	4.16230e-03	-5.70398e-01	1.51533e+01
110	0	28	0	2	3	3.55363e-03	-5.39245e-01	1.20068e+01
110	0	29	0	2	3	3.86673e-03	-5.50311e-01	1.44077e+01
110	0	30	0	2	3	4.46846e-03	-6.09125e-01	1.45908e+01
110	0	31	0	2	3	4.05405e-03	-5.74697e-01	1.54817e+01
110	0	32	0	2	3	3.98526e-03	-5.78832e-01	1.44084e+01
110	0	33	0	2	3	4.15329e-03	-5.58022e-01	1.32691e+01
110	0	34	0	2	3	4.61059e-03	-6.14434e-01	1.46371e+01
110	0	35	0	2	3	4.63436e-03	-6.17532e-01	1.61626e+01
110	0	36	0	2	3	3.72750e-03	-5.45199e-01	1.32775e+01
110	0	37	0	2	3	4.12334e-03	-5.81560e-01	1.64992e+01
110	0	38	0	2	3	4.23260e-03	-5.86922e-01	1.35906e+01
110	0	39	0	2	3	4.20181e-03	-5.84169e-01	1.52817e+01
110	0	40	0	2	3	3.74367e-03	-5.49103e-01	1.33005e+01
110	0	41	0	2	3	4.04241e-03	-5.66138e-01	1.59257e+01
110	0	42	0	2	3	4.27056e-03	-5.87178e-01	1.45271e+01
110	0	43	0	2	3	4.47908e-03	-6.14127e-01	1.66162e+01
110	0	44	0	2	3	3.96731e-03	-5.70684e-01	1.38667e+01
110	0	45	0	2	3	4.09780e-03	-5.67260e-01	1.54730e+01
110	0	46	0	2	3	4.59603e-03	-6.26259e-01	1.51258e+01
110	0	47	0	2	3	4.78791e-03	-6.31905e-01	1.78687e+01
110	0	48	0	2	3	3.76110e-03	-5.49921e-01	1.23981e+01
110	0	49	0	2	3	4.34704e-03	-5.89655e-01	1.63620e+01
110	0	50	0	2	3	4.55874e-03	-6.12471e-01	1.49837e+01
110	0	51	0	2	3	4.79306e-03	-6.24601e-01	1.59262e+01
110	0	52	0	2	3	3.75091e-03	-5.49621e-01	1.29819e+01
110	0	53	0	2	3	4.40294e-03	-5.90451e-01	1.51153e+01
110	0	54	0	2	3	4.05934e-03	-5.79604e-01	1.40601e+01
110	0	55	0	2	3	4.95001e-03	-6.37447e-01	1.70643e+01
110	0	56	0	2	3	4.11173e-03	-5.90626e-01	1.52158e+01
110	0	57	0	2	3	4.43636e-03	-5.99288e-01	1.60271e+01
110	0	58	0	2	3	4.11615e-03	-5.83967e-01	1.51738e+01
110	0	59	0	2	3	4.55576e-03	-6.22513e-01	1.68431e+01
110	0	60	0	2	3	4.03376e-03	-5.79719e-01	1.36618e+01
110	0	61	0	2	3	3.58338e-03	-5.35356e-01	1.45591e+01
110	0	62	0	2	3	4.74550e-03	-6.24983e-01	1.46799e+01
110	0	63	0	2	3	4.10795e-03	-5.79158e-01	1.43301e+01
110	0	64	0	2	3	4.02095e-03	-5.80550e-01	1.43265e+01
110	0	65	0	2	3	4.08536e-03	-5.76912e-01	1.53141e+01
110	0	66	0	2	3	4.62720e-03	-6.32527e-01	1.64933e+01
110	0	67	0	2	3	3.71981e-03	-5.56617e-01	1.52275e+01
110	0	68	0	2	3	3.80157e-03	-5.75045e-01	1.48315e+01
110	0	69	0	2	3	4.16770e-03	-5.80279e-01	1.48925e+01
110	0	70	0	2	3	4.67452e-03	-6.40108e-01	1.49203e+01
110	0	71	0	2	3	4.46915e-03	-6.07885e-01	1.58091e+01
110	0	72	0	2	3	3.85114e-03	-5.71143e-01	1.34999e+01
110	0	73	0	2	3	4.45317e-03	-6.10704e-01	1.53345e+01
110	0	74	0	2	3	4.51908e-03	-6.27506e-01	1.56414e+01
110	0	75	0	2	3	4.51182e-03	-6.05815e-01	1.53765e+01
110	0	76	0	2	3	3.94121e-03	-5.70366e-01	1.35036e+01
110	0	77	0	2	3	3.97103e-03	-5.68958e-01	1.50734e+01
110	0	78	0	2	3	4.46895e-03	-6.22087e-01	1.48478e+01
110	0	79	0	2	3	4.49349e-03	-6.07099e-01	1.54001e+01
110	0	80	0	2	3	4.16707e-03	-5.90383e-01	1.49689e+01
110	0	81	0	2	3	4.10046e-03	-5.72658e-01	1.47898e+01
110	0	82	0	2	3	4.41745e-03	-6.06098e-01	1.47748e+01
110	0	83	0	2	3	4.67092e-03	-6.22601e-01	1.55624e+01
110	0	84	0	2	3	3.80068e-03	-5.61391e-01	1.38952e+01
110	0	85	0	2	3	4.04300e-03	-5.74368e-01	1.51918e+01
110	0	86	0	2	3	4.42937e-03	-6.20677e-01	1.48068e+01
110	0	87	0	2	3	4.27471e-03	-6.01133e-01	1.59752e+01
110	0	88	0	2	3	3.61765e-03	-5.43898e-01	1.38967e+01
110	0	89	0	2	3	4.21511e-03	-5.91474e-01	1.51289e+01
110	0	90	0	2	3	4.30553e-03	-6.01558e-01	1.41497e+01
110	0	91	0	2	3	4.56048e-03	-6.23035e-01	1.52656e+01
110	0	92	0	2	3	4.12040e-03	-5.96567e-01	1.49223e+01
110	0	93	0	2	3	3.95836e-03	-5.67124e-01	1.43491e+01
110	0	94	0	2	3	4.26445e-03	-6.18559e-01	1.63695e+01
110	0	95	0	2	3	4.52988e-03	-6.17912e-01	1.59856e+01
110	0	96	0	2	3	4.07623e-03	-5.93170e-01	1.45019e+01
110	0	97	0	2	3	4.06165e-03	-5.79065e-01	1.53973e+01
110	0	98	0	2	3	4.45969e-03	-6.27071e-01	1.51571e+01
110	0	99	0	2	3	4.52061e-03	-6.08555e-01	1.55371e+01
110	0	100	0	2	3	3.93610e-03	-5.76128e-01	1.46719e+01
110	0	101	0	2	3	3.89840e-03	-5.66066e-01	1.50460e+01
110	0	102	0	2	3	4.64377e-03	-6.34460e-01	1.60357e+01
110	0	103	0	2	3	4.49449e-03	-6.13933e-01	1.54955e+01
110	0	104	0	2	3	4.05884e-03	-5.86161e-01	1.39569e+01
110	0	105	0	2	3	4.02165e-03	-5.74306e-01	1.46454e+01
110	0	106	0	2	3	4.53057e-03	-6.25346e-01	1.58243e+01
110	0	107	0	2	3	5.14108e-03	-6.52032e-01	1.54704e+01
110	0	108	0	2	3	3.54863e-03	-5.54460e-01	1.43204e+01
110	0	109	0	2	3	4.06257e-03	-5.80627e-01	1.47010e+01
110	0	110	0	2	3	4.04984e-03	-5.90155e-01	1.49447e+01
110	0	111	0	2	3	5.05755e-03	-6.61803e-01	1.63171e+01
110	0	112	0	2	3	3.75252e-03	-5.56481e-01	1.29936e+01
110	0	113	0	2	3	4.42091e-03	-6.00457e-01	1.49324e+01
110	0	114	0	2	3	4.71163e-03	-6.38809e-01	1.59329e+01
110	0	115	0	2	3	4.51432e-03	-6.11000e-01	1.51723e+01
110	0	116	0	2	3	3.80813e-03	-5.68361e-01	1.41204e+01
110	0	117	0	2	3	4.03346e-03	-5.74714e-01	1.54737e+01
110	0	118	0	2	3	4.56724e-03	-6.32274e-01	1.60728e+01
110	0	119	0	2	3	4.58155e-03	-6.05383e-01	1.40445e+01
110	0	120	0	2	3	4.23678e-03	-6.11642e-01	1.51594e+01
110	0	121	0	2	3	4.50520e-03	-6.06017e-01	1.37026e+01
110	0	122	0	2	3	4.27803e-03	-6.04253e-01	1.60021e+01
110	0	123	0	2	3	5.20084e-03	-6.65173e-01	1.65055e+01
110	0	124	0	2	3	3.16541e-03	-5.15271e-01	1.37299e+01
110	0	125	0	2	3	4.87098e-03	-6.09447e-01	1.28142e+01
110	0	126	0	2	3	5.05638e-03	-6.49889e-01	1.54638e+01
110	0	127	0	2	3	4.86217e-03	-6.31864e-01	1.55028e+01
110	0	128	0	2	3	4.12286e-03	-6.17666e-01	1.63339e+01
110	0	129	0	2	3	4.14835e-03	-6.10407e-01	1.57746e+01
110	0	130	0	2	3	3.89510e-03	-6.05915e-01	1.62630e+01
110	0	131	0	2	3	1.03101e-03	-3.50015e-01	1.07377e+01
110	0	132	0	2	3	3.85855e-03	-5.72611e-01	1.53523e+01
110	0	133	0	2	3	5.41633e-03	-6.88979e-01	1.72504e+01
110	0	134	0	2	3	1.70236e-03	-4.41602e-01	1.30593e+01
110	0	135	0	2	3	4.06207e-03	-6.11105e-01	1.55640e+01
110	0	136	0	2	3	4.57399e-03	-6.25394e-01	1.52610e+01
110	0	137	0	2	3	4.06882e-03	-6.07160e-01	1.63339e+01
110	0	138	0	2	3	1.62399e-03	-4.39885e-01	1.34285e+01
110	0	139	0	2	3	3.21963e-03	-5.45285e-01	1.37473e+01
110	0	140	0	2	3	1.28467e-03	-3.87368e-01	1.22082e+01
110	0	141	0	2	3	2.16667e-03	-4.75908e-01	1.29961e+01
110	0	142	0	2	3	3.34796e-03	-5.51881e-01	1.48205e+01
110	0	143	0	2	3	2.86167e-04	-3.13095e-01	9.94612e+00
110	0	144	0	2	3	2.14156e-03	-4.64729e-01	1.25256e+01
110	0	145	0	2	3	7.60427e-03	-8.63152e-01	1.95018e+01
110	0	146	0	2	3	5.04107e-03	-6.64116e-01	1.65909e+01
110	0	147	0	2	3	1.94302e-03	-4.22855e-01	1.23794e+01
110	0	148	0	2	3	9.74184e-04	-3.91659e-01	1.16728e+01
110	0	149	0	2	3	2.51672e-03	-4.89548e-01	1.38880e+01
110	0	150	0	2	3	-7.93078e-03	3.12044e-01	-1.27187e+00
110	0	151	0	2	3	4.40899e-03	-6.04976e-01	1.54284e+01
110	0	152	0	2	3	-2.08428e-04	-2.82920e-01	1.03704e+01
110	0	153	0	2	3	6.74548e-03	-8.14993e-01	2.01622e+01
110	0	154	0	2	3	3.10937e-03	-5.32809e-01	1.40084e+01
110	0	155	0	2	3	4.37166e-03	-5.98844e-01	1.37345e+01
110	0	156	0	2	3	-1.76077e-02	1.08504e+00	-1.66315e+01
110	0	157	0	2	3	2.91667e-03	-5.21832e-01	1.47191e+01
110	0	158	0	2	3	2.68025e-04	-2.96812e-01	9.31821e+00
110	0	159	0	2	3	2.34123e-03	-4.73615e-01	1.30975e+01
#######################################################################
# BFT D                                                               #
#######################################################################
110	1	0	0	2	3	2.66885e-03	-4.81305e-01	1.46967e+01
110	1	1	0	2	3	3.57712e-03	-5.38561e-01	1.51254e+01
110	1	2	0	2	3	3.10849e-03	-5.26197e-01	1.47979e+01
110	1	3	0	2	3	3.90523e-03	-5.69467e-01	1.62471e+01
110	1	4	0	2	3	4.09698e-03	-5.84191e-01	1.55907e+01
110	1	5	0	2	3	2.50049e-03	-4.71600e-01	1.46701e+01
110	1	6	0	2	3	3.48208e-03	-5.47050e-01	1.38601e+01
110	1	7	0	2	3	3.40611e-03	-5.30140e-01	1.50548e+01
110	1	8	0	2	3	4.09644e-03	-5.85969e-01	1.59129e+01
110	1	9	0	2	3	1.95124e-03	-4.42232e-01	1.51961e+01
110	1	10	0	2	3	3.62571e-03	-5.63223e-01	1.55430e+01
110	1	11	0	2	3	3.94315e-03	-5.79548e-01	1.59371e+01
110	1	12	0	2	3	3.30490e-03	-5.35441e-01	1.42714e+01
110	1	13	0	2	3	3.03895e-03	-5.09470e-01	1.53568e+01
110	1	14	0	2	3	4.05799e-03	-5.94412e-01	1.51183e+01
110	1	15	0	2	3	3.80092e-03	-5.63708e-01	1.61757e+01
110	1	16	0	2	3	3.48096e-03	-5.46781e-01	1.45284e+01
110	1	17	0	2	3	4.00503e-03	-5.68390e-01	1.53533e+01
110	1	18	0	2	3	4.46333e-03	-6.15866e-01	1.51335e+01
110	1	19	0	2	3	4.79263e-03	-6.33013e-01	1.70033e+01
110	1	20	0	2	3	3.73602e-03	-5.71459e-01	1.53731e+01
110	1	21	0	2	3	2.72114e-03	-4.87851e-01	1.54789e+01
110	1	22	0	2	3	4.15274e-03	-5.91440e-01	1.52210e+01
110	1	23	0	2	3	3.49854e-03	-5.35315e-01	1.54494e+01
110	1	24	0	2	3	3.53277e-03	-5.54365e-01	1.56342e+01
110	1	25	0	2	3	3.75420e-03	-5.55781e-01	1.59364e+01
110	1	26	0	2	3	4.04506e-03	-5.90714e-01	1.51257e+01
110	1	27	0	2	3	4.14292e-03	-5.86164e-01	1.72177e+01
110	1	28	0	2	3	3.77782e-03	-5.71534e-01	1.57704e+01
110	1	29	0	2	3	4.02236e-03	-5.80576e-01	1.66372e+01
110	1	30	0	2	3	4.42497e-03	-6.11302e-01	1.56595e+01
110	1	31	0	2	3	4.15401e-03	-5.96340e-01	1.70743e+01
110	1	32	0	2	3	3.84749e-03	-5.75609e-01	1.63673e+01
110	1	33	0	2	3	3.60879e-03	-5.56698e-01	1.51890e+01
110	1	34	0	2	3	4.08500e-03	-5.84976e-01	1.47780e+01
110	1	35	0	2	3	4.23815e-03	-6.06823e-01	1.72911e+01
110	1	36	0	2	3	4.04033e-03	-5.80834e-01	1.59089e+01
110	1	37	0	2	3	3.55463e-03	-5.42791e-01	1.40738e+01
110	1	38	0	2	3	4.25681e-03	-5.98190e-01	1.63976e+01
110	1	39	0	2	3	4.27687e-03	-5.93894e-01	1.59770e+01
110	1	40	0	2	3	4.28323e-03	-5.96536e-01	1.50366e+01
110	1	41	0	2	3	3.97608e-03	-5.69671e-01	1.59220e+01
110	1	42	0	2	3	4.03785e-03	-5.74951e-01	1.51179e+01
110	1	43	0	2	3	4.29347e-03	-5.95681e-01	1.71647e+01
110	1	44	0	2	3	4.03669e-03	-5.86641e-01	1.50560e+01
110	1	45	0	2	3	3.85428e-03	-5.65146e-01	1.61175e+01
110	1	46	0	2	3	4.31778e-03	-6.09777e-01	1.54703e+01
110	1	47	0	2	3	4.62240e-03	-6.37679e-01	1.83400e+01
110	1	48	0	2	3	3.85350e-03	-5.67133e-01	1.53084e+01
110	1	49	0	2	3	3.72695e-03	-5.53457e-01	1.61318e+01
110	1	50	0	2	3	4.34101e-03	-6.04213e-01	1.49407e+01
110	1	51	0	2	3	4.06170e-03	-5.83218e-01	1.63878e+01
110	1	52	0	2	3	4.24105e-03	-6.05738e-01	1.53013e+01
110	1	53	0	2	3	3.58802e-03	-5.46521e-01	1.59859e+01
110	1	54	0	2	3	4.28784e-03	-6.10557e-01	1.63727e+01
110	1	55	0	2	3	4.19033e-03	-5.92924e-01	1.66663e+01
110	1	56	0	2	3	4.07585e-03	-5.99999e-01	1.52929e+01
110	1	57	0	2	3	3.92411e-03	-5.72101e-01	1.59779e+01
110	1	58	0	2	3	4.46377e-03	-6.28237e-01	1.76726e+01
110	1	59	0	2	3	4.23035e-03	-6.07213e-01	1.79902e+01
110	1	60	0	2	3	4.13922e-03	-5.95962e-01	1.59121e+01
110	1	61	0	2	3	3.96113e-03	-5.63731e-01	1.53413e+01
110	1	62	0	2	3	3.86481e-03	-5.74698e-01	1.45021e+01
110	1	63	0	2	3	4.22267e-03	-5.97312e-01	1.68089e+01
110	1	64	0	2	3	4.09945e-03	-5.95759e-01	1.63005e+01
110	1	65	0	2	3	4.38184e-03	-6.05945e-01	1.62069e+01
110	1	66	0	2	3	4.65330e-03	-6.39830e-01	1.57842e+01
110	1	67	0	2	3	4.26976e-03	-6.02469e-01	1.52983e+01
110	1	68	0	2	3	3.48092e-03	-5.38706e-01	1.36028e+01
110	1	69	0	2	3	3.98835e-03	-5.78534e-01	1.58124e+01
110	1	70	0	2	3	4.27351e-03	-6.06351e-01	1.62528e+01
110	1	71	0	2	3	4.46494e-03	-6.21032e-01	1.68374e+01
110	1	72	0	2	3	3.74773e-03	-5.63531e-01	1.49496e+01
110	1	73	0	2	3	3.86933e-03	-5.77983e-01	1.66057e+01
110	1	74	0	2	3	4.11835e-03	-5.92413e-01	1.46585e+01
110	1	75	0	2	3	4.38588e-03	-6.16429e-01	1.62220e+01
110	1	76	0	2	3	3.66876e-03	-5.58429e-01	1.47154e+01
110	1	77	0	2	3	4.00550e-03	-5.87279e-01	1.56783e+01
110	1	78	0	2	3	4.24101e-03	-6.02784e-01	1.48200e+01
110	1	79	0	2	3	4.42770e-03	-6.09285e-01	1.58554e+01
110	1	80	0	2	3	4.25164e-03	-5.97607e-01	1.52588e+01
110	1	81	0	2	3	4.12644e-03	-5.84028e-01	1.47062e+01
110	1	82	0	2	3	4.44985e-03	-6.17523e-01	1.65670e+01
110	1	83	0	2	3	4.33905e-03	-5.93928e-01	1.51728e+01
110	1	84	0	2	3	3.48970e-03	-5.35275e-01	1.35992e+01
110	1	85	0	2	3	3.77521e-03	-5.63111e-01	1.46771e+01
110	1	86	0	2	3	4.73008e-03	-6.34792e-01	1.65444e+01
110	1	87	0	2	3	4.48682e-03	-6.02394e-01	1.39848e+01
110	1	88	0	2	3	3.76459e-03	-5.64216e-01	1.50759e+01
110	1	89	0	2	3	3.91823e-03	-5.77480e-01	1.46093e+01
110	1	90	0	2	3	4.00770e-03	-5.84986e-01	1.46423e+01
110	1	91	0	2	3	4.45432e-03	-6.08828e-01	1.59629e+01
110	1	92	0	2	3	4.01703e-03	-5.76913e-01	1.48414e+01
110	1	93	0	2	3	4.32064e-03	-6.00281e-01	1.54605e+01
110	1	94	0	2	3	4.06468e-03	-5.93826e-01	1.60264e+01
110	1	95	0	2	3	3.87861e-03	-5.80289e-01	1.49588e+01
110	1	96	0	2	3	4.08142e-03	-5.85413e-01	1.47221e+01
110	1	97	0	2	3	3.83794e-03	-5.68233e-01	1.53689e+01
110	1	98	0	2	3	4.60371e-03	-6.42083e-01	1.71280e+01
110	1	99	0	2	3	4.07048e-03	-5.86324e-01	1.50476e+01
110	1	100	0	2	3	3.58087e-03	-5.41596e-01	1.44582e+01
110	1	101	0	2	3	3.89507e-03	-5.68878e-01	1.52049e+01
110	1	102	0	2	3	4.03584e-03	-5.94500e-01	1.54468e+01
110	1	103	0	2	3	4.37760e-03	-6.05834e-01	1.52401e+01
110	1	104	0	2	3	4.16523e-03	-5.90992e-01	1.52929e+01
110	1	105	0	2	3	3.96366e-03	-5.75016e-01	1.50897e+01
110	1	106	0	2	3	4.48120e-03	-6.21457e-01	1.66583e+01
110	1	107	0	2	3	4.78317e-03	-6.34846e-01	1.58919e+01
110	1	108	0	2	3	3.99094e-03	-5.77594e-01	1.57606e+01
110	1	109	0	2	3	3.86955e-03	-5.70981e-01	1.55717e+01
110	1	110	0	2	3	4.10687e-03	-5.97610e-01	1.55244e+01
110	1	111	0	2	3	4.49538e-03	-6.25172e-01	1.71272e+01
110	1	112	0	2	3	4.49874e-03	-6.17019e-01	1.56054e+01
110	1	113	0	2	3	4.71929e-03	-6.30378e-01	1.61399e+01
110	1	114	0	2	3	4.91546e-03	-6.51879e-01	1.59783e+01
110	1	115	0	2	3	4.52270e-03	-6.17911e-01	1.56472e+01
110	1	116	0	2	3	4.08323e-03	-5.89003e-01	1.52837e+01
110	1	117	0	2	3	4.01520e-03	-5.77496e-01	1.51043e+01
110	1	118	0	2	3	4.44402e-03	-6.13703e-01	1.48136e+01
110	1	119	0	2	3	4.37424e-03	-6.04775e-01	1.57484e+01
110	1	120	0	2	3	4.06801e-03	-5.83037e-01	1.47641e+01
110	1	121	0	2	3	3.99165e-03	-5.79826e-01	1.50296e+01
110	1	122	0	2	3	4.95802e-03	-6.65292e-01	1.79156e+01
110	1	123	0	2	3	4.02752e-03	-5.99142e-01	1.71431e+01
110	1	124	0	2	3	3.63612e-03	-5.54066e-01	1.40589e+01
110	1	125	0	2	3	3.53451e-03	-5.49093e-01	1.47788e+01
110	1	126	0	2	3	4.35628e-03	-6.07844e-01	1.56990e+01
110	1	127	0	2	3	4.11816e-03	-5.86143e-01	1.52047e+01
110	1	128	0	2	3	5.21621e-03	-6.93571e-01	1.79199e+01
110	1	129	0	2	3	4.50037e-03	-6.36747e-01	1.68123e+01
110	1	130	0	2	3	3.88119e-03	-5.91649e-01	1.50940e+01
110	1	131	0	2	3	4.91373e-03	-6.41003e-01	1.60363e+01
110	1	132	0	2	3	5.40110e-03	-7.04860e-01	1.82324e+01
110	1	133	0	2	3	4.84955e-03	-6.44118e-01	1.60865e+01
110	1	134	0	2	3	4.23823e-03	-6.17541e-01	1.65600e+01
110	1	135	0	2	3	3.52479e-03	-5.53226e-01	1.49985e+01
110	1	136	0	2	3	2.07145e-03	-4.70099e-01	1.44109e+01
110	1	137	0	2	3	5.12980e-03	-6.61386e-01	1.67126e+01
110	1	138	0	2	3	3.93659e-03	-5.75829e-01	1.49721e+01
110	1	139	0	2	3	4.99377e-03	-6.46876e-01	1.64821e+01
110	1	140	0	2	3	4.37663e-03	-6.26424e-01	1.60016e+01
110	1	141	0	2	3	3.92050e-03	-5.91061e-01	1.52792e+01
110	1	142	0	2	3	6.94969e-03	-7.93394e-01	1.83745e+01
110	1	143	0	2	3	3.10497e-03	-5.21866e-01	1.47623e+01
110	1	144	0	2	3	9.35375e-04	-3.50348e-01	1.17757e+01
110	1	145	0	2	3	2.10217e-03	-4.42131e-01	1.26441e+01
110	1	146	0	2	3	-1.10235e-03	-2.21976e-01	8.76425e+00
110	1	147	0	2	3	2.87086e-03	-4.94221e-01	1.26641e+01
110	1	148	0	2	3	2.64426e-03	-5.04169e-01	1.34356e+01
110	1	149	0	2	3	5.85767e-03	-7.08044e-01	1.77973e+01
110	1	150	0	2	3	4.15184e-03	-5.96635e-01	1.58154e+01
110	1	151	0	2	3	1.30962e-03	-3.77674e-01	1.12741e+01
110	1	152	0	2	3	6.47608e-03	-7.93530e-01	2.04530e+01
110	1	153	0	2	3	8.58792e-03	-9.59306e-01	2.37824e+01
110	1	154	0	2	3	8.64525e-04	-3.59301e-01	1.16176e+01
110	1	155	0	2	3	4.94739e-03	-6.32959e-01	1.47492e+01
110	1	156	0	2	3	6.98380e-03	-8.00401e-01	1.93301e+01
110	1	157	0	2	3	7.57793e-03	-8.46431e-01	2.07249e+01
110	1	158	0	2	3	6.22711e-03	-7.23737e-01	1.79650e+01
110	1	159	0	2	3	5.10596e-03	-6.87938e-01	1.85301e+01
