##
#  file: HodoPHCParam_Dummy
#  date: 2016.06.15
#  note: first version
#
#
#######################################################################
# CId	PlId	Seg	UorD	Type	nParam	p0	p1	...
#
#	Type=0 no correction will be performed
#	Type=1 ct=t-p[0]/sqrt(a-p[1])+p[2]
#	Type=2 ct=p[0]*a*a + p[1]*a + p[2] for Fiber
#
#######################################################################
# BH1 Up                                                              #
#######################################################################
1	0	0	0	1	3	1.47730e+00	-2.35290e-01	1.36110e+00
1	0	1	0	1	3	6.62130e-01	3.34480e-01	8.67710e-01
1	0	2	0	1	3	7.54820e-01	2.48290e-01	9.34610e-01
1	0	3	0	1	3	1.23270e+00	-1.14280e-01	1.26640e+00
1	0	4	0	1	3	1.29730e+00	-1.98210e-01	1.21160e+00
1	0	5	0	1	3	1.43110e+00	-7.87430e-02	1.42120e+00
1	0	6	0	1	3	1.41000e+00	-1.74510e-01	1.32020e+00
1	0	7	0	1	3	1.25340e+00	-3.62780e-02	1.24940e+00
1	0	8	0	1	3	1.44900e+00	-3.83590e-01	1.25050e+00
1	0	9	0	1	3	2.28060e+00	-6.04700e-01	1.82360e+00
1	0	10	0	1	3	9.33520e-01	5.26570e-02	9.95230e-01
#######################################################################
# BH1 Down                                                            #
#######################################################################
1	0	0	1	1	3	2.02010e+00	-5.58670e-01	1.64300e+00
1	0	1	1	1	3	8.49690e-01	1.88140e-01	1.01360e+00
1	0	2	1	1	3	1.21680e+00	-7.53470e-02	1.21540e+00
1	0	3	1	1	3	2.08470e+02	-6.59470e+01	2.55410e+01
1	0	4	1	1	3	1.41330e+00	-2.47510e-01	1.29810e+00
1	0	5	1	1	3	1.63380e+00	-2.25070e-01	1.48610e+00
1	0	6	1	1	3	1.64270e+00	-3.28680e-01	1.48410e+00
1	0	7	1	1	3	1.48840e+00	-1.98800e-01	1.38020e+00
1	0	8	1	1	3	9.57720e-01	-5.07090e-03	9.79170e-01
1	0	9	1	1	3	1.28980e+00	-8.52640e-02	1.26930e+00
1	0	10	1	1	3	1.29280e+00	-1.52360e-01	1.25330e+00
#######################################################################
# BH2 Up                                                              #
#######################################################################
2	0	0	0	1	3	1.23928e-01	3.19092e-01	1.64921e-01
2	0	1	0	1	3	7.53706e-01	-1.79708e-01	6.99096e-01
2	0	2	0	1	3	4.42202e-01	-1.79103e-01	4.01925e-01
2	0	3	0	1	3	3.11545e-01	-5.77250e-02	3.02038e-01
2	0	4	0	1	3	2.94738e-01	-1.61080e-01	2.70687e-01
2	0	5	0	1	3	1.70974e-01	2.75206e-01	2.01729e-01
2	0	6	0	1	3	3.73818e-01	9.75170e-02	3.97597e-01
2	0	7	0	1	3	3.15997e-01	6.59460e-02	3.24278e-01
#######################################################################
# BH2 Down                                                            #
#######################################################################
2	0	0	1	1	3	2.64639e-01	1.04767e-01	3.03250e-01
2	0	1	1	1	3	1.34101e+00	-8.16725e-01	9.87325e-01
2	0	2	1	1	3	4.33143e-01	-7.83380e-02	4.15357e-01
2	0	3	1	1	3	2.71422e-01	-7.15340e-02	2.53653e-01
2	0	4	1	1	3	2.16354e-01	1.56752e-01	2.36613e-01
2	0	5	1	1	3	2.26477e-01	2.19430e-01	2.54177e-01
2	0	6	1	1	3	1.46634e+00	-7.69085e-01	1.07966e+00
2	0	7	1	1	3	2.49431e-01	7.90660e-02	2.64418e-01
#######################################################################
# BAC                                                                 #
#######################################################################
3	0	0	0	1	3	0.00000e+00	0.00000e+00	0.00000e+00
3	0	1	0	1	3	0.00000e+00	0.00000e+00	0.00000e+00
#######################################################################
# FBH Up                                                              #
#######################################################################
4	0	0	0	2	3	-5.62952e-03	8.96903e-01	-3.53273e+01
4	0	1	0	2	3	-4.29399e-03	7.37975e-01	-3.00049e+01
4	0	2	0	2	3	-5.26894e-03	8.67305e-01	-3.38992e+01
4	0	3	0	2	3	-3.80183e-03	6.69237e-01	-2.72260e+01
4	0	4	0	2	3	-4.35014e-03	7.35785e-01	-2.92008e+01
4	0	5	0	2	3	-4.02541e-03	6.86907e-01	-2.70312e+01
4	0	6	0	2	3	-4.16660e-03	7.08229e-01	-2.81512e+01
4	0	7	0	2	3	-3.93117e-03	6.84759e-01	-2.69101e+01
4	0	8	0	2	3	-4.14423e-03	6.96902e-01	-2.65883e+01
4	0	9	0	2	3	-2.83372e-03	5.62925e-01	-2.20787e+01
4	0	10	0	2	3	-4.07944e-03	7.09420e-01	-2.75603e+01
4	0	11	0	2	3	-3.50961e-03	6.50113e-01	-2.64167e+01
4	0	12	0	2	3	-3.52415e-03	6.49734e-01	-2.67232e+01
4	0	13	0	2	3	-4.13420e-03	7.26957e-01	-2.99675e+01
4	0	14	0	2	3	-4.90315e-03	8.27563e-01	-3.35630e+01
4	0	15	0	2	3	-4.73048e-03	8.13189e-01	-3.31901e+01
#######################################################################
# FBH Down                                                            #
#######################################################################
4	0	0	1	2	3	-5.62952e-03	8.96903e-01	-3.53273e+01
4	0	1	1	2	3	-4.29399e-03	7.37975e-01	-3.00049e+01
4	0	2	1	2	3	-5.26894e-03	8.67305e-01	-3.38992e+01
4	0	3	1	2	3	-3.80183e-03	6.69237e-01	-2.72260e+01
4	0	4	1	2	3	-4.35014e-03	7.35785e-01	-2.92008e+01
4	0	5	1	2	3	-4.02541e-03	6.86907e-01	-2.70312e+01
4	0	6	1	2	3	-4.16660e-03	7.08229e-01	-2.81512e+01
4	0	7	1	2	3	-3.93117e-03	6.84759e-01	-2.69101e+01
4	0	8	1	2	3	-4.14423e-03	6.96902e-01	-2.65883e+01
4	0	9	1	2	3	-2.83372e-03	5.62925e-01	-2.20787e+01
4	0	10	1	2	3	-4.07944e-03	7.09420e-01	-2.75603e+01
4	0	11	1	2	3	-3.50961e-03	6.50113e-01	-2.64167e+01
4	0	12	1	2	3	-3.52415e-03	6.49734e-01	-2.67232e+01
4	0	13	1	2	3	-4.13420e-03	7.26957e-01	-2.99675e+01
4	0	14	1	2	3	-4.90315e-03	8.27563e-01	-3.35630e+01
4	0	15	1	2	3	-4.73048e-03	8.13189e-01	-3.31901e+01
#######################################################################
# PVAC                                                                #
#######################################################################
5	0	0	0	1	3	0.00000e+00	0.00000e+00	0.00000e+00
#######################################################################
# FAC                                                                 #
#######################################################################
6	0	0	0	1	3	0.00000e+00	0.00000e+00	0.00000e+00
#######################################################################
# SCH                                                                 #
#######################################################################
#7	0	0	0	2	3	-0.00500000	0.821213	-32.185321
#7	0	1	0	2	3	-0.00500000	0.830248	-32.269563
#7	0	2	0	2	3	-0.00500000	0.793073	-29.315934
#7	0	3	0	2	3	-0.00500000	0.772144	-28.276705
#7	0	4	0	2	3	-0.00500000	0.801968	-30.687167
#7	0	5	0	2	3	-0.00500000	0.778300	-28.439251
#7	0	6	0	2	3	-0.00500000	0.765872	-27.918181
#7	0	7	0	2	3	-0.00500000	0.738459	-26.016797
#7	0	8	0	2	3	-0.00500000	0.778318	-28.676371
#7	0	9	0	2	3	-0.00500000	0.776670	-28.892887
#7	0	10	0	2	3	-0.00500000	0.764278	-28.122474
#7	0	11	0	2	3	-0.00500000	0.790742	-29.423647
#7	0	12	0	2	3	-0.00500000	0.811330	-30.487019
#7	0	13	0	2	3	-0.00500000	0.818750	-30.891512
#7	0	14	0	2	3	-0.00500000	0.802541	-30.009136
#7	0	15	0	2	3	-0.00500000	0.809525	-30.751746
#7	0	16	0	2	3	-0.00500000	0.802597	-30.845509
#7	0	17	0	2	3	-0.00500000	0.835028	-32.780792
#7	0	18	0	2	3	-0.00500000	0.859176	-33.938731
#7	0	19	0	2	3	-0.00500000	0.814851	-31.445396
#7	0	20	0	2	3	-0.00500000	0.809426	-30.781087
#7	0	21	0	2	3	-0.00500000	0.780678	-28.888756
#7	0	22	0	2	3	-0.00500000	0.808206	-30.719604
#7	0	23	0	2	3	-0.00500000	0.774024	-27.858339
#7	0	24	0	2	3	-0.00500000	0.794308	-29.022101
#7	0	25	0	2	3	-0.00500000	0.775649	-27.980186
#7	0	26	0	2	3	-0.00500000	0.788483	-28.687567
#7	0	27	0	2	3	-0.00466315	0.771386	-29.253260
#7	0	28	0	2	3	-0.00483132	0.790854	-28.637741
#7	0	29	0	2	3	-0.00497049	0.812994	-30.786914
#7	0	30	0	2	3	-0.00500000	0.787793	-28.362716
#7	0	31	0	2	3	-0.00500000	0.790759	-28.876812
#7	0	32	0	2	3	-0.00500000	0.824826	-31.655285
#7	0	33	0	2	3	-0.00500000	0.845304	-33.407765
#7	0	34	0	2	3	-0.00500000	0.832263	-32.939799
#7	0	35	0	2	3	-0.00500000	0.820631	-31.695372
#7	0	36	0	2	3	-0.00500000	0.836997	-33.200590
#7	0	37	0	2	3	-0.00500000	0.819690	-32.097193
#7	0	38	0	2	3	-0.00500000	0.808109	-31.263214
#7	0	39	0	2	3	-0.00500000	0.815224	-31.135523
#7	0	40	0	2	3	-0.00500000	0.803398	-29.897923
#7	0	41	0	2	3	-0.00500000	0.815685	-31.165519
#7	0	42	0	2	3	-0.00500000	0.812980	-30.737261
#7	0	43	0	2	3	-0.00500000	0.829418	-32.693307
#7	0	44	0	2	3	-0.00500000	0.789530	-29.464920
#7	0	45	0	2	3	-0.00500000	0.804789	-31.208151
#7	0	46	0	2	3	-0.00500000	0.830106	-32.806514
#7	0	47	0	2	3	-0.00500000	0.819206	-31.373242
#7	0	48	0	2	3	-0.00500000	0.816165	-31.709319
#7	0	49	0	2	3	-0.00500000	0.798496	-30.201709
#7	0	50	0	2	3	-0.00500000	0.812167	-31.795745
#7	0	51	0	2	3	-0.00500000	0.810749	-31.375226
#7	0	52	0	2	3	-0.00500000	0.803385	-31.372512
#7	0	53	0	2	3	-0.00500000	0.777405	-29.262831
#7	0	54	0	2	3	-0.00500000	0.783954	-29.763410
#7	0	55	0	2	3	-0.00500000	0.789443	-29.976449
#7	0	56	0	2	3	-0.00500000	0.838828	-33.261086
#7	0	57	0	2	3	-0.00500000	0.804421	-30.573195
#7	0	58	0	2	3	-0.00500000	0.773283	-29.111048
#7	0	59	0	2	3	-0.00500000	0.811789	-31.449459
#7	0	60	0	2	3	-0.00500000	0.759724	-28.110014
#7	0	61	0	2	3	-0.00500000	0.810884	-31.379063
#7	0	62	0	2	3	-0.00500000	0.771910	-28.435006
#7	0	63	0	2	3	-0.00500000	0.796658	-30.511906
#######################################################################
# TOF Up                                                              #
#######################################################################
7	0	0	0	1	3	5.24830e+00	-1.96630e+00	2.96170e+00
7	0	1	0	1	3	5.24830e+00	-1.96630e+00	2.96170e+00
7	0	2	0	1	3	5.24830e+00	-1.96630e+00	2.96170e+00
7	0	3	0	1	3	5.24830e+00	-1.96630e+00	2.96170e+00
7	0	4	0	1	3	5.24830e+00	-1.96630e+00	2.96170e+00
7	0	5	0	1	3	5.24830e+00	-1.96630e+00	2.96170e+00
7	0	6	0	1	3	6.97090e+00	-3.03520e+00	3.39910e+00
7	0	7	0	1	3	4.05450e+00	-1.96150e+00	2.30360e+00
7	0	8	0	1	3	1.16940e+02	-2.98600e+01	2.09880e+01
7	0	9	0	1	3	5.24830e+00	-1.96630e+00	2.96170e+00
7	0	10	0	1	3	5.24830e+00	-1.96630e+00	2.96170e+00
7	0	11	0	1	3	5.24830e+00	-1.96630e+00	2.96170e+00
7	0	12	0	1	3	5.24830e+00	-1.96630e+00	2.96170e+00
7	0	13	0	1	3	5.24830e+00	-1.96630e+00	2.96170e+00
7	0	14	0	1	3	5.24830e+00	-1.96630e+00	2.96170e+00
7	0	15	0	1	3	5.24830e+00	-1.96630e+00	2.96170e+00
7	0	16	0	1	3	5.24830e+00	-1.96630e+00	2.96170e+00
7	0	17	0	1	3	5.24830e+00	-1.96630e+00	2.96170e+00
7	0	18	0	1	3	5.24830e+00	-1.96630e+00	2.96170e+00
7	0	19	0	1	3	7.11491e-01	1.85180e-03	5.82402e-01
7	0	20	0	1	3	5.59404e-01	-1.73810e-03	4.50716e-01
7	0	21	0	1	3	8.92499e-01	1.99900e-03	7.37364e-01
7	0	22	0	1	3	6.37553e-01	1.99960e-03	5.45449e-01
7	0	23	0	1	3	1.19210e+00	1.98920e-03	9.99994e-01
#######################################################################
# TOF Down                                                            #
#######################################################################
7	0	0	1	1	3	5.84300e+00	-2.30730e+00	3.11320e+00
7	0	1	1	1	3	5.84300e+00	-2.30730e+00	3.11320e+00
7	0	2	1	1	3	5.84300e+00	-2.30730e+00	3.11320e+00
7	0	3	1	1	3	5.84300e+00	-2.30730e+00	3.11320e+00
7	0	4	1	1	3	5.84300e+00	-2.30730e+00	3.11320e+00
7	0	5	1	1	3	5.84300e+00	-2.30730e+00	3.11320e+00
7	0	6	1	1	3	1.41330e+01	-5.81170e+00	5.32680e+00
7	0	7	1	1	3	7.84850e+01	-2.02870e+01	1.69500e+01
7	0	8	1	1	3	2.20240e+02	-3.62440e+01	3.60080e+01
7	0	9	1	1	3	5.84300e+00	-2.30730e+00	3.11320e+00
7	0	10	1	1	3	5.84300e+00	-2.30730e+00	3.11320e+00
7	0	11	1	1	3	5.84300e+00	-2.30730e+00	3.11320e+00
7	0	12	1	1	3	5.84300e+00	-2.30730e+00	3.11320e+00
7	0	13	1	1	3	5.84300e+00	-2.30730e+00	3.11320e+00
7	0	14	1	1	3	5.84300e+00	-2.30730e+00	3.11320e+00
7	0	15	1	1	3	5.84300e+00	-2.30730e+00	3.11320e+00
7	0	16	1	1	3	5.84300e+00	-2.30730e+00	3.11320e+00
7	0	17	1	1	3	5.84300e+00	-2.30730e+00	3.11320e+00
7	0	18	1	1	3	5.84300e+00	-2.30730e+00	3.11320e+00
7	0	19	1	1	3	6.18741e-01	1.99860e-03	4.90831e-01
7	0	20	1	1	3	5.75901e-01	1.04210e-03	4.72509e-01
7	0	21	1	1	3	9.41046e-01	1.99890e-03	7.79357e-01
7	0	22	1	1	3	4.84266e-01	-1.95590e-03	3.99786e-01
7	0	23	1	1	3	8.97714e-01	1.99860e-03	7.56300e-01
#######################################################################
# BFT U                                                               #
#######################################################################
110	0	0	0	2	3	3.60367e-03	-5.81855e-01	1.65124e+01
110	0	1	0	2	3	-4.13916e-03	3.07603e-02	5.41369e+00
110	0	2	0	2	3	1.71644e-03	-4.30128e-01	1.43762e+01
110	0	3	0	2	3	1.05321e-02	-1.01264e+00	2.30059e+01
110	0	4	0	2	3	4.11779e-03	-5.79459e-01	1.58696e+01
110	0	5	0	2	3	7.27211e-04	-3.42110e-01	1.31238e+01
110	0	6	0	2	3	2.62166e-03	-4.71549e-01	1.40004e+01
110	0	7	0	2	3	-2.46392e-03	-6.21673e-02	5.73757e+00
110	0	8	0	2	3	3.82521e-03	-5.66252e-01	1.60296e+01
110	0	9	0	2	3	1.13305e-03	-3.55015e-01	1.24935e+01
110	0	10	0	2	3	5.22953e-03	-6.61664e-01	1.68127e+01
110	0	11	0	2	3	3.85483e-03	-5.38556e-01	1.54109e+01
110	0	12	0	2	3	2.13930e-03	-4.36175e-01	1.30260e+01
110	0	13	0	2	3	4.34404e-03	-6.00485e-01	1.70034e+01
110	0	14	0	2	3	4.41596e-03	-6.06464e-01	1.60826e+01
110	0	15	0	2	3	-2.14235e-03	-1.23751e-01	8.44063e+00
110	0	16	0	2	3	1.33521e-03	-3.87945e-01	1.21737e+01
110	0	17	0	2	3	2.76042e-03	-4.72383e-01	1.51329e+01
110	0	18	0	2	3	3.48939e-03	-5.39990e-01	1.47030e+01
110	0	19	0	2	3	4.80152e-03	-6.32636e-01	1.52485e+01
110	0	20	0	2	3	1.39255e-03	-3.83617e-01	1.24571e+01
110	0	21	0	2	3	1.60801e-03	-3.82198e-01	1.37469e+01
110	0	22	0	2	3	3.68051e-03	-5.40565e-01	1.48982e+01
110	0	23	0	2	3	5.41625e-03	-6.64685e-01	1.76460e+01
110	0	24	0	2	3	4.52846e-03	-6.00057e-01	1.63975e+01
110	0	25	0	2	3	4.37872e-03	-5.85345e-01	1.66850e+01
110	0	26	0	2	3	2.46443e-03	-4.68244e-01	1.40142e+01
110	0	27	0	2	3	3.60195e-03	-5.37256e-01	1.53785e+01
110	0	28	0	2	3	3.12304e-03	-5.15166e-01	1.33524e+01
110	0	29	0	2	3	2.84341e-03	-4.72434e-01	1.46189e+01
110	0	30	0	2	3	4.15113e-03	-5.82615e-01	1.56752e+01
110	0	31	0	2	3	3.76366e-03	-5.54419e-01	1.67218e+01
110	0	32	0	2	3	4.03675e-03	-5.76562e-01	1.59077e+01
110	0	33	0	2	3	4.71380e-03	-5.92264e-01	1.44445e+01
110	0	34	0	2	3	4.10843e-03	-5.83631e-01	1.57984e+01
110	0	35	0	2	3	4.13542e-03	-5.89933e-01	1.74064e+01
110	0	36	0	2	3	2.67145e-03	-4.70769e-01	1.36409e+01
110	0	37	0	2	3	3.79573e-03	-5.64097e-01	1.69838e+01
110	0	38	0	2	3	3.33537e-03	-5.19515e-01	1.39994e+01
110	0	39	0	2	3	4.81391e-03	-6.31240e-01	1.78019e+01
110	0	40	0	2	3	4.26268e-03	-5.80794e-01	1.53646e+01
110	0	41	0	2	3	4.37454e-03	-5.92823e-01	1.70758e+01
110	0	42	0	2	3	4.31822e-03	-5.88888e-01	1.51033e+01
110	0	43	0	2	3	4.11599e-03	-5.83316e-01	1.75605e+01
110	0	44	0	2	3	3.51568e-03	-5.41198e-01	1.49874e+01
110	0	45	0	2	3	3.96738e-03	-5.60433e-01	1.60114e+01
110	0	46	0	2	3	4.26347e-03	-5.99009e-01	1.61955e+01
110	0	47	0	2	3	4.21260e-03	-5.89629e-01	1.76828e+01
110	0	48	0	2	3	3.85317e-03	-5.56562e-01	1.41857e+01
110	0	49	0	2	3	4.01526e-03	-5.67350e-01	1.66358e+01
110	0	50	0	2	3	4.38372e-03	-5.95948e-01	1.62667e+01
110	0	51	0	2	3	4.73323e-03	-6.18049e-01	1.73679e+01
110	0	52	0	2	3	3.73471e-03	-5.44404e-01	1.45017e+01
110	0	53	0	2	3	4.48916e-03	-5.98793e-01	1.69855e+01
110	0	54	0	2	3	4.12267e-03	-5.78978e-01	1.56175e+01
110	0	55	0	2	3	4.85536e-03	-6.29480e-01	1.75556e+01
110	0	56	0	2	3	3.46086e-03	-5.42031e-01	1.60151e+01
110	0	57	0	2	3	4.72258e-03	-6.20885e-01	1.71361e+01
110	0	58	0	2	3	3.79396e-03	-5.63327e-01	1.65449e+01
110	0	59	0	2	3	3.79834e-03	-5.70355e-01	1.76551e+01
110	0	60	0	2	3	3.70360e-03	-5.56844e-01	1.50107e+01
110	0	61	0	2	3	3.52351e-03	-5.31057e-01	1.51902e+01
110	0	62	0	2	3	4.64789e-03	-6.19099e-01	1.63315e+01
110	0	63	0	2	3	3.97223e-03	-5.71544e-01	1.59737e+01
110	0	64	0	2	3	3.84034e-03	-5.65165e-01	1.57780e+01
110	0	65	0	2	3	4.17913e-03	-5.82111e-01	1.61095e+01
110	0	66	0	2	3	4.71813e-03	-6.39103e-01	1.73262e+01
110	0	67	0	2	3	3.51090e-03	-5.39875e-01	1.56272e+01
110	0	68	0	2	3	3.65499e-03	-5.64864e-01	1.64343e+01
110	0	69	0	2	3	4.04502e-03	-5.73904e-01	1.65716e+01
110	0	70	0	2	3	4.29075e-03	-6.10065e-01	1.71267e+01
110	0	71	0	2	3	4.63576e-03	-6.21099e-01	1.68420e+01
110	0	72	0	2	3	3.99011e-03	-5.83457e-01	1.55792e+01
110	0	73	0	2	3	4.00665e-03	-5.75089e-01	1.64130e+01
110	0	74	0	2	3	4.31042e-03	-6.07627e-01	1.70091e+01
110	0	75	0	2	3	4.64863e-03	-6.13602e-01	1.62553e+01
110	0	76	0	2	3	3.61876e-03	-5.48746e-01	1.49942e+01
110	0	77	0	2	3	3.76346e-03	-5.57524e-01	1.57622e+01
110	0	78	0	2	3	4.19816e-03	-5.99416e-01	1.62375e+01
110	0	79	0	2	3	4.29018e-03	-5.90798e-01	1.58755e+01
110	0	80	0	2	3	3.84965e-03	-5.65134e-01	1.53407e+01
110	0	81	0	2	3	4.14592e-03	-5.73310e-01	1.55780e+01
110	0	82	0	2	3	4.43239e-03	-6.04779e-01	1.65796e+01
110	0	83	0	2	3	4.91864e-03	-6.39045e-01	1.76292e+01
110	0	84	0	2	3	3.48801e-03	-5.37941e-01	1.53512e+01
110	0	85	0	2	3	3.94099e-03	-5.67183e-01	1.59327e+01
110	0	86	0	2	3	4.67710e-03	-6.36139e-01	1.69096e+01
110	0	87	0	2	3	4.57186e-03	-6.24304e-01	1.82799e+01
110	0	88	0	2	3	3.75645e-03	-5.52533e-01	1.59309e+01
110	0	89	0	2	3	3.78592e-03	-5.59624e-01	1.54273e+01
110	0	90	0	2	3	4.09331e-03	-5.85496e-01	1.57230e+01
110	0	91	0	2	3	4.42575e-03	-6.11671e-01	1.69078e+01
110	0	92	0	2	3	3.74097e-03	-5.68445e-01	1.63420e+01
110	0	93	0	2	3	4.42189e-03	-6.01473e-01	1.68604e+01
110	0	94	0	2	3	4.10924e-03	-6.08236e-01	1.81222e+01
110	0	95	0	2	3	4.27199e-03	-6.00587e-01	1.65854e+01
110	0	96	0	2	3	3.77301e-03	-5.70635e-01	1.60357e+01
110	0	97	0	2	3	3.99742e-03	-5.70282e-01	1.60493e+01
110	0	98	0	2	3	4.38012e-03	-6.20398e-01	1.69352e+01
110	0	99	0	2	3	4.63880e-03	-6.11808e-01	1.63767e+01
110	0	100	0	2	3	3.58403e-03	-5.46717e-01	1.60328e+01
110	0	101	0	2	3	3.77341e-03	-5.58933e-01	1.58422e+01
110	0	102	0	2	3	4.00202e-03	-5.85979e-01	1.70771e+01
110	0	103	0	2	3	4.76160e-03	-6.30835e-01	1.76347e+01
110	0	104	0	2	3	3.65510e-03	-5.60409e-01	1.55535e+01
110	0	105	0	2	3	3.75320e-03	-5.51437e-01	1.60914e+01
110	0	106	0	2	3	4.49350e-03	-6.14364e-01	1.74215e+01
110	0	107	0	2	3	4.95293e-03	-6.42452e-01	1.73016e+01
110	0	108	0	2	3	3.88074e-03	-5.73144e-01	1.65246e+01
110	0	109	0	2	3	4.50894e-03	-6.09327e-01	1.70275e+01
110	0	110	0	2	3	4.25671e-03	-5.99282e-01	1.69890e+01
110	0	111	0	2	3	4.17816e-03	-5.93598e-01	1.69665e+01
110	0	112	0	2	3	4.43883e-03	-6.01433e-01	1.57034e+01
110	0	113	0	2	3	5.01880e-03	-6.36245e-01	1.73779e+01
110	0	114	0	2	3	4.48886e-03	-6.18846e-01	1.74762e+01
110	0	115	0	2	3	5.16543e-03	-6.48021e-01	1.75799e+01
110	0	116	0	2	3	2.62987e-03	-4.85728e-01	1.46952e+01
110	0	117	0	2	3	3.57034e-03	-5.45057e-01	1.59560e+01
110	0	118	0	2	3	2.83255e-03	-5.06491e-01	1.58526e+01
110	0	119	0	2	3	4.80757e-03	-6.29720e-01	1.65904e+01
110	0	120	0	2	3	3.19774e-03	-5.35330e-01	1.58445e+01
110	0	121	0	2	3	2.54041e-03	-4.75168e-01	1.35727e+01
110	0	122	0	2	3	3.16945e-03	-5.29319e-01	1.58266e+01
110	0	123	0	2	3	-3.48491e-03	-1.97926e-02	6.63570e+00
110	0	124	0	2	3	1.82204e-03	-4.16129e-01	1.40387e+01
110	0	125	0	2	3	4.75742e-03	-6.14855e-01	1.50737e+01
110	0	126	0	2	3	2.80568e-03	-4.87809e-01	1.46916e+01
110	0	127	0	2	3	1.64041e-03	-4.06942e-01	1.26334e+01
110	0	128	0	2	3	3.07074e-03	-5.54116e-01	1.73955e+01
110	0	129	0	2	3	2.86781e-03	-5.14784e-01	1.51023e+01
110	0	130	0	2	3	2.96219e-04	-3.38114e-01	1.34211e+01
110	0	131	0	2	3	-1.94442e-03	-1.49000e-01	9.51484e+00
110	0	132	0	2	3	2.94933e-03	-5.23918e-01	1.70365e+01
110	0	133	0	2	3	6.45175e-04	-3.31677e-01	1.27820e+01
110	0	134	0	2	3	-3.97797e-03	-7.61175e-03	6.92949e+00
110	0	135	0	2	3	-3.63430e-04	-2.66540e-01	1.09691e+01
110	0	136	0	2	3	1.07308e-03	-3.70955e-01	1.28097e+01
110	0	137	0	2	3	2.67714e-03	-5.19570e-01	1.61821e+01
110	0	138	0	2	3	3.61131e-03	-5.72899e-01	1.76546e+01
110	0	139	0	2	3	1.07555e-03	-3.69254e-01	1.22108e+01
110	0	140	0	2	3	2.04615e-03	-4.55235e-01	1.57026e+01
110	0	141	0	2	3	4.31008e-03	-6.30016e-01	1.76024e+01
110	0	142	0	2	3	-1.84435e-04	-2.95713e-01	1.22108e+01
110	0	143	0	2	3	4.22551e-03	-6.03402e-01	1.71449e+01
110	0	144	0	2	3	-6.89029e-03	2.33951e-01	2.02729e+00
110	0	145	0	2	3	2.29537e-03	-4.59135e-01	1.38139e+01
110	0	146	0	2	3	4.30320e-03	-6.22602e-01	1.81439e+01
110	0	147	0	2	3	-5.20117e-03	1.02676e-01	3.79988e+00
110	0	148	0	2	3	4.41502e-03	-6.28269e-01	1.85902e+01
110	0	149	0	2	3	7.46188e-04	-3.18006e-01	1.19615e+01
110	0	150	0	2	3	-1.73934e-03	-1.50930e-01	9.35132e+00
110	0	151	0	2	3	3.64691e-03	-5.44234e-01	1.59993e+01
110	0	152	0	2	3	-6.82682e-03	2.36362e-01	2.30973e+00
110	0	153	0	2	3	7.53379e-04	-3.50476e-01	1.22666e+01
110	0	154	0	2	3	4.75846e-03	-6.56227e-01	1.83373e+01
110	0	155	0	2	3	2.58788e-03	-4.85852e-01	1.48614e+01
110	0	156	0	2	3	-6.45133e-03	1.24780e-01	5.72125e+00
110	0	157	0	2	3	7.84585e-03	-4.88576e-01	6.35158e+00
110	0	158	0	2	3	-6.96477e-04	-2.99359e-01	1.31475e+01
110	0	159	0	2	3	-2.16515e-02	1.29280e+00	-1.68314e+01
#######################################################################
# BFT D                                                               #
#######################################################################
110	1	0	0	2	3	4.08970e-03	-5.71012e-01	1.67932e+01
110	1	1	0	2	3	-1.57644e-02	9.13005e-01	-1.08684e+01
110	1	2	0	2	3	2.60767e-03	-4.87336e-01	1.46370e+01
110	1	3	0	2	3	-1.42999e-02	8.21986e-01	-9.33402e+00
110	1	4	0	2	3	1.55545e-03	-3.82228e-01	1.22839e+01
110	1	5	0	2	3	-4.38854e-03	9.01800e-02	3.97542e+00
110	1	6	0	2	3	6.37173e-04	-3.44449e-01	1.20762e+01
110	1	7	0	2	3	1.54484e-03	-3.84261e-01	1.26852e+01
110	1	8	0	2	3	3.20770e-03	-5.15371e-01	1.50718e+01
110	1	9	0	2	3	3.91572e-03	-5.48494e-01	1.67897e+01
110	1	10	0	2	3	2.79047e-03	-4.82102e-01	1.43053e+01
110	1	11	0	2	3	3.61844e-03	-5.47726e-01	1.68624e+01
110	1	12	0	2	3	3.57525e-03	-5.37871e-01	1.46381e+01
110	1	13	0	2	3	5.76509e-03	-7.01838e-01	1.83136e+01
110	1	14	0	2	3	3.70579e-03	-5.75149e-01	1.65989e+01
110	1	15	0	2	3	2.43096e-03	-4.66284e-01	1.52153e+01
110	1	16	0	2	3	1.61868e-03	-4.16111e-01	1.29650e+01
110	1	17	0	2	3	3.85116e-03	-5.61389e-01	1.58761e+01
110	1	18	0	2	3	2.77172e-03	-5.00708e-01	1.48733e+01
110	1	19	0	2	3	1.65543e-03	-3.92521e-01	1.31323e+01
110	1	20	0	2	3	3.30199e-03	-5.34183e-01	1.52992e+01
110	1	21	0	2	3	4.55138e-03	-6.29733e-01	1.88098e+01
110	1	22	0	2	3	2.29453e-03	-4.55267e-01	1.35077e+01
110	1	23	0	2	3	2.49212e-03	-4.58831e-01	1.46277e+01
110	1	24	0	2	3	3.59865e-03	-5.56020e-01	1.62903e+01
110	1	25	0	2	3	3.33865e-03	-5.21466e-01	1.58972e+01
110	1	26	0	2	3	4.05841e-03	-5.80684e-01	1.63790e+01
110	1	27	0	2	3	2.60875e-03	-4.72886e-01	1.58235e+01
110	1	28	0	2	3	3.06438e-03	-5.17033e-01	1.54257e+01
110	1	29	0	2	3	3.38574e-03	-5.33599e-01	1.54545e+01
110	1	30	0	2	3	2.91501e-03	-5.10221e-01	1.46990e+01
110	1	31	0	2	3	4.72575e-03	-6.42636e-01	1.76463e+01
110	1	32	0	2	3	3.89173e-03	-5.76748e-01	1.69800e+01
110	1	33	0	2	3	3.32731e-03	-5.33517e-01	1.53217e+01
110	1	34	0	2	3	3.96482e-03	-5.78476e-01	1.52974e+01
110	1	35	0	2	3	3.46829e-03	-5.48973e-01	1.68262e+01
110	1	36	0	2	3	3.88813e-03	-5.66607e-01	1.62335e+01
110	1	37	0	2	3	3.70525e-03	-5.53887e-01	1.49169e+01
110	1	38	0	2	3	3.92013e-03	-5.76606e-01	1.66873e+01
110	1	39	0	2	3	3.88795e-03	-5.60660e-01	1.68663e+01
110	1	40	0	2	3	4.25750e-03	-5.88646e-01	1.64162e+01
110	1	41	0	2	3	3.07181e-03	-5.09807e-01	1.55468e+01
110	1	42	0	2	3	3.80495e-03	-5.57831e-01	1.54109e+01
110	1	43	0	2	3	4.29943e-03	-5.90737e-01	1.65829e+01
110	1	44	0	2	3	3.54118e-03	-5.50381e-01	1.60082e+01
110	1	45	0	2	3	3.47192e-03	-5.41636e-01	1.63578e+01
110	1	46	0	2	3	4.24242e-03	-5.99819e-01	1.67942e+01
110	1	47	0	2	3	3.60554e-03	-5.63226e-01	1.76249e+01
110	1	48	0	2	3	3.89560e-03	-5.71469e-01	1.60662e+01
110	1	49	0	2	3	3.52223e-03	-5.38186e-01	1.64918e+01
110	1	50	0	2	3	4.17134e-03	-5.89562e-01	1.62783e+01
110	1	51	0	2	3	4.00798e-03	-5.77028e-01	1.68840e+01
110	1	52	0	2	3	3.78824e-03	-5.71314e-01	1.63235e+01
110	1	53	0	2	3	3.39883e-03	-5.28895e-01	1.62561e+01
110	1	54	0	2	3	4.03412e-03	-5.90518e-01	1.66507e+01
110	1	55	0	2	3	3.62429e-03	-5.48155e-01	1.64676e+01
110	1	56	0	2	3	4.06600e-03	-5.98145e-01	1.69282e+01
110	1	57	0	2	3	3.89772e-03	-5.72993e-01	1.67333e+01
110	1	58	0	2	3	4.44187e-03	-6.29613e-01	1.84330e+01
110	1	59	0	2	3	4.13738e-03	-5.99258e-01	1.85290e+01
110	1	60	0	2	3	3.86604e-03	-5.75071e-01	1.62419e+01
110	1	61	0	2	3	4.07978e-03	-5.73101e-01	1.62259e+01
110	1	62	0	2	3	3.96898e-03	-5.81304e-01	1.53260e+01
110	1	63	0	2	3	4.25518e-03	-5.98668e-01	1.75125e+01
110	1	64	0	2	3	3.88052e-03	-5.75413e-01	1.65692e+01
110	1	65	0	2	3	4.73808e-03	-6.30527e-01	1.73309e+01
110	1	66	0	2	3	4.55579e-03	-6.34187e-01	1.74510e+01
110	1	67	0	2	3	4.32166e-03	-6.03859e-01	1.59732e+01
110	1	68	0	2	3	3.58281e-03	-5.43563e-01	1.53895e+01
110	1	69	0	2	3	4.01567e-03	-5.80587e-01	1.65899e+01
110	1	70	0	2	3	3.83961e-03	-5.73744e-01	1.64384e+01
110	1	71	0	2	3	4.09223e-03	-5.94474e-01	1.71358e+01
110	1	72	0	2	3	3.90981e-03	-5.73568e-01	1.58822e+01
110	1	73	0	2	3	3.72314e-03	-5.66178e-01	1.71386e+01
110	1	74	0	2	3	4.04463e-03	-5.81467e-01	1.51837e+01
110	1	75	0	2	3	4.25376e-03	-6.03068e-01	1.66748e+01
110	1	76	0	2	3	3.33859e-03	-5.33312e-01	1.50510e+01
110	1	77	0	2	3	3.85453e-03	-5.75481e-01	1.62470e+01
110	1	78	0	2	3	4.01534e-03	-5.82957e-01	1.62375e+01
110	1	79	0	2	3	4.51286e-03	-6.16225e-01	1.67845e+01
110	1	80	0	2	3	3.84606e-03	-5.64440e-01	1.54131e+01
110	1	81	0	2	3	3.68887e-03	-5.55080e-01	1.50553e+01
110	1	82	0	2	3	4.53963e-03	-6.18640e-01	1.73459e+01
110	1	83	0	2	3	4.29482e-03	-5.89642e-01	1.59130e+01
110	1	84	0	2	3	3.37438e-03	-5.24616e-01	1.42449e+01
110	1	85	0	2	3	3.72897e-03	-5.56551e-01	1.53592e+01
110	1	86	0	2	3	4.03891e-03	-5.83832e-01	1.65318e+01
110	1	87	0	2	3	4.39427e-03	-5.95064e-01	1.46849e+01
110	1	88	0	2	3	3.82675e-03	-5.67309e-01	1.60029e+01
110	1	89	0	2	3	4.19320e-03	-5.95924e-01	1.57631e+01
110	1	90	0	2	3	3.96862e-03	-5.81896e-01	1.54764e+01
110	1	91	0	2	3	4.32795e-03	-5.99050e-01	1.66276e+01
110	1	92	0	2	3	3.38810e-03	-5.29346e-01	1.48768e+01
110	1	93	0	2	3	4.29296e-03	-5.97802e-01	1.62766e+01
110	1	94	0	2	3	4.59143e-03	-6.22673e-01	1.72472e+01
110	1	95	0	2	3	3.74293e-03	-5.63048e-01	1.63815e+01
110	1	96	0	2	3	3.63716e-03	-5.50799e-01	1.59696e+01
110	1	97	0	2	3	3.43419e-03	-5.35937e-01	1.56411e+01
110	1	98	0	2	3	4.50189e-03	-6.31992e-01	1.78314e+01
110	1	99	0	2	3	4.06854e-03	-5.84179e-01	1.58671e+01
110	1	100	0	2	3	3.76492e-03	-5.51851e-01	1.55258e+01
110	1	101	0	2	3	3.73501e-03	-5.56199e-01	1.58513e+01
110	1	102	0	2	3	4.15498e-03	-5.99733e-01	1.63925e+01
110	1	103	0	2	3	4.40936e-03	-6.07286e-01	1.61544e+01
110	1	104	0	2	3	3.84879e-03	-5.66968e-01	1.58025e+01
110	1	105	0	2	3	3.98965e-03	-5.75805e-01	1.59911e+01
110	1	106	0	2	3	3.96816e-03	-5.81487e-01	1.68355e+01
110	1	107	0	2	3	4.07936e-03	-5.81830e-01	1.58608e+01
110	1	108	0	2	3	2.93726e-03	-5.05424e-01	1.55105e+01
110	1	109	0	2	3	3.85510e-03	-5.71312e-01	1.65276e+01
110	1	110	0	2	3	3.75512e-03	-5.67869e-01	1.58484e+01
110	1	111	0	2	3	3.85867e-03	-5.79304e-01	1.72166e+01
110	1	112	0	2	3	3.10295e-03	-5.14003e-01	1.57018e+01
110	1	113	0	2	3	4.44009e-03	-6.09858e-01	1.67374e+01
110	1	114	0	2	3	3.57382e-03	-5.54657e-01	1.62344e+01
110	1	115	0	2	3	4.28960e-03	-5.96083e-01	1.61126e+01
110	1	116	0	2	3	4.34863e-03	-6.08331e-01	1.76163e+01
110	1	117	0	2	3	3.69676e-03	-5.52941e-01	1.55952e+01
110	1	118	0	2	3	4.51465e-03	-6.16272e-01	1.57837e+01
110	1	119	0	2	3	3.75492e-03	-5.67006e-01	1.61959e+01
110	1	120	0	2	3	3.65160e-03	-5.52450e-01	1.62805e+01
110	1	121	0	2	3	5.16971e-03	-6.50933e-01	1.70272e+01
110	1	122	0	2	3	3.29381e-03	-5.34260e-01	1.64107e+01
110	1	123	0	2	3	4.97226e-04	-3.21237e-01	1.26865e+01
110	1	124	0	2	3	3.55312e-03	-5.48543e-01	1.60484e+01
110	1	125	0	2	3	2.25993e-03	-4.57346e-01	1.42192e+01
110	1	126	0	2	3	5.56801e-03	-6.86763e-01	1.79296e+01
110	1	127	0	2	3	-1.48832e-04	-2.69134e-01	1.03966e+01
110	1	128	0	2	3	3.93693e-03	-5.99544e-01	1.81749e+01
110	1	129	0	2	3	4.66535e-03	-6.39847e-01	1.85963e+01
110	1	130	0	2	3	7.00919e-03	-8.14337e-01	2.10801e+01
110	1	131	0	2	3	3.21568e-03	-5.14222e-01	1.46713e+01
110	1	132	0	2	3	4.44592e-03	-6.20774e-01	1.74940e+01
110	1	133	0	2	3	3.64249e-03	-5.56352e-01	1.65824e+01
110	1	134	0	2	3	3.25642e-03	-5.46111e-01	1.63706e+01
110	1	135	0	2	3	5.80690e-03	-7.08894e-01	1.85776e+01
110	1	136	0	2	3	3.07567e-03	-5.16979e-01	1.57613e+01
110	1	137	0	2	3	4.27652e-03	-6.00488e-01	1.66497e+01
110	1	138	0	2	3	2.06058e-03	-4.49120e-01	1.38708e+01
110	1	139	0	2	3	4.83287e-03	-6.61746e-01	1.83373e+01
110	1	140	0	2	3	4.22941e-03	-6.17627e-01	1.79576e+01
110	1	141	0	2	3	4.68797e-03	-6.38207e-01	1.79988e+01
110	1	142	0	2	3	2.55382e-03	-4.86859e-01	1.52494e+01
110	1	143	0	2	3	3.11034e-03	-5.44347e-01	1.65725e+01
110	1	144	0	2	3	-6.73445e-03	1.79791e-01	3.93238e+00
110	1	145	0	2	3	4.68774e-03	-6.46254e-01	1.75456e+01
110	1	146	0	2	3	1.03523e-03	-3.51997e-01	1.25600e+01
110	1	147	0	2	3	5.34279e-03	-6.64767e-01	1.74510e+01
110	1	148	0	2	3	3.54063e-03	-5.75036e-01	1.69405e+01
110	1	149	0	2	3	2.75753e-03	-4.62946e-01	1.39540e+01
110	1	150	0	2	3	4.11806e-03	-6.05201e-01	1.72875e+01
110	1	151	0	2	3	1.96527e-03	-4.48405e-01	1.40740e+01
110	1	152	0	2	3	3.96175e-03	-5.77810e-01	1.69413e+01
110	1	153	0	2	3	-1.61688e-02	9.40155e-01	-1.13423e+01
110	1	154	0	2	3	1.94796e-03	-4.59681e-01	1.49239e+01
110	1	155	0	2	3	6.96629e-03	-7.79826e-01	1.92084e+01
110	1	156	0	2	3	3.47734e-03	-5.61368e-01	1.63151e+01
110	1	157	0	2	3	8.03295e-03	-8.01387e-01	1.90275e+01
110	1	158	0	2	3	-4.46138e-03	1.15595e-01	2.74637e+00
110	1	159	0	2	3	-1.01843e-03	-2.33308e-01	1.13429e+01
