##
#  file: HodoPHCParam_Dummy
#  date: 2016.06.15
#  note: first version
#
#
#######################################################################
# CId	PlId	Seg	UorD	Type	nParam	p0	p1	...
#
#	Type=0 no correction will be performed
#	Type=1 ct=t-p[0]/sqrt(a-p[1])+p[2]
#	Type=2 ct=p[0]*a*a + p[1]*a + p[2] for Fiber
#
#######################################################################
# BH1 Up                                                              #
#######################################################################
1	0	0	0	1	3	9.72882e+01	-2.42381e+01	1.93388e+01
1	0	1	0	1	3	8.39811e-01	2.30870e-01	9.07677e-01
1	0	2	0	1	3	7.96271e-01	2.02772e-01	8.76313e-01
1	0	3	0	1	3	1.24269e+00	-1.47574e-01	1.19840e+00
1	0	4	0	1	3	1.09931e+00	-7.72769e-02	1.08260e+00
1	0	5	0	1	3	1.05845e+00	1.40683e-01	1.18835e+00
1	0	6	0	1	3	1.24845e+00	-7.32092e-02	1.22011e+00
1	0	7	0	1	3	1.38494e+00	-1.69323e-01	1.29113e+00
1	0	8	0	1	3	1.12943e+00	-1.85789e-01	1.05048e+00
1	0	9	0	1	3	1.39270e+00	-1.82072e-01	1.30041e+00
1	0	10	0	1	3	1.71493e+02	-3.15885e+01	3.00372e+01
#######################################################################
# BH1 Down                                                            #
#######################################################################
1	0	0	1	1	3	1.69589e+00	-2.63702e-01	1.46458e+00
1	0	1	1	1	3	6.65147e-01	3.06785e-01	7.74182e-01
1	0	2	1	1	3	1.69164e+00	-4.50471e-01	1.36238e+00
1	0	3	1	1	3	7.14482e+01	-2.23619e+01	1.47724e+01
1	0	4	1	1	3	1.42431e+00	-1.84323e-01	1.31423e+00
1	0	5	1	1	3	1.48351e+00	-1.17877e-01	1.40777e+00
1	0	6	1	1	3	1.64799e+00	-3.01989e-01	1.48452e+00
1	0	7	1	1	3	1.48685e+00	-1.75507e-01	1.38619e+00
1	0	8	1	1	3	5.71792e-01	2.68423e-01	6.99614e-01
1	0	9	1	1	3	1.07020e+00	4.47097e-02	1.11772e+00
1	0	10	1	1	3	5.19525e-01	3.65790e-01	6.45791e-01
#######################################################################
# BH2 Up                                                              #
#######################################################################
2	0	0	0	1	3	1.12115e-01	3.35357e-01	1.33957e-01
2	0	1	0	1	3	4.23202e-01	6.01088e-02	4.32756e-01
2	0	2	0	1	3	4.01076e-01	4.56070e-02	4.03148e-01
2	0	3	0	1	3	3.85284e-01	5.67440e-02	3.98101e-01
2	0	4	0	1	3	2.66200e-01	1.48660e-01	2.92941e-01
2	0	5	0	1	3	1.66891e-01	2.88043e-01	2.06447e-01
2	0	6	0	1	3	1.71542e-01	2.55850e-01	2.12138e-01
2	0	7	0	1	3	1.96083e-01	2.29490e-01	2.30246e-01
#######################################################################
# BH2 Down                                                            #
#######################################################################
2	0	0	1	1	3	1.86082e-01	2.04597e-01	2.06299e-01
2	0	1	1	1	3	3.69447e-01	6.07075e-02	3.67987e-01
2	0	2	1	1	3	4.36704e-01	5.29092e-03	4.17610e-01
2	0	3	1	1	3	5.05110e-01	-2.36197e-01	4.33924e-01
2	0	4	1	1	3	3.34198e-01	6.07922e-02	3.30964e-01
2	0	5	1	1	3	2.71316e-01	1.29618e-01	2.74971e-01
2	0	6	1	1	3	4.51400e-01	-3.05140e-02	4.20447e-01
2	0	7	1	1	3	2.11967e-01	8.42464e-02	2.22906e-01
#######################################################################
# BAC                                                                 #
#######################################################################
3	0	0	0	1	3	0.00000e+00	0.00000e+00	0.00000e+00
3	0	1	0	1	3	0.00000e+00	0.00000e+00	0.00000e+00
#######################################################################
# FBH Up                                                              #
#######################################################################
4	0	0	0	2	3	-5.62952e-03	8.96903e-01	-3.53273e+01
4	0	1	0	2	3	-4.29399e-03	7.37975e-01	-3.00049e+01
4	0	2	0	2	3	-5.26894e-03	8.67305e-01	-3.38992e+01
4	0	3	0	2	3	-3.80183e-03	6.69237e-01	-2.72260e+01
4	0	4	0	2	3	-4.35014e-03	7.35785e-01	-2.92008e+01
4	0	5	0	2	3	-4.02541e-03	6.86907e-01	-2.70312e+01
4	0	6	0	2	3	-4.16660e-03	7.08229e-01	-2.81512e+01
4	0	7	0	2	3	-3.93117e-03	6.84759e-01	-2.69101e+01
4	0	8	0	2	3	-4.14423e-03	6.96902e-01	-2.65883e+01
4	0	9	0	2	3	-2.83372e-03	5.62925e-01	-2.20787e+01
4	0	10	0	2	3	-4.07944e-03	7.09420e-01	-2.75603e+01
4	0	11	0	2	3	-3.50961e-03	6.50113e-01	-2.64167e+01
4	0	12	0	2	3	-3.52415e-03	6.49734e-01	-2.67232e+01
4	0	13	0	2	3	-4.13420e-03	7.26957e-01	-2.99675e+01
4	0	14	0	2	3	-4.90315e-03	8.27563e-01	-3.35630e+01
4	0	15	0	2	3	-4.73048e-03	8.13189e-01	-3.31901e+01
#######################################################################
# FBH Down                                                            #
#######################################################################
4	0	0	1	2	3	-5.62952e-03	8.96903e-01	-3.53273e+01
4	0	1	1	2	3	-4.29399e-03	7.37975e-01	-3.00049e+01
4	0	2	1	2	3	-5.26894e-03	8.67305e-01	-3.38992e+01
4	0	3	1	2	3	-3.80183e-03	6.69237e-01	-2.72260e+01
4	0	4	1	2	3	-4.35014e-03	7.35785e-01	-2.92008e+01
4	0	5	1	2	3	-4.02541e-03	6.86907e-01	-2.70312e+01
4	0	6	1	2	3	-4.16660e-03	7.08229e-01	-2.81512e+01
4	0	7	1	2	3	-3.93117e-03	6.84759e-01	-2.69101e+01
4	0	8	1	2	3	-4.14423e-03	6.96902e-01	-2.65883e+01
4	0	9	1	2	3	-2.83372e-03	5.62925e-01	-2.20787e+01
4	0	10	1	2	3	-4.07944e-03	7.09420e-01	-2.75603e+01
4	0	11	1	2	3	-3.50961e-03	6.50113e-01	-2.64167e+01
4	0	12	1	2	3	-3.52415e-03	6.49734e-01	-2.67232e+01
4	0	13	1	2	3	-4.13420e-03	7.26957e-01	-2.99675e+01
4	0	14	1	2	3	-4.90315e-03	8.27563e-01	-3.35630e+01
4	0	15	1	2	3	-4.73048e-03	8.13189e-01	-3.31901e+01
#######################################################################
# PVAC                                                                #
#######################################################################
5	0	0	0	1	3	0.00000e+00	0.00000e+00	0.00000e+00
#######################################################################
# FAC                                                                 #
#######################################################################
6	0	0	0	1	3	0.00000e+00	0.00000e+00	0.00000e+00
#######################################################################
# SCH                                                                 #
#######################################################################
#7	0	0	0	2	3	-0.00500000	0.821213	-32.185321
#7	0	1	0	2	3	-0.00500000	0.830248	-32.269563
#7	0	2	0	2	3	-0.00500000	0.793073	-29.315934
#7	0	3	0	2	3	-0.00500000	0.772144	-28.276705
#7	0	4	0	2	3	-0.00500000	0.801968	-30.687167
#7	0	5	0	2	3	-0.00500000	0.778300	-28.439251
#7	0	6	0	2	3	-0.00500000	0.765872	-27.918181
#7	0	7	0	2	3	-0.00500000	0.738459	-26.016797
#7	0	8	0	2	3	-0.00500000	0.778318	-28.676371
#7	0	9	0	2	3	-0.00500000	0.776670	-28.892887
#7	0	10	0	2	3	-0.00500000	0.764278	-28.122474
#7	0	11	0	2	3	-0.00500000	0.790742	-29.423647
#7	0	12	0	2	3	-0.00500000	0.811330	-30.487019
#7	0	13	0	2	3	-0.00500000	0.818750	-30.891512
#7	0	14	0	2	3	-0.00500000	0.802541	-30.009136
#7	0	15	0	2	3	-0.00500000	0.809525	-30.751746
#7	0	16	0	2	3	-0.00500000	0.802597	-30.845509
#7	0	17	0	2	3	-0.00500000	0.835028	-32.780792
#7	0	18	0	2	3	-0.00500000	0.859176	-33.938731
#7	0	19	0	2	3	-0.00500000	0.814851	-31.445396
#7	0	20	0	2	3	-0.00500000	0.809426	-30.781087
#7	0	21	0	2	3	-0.00500000	0.780678	-28.888756
#7	0	22	0	2	3	-0.00500000	0.808206	-30.719604
#7	0	23	0	2	3	-0.00500000	0.774024	-27.858339
#7	0	24	0	2	3	-0.00500000	0.794308	-29.022101
#7	0	25	0	2	3	-0.00500000	0.775649	-27.980186
#7	0	26	0	2	3	-0.00500000	0.788483	-28.687567
#7	0	27	0	2	3	-0.00466315	0.771386	-29.253260
#7	0	28	0	2	3	-0.00483132	0.790854	-28.637741
#7	0	29	0	2	3	-0.00497049	0.812994	-30.786914
#7	0	30	0	2	3	-0.00500000	0.787793	-28.362716
#7	0	31	0	2	3	-0.00500000	0.790759	-28.876812
#7	0	32	0	2	3	-0.00500000	0.824826	-31.655285
#7	0	33	0	2	3	-0.00500000	0.845304	-33.407765
#7	0	34	0	2	3	-0.00500000	0.832263	-32.939799
#7	0	35	0	2	3	-0.00500000	0.820631	-31.695372
#7	0	36	0	2	3	-0.00500000	0.836997	-33.200590
#7	0	37	0	2	3	-0.00500000	0.819690	-32.097193
#7	0	38	0	2	3	-0.00500000	0.808109	-31.263214
#7	0	39	0	2	3	-0.00500000	0.815224	-31.135523
#7	0	40	0	2	3	-0.00500000	0.803398	-29.897923
#7	0	41	0	2	3	-0.00500000	0.815685	-31.165519
#7	0	42	0	2	3	-0.00500000	0.812980	-30.737261
#7	0	43	0	2	3	-0.00500000	0.829418	-32.693307
#7	0	44	0	2	3	-0.00500000	0.789530	-29.464920
#7	0	45	0	2	3	-0.00500000	0.804789	-31.208151
#7	0	46	0	2	3	-0.00500000	0.830106	-32.806514
#7	0	47	0	2	3	-0.00500000	0.819206	-31.373242
#7	0	48	0	2	3	-0.00500000	0.816165	-31.709319
#7	0	49	0	2	3	-0.00500000	0.798496	-30.201709
#7	0	50	0	2	3	-0.00500000	0.812167	-31.795745
#7	0	51	0	2	3	-0.00500000	0.810749	-31.375226
#7	0	52	0	2	3	-0.00500000	0.803385	-31.372512
#7	0	53	0	2	3	-0.00500000	0.777405	-29.262831
#7	0	54	0	2	3	-0.00500000	0.783954	-29.763410
#7	0	55	0	2	3	-0.00500000	0.789443	-29.976449
#7	0	56	0	2	3	-0.00500000	0.838828	-33.261086
#7	0	57	0	2	3	-0.00500000	0.804421	-30.573195
#7	0	58	0	2	3	-0.00500000	0.773283	-29.111048
#7	0	59	0	2	3	-0.00500000	0.811789	-31.449459
#7	0	60	0	2	3	-0.00500000	0.759724	-28.110014
#7	0	61	0	2	3	-0.00500000	0.810884	-31.379063
#7	0	62	0	2	3	-0.00500000	0.771910	-28.435006
#7	0	63	0	2	3	-0.00500000	0.796658	-30.511906
#######################################################################
# TOF Up                                                              #
#######################################################################
7	0	0	0	1	3	5.24830e+00	-1.96630e+00	2.96170e+00
7	0	1	0	1	3	5.24830e+00	-1.96630e+00	2.96170e+00
7	0	2	0	1	3	5.24830e+00	-1.96630e+00	2.96170e+00
7	0	3	0	1	3	5.24830e+00	-1.96630e+00	2.96170e+00
7	0	4	0	1	3	5.24830e+00	-1.96630e+00	2.96170e+00
7	0	5	0	1	3	5.24830e+00	-1.96630e+00	2.96170e+00
7	0	6	0	1	3	6.97090e+00	-3.03520e+00	3.39910e+00
7	0	7	0	1	3	4.05450e+00	-1.96150e+00	2.30360e+00
7	0	8	0	1	3	1.16940e+02	-2.98600e+01	2.09880e+01
7	0	9	0	1	3	5.24830e+00	-1.96630e+00	2.96170e+00
7	0	10	0	1	3	5.24830e+00	-1.96630e+00	2.96170e+00
7	0	11	0	1	3	5.24830e+00	-1.96630e+00	2.96170e+00
7	0	12	0	1	3	5.24830e+00	-1.96630e+00	2.96170e+00
7	0	13	0	1	3	5.24830e+00	-1.96630e+00	2.96170e+00
7	0	14	0	1	3	5.24830e+00	-1.96630e+00	2.96170e+00
7	0	15	0	1	3	5.24830e+00	-1.96630e+00	2.96170e+00
7	0	16	0	1	3	5.24830e+00	-1.96630e+00	2.96170e+00
7	0	17	0	1	3	5.24830e+00	-1.96630e+00	2.96170e+00
7	0	18	0	1	3	5.24830e+00	-1.96630e+00	2.96170e+00
7	0	19	0	1	3	7.11491e-01	1.85180e-03	5.82402e-01
7	0	20	0	1	3	5.59404e-01	-1.73810e-03	4.50716e-01
7	0	21	0	1	3	8.92499e-01	1.99900e-03	7.37364e-01
7	0	22	0	1	3	6.37553e-01	1.99960e-03	5.45449e-01
7	0	23	0	1	3	1.19210e+00	1.98920e-03	9.99994e-01
#######################################################################
# TOF Down                                                            #
#######################################################################
7	0	0	1	1	3	5.84300e+00	-2.30730e+00	3.11320e+00
7	0	1	1	1	3	5.84300e+00	-2.30730e+00	3.11320e+00
7	0	2	1	1	3	5.84300e+00	-2.30730e+00	3.11320e+00
7	0	3	1	1	3	5.84300e+00	-2.30730e+00	3.11320e+00
7	0	4	1	1	3	5.84300e+00	-2.30730e+00	3.11320e+00
7	0	5	1	1	3	5.84300e+00	-2.30730e+00	3.11320e+00
7	0	6	1	1	3	1.41330e+01	-5.81170e+00	5.32680e+00
7	0	7	1	1	3	7.84850e+01	-2.02870e+01	1.69500e+01
7	0	8	1	1	3	2.20240e+02	-3.62440e+01	3.60080e+01
7	0	9	1	1	3	5.84300e+00	-2.30730e+00	3.11320e+00
7	0	10	1	1	3	5.84300e+00	-2.30730e+00	3.11320e+00
7	0	11	1	1	3	5.84300e+00	-2.30730e+00	3.11320e+00
7	0	12	1	1	3	5.84300e+00	-2.30730e+00	3.11320e+00
7	0	13	1	1	3	5.84300e+00	-2.30730e+00	3.11320e+00
7	0	14	1	1	3	5.84300e+00	-2.30730e+00	3.11320e+00
7	0	15	1	1	3	5.84300e+00	-2.30730e+00	3.11320e+00
7	0	16	1	1	3	5.84300e+00	-2.30730e+00	3.11320e+00
7	0	17	1	1	3	5.84300e+00	-2.30730e+00	3.11320e+00
7	0	18	1	1	3	5.84300e+00	-2.30730e+00	3.11320e+00
7	0	19	1	1	3	6.18741e-01	1.99860e-03	4.90831e-01
7	0	20	1	1	3	5.75901e-01	1.04210e-03	4.72509e-01
7	0	21	1	1	3	9.41046e-01	1.99890e-03	7.79357e-01
7	0	22	1	1	3	4.84266e-01	-1.95590e-03	3.99786e-01
7	0	23	1	1	3	8.97714e-01	1.99860e-03	7.56300e-01
#######################################################################
# BFT U                                                               #
#######################################################################
110	0	0	0	2	3	-1.37324e-04	-2.15143e-01	9.57184e+00
110	0	1	0	2	3	-2.27633e-02	1.41332e+00	-1.88627e+01
110	0	2	0	2	3	-7.97715e-03	2.55727e-01	3.24660e+00
110	0	3	0	2	3	5.04323e-03	-6.34452e-01	1.60465e+01
110	0	4	0	2	3	3.97885e-03	-5.83294e-01	1.71289e+01
110	0	5	0	2	3	-5.53724e-03	1.45386e-01	4.03796e+00
110	0	6	0	2	3	2.70812e-03	-4.80440e-01	1.46063e+01
110	0	7	0	2	3	1.37636e-03	-3.80978e-01	1.27543e+01
110	0	8	0	2	3	3.50326e-03	-5.46393e-01	1.61651e+01
110	0	9	0	2	3	4.52162e-03	-6.21795e-01	1.81862e+01
110	0	10	0	2	3	1.57992e-03	-4.04600e-01	1.28954e+01
110	0	11	0	2	3	5.67506e-03	-6.85516e-01	1.88499e+01
110	0	12	0	2	3	4.14220e-03	-5.85611e-01	1.62612e+01
110	0	13	0	2	3	2.33670e-03	-4.49473e-01	1.46929e+01
110	0	14	0	2	3	2.59023e-03	-4.82938e-01	1.44178e+01
110	0	15	0	2	3	4.35815e-03	-6.06542e-01	1.76472e+01
110	0	16	0	2	3	3.75764e-03	-5.49106e-01	1.51502e+01
110	0	17	0	2	3	5.49464e-03	-6.67967e-01	1.79182e+01
110	0	18	0	2	3	3.72351e-03	-5.63048e-01	1.55606e+01
110	0	19	0	2	3	3.40677e-03	-5.44274e-01	1.42420e+01
110	0	20	0	2	3	4.25219e-03	-5.87112e-01	1.63285e+01
110	0	21	0	2	3	3.74797e-03	-5.43984e-01	1.60889e+01
110	0	22	0	2	3	3.80691e-03	-5.72752e-01	1.62716e+01
110	0	23	0	2	3	4.09973e-03	-5.76763e-01	1.66072e+01
110	0	24	0	2	3	3.61755e-03	-5.47096e-01	1.60572e+01
110	0	25	0	2	3	3.96558e-03	-5.57811e-01	1.55852e+01
110	0	26	0	2	3	5.07402e-03	-6.55866e-01	1.76599e+01
110	0	27	0	2	3	5.27192e-03	-6.50594e-01	1.75855e+01
110	0	28	0	2	3	3.58411e-03	-5.38488e-01	1.39447e+01
110	0	29	0	2	3	3.63471e-03	-5.34019e-01	1.51572e+01
110	0	30	0	2	3	3.54252e-03	-5.41676e-01	1.53619e+01
110	0	31	0	2	3	3.43441e-03	-5.27893e-01	1.56663e+01
110	0	32	0	2	3	3.67217e-03	-5.58251e-01	1.61119e+01
110	0	33	0	2	3	3.52675e-03	-5.22061e-01	1.28238e+01
110	0	34	0	2	3	4.53240e-03	-6.10498e-01	1.66063e+01
110	0	35	0	2	3	4.22904e-03	-5.92387e-01	1.68420e+01
110	0	36	0	2	3	3.93939e-03	-5.58544e-01	1.45273e+01
110	0	37	0	2	3	3.98495e-03	-5.73561e-01	1.74384e+01
110	0	38	0	2	3	4.04971e-03	-5.73194e-01	1.53939e+01
110	0	39	0	2	3	4.69634e-03	-6.16794e-01	1.68593e+01
110	0	40	0	2	3	3.36167e-03	-5.22211e-01	1.38434e+01
110	0	41	0	2	3	4.04120e-03	-5.69153e-01	1.71079e+01
110	0	42	0	2	3	4.24967e-03	-5.85056e-01	1.55175e+01
110	0	43	0	2	3	4.54821e-03	-6.21798e-01	1.78569e+01
110	0	44	0	2	3	3.98135e-03	-5.74467e-01	1.60065e+01
110	0	45	0	2	3	4.53691e-03	-6.01279e-01	1.71805e+01
110	0	46	0	2	3	4.34733e-03	-6.10110e-01	1.68977e+01
110	0	47	0	2	3	4.63651e-03	-6.26779e-01	1.79527e+01
110	0	48	0	2	3	3.33636e-03	-5.24708e-01	1.40839e+01
110	0	49	0	2	3	4.37382e-03	-5.91595e-01	1.74688e+01
110	0	50	0	2	3	4.27982e-03	-5.92784e-01	1.66969e+01
110	0	51	0	2	3	5.00133e-03	-6.36743e-01	1.71599e+01
110	0	52	0	2	3	3.49157e-03	-5.33724e-01	1.48176e+01
110	0	53	0	2	3	4.86573e-03	-6.24020e-01	1.67855e+01
110	0	54	0	2	3	4.40993e-03	-6.02489e-01	1.64792e+01
110	0	55	0	2	3	4.63310e-03	-6.18630e-01	1.69033e+01
110	0	56	0	2	3	4.08703e-03	-5.89616e-01	1.62879e+01
110	0	57	0	2	3	4.33039e-03	-5.89715e-01	1.69156e+01
110	0	58	0	2	3	3.56890e-03	-5.50453e-01	1.57832e+01
110	0	59	0	2	3	4.59104e-03	-6.28004e-01	1.80987e+01
110	0	60	0	2	3	4.00941e-03	-5.76373e-01	1.56704e+01
110	0	61	0	2	3	3.29312e-03	-5.19901e-01	1.55169e+01
110	0	62	0	2	3	4.29238e-03	-5.95937e-01	1.63334e+01
110	0	63	0	2	3	4.00525e-03	-5.71539e-01	1.63162e+01
110	0	64	0	2	3	3.99355e-03	-5.79696e-01	1.64535e+01
110	0	65	0	2	3	3.68229e-03	-5.50648e-01	1.60406e+01
110	0	66	0	2	3	4.40652e-03	-6.20875e-01	1.74975e+01
110	0	67	0	2	3	3.36409e-03	-5.32235e-01	1.59594e+01
110	0	68	0	2	3	4.03774e-03	-5.91692e-01	1.62620e+01
110	0	69	0	2	3	4.19414e-03	-5.82906e-01	1.60945e+01
110	0	70	0	2	3	4.44979e-03	-6.24827e-01	1.68120e+01
110	0	71	0	2	3	4.22265e-03	-5.92382e-01	1.67432e+01
110	0	72	0	2	3	3.91512e-03	-5.78117e-01	1.58169e+01
110	0	73	0	2	3	4.33505e-03	-5.99372e-01	1.62402e+01
110	0	74	0	2	3	4.40037e-03	-6.20029e-01	1.77144e+01
110	0	75	0	2	3	4.57338e-03	-6.11609e-01	1.66831e+01
110	0	76	0	2	3	3.81139e-03	-5.64402e-01	1.56518e+01
110	0	77	0	2	3	3.83281e-03	-5.60679e-01	1.61623e+01
110	0	78	0	2	3	4.45463e-03	-6.17600e-01	1.69120e+01
110	0	79	0	2	3	4.22376e-03	-5.91642e-01	1.64070e+01
110	0	80	0	2	3	4.10663e-03	-5.83088e-01	1.60067e+01
110	0	81	0	2	3	4.56130e-03	-6.04813e-01	1.65689e+01
110	0	82	0	2	3	4.10230e-03	-5.79336e-01	1.64600e+01
110	0	83	0	2	3	4.53429e-03	-6.17512e-01	1.68067e+01
110	0	84	0	2	3	3.84557e-03	-5.64292e-01	1.61811e+01
110	0	85	0	2	3	3.48098e-03	-5.33169e-01	1.57143e+01
110	0	86	0	2	3	4.17783e-03	-6.05176e-01	1.68511e+01
110	0	87	0	2	3	4.33823e-03	-6.08485e-01	1.74326e+01
110	0	88	0	2	3	3.78941e-03	-5.54887e-01	1.53619e+01
110	0	89	0	2	3	4.42184e-03	-6.02909e-01	1.65652e+01
110	0	90	0	2	3	4.69756e-03	-6.28878e-01	1.68770e+01
110	0	91	0	2	3	4.13247e-03	-5.94136e-01	1.70868e+01
110	0	92	0	2	3	4.14442e-03	-5.99767e-01	1.73186e+01
110	0	93	0	2	3	3.97431e-03	-5.71190e-01	1.57843e+01
110	0	94	0	2	3	3.63488e-03	-5.73392e-01	1.68735e+01
110	0	95	0	2	3	4.44331e-03	-6.12887e-01	1.72241e+01
110	0	96	0	2	3	4.19616e-03	-5.99056e-01	1.68843e+01
110	0	97	0	2	3	3.83881e-03	-5.68999e-01	1.66675e+01
110	0	98	0	2	3	4.16106e-03	-6.07629e-01	1.71880e+01
110	0	99	0	2	3	3.96763e-03	-5.73823e-01	1.63681e+01
110	0	100	0	2	3	3.56210e-03	-5.48855e-01	1.65264e+01
110	0	101	0	2	3	3.53691e-03	-5.41593e-01	1.60017e+01
110	0	102	0	2	3	4.55480e-03	-6.29291e-01	1.73266e+01
110	0	103	0	2	3	4.97987e-03	-6.48919e-01	1.74845e+01
110	0	104	0	2	3	4.05220e-03	-5.86459e-01	1.63646e+01
110	0	105	0	2	3	4.60676e-03	-6.20567e-01	1.69145e+01
110	0	106	0	2	3	4.27637e-03	-6.04085e-01	1.67449e+01
110	0	107	0	2	3	4.74934e-03	-6.24672e-01	1.63732e+01
110	0	108	0	2	3	4.49710e-03	-6.27265e-01	1.71025e+01
110	0	109	0	2	3	3.74503e-03	-5.59176e-01	1.57046e+01
110	0	110	0	2	3	4.50132e-03	-6.15812e-01	1.66758e+01
110	0	111	0	2	3	4.32220e-03	-6.07476e-01	1.67291e+01
110	0	112	0	2	3	3.61422e-03	-5.50960e-01	1.53697e+01
110	0	113	0	2	3	4.65576e-03	-6.15858e-01	1.65689e+01
110	0	114	0	2	3	6.06280e-03	-7.35232e-01	2.00335e+01
110	0	115	0	2	3	4.33781e-03	-6.00618e-01	1.64575e+01
110	0	116	0	2	3	3.62380e-03	-5.56165e-01	1.63427e+01
110	0	117	0	2	3	3.96526e-03	-5.75944e-01	1.70579e+01
110	0	118	0	2	3	4.36094e-03	-6.14422e-01	1.71146e+01
110	0	119	0	2	3	4.42599e-03	-5.97919e-01	1.54307e+01
110	0	120	0	2	3	4.38790e-03	-6.22161e-01	1.77881e+01
110	0	121	0	2	3	4.22566e-03	-5.92478e-01	1.60273e+01
110	0	122	0	2	3	4.25453e-03	-6.02863e-01	1.74843e+01
110	0	123	0	2	3	4.22736e-03	-5.89466e-01	1.65398e+01
110	0	124	0	2	3	3.96183e-03	-5.80192e-01	1.65064e+01
110	0	125	0	2	3	3.61412e-03	-5.47242e-01	1.36484e+01
110	0	126	0	2	3	3.90774e-03	-5.74358e-01	1.57660e+01
110	0	127	0	2	3	4.65181e-03	-6.17043e-01	1.67174e+01
110	0	128	0	2	3	3.38612e-03	-5.79994e-01	1.74518e+01
110	0	129	0	2	3	3.85910e-03	-5.95460e-01	1.71367e+01
110	0	130	0	2	3	3.05270e-03	-5.35689e-01	1.73191e+01
110	0	131	0	2	3	2.12597e-03	-4.45259e-01	1.42662e+01
110	0	132	0	2	3	3.71800e-03	-5.73577e-01	1.71364e+01
110	0	133	0	2	3	2.43881e-03	-4.78811e-01	1.51500e+01
110	0	134	0	2	3	3.08272e-03	-5.47003e-01	1.64968e+01
110	0	135	0	2	3	2.03772e-03	-4.49034e-01	1.48341e+01
110	0	136	0	2	3	3.17359e-03	-5.39866e-01	1.65031e+01
110	0	137	0	2	3	3.06683e-03	-5.33876e-01	1.65439e+01
110	0	138	0	2	3	-1.49034e-03	-1.94605e-01	1.10766e+01
110	0	139	0	2	3	2.67782e-03	-5.05428e-01	1.54797e+01
110	0	140	0	2	3	3.22191e-03	-5.54278e-01	1.71806e+01
110	0	141	0	2	3	3.51608e-03	-5.56405e-01	1.55321e+01
110	0	142	0	2	3	1.96339e-03	-4.57684e-01	1.56333e+01
110	0	143	0	2	3	3.06225e-03	-5.25153e-01	1.63150e+01
110	0	144	0	2	3	3.10128e-03	-5.35258e-01	1.61370e+01
110	0	145	0	2	3	3.67037e-03	-5.58459e-01	1.61396e+01
110	0	146	0	2	3	2.73916e-03	-5.04107e-01	1.52340e+01
110	0	147	0	2	3	3.59285e-03	-5.64355e-01	1.66671e+01
110	0	148	0	2	3	4.42864e-03	-6.31183e-01	1.80292e+01
110	0	149	0	2	3	3.99424e-03	-5.80371e-01	1.65589e+01
110	0	150	0	2	3	1.96406e-03	-4.47968e-01	1.45278e+01
110	0	151	0	2	3	4.49483e-03	-6.34141e-01	1.77002e+01
110	0	152	0	2	3	2.47718e-03	-4.92807e-01	1.58540e+01
110	0	153	0	2	3	3.14696e-03	-5.38095e-01	1.62132e+01
110	0	154	0	2	3	4.75292e-03	-6.41706e-01	1.80611e+01
110	0	155	0	2	3	2.47639e-03	-4.89639e-01	1.45408e+01
110	0	156	0	2	3	4.56909e-03	-6.25382e-01	1.84567e+01
110	0	157	0	2	3	3.13589e-03	-5.21356e-01	1.55391e+01
110	0	158	0	2	3	2.71021e-03	-4.86748e-01	1.52675e+01
110	0	159	0	2	3	3.35834e-03	-5.32099e-01	1.58017e+01
#######################################################################
# BFT D                                                               #
#######################################################################
110	1	0	0	2	3	1.43193e-03	-4.12931e-01	1.53969e+01
110	1	1	0	2	3	1.67622e-03	-4.12464e-01	1.44857e+01
110	1	2	0	2	3	-1.58727e-03	-1.98299e-01	1.09766e+01
110	1	3	0	2	3	-6.71274e-03	2.93433e-01	-1.84162e-01
110	1	4	0	2	3	3.43517e-03	-5.21700e-01	1.61887e+01
110	1	5	0	2	3	3.20589e-03	-5.07882e-01	1.60371e+01
110	1	6	0	2	3	2.97951e-03	-5.09367e-01	1.53872e+01
110	1	7	0	2	3	2.09542e-03	-4.30083e-01	1.42523e+01
110	1	8	0	2	3	4.78583e-03	-6.37661e-01	1.80012e+01
110	1	9	0	2	3	-8.71184e-03	3.69551e-01	9.20052e-02
110	1	10	0	2	3	3.23702e-03	-5.23275e-01	1.56551e+01
110	1	11	0	2	3	1.99103e-03	-4.22696e-01	1.38381e+01
110	1	12	0	2	3	2.22002e-03	-4.63590e-01	1.41715e+01
110	1	13	0	2	3	2.71913e-03	-4.86445e-01	1.50584e+01
110	1	14	0	2	3	4.24022e-03	-6.03467e-01	1.72676e+01
110	1	15	0	2	3	4.03867e-03	-5.81516e-01	1.65029e+01
110	1	16	0	2	3	3.55186e-03	-5.44030e-01	1.53762e+01
110	1	17	0	2	3	3.34816e-03	-5.28237e-01	1.57815e+01
110	1	18	0	2	3	3.56854e-03	-5.50604e-01	1.59188e+01
110	1	19	0	2	3	5.19866e-03	-6.72924e-01	1.88891e+01
110	1	20	0	2	3	4.79840e-03	-6.46606e-01	1.76488e+01
110	1	21	0	2	3	2.84630e-03	-4.93507e-01	1.54839e+01
110	1	22	0	2	3	4.15905e-03	-5.84277e-01	1.59509e+01
110	1	23	0	2	3	4.20028e-03	-5.91754e-01	1.65234e+01
110	1	24	0	2	3	3.95399e-03	-5.86412e-01	1.72135e+01
110	1	25	0	2	3	3.44703e-03	-5.37442e-01	1.57360e+01
110	1	26	0	2	3	4.37771e-03	-6.14197e-01	1.75293e+01
110	1	27	0	2	3	4.45841e-03	-6.03314e-01	1.74394e+01
110	1	28	0	2	3	4.17185e-03	-6.03273e-01	1.63974e+01
110	1	29	0	2	3	3.97520e-03	-5.77799e-01	1.66354e+01
110	1	30	0	2	3	4.94301e-03	-6.46287e-01	1.72373e+01
110	1	31	0	2	3	3.47556e-03	-5.51373e-01	1.63793e+01
110	1	32	0	2	3	3.78537e-03	-5.67943e-01	1.71795e+01
110	1	33	0	2	3	3.66444e-03	-5.59965e-01	1.52395e+01
110	1	34	0	2	3	3.98053e-03	-5.78688e-01	1.56963e+01
110	1	35	0	2	3	3.94182e-03	-5.83947e-01	1.78916e+01
110	1	36	0	2	3	3.97981e-03	-5.75005e-01	1.67779e+01
110	1	37	0	2	3	3.37141e-03	-5.31240e-01	1.49308e+01
110	1	38	0	2	3	3.97184e-03	-5.76169e-01	1.59983e+01
110	1	39	0	2	3	4.07139e-03	-5.76354e-01	1.66240e+01
110	1	40	0	2	3	3.54399e-03	-5.46078e-01	1.52333e+01
110	1	41	0	2	3	3.89798e-03	-5.63942e-01	1.58557e+01
110	1	42	0	2	3	4.23964e-03	-5.88872e-01	1.63666e+01
110	1	43	0	2	3	4.32570e-03	-6.01333e-01	1.73922e+01
110	1	44	0	2	3	3.95753e-03	-5.82381e-01	1.60320e+01
110	1	45	0	2	3	3.67473e-03	-5.54410e-01	1.59932e+01
110	1	46	0	2	3	3.95398e-03	-5.84079e-01	1.60358e+01
110	1	47	0	2	3	3.91061e-03	-5.89582e-01	1.76303e+01
110	1	48	0	2	3	4.00886e-03	-5.80587e-01	1.66352e+01
110	1	49	0	2	3	3.42372e-03	-5.31309e-01	1.57806e+01
110	1	50	0	2	3	3.89579e-03	-5.75849e-01	1.55464e+01
110	1	51	0	2	3	4.24952e-03	-5.97458e-01	1.77272e+01
110	1	52	0	2	3	3.73855e-03	-5.71124e-01	1.57536e+01
110	1	53	0	2	3	3.74269e-03	-5.58544e-01	1.62890e+01
110	1	54	0	2	3	4.23577e-03	-6.07545e-01	1.73663e+01
110	1	55	0	2	3	3.90247e-03	-5.73723e-01	1.74431e+01
110	1	56	0	2	3	3.96059e-03	-5.95060e-01	1.73307e+01
110	1	57	0	2	3	3.67707e-03	-5.59657e-01	1.69421e+01
110	1	58	0	2	3	4.13893e-03	-6.12144e-01	1.86252e+01
110	1	59	0	2	3	4.59821e-03	-6.36174e-01	1.86599e+01
110	1	60	0	2	3	3.90823e-03	-5.78241e-01	1.66633e+01
110	1	61	0	2	3	3.69928e-03	-5.45205e-01	1.61218e+01
110	1	62	0	2	3	4.18597e-03	-5.96309e-01	1.59526e+01
110	1	63	0	2	3	4.39599e-03	-6.12860e-01	1.72547e+01
110	1	64	0	2	3	3.70722e-03	-5.67871e-01	1.69128e+01
110	1	65	0	2	3	4.15870e-03	-5.95199e-01	1.62472e+01
110	1	66	0	2	3	4.66774e-03	-6.40797e-01	1.68970e+01
110	1	67	0	2	3	4.12027e-03	-5.91863e-01	1.62377e+01
110	1	68	0	2	3	3.55278e-03	-5.44922e-01	1.48393e+01
110	1	69	0	2	3	3.96055e-03	-5.78387e-01	1.59958e+01
110	1	70	0	2	3	4.51934e-03	-6.25136e-01	1.77352e+01
110	1	71	0	2	3	4.30258e-03	-6.11275e-01	1.68689e+01
110	1	72	0	2	3	3.71684e-03	-5.61955e-01	1.61005e+01
110	1	73	0	2	3	4.51905e-03	-6.24196e-01	1.75838e+01
110	1	74	0	2	3	4.10398e-03	-5.91835e-01	1.58292e+01
110	1	75	0	2	3	4.32445e-03	-6.09977e-01	1.72392e+01
110	1	76	0	2	3	3.59917e-03	-5.54135e-01	1.58150e+01
110	1	77	0	2	3	4.33148e-03	-6.12190e-01	1.73391e+01
110	1	78	0	2	3	4.16599e-03	-5.99335e-01	1.59942e+01
110	1	79	0	2	3	4.05834e-03	-5.85272e-01	1.57039e+01
110	1	80	0	2	3	3.97377e-03	-5.77015e-01	1.60774e+01
110	1	81	0	2	3	4.07502e-03	-5.84173e-01	1.60009e+01
110	1	82	0	2	3	4.09368e-03	-5.89191e-01	1.72396e+01
110	1	83	0	2	3	4.21366e-03	-5.85416e-01	1.62695e+01
110	1	84	0	2	3	3.75852e-03	-5.50534e-01	1.50326e+01
110	1	85	0	2	3	3.54009e-03	-5.46144e-01	1.56378e+01
110	1	86	0	2	3	4.11256e-03	-5.93415e-01	1.71436e+01
110	1	87	0	2	3	4.24838e-03	-5.86949e-01	1.50073e+01
110	1	88	0	2	3	3.86840e-03	-5.74768e-01	1.66224e+01
110	1	89	0	2	3	3.92467e-03	-5.78177e-01	1.59085e+01
110	1	90	0	2	3	4.01491e-03	-5.83842e-01	1.58674e+01
110	1	91	0	2	3	4.60933e-03	-6.16564e-01	1.63311e+01
110	1	92	0	2	3	4.36527e-03	-6.00984e-01	1.65522e+01
110	1	93	0	2	3	3.91674e-03	-5.70843e-01	1.62367e+01
110	1	94	0	2	3	3.76302e-03	-5.70862e-01	1.58970e+01
110	1	95	0	2	3	3.91013e-03	-5.79799e-01	1.62051e+01
110	1	96	0	2	3	4.16681e-03	-5.92697e-01	1.61776e+01
110	1	97	0	2	3	3.66891e-03	-5.58474e-01	1.55833e+01
110	1	98	0	2	3	3.74256e-03	-5.83995e-01	1.75178e+01
110	1	99	0	2	3	3.79015e-03	-5.64206e-01	1.59562e+01
110	1	100	0	2	3	3.26775e-03	-5.16455e-01	1.53118e+01
110	1	101	0	2	3	3.98431e-03	-5.74757e-01	1.56597e+01
110	1	102	0	2	3	4.63212e-03	-6.35329e-01	1.74737e+01
110	1	103	0	2	3	4.11885e-03	-5.86601e-01	1.62692e+01
110	1	104	0	2	3	3.93182e-03	-5.74894e-01	1.63943e+01
110	1	105	0	2	3	4.36729e-03	-6.04379e-01	1.60006e+01
110	1	106	0	2	3	4.55883e-03	-6.28874e-01	1.72011e+01
110	1	107	0	2	3	4.50116e-03	-6.18026e-01	1.60587e+01
110	1	108	0	2	3	4.37745e-03	-6.04705e-01	1.75915e+01
110	1	109	0	2	3	3.50713e-03	-5.47754e-01	1.56032e+01
110	1	110	0	2	3	3.95290e-03	-5.85956e-01	1.66933e+01
110	1	111	0	2	3	4.47211e-03	-6.23891e-01	1.75295e+01
110	1	112	0	2	3	3.40292e-03	-5.38814e-01	1.56134e+01
110	1	113	0	2	3	2.78836e-03	-4.95190e-01	1.52514e+01
110	1	114	0	2	3	3.70880e-03	-5.71122e-01	1.60990e+01
110	1	115	0	2	3	4.98286e-03	-6.46927e-01	1.75070e+01
110	1	116	0	2	3	3.59130e-03	-5.55604e-01	1.61496e+01
110	1	117	0	2	3	3.37961e-03	-5.30225e-01	1.56779e+01
110	1	118	0	2	3	3.86970e-03	-5.75457e-01	1.56102e+01
110	1	119	0	2	3	4.72430e-03	-6.29128e-01	1.66129e+01
110	1	120	0	2	3	2.92802e-03	-5.06139e-01	1.50312e+01
110	1	121	0	2	3	3.09477e-03	-5.14720e-01	1.53560e+01
110	1	122	0	2	3	3.75409e-03	-5.66859e-01	1.73717e+01
110	1	123	0	2	3	4.94723e-03	-6.67018e-01	1.98163e+01
110	1	124	0	2	3	3.96161e-03	-5.72451e-01	1.57636e+01
110	1	125	0	2	3	2.72349e-03	-4.92369e-01	1.53307e+01
110	1	126	0	2	3	3.48930e-03	-5.45754e-01	1.60201e+01
110	1	127	0	2	3	4.93922e-03	-6.43181e-01	1.76643e+01
110	1	128	0	2	3	3.32522e-03	-5.60971e-01	1.70955e+01
110	1	129	0	2	3	4.32533e-03	-6.31329e-01	1.83368e+01
110	1	130	0	2	3	2.46997e-03	-4.96782e-01	1.50431e+01
110	1	131	0	2	3	3.03954e-03	-5.16943e-01	1.56193e+01
110	1	132	0	2	3	3.33260e-03	-5.58079e-01	1.72173e+01
110	1	133	0	2	3	4.16056e-03	-6.01968e-01	1.69505e+01
110	1	134	0	2	3	5.90840e-03	-7.38695e-01	1.91975e+01
110	1	135	0	2	3	3.82730e-03	-5.60097e-01	1.52794e+01
110	1	136	0	2	3	4.85311e-03	-6.59111e-01	1.89812e+01
110	1	137	0	2	3	3.83551e-03	-5.81713e-01	1.60411e+01
110	1	138	0	2	3	4.85138e-03	-6.55357e-01	1.80570e+01
110	1	139	0	2	3	4.71645e-03	-6.40044e-01	1.70987e+01
110	1	140	0	2	3	4.27396e-03	-6.13114e-01	1.70951e+01
110	1	141	0	2	3	3.87083e-03	-5.85005e-01	1.65316e+01
110	1	142	0	2	3	3.89946e-03	-5.87316e-01	1.64705e+01
110	1	143	0	2	3	4.14437e-03	-6.03246e-01	1.76620e+01
110	1	144	0	2	3	4.48688e-03	-6.40612e-01	1.79798e+01
110	1	145	0	2	3	4.81514e-03	-6.36855e-01	1.74877e+01
110	1	146	0	2	3	4.12180e-03	-6.08323e-01	1.72300e+01
110	1	147	0	2	3	4.12153e-03	-5.99610e-01	1.61783e+01
110	1	148	0	2	3	4.09038e-03	-5.99044e-01	1.63851e+01
110	1	149	0	2	3	4.34366e-03	-6.10573e-01	1.76990e+01
110	1	150	0	2	3	3.18901e-03	-5.34451e-01	1.63358e+01
110	1	151	0	2	3	4.15205e-03	-6.04127e-01	1.70583e+01
110	1	152	0	2	3	-4.83652e-03	6.73666e-02	5.64401e+00
110	1	153	0	2	3	3.42223e-03	-5.47967e-01	1.69381e+01
110	1	154	0	2	3	4.41145e-03	-6.28129e-01	1.69379e+01
110	1	155	0	2	3	3.31921e-03	-5.41417e-01	1.59453e+01
110	1	156	0	2	3	1.24176e-03	-4.00392e-01	1.39449e+01
110	1	157	0	2	3	2.84295e-03	-5.05549e-01	1.60606e+01
110	1	158	0	2	3	5.17525e-03	-6.62695e-01	1.83465e+01
110	1	159	0	2	3	-8.26328e-03	3.02568e-01	1.96732e+00
