##
#  file: HodoPHCParam_Dummy
#  date: 2016.06.15
#  note: first version
#
#
#######################################################################
# CId	PlId	Seg	UorD	Type	nParam	p0	p1	...
#
#	Type=0 no correction will be performed
#	Type=1 ct=t-p[0]/sqrt(a-p[1])+p[2]
#	Type=2 ct=p[0]*a*a + p[1]*a + p[2] for Fiber
#
#######################################################################
# BH1 Up                                                              #
#######################################################################
1	0	0	0	1	3	9.72882e+01	-2.42381e+01	1.93388e+01
1	0	1	0	1	3	8.39811e-01	2.30870e-01	9.07677e-01
1	0	2	0	1	3	7.96271e-01	2.02772e-01	8.76313e-01
1	0	3	0	1	3	1.24269e+00	-1.47574e-01	1.19840e+00
1	0	4	0	1	3	1.09931e+00	-7.72769e-02	1.08260e+00
1	0	5	0	1	3	1.05845e+00	1.40683e-01	1.18835e+00
1	0	6	0	1	3	1.24845e+00	-7.32092e-02	1.22011e+00
1	0	7	0	1	3	1.38494e+00	-1.69323e-01	1.29113e+00
1	0	8	0	1	3	1.12943e+00	-1.85789e-01	1.05048e+00
1	0	9	0	1	3	1.39270e+00	-1.82072e-01	1.30041e+00
1	0	10	0	1	3	1.71493e+02	-3.15885e+01	3.00372e+01
#######################################################################
# BH1 Down                                                            #
#######################################################################
1	0	0	1	1	3	1.69589e+00	-2.63702e-01	1.46458e+00
1	0	1	1	1	3	6.65147e-01	3.06785e-01	7.74182e-01
1	0	2	1	1	3	1.69164e+00	-4.50471e-01	1.36238e+00
1	0	3	1	1	3	7.14482e+01	-2.23619e+01	1.47724e+01
1	0	4	1	1	3	1.42431e+00	-1.84323e-01	1.31423e+00
1	0	5	1	1	3	1.48351e+00	-1.17877e-01	1.40777e+00
1	0	6	1	1	3	1.64799e+00	-3.01989e-01	1.48452e+00
1	0	7	1	1	3	1.48685e+00	-1.75507e-01	1.38619e+00
1	0	8	1	1	3	5.71792e-01	2.68423e-01	6.99614e-01
1	0	9	1	1	3	1.07020e+00	4.47097e-02	1.11772e+00
1	0	10	1	1	3	5.19525e-01	3.65790e-01	6.45791e-01
#######################################################################
# BH2 Up                                                              #
#######################################################################
2	0	0	0	1	3	-8.66181e-01	-1.58138e-01	-8.51108e-01
2	0	1	0	1	3	-4.48919e+02	-7.03755e+01	-5.31695e+01
2	0	2	0	1	3	-5.15210e+02	-8.61959e+01	-5.52123e+01
2	0	3	0	1	3	-8.59835e+01	-2.27739e+01	-1.76392e+01
2	0	4	0	1	3	-1.34542e+01	-6.42160e+00	-5.02591e+00
2	0	5	0	1	3	-3.73019e+02	-6.63245e+01	-4.54602e+01
2	0	6	0	1	3	-2.09208e+02	-4.23159e+01	-3.16986e+01
2	0	7	0	1	3	-2.27049e+02	-5.07052e+01	-3.15112e+01
#######################################################################
# BH2 Down                                                            #
#######################################################################
2	0	0	1	1	3	-8.66181e-01	-1.58138e-01	-8.51108e-01
2	0	1	1	1	3	-4.48919e+02	-7.03755e+01	-5.31695e+01
2	0	2	1	1	3	-5.15210e+02	-8.61959e+01	-5.52123e+01
2	0	3	1	1	3	-8.59835e+01	-2.27739e+01	-1.76392e+01
2	0	4	1	1	3	-1.34542e+01	-6.42160e+00	-5.02591e+00
2	0	5	1	1	3	-3.73019e+02	-6.63245e+01	-4.54602e+01
2	0	6	1	1	3	-2.09208e+02	-4.23159e+01	-3.16986e+01
2	0	7	1	1	3	-2.27049e+02	-5.07052e+01	-3.15112e+01
#######################################################################
# BAC                                                                 #
#######################################################################
3	0	0	0	1	3	0.00000e+00	0.00000e+00	0.00000e+00
3	0	1	0	1	3	0.00000e+00	0.00000e+00	0.00000e+00
#######################################################################
# FBH Up                                                              #
#######################################################################
4	0	0	0	2	3	-5.62952e-03	8.96903e-01	-3.53273e+01
4	0	1	0	2	3	-4.29399e-03	7.37975e-01	-3.00049e+01
4	0	2	0	2	3	-5.26894e-03	8.67305e-01	-3.38992e+01
4	0	3	0	2	3	-3.80183e-03	6.69237e-01	-2.72260e+01
4	0	4	0	2	3	-4.35014e-03	7.35785e-01	-2.92008e+01
4	0	5	0	2	3	-4.02541e-03	6.86907e-01	-2.70312e+01
4	0	6	0	2	3	-4.16660e-03	7.08229e-01	-2.81512e+01
4	0	7	0	2	3	-3.93117e-03	6.84759e-01	-2.69101e+01
4	0	8	0	2	3	-4.14423e-03	6.96902e-01	-2.65883e+01
4	0	9	0	2	3	-2.83372e-03	5.62925e-01	-2.20787e+01
4	0	10	0	2	3	-4.07944e-03	7.09420e-01	-2.75603e+01
4	0	11	0	2	3	-3.50961e-03	6.50113e-01	-2.64167e+01
4	0	12	0	2	3	-3.52415e-03	6.49734e-01	-2.67232e+01
4	0	13	0	2	3	-4.13420e-03	7.26957e-01	-2.99675e+01
4	0	14	0	2	3	-4.90315e-03	8.27563e-01	-3.35630e+01
4	0	15	0	2	3	-4.73048e-03	8.13189e-01	-3.31901e+01
#######################################################################
# FBH Down                                                            #
#######################################################################
4	0	0	1	2	3	-5.62952e-03	8.96903e-01	-3.53273e+01
4	0	1	1	2	3	-4.29399e-03	7.37975e-01	-3.00049e+01
4	0	2	1	2	3	-5.26894e-03	8.67305e-01	-3.38992e+01
4	0	3	1	2	3	-3.80183e-03	6.69237e-01	-2.72260e+01
4	0	4	1	2	3	-4.35014e-03	7.35785e-01	-2.92008e+01
4	0	5	1	2	3	-4.02541e-03	6.86907e-01	-2.70312e+01
4	0	6	1	2	3	-4.16660e-03	7.08229e-01	-2.81512e+01
4	0	7	1	2	3	-3.93117e-03	6.84759e-01	-2.69101e+01
4	0	8	1	2	3	-4.14423e-03	6.96902e-01	-2.65883e+01
4	0	9	1	2	3	-2.83372e-03	5.62925e-01	-2.20787e+01
4	0	10	1	2	3	-4.07944e-03	7.09420e-01	-2.75603e+01
4	0	11	1	2	3	-3.50961e-03	6.50113e-01	-2.64167e+01
4	0	12	1	2	3	-3.52415e-03	6.49734e-01	-2.67232e+01
4	0	13	1	2	3	-4.13420e-03	7.26957e-01	-2.99675e+01
4	0	14	1	2	3	-4.90315e-03	8.27563e-01	-3.35630e+01
4	0	15	1	2	3	-4.73048e-03	8.13189e-01	-3.31901e+01
#######################################################################
# PVAC                                                                #
#######################################################################
5	0	0	0	1	3	0.00000e+00	0.00000e+00	0.00000e+00
#######################################################################
# FAC                                                                 #
#######################################################################
6	0	0	0	1	3	0.00000e+00	0.00000e+00	0.00000e+00
#######################################################################
# SCH                                                                 #
#######################################################################
#7	0	0	0	2	3	-0.00500000	0.821213	-32.185321
#7	0	1	0	2	3	-0.00500000	0.830248	-32.269563
#7	0	2	0	2	3	-0.00500000	0.793073	-29.315934
#7	0	3	0	2	3	-0.00500000	0.772144	-28.276705
#7	0	4	0	2	3	-0.00500000	0.801968	-30.687167
#7	0	5	0	2	3	-0.00500000	0.778300	-28.439251
#7	0	6	0	2	3	-0.00500000	0.765872	-27.918181
#7	0	7	0	2	3	-0.00500000	0.738459	-26.016797
#7	0	8	0	2	3	-0.00500000	0.778318	-28.676371
#7	0	9	0	2	3	-0.00500000	0.776670	-28.892887
#7	0	10	0	2	3	-0.00500000	0.764278	-28.122474
#7	0	11	0	2	3	-0.00500000	0.790742	-29.423647
#7	0	12	0	2	3	-0.00500000	0.811330	-30.487019
#7	0	13	0	2	3	-0.00500000	0.818750	-30.891512
#7	0	14	0	2	3	-0.00500000	0.802541	-30.009136
#7	0	15	0	2	3	-0.00500000	0.809525	-30.751746
#7	0	16	0	2	3	-0.00500000	0.802597	-30.845509
#7	0	17	0	2	3	-0.00500000	0.835028	-32.780792
#7	0	18	0	2	3	-0.00500000	0.859176	-33.938731
#7	0	19	0	2	3	-0.00500000	0.814851	-31.445396
#7	0	20	0	2	3	-0.00500000	0.809426	-30.781087
#7	0	21	0	2	3	-0.00500000	0.780678	-28.888756
#7	0	22	0	2	3	-0.00500000	0.808206	-30.719604
#7	0	23	0	2	3	-0.00500000	0.774024	-27.858339
#7	0	24	0	2	3	-0.00500000	0.794308	-29.022101
#7	0	25	0	2	3	-0.00500000	0.775649	-27.980186
#7	0	26	0	2	3	-0.00500000	0.788483	-28.687567
#7	0	27	0	2	3	-0.00466315	0.771386	-29.253260
#7	0	28	0	2	3	-0.00483132	0.790854	-28.637741
#7	0	29	0	2	3	-0.00497049	0.812994	-30.786914
#7	0	30	0	2	3	-0.00500000	0.787793	-28.362716
#7	0	31	0	2	3	-0.00500000	0.790759	-28.876812
#7	0	32	0	2	3	-0.00500000	0.824826	-31.655285
#7	0	33	0	2	3	-0.00500000	0.845304	-33.407765
#7	0	34	0	2	3	-0.00500000	0.832263	-32.939799
#7	0	35	0	2	3	-0.00500000	0.820631	-31.695372
#7	0	36	0	2	3	-0.00500000	0.836997	-33.200590
#7	0	37	0	2	3	-0.00500000	0.819690	-32.097193
#7	0	38	0	2	3	-0.00500000	0.808109	-31.263214
#7	0	39	0	2	3	-0.00500000	0.815224	-31.135523
#7	0	40	0	2	3	-0.00500000	0.803398	-29.897923
#7	0	41	0	2	3	-0.00500000	0.815685	-31.165519
#7	0	42	0	2	3	-0.00500000	0.812980	-30.737261
#7	0	43	0	2	3	-0.00500000	0.829418	-32.693307
#7	0	44	0	2	3	-0.00500000	0.789530	-29.464920
#7	0	45	0	2	3	-0.00500000	0.804789	-31.208151
#7	0	46	0	2	3	-0.00500000	0.830106	-32.806514
#7	0	47	0	2	3	-0.00500000	0.819206	-31.373242
#7	0	48	0	2	3	-0.00500000	0.816165	-31.709319
#7	0	49	0	2	3	-0.00500000	0.798496	-30.201709
#7	0	50	0	2	3	-0.00500000	0.812167	-31.795745
#7	0	51	0	2	3	-0.00500000	0.810749	-31.375226
#7	0	52	0	2	3	-0.00500000	0.803385	-31.372512
#7	0	53	0	2	3	-0.00500000	0.777405	-29.262831
#7	0	54	0	2	3	-0.00500000	0.783954	-29.763410
#7	0	55	0	2	3	-0.00500000	0.789443	-29.976449
#7	0	56	0	2	3	-0.00500000	0.838828	-33.261086
#7	0	57	0	2	3	-0.00500000	0.804421	-30.573195
#7	0	58	0	2	3	-0.00500000	0.773283	-29.111048
#7	0	59	0	2	3	-0.00500000	0.811789	-31.449459
#7	0	60	0	2	3	-0.00500000	0.759724	-28.110014
#7	0	61	0	2	3	-0.00500000	0.810884	-31.379063
#7	0	62	0	2	3	-0.00500000	0.771910	-28.435006
#7	0	63	0	2	3	-0.00500000	0.796658	-30.511906
#######################################################################
# TOF Up                                                              #
#######################################################################
7	0	0	0	1	3	5.24830e+00	-1.96630e+00	2.96170e+00
7	0	1	0	1	3	5.24830e+00	-1.96630e+00	2.96170e+00
7	0	2	0	1	3	5.24830e+00	-1.96630e+00	2.96170e+00
7	0	3	0	1	3	5.24830e+00	-1.96630e+00	2.96170e+00
7	0	4	0	1	3	5.24830e+00	-1.96630e+00	2.96170e+00
7	0	5	0	1	3	5.24830e+00	-1.96630e+00	2.96170e+00
7	0	6	0	1	3	6.97090e+00	-3.03520e+00	3.39910e+00
7	0	7	0	1	3	4.05450e+00	-1.96150e+00	2.30360e+00
7	0	8	0	1	3	1.16940e+02	-2.98600e+01	2.09880e+01
7	0	9	0	1	3	5.24830e+00	-1.96630e+00	2.96170e+00
7	0	10	0	1	3	5.24830e+00	-1.96630e+00	2.96170e+00
7	0	11	0	1	3	5.24830e+00	-1.96630e+00	2.96170e+00
7	0	12	0	1	3	5.24830e+00	-1.96630e+00	2.96170e+00
7	0	13	0	1	3	5.24830e+00	-1.96630e+00	2.96170e+00
7	0	14	0	1	3	5.24830e+00	-1.96630e+00	2.96170e+00
7	0	15	0	1	3	5.24830e+00	-1.96630e+00	2.96170e+00
7	0	16	0	1	3	5.24830e+00	-1.96630e+00	2.96170e+00
7	0	17	0	1	3	5.24830e+00	-1.96630e+00	2.96170e+00
7	0	18	0	1	3	5.24830e+00	-1.96630e+00	2.96170e+00
7	0	19	0	1	3	7.11491e-01	1.85180e-03	5.82402e-01
7	0	20	0	1	3	5.59404e-01	-1.73810e-03	4.50716e-01
7	0	21	0	1	3	8.92499e-01	1.99900e-03	7.37364e-01
7	0	22	0	1	3	6.37553e-01	1.99960e-03	5.45449e-01
7	0	23	0	1	3	1.19210e+00	1.98920e-03	9.99994e-01
#######################################################################
# TOF Down                                                            #
#######################################################################
7	0	0	1	1	3	5.84300e+00	-2.30730e+00	3.11320e+00
7	0	1	1	1	3	5.84300e+00	-2.30730e+00	3.11320e+00
7	0	2	1	1	3	5.84300e+00	-2.30730e+00	3.11320e+00
7	0	3	1	1	3	5.84300e+00	-2.30730e+00	3.11320e+00
7	0	4	1	1	3	5.84300e+00	-2.30730e+00	3.11320e+00
7	0	5	1	1	3	5.84300e+00	-2.30730e+00	3.11320e+00
7	0	6	1	1	3	1.41330e+01	-5.81170e+00	5.32680e+00
7	0	7	1	1	3	7.84850e+01	-2.02870e+01	1.69500e+01
7	0	8	1	1	3	2.20240e+02	-3.62440e+01	3.60080e+01
7	0	9	1	1	3	5.84300e+00	-2.30730e+00	3.11320e+00
7	0	10	1	1	3	5.84300e+00	-2.30730e+00	3.11320e+00
7	0	11	1	1	3	5.84300e+00	-2.30730e+00	3.11320e+00
7	0	12	1	1	3	5.84300e+00	-2.30730e+00	3.11320e+00
7	0	13	1	1	3	5.84300e+00	-2.30730e+00	3.11320e+00
7	0	14	1	1	3	5.84300e+00	-2.30730e+00	3.11320e+00
7	0	15	1	1	3	5.84300e+00	-2.30730e+00	3.11320e+00
7	0	16	1	1	3	5.84300e+00	-2.30730e+00	3.11320e+00
7	0	17	1	1	3	5.84300e+00	-2.30730e+00	3.11320e+00
7	0	18	1	1	3	5.84300e+00	-2.30730e+00	3.11320e+00
7	0	19	1	1	3	6.18741e-01	1.99860e-03	4.90831e-01
7	0	20	1	1	3	5.75901e-01	1.04210e-03	4.72509e-01
7	0	21	1	1	3	9.41046e-01	1.99890e-03	7.79357e-01
7	0	22	1	1	3	4.84266e-01	-1.95590e-03	3.99786e-01
7	0	23	1	1	3	8.97714e-01	1.99860e-03	7.56300e-01
#######################################################################
# BFT U                                                               #
#######################################################################
110	0	0	0	2	3	-4.29002e-03	3.31071e-02	6.36855e+00
110	0	1	0	2	3	-2.21202e-03	-7.30598e-02	9.07647e+00
110	0	2	0	2	3	4.73131e-03	-6.28274e-01	1.79767e+01
110	0	3	0	2	3	8.68804e-04	-3.42730e-01	1.21277e+01
110	0	4	0	2	3	4.25742e-03	-6.00998e-01	1.73835e+01
110	0	5	0	2	3	-8.38639e-04	-2.00729e-01	1.02290e+01
110	0	6	0	2	3	-2.37385e-04	-2.79350e-01	1.20167e+01
110	0	7	0	2	3	-5.20451e-03	1.26703e-01	4.77313e+00
110	0	8	0	2	3	1.69021e-03	-4.26764e-01	1.40658e+01
110	0	9	0	2	3	3.78638e-03	-5.33931e-01	1.56116e+01
110	0	10	0	2	3	4.00535e-03	-5.74428e-01	1.65020e+01
110	0	11	0	2	3	-1.03306e-02	5.32409e-01	-3.32383e+00
110	0	12	0	2	3	2.19309e-03	-4.51683e-01	1.38140e+01
110	0	13	0	2	3	2.74728e-03	-4.69996e-01	1.46955e+01
110	0	14	0	2	3	4.71703e-03	-6.28168e-01	1.76248e+01
110	0	15	0	2	3	3.45550e-03	-5.45177e-01	1.64587e+01
110	0	16	0	2	3	3.43789e-03	-5.20129e-01	1.43362e+01
110	0	17	0	2	3	3.52681e-03	-5.37803e-01	1.66450e+01
110	0	18	0	2	3	3.70244e-03	-5.51334e-01	1.50242e+01
110	0	19	0	2	3	4.51280e-03	-6.19264e-01	1.62152e+01
110	0	20	0	2	3	4.46853e-03	-6.05044e-01	1.64967e+01
110	0	21	0	2	3	-2.60817e-03	-6.46296e-02	7.93571e+00
110	0	22	0	2	3	3.87585e-03	-5.68454e-01	1.58358e+01
110	0	23	0	2	3	3.36657e-03	-5.17894e-01	1.52430e+01
110	0	24	0	2	3	2.92922e-03	-4.91096e-01	1.47337e+01
110	0	25	0	2	3	1.94789e-03	-4.09591e-01	1.37135e+01
110	0	26	0	2	3	3.78608e-03	-5.64868e-01	1.68316e+01
110	0	27	0	2	3	4.26972e-03	-5.80398e-01	1.62123e+01
110	0	28	0	2	3	3.58694e-03	-5.36237e-01	1.46448e+01
110	0	29	0	2	3	4.54404e-03	-6.01704e-01	1.71959e+01
110	0	30	0	2	3	3.89577e-03	-5.76755e-01	1.69992e+01
110	0	31	0	2	3	3.50354e-03	-5.34727e-01	1.56266e+01
110	0	32	0	2	3	4.29827e-03	-6.02456e-01	1.66317e+01
110	0	33	0	2	3	4.00674e-03	-5.51136e-01	1.30257e+01
110	0	34	0	2	3	4.25549e-03	-5.89262e-01	1.70188e+01
110	0	35	0	2	3	4.51987e-03	-6.15376e-01	1.70834e+01
110	0	36	0	2	3	3.53368e-03	-5.32243e-01	1.48660e+01
110	0	37	0	2	3	3.83977e-03	-5.58107e-01	1.68733e+01
110	0	38	0	2	3	4.20095e-03	-5.84874e-01	1.63892e+01
110	0	39	0	2	3	4.88794e-03	-6.27798e-01	1.77689e+01
110	0	40	0	2	3	4.61779e-03	-6.01453e-01	1.58640e+01
110	0	41	0	2	3	4.52193e-03	-6.03566e-01	1.75037e+01
110	0	42	0	2	3	4.08519e-03	-5.78193e-01	1.62684e+01
110	0	43	0	2	3	3.81051e-03	-5.67559e-01	1.76732e+01
110	0	44	0	2	3	4.04424e-03	-5.74878e-01	1.57129e+01
110	0	45	0	2	3	3.94103e-03	-5.56587e-01	1.61415e+01
110	0	46	0	2	3	4.34423e-03	-6.08257e-01	1.76549e+01
110	0	47	0	2	3	4.44653e-03	-6.09990e-01	1.83937e+01
110	0	48	0	2	3	3.88245e-03	-5.59684e-01	1.54411e+01
110	0	49	0	2	3	4.81957e-03	-6.27670e-01	1.79754e+01
110	0	50	0	2	3	4.90764e-03	-6.35270e-01	1.71710e+01
110	0	51	0	2	3	4.60395e-03	-6.12434e-01	1.76078e+01
110	0	52	0	2	3	4.06643e-03	-5.70474e-01	1.61555e+01
110	0	53	0	2	3	4.57779e-03	-6.08073e-01	1.64088e+01
110	0	54	0	2	3	3.96000e-03	-5.71570e-01	1.57546e+01
110	0	55	0	2	3	5.04904e-03	-6.44890e-01	1.81207e+01
110	0	56	0	2	3	4.01426e-03	-5.86315e-01	1.70601e+01
110	0	57	0	2	3	4.23063e-03	-5.87311e-01	1.67721e+01
110	0	58	0	2	3	4.17301e-03	-5.87783e-01	1.70999e+01
110	0	59	0	2	3	4.07442e-03	-5.90090e-01	1.72149e+01
110	0	60	0	2	3	4.05561e-03	-5.84051e-01	1.56746e+01
110	0	61	0	2	3	3.52638e-03	-5.36879e-01	1.56137e+01
110	0	62	0	2	3	4.78773e-03	-6.30123e-01	1.66928e+01
110	0	63	0	2	3	4.11091e-03	-5.82713e-01	1.63799e+01
110	0	64	0	2	3	3.41455e-03	-5.39998e-01	1.55785e+01
110	0	65	0	2	3	4.26821e-03	-5.93530e-01	1.65888e+01
110	0	66	0	2	3	4.83639e-03	-6.55295e-01	1.79679e+01
110	0	67	0	2	3	4.31118e-03	-5.96494e-01	1.68058e+01
110	0	68	0	2	3	3.86321e-03	-5.81201e-01	1.68878e+01
110	0	69	0	2	3	3.90755e-03	-5.62889e-01	1.65690e+01
110	0	70	0	2	3	4.20646e-03	-6.08939e-01	1.73503e+01
110	0	71	0	2	3	4.24419e-03	-5.96690e-01	1.66696e+01
110	0	72	0	2	3	3.92831e-03	-5.81019e-01	1.67030e+01
110	0	73	0	2	3	3.86800e-03	-5.68489e-01	1.65510e+01
110	0	74	0	2	3	4.22594e-03	-6.09395e-01	1.73429e+01
110	0	75	0	2	3	4.52353e-03	-6.14092e-01	1.66663e+01
110	0	76	0	2	3	3.99557e-03	-5.75901e-01	1.56185e+01
110	0	77	0	2	3	3.58045e-03	-5.46836e-01	1.57997e+01
110	0	78	0	2	3	4.12041e-03	-5.98362e-01	1.64562e+01
110	0	79	0	2	3	4.78537e-03	-6.25791e-01	1.66655e+01
110	0	80	0	2	3	3.91937e-03	-5.71251e-01	1.66210e+01
110	0	81	0	2	3	3.95709e-03	-5.62548e-01	1.56383e+01
110	0	82	0	2	3	4.34380e-03	-6.03169e-01	1.68056e+01
110	0	83	0	2	3	4.67178e-03	-6.26039e-01	1.77152e+01
110	0	84	0	2	3	3.54991e-03	-5.45199e-01	1.56761e+01
110	0	85	0	2	3	3.76342e-03	-5.58151e-01	1.60266e+01
110	0	86	0	2	3	4.93548e-03	-6.55264e-01	1.74346e+01
110	0	87	0	2	3	3.76213e-03	-5.67325e-01	1.75131e+01
110	0	88	0	2	3	3.89243e-03	-5.66976e-01	1.64521e+01
110	0	89	0	2	3	4.17140e-03	-5.88187e-01	1.61428e+01
110	0	90	0	2	3	4.57261e-03	-6.27347e-01	1.68152e+01
110	0	91	0	2	3	4.64494e-03	-6.30356e-01	1.75324e+01
110	0	92	0	2	3	3.95601e-03	-5.87449e-01	1.69063e+01
110	0	93	0	2	3	3.97976e-03	-5.69471e-01	1.65004e+01
110	0	94	0	2	3	4.30687e-03	-6.23527e-01	1.86002e+01
110	0	95	0	2	3	4.17507e-03	-5.93105e-01	1.66806e+01
110	0	96	0	2	3	3.27499e-03	-5.38251e-01	1.56937e+01
110	0	97	0	2	3	3.83830e-03	-5.65605e-01	1.63469e+01
110	0	98	0	2	3	4.08970e-03	-6.00328e-01	1.68033e+01
110	0	99	0	2	3	4.69068e-03	-6.21610e-01	1.69154e+01
110	0	100	0	2	3	2.44670e-03	-4.73782e-01	1.51049e+01
110	0	101	0	2	3	3.47389e-03	-5.39325e-01	1.57852e+01
110	0	102	0	2	3	4.66122e-03	-6.30570e-01	1.80275e+01
110	0	103	0	2	3	3.73539e-03	-5.59114e-01	1.66891e+01
110	0	104	0	2	3	4.06023e-03	-5.88904e-01	1.62507e+01
110	0	105	0	2	3	4.14862e-03	-5.82252e-01	1.59185e+01
110	0	106	0	2	3	4.09115e-03	-5.87043e-01	1.71803e+01
110	0	107	0	2	3	4.31706e-03	-5.93594e-01	1.66561e+01
110	0	108	0	2	3	3.10374e-03	-5.24126e-01	1.59787e+01
110	0	109	0	2	3	3.48730e-03	-5.43613e-01	1.62995e+01
110	0	110	0	2	3	4.06871e-03	-5.88028e-01	1.70246e+01
110	0	111	0	2	3	4.73884e-03	-6.43438e-01	1.82932e+01
110	0	112	0	2	3	4.00549e-03	-5.71247e-01	1.53610e+01
110	0	113	0	2	3	3.88331e-03	-5.67022e-01	1.66720e+01
110	0	114	0	2	3	5.21462e-03	-6.71570e-01	1.86639e+01
110	0	115	0	2	3	4.62392e-03	-6.19833e-01	1.75960e+01
110	0	116	0	2	3	4.53059e-03	-6.28859e-01	1.75555e+01
110	0	117	0	2	3	3.66705e-03	-5.57135e-01	1.65744e+01
110	0	118	0	2	3	2.92631e-03	-5.06403e-01	1.59055e+01
110	0	119	0	2	3	4.67899e-03	-6.13462e-01	1.64400e+01
110	0	120	0	2	3	3.54567e-03	-5.68199e-01	1.67478e+01
110	0	121	0	2	3	3.99103e-03	-5.72211e-01	1.54087e+01
110	0	122	0	2	3	3.86708e-03	-5.81711e-01	1.70303e+01
110	0	123	0	2	3	4.12541e-03	-5.88350e-01	1.64194e+01
110	0	124	0	2	3	4.30734e-03	-5.94606e-01	1.73320e+01
110	0	125	0	2	3	3.46274e-03	-5.31396e-01	1.30760e+01
110	0	126	0	2	3	3.62058e-03	-5.45778e-01	1.59074e+01
110	0	127	0	2	3	3.61917e-03	-5.51694e-01	1.55405e+01
110	0	128	0	2	3	3.70191e-03	-5.93882e-01	1.82668e+01
110	0	129	0	2	3	3.86317e-03	-5.95749e-01	1.69426e+01
110	0	130	0	2	3	3.53557e-03	-5.79326e-01	1.80557e+01
110	0	131	0	2	3	1.66353e-03	-4.08097e-01	1.42948e+01
110	0	132	0	2	3	4.21914e-03	-6.07937e-01	1.75019e+01
110	0	133	0	2	3	3.26913e-03	-5.34500e-01	1.58019e+01
110	0	134	0	2	3	2.77135e-03	-5.17447e-01	1.66539e+01
110	0	135	0	2	3	2.67399e-03	-4.94615e-01	1.53985e+01
110	0	136	0	2	3	4.54249e-03	-6.31052e-01	1.77781e+01
110	0	137	0	2	3	3.42270e-03	-5.54190e-01	1.65905e+01
110	0	138	0	2	3	4.05328e-03	-5.99870e-01	1.81612e+01
110	0	139	0	2	3	2.75443e-03	-5.07772e-01	1.52622e+01
110	0	140	0	2	3	3.18516e-03	-5.51366e-01	1.78537e+01
110	0	141	0	2	3	3.11119e-03	-5.35843e-01	1.60951e+01
110	0	142	0	2	3	2.23748e-03	-4.66842e-01	1.53444e+01
110	0	143	0	2	3	3.18847e-03	-5.35413e-01	1.62986e+01
110	0	144	0	2	3	2.87016e-03	-5.13601e-01	1.53596e+01
110	0	145	0	2	3	3.53618e-03	-5.44439e-01	1.56227e+01
110	0	146	0	2	3	2.67975e-03	-5.08529e-01	1.63245e+01
110	0	147	0	2	3	3.01257e-03	-5.17087e-01	1.55275e+01
110	0	148	0	2	3	-2.79757e-04	-2.92186e-01	1.17927e+01
110	0	149	0	2	3	3.48609e-03	-5.52046e-01	1.60340e+01
110	0	150	0	2	3	-1.15100e-04	-3.05588e-01	1.29405e+01
110	0	151	0	2	3	2.79193e-03	-5.14713e-01	1.64908e+01
110	0	152	0	2	3	3.10744e-03	-5.27685e-01	1.60159e+01
110	0	153	0	2	3	5.34949e-03	-7.05565e-01	1.92125e+01
110	0	154	0	2	3	3.27788e-03	-5.45791e-01	1.64515e+01
110	0	155	0	2	3	4.28457e-03	-6.06968e-01	1.72040e+01
110	0	156	0	2	3	-7.58868e-04	-2.31228e-01	1.10160e+01
110	0	157	0	2	3	2.19415e-03	-4.39169e-01	1.47585e+01
110	0	158	0	2	3	1.41989e-03	-3.96126e-01	1.44297e+01
110	0	159	0	2	3	4.58547e-03	-5.49783e-01	1.54888e+01
#######################################################################
# BFT D                                                               #
#######################################################################
110	1	0	0	2	3	3.48240e-05	-3.33989e-01	1.43968e+01
110	1	1	0	2	3	-2.14284e-02	1.25469e+00	-1.51762e+01
110	1	2	0	2	3	-8.57739e-04	-2.28153e-01	1.07670e+01
110	1	3	0	2	3	-3.58177e-03	-1.85325e-02	7.90953e+00
110	1	4	0	2	3	1.08155e-03	-3.56957e-01	1.31162e+01
110	1	5	0	2	3	-2.17003e-04	-2.85175e-01	1.23315e+01
110	1	6	0	2	3	1.68341e-03	-4.36699e-01	1.42463e+01
110	1	7	0	2	3	2.86495e-03	-4.97691e-01	1.55286e+01
110	1	8	0	2	3	3.31863e-03	-5.22239e-01	1.55513e+01
110	1	9	0	2	3	-1.00201e-03	-2.20469e-01	1.20125e+01
110	1	10	0	2	3	2.65072e-03	-4.87441e-01	1.49281e+01
110	1	11	0	2	3	2.08626e-03	-4.42497e-01	1.43901e+01
110	1	12	0	2	3	3.19890e-03	-5.15899e-01	1.55918e+01
110	1	13	0	2	3	-5.89114e-03	1.66390e-01	2.69524e+00
110	1	14	0	2	3	3.69264e-03	-5.76096e-01	1.67731e+01
110	1	15	0	2	3	3.92606e-03	-5.81510e-01	1.75320e+01
110	1	16	0	2	3	3.49931e-03	-5.55816e-01	1.66174e+01
110	1	17	0	2	3	4.47241e-03	-6.08913e-01	1.70268e+01
110	1	18	0	2	3	3.86887e-03	-5.80923e-01	1.64567e+01
110	1	19	0	2	3	5.11360e-03	-6.65526e-01	1.85902e+01
110	1	20	0	2	3	3.99987e-03	-5.85655e-01	1.72974e+01
110	1	21	0	2	3	1.61823e-03	-4.08785e-01	1.48888e+01
110	1	22	0	2	3	4.33140e-03	-6.05160e-01	1.72478e+01
110	1	23	0	2	3	3.52184e-03	-5.32067e-01	1.60681e+01
110	1	24	0	2	3	3.34732e-03	-5.44311e-01	1.63382e+01
110	1	25	0	2	3	5.17004e-03	-6.61176e-01	1.77030e+01
110	1	26	0	2	3	3.62753e-03	-5.59777e-01	1.63418e+01
110	1	27	0	2	3	4.46862e-03	-6.16471e-01	1.76962e+01
110	1	28	0	2	3	4.69189e-03	-6.32627e-01	1.75926e+01
110	1	29	0	2	3	3.61072e-03	-5.51502e-01	1.59370e+01
110	1	30	0	2	3	4.37823e-03	-6.10409e-01	1.74911e+01
110	1	31	0	2	3	4.55877e-03	-6.22733e-01	1.72908e+01
110	1	32	0	2	3	2.86343e-03	-5.01925e-01	1.58000e+01
110	1	33	0	2	3	3.61664e-03	-5.55521e-01	1.59286e+01
110	1	34	0	2	3	4.02048e-03	-5.82996e-01	1.56023e+01
110	1	35	0	2	3	3.37337e-03	-5.51991e-01	1.73293e+01
110	1	36	0	2	3	3.92303e-03	-5.78341e-01	1.67957e+01
110	1	37	0	2	3	3.58135e-03	-5.47442e-01	1.50425e+01
110	1	38	0	2	3	3.60572e-03	-5.55790e-01	1.65648e+01
110	1	39	0	2	3	3.61572e-03	-5.45449e-01	1.59495e+01
110	1	40	0	2	3	3.97017e-03	-5.71920e-01	1.63616e+01
110	1	41	0	2	3	3.72774e-03	-5.54369e-01	1.65256e+01
110	1	42	0	2	3	4.14652e-03	-5.83207e-01	1.60990e+01
110	1	43	0	2	3	3.63765e-03	-5.44629e-01	1.60405e+01
110	1	44	0	2	3	4.01590e-03	-5.84125e-01	1.68097e+01
110	1	45	0	2	3	3.83961e-03	-5.66503e-01	1.70253e+01
110	1	46	0	2	3	3.77120e-03	-5.73213e-01	1.67139e+01
110	1	47	0	2	3	4.28753e-03	-6.19781e-01	1.90206e+01
110	1	48	0	2	3	3.77533e-03	-5.65356e-01	1.61812e+01
110	1	49	0	2	3	4.01273e-03	-5.76455e-01	1.64550e+01
110	1	50	0	2	3	4.18889e-03	-5.96006e-01	1.67071e+01
110	1	51	0	2	3	3.83453e-03	-5.63307e-01	1.68261e+01
110	1	52	0	2	3	3.59366e-03	-5.60184e-01	1.63459e+01
110	1	53	0	2	3	2.97925e-03	-5.03647e-01	1.61094e+01
110	1	54	0	2	3	4.54952e-03	-6.28431e-01	1.75210e+01
110	1	55	0	2	3	3.71240e-03	-5.56940e-01	1.68818e+01
110	1	56	0	2	3	3.80021e-03	-5.83123e-01	1.69152e+01
110	1	57	0	2	3	3.48339e-03	-5.44001e-01	1.64620e+01
110	1	58	0	2	3	4.73605e-03	-6.54147e-01	1.91290e+01
110	1	59	0	2	3	4.70234e-03	-6.44504e-01	1.96321e+01
110	1	60	0	2	3	4.04802e-03	-5.90056e-01	1.67071e+01
110	1	61	0	2	3	3.81072e-03	-5.52517e-01	1.60447e+01
110	1	62	0	2	3	4.08439e-03	-5.87904e-01	1.55675e+01
110	1	63	0	2	3	4.11087e-03	-5.90687e-01	1.76373e+01
110	1	64	0	2	3	3.35178e-03	-5.47451e-01	1.64711e+01
110	1	65	0	2	3	4.69587e-03	-6.28404e-01	1.75370e+01
110	1	66	0	2	3	4.54196e-03	-6.36594e-01	1.77252e+01
110	1	67	0	2	3	4.23193e-03	-6.00917e-01	1.62259e+01
110	1	68	0	2	3	3.40662e-03	-5.34661e-01	1.54897e+01
110	1	69	0	2	3	3.91607e-03	-5.76219e-01	1.67819e+01
110	1	70	0	2	3	4.25599e-03	-6.03597e-01	1.71121e+01
110	1	71	0	2	3	3.82277e-03	-5.78687e-01	1.71410e+01
110	1	72	0	2	3	3.49373e-03	-5.48989e-01	1.57457e+01
110	1	73	0	2	3	3.96323e-03	-5.85003e-01	1.77062e+01
110	1	74	0	2	3	4.40010e-03	-6.11144e-01	1.59295e+01
110	1	75	0	2	3	3.99456e-03	-5.90665e-01	1.67956e+01
110	1	76	0	2	3	3.68366e-03	-5.57407e-01	1.56190e+01
110	1	77	0	2	3	4.36397e-03	-6.12409e-01	1.71149e+01
110	1	78	0	2	3	4.44301e-03	-6.16478e-01	1.70504e+01
110	1	79	0	2	3	4.15463e-03	-5.94393e-01	1.66957e+01
110	1	80	0	2	3	3.81650e-03	-5.64748e-01	1.56586e+01
110	1	81	0	2	3	4.14839e-03	-5.86070e-01	1.57724e+01
110	1	82	0	2	3	4.29841e-03	-6.04171e-01	1.72994e+01
110	1	83	0	2	3	4.13683e-03	-5.81516e-01	1.60356e+01
110	1	84	0	2	3	3.67698e-03	-5.49404e-01	1.48948e+01
110	1	85	0	2	3	3.85529e-03	-5.64525e-01	1.57035e+01
110	1	86	0	2	3	3.65257e-03	-5.62521e-01	1.64432e+01
110	1	87	0	2	3	4.51236e-03	-6.04126e-01	1.50620e+01
110	1	88	0	2	3	3.83959e-03	-5.73034e-01	1.63748e+01
110	1	89	0	2	3	3.59465e-03	-5.55093e-01	1.53016e+01
110	1	90	0	2	3	4.38547e-03	-6.11462e-01	1.61807e+01
110	1	91	0	2	3	4.13978e-03	-5.86304e-01	1.66614e+01
110	1	92	0	2	3	3.67181e-03	-5.56597e-01	1.56768e+01
110	1	93	0	2	3	3.98033e-03	-5.75345e-01	1.61144e+01
110	1	94	0	2	3	3.87535e-03	-5.76413e-01	1.67260e+01
110	1	95	0	2	3	4.71714e-03	-6.33899e-01	1.69021e+01
110	1	96	0	2	3	3.85994e-03	-5.67929e-01	1.55156e+01
110	1	97	0	2	3	3.63811e-03	-5.54181e-01	1.62656e+01
110	1	98	0	2	3	3.70369e-03	-5.85734e-01	1.74577e+01
110	1	99	0	2	3	4.00182e-03	-5.83402e-01	1.61767e+01
110	1	100	0	2	3	3.79573e-03	-5.57717e-01	1.59007e+01
110	1	101	0	2	3	3.73599e-03	-5.60791e-01	1.52711e+01
110	1	102	0	2	3	4.58592e-03	-6.32452e-01	1.72158e+01
110	1	103	0	2	3	4.40570e-03	-6.07114e-01	1.64339e+01
110	1	104	0	2	3	3.61476e-03	-5.52798e-01	1.58028e+01
110	1	105	0	2	3	3.83230e-03	-5.68091e-01	1.61612e+01
110	1	106	0	2	3	4.39154e-03	-6.15445e-01	1.77200e+01
110	1	107	0	2	3	4.42316e-03	-6.10405e-01	1.66772e+01
110	1	108	0	2	3	3.00114e-03	-5.06786e-01	1.56948e+01
110	1	109	0	2	3	4.33424e-03	-6.07420e-01	1.74731e+01
110	1	110	0	2	3	3.94627e-03	-5.81316e-01	1.63246e+01
110	1	111	0	2	3	3.45832e-03	-5.50385e-01	1.70221e+01
110	1	112	0	2	3	4.06565e-03	-5.85950e-01	1.72321e+01
110	1	113	0	2	3	3.55608e-03	-5.43732e-01	1.57640e+01
110	1	114	0	2	3	4.27919e-03	-6.07510e-01	1.64956e+01
110	1	115	0	2	3	4.11506e-03	-5.88530e-01	1.63618e+01
110	1	116	0	2	3	4.91297e-03	-6.46467e-01	1.84479e+01
110	1	117	0	2	3	4.03013e-03	-5.83671e-01	1.65258e+01
110	1	118	0	2	3	3.67528e-03	-5.59058e-01	1.50774e+01
110	1	119	0	2	3	4.50236e-03	-6.14126e-01	1.71707e+01
110	1	120	0	2	3	3.92558e-03	-5.72230e-01	1.68660e+01
110	1	121	0	2	3	3.63580e-03	-5.58116e-01	1.60076e+01
110	1	122	0	2	3	3.68792e-03	-5.71388e-01	1.74548e+01
110	1	123	0	2	3	4.63415e-03	-6.40837e-01	1.90755e+01
110	1	124	0	2	3	3.14627e-03	-5.07898e-01	1.52777e+01
110	1	125	0	2	3	3.29047e-03	-5.34601e-01	1.59242e+01
110	1	126	0	2	3	3.64671e-03	-5.50131e-01	1.57547e+01
110	1	127	0	2	3	4.47817e-03	-6.08918e-01	1.68241e+01
110	1	128	0	2	3	3.68844e-03	-5.91839e-01	1.75710e+01
110	1	129	0	2	3	4.30312e-03	-6.27371e-01	1.79860e+01
110	1	130	0	2	3	3.26864e-03	-5.50468e-01	1.67325e+01
110	1	131	0	2	3	3.96737e-03	-5.84329e-01	1.65568e+01
110	1	132	0	2	3	3.25446e-03	-5.44706e-01	1.65762e+01
110	1	133	0	2	3	5.14278e-03	-6.62410e-01	1.76098e+01
110	1	134	0	2	3	3.57402e-03	-5.76964e-01	1.72378e+01
110	1	135	0	2	3	4.64637e-03	-6.28925e-01	1.74469e+01
110	1	136	0	2	3	3.43355e-03	-5.62810e-01	1.71802e+01
110	1	137	0	2	3	5.02339e-03	-6.73594e-01	1.85718e+01
110	1	138	0	2	3	4.58145e-03	-6.33094e-01	1.74347e+01
110	1	139	0	2	3	3.33488e-03	-5.49366e-01	1.64937e+01
110	1	140	0	2	3	4.97013e-03	-6.62256e-01	1.87592e+01
110	1	141	0	2	3	5.56501e-03	-7.01959e-01	1.83215e+01
110	1	142	0	2	3	4.48302e-03	-6.18876e-01	1.66494e+01
110	1	143	0	2	3	4.14605e-03	-5.95496e-01	1.71973e+01
110	1	144	0	2	3	4.74658e-03	-6.66681e-01	1.94205e+01
110	1	145	0	2	3	4.61679e-03	-6.19710e-01	1.69812e+01
110	1	146	0	2	3	3.85924e-03	-5.87718e-01	1.75825e+01
110	1	147	0	2	3	4.29314e-03	-6.01031e-01	1.67991e+01
110	1	148	0	2	3	1.36665e-03	-4.11760e-01	1.40397e+01
110	1	149	0	2	3	3.88310e-03	-5.66066e-01	1.64553e+01
110	1	150	0	2	3	3.82117e-03	-5.82434e-01	1.70556e+01
110	1	151	0	2	3	4.31095e-03	-6.15758e-01	1.70669e+01
110	1	152	0	2	3	3.20749e-03	-5.31594e-01	1.64777e+01
110	1	153	0	2	3	2.13841e-03	-4.62105e-01	1.53976e+01
110	1	154	0	2	3	3.97181e-03	-6.02699e-01	1.74083e+01
110	1	155	0	2	3	4.62734e-03	-6.32625e-01	1.71735e+01
110	1	156	0	2	3	3.44537e-03	-5.56240e-01	1.73535e+01
110	1	157	0	2	3	6.57595e-04	-3.84142e-01	1.43649e+01
110	1	158	0	2	3	-1.00900e-02	4.15105e-01	7.08425e-01
110	1	159	0	2	3	1.80665e-03	-3.92568e-01	1.32346e+01
