##
#  file: HodoPHCParam_Dummy
#  date: 2016.06.15
#  note: first version
#
#
#######################################################################
# CId	PlId	Seg	UorD	Type	nParam	p0	p1	...
#
#	Type=0 no correction will be performed
#	Type=1 ct=t-p[0]/sqrt(a-p[1])+p[2]
#	Type=2 ct=p[0]*a*a + p[1]*a + p[2] for Fiber
#
#######################################################################
# BH1 Up                                                              #
#######################################################################
1	0	0	0	1	3	1.47730e+00	-2.35290e-01	1.36110e+00
1	0	1	0	1	3	6.62130e-01	3.34480e-01	8.67710e-01
1	0	2	0	1	3	7.54820e-01	2.48290e-01	9.34610e-01
1	0	3	0	1	3	1.23270e+00	-1.14280e-01	1.26640e+00
1	0	4	0	1	3	1.29730e+00	-1.98210e-01	1.21160e+00
1	0	5	0	1	3	1.43110e+00	-7.87430e-02	1.42120e+00
1	0	6	0	1	3	1.41000e+00	-1.74510e-01	1.32020e+00
1	0	7	0	1	3	1.25340e+00	-3.62780e-02	1.24940e+00
1	0	8	0	1	3	1.44900e+00	-3.83590e-01	1.25050e+00
1	0	9	0	1	3	2.28060e+00	-6.04700e-01	1.82360e+00
1	0	10	0	1	3	9.33520e-01	5.26570e-02	9.95230e-01
#######################################################################
# BH1 Down                                                            #
#######################################################################
1	0	0	1	1	3	2.02010e+00	-5.58670e-01	1.64300e+00
1	0	1	1	1	3	8.49690e-01	1.88140e-01	1.01360e+00
1	0	2	1	1	3	1.21680e+00	-7.53470e-02	1.21540e+00
1	0	3	1	1	3	2.08470e+02	-6.59470e+01	2.55410e+01
1	0	4	1	1	3	1.41330e+00	-2.47510e-01	1.29810e+00
1	0	5	1	1	3	1.63380e+00	-2.25070e-01	1.48610e+00
1	0	6	1	1	3	1.64270e+00	-3.28680e-01	1.48410e+00
1	0	7	1	1	3	1.48840e+00	-1.98800e-01	1.38020e+00
1	0	8	1	1	3	9.57720e-01	-5.07090e-03	9.79170e-01
1	0	9	1	1	3	1.28980e+00	-8.52640e-02	1.26930e+00
1	0	10	1	1	3	1.29280e+00	-1.52360e-01	1.25330e+00
#######################################################################
# BH2 Up                                                              #
#######################################################################
2	0	0	0	1	3	1.23928e-01	3.19092e-01	1.64921e-01
2	0	1	0	1	3	7.53706e-01	-1.79708e-01	6.99096e-01
2	0	2	0	1	3	4.42202e-01	-1.79103e-01	4.01925e-01
2	0	3	0	1	3	3.11545e-01	-5.77250e-02	3.02038e-01
2	0	4	0	1	3	2.94738e-01	-1.61080e-01	2.70687e-01
2	0	5	0	1	3	1.70974e-01	2.75206e-01	2.01729e-01
2	0	6	0	1	3	3.73818e-01	9.75170e-02	3.97597e-01
2	0	7	0	1	3	3.15997e-01	6.59460e-02	3.24278e-01
#######################################################################
# BH2 Down                                                            #
#######################################################################
2	0	0	1	1	3	2.64639e-01	1.04767e-01	3.03250e-01
2	0	1	1	1	3	1.34101e+00	-8.16725e-01	9.87325e-01
2	0	2	1	1	3	4.33143e-01	-7.83380e-02	4.15357e-01
2	0	3	1	1	3	2.71422e-01	-7.15340e-02	2.53653e-01
2	0	4	1	1	3	2.16354e-01	1.56752e-01	2.36613e-01
2	0	5	1	1	3	2.26477e-01	2.19430e-01	2.54177e-01
2	0	6	1	1	3	1.46634e+00	-7.69085e-01	1.07966e+00
2	0	7	1	1	3	2.49431e-01	7.90660e-02	2.64418e-01
#######################################################################
# BAC                                                                 #
#######################################################################
3	0	0	0	1	3	0.00000e+00	0.00000e+00	0.00000e+00
3	0	1	0	1	3	0.00000e+00	0.00000e+00	0.00000e+00
#######################################################################
# FBH Up                                                              #
#######################################################################
4	0	0	0	2	3	-5.62952e-03	8.96903e-01	-3.53273e+01
4	0	1	0	2	3	-4.29399e-03	7.37975e-01	-3.00049e+01
4	0	2	0	2	3	-5.26894e-03	8.67305e-01	-3.38992e+01
4	0	3	0	2	3	-3.80183e-03	6.69237e-01	-2.72260e+01
4	0	4	0	2	3	-4.35014e-03	7.35785e-01	-2.92008e+01
4	0	5	0	2	3	-4.02541e-03	6.86907e-01	-2.70312e+01
4	0	6	0	2	3	-4.16660e-03	7.08229e-01	-2.81512e+01
4	0	7	0	2	3	-3.93117e-03	6.84759e-01	-2.69101e+01
4	0	8	0	2	3	-4.14423e-03	6.96902e-01	-2.65883e+01
4	0	9	0	2	3	-2.83372e-03	5.62925e-01	-2.20787e+01
4	0	10	0	2	3	-4.07944e-03	7.09420e-01	-2.75603e+01
4	0	11	0	2	3	-3.50961e-03	6.50113e-01	-2.64167e+01
4	0	12	0	2	3	-3.52415e-03	6.49734e-01	-2.67232e+01
4	0	13	0	2	3	-4.13420e-03	7.26957e-01	-2.99675e+01
4	0	14	0	2	3	-4.90315e-03	8.27563e-01	-3.35630e+01
4	0	15	0	2	3	-4.73048e-03	8.13189e-01	-3.31901e+01
#######################################################################
# FBH Down                                                            #
#######################################################################
4	0	0	1	2	3	-5.62952e-03	8.96903e-01	-3.53273e+01
4	0	1	1	2	3	-4.29399e-03	7.37975e-01	-3.00049e+01
4	0	2	1	2	3	-5.26894e-03	8.67305e-01	-3.38992e+01
4	0	3	1	2	3	-3.80183e-03	6.69237e-01	-2.72260e+01
4	0	4	1	2	3	-4.35014e-03	7.35785e-01	-2.92008e+01
4	0	5	1	2	3	-4.02541e-03	6.86907e-01	-2.70312e+01
4	0	6	1	2	3	-4.16660e-03	7.08229e-01	-2.81512e+01
4	0	7	1	2	3	-3.93117e-03	6.84759e-01	-2.69101e+01
4	0	8	1	2	3	-4.14423e-03	6.96902e-01	-2.65883e+01
4	0	9	1	2	3	-2.83372e-03	5.62925e-01	-2.20787e+01
4	0	10	1	2	3	-4.07944e-03	7.09420e-01	-2.75603e+01
4	0	11	1	2	3	-3.50961e-03	6.50113e-01	-2.64167e+01
4	0	12	1	2	3	-3.52415e-03	6.49734e-01	-2.67232e+01
4	0	13	1	2	3	-4.13420e-03	7.26957e-01	-2.99675e+01
4	0	14	1	2	3	-4.90315e-03	8.27563e-01	-3.35630e+01
4	0	15	1	2	3	-4.73048e-03	8.13189e-01	-3.31901e+01
#######################################################################
# PVAC                                                                #
#######################################################################
5	0	0	0	1	3	0.00000e+00	0.00000e+00	0.00000e+00
#######################################################################
# FAC                                                                 #
#######################################################################
6	0	0	0	1	3	0.00000e+00	0.00000e+00	0.00000e+00
#######################################################################
# SCH                                                                 #
#######################################################################
#7	0	0	0	2	3	-0.00500000	0.821213	-32.185321
#7	0	1	0	2	3	-0.00500000	0.830248	-32.269563
#7	0	2	0	2	3	-0.00500000	0.793073	-29.315934
#7	0	3	0	2	3	-0.00500000	0.772144	-28.276705
#7	0	4	0	2	3	-0.00500000	0.801968	-30.687167
#7	0	5	0	2	3	-0.00500000	0.778300	-28.439251
#7	0	6	0	2	3	-0.00500000	0.765872	-27.918181
#7	0	7	0	2	3	-0.00500000	0.738459	-26.016797
#7	0	8	0	2	3	-0.00500000	0.778318	-28.676371
#7	0	9	0	2	3	-0.00500000	0.776670	-28.892887
#7	0	10	0	2	3	-0.00500000	0.764278	-28.122474
#7	0	11	0	2	3	-0.00500000	0.790742	-29.423647
#7	0	12	0	2	3	-0.00500000	0.811330	-30.487019
#7	0	13	0	2	3	-0.00500000	0.818750	-30.891512
#7	0	14	0	2	3	-0.00500000	0.802541	-30.009136
#7	0	15	0	2	3	-0.00500000	0.809525	-30.751746
#7	0	16	0	2	3	-0.00500000	0.802597	-30.845509
#7	0	17	0	2	3	-0.00500000	0.835028	-32.780792
#7	0	18	0	2	3	-0.00500000	0.859176	-33.938731
#7	0	19	0	2	3	-0.00500000	0.814851	-31.445396
#7	0	20	0	2	3	-0.00500000	0.809426	-30.781087
#7	0	21	0	2	3	-0.00500000	0.780678	-28.888756
#7	0	22	0	2	3	-0.00500000	0.808206	-30.719604
#7	0	23	0	2	3	-0.00500000	0.774024	-27.858339
#7	0	24	0	2	3	-0.00500000	0.794308	-29.022101
#7	0	25	0	2	3	-0.00500000	0.775649	-27.980186
#7	0	26	0	2	3	-0.00500000	0.788483	-28.687567
#7	0	27	0	2	3	-0.00466315	0.771386	-29.253260
#7	0	28	0	2	3	-0.00483132	0.790854	-28.637741
#7	0	29	0	2	3	-0.00497049	0.812994	-30.786914
#7	0	30	0	2	3	-0.00500000	0.787793	-28.362716
#7	0	31	0	2	3	-0.00500000	0.790759	-28.876812
#7	0	32	0	2	3	-0.00500000	0.824826	-31.655285
#7	0	33	0	2	3	-0.00500000	0.845304	-33.407765
#7	0	34	0	2	3	-0.00500000	0.832263	-32.939799
#7	0	35	0	2	3	-0.00500000	0.820631	-31.695372
#7	0	36	0	2	3	-0.00500000	0.836997	-33.200590
#7	0	37	0	2	3	-0.00500000	0.819690	-32.097193
#7	0	38	0	2	3	-0.00500000	0.808109	-31.263214
#7	0	39	0	2	3	-0.00500000	0.815224	-31.135523
#7	0	40	0	2	3	-0.00500000	0.803398	-29.897923
#7	0	41	0	2	3	-0.00500000	0.815685	-31.165519
#7	0	42	0	2	3	-0.00500000	0.812980	-30.737261
#7	0	43	0	2	3	-0.00500000	0.829418	-32.693307
#7	0	44	0	2	3	-0.00500000	0.789530	-29.464920
#7	0	45	0	2	3	-0.00500000	0.804789	-31.208151
#7	0	46	0	2	3	-0.00500000	0.830106	-32.806514
#7	0	47	0	2	3	-0.00500000	0.819206	-31.373242
#7	0	48	0	2	3	-0.00500000	0.816165	-31.709319
#7	0	49	0	2	3	-0.00500000	0.798496	-30.201709
#7	0	50	0	2	3	-0.00500000	0.812167	-31.795745
#7	0	51	0	2	3	-0.00500000	0.810749	-31.375226
#7	0	52	0	2	3	-0.00500000	0.803385	-31.372512
#7	0	53	0	2	3	-0.00500000	0.777405	-29.262831
#7	0	54	0	2	3	-0.00500000	0.783954	-29.763410
#7	0	55	0	2	3	-0.00500000	0.789443	-29.976449
#7	0	56	0	2	3	-0.00500000	0.838828	-33.261086
#7	0	57	0	2	3	-0.00500000	0.804421	-30.573195
#7	0	58	0	2	3	-0.00500000	0.773283	-29.111048
#7	0	59	0	2	3	-0.00500000	0.811789	-31.449459
#7	0	60	0	2	3	-0.00500000	0.759724	-28.110014
#7	0	61	0	2	3	-0.00500000	0.810884	-31.379063
#7	0	62	0	2	3	-0.00500000	0.771910	-28.435006
#7	0	63	0	2	3	-0.00500000	0.796658	-30.511906
#######################################################################
# TOF Up                                                              #
#######################################################################
7	0	0	0	1	3	5.24830e+00	-1.96630e+00	2.96170e+00
7	0	1	0	1	3	5.24830e+00	-1.96630e+00	2.96170e+00
7	0	2	0	1	3	5.24830e+00	-1.96630e+00	2.96170e+00
7	0	3	0	1	3	5.24830e+00	-1.96630e+00	2.96170e+00
7	0	4	0	1	3	5.24830e+00	-1.96630e+00	2.96170e+00
7	0	5	0	1	3	5.24830e+00	-1.96630e+00	2.96170e+00
7	0	6	0	1	3	6.97090e+00	-3.03520e+00	3.39910e+00
7	0	7	0	1	3	4.05450e+00	-1.96150e+00	2.30360e+00
7	0	8	0	1	3	1.16940e+02	-2.98600e+01	2.09880e+01
7	0	9	0	1	3	5.24830e+00	-1.96630e+00	2.96170e+00
7	0	10	0	1	3	5.24830e+00	-1.96630e+00	2.96170e+00
7	0	11	0	1	3	5.24830e+00	-1.96630e+00	2.96170e+00
7	0	12	0	1	3	5.24830e+00	-1.96630e+00	2.96170e+00
7	0	13	0	1	3	5.24830e+00	-1.96630e+00	2.96170e+00
7	0	14	0	1	3	5.24830e+00	-1.96630e+00	2.96170e+00
7	0	15	0	1	3	5.24830e+00	-1.96630e+00	2.96170e+00
7	0	16	0	1	3	5.24830e+00	-1.96630e+00	2.96170e+00
7	0	17	0	1	3	5.24830e+00	-1.96630e+00	2.96170e+00
7	0	18	0	1	3	5.24830e+00	-1.96630e+00	2.96170e+00
7	0	19	0	1	3	7.11491e-01	1.85180e-03	5.82402e-01
7	0	20	0	1	3	5.59404e-01	-1.73810e-03	4.50716e-01
7	0	21	0	1	3	8.92499e-01	1.99900e-03	7.37364e-01
7	0	22	0	1	3	6.37553e-01	1.99960e-03	5.45449e-01
7	0	23	0	1	3	1.19210e+00	1.98920e-03	9.99994e-01
#######################################################################
# TOF Down                                                            #
#######################################################################
7	0	0	1	1	3	5.84300e+00	-2.30730e+00	3.11320e+00
7	0	1	1	1	3	5.84300e+00	-2.30730e+00	3.11320e+00
7	0	2	1	1	3	5.84300e+00	-2.30730e+00	3.11320e+00
7	0	3	1	1	3	5.84300e+00	-2.30730e+00	3.11320e+00
7	0	4	1	1	3	5.84300e+00	-2.30730e+00	3.11320e+00
7	0	5	1	1	3	5.84300e+00	-2.30730e+00	3.11320e+00
7	0	6	1	1	3	1.41330e+01	-5.81170e+00	5.32680e+00
7	0	7	1	1	3	7.84850e+01	-2.02870e+01	1.69500e+01
7	0	8	1	1	3	2.20240e+02	-3.62440e+01	3.60080e+01
7	0	9	1	1	3	5.84300e+00	-2.30730e+00	3.11320e+00
7	0	10	1	1	3	5.84300e+00	-2.30730e+00	3.11320e+00
7	0	11	1	1	3	5.84300e+00	-2.30730e+00	3.11320e+00
7	0	12	1	1	3	5.84300e+00	-2.30730e+00	3.11320e+00
7	0	13	1	1	3	5.84300e+00	-2.30730e+00	3.11320e+00
7	0	14	1	1	3	5.84300e+00	-2.30730e+00	3.11320e+00
7	0	15	1	1	3	5.84300e+00	-2.30730e+00	3.11320e+00
7	0	16	1	1	3	5.84300e+00	-2.30730e+00	3.11320e+00
7	0	17	1	1	3	5.84300e+00	-2.30730e+00	3.11320e+00
7	0	18	1	1	3	5.84300e+00	-2.30730e+00	3.11320e+00
7	0	19	1	1	3	6.18741e-01	1.99860e-03	4.90831e-01
7	0	20	1	1	3	5.75901e-01	1.04210e-03	4.72509e-01
7	0	21	1	1	3	9.41046e-01	1.99890e-03	7.79357e-01
7	0	22	1	1	3	4.84266e-01	-1.95590e-03	3.99786e-01
7	0	23	1	1	3	8.97714e-01	1.99860e-03	7.56300e-01
#######################################################################
# BFT U                                                               #
#######################################################################
110	0	0	0	2	3	-7.87203e-04	-2.26501e-01	1.03154e+01
110	0	1	0	2	3	-1.41047e-02	8.35964e-01	-1.04742e+01
110	0	2	0	2	3	3.28853e-04	-2.86328e-01	1.06888e+01
110	0	3	0	2	3	-4.06605e-03	2.97200e-02	4.33657e+00
110	0	4	0	2	3	-1.93888e-03	-1.30333e-01	8.50319e+00
110	0	5	0	2	3	-1.14707e-03	-1.83739e-01	9.90719e+00
110	0	6	0	2	3	3.23059e-03	-5.19285e-01	1.50332e+01
110	0	7	0	2	3	-8.36984e-04	-2.12077e-01	9.15662e+00
110	0	8	0	2	3	4.78142e-03	-6.28569e-01	1.70758e+01
110	0	9	0	2	3	4.83872e-03	-6.27034e-01	1.73790e+01
110	0	10	0	2	3	3.80645e-03	-5.64411e-01	1.62093e+01
110	0	11	0	2	3	3.29863e-03	-5.13648e-01	1.53384e+01
110	0	12	0	2	3	3.14200e-03	-5.09491e-01	1.44714e+01
110	0	13	0	2	3	3.99409e-03	-5.70332e-01	1.64964e+01
110	0	14	0	2	3	3.46411e-03	-5.35000e-01	1.47870e+01
110	0	15	0	2	3	1.83161e-03	-4.12037e-01	1.36418e+01
110	0	16	0	2	3	3.80904e-03	-5.51057e-01	1.48743e+01
110	0	17	0	2	3	2.18497e-03	-4.26257e-01	1.42681e+01
110	0	18	0	2	3	3.20281e-03	-5.21606e-01	1.45211e+01
110	0	19	0	2	3	5.04413e-03	-6.45848e-01	1.64083e+01
110	0	20	0	2	3	2.40155e-03	-4.56870e-01	1.38448e+01
110	0	21	0	2	3	-1.18518e-03	-1.73662e-01	9.93019e+00
110	0	22	0	2	3	3.93518e-03	-5.73266e-01	1.58376e+01
110	0	23	0	2	3	3.10156e-03	-4.87267e-01	1.43570e+01
110	0	24	0	2	3	3.46590e-03	-5.31470e-01	1.54082e+01
110	0	25	0	2	3	3.52617e-03	-5.20530e-01	1.55275e+01
110	0	26	0	2	3	3.37602e-03	-5.26449e-01	1.59166e+01
110	0	27	0	2	3	5.05910e-03	-6.36471e-01	1.70583e+01
110	0	28	0	2	3	2.88721e-03	-4.96849e-01	1.40642e+01
110	0	29	0	2	3	4.15321e-03	-5.65039e-01	1.62484e+01
110	0	30	0	2	3	2.96325e-03	-4.96885e-01	1.52089e+01
110	0	31	0	2	3	3.72282e-03	-5.50810e-01	1.67360e+01
110	0	32	0	2	3	3.85630e-03	-5.73146e-01	1.60532e+01
110	0	33	0	2	3	4.18294e-03	-5.60653e-01	1.39863e+01
110	0	34	0	2	3	3.70506e-03	-5.53248e-01	1.62939e+01
110	0	35	0	2	3	5.07307e-03	-6.58882e-01	1.87288e+01
110	0	36	0	2	3	3.94310e-03	-5.59289e-01	1.51866e+01
110	0	37	0	2	3	3.39284e-03	-5.27904e-01	1.62073e+01
110	0	38	0	2	3	4.58887e-03	-6.05010e-01	1.64589e+01
110	0	39	0	2	3	4.92096e-03	-6.36871e-01	1.78922e+01
110	0	40	0	2	3	3.65154e-03	-5.40261e-01	1.47566e+01
110	0	41	0	2	3	3.81751e-03	-5.54351e-01	1.64638e+01
110	0	42	0	2	3	4.17608e-03	-5.76910e-01	1.59276e+01
110	0	43	0	2	3	4.21894e-03	-5.93401e-01	1.78225e+01
110	0	44	0	2	3	3.58764e-03	-5.45939e-01	1.51366e+01
110	0	45	0	2	3	4.49306e-03	-5.97209e-01	1.66843e+01
110	0	46	0	2	3	3.89060e-03	-5.72684e-01	1.67867e+01
110	0	47	0	2	3	5.15583e-03	-6.64005e-01	1.92016e+01
110	0	48	0	2	3	3.76991e-03	-5.49839e-01	1.50945e+01
110	0	49	0	2	3	4.63945e-03	-6.14982e-01	1.76013e+01
110	0	50	0	2	3	4.54237e-03	-6.09395e-01	1.65695e+01
110	0	51	0	2	3	4.97222e-03	-6.39322e-01	1.78790e+01
110	0	52	0	2	3	3.56698e-03	-5.35121e-01	1.54177e+01
110	0	53	0	2	3	4.56747e-03	-6.04761e-01	1.71566e+01
110	0	54	0	2	3	4.27480e-03	-5.91212e-01	1.69007e+01
110	0	55	0	2	3	4.84882e-03	-6.30014e-01	1.76447e+01
110	0	56	0	2	3	3.44151e-03	-5.43860e-01	1.61521e+01
110	0	57	0	2	3	4.55843e-03	-6.09566e-01	1.79865e+01
110	0	58	0	2	3	4.09880e-03	-5.82203e-01	1.68693e+01
110	0	59	0	2	3	4.34491e-03	-6.10023e-01	1.84108e+01
110	0	60	0	2	3	3.80259e-03	-5.62960e-01	1.51523e+01
110	0	61	0	2	3	3.69947e-03	-5.45279e-01	1.65434e+01
110	0	62	0	2	3	4.71970e-03	-6.21367e-01	1.63547e+01
110	0	63	0	2	3	4.11790e-03	-5.80757e-01	1.61501e+01
110	0	64	0	2	3	3.99247e-03	-5.76905e-01	1.60392e+01
110	0	65	0	2	3	4.28607e-03	-5.93209e-01	1.64254e+01
110	0	66	0	2	3	4.59182e-03	-6.31781e-01	1.82695e+01
110	0	67	0	2	3	3.95696e-03	-5.71913e-01	1.62326e+01
110	0	68	0	2	3	4.01532e-03	-5.90422e-01	1.69063e+01
110	0	69	0	2	3	4.28744e-03	-5.90337e-01	1.68879e+01
110	0	70	0	2	3	4.18550e-03	-6.04696e-01	1.71198e+01
110	0	71	0	2	3	4.27059e-03	-5.96721e-01	1.74723e+01
110	0	72	0	2	3	3.79458e-03	-5.67553e-01	1.62844e+01
110	0	73	0	2	3	4.33414e-03	-6.00268e-01	1.69268e+01
110	0	74	0	2	3	4.48167e-03	-6.22450e-01	1.73463e+01
110	0	75	0	2	3	4.52535e-03	-6.08862e-01	1.72970e+01
110	0	76	0	2	3	3.80028e-03	-5.60829e-01	1.62140e+01
110	0	77	0	2	3	3.63848e-03	-5.48525e-01	1.66404e+01
110	0	78	0	2	3	4.24684e-03	-6.05941e-01	1.74351e+01
110	0	79	0	2	3	4.68062e-03	-6.18413e-01	1.64057e+01
110	0	80	0	2	3	3.82597e-03	-5.65508e-01	1.64208e+01
110	0	81	0	2	3	4.28909e-03	-5.84092e-01	1.68441e+01
110	0	82	0	2	3	4.31028e-03	-5.96222e-01	1.64623e+01
110	0	83	0	2	3	4.96454e-03	-6.44340e-01	1.78289e+01
110	0	84	0	2	3	3.48134e-03	-5.38508e-01	1.63980e+01
110	0	85	0	2	3	4.28916e-03	-5.91237e-01	1.63799e+01
110	0	86	0	2	3	4.60171e-03	-6.30961e-01	1.78614e+01
110	0	87	0	2	3	4.76383e-03	-6.41027e-01	1.86836e+01
110	0	88	0	2	3	3.68179e-03	-5.47516e-01	1.58978e+01
110	0	89	0	2	3	4.29671e-03	-5.93905e-01	1.70078e+01
110	0	90	0	2	3	4.22332e-03	-5.94645e-01	1.69333e+01
110	0	91	0	2	3	4.77669e-03	-6.37046e-01	1.74024e+01
110	0	92	0	2	3	3.97418e-03	-5.86482e-01	1.77106e+01
110	0	93	0	2	3	3.69782e-03	-5.49401e-01	1.59863e+01
110	0	94	0	2	3	3.72208e-03	-5.79740e-01	1.76601e+01
110	0	95	0	2	3	4.27873e-03	-6.00004e-01	1.75983e+01
110	0	96	0	2	3	3.74998e-03	-5.68429e-01	1.70099e+01
110	0	97	0	2	3	4.04020e-03	-5.78104e-01	1.63311e+01
110	0	98	0	2	3	4.35945e-03	-6.15782e-01	1.78365e+01
110	0	99	0	2	3	4.37281e-03	-5.98239e-01	1.63087e+01
110	0	100	0	2	3	4.03903e-03	-5.81532e-01	1.67149e+01
110	0	101	0	2	3	3.78396e-03	-5.58064e-01	1.58636e+01
110	0	102	0	2	3	4.42713e-03	-6.16004e-01	1.76359e+01
110	0	103	0	2	3	4.32130e-03	-6.00337e-01	1.71978e+01
110	0	104	0	2	3	3.97855e-03	-5.78251e-01	1.57910e+01
110	0	105	0	2	3	4.27088e-03	-5.87400e-01	1.67490e+01
110	0	106	0	2	3	4.15961e-03	-5.93225e-01	1.71500e+01
110	0	107	0	2	3	4.68106e-03	-6.17770e-01	1.68098e+01
110	0	108	0	2	3	4.05904e-03	-5.86368e-01	1.68008e+01
110	0	109	0	2	3	4.10095e-03	-5.79300e-01	1.65402e+01
110	0	110	0	2	3	4.08280e-03	-5.90274e-01	1.69234e+01
110	0	111	0	2	3	4.91170e-03	-6.49553e-01	1.80359e+01
110	0	112	0	2	3	3.75360e-03	-5.58289e-01	1.60833e+01
110	0	113	0	2	3	4.13959e-03	-5.80859e-01	1.65974e+01
110	0	114	0	2	3	4.03747e-03	-5.89346e-01	1.70528e+01
110	0	115	0	2	3	4.79248e-03	-6.28061e-01	1.74014e+01
110	0	116	0	2	3	3.18598e-03	-5.26140e-01	1.64652e+01
110	0	117	0	2	3	4.13748e-03	-5.90847e-01	1.69319e+01
110	0	118	0	2	3	4.19977e-03	-6.04956e-01	1.76281e+01
110	0	119	0	2	3	5.53364e-03	-6.77923e-01	1.73829e+01
110	0	120	0	2	3	3.93879e-03	-5.89941e-01	1.68736e+01
110	0	121	0	2	3	2.87678e-03	-4.90924e-01	1.37523e+01
110	0	122	0	2	3	3.68467e-03	-5.62582e-01	1.73490e+01
110	0	123	0	2	3	3.75866e-03	-5.57532e-01	1.65582e+01
110	0	124	0	2	3	3.10185e-03	-5.14657e-01	1.59197e+01
110	0	125	0	2	3	3.78080e-03	-5.56317e-01	1.43488e+01
110	0	126	0	2	3	1.00800e-03	-3.54721e-01	1.22601e+01
110	0	127	0	2	3	5.13096e-03	-6.57165e-01	1.71036e+01
110	0	128	0	2	3	3.10769e-03	-5.55310e-01	1.75258e+01
110	0	129	0	2	3	3.64948e-03	-5.73780e-01	1.71964e+01
110	0	130	0	2	3	3.60819e-03	-5.83644e-01	1.79732e+01
110	0	131	0	2	3	3.27376e-03	-5.29216e-01	1.73430e+01
110	0	132	0	2	3	3.03516e-03	-5.27682e-01	1.71011e+01
110	0	133	0	2	3	2.32331e-03	-4.56782e-01	1.50322e+01
110	0	134	0	2	3	2.74124e-03	-5.15970e-01	1.65127e+01
110	0	135	0	2	3	3.92124e-03	-5.76057e-01	1.74880e+01
110	0	136	0	2	3	2.84489e-03	-5.08098e-01	1.54863e+01
110	0	137	0	2	3	-5.44768e-03	1.37139e-01	4.08787e+00
110	0	138	0	2	3	-6.46449e-03	1.97458e-01	3.06883e+00
110	0	139	0	2	3	2.03417e-03	-4.55151e-01	1.51101e+01
110	0	140	0	2	3	-1.81791e-04	-2.91526e-01	1.28188e+01
110	0	141	0	2	3	-1.45699e-03	-1.92763e-01	9.62320e+00
110	0	142	0	2	3	-1.70188e-03	-1.69596e-01	1.07135e+01
110	0	143	0	2	3	3.34366e-03	-5.55677e-01	1.66934e+01
110	0	144	0	2	3	-4.54256e-03	4.51004e-02	5.94224e+00
110	0	145	0	2	3	2.35790e-03	-4.51873e-01	1.46293e+01
110	0	146	0	2	3	-9.39601e-03	4.06719e-01	-8.60932e-01
110	0	147	0	2	3	4.46009e-03	-6.16928e-01	1.71605e+01
110	0	148	0	2	3	6.53923e-03	-7.99989e-01	2.21197e+01
110	0	149	0	2	3	4.27494e-03	-5.92109e-01	1.72644e+01
110	0	150	0	2	3	2.63911e-03	-4.92795e-01	1.58845e+01
110	0	151	0	2	3	2.52391e-03	-5.07183e-01	1.64029e+01
110	0	152	0	2	3	-5.39632e-03	1.36440e-01	4.05986e+00
110	0	153	0	2	3	2.30334e-03	-4.97530e-01	1.66456e+01
110	0	154	0	2	3	1.85506e-03	-4.25307e-01	1.37954e+01
110	0	155	0	2	3	4.81492e-03	-6.51321e-01	1.80540e+01
110	0	156	0	2	3	-2.53984e-02	1.76636e+00	-2.93397e+01
110	0	157	0	2	3	-1.95384e-03	-1.64976e-01	1.11971e+01
110	0	158	0	2	3	-6.24179e-03	1.73034e-01	4.19361e+00
110	0	159	0	2	3	-4.89328e-03	6.55754e-02	5.30912e+00
#######################################################################
# BFT D                                                               #
#######################################################################
110	1	0	0	2	3	-8.23383e-03	3.33164e-01	5.46983e-01
110	1	1	0	2	3	-1.58597e-02	1.02812e+00	-1.45473e+01
110	1	2	0	2	3	6.37771e-03	-7.66282e-01	1.98933e+01
110	1	3	0	2	3	-5.50813e-03	1.62544e-01	2.76011e+00
110	1	4	0	2	3	3.62704e-03	-5.64281e-01	1.62092e+01
110	1	5	0	2	3	1.56273e-03	-4.14298e-01	1.46118e+01
110	1	6	0	2	3	3.64687e-03	-5.57294e-01	1.58155e+01
110	1	7	0	2	3	4.98249e-03	-6.46640e-01	1.77569e+01
110	1	8	0	2	3	2.32504e-03	-4.64683e-01	1.45197e+01
110	1	9	0	2	3	-6.34121e-03	2.10310e-01	3.13525e+00
110	1	10	0	2	3	4.13115e-03	-5.92026e-01	1.65580e+01
110	1	11	0	2	3	3.47641e-03	-5.39132e-01	1.67583e+01
110	1	12	0	2	3	4.07764e-03	-5.82203e-01	1.66244e+01
110	1	13	0	2	3	6.44473e-04	-3.20606e-01	1.23274e+01
110	1	14	0	2	3	4.31770e-03	-6.00423e-01	1.67388e+01
110	1	15	0	2	3	1.98792e-03	-4.26799e-01	1.43176e+01
110	1	16	0	2	3	2.20618e-03	-4.51617e-01	1.44997e+01
110	1	17	0	2	3	4.04680e-03	-5.83903e-01	1.65741e+01
110	1	18	0	2	3	3.99475e-03	-5.85310e-01	1.63388e+01
110	1	19	0	2	3	4.60516e-03	-6.14248e-01	1.82389e+01
110	1	20	0	2	3	4.72135e-03	-6.43083e-01	1.83345e+01
110	1	21	0	2	3	2.60560e-03	-4.87214e-01	1.63212e+01
110	1	22	0	2	3	3.04792e-03	-5.10688e-01	1.55309e+01
110	1	23	0	2	3	4.17427e-03	-5.85603e-01	1.70904e+01
110	1	24	0	2	3	2.70187e-03	-4.93405e-01	1.52652e+01
110	1	25	0	2	3	3.04953e-03	-5.08408e-01	1.58461e+01
110	1	26	0	2	3	3.21241e-03	-5.27514e-01	1.56369e+01
110	1	27	0	2	3	3.44330e-03	-5.32045e-01	1.68831e+01
110	1	28	0	2	3	3.52932e-03	-5.50522e-01	1.60481e+01
110	1	29	0	2	3	3.16364e-03	-5.17419e-01	1.61742e+01
110	1	30	0	2	3	3.50585e-03	-5.48517e-01	1.62924e+01
110	1	31	0	2	3	3.70985e-03	-5.65432e-01	1.72145e+01
110	1	32	0	2	3	4.32154e-03	-6.11302e-01	1.77237e+01
110	1	33	0	2	3	3.01731e-03	-5.09210e-01	1.48870e+01
110	1	34	0	2	3	3.99524e-03	-5.74181e-01	1.51654e+01
110	1	35	0	2	3	3.65321e-03	-5.68170e-01	1.73260e+01
110	1	36	0	2	3	3.84736e-03	-5.61816e-01	1.61550e+01
110	1	37	0	2	3	3.51466e-03	-5.37426e-01	1.55820e+01
110	1	38	0	2	3	4.23202e-03	-6.01352e-01	1.72134e+01
110	1	39	0	2	3	4.15507e-03	-5.81764e-01	1.73325e+01
110	1	40	0	2	3	3.68760e-03	-5.50532e-01	1.58305e+01
110	1	41	0	2	3	3.61193e-03	-5.47491e-01	1.62308e+01
110	1	42	0	2	3	3.95311e-03	-5.66822e-01	1.55731e+01
110	1	43	0	2	3	4.03135e-03	-5.78183e-01	1.75405e+01
110	1	44	0	2	3	3.59418e-03	-5.51480e-01	1.60170e+01
110	1	45	0	2	3	3.92103e-03	-5.72572e-01	1.69366e+01
110	1	46	0	2	3	4.02110e-03	-5.83856e-01	1.65837e+01
110	1	47	0	2	3	4.04885e-03	-6.00841e-01	1.84637e+01
110	1	48	0	2	3	3.99154e-03	-5.77580e-01	1.61985e+01
110	1	49	0	2	3	3.69238e-03	-5.51870e-01	1.68108e+01
110	1	50	0	2	3	4.28293e-03	-6.00844e-01	1.65897e+01
110	1	51	0	2	3	4.39209e-03	-6.08160e-01	1.75468e+01
110	1	52	0	2	3	3.86997e-03	-5.79551e-01	1.65552e+01
110	1	53	0	2	3	3.61908e-03	-5.49889e-01	1.67849e+01
110	1	54	0	2	3	4.27879e-03	-6.11747e-01	1.71338e+01
110	1	55	0	2	3	4.37910e-03	-6.05441e-01	1.75854e+01
110	1	56	0	2	3	3.92828e-03	-5.90279e-01	1.68757e+01
110	1	57	0	2	3	4.25486e-03	-5.99713e-01	1.72651e+01
110	1	58	0	2	3	4.36536e-03	-6.22829e-01	1.83406e+01
110	1	59	0	2	3	4.23724e-03	-6.09628e-01	1.88252e+01
110	1	60	0	2	3	3.90605e-03	-5.78779e-01	1.63795e+01
110	1	61	0	2	3	4.06239e-03	-5.72184e-01	1.72621e+01
110	1	62	0	2	3	4.23305e-03	-5.99921e-01	1.66919e+01
110	1	63	0	2	3	4.53960e-03	-6.20420e-01	1.79728e+01
110	1	64	0	2	3	3.82266e-03	-5.74021e-01	1.66447e+01
110	1	65	0	2	3	4.42263e-03	-6.08218e-01	1.69908e+01
110	1	66	0	2	3	4.50327e-03	-6.27839e-01	1.73150e+01
110	1	67	0	2	3	4.47481e-03	-6.15424e-01	1.72363e+01
110	1	68	0	2	3	3.32842e-03	-5.26657e-01	1.51505e+01
110	1	69	0	2	3	4.08528e-03	-5.86708e-01	1.67533e+01
110	1	70	0	2	3	3.94274e-03	-5.78747e-01	1.64938e+01
110	1	71	0	2	3	4.38420e-03	-6.17223e-01	1.76122e+01
110	1	72	0	2	3	3.82137e-03	-5.67043e-01	1.68115e+01
110	1	73	0	2	3	3.95698e-03	-5.84897e-01	1.75506e+01
110	1	74	0	2	3	4.10504e-03	-5.86230e-01	1.63180e+01
110	1	75	0	2	3	4.39688e-03	-6.15729e-01	1.69948e+01
110	1	76	0	2	3	3.41920e-03	-5.38035e-01	1.61480e+01
110	1	77	0	2	3	3.98095e-03	-5.84510e-01	1.74527e+01
110	1	78	0	2	3	4.08144e-03	-5.88825e-01	1.64050e+01
110	1	79	0	2	3	4.38045e-03	-6.07183e-01	1.66936e+01
110	1	80	0	2	3	3.90145e-03	-5.69897e-01	1.65893e+01
110	1	81	0	2	3	4.04541e-03	-5.80880e-01	1.65601e+01
110	1	82	0	2	3	4.62017e-03	-6.25095e-01	1.75217e+01
110	1	83	0	2	3	4.39136e-03	-5.96018e-01	1.60628e+01
110	1	84	0	2	3	3.66565e-03	-5.43122e-01	1.55508e+01
110	1	85	0	2	3	3.60199e-03	-5.48882e-01	1.62859e+01
110	1	86	0	2	3	3.83699e-03	-5.73724e-01	1.64606e+01
110	1	87	0	2	3	4.50909e-03	-6.03832e-01	1.58972e+01
110	1	88	0	2	3	3.51595e-03	-5.48792e-01	1.67892e+01
110	1	89	0	2	3	3.73919e-03	-5.64272e-01	1.62747e+01
110	1	90	0	2	3	4.03137e-03	-5.83112e-01	1.64679e+01
110	1	91	0	2	3	4.30945e-03	-5.96155e-01	1.65967e+01
110	1	92	0	2	3	3.47033e-03	-5.37791e-01	1.61089e+01
110	1	93	0	2	3	4.28525e-03	-5.97353e-01	1.63171e+01
110	1	94	0	2	3	4.01980e-03	-5.86550e-01	1.67591e+01
110	1	95	0	2	3	4.06147e-03	-5.90390e-01	1.69905e+01
110	1	96	0	2	3	3.82472e-03	-5.61659e-01	1.61522e+01
110	1	97	0	2	3	4.18097e-03	-5.88391e-01	1.65640e+01
110	1	98	0	2	3	4.27971e-03	-6.18823e-01	1.76869e+01
110	1	99	0	2	3	4.54561e-03	-6.16680e-01	1.74337e+01
110	1	100	0	2	3	3.97656e-03	-5.66197e-01	1.57952e+01
110	1	101	0	2	3	3.86662e-03	-5.65549e-01	1.60717e+01
110	1	102	0	2	3	4.09978e-03	-5.94369e-01	1.73225e+01
110	1	103	0	2	3	4.53357e-03	-6.16503e-01	1.73779e+01
110	1	104	0	2	3	3.81115e-03	-5.65325e-01	1.68072e+01
110	1	105	0	2	3	4.48168e-03	-6.10803e-01	1.66487e+01
110	1	106	0	2	3	3.67470e-03	-5.63620e-01	1.66270e+01
110	1	107	0	2	3	4.63175e-03	-6.24673e-01	1.67072e+01
110	1	108	0	2	3	3.86842e-03	-5.70592e-01	1.66883e+01
110	1	109	0	2	3	3.49640e-03	-5.45832e-01	1.61382e+01
110	1	110	0	2	3	4.07863e-03	-5.94169e-01	1.64388e+01
110	1	111	0	2	3	4.74289e-03	-6.42934e-01	1.84059e+01
110	1	112	0	2	3	3.50523e-03	-5.44744e-01	1.63094e+01
110	1	113	0	2	3	3.67449e-03	-5.55136e-01	1.68160e+01
110	1	114	0	2	3	4.80478e-03	-6.43046e-01	1.78354e+01
110	1	115	0	2	3	4.39451e-03	-6.06195e-01	1.73848e+01
110	1	116	0	2	3	3.85755e-03	-5.75054e-01	1.71188e+01
110	1	117	0	2	3	3.79466e-03	-5.61039e-01	1.58490e+01
110	1	118	0	2	3	3.94762e-03	-5.79740e-01	1.52485e+01
110	1	119	0	2	3	4.30844e-03	-5.96474e-01	1.65462e+01
110	1	120	0	2	3	2.96719e-03	-5.06563e-01	1.56030e+01
110	1	121	0	2	3	3.59983e-03	-5.41930e-01	1.62158e+01
110	1	122	0	2	3	3.06647e-03	-5.22547e-01	1.72989e+01
110	1	123	0	2	3	4.93274e-03	-6.67577e-01	1.94458e+01
110	1	124	0	2	3	3.28042e-03	-5.31372e-01	1.58296e+01
110	1	125	0	2	3	2.65562e-03	-4.88805e-01	1.48596e+01
110	1	126	0	2	3	5.31975e-03	-6.68861e-01	1.76352e+01
110	1	127	0	2	3	4.13795e-03	-5.86249e-01	1.72453e+01
110	1	128	0	2	3	5.46295e-03	-7.30855e-01	2.10648e+01
110	1	129	0	2	3	4.98314e-03	-6.71550e-01	1.94514e+01
110	1	130	0	2	3	2.92076e-03	-5.17768e-01	1.58386e+01
110	1	131	0	2	3	1.07659e-03	-3.69077e-01	1.33932e+01
110	1	132	0	2	3	3.34518e-03	-5.33704e-01	1.68882e+01
110	1	133	0	2	3	5.17886e-03	-6.80213e-01	1.90152e+01
110	1	134	0	2	3	4.48520e-03	-6.39625e-01	1.81152e+01
110	1	135	0	2	3	4.63135e-03	-6.26919e-01	1.72578e+01
110	1	136	0	2	3	2.81722e-03	-5.13914e-01	1.71508e+01
110	1	137	0	2	3	2.97851e-03	-5.27852e-01	1.58635e+01
110	1	138	0	2	3	-4.94909e-04	-2.70105e-01	1.19722e+01
110	1	139	0	2	3	3.78269e-03	-5.65507e-01	1.62139e+01
110	1	140	0	2	3	4.09834e-03	-6.11002e-01	1.80144e+01
110	1	141	0	2	3	2.50669e-03	-4.81280e-01	1.53204e+01
110	1	142	0	2	3	2.74070e-03	-4.92040e-01	1.52007e+01
110	1	143	0	2	3	3.42054e-03	-5.47420e-01	1.72592e+01
110	1	144	0	2	3	2.85290e-04	-3.35803e-01	1.32946e+01
110	1	145	0	2	3	3.76494e-03	-5.53744e-01	1.55749e+01
110	1	146	0	2	3	-3.25101e-03	-5.70158e-02	7.73946e+00
110	1	147	0	2	3	6.21306e-03	-7.41979e-01	1.91954e+01
110	1	148	0	2	3	3.00727e-03	-5.24698e-01	1.58648e+01
110	1	149	0	2	3	1.56193e-03	-4.07279e-01	1.36430e+01
110	1	150	0	2	3	5.81523e-03	-7.22030e-01	1.92875e+01
110	1	151	0	2	3	4.02545e-03	-5.74616e-01	1.67406e+01
110	1	152	0	2	3	-4.64861e-03	8.49021e-02	4.29842e+00
110	1	153	0	2	3	-4.18879e-03	4.18269e-02	6.31738e+00
110	1	154	0	2	3	3.36396e-03	-5.59929e-01	1.66164e+01
110	1	155	0	2	3	1.69539e-03	-4.26733e-01	1.44266e+01
110	1	156	0	2	3	2.56474e-03	-4.86729e-01	1.50534e+01
110	1	157	0	2	3	4.48427e-03	-5.99605e-01	1.67800e+01
110	1	158	0	2	3	-4.71315e-03	6.24476e-02	6.19869e+00
110	1	159	0	2	3	2.36718e-04	-3.47098e-01	1.39622e+01
