##
#  file: HodoPHCParam_Dummy
#  date: 2016.06.15
#  note: first version
#
#
#######################################################################
# CId	PlId	Seg	UorD	Type	nParam	p0	p1	...
#
#	Type=0 no correction will be performed
#	Type=1 ct=t-p[0]/sqrt(a-p[1])+p[2]
#	Type=2 ct=p[0]*a*a + p[1]*a + p[2] for Fiber
#
#######################################################################
# BH1 Up                                                              #
#######################################################################
1	0	0	0	1	3	5.08705e+00	-1.98362e+00	2.93454e+00
1	0	1	0	1	3	6.69706e-01	2.91546e-01	8.10244e-01
1	0	2	0	1	3	5.01779e-01	3.94271e-01	6.64278e-01
1	0	3	0	1	3	7.45330e-01	1.66754e-01	8.56036e-01
1	0	4	0	1	3	8.52890e-01	8.60054e-02	9.27134e-01
1	0	5	0	1	3	1.69981e+00	-1.50393e-01	1.62794e+00
1	0	6	0	1	3	1.58582e+00	-2.35346e-01	1.46587e+00
1	0	7	0	1	3	1.61970e+00	-1.46184e-01	1.54504e+00
1	0	8	0	1	3	1.37546e+00	-2.52696e-01	1.28233e+00
1	0	9	0	1	3	1.74814e+00	-2.76223e-01	1.64100e+00
1	0	10	0	1	3	1.60339e+01	-4.62629e+00	6.81205e+00
#######################################################################
# BH1 Down                                                            #
#######################################################################
1	0	0	1	1	3	1.33519e+00	-9.13138e-02	1.27257e+00
1	0	1	1	1	3	6.24909e-01	2.88647e-01	7.65429e-01
1	0	2	1	1	3	6.68954e-01	2.21542e-01	7.45264e-01
1	0	3	1	1	3	1.32364e+00	-4.57464e-01	1.08318e+00
1	0	4	1	1	3	1.18002e+00	-7.91080e-02	1.17008e+00
1	0	5	1	1	3	2.07299e+00	-4.79828e-01	1.70935e+00
1	0	6	1	1	3	1.96000e+00	-5.20196e-01	1.63958e+00
1	0	7	1	1	3	1.89852e+00	-4.50289e-01	1.60743e+00
1	0	8	1	1	3	1.02469e+00	-6.73213e-02	1.04734e+00
1	0	9	1	1	3	1.64894e+00	-1.85977e-01	1.61292e+00
1	0	10	1	1	3	7.15603e-01	2.22738e-01	8.54972e-01
#######################################################################
# BH2 Up                                                              #
#######################################################################
2	0	0	0	1	3	1.43047e-01	2.98695e-01	2.00085e-01
2	0	1	0	1	3	8.79554e-01	-2.31747e-01	7.85839e-01
2	0	2	0	1	3	5.94572e-01	-4.97541e-01	4.68956e-01
2	0	3	0	1	3	1.91725e-01	3.94747e-02	1.91115e-01
2	0	4	0	1	3	3.31184e-01	-9.38469e-02	3.15823e-01
2	0	5	0	1	3	1.99769e-01	2.70254e-01	2.37321e-01
2	0	6	0	1	3	2.58948e-01	2.41832e-01	3.10133e-01
2	0	7	0	1	3	3.50426e-01	8.80094e-02	3.70898e-01
#######################################################################
# BH2 Down                                                            #
#######################################################################
2	0	0	1	1	3	3.94607e-01	-1.85207e-01	3.84440e-01
2	0	1	1	1	3	9.92155e-01	-3.85817e-01	8.32122e-01
2	0	2	1	1	3	4.10986e-01	-9.27803e-02	3.90143e-01
2	0	3	1	1	3	1.76416e-01	4.84160e-02	1.75490e-01
2	0	4	1	1	3	2.42956e-01	1.23979e-01	2.64593e-01
2	0	5	1	1	3	3.57967e-01	4.32013e-02	3.63973e-01
2	0	6	1	1	3	1.22093e+00	-6.67168e-01	9.30075e-01
2	0	7	1	1	3	2.92156e-01	-4.36810e-03	2.98702e-01
#######################################################################
# BAC                                                                 #
#######################################################################
3	0	0	0	1	3	0.00000e+00	0.00000e+00	0.00000e+00
3	0	1	0	1	3	0.00000e+00	0.00000e+00	0.00000e+00
#######################################################################
# FBH Up                                                              #
#######################################################################
4	0	0	0	2	3	-5.62952e-03	8.96903e-01	-3.53273e+01
4	0	1	0	2	3	-4.29399e-03	7.37975e-01	-3.00049e+01
4	0	2	0	2	3	-5.26894e-03	8.67305e-01	-3.38992e+01
4	0	3	0	2	3	-3.80183e-03	6.69237e-01	-2.72260e+01
4	0	4	0	2	3	-4.35014e-03	7.35785e-01	-2.92008e+01
4	0	5	0	2	3	-4.02541e-03	6.86907e-01	-2.70312e+01
4	0	6	0	2	3	-4.16660e-03	7.08229e-01	-2.81512e+01
4	0	7	0	2	3	-3.93117e-03	6.84759e-01	-2.69101e+01
4	0	8	0	2	3	-4.14423e-03	6.96902e-01	-2.65883e+01
4	0	9	0	2	3	-2.83372e-03	5.62925e-01	-2.20787e+01
4	0	10	0	2	3	-4.07944e-03	7.09420e-01	-2.75603e+01
4	0	11	0	2	3	-3.50961e-03	6.50113e-01	-2.64167e+01
4	0	12	0	2	3	-3.52415e-03	6.49734e-01	-2.67232e+01
4	0	13	0	2	3	-4.13420e-03	7.26957e-01	-2.99675e+01
4	0	14	0	2	3	-4.90315e-03	8.27563e-01	-3.35630e+01
4	0	15	0	2	3	-4.73048e-03	8.13189e-01	-3.31901e+01
#######################################################################
# FBH Down                                                            #
#######################################################################
4	0	0	1	2	3	-5.62952e-03	8.96903e-01	-3.53273e+01
4	0	1	1	2	3	-4.29399e-03	7.37975e-01	-3.00049e+01
4	0	2	1	2	3	-5.26894e-03	8.67305e-01	-3.38992e+01
4	0	3	1	2	3	-3.80183e-03	6.69237e-01	-2.72260e+01
4	0	4	1	2	3	-4.35014e-03	7.35785e-01	-2.92008e+01
4	0	5	1	2	3	-4.02541e-03	6.86907e-01	-2.70312e+01
4	0	6	1	2	3	-4.16660e-03	7.08229e-01	-2.81512e+01
4	0	7	1	2	3	-3.93117e-03	6.84759e-01	-2.69101e+01
4	0	8	1	2	3	-4.14423e-03	6.96902e-01	-2.65883e+01
4	0	9	1	2	3	-2.83372e-03	5.62925e-01	-2.20787e+01
4	0	10	1	2	3	-4.07944e-03	7.09420e-01	-2.75603e+01
4	0	11	1	2	3	-3.50961e-03	6.50113e-01	-2.64167e+01
4	0	12	1	2	3	-3.52415e-03	6.49734e-01	-2.67232e+01
4	0	13	1	2	3	-4.13420e-03	7.26957e-01	-2.99675e+01
4	0	14	1	2	3	-4.90315e-03	8.27563e-01	-3.35630e+01
4	0	15	1	2	3	-4.73048e-03	8.13189e-01	-3.31901e+01
#######################################################################
# PVAC                                                                #
#######################################################################
5	0	0	0	1	3	0.00000e+00	0.00000e+00	0.00000e+00
#######################################################################
# FAC                                                                 #
#######################################################################
6	0	0	0	1	3	0.00000e+00	0.00000e+00	0.00000e+00
#######################################################################
# SCH                                                                 #
#######################################################################
#7	0	0	0	2	3	-0.00500000	0.821213	-32.185321
#7	0	1	0	2	3	-0.00500000	0.830248	-32.269563
#7	0	2	0	2	3	-0.00500000	0.793073	-29.315934
#7	0	3	0	2	3	-0.00500000	0.772144	-28.276705
#7	0	4	0	2	3	-0.00500000	0.801968	-30.687167
#7	0	5	0	2	3	-0.00500000	0.778300	-28.439251
#7	0	6	0	2	3	-0.00500000	0.765872	-27.918181
#7	0	7	0	2	3	-0.00500000	0.738459	-26.016797
#7	0	8	0	2	3	-0.00500000	0.778318	-28.676371
#7	0	9	0	2	3	-0.00500000	0.776670	-28.892887
#7	0	10	0	2	3	-0.00500000	0.764278	-28.122474
#7	0	11	0	2	3	-0.00500000	0.790742	-29.423647
#7	0	12	0	2	3	-0.00500000	0.811330	-30.487019
#7	0	13	0	2	3	-0.00500000	0.818750	-30.891512
#7	0	14	0	2	3	-0.00500000	0.802541	-30.009136
#7	0	15	0	2	3	-0.00500000	0.809525	-30.751746
#7	0	16	0	2	3	-0.00500000	0.802597	-30.845509
#7	0	17	0	2	3	-0.00500000	0.835028	-32.780792
#7	0	18	0	2	3	-0.00500000	0.859176	-33.938731
#7	0	19	0	2	3	-0.00500000	0.814851	-31.445396
#7	0	20	0	2	3	-0.00500000	0.809426	-30.781087
#7	0	21	0	2	3	-0.00500000	0.780678	-28.888756
#7	0	22	0	2	3	-0.00500000	0.808206	-30.719604
#7	0	23	0	2	3	-0.00500000	0.774024	-27.858339
#7	0	24	0	2	3	-0.00500000	0.794308	-29.022101
#7	0	25	0	2	3	-0.00500000	0.775649	-27.980186
#7	0	26	0	2	3	-0.00500000	0.788483	-28.687567
#7	0	27	0	2	3	-0.00466315	0.771386	-29.253260
#7	0	28	0	2	3	-0.00483132	0.790854	-28.637741
#7	0	29	0	2	3	-0.00497049	0.812994	-30.786914
#7	0	30	0	2	3	-0.00500000	0.787793	-28.362716
#7	0	31	0	2	3	-0.00500000	0.790759	-28.876812
#7	0	32	0	2	3	-0.00500000	0.824826	-31.655285
#7	0	33	0	2	3	-0.00500000	0.845304	-33.407765
#7	0	34	0	2	3	-0.00500000	0.832263	-32.939799
#7	0	35	0	2	3	-0.00500000	0.820631	-31.695372
#7	0	36	0	2	3	-0.00500000	0.836997	-33.200590
#7	0	37	0	2	3	-0.00500000	0.819690	-32.097193
#7	0	38	0	2	3	-0.00500000	0.808109	-31.263214
#7	0	39	0	2	3	-0.00500000	0.815224	-31.135523
#7	0	40	0	2	3	-0.00500000	0.803398	-29.897923
#7	0	41	0	2	3	-0.00500000	0.815685	-31.165519
#7	0	42	0	2	3	-0.00500000	0.812980	-30.737261
#7	0	43	0	2	3	-0.00500000	0.829418	-32.693307
#7	0	44	0	2	3	-0.00500000	0.789530	-29.464920
#7	0	45	0	2	3	-0.00500000	0.804789	-31.208151
#7	0	46	0	2	3	-0.00500000	0.830106	-32.806514
#7	0	47	0	2	3	-0.00500000	0.819206	-31.373242
#7	0	48	0	2	3	-0.00500000	0.816165	-31.709319
#7	0	49	0	2	3	-0.00500000	0.798496	-30.201709
#7	0	50	0	2	3	-0.00500000	0.812167	-31.795745
#7	0	51	0	2	3	-0.00500000	0.810749	-31.375226
#7	0	52	0	2	3	-0.00500000	0.803385	-31.372512
#7	0	53	0	2	3	-0.00500000	0.777405	-29.262831
#7	0	54	0	2	3	-0.00500000	0.783954	-29.763410
#7	0	55	0	2	3	-0.00500000	0.789443	-29.976449
#7	0	56	0	2	3	-0.00500000	0.838828	-33.261086
#7	0	57	0	2	3	-0.00500000	0.804421	-30.573195
#7	0	58	0	2	3	-0.00500000	0.773283	-29.111048
#7	0	59	0	2	3	-0.00500000	0.811789	-31.449459
#7	0	60	0	2	3	-0.00500000	0.759724	-28.110014
#7	0	61	0	2	3	-0.00500000	0.810884	-31.379063
#7	0	62	0	2	3	-0.00500000	0.771910	-28.435006
#7	0	63	0	2	3	-0.00500000	0.796658	-30.511906
#######################################################################
# TOF Up                                                              #
#######################################################################
7	0	0	0	1	3	5.24830e+00	-1.96630e+00	2.96170e+00
7	0	1	0	1	3	5.24830e+00	-1.96630e+00	2.96170e+00
7	0	2	0	1	3	5.24830e+00	-1.96630e+00	2.96170e+00
7	0	3	0	1	3	5.24830e+00	-1.96630e+00	2.96170e+00
7	0	4	0	1	3	5.24830e+00	-1.96630e+00	2.96170e+00
7	0	5	0	1	3	5.24830e+00	-1.96630e+00	2.96170e+00
7	0	6	0	1	3	6.97090e+00	-3.03520e+00	3.39910e+00
7	0	7	0	1	3	4.05450e+00	-1.96150e+00	2.30360e+00
7	0	8	0	1	3	1.16940e+02	-2.98600e+01	2.09880e+01
7	0	9	0	1	3	5.24830e+00	-1.96630e+00	2.96170e+00
7	0	10	0	1	3	5.24830e+00	-1.96630e+00	2.96170e+00
7	0	11	0	1	3	5.24830e+00	-1.96630e+00	2.96170e+00
7	0	12	0	1	3	5.24830e+00	-1.96630e+00	2.96170e+00
7	0	13	0	1	3	5.24830e+00	-1.96630e+00	2.96170e+00
7	0	14	0	1	3	5.24830e+00	-1.96630e+00	2.96170e+00
7	0	15	0	1	3	5.24830e+00	-1.96630e+00	2.96170e+00
7	0	16	0	1	3	5.24830e+00	-1.96630e+00	2.96170e+00
7	0	17	0	1	3	5.24830e+00	-1.96630e+00	2.96170e+00
7	0	18	0	1	3	5.24830e+00	-1.96630e+00	2.96170e+00
7	0	19	0	1	3	7.11491e-01	1.85180e-03	5.82402e-01
7	0	20	0	1	3	5.59404e-01	-1.73810e-03	4.50716e-01
7	0	21	0	1	3	8.92499e-01	1.99900e-03	7.37364e-01
7	0	22	0	1	3	6.37553e-01	1.99960e-03	5.45449e-01
7	0	23	0	1	3	1.19210e+00	1.98920e-03	9.99994e-01
#######################################################################
# TOF Down                                                            #
#######################################################################
7	0	0	1	1	3	5.84300e+00	-2.30730e+00	3.11320e+00
7	0	1	1	1	3	5.84300e+00	-2.30730e+00	3.11320e+00
7	0	2	1	1	3	5.84300e+00	-2.30730e+00	3.11320e+00
7	0	3	1	1	3	5.84300e+00	-2.30730e+00	3.11320e+00
7	0	4	1	1	3	5.84300e+00	-2.30730e+00	3.11320e+00
7	0	5	1	1	3	5.84300e+00	-2.30730e+00	3.11320e+00
7	0	6	1	1	3	1.41330e+01	-5.81170e+00	5.32680e+00
7	0	7	1	1	3	7.84850e+01	-2.02870e+01	1.69500e+01
7	0	8	1	1	3	2.20240e+02	-3.62440e+01	3.60080e+01
7	0	9	1	1	3	5.84300e+00	-2.30730e+00	3.11320e+00
7	0	10	1	1	3	5.84300e+00	-2.30730e+00	3.11320e+00
7	0	11	1	1	3	5.84300e+00	-2.30730e+00	3.11320e+00
7	0	12	1	1	3	5.84300e+00	-2.30730e+00	3.11320e+00
7	0	13	1	1	3	5.84300e+00	-2.30730e+00	3.11320e+00
7	0	14	1	1	3	5.84300e+00	-2.30730e+00	3.11320e+00
7	0	15	1	1	3	5.84300e+00	-2.30730e+00	3.11320e+00
7	0	16	1	1	3	5.84300e+00	-2.30730e+00	3.11320e+00
7	0	17	1	1	3	5.84300e+00	-2.30730e+00	3.11320e+00
7	0	18	1	1	3	5.84300e+00	-2.30730e+00	3.11320e+00
7	0	19	1	1	3	6.18741e-01	1.99860e-03	4.90831e-01
7	0	20	1	1	3	5.75901e-01	1.04210e-03	4.72509e-01
7	0	21	1	1	3	9.41046e-01	1.99890e-03	7.79357e-01
7	0	22	1	1	3	4.84266e-01	-1.95590e-03	3.99786e-01
7	0	23	1	1	3	8.97714e-01	1.99860e-03	7.56300e-01
#######################################################################
# BFT U                                                               #
#######################################################################
110	0	0	0	2	3	8.23352e-03	-9.00331e-01	2.14651e+01
110	0	1	0	2	3	1.71016e-03	-3.75826e-01	1.10492e+01
110	0	2	0	2	3	4.97518e-03	-6.37877e-01	1.60527e+01
110	0	3	0	2	3	3.56509e-03	-5.45041e-01	1.36297e+01
110	0	4	0	2	3	2.68630e-03	-4.78831e-01	1.36835e+01
110	0	5	0	2	3	4.13432e-03	-5.75566e-01	1.57333e+01
110	0	6	0	2	3	2.67372e-03	-4.84548e-01	1.31814e+01
110	0	7	0	2	3	1.57701e-03	-3.88154e-01	1.20417e+01
110	0	8	0	2	3	2.88188e-03	-5.00253e-01	1.36751e+01
110	0	9	0	2	3	5.60774e-03	-6.81983e-01	1.81041e+01
110	0	10	0	2	3	2.51550e-03	-4.73321e-01	1.24131e+01
110	0	11	0	2	3	2.54670e-03	-4.68091e-01	1.44684e+01
110	0	12	0	2	3	3.75291e-03	-5.57198e-01	1.41011e+01
110	0	13	0	2	3	1.86000e-03	-4.07625e-01	1.31036e+01
110	0	14	0	2	3	2.95987e-03	-5.05346e-01	1.30711e+01
110	0	15	0	2	3	5.30612e-03	-6.57985e-01	1.75644e+01
110	0	16	0	2	3	3.57241e-03	-5.38889e-01	1.33802e+01
110	0	17	0	2	3	3.27784e-03	-5.16522e-01	1.47844e+01
110	0	18	0	2	3	3.13644e-03	-5.19013e-01	1.31723e+01
110	0	19	0	2	3	4.16195e-03	-5.79832e-01	1.39280e+01
110	0	20	0	2	3	3.87650e-03	-5.64848e-01	1.44604e+01
110	0	21	0	2	3	3.98439e-03	-5.59035e-01	1.66864e+01
110	0	22	0	2	3	3.96015e-03	-5.77410e-01	1.46695e+01
110	0	23	0	2	3	4.08548e-03	-5.79711e-01	1.61457e+01
110	0	24	0	2	3	3.56933e-03	-5.43295e-01	1.43977e+01
110	0	25	0	2	3	4.70083e-03	-6.13630e-01	1.70445e+01
110	0	26	0	2	3	3.87417e-03	-5.68984e-01	1.55383e+01
110	0	27	0	2	3	3.88739e-03	-5.57148e-01	1.54498e+01
110	0	28	0	2	3	3.51298e-03	-5.39810e-01	1.25021e+01
110	0	29	0	2	3	4.45261e-03	-5.93313e-01	1.56071e+01
110	0	30	0	2	3	4.54357e-03	-6.10710e-01	1.49454e+01
110	0	31	0	2	3	5.00481e-03	-6.38432e-01	1.69337e+01
110	0	32	0	2	3	3.98189e-03	-5.80716e-01	1.49099e+01
110	0	33	0	2	3	4.28143e-03	-5.62437e-01	1.37058e+01
110	0	34	0	2	3	3.85697e-03	-5.63349e-01	1.41960e+01
110	0	35	0	2	3	4.27110e-03	-5.91035e-01	1.60974e+01
110	0	36	0	2	3	3.96251e-03	-5.61853e-01	1.39925e+01
110	0	37	0	2	3	4.32013e-03	-5.91103e-01	1.69763e+01
110	0	38	0	2	3	4.62021e-03	-6.13206e-01	1.44710e+01
110	0	39	0	2	3	4.62051e-03	-6.10345e-01	1.61052e+01
110	0	40	0	2	3	3.57091e-03	-5.35637e-01	1.34581e+01
110	0	41	0	2	3	3.80199e-03	-5.48756e-01	1.60440e+01
110	0	42	0	2	3	4.02668e-03	-5.68343e-01	1.45955e+01
110	0	43	0	2	3	4.27797e-03	-5.96588e-01	1.66212e+01
110	0	44	0	2	3	3.84954e-03	-5.62083e-01	1.41335e+01
110	0	45	0	2	3	3.99141e-03	-5.65629e-01	1.59935e+01
110	0	46	0	2	3	4.28155e-03	-6.02567e-01	1.50987e+01
110	0	47	0	2	3	4.28518e-03	-5.93026e-01	1.75280e+01
110	0	48	0	2	3	3.42517e-03	-5.25924e-01	1.24114e+01
110	0	49	0	2	3	4.52937e-03	-6.04779e-01	1.71035e+01
110	0	50	0	2	3	4.29856e-03	-5.92953e-01	1.50407e+01
110	0	51	0	2	3	4.64473e-03	-6.16486e-01	1.62491e+01
110	0	52	0	2	3	4.02011e-03	-5.67102e-01	1.36817e+01
110	0	53	0	2	3	4.36235e-03	-5.88311e-01	1.55324e+01
110	0	54	0	2	3	4.19920e-03	-5.87492e-01	1.45608e+01
110	0	55	0	2	3	4.68377e-03	-6.18389e-01	1.71428e+01
110	0	56	0	2	3	3.79285e-03	-5.66074e-01	1.51925e+01
110	0	57	0	2	3	4.44274e-03	-5.94531e-01	1.62740e+01
110	0	58	0	2	3	4.07024e-03	-5.82182e-01	1.55804e+01
110	0	59	0	2	3	4.14825e-03	-5.95274e-01	1.68224e+01
110	0	60	0	2	3	3.63551e-03	-5.52058e-01	1.36176e+01
110	0	61	0	2	3	3.27885e-03	-5.15995e-01	1.46893e+01
110	0	62	0	2	3	4.65999e-03	-6.21897e-01	1.50856e+01
110	0	63	0	2	3	4.04797e-03	-5.74873e-01	1.46749e+01
110	0	64	0	2	3	3.91991e-03	-5.70307e-01	1.45109e+01
110	0	65	0	2	3	3.68010e-03	-5.46595e-01	1.51641e+01
110	0	66	0	2	3	4.72023e-03	-6.43799e-01	1.71983e+01
110	0	67	0	2	3	3.55365e-03	-5.38816e-01	1.51880e+01
110	0	68	0	2	3	3.83802e-03	-5.76367e-01	1.52464e+01
110	0	69	0	2	3	4.03436e-03	-5.68141e-01	1.50418e+01
110	0	70	0	2	3	4.31672e-03	-6.17304e-01	1.49766e+01
110	0	71	0	2	3	4.24038e-03	-5.93148e-01	1.59895e+01
110	0	72	0	2	3	3.56667e-03	-5.52020e-01	1.36153e+01
110	0	73	0	2	3	4.28816e-03	-5.95576e-01	1.53883e+01
110	0	74	0	2	3	5.22163e-03	-6.71805e-01	1.67162e+01
110	0	75	0	2	3	4.34768e-03	-5.93384e-01	1.55418e+01
110	0	76	0	2	3	3.46011e-03	-5.36988e-01	1.33701e+01
110	0	77	0	2	3	3.86619e-03	-5.59439e-01	1.52772e+01
110	0	78	0	2	3	4.37958e-03	-6.14133e-01	1.51158e+01
110	0	79	0	2	3	4.23168e-03	-5.85508e-01	1.53691e+01
110	0	80	0	2	3	4.14791e-03	-5.84870e-01	1.52090e+01
110	0	81	0	2	3	4.19563e-03	-5.79882e-01	1.53280e+01
110	0	82	0	2	3	4.12421e-03	-5.82972e-01	1.47683e+01
110	0	83	0	2	3	4.79561e-03	-6.29834e-01	1.60620e+01
110	0	84	0	2	3	3.43906e-03	-5.36766e-01	1.38878e+01
110	0	85	0	2	3	4.16666e-03	-5.78779e-01	1.55944e+01
110	0	86	0	2	3	4.43407e-03	-6.24588e-01	1.53624e+01
110	0	87	0	2	3	4.29280e-03	-6.07132e-01	1.65769e+01
110	0	88	0	2	3	3.61317e-03	-5.42202e-01	1.42750e+01
110	0	89	0	2	3	4.24010e-03	-5.94471e-01	1.56155e+01
110	0	90	0	2	3	4.59028e-03	-6.22650e-01	1.49311e+01
110	0	91	0	2	3	4.38895e-03	-6.15540e-01	1.56433e+01
110	0	92	0	2	3	4.33880e-03	-6.09106e-01	1.55134e+01
110	0	93	0	2	3	4.02174e-03	-5.75190e-01	1.49794e+01
110	0	94	0	2	3	4.12308e-03	-6.09792e-01	1.66760e+01
110	0	95	0	2	3	4.73610e-03	-6.33320e-01	1.66739e+01
110	0	96	0	2	3	3.88285e-03	-5.76625e-01	1.45933e+01
110	0	97	0	2	3	3.82442e-03	-5.62858e-01	1.55420e+01
110	0	98	0	2	3	4.26198e-03	-6.04753e-01	1.50404e+01
110	0	99	0	2	3	4.85265e-03	-6.31907e-01	1.63520e+01
110	0	100	0	2	3	3.44097e-03	-5.40738e-01	1.44774e+01
110	0	101	0	2	3	3.35139e-03	-5.24733e-01	1.46928e+01
110	0	102	0	2	3	4.63737e-03	-6.29908e-01	1.63072e+01
110	0	103	0	2	3	4.55465e-03	-6.17515e-01	1.59570e+01
110	0	104	0	2	3	3.87901e-03	-5.74638e-01	1.42155e+01
110	0	105	0	2	3	4.02830e-03	-5.75888e-01	1.51139e+01
110	0	106	0	2	3	4.52687e-03	-6.25468e-01	1.62658e+01
110	0	107	0	2	3	4.82543e-03	-6.30934e-01	1.55345e+01
110	0	108	0	2	3	3.81984e-03	-5.71832e-01	1.50026e+01
110	0	109	0	2	3	4.18510e-03	-5.91879e-01	1.53465e+01
110	0	110	0	2	3	4.03089e-03	-5.88094e-01	1.53150e+01
110	0	111	0	2	3	4.90633e-03	-6.51294e-01	1.65248e+01
110	0	112	0	2	3	3.53529e-03	-5.34980e-01	1.29385e+01
110	0	113	0	2	3	3.67006e-03	-5.50867e-01	1.45296e+01
110	0	114	0	2	3	4.45555e-03	-6.14854e-01	1.58116e+01
110	0	115	0	2	3	5.11142e-03	-6.52338e-01	1.62811e+01
110	0	116	0	2	3	2.78552e-03	-4.94358e-01	1.31878e+01
110	0	117	0	2	3	3.61658e-03	-5.44604e-01	1.53319e+01
110	0	118	0	2	3	3.96945e-03	-5.83934e-01	1.55479e+01
110	0	119	0	2	3	4.41118e-03	-5.95007e-01	1.42749e+01
110	0	120	0	2	3	5.14398e-03	-6.75526e-01	1.67021e+01
110	0	121	0	2	3	4.10713e-03	-5.74224e-01	1.34916e+01
110	0	122	0	2	3	4.05584e-03	-5.90256e-01	1.62070e+01
110	0	123	0	2	3	4.80143e-03	-6.34893e-01	1.63349e+01
110	0	124	0	2	3	1.41862e-03	-3.92009e-01	1.20277e+01
110	0	125	0	2	3	4.75273e-03	-6.14314e-01	1.34904e+01
110	0	126	0	2	3	4.10343e-03	-5.80565e-01	1.46797e+01
110	0	127	0	2	3	5.38233e-03	-6.66518e-01	1.64011e+01
110	0	128	0	2	3	4.20828e-03	-6.25603e-01	1.69426e+01
110	0	129	0	2	3	1.82094e-03	-4.54098e-01	1.36255e+01
110	0	130	0	2	3	3.60324e-03	-5.74899e-01	1.58879e+01
110	0	131	0	2	3	3.81687e-03	-5.55875e-01	1.48601e+01
110	0	132	0	2	3	4.15856e-03	-6.03607e-01	1.65475e+01
110	0	133	0	2	3	3.01616e-03	-5.19699e-01	1.46907e+01
110	0	134	0	2	3	2.49897e-03	-4.94794e-01	1.42676e+01
110	0	135	0	2	3	2.34020e-03	-4.60426e-01	1.27561e+01
110	0	136	0	2	3	4.51896e-03	-6.31390e-01	1.59560e+01
110	0	137	0	2	3	3.65947e-03	-5.54685e-01	1.54089e+01
110	0	138	0	2	3	3.16929e-03	-5.37682e-01	1.52487e+01
110	0	139	0	2	3	1.90678e-03	-4.43672e-01	1.21603e+01
110	0	140	0	2	3	2.78211e-03	-5.18789e-01	1.54184e+01
110	0	141	0	2	3	8.37977e-03	-8.85089e-01	1.99143e+01
110	0	142	0	2	3	7.33674e-04	-3.39320e-01	1.08248e+01
110	0	143	0	2	3	7.93503e-04	-3.09806e-01	9.44288e+00
110	0	144	0	2	3	4.88197e-03	-6.66230e-01	1.65787e+01
110	0	145	0	2	3	8.45027e-03	-8.71101e-01	1.90808e+01
110	0	146	0	2	3	4.08315e-03	-6.11246e-01	1.63732e+01
110	0	147	0	2	3	-5.18346e-03	7.12907e-02	4.47566e+00
110	0	148	0	2	3	-1.81328e-03	-1.93771e-01	8.57080e+00
110	0	149	0	2	3	6.20219e-04	-3.32873e-01	1.11842e+01
110	0	150	0	2	3	-3.42553e-04	-2.50752e-01	9.48429e+00
110	0	151	0	2	3	-1.70181e-04	-3.21870e-01	1.17757e+01
110	0	152	0	2	3	-1.26841e-02	6.16320e-01	-5.08421e+00
110	0	153	0	2	3	-2.01213e-03	-1.65855e-01	8.55480e+00
110	0	154	0	2	3	1.11279e-03	-3.93662e-01	1.20228e+01
110	0	155	0	2	3	4.05958e-03	-6.10118e-01	1.50178e+01
110	0	156	0	2	3	-8.96662e-03	3.08076e-01	8.41576e-01
110	0	157	0	2	3	5.86871e-03	-7.28384e-01	1.86438e+01
110	0	158	0	2	3	7.42596e-04	-4.31509e-01	1.44214e+01
110	0	159	0	2	3	4.25976e-03	-5.87516e-01	1.50577e+01
#######################################################################
# BFT D                                                               #
#######################################################################
110	1	0	0	2	3	8.08597e-03	-8.70296e-01	2.18965e+01
110	1	1	0	2	3	3.24806e-03	-5.24128e-01	1.53956e+01
110	1	2	0	2	3	6.38351e-03	-7.49692e-01	1.89300e+01
110	1	3	0	2	3	2.59854e-03	-4.76005e-01	1.50341e+01
110	1	4	0	2	3	3.26337e-03	-5.25246e-01	1.49352e+01
110	1	5	0	2	3	2.00718e-03	-4.38392e-01	1.45318e+01
110	1	6	0	2	3	4.20657e-03	-5.89991e-01	1.48888e+01
110	1	7	0	2	3	3.28865e-03	-5.21921e-01	1.52944e+01
110	1	8	0	2	3	3.43555e-03	-5.43723e-01	1.57110e+01
110	1	9	0	2	3	3.17288e-03	-5.29117e-01	1.70706e+01
110	1	10	0	2	3	3.69098e-03	-5.54048e-01	1.54792e+01
110	1	11	0	2	3	2.90648e-03	-4.93385e-01	1.45178e+01
110	1	12	0	2	3	1.95693e-03	-4.37075e-01	1.28379e+01
110	1	13	0	2	3	2.12140e-03	-4.44760e-01	1.45961e+01
110	1	14	0	2	3	3.28680e-03	-5.54283e-01	1.51138e+01
110	1	15	0	2	3	4.86976e-03	-6.46225e-01	1.81742e+01
110	1	16	0	2	3	3.29926e-03	-5.38899e-01	1.48688e+01
110	1	17	0	2	3	3.35791e-03	-5.29694e-01	1.52676e+01
110	1	18	0	2	3	3.39734e-03	-5.41148e-01	1.42384e+01
110	1	19	0	2	3	4.75468e-03	-6.31184e-01	1.74406e+01
110	1	20	0	2	3	3.55040e-03	-5.52964e-01	1.53594e+01
110	1	21	0	2	3	2.30465e-03	-4.58727e-01	1.53425e+01
110	1	22	0	2	3	4.61528e-03	-6.21178e-01	1.60836e+01
110	1	23	0	2	3	3.96569e-03	-5.59238e-01	1.60851e+01
110	1	24	0	2	3	3.52728e-03	-5.39565e-01	1.54696e+01
110	1	25	0	2	3	4.46250e-03	-6.12848e-01	1.74809e+01
110	1	26	0	2	3	4.15675e-03	-5.92991e-01	1.54156e+01
110	1	27	0	2	3	4.45114e-03	-6.05237e-01	1.79113e+01
110	1	28	0	2	3	3.48355e-03	-5.55275e-01	1.60378e+01
110	1	29	0	2	3	3.47502e-03	-5.43063e-01	1.63831e+01
110	1	30	0	2	3	3.63109e-03	-5.55735e-01	1.51143e+01
110	1	31	0	2	3	4.50296e-03	-6.21997e-01	1.79090e+01
110	1	32	0	2	3	3.91930e-03	-5.79923e-01	1.67951e+01
110	1	33	0	2	3	3.21399e-03	-5.29574e-01	1.51053e+01
110	1	34	0	2	3	4.65247e-03	-6.16802e-01	1.55793e+01
110	1	35	0	2	3	3.95805e-03	-5.88479e-01	1.74093e+01
110	1	36	0	2	3	4.00640e-03	-5.82416e-01	1.64024e+01
110	1	37	0	2	3	3.60181e-03	-5.44316e-01	1.44574e+01
110	1	38	0	2	3	4.55274e-03	-6.19459e-01	1.71853e+01
110	1	39	0	2	3	3.78868e-03	-5.55421e-01	1.56060e+01
110	1	40	0	2	3	3.80246e-03	-5.58768e-01	1.46970e+01
110	1	41	0	2	3	3.68788e-03	-5.49184e-01	1.59722e+01
110	1	42	0	2	3	3.89817e-03	-5.66227e-01	1.54022e+01
110	1	43	0	2	3	4.00609e-03	-5.72580e-01	1.71048e+01
110	1	44	0	2	3	3.90480e-03	-5.77441e-01	1.52989e+01
110	1	45	0	2	3	3.19981e-03	-5.17257e-01	1.56538e+01
110	1	46	0	2	3	3.81606e-03	-5.73244e-01	1.52175e+01
110	1	47	0	2	3	4.66368e-03	-6.41921e-01	1.88447e+01
110	1	48	0	2	3	4.00358e-03	-5.77066e-01	1.58678e+01
110	1	49	0	2	3	3.56288e-03	-5.41660e-01	1.63338e+01
110	1	50	0	2	3	4.18820e-03	-5.92335e-01	1.51185e+01
110	1	51	0	2	3	3.94000e-03	-5.72185e-01	1.65570e+01
110	1	52	0	2	3	4.22440e-03	-6.02849e-01	1.56032e+01
110	1	53	0	2	3	3.76742e-03	-5.57138e-01	1.65395e+01
110	1	54	0	2	3	4.51706e-03	-6.27327e-01	1.70698e+01
110	1	55	0	2	3	4.56032e-03	-6.19385e-01	1.75207e+01
110	1	56	0	2	3	3.55552e-03	-5.63789e-01	1.50779e+01
110	1	57	0	2	3	3.89025e-03	-5.70059e-01	1.63447e+01
110	1	58	0	2	3	4.34076e-03	-6.16112e-01	1.77861e+01
110	1	59	0	2	3	4.80204e-03	-6.48045e-01	1.91009e+01
110	1	60	0	2	3	3.98672e-03	-5.83387e-01	1.60513e+01
110	1	61	0	2	3	4.73833e-03	-6.17981e-01	1.66531e+01
110	1	62	0	2	3	4.23923e-03	-5.96694e-01	1.52028e+01
110	1	63	0	2	3	4.54513e-03	-6.19112e-01	1.75413e+01
110	1	64	0	2	3	4.07768e-03	-5.92132e-01	1.65817e+01
110	1	65	0	2	3	4.29802e-03	-5.97700e-01	1.64021e+01
110	1	66	0	2	3	4.78138e-03	-6.48100e-01	1.62967e+01
110	1	67	0	2	3	4.98567e-03	-6.49325e-01	1.64221e+01
110	1	68	0	2	3	3.40306e-03	-5.32084e-01	1.38470e+01
110	1	69	0	2	3	3.81780e-03	-5.68590e-01	1.60506e+01
110	1	70	0	2	3	4.04707e-03	-5.88842e-01	1.63078e+01
110	1	71	0	2	3	4.05507e-03	-5.94582e-01	1.68106e+01
110	1	72	0	2	3	3.68568e-03	-5.57469e-01	1.52249e+01
110	1	73	0	2	3	3.76550e-03	-5.69266e-01	1.68099e+01
110	1	74	0	2	3	4.38782e-03	-6.05107e-01	1.51720e+01
110	1	75	0	2	3	4.28706e-03	-6.07792e-01	1.64105e+01
110	1	76	0	2	3	3.77359e-03	-5.62900e-01	1.51218e+01
110	1	77	0	2	3	3.95243e-03	-5.82588e-01	1.59796e+01
110	1	78	0	2	3	4.55494e-03	-6.22143e-01	1.55051e+01
110	1	79	0	2	3	3.95478e-03	-5.75945e-01	1.56642e+01
110	1	80	0	2	3	3.91185e-03	-5.72510e-01	1.52015e+01
110	1	81	0	2	3	3.84242e-03	-5.64987e-01	1.47868e+01
110	1	82	0	2	3	4.61949e-03	-6.28221e-01	1.71462e+01
110	1	83	0	2	3	4.31416e-03	-5.90756e-01	1.55015e+01
110	1	84	0	2	3	4.13738e-03	-5.77944e-01	1.46987e+01
110	1	85	0	2	3	3.47579e-03	-5.38827e-01	1.46012e+01
110	1	86	0	2	3	4.22027e-03	-6.00158e-01	1.63830e+01
110	1	87	0	2	3	4.11084e-03	-5.81813e-01	1.41292e+01
110	1	88	0	2	3	3.51736e-03	-5.46518e-01	1.51788e+01
110	1	89	0	2	3	3.94501e-03	-5.78951e-01	1.50337e+01
110	1	90	0	2	3	3.70473e-03	-5.64195e-01	1.46995e+01
110	1	91	0	2	3	3.86490e-03	-5.68618e-01	1.56894e+01
110	1	92	0	2	3	3.61687e-03	-5.50453e-01	1.48289e+01
110	1	93	0	2	3	3.65907e-03	-5.56083e-01	1.51497e+01
110	1	94	0	2	3	4.05030e-03	-5.88900e-01	1.62542e+01
110	1	95	0	2	3	4.54128e-03	-6.17242e-01	1.57849e+01
110	1	96	0	2	3	3.88705e-03	-5.69691e-01	1.48063e+01
110	1	97	0	2	3	3.93370e-03	-5.69352e-01	1.56820e+01
110	1	98	0	2	3	4.13184e-03	-6.13446e-01	1.71292e+01
110	1	99	0	2	3	4.18172e-03	-5.92874e-01	1.55303e+01
110	1	100	0	2	3	3.63161e-03	-5.42204e-01	1.48125e+01
110	1	101	0	2	3	3.46793e-03	-5.39384e-01	1.51061e+01
110	1	102	0	2	3	4.09876e-03	-5.99327e-01	1.59272e+01
110	1	103	0	2	3	4.17644e-03	-5.92652e-01	1.54339e+01
110	1	104	0	2	3	3.96789e-03	-5.76192e-01	1.54063e+01
110	1	105	0	2	3	3.71621e-03	-5.56492e-01	1.51324e+01
110	1	106	0	2	3	4.70076e-03	-6.34111e-01	1.72187e+01
110	1	107	0	2	3	3.98535e-03	-5.82499e-01	1.54636e+01
110	1	108	0	2	3	3.81316e-03	-5.68278e-01	1.60552e+01
110	1	109	0	2	3	3.51318e-03	-5.46539e-01	1.55700e+01
110	1	110	0	2	3	4.40231e-03	-6.12964e-01	1.60784e+01
110	1	111	0	2	3	3.63367e-03	-5.57507e-01	1.62096e+01
110	1	112	0	2	3	4.07039e-03	-5.83788e-01	1.53431e+01
110	1	113	0	2	3	3.66351e-03	-5.53846e-01	1.51704e+01
110	1	114	0	2	3	4.23172e-03	-6.02252e-01	1.55009e+01
110	1	115	0	2	3	4.62436e-03	-6.25789e-01	1.61566e+01
110	1	116	0	2	3	4.36610e-03	-6.11267e-01	1.61302e+01
110	1	117	0	2	3	3.82295e-03	-5.64488e-01	1.52760e+01
110	1	118	0	2	3	4.68445e-03	-6.29686e-01	1.54382e+01
110	1	119	0	2	3	4.71408e-03	-6.19110e-01	1.61874e+01
110	1	120	0	2	3	4.01556e-03	-5.78555e-01	1.51279e+01
110	1	121	0	2	3	4.10825e-03	-5.85914e-01	1.54993e+01
110	1	122	0	2	3	3.95935e-03	-5.85633e-01	1.66963e+01
110	1	123	0	2	3	4.64628e-03	-6.43935e-01	1.83131e+01
110	1	124	0	2	3	3.69717e-03	-5.50908e-01	1.42304e+01
110	1	125	0	2	3	4.43286e-03	-6.13856e-01	1.63480e+01
110	1	126	0	2	3	3.71006e-03	-5.52522e-01	1.49111e+01
110	1	127	0	2	3	3.92088e-03	-5.71773e-01	1.53614e+01
110	1	128	0	2	3	8.02113e-04	-3.63077e-01	1.21691e+01
110	1	129	0	2	3	5.09358e-03	-6.80701e-01	1.79146e+01
110	1	130	0	2	3	3.56533e-03	-5.75790e-01	1.53495e+01
110	1	131	0	2	3	3.58598e-03	-5.62367e-01	1.54171e+01
110	1	132	0	2	3	3.98800e-03	-5.94957e-01	1.64658e+01
110	1	133	0	2	3	5.60148e-03	-6.98311e-01	1.74059e+01
110	1	134	0	2	3	3.71775e-03	-5.87360e-01	1.65306e+01
110	1	135	0	2	3	3.40532e-03	-5.50752e-01	1.53636e+01
110	1	136	0	2	3	-2.32925e-03	-1.34209e-01	8.46792e+00
110	1	137	0	2	3	4.38898e-03	-6.20947e-01	1.66163e+01
110	1	138	0	2	3	1.50091e-03	-4.24689e-01	1.30539e+01
110	1	139	0	2	3	3.01553e-03	-5.14389e-01	1.47961e+01
110	1	140	0	2	3	2.28422e-03	-4.62349e-01	1.31596e+01
110	1	141	0	2	3	6.42000e-03	-7.56069e-01	1.83221e+01
110	1	142	0	2	3	1.26077e-03	-3.92467e-01	1.18973e+01
110	1	143	0	2	3	-9.67919e-04	-2.21303e-01	9.73935e+00
110	1	144	0	2	3	-1.35035e-03	-2.28631e-01	1.08620e+01
110	1	145	0	2	3	7.45894e-03	-8.13577e-01	1.93898e+01
110	1	146	0	2	3	1.34954e-03	-4.18219e-01	1.30563e+01
110	1	147	0	2	3	1.50007e-03	-4.09606e-01	1.19334e+01
110	1	148	0	2	3	4.82861e-04	-3.48797e-01	1.10699e+01
110	1	149	0	2	3	5.64834e-03	-6.86804e-01	1.76476e+01
110	1	150	0	2	3	4.15058e-04	-3.32086e-01	1.16294e+01
110	1	151	0	2	3	2.87260e-03	-4.73078e-01	1.31571e+01
110	1	152	0	2	3	2.17021e-03	-4.92999e-01	1.59356e+01
110	1	153	0	2	3	-1.17040e-02	6.88327e-01	-9.05051e+00
110	1	154	0	2	3	5.88089e-03	-7.33139e-01	1.87784e+01
110	1	155	0	2	3	5.00273e-03	-6.38773e-01	1.52754e+01
110	1	156	0	2	3	-5.06360e-03	5.76534e-02	4.72505e+00
110	1	157	0	2	3	2.56651e-03	-4.97309e-01	1.50112e+01
110	1	158	0	2	3	3.76100e-04	-3.38549e-01	1.23651e+01
110	1	159	0	2	3	4.56729e-03	-5.94742e-01	1.62830e+01
