##
#  file: HodoPHCParam_Dummy
#  date: 2016.06.15
#  note: first version
#
#
#######################################################################
# CId	PlId	Seg	UorD	Type	nParam	p0	p1	...
#
#	Type=0 no correction will be performed
#	Type=1 ct=t-p[0]/sqrt(a-p[1])+p[2]
#	Type=2 ct=p[0]*a*a + p[1]*a + p[2] for Fiber
#
#######################################################################
# BH1 Up                                                              #
#######################################################################
1	0	0	0	1	3	9.72882e+01	-2.42381e+01	1.93388e+01
1	0	1	0	1	3	8.39811e-01	2.30870e-01	9.07677e-01
1	0	2	0	1	3	7.96271e-01	2.02772e-01	8.76313e-01
1	0	3	0	1	3	1.24269e+00	-1.47574e-01	1.19840e+00
1	0	4	0	1	3	1.09931e+00	-7.72769e-02	1.08260e+00
1	0	5	0	1	3	1.05845e+00	1.40683e-01	1.18835e+00
1	0	6	0	1	3	1.24845e+00	-7.32092e-02	1.22011e+00
1	0	7	0	1	3	1.38494e+00	-1.69323e-01	1.29113e+00
1	0	8	0	1	3	1.12943e+00	-1.85789e-01	1.05048e+00
1	0	9	0	1	3	1.39270e+00	-1.82072e-01	1.30041e+00
1	0	10	0	1	3	1.71493e+02	-3.15885e+01	3.00372e+01
#######################################################################
# BH1 Down                                                            #
#######################################################################
1	0	0	1	1	3	1.69589e+00	-2.63702e-01	1.46458e+00
1	0	1	1	1	3	6.65147e-01	3.06785e-01	7.74182e-01
1	0	2	1	1	3	1.69164e+00	-4.50471e-01	1.36238e+00
1	0	3	1	1	3	7.14482e+01	-2.23619e+01	1.47724e+01
1	0	4	1	1	3	1.42431e+00	-1.84323e-01	1.31423e+00
1	0	5	1	1	3	1.48351e+00	-1.17877e-01	1.40777e+00
1	0	6	1	1	3	1.64799e+00	-3.01989e-01	1.48452e+00
1	0	7	1	1	3	1.48685e+00	-1.75507e-01	1.38619e+00
1	0	8	1	1	3	5.71792e-01	2.68423e-01	6.99614e-01
1	0	9	1	1	3	1.07020e+00	4.47097e-02	1.11772e+00
1	0	10	1	1	3	5.19525e-01	3.65790e-01	6.45791e-01
#######################################################################
# BH2 Up                                                              #
#######################################################################
2	0	0	0	1	3	1.12115e-01	3.35357e-01	1.33957e-01
2	0	1	0	1	3	4.23202e-01	6.01088e-02	4.32756e-01
2	0	2	0	1	3	4.01076e-01	4.56070e-02	4.03148e-01
2	0	3	0	1	3	3.85284e-01	5.67440e-02	3.98101e-01
2	0	4	0	1	3	2.66200e-01	1.48660e-01	2.92941e-01
2	0	5	0	1	3	1.66891e-01	2.88043e-01	2.06447e-01
2	0	6	0	1	3	1.71542e-01	2.55850e-01	2.12138e-01
2	0	7	0	1	3	1.96083e-01	2.29490e-01	2.30246e-01
#######################################################################
# BH2 Down                                                            #
#######################################################################
2	0	0	1	1	3	1.86082e-01	2.04597e-01	2.06299e-01
2	0	1	1	1	3	3.69447e-01	6.07075e-02	3.67987e-01
2	0	2	1	1	3	4.36704e-01	5.29092e-03	4.17610e-01
2	0	3	1	1	3	5.05110e-01	-2.36197e-01	4.33924e-01
2	0	4	1	1	3	3.34198e-01	6.07922e-02	3.30964e-01
2	0	5	1	1	3	2.71316e-01	1.29618e-01	2.74971e-01
2	0	6	1	1	3	4.51400e-01	-3.05140e-02	4.20447e-01
2	0	7	1	1	3	2.11967e-01	8.42464e-02	2.22906e-01
#######################################################################
# BAC                                                                 #
#######################################################################
3	0	0	0	1	3	0.00000e+00	0.00000e+00	0.00000e+00
3	0	1	0	1	3	0.00000e+00	0.00000e+00	0.00000e+00
#######################################################################
# FBH Up                                                              #
#######################################################################
4	0	0	0	2	3	-5.62952e-03	8.96903e-01	-3.53273e+01
4	0	1	0	2	3	-4.29399e-03	7.37975e-01	-3.00049e+01
4	0	2	0	2	3	-5.26894e-03	8.67305e-01	-3.38992e+01
4	0	3	0	2	3	-3.80183e-03	6.69237e-01	-2.72260e+01
4	0	4	0	2	3	-4.35014e-03	7.35785e-01	-2.92008e+01
4	0	5	0	2	3	-4.02541e-03	6.86907e-01	-2.70312e+01
4	0	6	0	2	3	-4.16660e-03	7.08229e-01	-2.81512e+01
4	0	7	0	2	3	-3.93117e-03	6.84759e-01	-2.69101e+01
4	0	8	0	2	3	-4.14423e-03	6.96902e-01	-2.65883e+01
4	0	9	0	2	3	-2.83372e-03	5.62925e-01	-2.20787e+01
4	0	10	0	2	3	-4.07944e-03	7.09420e-01	-2.75603e+01
4	0	11	0	2	3	-3.50961e-03	6.50113e-01	-2.64167e+01
4	0	12	0	2	3	-3.52415e-03	6.49734e-01	-2.67232e+01
4	0	13	0	2	3	-4.13420e-03	7.26957e-01	-2.99675e+01
4	0	14	0	2	3	-4.90315e-03	8.27563e-01	-3.35630e+01
4	0	15	0	2	3	-4.73048e-03	8.13189e-01	-3.31901e+01
#######################################################################
# FBH Down                                                            #
#######################################################################
4	0	0	1	2	3	-5.62952e-03	8.96903e-01	-3.53273e+01
4	0	1	1	2	3	-4.29399e-03	7.37975e-01	-3.00049e+01
4	0	2	1	2	3	-5.26894e-03	8.67305e-01	-3.38992e+01
4	0	3	1	2	3	-3.80183e-03	6.69237e-01	-2.72260e+01
4	0	4	1	2	3	-4.35014e-03	7.35785e-01	-2.92008e+01
4	0	5	1	2	3	-4.02541e-03	6.86907e-01	-2.70312e+01
4	0	6	1	2	3	-4.16660e-03	7.08229e-01	-2.81512e+01
4	0	7	1	2	3	-3.93117e-03	6.84759e-01	-2.69101e+01
4	0	8	1	2	3	-4.14423e-03	6.96902e-01	-2.65883e+01
4	0	9	1	2	3	-2.83372e-03	5.62925e-01	-2.20787e+01
4	0	10	1	2	3	-4.07944e-03	7.09420e-01	-2.75603e+01
4	0	11	1	2	3	-3.50961e-03	6.50113e-01	-2.64167e+01
4	0	12	1	2	3	-3.52415e-03	6.49734e-01	-2.67232e+01
4	0	13	1	2	3	-4.13420e-03	7.26957e-01	-2.99675e+01
4	0	14	1	2	3	-4.90315e-03	8.27563e-01	-3.35630e+01
4	0	15	1	2	3	-4.73048e-03	8.13189e-01	-3.31901e+01
#######################################################################
# PVAC                                                                #
#######################################################################
5	0	0	0	1	3	0.00000e+00	0.00000e+00	0.00000e+00
#######################################################################
# FAC                                                                 #
#######################################################################
6	0	0	0	1	3	0.00000e+00	0.00000e+00	0.00000e+00
#######################################################################
# SCH                                                                 #
#######################################################################
#7	0	0	0	2	3	-0.00500000	0.821213	-32.185321
#7	0	1	0	2	3	-0.00500000	0.830248	-32.269563
#7	0	2	0	2	3	-0.00500000	0.793073	-29.315934
#7	0	3	0	2	3	-0.00500000	0.772144	-28.276705
#7	0	4	0	2	3	-0.00500000	0.801968	-30.687167
#7	0	5	0	2	3	-0.00500000	0.778300	-28.439251
#7	0	6	0	2	3	-0.00500000	0.765872	-27.918181
#7	0	7	0	2	3	-0.00500000	0.738459	-26.016797
#7	0	8	0	2	3	-0.00500000	0.778318	-28.676371
#7	0	9	0	2	3	-0.00500000	0.776670	-28.892887
#7	0	10	0	2	3	-0.00500000	0.764278	-28.122474
#7	0	11	0	2	3	-0.00500000	0.790742	-29.423647
#7	0	12	0	2	3	-0.00500000	0.811330	-30.487019
#7	0	13	0	2	3	-0.00500000	0.818750	-30.891512
#7	0	14	0	2	3	-0.00500000	0.802541	-30.009136
#7	0	15	0	2	3	-0.00500000	0.809525	-30.751746
#7	0	16	0	2	3	-0.00500000	0.802597	-30.845509
#7	0	17	0	2	3	-0.00500000	0.835028	-32.780792
#7	0	18	0	2	3	-0.00500000	0.859176	-33.938731
#7	0	19	0	2	3	-0.00500000	0.814851	-31.445396
#7	0	20	0	2	3	-0.00500000	0.809426	-30.781087
#7	0	21	0	2	3	-0.00500000	0.780678	-28.888756
#7	0	22	0	2	3	-0.00500000	0.808206	-30.719604
#7	0	23	0	2	3	-0.00500000	0.774024	-27.858339
#7	0	24	0	2	3	-0.00500000	0.794308	-29.022101
#7	0	25	0	2	3	-0.00500000	0.775649	-27.980186
#7	0	26	0	2	3	-0.00500000	0.788483	-28.687567
#7	0	27	0	2	3	-0.00466315	0.771386	-29.253260
#7	0	28	0	2	3	-0.00483132	0.790854	-28.637741
#7	0	29	0	2	3	-0.00497049	0.812994	-30.786914
#7	0	30	0	2	3	-0.00500000	0.787793	-28.362716
#7	0	31	0	2	3	-0.00500000	0.790759	-28.876812
#7	0	32	0	2	3	-0.00500000	0.824826	-31.655285
#7	0	33	0	2	3	-0.00500000	0.845304	-33.407765
#7	0	34	0	2	3	-0.00500000	0.832263	-32.939799
#7	0	35	0	2	3	-0.00500000	0.820631	-31.695372
#7	0	36	0	2	3	-0.00500000	0.836997	-33.200590
#7	0	37	0	2	3	-0.00500000	0.819690	-32.097193
#7	0	38	0	2	3	-0.00500000	0.808109	-31.263214
#7	0	39	0	2	3	-0.00500000	0.815224	-31.135523
#7	0	40	0	2	3	-0.00500000	0.803398	-29.897923
#7	0	41	0	2	3	-0.00500000	0.815685	-31.165519
#7	0	42	0	2	3	-0.00500000	0.812980	-30.737261
#7	0	43	0	2	3	-0.00500000	0.829418	-32.693307
#7	0	44	0	2	3	-0.00500000	0.789530	-29.464920
#7	0	45	0	2	3	-0.00500000	0.804789	-31.208151
#7	0	46	0	2	3	-0.00500000	0.830106	-32.806514
#7	0	47	0	2	3	-0.00500000	0.819206	-31.373242
#7	0	48	0	2	3	-0.00500000	0.816165	-31.709319
#7	0	49	0	2	3	-0.00500000	0.798496	-30.201709
#7	0	50	0	2	3	-0.00500000	0.812167	-31.795745
#7	0	51	0	2	3	-0.00500000	0.810749	-31.375226
#7	0	52	0	2	3	-0.00500000	0.803385	-31.372512
#7	0	53	0	2	3	-0.00500000	0.777405	-29.262831
#7	0	54	0	2	3	-0.00500000	0.783954	-29.763410
#7	0	55	0	2	3	-0.00500000	0.789443	-29.976449
#7	0	56	0	2	3	-0.00500000	0.838828	-33.261086
#7	0	57	0	2	3	-0.00500000	0.804421	-30.573195
#7	0	58	0	2	3	-0.00500000	0.773283	-29.111048
#7	0	59	0	2	3	-0.00500000	0.811789	-31.449459
#7	0	60	0	2	3	-0.00500000	0.759724	-28.110014
#7	0	61	0	2	3	-0.00500000	0.810884	-31.379063
#7	0	62	0	2	3	-0.00500000	0.771910	-28.435006
#7	0	63	0	2	3	-0.00500000	0.796658	-30.511906
#######################################################################
# TOF Up                                                              #
#######################################################################
7	0	0	0	1	3	5.24830e+00	-1.96630e+00	2.96170e+00
7	0	1	0	1	3	5.24830e+00	-1.96630e+00	2.96170e+00
7	0	2	0	1	3	5.24830e+00	-1.96630e+00	2.96170e+00
7	0	3	0	1	3	5.24830e+00	-1.96630e+00	2.96170e+00
7	0	4	0	1	3	5.24830e+00	-1.96630e+00	2.96170e+00
7	0	5	0	1	3	5.24830e+00	-1.96630e+00	2.96170e+00
7	0	6	0	1	3	6.97090e+00	-3.03520e+00	3.39910e+00
7	0	7	0	1	3	4.05450e+00	-1.96150e+00	2.30360e+00
7	0	8	0	1	3	1.16940e+02	-2.98600e+01	2.09880e+01
7	0	9	0	1	3	5.24830e+00	-1.96630e+00	2.96170e+00
7	0	10	0	1	3	5.24830e+00	-1.96630e+00	2.96170e+00
7	0	11	0	1	3	5.24830e+00	-1.96630e+00	2.96170e+00
7	0	12	0	1	3	5.24830e+00	-1.96630e+00	2.96170e+00
7	0	13	0	1	3	5.24830e+00	-1.96630e+00	2.96170e+00
7	0	14	0	1	3	5.24830e+00	-1.96630e+00	2.96170e+00
7	0	15	0	1	3	5.24830e+00	-1.96630e+00	2.96170e+00
7	0	16	0	1	3	5.24830e+00	-1.96630e+00	2.96170e+00
7	0	17	0	1	3	5.24830e+00	-1.96630e+00	2.96170e+00
7	0	18	0	1	3	5.24830e+00	-1.96630e+00	2.96170e+00
7	0	19	0	1	3	7.11491e-01	1.85180e-03	5.82402e-01
7	0	20	0	1	3	5.59404e-01	-1.73810e-03	4.50716e-01
7	0	21	0	1	3	8.92499e-01	1.99900e-03	7.37364e-01
7	0	22	0	1	3	6.37553e-01	1.99960e-03	5.45449e-01
7	0	23	0	1	3	1.19210e+00	1.98920e-03	9.99994e-01
#######################################################################
# TOF Down                                                            #
#######################################################################
7	0	0	1	1	3	5.84300e+00	-2.30730e+00	3.11320e+00
7	0	1	1	1	3	5.84300e+00	-2.30730e+00	3.11320e+00
7	0	2	1	1	3	5.84300e+00	-2.30730e+00	3.11320e+00
7	0	3	1	1	3	5.84300e+00	-2.30730e+00	3.11320e+00
7	0	4	1	1	3	5.84300e+00	-2.30730e+00	3.11320e+00
7	0	5	1	1	3	5.84300e+00	-2.30730e+00	3.11320e+00
7	0	6	1	1	3	1.41330e+01	-5.81170e+00	5.32680e+00
7	0	7	1	1	3	7.84850e+01	-2.02870e+01	1.69500e+01
7	0	8	1	1	3	2.20240e+02	-3.62440e+01	3.60080e+01
7	0	9	1	1	3	5.84300e+00	-2.30730e+00	3.11320e+00
7	0	10	1	1	3	5.84300e+00	-2.30730e+00	3.11320e+00
7	0	11	1	1	3	5.84300e+00	-2.30730e+00	3.11320e+00
7	0	12	1	1	3	5.84300e+00	-2.30730e+00	3.11320e+00
7	0	13	1	1	3	5.84300e+00	-2.30730e+00	3.11320e+00
7	0	14	1	1	3	5.84300e+00	-2.30730e+00	3.11320e+00
7	0	15	1	1	3	5.84300e+00	-2.30730e+00	3.11320e+00
7	0	16	1	1	3	5.84300e+00	-2.30730e+00	3.11320e+00
7	0	17	1	1	3	5.84300e+00	-2.30730e+00	3.11320e+00
7	0	18	1	1	3	5.84300e+00	-2.30730e+00	3.11320e+00
7	0	19	1	1	3	6.18741e-01	1.99860e-03	4.90831e-01
7	0	20	1	1	3	5.75901e-01	1.04210e-03	4.72509e-01
7	0	21	1	1	3	9.41046e-01	1.99890e-03	7.79357e-01
7	0	22	1	1	3	4.84266e-01	-1.95590e-03	3.99786e-01
7	0	23	1	1	3	8.97714e-01	1.99860e-03	7.56300e-01
#######################################################################
# BFT U                                                               #
#######################################################################
110	0	0	0	2	3	1.53864e-04	-2.99065e-01	1.27970e+01
110	0	1	0	2	3	-2.20605e-02	1.33547e+00	-1.68484e+01
110	0	2	0	2	3	-8.70228e-03	3.16107e-01	2.38921e+00
110	0	3	0	2	3	-3.80749e-03	3.75723e-02	4.98654e+00
110	0	4	0	2	3	-7.53208e-03	3.03031e-01	6.83615e-01
110	0	5	0	2	3	-6.00851e-04	-2.14293e-01	1.07523e+01
110	0	6	0	2	3	1.51479e-03	-4.07083e-01	1.39022e+01
110	0	7	0	2	3	9.01120e-04	-3.39886e-01	1.21538e+01
110	0	8	0	2	3	7.38538e-04	-3.27061e-01	1.21238e+01
110	0	9	0	2	3	-1.94732e-03	-1.24423e-01	8.97665e+00
110	0	10	0	2	3	3.35968e-03	-5.31928e-01	1.53254e+01
110	0	11	0	2	3	1.34461e-03	-3.71107e-01	1.34989e+01
110	0	12	0	2	3	4.26792e-03	-5.90214e-01	1.65399e+01
110	0	13	0	2	3	-3.04826e-03	-3.03762e-02	6.92922e+00
110	0	14	0	2	3	3.35097e-03	-5.25188e-01	1.51646e+01
110	0	15	0	2	3	4.55651e-03	-6.24705e-01	1.83997e+01
110	0	16	0	2	3	4.72249e-03	-5.98683e-01	1.59378e+01
110	0	17	0	2	3	4.11782e-03	-5.70593e-01	1.64951e+01
110	0	18	0	2	3	3.38782e-03	-5.33725e-01	1.52634e+01
110	0	19	0	2	3	4.54284e-03	-6.07110e-01	1.52633e+01
110	0	20	0	2	3	3.56524e-03	-5.35220e-01	1.56498e+01
110	0	21	0	2	3	2.86623e-03	-4.89172e-01	1.55350e+01
110	0	22	0	2	3	4.52140e-03	-6.14867e-01	1.71163e+01
110	0	23	0	2	3	3.70769e-03	-5.43756e-01	1.61826e+01
110	0	24	0	2	3	3.84645e-03	-5.56917e-01	1.54056e+01
110	0	25	0	2	3	4.32369e-03	-5.86860e-01	1.64283e+01
110	0	26	0	2	3	4.34652e-03	-6.04613e-01	1.69676e+01
110	0	27	0	2	3	4.66371e-03	-6.10366e-01	1.72413e+01
110	0	28	0	2	3	4.54673e-03	-6.04773e-01	1.53189e+01
110	0	29	0	2	3	4.80023e-03	-6.20082e-01	1.69770e+01
110	0	30	0	2	3	5.31424e-03	-6.67597e-01	1.78286e+01
110	0	31	0	2	3	3.81959e-03	-5.59190e-01	1.65226e+01
110	0	32	0	2	3	4.21239e-03	-5.94782e-01	1.69396e+01
110	0	33	0	2	3	4.45023e-03	-5.78915e-01	1.39414e+01
110	0	34	0	2	3	4.39137e-03	-5.98220e-01	1.66132e+01
110	0	35	0	2	3	4.58788e-03	-6.20477e-01	1.76421e+01
110	0	36	0	2	3	3.63083e-03	-5.34834e-01	1.43289e+01
110	0	37	0	2	3	3.54379e-03	-5.41813e-01	1.61440e+01
110	0	38	0	2	3	4.07103e-03	-5.75839e-01	1.56842e+01
110	0	39	0	2	3	4.33902e-03	-5.93759e-01	1.67510e+01
110	0	40	0	2	3	3.86959e-03	-5.52671e-01	1.45241e+01
110	0	41	0	2	3	4.38653e-03	-5.95595e-01	1.68600e+01
110	0	42	0	2	3	4.27477e-03	-5.84653e-01	1.57033e+01
110	0	43	0	2	3	4.54166e-03	-6.15999e-01	1.78614e+01
110	0	44	0	2	3	3.92324e-03	-5.69881e-01	1.61728e+01
110	0	45	0	2	3	4.54045e-03	-6.02597e-01	1.74608e+01
110	0	46	0	2	3	4.54016e-03	-6.24700e-01	1.74449e+01
110	0	47	0	2	3	4.80060e-03	-6.40418e-01	1.85257e+01
110	0	48	0	2	3	4.17692e-03	-5.78385e-01	1.51771e+01
110	0	49	0	2	3	3.97390e-03	-5.68011e-01	1.64343e+01
110	0	50	0	2	3	4.41838e-03	-6.00873e-01	1.70515e+01
110	0	51	0	2	3	4.52955e-03	-6.06063e-01	1.69376e+01
110	0	52	0	2	3	3.51648e-03	-5.32758e-01	1.49902e+01
110	0	53	0	2	3	4.66645e-03	-6.10123e-01	1.68278e+01
110	0	54	0	2	3	4.40128e-03	-6.03016e-01	1.67501e+01
110	0	55	0	2	3	4.63628e-03	-6.19210e-01	1.71816e+01
110	0	56	0	2	3	3.87130e-03	-5.73093e-01	1.62312e+01
110	0	57	0	2	3	4.10668e-03	-5.75280e-01	1.69587e+01
110	0	58	0	2	3	3.99140e-03	-5.76882e-01	1.64002e+01
110	0	59	0	2	3	4.29499e-03	-6.07770e-01	1.80184e+01
110	0	60	0	2	3	3.73827e-03	-5.59620e-01	1.56720e+01
110	0	61	0	2	3	3.15856e-03	-5.07237e-01	1.54771e+01
110	0	62	0	2	3	4.39454e-03	-5.99613e-01	1.65707e+01
110	0	63	0	2	3	4.05075e-03	-5.80522e-01	1.58267e+01
110	0	64	0	2	3	3.89639e-03	-5.72728e-01	1.65664e+01
110	0	65	0	2	3	4.06983e-03	-5.78911e-01	1.67780e+01
110	0	66	0	2	3	4.21189e-03	-6.07811e-01	1.75155e+01
110	0	67	0	2	3	3.38488e-03	-5.31466e-01	1.61388e+01
110	0	68	0	2	3	4.05756e-03	-5.92896e-01	1.65139e+01
110	0	69	0	2	3	3.76428e-03	-5.49839e-01	1.57144e+01
110	0	70	0	2	3	4.27223e-03	-6.17363e-01	1.70291e+01
110	0	71	0	2	3	4.57249e-03	-6.15947e-01	1.73625e+01
110	0	72	0	2	3	3.88237e-03	-5.79244e-01	1.61591e+01
110	0	73	0	2	3	4.42128e-03	-6.07012e-01	1.66486e+01
110	0	74	0	2	3	4.57389e-03	-6.29139e-01	1.70518e+01
110	0	75	0	2	3	4.20813e-03	-5.89384e-01	1.66255e+01
110	0	76	0	2	3	3.57774e-03	-5.47092e-01	1.55735e+01
110	0	77	0	2	3	3.86935e-03	-5.65182e-01	1.65228e+01
110	0	78	0	2	3	4.28535e-03	-6.07335e-01	1.70100e+01
110	0	79	0	2	3	4.48353e-03	-6.05523e-01	1.67946e+01
110	0	80	0	2	3	4.04662e-03	-5.81264e-01	1.62888e+01
110	0	81	0	2	3	4.23338e-03	-5.81469e-01	1.64014e+01
110	0	82	0	2	3	4.28006e-03	-5.94574e-01	1.70166e+01
110	0	83	0	2	3	4.64788e-03	-6.23212e-01	1.70810e+01
110	0	84	0	2	3	3.50106e-03	-5.40229e-01	1.60234e+01
110	0	85	0	2	3	4.13648e-03	-5.80020e-01	1.67599e+01
110	0	86	0	2	3	4.55647e-03	-6.28464e-01	1.74238e+01
110	0	87	0	2	3	4.43472e-03	-6.16274e-01	1.78445e+01
110	0	88	0	2	3	3.78587e-03	-5.55393e-01	1.56376e+01
110	0	89	0	2	3	4.29035e-03	-5.97151e-01	1.67471e+01
110	0	90	0	2	3	4.14337e-03	-5.87997e-01	1.64004e+01
110	0	91	0	2	3	4.35229e-03	-6.10416e-01	1.76428e+01
110	0	92	0	2	3	3.86525e-03	-5.78713e-01	1.71709e+01
110	0	93	0	2	3	4.01229e-03	-5.72731e-01	1.60292e+01
110	0	94	0	2	3	4.06108e-03	-6.03006e-01	1.76343e+01
110	0	95	0	2	3	4.63314e-03	-6.26607e-01	1.77425e+01
110	0	96	0	2	3	3.51058e-03	-5.55794e-01	1.64815e+01
110	0	97	0	2	3	3.88799e-03	-5.62388e-01	1.66087e+01
110	0	98	0	2	3	4.53231e-03	-6.28121e-01	1.76745e+01
110	0	99	0	2	3	4.56399e-03	-6.13334e-01	1.62581e+01
110	0	100	0	2	3	3.73389e-03	-5.63592e-01	1.60781e+01
110	0	101	0	2	3	4.06563e-03	-5.75785e-01	1.67629e+01
110	0	102	0	2	3	4.59865e-03	-6.32897e-01	1.76455e+01
110	0	103	0	2	3	4.22917e-03	-6.01243e-01	1.70139e+01
110	0	104	0	2	3	4.03295e-03	-5.84298e-01	1.65499e+01
110	0	105	0	2	3	4.43137e-03	-6.05338e-01	1.68350e+01
110	0	106	0	2	3	4.50729e-03	-6.17705e-01	1.71742e+01
110	0	107	0	2	3	4.77177e-03	-6.21540e-01	1.64963e+01
110	0	108	0	2	3	3.80922e-03	-5.74549e-01	1.63490e+01
110	0	109	0	2	3	3.53964e-03	-5.41757e-01	1.56285e+01
110	0	110	0	2	3	4.47440e-03	-6.19551e-01	1.70756e+01
110	0	111	0	2	3	4.44674e-03	-6.15348e-01	1.70913e+01
110	0	112	0	2	3	4.58033e-03	-6.11645e-01	1.65231e+01
110	0	113	0	2	3	4.85368e-03	-6.34719e-01	1.72609e+01
110	0	114	0	2	3	3.57994e-03	-5.50329e-01	1.69225e+01
110	0	115	0	2	3	4.87789e-03	-6.39156e-01	1.73933e+01
110	0	116	0	2	3	3.47011e-03	-5.48505e-01	1.65321e+01
110	0	117	0	2	3	3.41621e-03	-5.31148e-01	1.64148e+01
110	0	118	0	2	3	4.16399e-03	-6.03813e-01	1.72418e+01
110	0	119	0	2	3	4.81800e-03	-6.24209e-01	1.61162e+01
110	0	120	0	2	3	3.14437e-03	-5.30196e-01	1.63948e+01
110	0	121	0	2	3	4.38167e-03	-5.99719e-01	1.53667e+01
110	0	122	0	2	3	3.95545e-03	-5.82866e-01	1.73829e+01
110	0	123	0	2	3	4.71713e-03	-6.32771e-01	1.77325e+01
110	0	124	0	2	3	3.75840e-03	-5.68343e-01	1.66276e+01
110	0	125	0	2	3	3.89894e-03	-5.62908e-01	1.40790e+01
110	0	126	0	2	3	3.06830e-03	-5.08376e-01	1.47731e+01
110	0	127	0	2	3	4.21656e-03	-5.86562e-01	1.64454e+01
110	0	128	0	2	3	4.20954e-03	-6.31978e-01	1.84318e+01
110	0	129	0	2	3	3.06954e-03	-5.41869e-01	1.65008e+01
110	0	130	0	2	3	2.63398e-03	-5.07001e-01	1.70916e+01
110	0	131	0	2	3	2.09422e-03	-4.50754e-01	1.47563e+01
110	0	132	0	2	3	3.78279e-03	-5.86693e-01	1.78122e+01
110	0	133	0	2	3	3.81654e-03	-5.69016e-01	1.67788e+01
110	0	134	0	2	3	3.56341e-03	-5.74259e-01	1.70694e+01
110	0	135	0	2	3	4.00896e-03	-5.91417e-01	1.76076e+01
110	0	136	0	2	3	4.27856e-03	-6.05864e-01	1.66806e+01
110	0	137	0	2	3	1.51155e-03	-4.19019e-01	1.47386e+01
110	0	138	0	2	3	3.47740e-03	-5.73733e-01	1.75035e+01
110	0	139	0	2	3	4.31274e-03	-6.11874e-01	1.73863e+01
110	0	140	0	2	3	2.31291e-03	-4.81087e-01	1.59235e+01
110	0	141	0	2	3	3.86326e-03	-5.87331e-01	1.64459e+01
110	0	142	0	2	3	3.29455e-03	-5.41195e-01	1.70848e+01
110	0	143	0	2	3	3.10730e-03	-5.23883e-01	1.54934e+01
110	0	144	0	2	3	2.87863e-03	-5.16971e-01	1.59725e+01
110	0	145	0	2	3	3.14048e-03	-5.16950e-01	1.56158e+01
110	0	146	0	2	3	3.49124e-03	-5.60622e-01	1.65437e+01
110	0	147	0	2	3	3.42795e-03	-5.53042e-01	1.67132e+01
110	0	148	0	2	3	2.65793e-03	-5.10967e-01	1.63243e+01
110	0	149	0	2	3	3.27739e-03	-5.34002e-01	1.60682e+01
110	0	150	0	2	3	3.00518e-03	-5.27380e-01	1.62923e+01
110	0	151	0	2	3	2.97847e-03	-5.25705e-01	1.60172e+01
110	0	152	0	2	3	3.94519e-03	-6.10821e-01	1.84844e+01
110	0	153	0	2	3	5.42740e-03	-7.12841e-01	1.97781e+01
110	0	154	0	2	3	3.34310e-03	-5.41931e-01	1.66203e+01
110	0	155	0	2	3	1.32134e-03	-4.11287e-01	1.34839e+01
110	0	156	0	2	3	-2.72143e-03	-8.11639e-02	8.67457e+00
110	0	157	0	2	3	-7.78062e-03	2.67619e-01	1.81670e+00
110	0	158	0	2	3	-2.42909e-02	1.51691e+00	-2.08598e+01
110	0	159	0	2	3	-9.96756e-03	4.26093e-01	-5.38668e-01
#######################################################################
# BFT D                                                               #
#######################################################################
110	1	0	0	2	3	-5.27073e-03	9.57744e-02	6.31533e+00
110	1	1	0	2	3	-1.54332e-02	8.19547e-01	-6.67125e+00
110	1	2	0	2	3	2.39703e-04	-2.82953e-01	1.16687e+01
110	1	3	0	2	3	1.07510e-03	-3.66483e-01	1.37720e+01
110	1	4	0	2	3	1.32899e-03	-3.60712e-01	1.33694e+01
110	1	5	0	2	3	-7.61564e-03	2.75094e-01	2.42540e+00
110	1	6	0	2	3	4.58398e-03	-6.19172e-01	1.73638e+01
110	1	7	0	2	3	1.45959e-03	-3.82634e-01	1.36531e+01
110	1	8	0	2	3	3.87887e-03	-5.83003e-01	1.74833e+01
110	1	9	0	2	3	4.06534e-05	-2.93933e-01	1.26485e+01
110	1	10	0	2	3	4.24694e-03	-6.10196e-01	1.67433e+01
110	1	11	0	2	3	2.75246e-03	-4.96343e-01	1.57807e+01
110	1	12	0	2	3	2.23869e-03	-4.46429e-01	1.37833e+01
110	1	13	0	2	3	3.36498e-03	-5.35899e-01	1.61800e+01
110	1	14	0	2	3	4.04609e-03	-5.91953e-01	1.73134e+01
110	1	15	0	2	3	3.03675e-03	-5.13274e-01	1.56974e+01
110	1	16	0	2	3	2.81792e-03	-5.02755e-01	1.50668e+01
110	1	17	0	2	3	3.47408e-03	-5.33949e-01	1.61084e+01
110	1	18	0	2	3	5.25732e-03	-6.70356e-01	1.72719e+01
110	1	19	0	2	3	4.27540e-03	-6.03678e-01	1.79049e+01
110	1	20	0	2	3	4.81665e-03	-6.51336e-01	1.80684e+01
110	1	21	0	2	3	2.10845e-03	-4.38154e-01	1.47114e+01
110	1	22	0	2	3	4.73495e-03	-6.27311e-01	1.69763e+01
110	1	23	0	2	3	2.38035e-03	-4.50536e-01	1.40994e+01
110	1	24	0	2	3	3.38513e-03	-5.36206e-01	1.64027e+01
110	1	25	0	2	3	3.83825e-03	-5.65938e-01	1.64468e+01
110	1	26	0	2	3	3.77211e-03	-5.75706e-01	1.72137e+01
110	1	27	0	2	3	3.74854e-03	-5.61739e-01	1.71684e+01
110	1	28	0	2	3	4.22357e-03	-6.00462e-01	1.65189e+01
110	1	29	0	2	3	3.63253e-03	-5.48488e-01	1.62447e+01
110	1	30	0	2	3	3.96033e-03	-5.76779e-01	1.62868e+01
110	1	31	0	2	3	3.57697e-03	-5.56584e-01	1.66901e+01
110	1	32	0	2	3	4.09774e-03	-5.92121e-01	1.78706e+01
110	1	33	0	2	3	3.82976e-03	-5.70748e-01	1.56543e+01
110	1	34	0	2	3	4.12908e-03	-5.84631e-01	1.59598e+01
110	1	35	0	2	3	4.01572e-03	-5.90496e-01	1.82915e+01
110	1	36	0	2	3	4.00908e-03	-5.74857e-01	1.69900e+01
110	1	37	0	2	3	3.39639e-03	-5.31551e-01	1.51691e+01
110	1	38	0	2	3	4.16295e-03	-5.92027e-01	1.65788e+01
110	1	39	0	2	3	4.03604e-03	-5.79111e-01	1.70610e+01
110	1	40	0	2	3	3.70240e-03	-5.56722e-01	1.56402e+01
110	1	41	0	2	3	3.51257e-03	-5.37656e-01	1.56483e+01
110	1	42	0	2	3	3.93270e-03	-5.67781e-01	1.62655e+01
110	1	43	0	2	3	4.32632e-03	-5.99280e-01	1.75624e+01
110	1	44	0	2	3	3.94687e-03	-5.79217e-01	1.61789e+01
110	1	45	0	2	3	4.34737e-03	-6.06222e-01	1.72267e+01
110	1	46	0	2	3	3.92842e-03	-5.81826e-01	1.62652e+01
110	1	47	0	2	3	4.07047e-03	-6.00738e-01	1.80508e+01
110	1	48	0	2	3	3.87045e-03	-5.68205e-01	1.66184e+01
110	1	49	0	2	3	3.89594e-03	-5.65812e-01	1.66719e+01
110	1	50	0	2	3	4.17075e-03	-5.92714e-01	1.60520e+01
110	1	51	0	2	3	3.92044e-03	-5.71385e-01	1.74497e+01
110	1	52	0	2	3	3.87133e-03	-5.86959e-01	1.64036e+01
110	1	53	0	2	3	3.04029e-03	-5.09618e-01	1.57244e+01
110	1	54	0	2	3	4.45212e-03	-6.19521e-01	1.77630e+01
110	1	55	0	2	3	4.40939e-03	-6.09593e-01	1.83147e+01
110	1	56	0	2	3	3.94691e-03	-5.92298e-01	1.75058e+01
110	1	57	0	2	3	3.88838e-03	-5.73519e-01	1.74214e+01
110	1	58	0	2	3	4.10124e-03	-6.01798e-01	1.85153e+01
110	1	59	0	2	3	3.91840e-03	-5.85351e-01	1.79622e+01
110	1	60	0	2	3	4.40845e-03	-6.17842e-01	1.76920e+01
110	1	61	0	2	3	4.23184e-03	-5.82990e-01	1.70079e+01
110	1	62	0	2	3	3.99075e-03	-5.80716e-01	1.59003e+01
110	1	63	0	2	3	3.83681e-03	-5.68003e-01	1.66104e+01
110	1	64	0	2	3	3.40956e-03	-5.47076e-01	1.68204e+01
110	1	65	0	2	3	4.10790e-03	-5.90340e-01	1.63763e+01
110	1	66	0	2	3	4.61670e-03	-6.36783e-01	1.70827e+01
110	1	67	0	2	3	4.31578e-03	-6.07718e-01	1.67770e+01
110	1	68	0	2	3	3.48793e-03	-5.38913e-01	1.49621e+01
110	1	69	0	2	3	3.90089e-03	-5.72600e-01	1.61047e+01
110	1	70	0	2	3	4.18531e-03	-5.96725e-01	1.73818e+01
110	1	71	0	2	3	4.12579e-03	-6.01037e-01	1.69647e+01
110	1	72	0	2	3	3.60138e-03	-5.53504e-01	1.61894e+01
110	1	73	0	2	3	4.35650e-03	-6.16138e-01	1.77466e+01
110	1	74	0	2	3	4.02926e-03	-5.86092e-01	1.59705e+01
110	1	75	0	2	3	4.12148e-03	-5.96802e-01	1.72665e+01
110	1	76	0	2	3	3.66182e-03	-5.59087e-01	1.61689e+01
110	1	77	0	2	3	3.37851e-03	-5.43390e-01	1.63796e+01
110	1	78	0	2	3	3.87633e-03	-5.80181e-01	1.59160e+01
110	1	79	0	2	3	4.66518e-03	-6.31451e-01	1.67889e+01
110	1	80	0	2	3	3.77621e-03	-5.60315e-01	1.59869e+01
110	1	81	0	2	3	4.17237e-03	-5.89776e-01	1.63303e+01
110	1	82	0	2	3	3.88269e-03	-5.74010e-01	1.72229e+01
110	1	83	0	2	3	4.01788e-03	-5.67905e-01	1.61470e+01
110	1	84	0	2	3	3.24706e-03	-5.19136e-01	1.48214e+01
110	1	85	0	2	3	3.77249e-03	-5.57223e-01	1.59561e+01
110	1	86	0	2	3	4.48452e-03	-6.17083e-01	1.77329e+01
110	1	87	0	2	3	3.86499e-03	-5.66342e-01	1.50105e+01
110	1	88	0	2	3	3.25395e-03	-5.26995e-01	1.59196e+01
110	1	89	0	2	3	3.80564e-03	-5.71868e-01	1.60705e+01
110	1	90	0	2	3	4.41235e-03	-6.09705e-01	1.65366e+01
110	1	91	0	2	3	3.95161e-03	-5.75295e-01	1.59660e+01
110	1	92	0	2	3	3.54724e-03	-5.44117e-01	1.58545e+01
110	1	93	0	2	3	4.04088e-03	-5.78977e-01	1.66216e+01
110	1	94	0	2	3	3.79529e-03	-5.73720e-01	1.62093e+01
110	1	95	0	2	3	4.13378e-03	-5.92027e-01	1.65944e+01
110	1	96	0	2	3	3.42888e-03	-5.42265e-01	1.55764e+01
110	1	97	0	2	3	4.42065e-03	-6.07108e-01	1.65744e+01
110	1	98	0	2	3	4.35913e-03	-6.23992e-01	1.83803e+01
110	1	99	0	2	3	4.37779e-03	-6.07478e-01	1.70003e+01
110	1	100	0	2	3	3.23870e-03	-5.17491e-01	1.56404e+01
110	1	101	0	2	3	4.01958e-03	-5.74925e-01	1.58575e+01
110	1	102	0	2	3	4.48982e-03	-6.26968e-01	1.76124e+01
110	1	103	0	2	3	3.54991e-03	-5.45040e-01	1.57578e+01
110	1	104	0	2	3	4.88269e-03	-6.45990e-01	1.79597e+01
110	1	105	0	2	3	3.90245e-03	-5.73437e-01	1.57718e+01
110	1	106	0	2	3	4.22364e-03	-6.04806e-01	1.70250e+01
110	1	107	0	2	3	4.42048e-03	-6.08793e-01	1.60868e+01
110	1	108	0	2	3	3.36046e-03	-5.35985e-01	1.67326e+01
110	1	109	0	2	3	3.33505e-03	-5.30960e-01	1.55032e+01
110	1	110	0	2	3	3.18648e-03	-5.32791e-01	1.60445e+01
110	1	111	0	2	3	3.76210e-03	-5.75175e-01	1.69660e+01
110	1	112	0	2	3	3.45817e-03	-5.45665e-01	1.60613e+01
110	1	113	0	2	3	3.46621e-03	-5.43191e-01	1.63525e+01
110	1	114	0	2	3	4.09422e-03	-5.93985e-01	1.66645e+01
110	1	115	0	2	3	4.46792e-03	-6.10258e-01	1.71209e+01
110	1	116	0	2	3	3.41596e-03	-5.44949e-01	1.62328e+01
110	1	117	0	2	3	2.72297e-03	-4.87643e-01	1.42555e+01
110	1	118	0	2	3	3.79667e-03	-5.68002e-01	1.57228e+01
110	1	119	0	2	3	4.21865e-03	-5.91140e-01	1.61794e+01
110	1	120	0	2	3	3.79179e-03	-5.67135e-01	1.62999e+01
110	1	121	0	2	3	3.66540e-03	-5.53130e-01	1.62205e+01
110	1	122	0	2	3	4.63350e-03	-6.33949e-01	1.89126e+01
110	1	123	0	2	3	4.80773e-03	-6.44423e-01	1.84350e+01
110	1	124	0	2	3	3.84631e-03	-5.61143e-01	1.57449e+01
110	1	125	0	2	3	2.71170e-03	-4.94018e-01	1.56728e+01
110	1	126	0	2	3	4.03284e-03	-5.81463e-01	1.68429e+01
110	1	127	0	2	3	4.61613e-03	-6.25936e-01	1.77353e+01
110	1	128	0	2	3	3.43775e-03	-5.72325e-01	1.76476e+01
110	1	129	0	2	3	3.59969e-03	-5.81240e-01	1.77280e+01
110	1	130	0	2	3	2.78375e-03	-5.07845e-01	1.52845e+01
110	1	131	0	2	3	3.46976e-03	-5.46539e-01	1.63132e+01
110	1	132	0	2	3	4.19648e-03	-6.18883e-01	1.85110e+01
110	1	133	0	2	3	2.58306e-03	-4.83110e-01	1.49837e+01
110	1	134	0	2	3	3.64195e-03	-5.77058e-01	1.65940e+01
110	1	135	0	2	3	3.95737e-03	-5.77087e-01	1.59895e+01
110	1	136	0	2	3	4.68219e-03	-6.46038e-01	1.89427e+01
110	1	137	0	2	3	4.75454e-03	-6.45971e-01	1.74062e+01
110	1	138	0	2	3	4.28815e-03	-6.06826e-01	1.73546e+01
110	1	139	0	2	3	3.78506e-03	-5.72690e-01	1.61681e+01
110	1	140	0	2	3	3.10873e-03	-5.34611e-01	1.60260e+01
110	1	141	0	2	3	4.78508e-03	-6.50186e-01	1.79366e+01
110	1	142	0	2	3	3.85780e-03	-5.79208e-01	1.64874e+01
110	1	143	0	2	3	3.73015e-03	-5.72377e-01	1.73267e+01
110	1	144	0	2	3	5.41790e-03	-7.08111e-01	1.94408e+01
110	1	145	0	2	3	4.14959e-03	-5.89006e-01	1.69891e+01
110	1	146	0	2	3	3.65855e-03	-5.76545e-01	1.69424e+01
110	1	147	0	2	3	4.77501e-03	-6.46028e-01	1.72072e+01
110	1	148	0	2	3	3.76298e-03	-5.75121e-01	1.61924e+01
110	1	149	0	2	3	3.40411e-03	-5.37378e-01	1.65269e+01
110	1	150	0	2	3	3.56932e-03	-5.55102e-01	1.58012e+01
110	1	151	0	2	3	4.43326e-03	-6.19858e-01	1.75359e+01
110	1	152	0	2	3	2.52814e-03	-4.96780e-01	1.65592e+01
110	1	153	0	2	3	3.07929e-03	-5.23677e-01	1.67793e+01
110	1	154	0	2	3	3.64376e-03	-5.61736e-01	1.58079e+01
110	1	155	0	2	3	4.30724e-03	-6.06993e-01	1.72005e+01
110	1	156	0	2	3	2.91760e-03	-5.12613e-01	1.58398e+01
110	1	157	0	2	3	4.10199e-03	-6.29766e-01	1.91818e+01
110	1	158	0	2	3	1.49468e-04	-2.99403e-01	1.24149e+01
110	1	159	0	2	3	-1.71936e-03	-1.66948e-01	1.04134e+01
