##
#  file: HodoPHCParam_Dummy
#  date: 2016.06.15
#  note: first version
#
#
#######################################################################
# CId	PlId	Seg	UorD	Type	nParam	p0	p1	...
#
#	Type=0 no correction will be performed
#	Type=1 ct=t-p[0]/sqrt(a-p[1])+p[2]
#	Type=2 ct=p[0]*a*a + p[1]*a + p[2] for Fiber
#
#######################################################################
# BH1 Up                                                              #
#######################################################################
1	0	0	0	1	3	5.08705e+00	-1.98362e+00	2.93454e+00
1	0	1	0	1	3	6.69706e-01	2.91546e-01	8.10244e-01
1	0	2	0	1	3	5.01779e-01	3.94271e-01	6.64278e-01
1	0	3	0	1	3	7.45330e-01	1.66754e-01	8.56036e-01
1	0	4	0	1	3	8.52890e-01	8.60054e-02	9.27134e-01
1	0	5	0	1	3	1.69981e+00	-1.50393e-01	1.62794e+00
1	0	6	0	1	3	1.58582e+00	-2.35346e-01	1.46587e+00
1	0	7	0	1	3	1.61970e+00	-1.46184e-01	1.54504e+00
1	0	8	0	1	3	1.37546e+00	-2.52696e-01	1.28233e+00
1	0	9	0	1	3	1.74814e+00	-2.76223e-01	1.64100e+00
1	0	10	0	1	3	1.60339e+01	-4.62629e+00	6.81205e+00
#######################################################################
# BH1 Down                                                            #
#######################################################################
1	0	0	1	1	3	1.33519e+00	-9.13138e-02	1.27257e+00
1	0	1	1	1	3	6.24909e-01	2.88647e-01	7.65429e-01
1	0	2	1	1	3	6.68954e-01	2.21542e-01	7.45264e-01
1	0	3	1	1	3	1.32364e+00	-4.57464e-01	1.08318e+00
1	0	4	1	1	3	1.18002e+00	-7.91080e-02	1.17008e+00
1	0	5	1	1	3	2.07299e+00	-4.79828e-01	1.70935e+00
1	0	6	1	1	3	1.96000e+00	-5.20196e-01	1.63958e+00
1	0	7	1	1	3	1.89852e+00	-4.50289e-01	1.60743e+00
1	0	8	1	1	3	1.02469e+00	-6.73213e-02	1.04734e+00
1	0	9	1	1	3	1.64894e+00	-1.85977e-01	1.61292e+00
1	0	10	1	1	3	7.15603e-01	2.22738e-01	8.54972e-01
#######################################################################
# BH2 Up                                                              #
#######################################################################
2	0	0	0	1	3	1.43047e-01	2.98695e-01	2.00085e-01
2	0	1	0	1	3	8.79554e-01	-2.31747e-01	7.85839e-01
2	0	2	0	1	3	5.94572e-01	-4.97541e-01	4.68956e-01
2	0	3	0	1	3	1.91725e-01	3.94747e-02	1.91115e-01
2	0	4	0	1	3	3.31184e-01	-9.38469e-02	3.15823e-01
2	0	5	0	1	3	1.99769e-01	2.70254e-01	2.37321e-01
2	0	6	0	1	3	2.58948e-01	2.41832e-01	3.10133e-01
2	0	7	0	1	3	3.50426e-01	8.80094e-02	3.70898e-01
#######################################################################
# BH2 Down                                                            #
#######################################################################
2	0	0	1	1	3	3.94607e-01	-1.85207e-01	3.84440e-01
2	0	1	1	1	3	9.92155e-01	-3.85817e-01	8.32122e-01
2	0	2	1	1	3	4.10986e-01	-9.27803e-02	3.90143e-01
2	0	3	1	1	3	1.76416e-01	4.84160e-02	1.75490e-01
2	0	4	1	1	3	2.42956e-01	1.23979e-01	2.64593e-01
2	0	5	1	1	3	3.57967e-01	4.32013e-02	3.63973e-01
2	0	6	1	1	3	1.22093e+00	-6.67168e-01	9.30075e-01
2	0	7	1	1	3	2.92156e-01	-4.36810e-03	2.98702e-01
#######################################################################
# BAC                                                                 #
#######################################################################
3	0	0	0	1	3	0.00000e+00	0.00000e+00	0.00000e+00
3	0	1	0	1	3	0.00000e+00	0.00000e+00	0.00000e+00
#######################################################################
# FBH Up                                                              #
#######################################################################
4	0	0	0	2	3	-5.62952e-03	8.96903e-01	-3.53273e+01
4	0	1	0	2	3	-4.29399e-03	7.37975e-01	-3.00049e+01
4	0	2	0	2	3	-5.26894e-03	8.67305e-01	-3.38992e+01
4	0	3	0	2	3	-3.80183e-03	6.69237e-01	-2.72260e+01
4	0	4	0	2	3	-4.35014e-03	7.35785e-01	-2.92008e+01
4	0	5	0	2	3	-4.02541e-03	6.86907e-01	-2.70312e+01
4	0	6	0	2	3	-4.16660e-03	7.08229e-01	-2.81512e+01
4	0	7	0	2	3	-3.93117e-03	6.84759e-01	-2.69101e+01
4	0	8	0	2	3	-4.14423e-03	6.96902e-01	-2.65883e+01
4	0	9	0	2	3	-2.83372e-03	5.62925e-01	-2.20787e+01
4	0	10	0	2	3	-4.07944e-03	7.09420e-01	-2.75603e+01
4	0	11	0	2	3	-3.50961e-03	6.50113e-01	-2.64167e+01
4	0	12	0	2	3	-3.52415e-03	6.49734e-01	-2.67232e+01
4	0	13	0	2	3	-4.13420e-03	7.26957e-01	-2.99675e+01
4	0	14	0	2	3	-4.90315e-03	8.27563e-01	-3.35630e+01
4	0	15	0	2	3	-4.73048e-03	8.13189e-01	-3.31901e+01
#######################################################################
# FBH Down                                                            #
#######################################################################
4	0	0	1	2	3	-5.62952e-03	8.96903e-01	-3.53273e+01
4	0	1	1	2	3	-4.29399e-03	7.37975e-01	-3.00049e+01
4	0	2	1	2	3	-5.26894e-03	8.67305e-01	-3.38992e+01
4	0	3	1	2	3	-3.80183e-03	6.69237e-01	-2.72260e+01
4	0	4	1	2	3	-4.35014e-03	7.35785e-01	-2.92008e+01
4	0	5	1	2	3	-4.02541e-03	6.86907e-01	-2.70312e+01
4	0	6	1	2	3	-4.16660e-03	7.08229e-01	-2.81512e+01
4	0	7	1	2	3	-3.93117e-03	6.84759e-01	-2.69101e+01
4	0	8	1	2	3	-4.14423e-03	6.96902e-01	-2.65883e+01
4	0	9	1	2	3	-2.83372e-03	5.62925e-01	-2.20787e+01
4	0	10	1	2	3	-4.07944e-03	7.09420e-01	-2.75603e+01
4	0	11	1	2	3	-3.50961e-03	6.50113e-01	-2.64167e+01
4	0	12	1	2	3	-3.52415e-03	6.49734e-01	-2.67232e+01
4	0	13	1	2	3	-4.13420e-03	7.26957e-01	-2.99675e+01
4	0	14	1	2	3	-4.90315e-03	8.27563e-01	-3.35630e+01
4	0	15	1	2	3	-4.73048e-03	8.13189e-01	-3.31901e+01
#######################################################################
# PVAC                                                                #
#######################################################################
5	0	0	0	1	3	0.00000e+00	0.00000e+00	0.00000e+00
#######################################################################
# FAC                                                                 #
#######################################################################
6	0	0	0	1	3	0.00000e+00	0.00000e+00	0.00000e+00
#######################################################################
# SCH                                                                 #
#######################################################################
#7	0	0	0	2	3	-0.00500000	0.821213	-32.185321
#7	0	1	0	2	3	-0.00500000	0.830248	-32.269563
#7	0	2	0	2	3	-0.00500000	0.793073	-29.315934
#7	0	3	0	2	3	-0.00500000	0.772144	-28.276705
#7	0	4	0	2	3	-0.00500000	0.801968	-30.687167
#7	0	5	0	2	3	-0.00500000	0.778300	-28.439251
#7	0	6	0	2	3	-0.00500000	0.765872	-27.918181
#7	0	7	0	2	3	-0.00500000	0.738459	-26.016797
#7	0	8	0	2	3	-0.00500000	0.778318	-28.676371
#7	0	9	0	2	3	-0.00500000	0.776670	-28.892887
#7	0	10	0	2	3	-0.00500000	0.764278	-28.122474
#7	0	11	0	2	3	-0.00500000	0.790742	-29.423647
#7	0	12	0	2	3	-0.00500000	0.811330	-30.487019
#7	0	13	0	2	3	-0.00500000	0.818750	-30.891512
#7	0	14	0	2	3	-0.00500000	0.802541	-30.009136
#7	0	15	0	2	3	-0.00500000	0.809525	-30.751746
#7	0	16	0	2	3	-0.00500000	0.802597	-30.845509
#7	0	17	0	2	3	-0.00500000	0.835028	-32.780792
#7	0	18	0	2	3	-0.00500000	0.859176	-33.938731
#7	0	19	0	2	3	-0.00500000	0.814851	-31.445396
#7	0	20	0	2	3	-0.00500000	0.809426	-30.781087
#7	0	21	0	2	3	-0.00500000	0.780678	-28.888756
#7	0	22	0	2	3	-0.00500000	0.808206	-30.719604
#7	0	23	0	2	3	-0.00500000	0.774024	-27.858339
#7	0	24	0	2	3	-0.00500000	0.794308	-29.022101
#7	0	25	0	2	3	-0.00500000	0.775649	-27.980186
#7	0	26	0	2	3	-0.00500000	0.788483	-28.687567
#7	0	27	0	2	3	-0.00466315	0.771386	-29.253260
#7	0	28	0	2	3	-0.00483132	0.790854	-28.637741
#7	0	29	0	2	3	-0.00497049	0.812994	-30.786914
#7	0	30	0	2	3	-0.00500000	0.787793	-28.362716
#7	0	31	0	2	3	-0.00500000	0.790759	-28.876812
#7	0	32	0	2	3	-0.00500000	0.824826	-31.655285
#7	0	33	0	2	3	-0.00500000	0.845304	-33.407765
#7	0	34	0	2	3	-0.00500000	0.832263	-32.939799
#7	0	35	0	2	3	-0.00500000	0.820631	-31.695372
#7	0	36	0	2	3	-0.00500000	0.836997	-33.200590
#7	0	37	0	2	3	-0.00500000	0.819690	-32.097193
#7	0	38	0	2	3	-0.00500000	0.808109	-31.263214
#7	0	39	0	2	3	-0.00500000	0.815224	-31.135523
#7	0	40	0	2	3	-0.00500000	0.803398	-29.897923
#7	0	41	0	2	3	-0.00500000	0.815685	-31.165519
#7	0	42	0	2	3	-0.00500000	0.812980	-30.737261
#7	0	43	0	2	3	-0.00500000	0.829418	-32.693307
#7	0	44	0	2	3	-0.00500000	0.789530	-29.464920
#7	0	45	0	2	3	-0.00500000	0.804789	-31.208151
#7	0	46	0	2	3	-0.00500000	0.830106	-32.806514
#7	0	47	0	2	3	-0.00500000	0.819206	-31.373242
#7	0	48	0	2	3	-0.00500000	0.816165	-31.709319
#7	0	49	0	2	3	-0.00500000	0.798496	-30.201709
#7	0	50	0	2	3	-0.00500000	0.812167	-31.795745
#7	0	51	0	2	3	-0.00500000	0.810749	-31.375226
#7	0	52	0	2	3	-0.00500000	0.803385	-31.372512
#7	0	53	0	2	3	-0.00500000	0.777405	-29.262831
#7	0	54	0	2	3	-0.00500000	0.783954	-29.763410
#7	0	55	0	2	3	-0.00500000	0.789443	-29.976449
#7	0	56	0	2	3	-0.00500000	0.838828	-33.261086
#7	0	57	0	2	3	-0.00500000	0.804421	-30.573195
#7	0	58	0	2	3	-0.00500000	0.773283	-29.111048
#7	0	59	0	2	3	-0.00500000	0.811789	-31.449459
#7	0	60	0	2	3	-0.00500000	0.759724	-28.110014
#7	0	61	0	2	3	-0.00500000	0.810884	-31.379063
#7	0	62	0	2	3	-0.00500000	0.771910	-28.435006
#7	0	63	0	2	3	-0.00500000	0.796658	-30.511906
#######################################################################
# TOF Up                                                              #
#######################################################################
7	0	0	0	1	3	5.24830e+00	-1.96630e+00	2.96170e+00
7	0	1	0	1	3	5.24830e+00	-1.96630e+00	2.96170e+00
7	0	2	0	1	3	5.24830e+00	-1.96630e+00	2.96170e+00
7	0	3	0	1	3	5.24830e+00	-1.96630e+00	2.96170e+00
7	0	4	0	1	3	5.24830e+00	-1.96630e+00	2.96170e+00
7	0	5	0	1	3	5.24830e+00	-1.96630e+00	2.96170e+00
7	0	6	0	1	3	6.97090e+00	-3.03520e+00	3.39910e+00
7	0	7	0	1	3	4.05450e+00	-1.96150e+00	2.30360e+00
7	0	8	0	1	3	1.16940e+02	-2.98600e+01	2.09880e+01
7	0	9	0	1	3	5.24830e+00	-1.96630e+00	2.96170e+00
7	0	10	0	1	3	5.24830e+00	-1.96630e+00	2.96170e+00
7	0	11	0	1	3	5.24830e+00	-1.96630e+00	2.96170e+00
7	0	12	0	1	3	5.24830e+00	-1.96630e+00	2.96170e+00
7	0	13	0	1	3	5.24830e+00	-1.96630e+00	2.96170e+00
7	0	14	0	1	3	5.24830e+00	-1.96630e+00	2.96170e+00
7	0	15	0	1	3	5.24830e+00	-1.96630e+00	2.96170e+00
7	0	16	0	1	3	5.24830e+00	-1.96630e+00	2.96170e+00
7	0	17	0	1	3	5.24830e+00	-1.96630e+00	2.96170e+00
7	0	18	0	1	3	5.24830e+00	-1.96630e+00	2.96170e+00
7	0	19	0	1	3	7.11491e-01	1.85180e-03	5.82402e-01
7	0	20	0	1	3	5.59404e-01	-1.73810e-03	4.50716e-01
7	0	21	0	1	3	8.92499e-01	1.99900e-03	7.37364e-01
7	0	22	0	1	3	6.37553e-01	1.99960e-03	5.45449e-01
7	0	23	0	1	3	1.19210e+00	1.98920e-03	9.99994e-01
#######################################################################
# TOF Down                                                            #
#######################################################################
7	0	0	1	1	3	5.84300e+00	-2.30730e+00	3.11320e+00
7	0	1	1	1	3	5.84300e+00	-2.30730e+00	3.11320e+00
7	0	2	1	1	3	5.84300e+00	-2.30730e+00	3.11320e+00
7	0	3	1	1	3	5.84300e+00	-2.30730e+00	3.11320e+00
7	0	4	1	1	3	5.84300e+00	-2.30730e+00	3.11320e+00
7	0	5	1	1	3	5.84300e+00	-2.30730e+00	3.11320e+00
7	0	6	1	1	3	1.41330e+01	-5.81170e+00	5.32680e+00
7	0	7	1	1	3	7.84850e+01	-2.02870e+01	1.69500e+01
7	0	8	1	1	3	2.20240e+02	-3.62440e+01	3.60080e+01
7	0	9	1	1	3	5.84300e+00	-2.30730e+00	3.11320e+00
7	0	10	1	1	3	5.84300e+00	-2.30730e+00	3.11320e+00
7	0	11	1	1	3	5.84300e+00	-2.30730e+00	3.11320e+00
7	0	12	1	1	3	5.84300e+00	-2.30730e+00	3.11320e+00
7	0	13	1	1	3	5.84300e+00	-2.30730e+00	3.11320e+00
7	0	14	1	1	3	5.84300e+00	-2.30730e+00	3.11320e+00
7	0	15	1	1	3	5.84300e+00	-2.30730e+00	3.11320e+00
7	0	16	1	1	3	5.84300e+00	-2.30730e+00	3.11320e+00
7	0	17	1	1	3	5.84300e+00	-2.30730e+00	3.11320e+00
7	0	18	1	1	3	5.84300e+00	-2.30730e+00	3.11320e+00
7	0	19	1	1	3	6.18741e-01	1.99860e-03	4.90831e-01
7	0	20	1	1	3	5.75901e-01	1.04210e-03	4.72509e-01
7	0	21	1	1	3	9.41046e-01	1.99890e-03	7.79357e-01
7	0	22	1	1	3	4.84266e-01	-1.95590e-03	3.99786e-01
7	0	23	1	1	3	8.97714e-01	1.99860e-03	7.56300e-01
#######################################################################
# BFT U                                                               #
#######################################################################
110	0	0	0	2	3	4.22955e-03	-6.01112e-01	1.55499e+01
110	0	1	0	2	3	1.72693e-03	-3.89864e-01	1.12518e+01
110	0	2	0	2	3	4.18660e-03	-5.88721e-01	1.49020e+01
110	0	3	0	2	3	4.47805e-03	-6.04252e-01	1.42482e+01
110	0	4	0	2	3	3.88326e-03	-5.66790e-01	1.49326e+01
110	0	5	0	2	3	2.66010e-03	-4.62742e-01	1.32102e+01
110	0	6	0	2	3	4.48696e-03	-6.06845e-01	1.48097e+01
110	0	7	0	2	3	4.14429e-03	-5.70515e-01	1.48328e+01
110	0	8	0	2	3	4.15299e-03	-5.87421e-01	1.48043e+01
110	0	9	0	2	3	3.19056e-03	-5.03087e-01	1.44886e+01
110	0	10	0	2	3	3.62650e-03	-5.49264e-01	1.33177e+01
110	0	11	0	2	3	3.05776e-03	-4.93381e-01	1.43194e+01
110	0	12	0	2	3	3.76088e-03	-5.56340e-01	1.36552e+01
110	0	13	0	2	3	3.71343e-03	-5.46475e-01	1.53498e+01
110	0	14	0	2	3	4.15532e-03	-5.83733e-01	1.40053e+01
110	0	15	0	2	3	5.75307e-03	-7.02115e-01	1.82428e+01
110	0	16	0	2	3	3.80664e-03	-5.57289e-01	1.34548e+01
110	0	17	0	2	3	4.72246e-03	-6.15489e-01	1.61109e+01
110	0	18	0	2	3	3.65316e-03	-5.53819e-01	1.34001e+01
110	0	19	0	2	3	4.64688e-03	-6.17105e-01	1.42608e+01
110	0	20	0	2	3	3.39771e-03	-5.26921e-01	1.33583e+01
110	0	21	0	2	3	3.66958e-03	-5.41463e-01	1.61321e+01
110	0	22	0	2	3	4.03668e-03	-5.82070e-01	1.43784e+01
110	0	23	0	2	3	4.76529e-03	-6.18062e-01	1.62238e+01
110	0	24	0	2	3	4.13935e-03	-5.78634e-01	1.45568e+01
110	0	25	0	2	3	3.50365e-03	-5.23232e-01	1.50060e+01
110	0	26	0	2	3	3.92255e-03	-5.72718e-01	1.52332e+01
110	0	27	0	2	3	4.15494e-03	-5.70277e-01	1.52109e+01
110	0	28	0	2	3	3.93250e-03	-5.63743e-01	1.24463e+01
110	0	29	0	2	3	3.86091e-03	-5.50264e-01	1.44598e+01
110	0	30	0	2	3	4.02164e-03	-5.79773e-01	1.41524e+01
110	0	31	0	2	3	4.56589e-03	-6.10610e-01	1.61615e+01
110	0	32	0	2	3	3.99401e-03	-5.78666e-01	1.44394e+01
110	0	33	0	2	3	4.57029e-03	-5.78681e-01	1.35397e+01
110	0	34	0	2	3	4.12678e-03	-5.82321e-01	1.41662e+01
110	0	35	0	2	3	4.25440e-03	-5.94106e-01	1.58777e+01
110	0	36	0	2	3	3.52919e-03	-5.32893e-01	1.31662e+01
110	0	37	0	2	3	4.35954e-03	-5.97951e-01	1.68321e+01
110	0	38	0	2	3	4.06284e-03	-5.72257e-01	1.33786e+01
110	0	39	0	2	3	4.44376e-03	-5.98803e-01	1.55378e+01
110	0	40	0	2	3	3.99306e-03	-5.61630e-01	1.34839e+01
110	0	41	0	2	3	4.36724e-03	-5.91565e-01	1.64813e+01
110	0	42	0	2	3	4.10518e-03	-5.74790e-01	1.43407e+01
110	0	43	0	2	3	4.84240e-03	-6.37681e-01	1.70272e+01
110	0	44	0	2	3	3.87153e-03	-5.65056e-01	1.38354e+01
110	0	45	0	2	3	4.52831e-03	-5.99182e-01	1.61046e+01
110	0	46	0	2	3	4.67385e-03	-6.29382e-01	1.51767e+01
110	0	47	0	2	3	4.91600e-03	-6.44403e-01	1.82141e+01
110	0	48	0	2	3	3.93755e-03	-5.62238e-01	1.26729e+01
110	0	49	0	2	3	4.44414e-03	-5.98096e-01	1.66103e+01
110	0	50	0	2	3	4.60066e-03	-6.14291e-01	1.50295e+01
110	0	51	0	2	3	4.60362e-03	-6.10876e-01	1.57292e+01
110	0	52	0	2	3	3.62270e-03	-5.40053e-01	1.28551e+01
110	0	53	0	2	3	4.47412e-03	-5.97187e-01	1.53327e+01
110	0	54	0	2	3	4.39258e-03	-6.00529e-01	1.44241e+01
110	0	55	0	2	3	4.77890e-03	-6.22512e-01	1.68043e+01
110	0	56	0	2	3	3.98047e-03	-5.80818e-01	1.50870e+01
110	0	57	0	2	3	4.51170e-03	-6.04500e-01	1.61781e+01
110	0	58	0	2	3	3.91775e-03	-5.71266e-01	1.50296e+01
110	0	59	0	2	3	4.65614e-03	-6.31282e-01	1.70725e+01
110	0	60	0	2	3	3.91925e-03	-5.71701e-01	1.35876e+01
110	0	61	0	2	3	3.65252e-03	-5.41956e-01	1.47737e+01
110	0	62	0	2	3	4.63603e-03	-6.17751e-01	1.46132e+01
110	0	63	0	2	3	4.32149e-03	-5.93090e-01	1.46063e+01
110	0	64	0	2	3	4.00577e-03	-5.77146e-01	1.42808e+01
110	0	65	0	2	3	4.04686e-03	-5.75104e-01	1.53597e+01
110	0	66	0	2	3	4.40878e-03	-6.20571e-01	1.64072e+01
110	0	67	0	2	3	3.86818e-03	-5.64784e-01	1.53737e+01
110	0	68	0	2	3	4.05536e-03	-5.92711e-01	1.51898e+01
110	0	69	0	2	3	4.35280e-03	-5.92484e-01	1.51339e+01
110	0	70	0	2	3	4.28957e-03	-6.12719e-01	1.44927e+01
110	0	71	0	2	3	4.43829e-03	-6.05632e-01	1.58193e+01
110	0	72	0	2	3	4.03344e-03	-5.86960e-01	1.38731e+01
110	0	73	0	2	3	4.32278e-03	-5.99915e-01	1.51540e+01
110	0	74	0	2	3	4.57445e-03	-6.27874e-01	1.56289e+01
110	0	75	0	2	3	4.26717e-03	-5.89763e-01	1.51787e+01
110	0	76	0	2	3	3.61205e-03	-5.48767e-01	1.32161e+01
110	0	77	0	2	3	4.07349e-03	-5.80584e-01	1.54119e+01
110	0	78	0	2	3	4.08350e-03	-5.93956e-01	1.44053e+01
110	0	79	0	2	3	4.25219e-03	-5.91424e-01	1.52016e+01
110	0	80	0	2	3	4.12699e-03	-5.85560e-01	1.49177e+01
110	0	81	0	2	3	4.15602e-03	-5.76262e-01	1.48870e+01
110	0	82	0	2	3	4.59395e-03	-6.14780e-01	1.49038e+01
110	0	83	0	2	3	4.32412e-03	-6.02241e-01	1.53576e+01
110	0	84	0	2	3	3.97695e-03	-5.75534e-01	1.42052e+01
110	0	85	0	2	3	3.92869e-03	-5.65087e-01	1.50611e+01
110	0	86	0	2	3	4.48977e-03	-6.25509e-01	1.49571e+01
110	0	87	0	2	3	4.28416e-03	-6.03349e-01	1.60913e+01
110	0	88	0	2	3	3.79651e-03	-5.57530e-01	1.42121e+01
110	0	89	0	2	3	4.63043e-03	-6.18721e-01	1.56035e+01
110	0	90	0	2	3	4.23509e-03	-5.97600e-01	1.41312e+01
110	0	91	0	2	3	4.74634e-03	-6.35928e-01	1.55498e+01
110	0	92	0	2	3	4.71576e-03	-6.38954e-01	1.56981e+01
110	0	93	0	2	3	4.16565e-03	-5.81919e-01	1.46539e+01
110	0	94	0	2	3	4.11808e-03	-6.09869e-01	1.63120e+01
110	0	95	0	2	3	4.71254e-03	-6.28533e-01	1.61499e+01
110	0	96	0	2	3	4.00034e-03	-5.87951e-01	1.44683e+01
110	0	97	0	2	3	4.14550e-03	-5.83970e-01	1.55073e+01
110	0	98	0	2	3	4.18317e-03	-6.08371e-01	1.48952e+01
110	0	99	0	2	3	4.39128e-03	-5.98517e-01	1.54054e+01
110	0	100	0	2	3	3.74563e-03	-5.61351e-01	1.44472e+01
110	0	101	0	2	3	3.73148e-03	-5.59183e-01	1.50669e+01
110	0	102	0	2	3	5.06585e-03	-6.60510e-01	1.64689e+01
110	0	103	0	2	3	4.67932e-03	-6.28115e-01	1.58224e+01
110	0	104	0	2	3	4.41857e-03	-6.12195e-01	1.44851e+01
110	0	105	0	2	3	4.44378e-03	-6.01735e-01	1.51258e+01
110	0	106	0	2	3	4.60734e-03	-6.30370e-01	1.59481e+01
110	0	107	0	2	3	4.23381e-03	-5.88376e-01	1.44566e+01
110	0	108	0	2	3	4.16273e-03	-5.97320e-01	1.51047e+01
110	0	109	0	2	3	3.83540e-03	-5.67243e-01	1.45403e+01
110	0	110	0	2	3	4.37852e-03	-6.14487e-01	1.54373e+01
110	0	111	0	2	3	5.03306e-03	-6.58822e-01	1.62933e+01
110	0	112	0	2	3	3.92168e-03	-5.70549e-01	1.33066e+01
110	0	113	0	2	3	4.20051e-03	-5.87409e-01	1.48064e+01
110	0	114	0	2	3	4.88040e-03	-6.47119e-01	1.60771e+01
110	0	115	0	2	3	4.70440e-03	-6.24514e-01	1.54782e+01
110	0	116	0	2	3	4.03680e-03	-5.88040e-01	1.45569e+01
110	0	117	0	2	3	3.97303e-03	-5.73811e-01	1.56030e+01
110	0	118	0	2	3	4.61340e-03	-6.31782e-01	1.60328e+01
110	0	119	0	2	3	4.46175e-03	-6.02980e-01	1.41656e+01
110	0	120	0	2	3	4.23668e-03	-6.08075e-01	1.50699e+01
110	0	121	0	2	3	3.96445e-03	-5.69418e-01	1.31142e+01
110	0	122	0	2	3	3.53290e-03	-5.62224e-01	1.55610e+01
110	0	123	0	2	3	4.20161e-03	-5.93075e-01	1.52793e+01
110	0	124	0	2	3	4.02820e-03	-5.84435e-01	1.51712e+01
110	0	125	0	2	3	4.78566e-03	-6.02037e-01	1.27687e+01
110	0	126	0	2	3	3.87036e-03	-5.63417e-01	1.39934e+01
110	0	127	0	2	3	5.13596e-03	-6.53169e-01	1.59289e+01
110	0	128	0	2	3	3.03391e-03	-5.49577e-01	1.54003e+01
110	0	129	0	2	3	3.97017e-03	-5.91622e-01	1.54309e+01
110	0	130	0	2	3	3.94993e-03	-6.13658e-01	1.65167e+01
110	0	131	0	2	3	3.27356e-03	-5.39298e-01	1.47566e+01
110	0	132	0	2	3	4.27489e-03	-6.10517e-01	1.63075e+01
110	0	133	0	2	3	4.05602e-03	-5.88439e-01	1.54683e+01
110	0	134	0	2	3	3.20405e-03	-5.49009e-01	1.49884e+01
110	0	135	0	2	3	2.87717e-03	-5.11194e-01	1.35495e+01
110	0	136	0	2	3	3.33213e-03	-5.48615e-01	1.42567e+01
110	0	137	0	2	3	4.70743e-03	-6.43952e-01	1.69492e+01
110	0	138	0	2	3	8.62206e-04	-3.61739e-01	1.15746e+01
110	0	139	0	2	3	4.95577e-03	-6.54053e-01	1.54196e+01
110	0	140	0	2	3	2.57356e-03	-5.21193e-01	1.55129e+01
110	0	141	0	2	3	2.14854e-03	-4.76964e-01	1.30830e+01
110	0	142	0	2	3	4.01861e-03	-6.07615e-01	1.59276e+01
110	0	143	0	2	3	-8.37434e-03	3.34468e-01	-2.06630e+00
110	0	144	0	2	3	4.99138e-03	-6.86555e-01	1.66723e+01
110	0	145	0	2	3	3.99448e-03	-5.84775e-01	1.43238e+01
110	0	146	0	2	3	2.18934e-03	-4.58339e-01	1.29238e+01
110	0	147	0	2	3	-4.97269e-03	9.75058e-02	2.69075e+00
110	0	148	0	2	3	1.08508e-03	-3.86198e-01	1.13130e+01
110	0	149	0	2	3	-6.04381e-04	-2.59138e-01	9.71077e+00
110	0	150	0	2	3	6.71239e-03	-7.84441e-01	1.90163e+01
110	0	151	0	2	3	3.34999e-03	-5.65422e-01	1.54508e+01
110	0	152	0	2	3	1.47488e-03	-4.04010e-01	1.26620e+01
110	0	153	0	2	3	2.78752e-03	-5.07000e-01	1.43026e+01
110	0	154	0	2	3	4.02569e-03	-5.84023e-01	1.46778e+01
110	0	155	0	2	3	3.38950e-03	-5.31274e-01	1.25199e+01
110	0	156	0	2	3	5.72557e-03	-7.30579e-01	1.84217e+01
110	0	157	0	2	3	-4.74932e-04	-2.68765e-01	1.00006e+01
110	0	158	0	2	3	-9.01709e-03	3.98019e-01	-3.53193e+00
110	0	159	0	2	3	-4.88650e-03	7.45032e-02	3.06544e+00
#######################################################################
# BFT D                                                               #
#######################################################################
110	1	0	0	2	3	-6.87397e-05	-2.73507e-01	1.08179e+01
110	1	1	0	2	3	-3.37862e-03	-2.31722e-02	5.74083e+00
110	1	2	0	2	3	3.96986e-03	-5.76056e-01	1.54919e+01
110	1	3	0	2	3	3.76460e-03	-5.73693e-01	1.66421e+01
110	1	4	0	2	3	3.78282e-03	-5.66977e-01	1.54013e+01
110	1	5	0	2	3	2.71423e-03	-4.88749e-01	1.50533e+01
110	1	6	0	2	3	2.85258e-03	-5.03010e-01	1.31735e+01
110	1	7	0	2	3	3.40303e-03	-5.33255e-01	1.51994e+01
110	1	8	0	2	3	3.88636e-03	-5.69533e-01	1.56454e+01
110	1	9	0	2	3	3.21701e-03	-5.31918e-01	1.68201e+01
110	1	10	0	2	3	3.35892e-03	-5.37484e-01	1.49874e+01
110	1	11	0	2	3	4.77127e-03	-6.43312e-01	1.71996e+01
110	1	12	0	2	3	3.34127e-03	-5.39770e-01	1.44183e+01
110	1	13	0	2	3	3.09644e-03	-5.14145e-01	1.54886e+01
110	1	14	0	2	3	3.23949e-03	-5.38337e-01	1.42393e+01
110	1	15	0	2	3	4.25189e-03	-5.95945e-01	1.68027e+01
110	1	16	0	2	3	4.07581e-03	-5.93274e-01	1.54726e+01
110	1	17	0	2	3	4.11204e-03	-5.79757e-01	1.56562e+01
110	1	18	0	2	3	3.75744e-03	-5.71243e-01	1.44685e+01
110	1	19	0	2	3	4.36640e-03	-6.05082e-01	1.66268e+01
110	1	20	0	2	3	4.01497e-03	-5.89622e-01	1.57104e+01
110	1	21	0	2	3	4.15637e-03	-5.95953e-01	1.75283e+01
110	1	22	0	2	3	3.87694e-03	-5.70125e-01	1.48597e+01
110	1	23	0	2	3	3.57817e-03	-5.38668e-01	1.54789e+01
110	1	24	0	2	3	3.76829e-03	-5.67407e-01	1.58362e+01
110	1	25	0	2	3	3.83109e-03	-5.62093e-01	1.61055e+01
110	1	26	0	2	3	4.31196e-03	-6.09762e-01	1.54953e+01
110	1	27	0	2	3	3.65951e-03	-5.52961e-01	1.67162e+01
110	1	28	0	2	3	3.66147e-03	-5.61311e-01	1.55968e+01
110	1	29	0	2	3	3.53824e-03	-5.39857e-01	1.58295e+01
110	1	30	0	2	3	4.14988e-03	-5.94410e-01	1.54605e+01
110	1	31	0	2	3	4.56614e-03	-6.24392e-01	1.75689e+01
110	1	32	0	2	3	3.15814e-03	-5.23687e-01	1.54280e+01
110	1	33	0	2	3	3.43727e-03	-5.41518e-01	1.48914e+01
110	1	34	0	2	3	4.11237e-03	-5.83069e-01	1.47035e+01
110	1	35	0	2	3	4.22400e-03	-6.07068e-01	1.73653e+01
110	1	36	0	2	3	4.00043e-03	-5.79461e-01	1.59388e+01
110	1	37	0	2	3	3.58072e-03	-5.42565e-01	1.40661e+01
110	1	38	0	2	3	4.43538e-03	-6.11177e-01	1.66667e+01
110	1	39	0	2	3	4.05901e-03	-5.78615e-01	1.57447e+01
110	1	40	0	2	3	4.17680e-03	-5.88072e-01	1.48985e+01
110	1	41	0	2	3	3.68691e-03	-5.47721e-01	1.55383e+01
110	1	42	0	2	3	4.03455e-03	-5.73376e-01	1.51105e+01
110	1	43	0	2	3	4.37160e-03	-6.01672e-01	1.73238e+01
110	1	44	0	2	3	3.91923e-03	-5.77346e-01	1.48975e+01
110	1	45	0	2	3	3.76475e-03	-5.58727e-01	1.60187e+01
110	1	46	0	2	3	4.24564e-03	-6.01152e-01	1.52738e+01
110	1	47	0	2	3	4.22001e-03	-6.08993e-01	1.78843e+01
110	1	48	0	2	3	3.93271e-03	-5.73909e-01	1.54823e+01
110	1	49	0	2	3	3.59997e-03	-5.40950e-01	1.58780e+01
110	1	50	0	2	3	4.25248e-03	-5.99935e-01	1.49415e+01
110	1	51	0	2	3	4.18403e-03	-5.91050e-01	1.65511e+01
110	1	52	0	2	3	3.99840e-03	-5.89724e-01	1.50705e+01
110	1	53	0	2	3	3.58356e-03	-5.44482e-01	1.59492e+01
110	1	54	0	2	3	4.39648e-03	-6.16199e-01	1.64587e+01
110	1	55	0	2	3	3.87612e-03	-5.70105e-01	1.63024e+01
110	1	56	0	2	3	3.89634e-03	-5.89432e-01	1.51920e+01
110	1	57	0	2	3	4.16089e-03	-5.91328e-01	1.64039e+01
110	1	58	0	2	3	4.42904e-03	-6.29546e-01	1.78159e+01
110	1	59	0	2	3	4.55101e-03	-6.31474e-01	1.84767e+01
110	1	60	0	2	3	4.14509e-03	-5.96140e-01	1.59467e+01
110	1	61	0	2	3	4.29119e-03	-5.87621e-01	1.57908e+01
110	1	62	0	2	3	4.28072e-03	-6.01642e-01	1.49659e+01
110	1	63	0	2	3	4.04699e-03	-5.84093e-01	1.65988e+01
110	1	64	0	2	3	4.08032e-03	-5.93194e-01	1.62620e+01
110	1	65	0	2	3	4.27094e-03	-5.97739e-01	1.60966e+01
110	1	66	0	2	3	4.83637e-03	-6.53377e-01	1.60414e+01
110	1	67	0	2	3	4.34229e-03	-6.06786e-01	1.53831e+01
110	1	68	0	2	3	3.69238e-03	-5.54593e-01	1.39146e+01
110	1	69	0	2	3	4.06995e-03	-5.84198e-01	1.59393e+01
110	1	70	0	2	3	4.42076e-03	-6.16224e-01	1.64323e+01
110	1	71	0	2	3	3.97296e-03	-5.84902e-01	1.62091e+01
110	1	72	0	2	3	3.88391e-03	-5.74012e-01	1.51820e+01
110	1	73	0	2	3	4.00468e-03	-5.87054e-01	1.67717e+01
110	1	74	0	2	3	4.25069e-03	-5.99476e-01	1.47718e+01
110	1	75	0	2	3	4.33141e-03	-6.11657e-01	1.61432e+01
110	1	76	0	2	3	3.70755e-03	-5.61205e-01	1.47852e+01
110	1	77	0	2	3	4.04324e-03	-5.88343e-01	1.57041e+01
110	1	78	0	2	3	4.25055e-03	-6.02708e-01	1.48410e+01
110	1	79	0	2	3	4.55242e-03	-6.18988e-01	1.60641e+01
110	1	80	0	2	3	4.04229e-03	-5.78590e-01	1.48726e+01
110	1	81	0	2	3	4.23961e-03	-5.92303e-01	1.48701e+01
110	1	82	0	2	3	4.45045e-03	-6.13568e-01	1.64590e+01
110	1	83	0	2	3	4.25496e-03	-5.87099e-01	1.50824e+01
110	1	84	0	2	3	3.63813e-03	-5.44991e-01	1.37895e+01
110	1	85	0	2	3	4.13967e-03	-5.86656e-01	1.50786e+01
110	1	86	0	2	3	4.26221e-03	-6.04077e-01	1.61137e+01
110	1	87	0	2	3	4.22694e-03	-5.86057e-01	1.37712e+01
110	1	88	0	2	3	4.07354e-03	-5.85723e-01	1.54769e+01
110	1	89	0	2	3	3.83387e-03	-5.67276e-01	1.43892e+01
110	1	90	0	2	3	4.22873e-03	-5.99623e-01	1.49224e+01
110	1	91	0	2	3	4.21438e-03	-5.91462e-01	1.56946e+01
110	1	92	0	2	3	3.59584e-03	-5.48220e-01	1.44140e+01
110	1	93	0	2	3	4.21405e-03	-5.94345e-01	1.54259e+01
110	1	94	0	2	3	3.99964e-03	-5.86984e-01	1.58989e+01
110	1	95	0	2	3	4.03684e-03	-5.88102e-01	1.50532e+01
110	1	96	0	2	3	4.11124e-03	-5.85329e-01	1.47031e+01
110	1	97	0	2	3	4.18597e-03	-5.93342e-01	1.58527e+01
110	1	98	0	2	3	4.17528e-03	-6.10690e-01	1.65943e+01
110	1	99	0	2	3	4.18687e-03	-5.91615e-01	1.51178e+01
110	1	100	0	2	3	3.74144e-03	-5.48761e-01	1.45439e+01
110	1	101	0	2	3	3.75267e-03	-5.60089e-01	1.51128e+01
110	1	102	0	2	3	4.40790e-03	-6.20481e-01	1.59311e+01
110	1	103	0	2	3	4.64062e-03	-6.25447e-01	1.56293e+01
110	1	104	0	2	3	4.59374e-03	-6.22603e-01	1.58751e+01
110	1	105	0	2	3	4.35044e-03	-6.00310e-01	1.55075e+01
110	1	106	0	2	3	4.04237e-03	-5.89993e-01	1.61418e+01
110	1	107	0	2	3	4.26989e-03	-5.98361e-01	1.52963e+01
110	1	108	0	2	3	4.02646e-03	-5.82550e-01	1.59265e+01
110	1	109	0	2	3	3.75479e-03	-5.66801e-01	1.56160e+01
110	1	110	0	2	3	3.69686e-03	-5.66011e-01	1.49547e+01
110	1	111	0	2	3	3.91972e-03	-5.83936e-01	1.64501e+01
110	1	112	0	2	3	4.14048e-03	-5.92981e-01	1.52186e+01
110	1	113	0	2	3	4.27705e-03	-5.98588e-01	1.56023e+01
110	1	114	0	2	3	4.55027e-03	-6.31076e-01	1.57676e+01
110	1	115	0	2	3	5.33555e-03	-6.70031e-01	1.64723e+01
110	1	116	0	2	3	4.40607e-03	-6.13850e-01	1.57984e+01
110	1	117	0	2	3	3.87414e-03	-5.69741e-01	1.50735e+01
110	1	118	0	2	3	3.78127e-03	-5.69892e-01	1.41498e+01
110	1	119	0	2	3	3.90282e-03	-5.79813e-01	1.55126e+01
110	1	120	0	2	3	3.74931e-03	-5.64874e-01	1.46444e+01
110	1	121	0	2	3	3.55736e-03	-5.48941e-01	1.45199e+01
110	1	122	0	2	3	4.95764e-03	-6.57016e-01	1.75891e+01
110	1	123	0	2	3	3.94817e-03	-5.86456e-01	1.67907e+01
110	1	124	0	2	3	4.23369e-03	-5.89469e-01	1.45667e+01
110	1	125	0	2	3	3.38722e-03	-5.35234e-01	1.45429e+01
110	1	126	0	2	3	4.82089e-03	-6.38373e-01	1.61443e+01
110	1	127	0	2	3	3.75865e-03	-5.65130e-01	1.50072e+01
110	1	128	0	2	3	4.00709e-03	-5.97778e-01	1.60755e+01
110	1	129	0	2	3	4.46537e-03	-6.38043e-01	1.69424e+01
110	1	130	0	2	3	3.49283e-03	-5.74486e-01	1.50439e+01
110	1	131	0	2	3	4.50185e-03	-6.11634e-01	1.55814e+01
110	1	132	0	2	3	4.37695e-03	-6.30951e-01	1.69780e+01
110	1	133	0	2	3	5.23381e-03	-6.73532e-01	1.66620e+01
110	1	134	0	2	3	4.41652e-03	-6.39094e-01	1.71573e+01
110	1	135	0	2	3	3.13931e-03	-5.21053e-01	1.43752e+01
110	1	136	0	2	3	3.54339e-03	-5.71066e-01	1.61949e+01
110	1	137	0	2	3	4.26862e-03	-6.15363e-01	1.62864e+01
110	1	138	0	2	3	6.35927e-03	-7.58815e-01	1.83739e+01
110	1	139	0	2	3	2.89437e-03	-5.08749e-01	1.43934e+01
110	1	140	0	2	3	3.73320e-03	-5.63788e-01	1.47091e+01
110	1	141	0	2	3	5.23647e-03	-6.79063e-01	1.67819e+01
110	1	142	0	2	3	2.47732e-03	-4.85717e-01	1.33290e+01
110	1	143	0	2	3	2.79787e-03	-4.97224e-01	1.42300e+01
110	1	144	0	2	3	4.04092e-03	-6.10156e-01	1.70741e+01
110	1	145	0	2	3	3.61287e-03	-5.47953e-01	1.45342e+01
110	1	146	0	2	3	-6.19642e-03	1.80859e-01	9.78875e-01
110	1	147	0	2	3	2.06569e-03	-4.43484e-01	1.20252e+01
110	1	148	0	2	3	3.70229e-03	-5.77062e-01	1.47865e+01
110	1	149	0	2	3	7.97627e-04	-3.66737e-01	1.22585e+01
110	1	150	0	2	3	-7.10934e-03	2.27540e-01	1.10266e+00
110	1	151	0	2	3	8.47175e-03	-9.18813e-01	2.13476e+01
110	1	152	0	2	3	9.45502e-03	-1.00314e+00	2.41123e+01
110	1	153	0	2	3	-1.46457e-02	7.94929e-01	-9.02363e+00
110	1	154	0	2	3	4.49105e-03	-6.38208e-01	1.69094e+01
110	1	155	0	2	3	4.84962e-03	-6.42047e-01	1.52014e+01
110	1	156	0	2	3	-8.92760e-03	3.66728e-01	-1.74284e+00
110	1	157	0	2	3	3.42772e-03	-5.34145e-01	1.50610e+01
110	1	158	0	2	3	4.23467e-03	-6.22834e-01	1.69960e+01
110	1	159	0	2	3	4.74064e-04	-3.25180e-01	1.17467e+01
