##
#  file: HodoPHCParam_Dummy
#  date: 2016.06.15
#  note: first version
#
#
#######################################################################
# CId	PlId	Seg	UorD	Type	nParam	p0	p1	...
#
#	Type=0 no correction will be performed
#	Type=1 ct=t-p[0]/sqrt(a-p[1])+p[2]
#	Type=2 ct=p[0]*a*a + p[1]*a + p[2] for Fiber
#
#######################################################################
# BH1 Up                                                              #
#######################################################################
1	0	0	0	1	3	5.08705e+00	-1.98362e+00	2.93454e+00
1	0	1	0	1	3	6.69706e-01	2.91546e-01	8.10244e-01
1	0	2	0	1	3	5.01779e-01	3.94271e-01	6.64278e-01
1	0	3	0	1	3	7.45330e-01	1.66754e-01	8.56036e-01
1	0	4	0	1	3	8.52890e-01	8.60054e-02	9.27134e-01
1	0	5	0	1	3	1.69981e+00	-1.50393e-01	1.62794e+00
1	0	6	0	1	3	1.58582e+00	-2.35346e-01	1.46587e+00
1	0	7	0	1	3	1.61970e+00	-1.46184e-01	1.54504e+00
1	0	8	0	1	3	1.37546e+00	-2.52696e-01	1.28233e+00
1	0	9	0	1	3	1.74814e+00	-2.76223e-01	1.64100e+00
1	0	10	0	1	3	1.60339e+01	-4.62629e+00	6.81205e+00
#######################################################################
# BH1 Down                                                            #
#######################################################################
1	0	0	1	1	3	1.33519e+00	-9.13138e-02	1.27257e+00
1	0	1	1	1	3	6.24909e-01	2.88647e-01	7.65429e-01
1	0	2	1	1	3	6.68954e-01	2.21542e-01	7.45264e-01
1	0	3	1	1	3	1.32364e+00	-4.57464e-01	1.08318e+00
1	0	4	1	1	3	1.18002e+00	-7.91080e-02	1.17008e+00
1	0	5	1	1	3	2.07299e+00	-4.79828e-01	1.70935e+00
1	0	6	1	1	3	1.96000e+00	-5.20196e-01	1.63958e+00
1	0	7	1	1	3	1.89852e+00	-4.50289e-01	1.60743e+00
1	0	8	1	1	3	1.02469e+00	-6.73213e-02	1.04734e+00
1	0	9	1	1	3	1.64894e+00	-1.85977e-01	1.61292e+00
1	0	10	1	1	3	7.15603e-01	2.22738e-01	8.54972e-01
#######################################################################
# BH2 Up                                                              #
#######################################################################
2	0	0	0	1	3	1.43047e-01	2.98695e-01	2.00085e-01
2	0	1	0	1	3	8.79554e-01	-2.31747e-01	7.85839e-01
2	0	2	0	1	3	5.94572e-01	-4.97541e-01	4.68956e-01
2	0	3	0	1	3	1.91725e-01	3.94747e-02	1.91115e-01
2	0	4	0	1	3	3.31184e-01	-9.38469e-02	3.15823e-01
2	0	5	0	1	3	1.99769e-01	2.70254e-01	2.37321e-01
2	0	6	0	1	3	2.58948e-01	2.41832e-01	3.10133e-01
2	0	7	0	1	3	3.50426e-01	8.80094e-02	3.70898e-01
#######################################################################
# BH2 Down                                                            #
#######################################################################
2	0	0	1	1	3	3.94607e-01	-1.85207e-01	3.84440e-01
2	0	1	1	1	3	9.92155e-01	-3.85817e-01	8.32122e-01
2	0	2	1	1	3	4.10986e-01	-9.27803e-02	3.90143e-01
2	0	3	1	1	3	1.76416e-01	4.84160e-02	1.75490e-01
2	0	4	1	1	3	2.42956e-01	1.23979e-01	2.64593e-01
2	0	5	1	1	3	3.57967e-01	4.32013e-02	3.63973e-01
2	0	6	1	1	3	1.22093e+00	-6.67168e-01	9.30075e-01
2	0	7	1	1	3	2.92156e-01	-4.36810e-03	2.98702e-01
#######################################################################
# BAC                                                                 #
#######################################################################
3	0	0	0	1	3	0.00000e+00	0.00000e+00	0.00000e+00
3	0	1	0	1	3	0.00000e+00	0.00000e+00	0.00000e+00
#######################################################################
# FBH Up                                                              #
#######################################################################
4	0	0	0	2	3	-5.62952e-03	8.96903e-01	-3.53273e+01
4	0	1	0	2	3	-4.29399e-03	7.37975e-01	-3.00049e+01
4	0	2	0	2	3	-5.26894e-03	8.67305e-01	-3.38992e+01
4	0	3	0	2	3	-3.80183e-03	6.69237e-01	-2.72260e+01
4	0	4	0	2	3	-4.35014e-03	7.35785e-01	-2.92008e+01
4	0	5	0	2	3	-4.02541e-03	6.86907e-01	-2.70312e+01
4	0	6	0	2	3	-4.16660e-03	7.08229e-01	-2.81512e+01
4	0	7	0	2	3	-3.93117e-03	6.84759e-01	-2.69101e+01
4	0	8	0	2	3	-4.14423e-03	6.96902e-01	-2.65883e+01
4	0	9	0	2	3	-2.83372e-03	5.62925e-01	-2.20787e+01
4	0	10	0	2	3	-4.07944e-03	7.09420e-01	-2.75603e+01
4	0	11	0	2	3	-3.50961e-03	6.50113e-01	-2.64167e+01
4	0	12	0	2	3	-3.52415e-03	6.49734e-01	-2.67232e+01
4	0	13	0	2	3	-4.13420e-03	7.26957e-01	-2.99675e+01
4	0	14	0	2	3	-4.90315e-03	8.27563e-01	-3.35630e+01
4	0	15	0	2	3	-4.73048e-03	8.13189e-01	-3.31901e+01
#######################################################################
# FBH Down                                                            #
#######################################################################
4	0	0	1	2	3	-5.62952e-03	8.96903e-01	-3.53273e+01
4	0	1	1	2	3	-4.29399e-03	7.37975e-01	-3.00049e+01
4	0	2	1	2	3	-5.26894e-03	8.67305e-01	-3.38992e+01
4	0	3	1	2	3	-3.80183e-03	6.69237e-01	-2.72260e+01
4	0	4	1	2	3	-4.35014e-03	7.35785e-01	-2.92008e+01
4	0	5	1	2	3	-4.02541e-03	6.86907e-01	-2.70312e+01
4	0	6	1	2	3	-4.16660e-03	7.08229e-01	-2.81512e+01
4	0	7	1	2	3	-3.93117e-03	6.84759e-01	-2.69101e+01
4	0	8	1	2	3	-4.14423e-03	6.96902e-01	-2.65883e+01
4	0	9	1	2	3	-2.83372e-03	5.62925e-01	-2.20787e+01
4	0	10	1	2	3	-4.07944e-03	7.09420e-01	-2.75603e+01
4	0	11	1	2	3	-3.50961e-03	6.50113e-01	-2.64167e+01
4	0	12	1	2	3	-3.52415e-03	6.49734e-01	-2.67232e+01
4	0	13	1	2	3	-4.13420e-03	7.26957e-01	-2.99675e+01
4	0	14	1	2	3	-4.90315e-03	8.27563e-01	-3.35630e+01
4	0	15	1	2	3	-4.73048e-03	8.13189e-01	-3.31901e+01
#######################################################################
# PVAC                                                                #
#######################################################################
5	0	0	0	1	3	0.00000e+00	0.00000e+00	0.00000e+00
#######################################################################
# FAC                                                                 #
#######################################################################
6	0	0	0	1	3	0.00000e+00	0.00000e+00	0.00000e+00
#######################################################################
# SCH                                                                 #
#######################################################################
#7	0	0	0	2	3	-0.00500000	0.821213	-32.185321
#7	0	1	0	2	3	-0.00500000	0.830248	-32.269563
#7	0	2	0	2	3	-0.00500000	0.793073	-29.315934
#7	0	3	0	2	3	-0.00500000	0.772144	-28.276705
#7	0	4	0	2	3	-0.00500000	0.801968	-30.687167
#7	0	5	0	2	3	-0.00500000	0.778300	-28.439251
#7	0	6	0	2	3	-0.00500000	0.765872	-27.918181
#7	0	7	0	2	3	-0.00500000	0.738459	-26.016797
#7	0	8	0	2	3	-0.00500000	0.778318	-28.676371
#7	0	9	0	2	3	-0.00500000	0.776670	-28.892887
#7	0	10	0	2	3	-0.00500000	0.764278	-28.122474
#7	0	11	0	2	3	-0.00500000	0.790742	-29.423647
#7	0	12	0	2	3	-0.00500000	0.811330	-30.487019
#7	0	13	0	2	3	-0.00500000	0.818750	-30.891512
#7	0	14	0	2	3	-0.00500000	0.802541	-30.009136
#7	0	15	0	2	3	-0.00500000	0.809525	-30.751746
#7	0	16	0	2	3	-0.00500000	0.802597	-30.845509
#7	0	17	0	2	3	-0.00500000	0.835028	-32.780792
#7	0	18	0	2	3	-0.00500000	0.859176	-33.938731
#7	0	19	0	2	3	-0.00500000	0.814851	-31.445396
#7	0	20	0	2	3	-0.00500000	0.809426	-30.781087
#7	0	21	0	2	3	-0.00500000	0.780678	-28.888756
#7	0	22	0	2	3	-0.00500000	0.808206	-30.719604
#7	0	23	0	2	3	-0.00500000	0.774024	-27.858339
#7	0	24	0	2	3	-0.00500000	0.794308	-29.022101
#7	0	25	0	2	3	-0.00500000	0.775649	-27.980186
#7	0	26	0	2	3	-0.00500000	0.788483	-28.687567
#7	0	27	0	2	3	-0.00466315	0.771386	-29.253260
#7	0	28	0	2	3	-0.00483132	0.790854	-28.637741
#7	0	29	0	2	3	-0.00497049	0.812994	-30.786914
#7	0	30	0	2	3	-0.00500000	0.787793	-28.362716
#7	0	31	0	2	3	-0.00500000	0.790759	-28.876812
#7	0	32	0	2	3	-0.00500000	0.824826	-31.655285
#7	0	33	0	2	3	-0.00500000	0.845304	-33.407765
#7	0	34	0	2	3	-0.00500000	0.832263	-32.939799
#7	0	35	0	2	3	-0.00500000	0.820631	-31.695372
#7	0	36	0	2	3	-0.00500000	0.836997	-33.200590
#7	0	37	0	2	3	-0.00500000	0.819690	-32.097193
#7	0	38	0	2	3	-0.00500000	0.808109	-31.263214
#7	0	39	0	2	3	-0.00500000	0.815224	-31.135523
#7	0	40	0	2	3	-0.00500000	0.803398	-29.897923
#7	0	41	0	2	3	-0.00500000	0.815685	-31.165519
#7	0	42	0	2	3	-0.00500000	0.812980	-30.737261
#7	0	43	0	2	3	-0.00500000	0.829418	-32.693307
#7	0	44	0	2	3	-0.00500000	0.789530	-29.464920
#7	0	45	0	2	3	-0.00500000	0.804789	-31.208151
#7	0	46	0	2	3	-0.00500000	0.830106	-32.806514
#7	0	47	0	2	3	-0.00500000	0.819206	-31.373242
#7	0	48	0	2	3	-0.00500000	0.816165	-31.709319
#7	0	49	0	2	3	-0.00500000	0.798496	-30.201709
#7	0	50	0	2	3	-0.00500000	0.812167	-31.795745
#7	0	51	0	2	3	-0.00500000	0.810749	-31.375226
#7	0	52	0	2	3	-0.00500000	0.803385	-31.372512
#7	0	53	0	2	3	-0.00500000	0.777405	-29.262831
#7	0	54	0	2	3	-0.00500000	0.783954	-29.763410
#7	0	55	0	2	3	-0.00500000	0.789443	-29.976449
#7	0	56	0	2	3	-0.00500000	0.838828	-33.261086
#7	0	57	0	2	3	-0.00500000	0.804421	-30.573195
#7	0	58	0	2	3	-0.00500000	0.773283	-29.111048
#7	0	59	0	2	3	-0.00500000	0.811789	-31.449459
#7	0	60	0	2	3	-0.00500000	0.759724	-28.110014
#7	0	61	0	2	3	-0.00500000	0.810884	-31.379063
#7	0	62	0	2	3	-0.00500000	0.771910	-28.435006
#7	0	63	0	2	3	-0.00500000	0.796658	-30.511906
#######################################################################
# TOF Up                                                              #
#######################################################################
7	0	0	0	1	3	5.24830e+00	-1.96630e+00	2.96170e+00
7	0	1	0	1	3	5.24830e+00	-1.96630e+00	2.96170e+00
7	0	2	0	1	3	5.24830e+00	-1.96630e+00	2.96170e+00
7	0	3	0	1	3	5.24830e+00	-1.96630e+00	2.96170e+00
7	0	4	0	1	3	5.24830e+00	-1.96630e+00	2.96170e+00
7	0	5	0	1	3	5.24830e+00	-1.96630e+00	2.96170e+00
7	0	6	0	1	3	6.97090e+00	-3.03520e+00	3.39910e+00
7	0	7	0	1	3	4.05450e+00	-1.96150e+00	2.30360e+00
7	0	8	0	1	3	1.16940e+02	-2.98600e+01	2.09880e+01
7	0	9	0	1	3	5.24830e+00	-1.96630e+00	2.96170e+00
7	0	10	0	1	3	5.24830e+00	-1.96630e+00	2.96170e+00
7	0	11	0	1	3	5.24830e+00	-1.96630e+00	2.96170e+00
7	0	12	0	1	3	5.24830e+00	-1.96630e+00	2.96170e+00
7	0	13	0	1	3	5.24830e+00	-1.96630e+00	2.96170e+00
7	0	14	0	1	3	5.24830e+00	-1.96630e+00	2.96170e+00
7	0	15	0	1	3	5.24830e+00	-1.96630e+00	2.96170e+00
7	0	16	0	1	3	5.24830e+00	-1.96630e+00	2.96170e+00
7	0	17	0	1	3	5.24830e+00	-1.96630e+00	2.96170e+00
7	0	18	0	1	3	5.24830e+00	-1.96630e+00	2.96170e+00
7	0	19	0	1	3	7.11491e-01	1.85180e-03	5.82402e-01
7	0	20	0	1	3	5.59404e-01	-1.73810e-03	4.50716e-01
7	0	21	0	1	3	8.92499e-01	1.99900e-03	7.37364e-01
7	0	22	0	1	3	6.37553e-01	1.99960e-03	5.45449e-01
7	0	23	0	1	3	1.19210e+00	1.98920e-03	9.99994e-01
#######################################################################
# TOF Down                                                            #
#######################################################################
7	0	0	1	1	3	5.84300e+00	-2.30730e+00	3.11320e+00
7	0	1	1	1	3	5.84300e+00	-2.30730e+00	3.11320e+00
7	0	2	1	1	3	5.84300e+00	-2.30730e+00	3.11320e+00
7	0	3	1	1	3	5.84300e+00	-2.30730e+00	3.11320e+00
7	0	4	1	1	3	5.84300e+00	-2.30730e+00	3.11320e+00
7	0	5	1	1	3	5.84300e+00	-2.30730e+00	3.11320e+00
7	0	6	1	1	3	1.41330e+01	-5.81170e+00	5.32680e+00
7	0	7	1	1	3	7.84850e+01	-2.02870e+01	1.69500e+01
7	0	8	1	1	3	2.20240e+02	-3.62440e+01	3.60080e+01
7	0	9	1	1	3	5.84300e+00	-2.30730e+00	3.11320e+00
7	0	10	1	1	3	5.84300e+00	-2.30730e+00	3.11320e+00
7	0	11	1	1	3	5.84300e+00	-2.30730e+00	3.11320e+00
7	0	12	1	1	3	5.84300e+00	-2.30730e+00	3.11320e+00
7	0	13	1	1	3	5.84300e+00	-2.30730e+00	3.11320e+00
7	0	14	1	1	3	5.84300e+00	-2.30730e+00	3.11320e+00
7	0	15	1	1	3	5.84300e+00	-2.30730e+00	3.11320e+00
7	0	16	1	1	3	5.84300e+00	-2.30730e+00	3.11320e+00
7	0	17	1	1	3	5.84300e+00	-2.30730e+00	3.11320e+00
7	0	18	1	1	3	5.84300e+00	-2.30730e+00	3.11320e+00
7	0	19	1	1	3	6.18741e-01	1.99860e-03	4.90831e-01
7	0	20	1	1	3	5.75901e-01	1.04210e-03	4.72509e-01
7	0	21	1	1	3	9.41046e-01	1.99890e-03	7.79357e-01
7	0	22	1	1	3	4.84266e-01	-1.95590e-03	3.99786e-01
7	0	23	1	1	3	8.97714e-01	1.99860e-03	7.56300e-01
#######################################################################
# BFT U                                                               #
#######################################################################
110	0	0	0	2	3	3.91512e-03	-5.74610e-01	1.51329e+01
110	0	1	0	2	3	9.21967e-04	-3.39353e-01	1.06567e+01
110	0	2	0	2	3	4.04904e-03	-5.79675e-01	1.48965e+01
110	0	3	0	2	3	3.47046e-03	-5.35461e-01	1.32325e+01
110	0	4	0	2	3	4.09375e-03	-5.80951e-01	1.53145e+01
110	0	5	0	2	3	4.24169e-03	-5.79493e-01	1.54876e+01
110	0	6	0	2	3	3.22732e-03	-5.22059e-01	1.35726e+01
110	0	7	0	2	3	3.50329e-03	-5.19584e-01	1.40145e+01
110	0	8	0	2	3	3.91100e-03	-5.72812e-01	1.47126e+01
110	0	9	0	2	3	3.90670e-03	-5.64776e-01	1.59742e+01
110	0	10	0	2	3	3.05852e-03	-5.10943e-01	1.28133e+01
110	0	11	0	2	3	4.34996e-03	-5.96914e-01	1.65609e+01
110	0	12	0	2	3	3.52603e-03	-5.38158e-01	1.34779e+01
110	0	13	0	2	3	3.51913e-03	-5.27063e-01	1.50316e+01
110	0	14	0	2	3	4.63458e-03	-6.17383e-01	1.47362e+01
110	0	15	0	2	3	3.95603e-03	-5.71635e-01	1.61103e+01
110	0	16	0	2	3	2.98270e-03	-5.02133e-01	1.26757e+01
110	0	17	0	2	3	3.88598e-03	-5.59448e-01	1.53577e+01
110	0	18	0	2	3	3.99754e-03	-5.78070e-01	1.39892e+01
110	0	19	0	2	3	4.94662e-03	-6.37083e-01	1.47513e+01
110	0	20	0	2	3	3.64676e-03	-5.39578e-01	1.36573e+01
110	0	21	0	2	3	4.13058e-03	-5.72713e-01	1.68177e+01
110	0	22	0	2	3	3.92336e-03	-5.68109e-01	1.41539e+01
110	0	23	0	2	3	4.09631e-03	-5.68646e-01	1.55179e+01
110	0	24	0	2	3	4.30267e-03	-5.88747e-01	1.48590e+01
110	0	25	0	2	3	3.98313e-03	-5.59784e-01	1.58504e+01
110	0	26	0	2	3	4.28598e-03	-6.00636e-01	1.59385e+01
110	0	27	0	2	3	4.68621e-03	-6.08212e-01	1.60414e+01
110	0	28	0	2	3	3.46784e-03	-5.34804e-01	1.21745e+01
110	0	29	0	2	3	4.13335e-03	-5.66989e-01	1.48894e+01
110	0	30	0	2	3	4.12476e-03	-5.83889e-01	1.43296e+01
110	0	31	0	2	3	4.10836e-03	-5.74733e-01	1.56118e+01
110	0	32	0	2	3	3.84491e-03	-5.71719e-01	1.45605e+01
110	0	33	0	2	3	4.10330e-03	-5.51294e-01	1.33022e+01
110	0	34	0	2	3	3.86943e-03	-5.66649e-01	1.41188e+01
110	0	35	0	2	3	4.68304e-03	-6.26123e-01	1.66430e+01
110	0	36	0	2	3	4.20604e-03	-5.76122e-01	1.39993e+01
110	0	37	0	2	3	4.35211e-03	-5.93632e-01	1.68205e+01
110	0	38	0	2	3	4.29761e-03	-5.85943e-01	1.37133e+01
110	0	39	0	2	3	4.30007e-03	-5.88435e-01	1.55207e+01
110	0	40	0	2	3	3.78163e-03	-5.48572e-01	1.34503e+01
110	0	41	0	2	3	3.97118e-03	-5.59369e-01	1.59964e+01
110	0	42	0	2	3	4.57794e-03	-6.05880e-01	1.50041e+01
110	0	43	0	2	3	4.40698e-03	-6.06071e-01	1.66045e+01
110	0	44	0	2	3	4.32054e-03	-5.94603e-01	1.44768e+01
110	0	45	0	2	3	4.29809e-03	-5.82667e-01	1.59755e+01
110	0	46	0	2	3	4.57103e-03	-6.24560e-01	1.53203e+01
110	0	47	0	2	3	4.78873e-03	-6.34411e-01	1.81841e+01
110	0	48	0	2	3	3.73711e-03	-5.48655e-01	1.26073e+01
110	0	49	0	2	3	4.17651e-03	-5.78813e-01	1.64209e+01
110	0	50	0	2	3	4.47438e-03	-6.03247e-01	1.49746e+01
110	0	51	0	2	3	4.71078e-03	-6.17352e-01	1.59865e+01
110	0	52	0	2	3	3.56543e-03	-5.36096e-01	1.29627e+01
110	0	53	0	2	3	4.48909e-03	-5.97429e-01	1.54843e+01
110	0	54	0	2	3	4.26549e-03	-5.91922e-01	1.44426e+01
110	0	55	0	2	3	5.22305e-03	-6.58203e-01	1.76804e+01
110	0	56	0	2	3	4.11227e-03	-5.90503e-01	1.54340e+01
110	0	57	0	2	3	4.46600e-03	-6.01311e-01	1.62909e+01
110	0	58	0	2	3	4.10921e-03	-5.83668e-01	1.53901e+01
110	0	59	0	2	3	4.50811e-03	-6.19685e-01	1.70141e+01
110	0	60	0	2	3	3.95455e-03	-5.72726e-01	1.37391e+01
110	0	61	0	2	3	3.39989e-03	-5.24203e-01	1.46212e+01
110	0	62	0	2	3	4.66247e-03	-6.18405e-01	1.47688e+01
110	0	63	0	2	3	3.83003e-03	-5.59863e-01	1.42150e+01
110	0	64	0	2	3	3.90146e-03	-5.70668e-01	1.43453e+01
110	0	65	0	2	3	3.92115e-03	-5.66532e-01	1.53873e+01
110	0	66	0	2	3	4.56033e-03	-6.28668e-01	1.66539e+01
110	0	67	0	2	3	4.03297e-03	-5.76691e-01	1.57262e+01
110	0	68	0	2	3	3.81665e-03	-5.76702e-01	1.50951e+01
110	0	69	0	2	3	4.06291e-03	-5.72257e-01	1.49555e+01
110	0	70	0	2	3	4.47642e-03	-6.26305e-01	1.49038e+01
110	0	71	0	2	3	4.47081e-03	-6.09861e-01	1.60895e+01
110	0	72	0	2	3	3.91044e-03	-5.75560e-01	1.37863e+01
110	0	73	0	2	3	4.47666e-03	-6.09309e-01	1.54451e+01
110	0	74	0	2	3	4.49296e-03	-6.25826e-01	1.58259e+01
110	0	75	0	2	3	4.35951e-03	-5.97206e-01	1.54819e+01
110	0	76	0	2	3	3.75454e-03	-5.56690e-01	1.34726e+01
110	0	77	0	2	3	3.94076e-03	-5.67468e-01	1.52658e+01
110	0	78	0	2	3	4.41553e-03	-6.16893e-01	1.49508e+01
110	0	79	0	2	3	4.48692e-03	-6.07786e-01	1.56371e+01
110	0	80	0	2	3	3.96198e-03	-5.73687e-01	1.48722e+01
110	0	81	0	2	3	4.44816e-03	-5.95959e-01	1.53877e+01
110	0	82	0	2	3	4.46547e-03	-6.06650e-01	1.49488e+01
110	0	83	0	2	3	4.55488e-03	-6.16512e-01	1.57100e+01
110	0	84	0	2	3	3.67591e-03	-5.55389e-01	1.40497e+01
110	0	85	0	2	3	3.94237e-03	-5.66146e-01	1.52430e+01
110	0	86	0	2	3	4.49555e-03	-6.25798e-01	1.51300e+01
110	0	87	0	2	3	4.46964e-03	-6.15191e-01	1.64289e+01
110	0	88	0	2	3	3.72400e-03	-5.52188e-01	1.42804e+01
110	0	89	0	2	3	4.19264e-03	-5.87054e-01	1.52061e+01
110	0	90	0	2	3	4.48314e-03	-6.14885e-01	1.45912e+01
110	0	91	0	2	3	4.49961e-03	-6.18303e-01	1.53957e+01
110	0	92	0	2	3	4.12005e-03	-5.96490e-01	1.51386e+01
110	0	93	0	2	3	4.27127e-03	-5.86911e-01	1.48654e+01
110	0	94	0	2	3	4.69595e-03	-6.47879e-01	1.70594e+01
110	0	95	0	2	3	4.30981e-03	-5.99839e-01	1.58286e+01
110	0	96	0	2	3	3.98770e-03	-5.87413e-01	1.46229e+01
110	0	97	0	2	3	4.22687e-03	-5.90920e-01	1.58159e+01
110	0	98	0	2	3	4.29438e-03	-6.13903e-01	1.51173e+01
110	0	99	0	2	3	4.71124e-03	-6.20504e-01	1.59287e+01
110	0	100	0	2	3	3.63538e-03	-5.57409e-01	1.46164e+01
110	0	101	0	2	3	3.84059e-03	-5.62474e-01	1.52024e+01
110	0	102	0	2	3	4.96070e-03	-6.55196e-01	1.65754e+01
110	0	103	0	2	3	4.75446e-03	-6.30917e-01	1.59567e+01
110	0	104	0	2	3	3.98692e-03	-5.80113e-01	1.40642e+01
110	0	105	0	2	3	4.23261e-03	-5.87841e-01	1.50541e+01
110	0	106	0	2	3	4.62226e-03	-6.27744e-01	1.60017e+01
110	0	107	0	2	3	4.67413e-03	-6.21040e-01	1.51885e+01
110	0	108	0	2	3	3.99116e-03	-5.85540e-01	1.50885e+01
110	0	109	0	2	3	4.59704e-03	-6.16535e-01	1.54810e+01
110	0	110	0	2	3	4.36648e-03	-6.10567e-01	1.54656e+01
110	0	111	0	2	3	4.68044e-03	-6.35735e-01	1.60999e+01
110	0	112	0	2	3	4.20201e-03	-5.85010e-01	1.36359e+01
110	0	113	0	2	3	4.33757e-03	-5.92641e-01	1.49571e+01
110	0	114	0	2	3	4.60816e-03	-6.30925e-01	1.60010e+01
110	0	115	0	2	3	4.47833e-03	-6.06368e-01	1.52861e+01
110	0	116	0	2	3	3.46163e-03	-5.47199e-01	1.40074e+01
110	0	117	0	2	3	4.21368e-03	-5.89600e-01	1.59620e+01
110	0	118	0	2	3	4.50161e-03	-6.22583e-01	1.60093e+01
110	0	119	0	2	3	4.26115e-03	-5.89931e-01	1.40879e+01
110	0	120	0	2	3	3.84381e-03	-5.80060e-01	1.47627e+01
110	0	121	0	2	3	4.25698e-03	-5.87219e-01	1.35624e+01
110	0	122	0	2	3	4.38489e-03	-6.18654e-01	1.65881e+01
110	0	123	0	2	3	4.07273e-03	-5.76000e-01	1.49912e+01
110	0	124	0	2	3	5.26687e-03	-6.72328e-01	1.68815e+01
110	0	125	0	2	3	4.50813e-03	-5.91155e-01	1.28457e+01
110	0	126	0	2	3	4.66897e-03	-6.21533e-01	1.51436e+01
110	0	127	0	2	3	4.72446e-03	-6.24025e-01	1.56163e+01
110	0	128	0	2	3	3.31798e-03	-5.59582e-01	1.55048e+01
110	0	129	0	2	3	3.43902e-03	-5.58574e-01	1.50603e+01
110	0	130	0	2	3	3.86206e-03	-6.05364e-01	1.65080e+01
110	0	131	0	2	3	2.55782e-03	-4.75278e-01	1.34722e+01
110	0	132	0	2	3	2.73468e-03	-5.11925e-01	1.49461e+01
110	0	133	0	2	3	1.17788e-04	-3.03190e-01	1.05729e+01
110	0	134	0	2	3	-1.15172e-04	-3.10185e-01	1.09274e+01
110	0	135	0	2	3	1.55800e-03	-4.22750e-01	1.22351e+01
110	0	136	0	2	3	6.02205e-03	-7.16684e-01	1.68732e+01
110	0	137	0	2	3	4.31528e-03	-6.21934e-01	1.68114e+01
110	0	138	0	2	3	-5.52694e-03	1.06872e-01	3.27522e+00
110	0	139	0	2	3	3.20671e-03	-5.38480e-01	1.37578e+01
110	0	140	0	2	3	2.57088e-03	-5.20077e-01	1.55205e+01
110	0	141	0	2	3	5.58106e-03	-7.05518e-01	1.69585e+01
110	0	142	0	2	3	1.59704e-03	-4.00616e-01	1.16853e+01
110	0	143	0	2	3	3.42126e-03	-5.28355e-01	1.36905e+01
110	0	144	0	2	3	4.63743e-03	-6.35367e-01	1.54585e+01
110	0	145	0	2	3	4.52668e-03	-6.14217e-01	1.48615e+01
110	0	146	0	2	3	3.33503e-03	-5.59271e-01	1.53284e+01
110	0	147	0	2	3	4.06863e-03	-5.78132e-01	1.52606e+01
110	0	148	0	2	3	3.47775e-04	-3.48065e-01	1.10042e+01
110	0	149	0	2	3	-8.14513e-04	-2.29379e-01	9.12298e+00
110	0	150	0	2	3	4.97519e-03	-6.71683e-01	1.74360e+01
110	0	151	0	2	3	-6.42909e-03	1.88358e-01	1.36072e+00
110	0	152	0	2	3	8.24099e-04	-3.47894e-01	1.15820e+01
110	0	153	0	2	3	4.11997e-03	-6.21819e-01	1.68422e+01
110	0	154	0	2	3	2.39501e-03	-4.75573e-01	1.30983e+01
110	0	155	0	2	3	2.84118e-03	-5.06051e-01	1.24887e+01
110	0	156	0	2	3	4.84465e-04	-3.30136e-01	1.09321e+01
110	0	157	0	2	3	-2.30222e-03	-1.60528e-01	8.83567e+00
110	0	158	0	2	3	6.63453e-03	-7.91710e-01	1.90602e+01
110	0	159	0	2	3	1.97561e-03	-4.33916e-01	1.24244e+01
#######################################################################
# BFT D                                                               #
#######################################################################
110	1	0	0	2	3	-1.95820e-02	1.19352e+00	-1.61874e+01
110	1	1	0	2	3	2.22893e-03	-4.49944e-01	1.38941e+01
110	1	2	0	2	3	3.68079e-03	-5.66256e-01	1.56924e+01
110	1	3	0	2	3	2.38275e-03	-4.67795e-01	1.48010e+01
110	1	4	0	2	3	3.66532e-03	-5.53944e-01	1.52771e+01
110	1	5	0	2	3	2.87875e-03	-5.06981e-01	1.56645e+01
110	1	6	0	2	3	2.82574e-03	-5.05947e-01	1.34726e+01
110	1	7	0	2	3	3.85467e-03	-5.58247e-01	1.56205e+01
110	1	8	0	2	3	3.66562e-03	-5.51817e-01	1.54623e+01
110	1	9	0	2	3	3.90953e-03	-5.89903e-01	1.81242e+01
110	1	10	0	2	3	4.22152e-03	-5.97311e-01	1.61738e+01
110	1	11	0	2	3	3.44767e-03	-5.37742e-01	1.52824e+01
110	1	12	0	2	3	4.08288e-03	-5.91986e-01	1.54752e+01
110	1	13	0	2	3	3.49819e-03	-5.40190e-01	1.60355e+01
110	1	14	0	2	3	3.65032e-03	-5.65269e-01	1.48854e+01
110	1	15	0	2	3	3.28590e-03	-5.24378e-01	1.56759e+01
110	1	16	0	2	3	3.82825e-03	-5.70471e-01	1.51193e+01
110	1	17	0	2	3	3.07964e-03	-5.03957e-01	1.44406e+01
110	1	18	0	2	3	3.44924e-03	-5.41122e-01	1.39577e+01
110	1	19	0	2	3	4.25452e-03	-5.98748e-01	1.66994e+01
110	1	20	0	2	3	4.05431e-03	-5.96643e-01	1.60884e+01
110	1	21	0	2	3	3.83450e-03	-5.73182e-01	1.72971e+01
110	1	22	0	2	3	4.07173e-03	-5.82564e-01	1.51988e+01
110	1	23	0	2	3	3.62842e-03	-5.42519e-01	1.57342e+01
110	1	24	0	2	3	4.19183e-03	-6.00679e-01	1.66187e+01
110	1	25	0	2	3	3.91171e-03	-5.72208e-01	1.65345e+01
110	1	26	0	2	3	4.67103e-03	-6.34293e-01	1.60522e+01
110	1	27	0	2	3	4.17101e-03	-5.87839e-01	1.74561e+01
110	1	28	0	2	3	3.88249e-03	-5.77920e-01	1.60601e+01
110	1	29	0	2	3	3.63108e-03	-5.53371e-01	1.63772e+01
110	1	30	0	2	3	4.39001e-03	-6.10954e-01	1.59137e+01
110	1	31	0	2	3	4.33634e-03	-6.11669e-01	1.75976e+01
110	1	32	0	2	3	3.52421e-03	-5.50649e-01	1.60844e+01
110	1	33	0	2	3	3.59772e-03	-5.51584e-01	1.52098e+01
110	1	34	0	2	3	4.26271e-03	-5.93938e-01	1.50611e+01
110	1	35	0	2	3	3.82282e-03	-5.76087e-01	1.69474e+01
110	1	36	0	2	3	3.79590e-03	-5.62855e-01	1.57760e+01
110	1	37	0	2	3	3.81664e-03	-5.58945e-01	1.45104e+01
110	1	38	0	2	3	4.09444e-03	-5.85111e-01	1.63357e+01
110	1	39	0	2	3	4.19114e-03	-5.87252e-01	1.60402e+01
110	1	40	0	2	3	4.25082e-03	-5.91199e-01	1.50808e+01
110	1	41	0	2	3	3.54111e-03	-5.38542e-01	1.55598e+01
110	1	42	0	2	3	4.14922e-03	-5.81868e-01	1.54214e+01
110	1	43	0	2	3	3.86946e-03	-5.65708e-01	1.68621e+01
110	1	44	0	2	3	4.02588e-03	-5.85662e-01	1.52256e+01
110	1	45	0	2	3	3.56483e-03	-5.46118e-01	1.60021e+01
110	1	46	0	2	3	4.11104e-03	-5.92595e-01	1.53292e+01
110	1	47	0	2	3	3.96731e-03	-5.93814e-01	1.78489e+01
110	1	48	0	2	3	3.90683e-03	-5.69731e-01	1.55288e+01
110	1	49	0	2	3	3.76943e-03	-5.54102e-01	1.62861e+01
110	1	50	0	2	3	3.94058e-03	-5.76761e-01	1.46881e+01
110	1	51	0	2	3	4.21785e-03	-5.94121e-01	1.67633e+01
110	1	52	0	2	3	4.05637e-03	-5.92576e-01	1.52544e+01
110	1	53	0	2	3	3.40466e-03	-5.35525e-01	1.60346e+01
110	1	54	0	2	3	4.46649e-03	-6.20472e-01	1.66838e+01
110	1	55	0	2	3	4.16534e-03	-5.90178e-01	1.67972e+01
110	1	56	0	2	3	4.10935e-03	-6.03198e-01	1.55716e+01
110	1	57	0	2	3	3.94202e-03	-5.73999e-01	1.62158e+01
110	1	58	0	2	3	4.01815e-03	-5.97729e-01	1.73621e+01
110	1	59	0	2	3	4.45871e-03	-6.23235e-01	1.84559e+01
110	1	60	0	2	3	3.90813e-03	-5.80429e-01	1.58519e+01
110	1	61	0	2	3	3.92339e-03	-5.60108e-01	1.54398e+01
110	1	62	0	2	3	3.80612e-03	-5.68720e-01	1.45692e+01
110	1	63	0	2	3	4.51557e-03	-6.18912e-01	1.73829e+01
110	1	64	0	2	3	4.00417e-03	-5.88844e-01	1.63670e+01
110	1	65	0	2	3	4.09284e-03	-5.85698e-01	1.60479e+01
110	1	66	0	2	3	5.08246e-03	-6.68784e-01	1.64427e+01
110	1	67	0	2	3	4.43175e-03	-6.12437e-01	1.56292e+01
110	1	68	0	2	3	3.53291e-03	-5.42807e-01	1.38657e+01
110	1	69	0	2	3	4.07358e-03	-5.86206e-01	1.61621e+01
110	1	70	0	2	3	4.31618e-03	-6.09424e-01	1.64934e+01
110	1	71	0	2	3	4.16853e-03	-5.99647e-01	1.66478e+01
110	1	72	0	2	3	3.87112e-03	-5.71492e-01	1.52839e+01
110	1	73	0	2	3	4.18937e-03	-6.00975e-01	1.71973e+01
110	1	74	0	2	3	4.20649e-03	-5.96682e-01	1.48959e+01
110	1	75	0	2	3	4.09215e-03	-5.93447e-01	1.59662e+01
110	1	76	0	2	3	3.76010e-03	-5.65107e-01	1.50257e+01
110	1	77	0	2	3	4.13638e-03	-5.96324e-01	1.60360e+01
110	1	78	0	2	3	4.29276e-03	-6.04687e-01	1.50145e+01
110	1	79	0	2	3	4.47057e-03	-6.13785e-01	1.61495e+01
110	1	80	0	2	3	4.10931e-03	-5.85563e-01	1.51966e+01
110	1	81	0	2	3	3.94853e-03	-5.73886e-01	1.47632e+01
110	1	82	0	2	3	4.64554e-03	-6.30819e-01	1.69830e+01
110	1	83	0	2	3	3.96002e-03	-5.66901e-01	1.48908e+01
110	1	84	0	2	3	3.76032e-03	-5.52825e-01	1.40755e+01
110	1	85	0	2	3	3.92251e-03	-5.72873e-01	1.50386e+01
110	1	86	0	2	3	4.15748e-03	-5.94756e-01	1.60717e+01
110	1	87	0	2	3	4.31794e-03	-5.91458e-01	1.40098e+01
110	1	88	0	2	3	3.99881e-03	-5.79890e-01	1.55260e+01
110	1	89	0	2	3	3.77518e-03	-5.67071e-01	1.46181e+01
110	1	90	0	2	3	4.03686e-03	-5.84819e-01	1.47940e+01
110	1	91	0	2	3	4.32184e-03	-5.98146e-01	1.59577e+01
110	1	92	0	2	3	3.94729e-03	-5.69276e-01	1.48514e+01
110	1	93	0	2	3	3.83351e-03	-5.65712e-01	1.50693e+01
110	1	94	0	2	3	3.71448e-03	-5.66295e-01	1.56930e+01
110	1	95	0	2	3	4.28525e-03	-6.06059e-01	1.55370e+01
110	1	96	0	2	3	3.67455e-03	-5.56429e-01	1.44111e+01
110	1	97	0	2	3	3.98367e-03	-5.79618e-01	1.57808e+01
110	1	98	0	2	3	4.18171e-03	-6.11142e-01	1.67626e+01
110	1	99	0	2	3	4.37880e-03	-6.05063e-01	1.54906e+01
110	1	100	0	2	3	3.68810e-03	-5.45495e-01	1.46650e+01
110	1	101	0	2	3	3.99581e-03	-5.74850e-01	1.54732e+01
110	1	102	0	2	3	3.93017e-03	-5.87724e-01	1.55507e+01
110	1	103	0	2	3	4.38935e-03	-6.04952e-01	1.53798e+01
110	1	104	0	2	3	4.10495e-03	-5.88252e-01	1.54576e+01
110	1	105	0	2	3	3.95994e-03	-5.75540e-01	1.52950e+01
110	1	106	0	2	3	4.41129e-03	-6.17812e-01	1.68104e+01
110	1	107	0	2	3	4.82900e-03	-6.37788e-01	1.61572e+01
110	1	108	0	2	3	3.88085e-03	-5.71532e-01	1.58939e+01
110	1	109	0	2	3	3.59693e-03	-5.53603e-01	1.54942e+01
110	1	110	0	2	3	4.13069e-03	-5.97171e-01	1.56561e+01
110	1	111	0	2	3	4.23929e-03	-6.06425e-01	1.69870e+01
110	1	112	0	2	3	3.83709e-03	-5.70595e-01	1.49823e+01
110	1	113	0	2	3	4.07294e-03	-5.85104e-01	1.55460e+01
110	1	114	0	2	3	4.28920e-03	-6.10960e-01	1.55573e+01
110	1	115	0	2	3	4.93897e-03	-6.48562e-01	1.64062e+01
110	1	116	0	2	3	4.51751e-03	-6.21764e-01	1.60682e+01
110	1	117	0	2	3	3.69835e-03	-5.55709e-01	1.49231e+01
110	1	118	0	2	3	4.26767e-03	-6.02780e-01	1.48350e+01
110	1	119	0	2	3	4.34791e-03	-5.99731e-01	1.58104e+01
110	1	120	0	2	3	4.43907e-03	-6.18648e-01	1.57870e+01
110	1	121	0	2	3	5.12108e-03	-6.55020e-01	1.64196e+01
110	1	122	0	2	3	4.35407e-03	-6.19314e-01	1.72304e+01
110	1	123	0	2	3	5.19570e-03	-6.77188e-01	1.85398e+01
110	1	124	0	2	3	4.01761e-03	-5.77693e-01	1.46127e+01
110	1	125	0	2	3	4.02091e-03	-5.88587e-01	1.57873e+01
110	1	126	0	2	3	4.03828e-03	-5.81949e-01	1.53103e+01
110	1	127	0	2	3	4.34295e-03	-6.01317e-01	1.56512e+01
110	1	128	0	2	3	3.48556e-03	-5.72682e-01	1.59977e+01
110	1	129	0	2	3	3.94798e-03	-6.09416e-01	1.67641e+01
110	1	130	0	2	3	2.86448e-03	-5.17660e-01	1.39812e+01
110	1	131	0	2	3	3.43559e-03	-5.40449e-01	1.45761e+01
110	1	132	0	2	3	5.81561e-03	-7.29546e-01	1.87609e+01
110	1	133	0	2	3	6.58046e-03	-7.67233e-01	1.83545e+01
110	1	134	0	2	3	4.39487e-03	-6.40154e-01	1.73053e+01
110	1	135	0	2	3	3.71340e-03	-5.64825e-01	1.52800e+01
110	1	136	0	2	3	-4.63881e-04	-2.65062e-01	1.05432e+01
110	1	137	0	2	3	4.33699e-03	-6.16110e-01	1.63357e+01
110	1	138	0	2	3	4.96375e-03	-6.70236e-01	1.71844e+01
110	1	139	0	2	3	3.76772e-03	-5.70215e-01	1.55518e+01
110	1	140	0	2	3	4.45294e-03	-6.36287e-01	1.65122e+01
110	1	141	0	2	3	3.74675e-03	-5.64412e-01	1.46716e+01
110	1	142	0	2	3	7.58404e-03	-8.52528e-01	1.98632e+01
110	1	143	0	2	3	-7.87061e-04	-2.14043e-01	8.87348e+00
110	1	144	0	2	3	4.34140e-03	-6.15782e-01	1.70624e+01
110	1	145	0	2	3	2.04361e-03	-4.38265e-01	1.28123e+01
110	1	146	0	2	3	4.32416e-03	-6.30954e-01	1.65463e+01
110	1	147	0	2	3	2.56226e-03	-4.70989e-01	1.24974e+01
110	1	148	0	2	3	1.30314e-03	-3.93644e-01	1.14565e+01
110	1	149	0	2	3	1.54093e-03	-4.01226e-01	1.26496e+01
110	1	150	0	2	3	9.32918e-04	-3.55797e-01	1.16216e+01
110	1	151	0	2	3	8.71655e-03	-9.24802e-01	2.13405e+01
110	1	152	0	2	3	-2.03813e-03	-1.25695e-01	7.77284e+00
110	1	153	0	2	3	4.45217e-03	-6.19362e-01	1.69688e+01
110	1	154	0	2	3	5.34691e-03	-6.78819e-01	1.73878e+01
110	1	155	0	2	3	6.34414e-03	-7.51077e-01	1.71703e+01
110	1	156	0	2	3	5.67818e-03	-7.07937e-01	1.80012e+01
110	1	157	0	2	3	4.59933e-03	-6.10371e-01	1.63745e+01
110	1	158	0	2	3	3.54204e-04	-3.48373e-01	1.25733e+01
110	1	159	0	2	3	-5.40356e-03	1.14745e-01	3.76285e+00
