##
#  file: HodoPHCParam_Dummy
#  date: 2016.06.15
#  note: first version
#
#
#######################################################################
# CId	PlId	Seg	UorD	Type	nParam	p0	p1	...
#
#	Type=0 no correction will be performed
#	Type=1 ct=t-p[0]/sqrt(a-p[1])+p[2]
#	Type=2 ct=p[0]*a*a + p[1]*a + p[2] for Fiber
#
#######################################################################
# BH1 Up                                                              #
#######################################################################
1	0	0	0	1	3	9.72882e+01	-2.42381e+01	1.93388e+01
1	0	1	0	1	3	8.39811e-01	2.30870e-01	9.07677e-01
1	0	2	0	1	3	7.96271e-01	2.02772e-01	8.76313e-01
1	0	3	0	1	3	1.24269e+00	-1.47574e-01	1.19840e+00
1	0	4	0	1	3	1.09931e+00	-7.72769e-02	1.08260e+00
1	0	5	0	1	3	1.05845e+00	1.40683e-01	1.18835e+00
1	0	6	0	1	3	1.24845e+00	-7.32092e-02	1.22011e+00
1	0	7	0	1	3	1.38494e+00	-1.69323e-01	1.29113e+00
1	0	8	0	1	3	1.12943e+00	-1.85789e-01	1.05048e+00
1	0	9	0	1	3	1.39270e+00	-1.82072e-01	1.30041e+00
1	0	10	0	1	3	1.71493e+02	-3.15885e+01	3.00372e+01
#######################################################################
# BH1 Down                                                            #
#######################################################################
1	0	0	1	1	3	1.69589e+00	-2.63702e-01	1.46458e+00
1	0	1	1	1	3	6.65147e-01	3.06785e-01	7.74182e-01
1	0	2	1	1	3	1.69164e+00	-4.50471e-01	1.36238e+00
1	0	3	1	1	3	7.14482e+01	-2.23619e+01	1.47724e+01
1	0	4	1	1	3	1.42431e+00	-1.84323e-01	1.31423e+00
1	0	5	1	1	3	1.48351e+00	-1.17877e-01	1.40777e+00
1	0	6	1	1	3	1.64799e+00	-3.01989e-01	1.48452e+00
1	0	7	1	1	3	1.48685e+00	-1.75507e-01	1.38619e+00
1	0	8	1	1	3	5.71792e-01	2.68423e-01	6.99614e-01
1	0	9	1	1	3	1.07020e+00	4.47097e-02	1.11772e+00
1	0	10	1	1	3	5.19525e-01	3.65790e-01	6.45791e-01
#######################################################################
# BH2 Up                                                              #
#######################################################################
2	0	0	0	1	3	-5.52382e+02	-8.92128e+01	-5.81982e+01
2	0	1	0	1	3	-3.86574e+02	-6.40512e+01	-4.79617e+01
2	0	2	0	1	3	-1.54629e+02	-3.77666e+01	-2.48759e+01
2	0	3	0	1	3	-4.54572e+01	-1.44457e+01	-1.15748e+01
2	0	4	0	1	3	-1.71729e+02	-3.94437e+01	-2.70907e+01
2	0	5	0	1	3	-9.41793e-01	-1.95730e-01	-8.71210e-01
2	0	6	0	1	3	-4.35572e+02	-6.95734e+01	-5.17597e+01
2	0	7	0	1	3	-1.22580e+00	-4.73891e-01	-9.51372e-01
#######################################################################
# BH2 Down                                                            #
#######################################################################
2	0	0	1	1	3	-5.52382e+02	-8.92128e+01	-5.81982e+01
2	0	1	1	1	3	-3.86574e+02	-6.40512e+01	-4.79617e+01
2	0	2	1	1	3	-1.54629e+02	-3.77666e+01	-2.48759e+01
2	0	3	1	1	3	-4.54572e+01	-1.44457e+01	-1.15748e+01
2	0	4	1	1	3	-1.71729e+02	-3.94437e+01	-2.70907e+01
2	0	5	1	1	3	-9.41793e-01	-1.95730e-01	-8.71210e-01
2	0	6	1	1	3	-4.35572e+02	-6.95734e+01	-5.17597e+01
2	0	7	1	1	3	-1.22580e+00	-4.73891e-01	-9.51372e-01
#######################################################################
# BAC                                                                 #
#######################################################################
3	0	0	0	1	3	0.00000e+00	0.00000e+00	0.00000e+00
3	0	1	0	1	3	0.00000e+00	0.00000e+00	0.00000e+00
#######################################################################
# FBH Up                                                              #
#######################################################################
4	0	0	0	2	3	-5.62952e-03	8.96903e-01	-3.53273e+01
4	0	1	0	2	3	-4.29399e-03	7.37975e-01	-3.00049e+01
4	0	2	0	2	3	-5.26894e-03	8.67305e-01	-3.38992e+01
4	0	3	0	2	3	-3.80183e-03	6.69237e-01	-2.72260e+01
4	0	4	0	2	3	-4.35014e-03	7.35785e-01	-2.92008e+01
4	0	5	0	2	3	-4.02541e-03	6.86907e-01	-2.70312e+01
4	0	6	0	2	3	-4.16660e-03	7.08229e-01	-2.81512e+01
4	0	7	0	2	3	-3.93117e-03	6.84759e-01	-2.69101e+01
4	0	8	0	2	3	-4.14423e-03	6.96902e-01	-2.65883e+01
4	0	9	0	2	3	-2.83372e-03	5.62925e-01	-2.20787e+01
4	0	10	0	2	3	-4.07944e-03	7.09420e-01	-2.75603e+01
4	0	11	0	2	3	-3.50961e-03	6.50113e-01	-2.64167e+01
4	0	12	0	2	3	-3.52415e-03	6.49734e-01	-2.67232e+01
4	0	13	0	2	3	-4.13420e-03	7.26957e-01	-2.99675e+01
4	0	14	0	2	3	-4.90315e-03	8.27563e-01	-3.35630e+01
4	0	15	0	2	3	-4.73048e-03	8.13189e-01	-3.31901e+01
#######################################################################
# FBH Down                                                            #
#######################################################################
4	0	0	1	2	3	-5.62952e-03	8.96903e-01	-3.53273e+01
4	0	1	1	2	3	-4.29399e-03	7.37975e-01	-3.00049e+01
4	0	2	1	2	3	-5.26894e-03	8.67305e-01	-3.38992e+01
4	0	3	1	2	3	-3.80183e-03	6.69237e-01	-2.72260e+01
4	0	4	1	2	3	-4.35014e-03	7.35785e-01	-2.92008e+01
4	0	5	1	2	3	-4.02541e-03	6.86907e-01	-2.70312e+01
4	0	6	1	2	3	-4.16660e-03	7.08229e-01	-2.81512e+01
4	0	7	1	2	3	-3.93117e-03	6.84759e-01	-2.69101e+01
4	0	8	1	2	3	-4.14423e-03	6.96902e-01	-2.65883e+01
4	0	9	1	2	3	-2.83372e-03	5.62925e-01	-2.20787e+01
4	0	10	1	2	3	-4.07944e-03	7.09420e-01	-2.75603e+01
4	0	11	1	2	3	-3.50961e-03	6.50113e-01	-2.64167e+01
4	0	12	1	2	3	-3.52415e-03	6.49734e-01	-2.67232e+01
4	0	13	1	2	3	-4.13420e-03	7.26957e-01	-2.99675e+01
4	0	14	1	2	3	-4.90315e-03	8.27563e-01	-3.35630e+01
4	0	15	1	2	3	-4.73048e-03	8.13189e-01	-3.31901e+01
#######################################################################
# PVAC                                                                #
#######################################################################
5	0	0	0	1	3	0.00000e+00	0.00000e+00	0.00000e+00
#######################################################################
# FAC                                                                 #
#######################################################################
6	0	0	0	1	3	0.00000e+00	0.00000e+00	0.00000e+00
#######################################################################
# SCH                                                                 #
#######################################################################
#7	0	0	0	2	3	-0.00500000	0.821213	-32.185321
#7	0	1	0	2	3	-0.00500000	0.830248	-32.269563
#7	0	2	0	2	3	-0.00500000	0.793073	-29.315934
#7	0	3	0	2	3	-0.00500000	0.772144	-28.276705
#7	0	4	0	2	3	-0.00500000	0.801968	-30.687167
#7	0	5	0	2	3	-0.00500000	0.778300	-28.439251
#7	0	6	0	2	3	-0.00500000	0.765872	-27.918181
#7	0	7	0	2	3	-0.00500000	0.738459	-26.016797
#7	0	8	0	2	3	-0.00500000	0.778318	-28.676371
#7	0	9	0	2	3	-0.00500000	0.776670	-28.892887
#7	0	10	0	2	3	-0.00500000	0.764278	-28.122474
#7	0	11	0	2	3	-0.00500000	0.790742	-29.423647
#7	0	12	0	2	3	-0.00500000	0.811330	-30.487019
#7	0	13	0	2	3	-0.00500000	0.818750	-30.891512
#7	0	14	0	2	3	-0.00500000	0.802541	-30.009136
#7	0	15	0	2	3	-0.00500000	0.809525	-30.751746
#7	0	16	0	2	3	-0.00500000	0.802597	-30.845509
#7	0	17	0	2	3	-0.00500000	0.835028	-32.780792
#7	0	18	0	2	3	-0.00500000	0.859176	-33.938731
#7	0	19	0	2	3	-0.00500000	0.814851	-31.445396
#7	0	20	0	2	3	-0.00500000	0.809426	-30.781087
#7	0	21	0	2	3	-0.00500000	0.780678	-28.888756
#7	0	22	0	2	3	-0.00500000	0.808206	-30.719604
#7	0	23	0	2	3	-0.00500000	0.774024	-27.858339
#7	0	24	0	2	3	-0.00500000	0.794308	-29.022101
#7	0	25	0	2	3	-0.00500000	0.775649	-27.980186
#7	0	26	0	2	3	-0.00500000	0.788483	-28.687567
#7	0	27	0	2	3	-0.00466315	0.771386	-29.253260
#7	0	28	0	2	3	-0.00483132	0.790854	-28.637741
#7	0	29	0	2	3	-0.00497049	0.812994	-30.786914
#7	0	30	0	2	3	-0.00500000	0.787793	-28.362716
#7	0	31	0	2	3	-0.00500000	0.790759	-28.876812
#7	0	32	0	2	3	-0.00500000	0.824826	-31.655285
#7	0	33	0	2	3	-0.00500000	0.845304	-33.407765
#7	0	34	0	2	3	-0.00500000	0.832263	-32.939799
#7	0	35	0	2	3	-0.00500000	0.820631	-31.695372
#7	0	36	0	2	3	-0.00500000	0.836997	-33.200590
#7	0	37	0	2	3	-0.00500000	0.819690	-32.097193
#7	0	38	0	2	3	-0.00500000	0.808109	-31.263214
#7	0	39	0	2	3	-0.00500000	0.815224	-31.135523
#7	0	40	0	2	3	-0.00500000	0.803398	-29.897923
#7	0	41	0	2	3	-0.00500000	0.815685	-31.165519
#7	0	42	0	2	3	-0.00500000	0.812980	-30.737261
#7	0	43	0	2	3	-0.00500000	0.829418	-32.693307
#7	0	44	0	2	3	-0.00500000	0.789530	-29.464920
#7	0	45	0	2	3	-0.00500000	0.804789	-31.208151
#7	0	46	0	2	3	-0.00500000	0.830106	-32.806514
#7	0	47	0	2	3	-0.00500000	0.819206	-31.373242
#7	0	48	0	2	3	-0.00500000	0.816165	-31.709319
#7	0	49	0	2	3	-0.00500000	0.798496	-30.201709
#7	0	50	0	2	3	-0.00500000	0.812167	-31.795745
#7	0	51	0	2	3	-0.00500000	0.810749	-31.375226
#7	0	52	0	2	3	-0.00500000	0.803385	-31.372512
#7	0	53	0	2	3	-0.00500000	0.777405	-29.262831
#7	0	54	0	2	3	-0.00500000	0.783954	-29.763410
#7	0	55	0	2	3	-0.00500000	0.789443	-29.976449
#7	0	56	0	2	3	-0.00500000	0.838828	-33.261086
#7	0	57	0	2	3	-0.00500000	0.804421	-30.573195
#7	0	58	0	2	3	-0.00500000	0.773283	-29.111048
#7	0	59	0	2	3	-0.00500000	0.811789	-31.449459
#7	0	60	0	2	3	-0.00500000	0.759724	-28.110014
#7	0	61	0	2	3	-0.00500000	0.810884	-31.379063
#7	0	62	0	2	3	-0.00500000	0.771910	-28.435006
#7	0	63	0	2	3	-0.00500000	0.796658	-30.511906
#######################################################################
# TOF Up                                                              #
#######################################################################
7	0	0	0	1	3	5.24830e+00	-1.96630e+00	2.96170e+00
7	0	1	0	1	3	5.24830e+00	-1.96630e+00	2.96170e+00
7	0	2	0	1	3	5.24830e+00	-1.96630e+00	2.96170e+00
7	0	3	0	1	3	5.24830e+00	-1.96630e+00	2.96170e+00
7	0	4	0	1	3	5.24830e+00	-1.96630e+00	2.96170e+00
7	0	5	0	1	3	5.24830e+00	-1.96630e+00	2.96170e+00
7	0	6	0	1	3	6.97090e+00	-3.03520e+00	3.39910e+00
7	0	7	0	1	3	4.05450e+00	-1.96150e+00	2.30360e+00
7	0	8	0	1	3	1.16940e+02	-2.98600e+01	2.09880e+01
7	0	9	0	1	3	5.24830e+00	-1.96630e+00	2.96170e+00
7	0	10	0	1	3	5.24830e+00	-1.96630e+00	2.96170e+00
7	0	11	0	1	3	5.24830e+00	-1.96630e+00	2.96170e+00
7	0	12	0	1	3	5.24830e+00	-1.96630e+00	2.96170e+00
7	0	13	0	1	3	5.24830e+00	-1.96630e+00	2.96170e+00
7	0	14	0	1	3	5.24830e+00	-1.96630e+00	2.96170e+00
7	0	15	0	1	3	5.24830e+00	-1.96630e+00	2.96170e+00
7	0	16	0	1	3	5.24830e+00	-1.96630e+00	2.96170e+00
7	0	17	0	1	3	5.24830e+00	-1.96630e+00	2.96170e+00
7	0	18	0	1	3	5.24830e+00	-1.96630e+00	2.96170e+00
7	0	19	0	1	3	7.11491e-01	1.85180e-03	5.82402e-01
7	0	20	0	1	3	5.59404e-01	-1.73810e-03	4.50716e-01
7	0	21	0	1	3	8.92499e-01	1.99900e-03	7.37364e-01
7	0	22	0	1	3	6.37553e-01	1.99960e-03	5.45449e-01
7	0	23	0	1	3	1.19210e+00	1.98920e-03	9.99994e-01
#######################################################################
# TOF Down                                                            #
#######################################################################
7	0	0	1	1	3	5.84300e+00	-2.30730e+00	3.11320e+00
7	0	1	1	1	3	5.84300e+00	-2.30730e+00	3.11320e+00
7	0	2	1	1	3	5.84300e+00	-2.30730e+00	3.11320e+00
7	0	3	1	1	3	5.84300e+00	-2.30730e+00	3.11320e+00
7	0	4	1	1	3	5.84300e+00	-2.30730e+00	3.11320e+00
7	0	5	1	1	3	5.84300e+00	-2.30730e+00	3.11320e+00
7	0	6	1	1	3	1.41330e+01	-5.81170e+00	5.32680e+00
7	0	7	1	1	3	7.84850e+01	-2.02870e+01	1.69500e+01
7	0	8	1	1	3	2.20240e+02	-3.62440e+01	3.60080e+01
7	0	9	1	1	3	5.84300e+00	-2.30730e+00	3.11320e+00
7	0	10	1	1	3	5.84300e+00	-2.30730e+00	3.11320e+00
7	0	11	1	1	3	5.84300e+00	-2.30730e+00	3.11320e+00
7	0	12	1	1	3	5.84300e+00	-2.30730e+00	3.11320e+00
7	0	13	1	1	3	5.84300e+00	-2.30730e+00	3.11320e+00
7	0	14	1	1	3	5.84300e+00	-2.30730e+00	3.11320e+00
7	0	15	1	1	3	5.84300e+00	-2.30730e+00	3.11320e+00
7	0	16	1	1	3	5.84300e+00	-2.30730e+00	3.11320e+00
7	0	17	1	1	3	5.84300e+00	-2.30730e+00	3.11320e+00
7	0	18	1	1	3	5.84300e+00	-2.30730e+00	3.11320e+00
7	0	19	1	1	3	6.18741e-01	1.99860e-03	4.90831e-01
7	0	20	1	1	3	5.75901e-01	1.04210e-03	4.72509e-01
7	0	21	1	1	3	9.41046e-01	1.99890e-03	7.79357e-01
7	0	22	1	1	3	4.84266e-01	-1.95590e-03	3.99786e-01
7	0	23	1	1	3	8.97714e-01	1.99860e-03	7.56300e-01
#######################################################################
# BFT U                                                               #
#######################################################################
110	0	0	0	2	3	1.61964e-03	-4.00451e-01	1.37834e+01
110	0	1	0	2	3	-1.58038e-02	1.10383e+00	-1.70038e+01
110	0	2	0	2	3	-1.75880e-02	9.87568e-01	-1.04283e+01
110	0	3	0	2	3	3.11177e-03	-5.09774e-01	1.52322e+01
110	0	4	0	2	3	5.10126e-03	-6.45575e-01	1.77652e+01
110	0	5	0	2	3	3.35591e-03	-5.18217e-01	1.59557e+01
110	0	6	0	2	3	2.89887e-03	-4.94823e-01	1.56132e+01
110	0	7	0	2	3	-2.25944e-03	-1.05990e-01	9.34728e+00
110	0	8	0	2	3	1.76894e-03	-4.19973e-01	1.36236e+01
110	0	9	0	2	3	-1.36623e-02	7.66575e-01	-7.32066e+00
110	0	10	0	2	3	3.26105e-03	-5.19445e-01	1.54389e+01
110	0	11	0	2	3	5.53017e-03	-6.78816e-01	1.85951e+01
110	0	12	0	2	3	3.27187e-03	-5.17050e-01	1.47022e+01
110	0	13	0	2	3	-5.92817e-05	-2.61641e-01	1.08042e+01
110	0	14	0	2	3	2.82999e-03	-4.90149e-01	1.51166e+01
110	0	15	0	2	3	4.62992e-03	-6.21497e-01	1.76481e+01
110	0	16	0	2	3	3.13956e-03	-5.15535e-01	1.45228e+01
110	0	17	0	2	3	-3.73541e-04	-2.35920e-01	1.08825e+01
110	0	18	0	2	3	3.54791e-03	-5.43509e-01	1.48634e+01
110	0	19	0	2	3	4.69072e-03	-6.22878e-01	1.60922e+01
110	0	20	0	2	3	3.13891e-03	-5.11678e-01	1.48699e+01
110	0	21	0	2	3	-3.43159e-03	6.31870e-03	6.37380e+00
110	0	22	0	2	3	4.35319e-03	-6.09986e-01	1.66075e+01
110	0	23	0	2	3	3.71213e-03	-5.38835e-01	1.54658e+01
110	0	24	0	2	3	4.59375e-03	-6.09498e-01	1.67799e+01
110	0	25	0	2	3	3.15382e-03	-4.98426e-01	1.52979e+01
110	0	26	0	2	3	4.30385e-03	-5.91302e-01	1.70832e+01
110	0	27	0	2	3	4.47692e-03	-5.93633e-01	1.63919e+01
110	0	28	0	2	3	3.75901e-03	-5.48933e-01	1.48363e+01
110	0	29	0	2	3	4.19773e-03	-5.73103e-01	1.65505e+01
110	0	30	0	2	3	4.01963e-03	-5.80012e-01	1.68969e+01
110	0	31	0	2	3	2.59005e-03	-4.64997e-01	1.42575e+01
110	0	32	0	2	3	3.89941e-03	-5.72170e-01	1.60592e+01
110	0	33	0	2	3	3.89369e-03	-5.43195e-01	1.38818e+01
110	0	34	0	2	3	3.82789e-03	-5.65706e-01	1.67013e+01
110	0	35	0	2	3	5.08204e-03	-6.58991e-01	1.88983e+01
110	0	36	0	2	3	4.48345e-03	-5.91845e-01	1.57712e+01
110	0	37	0	2	3	3.29548e-03	-5.19888e-01	1.61783e+01
110	0	38	0	2	3	4.47762e-03	-6.00693e-01	1.65726e+01
110	0	39	0	2	3	3.99977e-03	-5.70007e-01	1.68710e+01
110	0	40	0	2	3	3.98916e-03	-5.63731e-01	1.52952e+01
110	0	41	0	2	3	3.72850e-03	-5.47350e-01	1.64986e+01
110	0	42	0	2	3	4.34971e-03	-5.90928e-01	1.63250e+01
110	0	43	0	2	3	4.76535e-03	-6.32643e-01	1.87097e+01
110	0	44	0	2	3	3.59379e-03	-5.48659e-01	1.53686e+01
110	0	45	0	2	3	4.02103e-03	-5.64851e-01	1.63180e+01
110	0	46	0	2	3	3.81085e-03	-5.69580e-01	1.69338e+01
110	0	47	0	2	3	4.11442e-03	-5.85539e-01	1.79112e+01
110	0	48	0	2	3	3.28071e-03	-5.17181e-01	1.46793e+01
110	0	49	0	2	3	3.86679e-03	-5.63408e-01	1.69328e+01
110	0	50	0	2	3	4.30219e-03	-5.92470e-01	1.64340e+01
110	0	51	0	2	3	4.46887e-03	-6.06935e-01	1.75847e+01
110	0	52	0	2	3	3.95434e-03	-5.63655e-01	1.60437e+01
110	0	53	0	2	3	4.30266e-03	-5.87204e-01	1.69747e+01
110	0	54	0	2	3	4.21821e-03	-5.91056e-01	1.60833e+01
110	0	55	0	2	3	4.34945e-03	-5.97721e-01	1.73212e+01
110	0	56	0	2	3	3.98868e-03	-5.85855e-01	1.70543e+01
110	0	57	0	2	3	4.43938e-03	-6.02283e-01	1.70005e+01
110	0	58	0	2	3	3.81168e-03	-5.67175e-01	1.68254e+01
110	0	59	0	2	3	5.19345e-03	-6.73949e-01	1.97413e+01
110	0	60	0	2	3	3.89585e-03	-5.69730e-01	1.53668e+01
110	0	61	0	2	3	3.31914e-03	-5.20151e-01	1.52573e+01
110	0	62	0	2	3	4.57434e-03	-6.16962e-01	1.64911e+01
110	0	63	0	2	3	4.12771e-03	-5.82093e-01	1.63009e+01
110	0	64	0	2	3	4.09708e-03	-5.86055e-01	1.63066e+01
110	0	65	0	2	3	4.23893e-03	-5.91828e-01	1.65739e+01
110	0	66	0	2	3	4.28317e-03	-6.15673e-01	1.82425e+01
110	0	67	0	2	3	3.58715e-03	-5.49171e-01	1.60496e+01
110	0	68	0	2	3	3.79038e-03	-5.74791e-01	1.67422e+01
110	0	69	0	2	3	4.02534e-03	-5.70968e-01	1.66731e+01
110	0	70	0	2	3	4.07835e-03	-6.02846e-01	1.72875e+01
110	0	71	0	2	3	4.21610e-03	-5.91074e-01	1.64936e+01
110	0	72	0	2	3	3.77352e-03	-5.68464e-01	1.64364e+01
110	0	73	0	2	3	4.20064e-03	-5.91234e-01	1.69066e+01
110	0	74	0	2	3	4.51075e-03	-6.26403e-01	1.75352e+01
110	0	75	0	2	3	4.40655e-03	-6.01473e-01	1.63295e+01
110	0	76	0	2	3	3.77290e-03	-5.62245e-01	1.53782e+01
110	0	77	0	2	3	3.86359e-03	-5.62317e-01	1.59499e+01
110	0	78	0	2	3	4.09130e-03	-5.97501e-01	1.74337e+01
110	0	79	0	2	3	4.09816e-03	-5.82847e-01	1.60313e+01
110	0	80	0	2	3	3.87191e-03	-5.68401e-01	1.65522e+01
110	0	81	0	2	3	4.06821e-03	-5.71622e-01	1.57943e+01
110	0	82	0	2	3	4.42727e-03	-6.08895e-01	1.68739e+01
110	0	83	0	2	3	4.01081e-03	-5.77700e-01	1.68405e+01
110	0	84	0	2	3	4.27894e-03	-5.99022e-01	1.66266e+01
110	0	85	0	2	3	4.31824e-03	-5.96234e-01	1.66563e+01
110	0	86	0	2	3	4.52544e-03	-6.28358e-01	1.69947e+01
110	0	87	0	2	3	4.12819e-03	-5.94883e-01	1.80003e+01
110	0	88	0	2	3	4.47754e-03	-6.05165e-01	1.70050e+01
110	0	89	0	2	3	4.08272e-03	-5.81023e-01	1.59817e+01
110	0	90	0	2	3	3.60106e-03	-5.55283e-01	1.54567e+01
110	0	91	0	2	3	3.97859e-03	-5.81631e-01	1.66342e+01
110	0	92	0	2	3	4.08556e-03	-5.94411e-01	1.69582e+01
110	0	93	0	2	3	3.49518e-03	-5.38733e-01	1.60212e+01
110	0	94	0	2	3	4.66379e-03	-6.47332e-01	1.89793e+01
110	0	95	0	2	3	4.39275e-03	-6.09379e-01	1.69556e+01
110	0	96	0	2	3	3.87944e-03	-5.78013e-01	1.63017e+01
110	0	97	0	2	3	3.36359e-03	-5.32290e-01	1.57692e+01
110	0	98	0	2	3	4.52678e-03	-6.30489e-01	1.72882e+01
110	0	99	0	2	3	4.20581e-03	-5.87935e-01	1.63383e+01
110	0	100	0	2	3	4.00269e-03	-5.81932e-01	1.69096e+01
110	0	101	0	2	3	4.15825e-03	-5.86179e-01	1.65315e+01
110	0	102	0	2	3	4.14191e-03	-5.93494e-01	1.73576e+01
110	0	103	0	2	3	4.85439e-03	-6.44665e-01	1.82961e+01
110	0	104	0	2	3	4.03108e-03	-5.83441e-01	1.60459e+01
110	0	105	0	2	3	3.82533e-03	-5.61545e-01	1.56159e+01
110	0	106	0	2	3	4.51667e-03	-6.20990e-01	1.78367e+01
110	0	107	0	2	3	5.09313e-03	-6.52160e-01	1.77155e+01
110	0	108	0	2	3	4.42610e-03	-6.18061e-01	1.76013e+01
110	0	109	0	2	3	4.16084e-03	-5.91623e-01	1.71283e+01
110	0	110	0	2	3	3.97387e-03	-5.83798e-01	1.69943e+01
110	0	111	0	2	3	4.63094e-03	-6.30836e-01	1.79322e+01
110	0	112	0	2	3	3.50259e-03	-5.39638e-01	1.48882e+01
110	0	113	0	2	3	3.63893e-03	-5.42280e-01	1.60416e+01
110	0	114	0	2	3	4.16431e-03	-6.02361e-01	1.75552e+01
110	0	115	0	2	3	5.18184e-03	-6.56361e-01	1.81374e+01
110	0	116	0	2	3	3.83955e-03	-5.70902e-01	1.63516e+01
110	0	117	0	2	3	2.96647e-03	-5.07563e-01	1.57108e+01
110	0	118	0	2	3	4.55303e-03	-6.30158e-01	1.82180e+01
110	0	119	0	2	3	3.90637e-03	-5.60843e-01	1.55586e+01
110	0	120	0	2	3	3.48635e-03	-5.55452e-01	1.63545e+01
110	0	121	0	2	3	3.92784e-03	-5.68717e-01	1.53322e+01
110	0	122	0	2	3	3.17784e-03	-5.27400e-01	1.58986e+01
110	0	123	0	2	3	3.77672e-03	-5.61416e-01	1.58870e+01
110	0	124	0	2	3	3.57154e-03	-5.45252e-01	1.65610e+01
110	0	125	0	2	3	4.84903e-03	-6.29493e-01	1.47520e+01
110	0	126	0	2	3	2.98934e-03	-5.08638e-01	1.53913e+01
110	0	127	0	2	3	3.75499e-03	-5.51052e-01	1.52922e+01
110	0	128	0	2	3	2.98079e-03	-5.38339e-01	1.72142e+01
110	0	129	0	2	3	3.55597e-03	-5.67540e-01	1.63384e+01
110	0	130	0	2	3	3.88130e-03	-6.12283e-01	1.87708e+01
110	0	131	0	2	3	2.07875e-03	-4.34122e-01	1.36679e+01
110	0	132	0	2	3	3.08150e-03	-5.40367e-01	1.65616e+01
110	0	133	0	2	3	2.86454e-03	-5.02257e-01	1.51424e+01
110	0	134	0	2	3	3.59796e-03	-5.75323e-01	1.76203e+01
110	0	135	0	2	3	3.40652e-03	-5.44599e-01	1.62137e+01
110	0	136	0	2	3	4.40004e-03	-6.14109e-01	1.73415e+01
110	0	137	0	2	3	3.49310e-03	-5.65629e-01	1.68534e+01
110	0	138	0	2	3	-3.57094e-04	-2.69045e-01	1.19998e+01
110	0	139	0	2	3	3.41550e-03	-5.54468e-01	1.60323e+01
110	0	140	0	2	3	3.01429e-03	-5.37678e-01	1.66134e+01
110	0	141	0	2	3	3.61339e-03	-5.73102e-01	1.67763e+01
110	0	142	0	2	3	2.76728e-03	-5.12766e-01	1.62971e+01
110	0	143	0	2	3	3.28659e-03	-5.43814e-01	1.65052e+01
110	0	144	0	2	3	2.38699e-03	-4.78144e-01	1.46901e+01
110	0	145	0	2	3	3.97175e-03	-5.71651e-01	1.59541e+01
110	0	146	0	2	3	2.94674e-03	-5.19462e-01	1.62933e+01
110	0	147	0	2	3	3.68043e-03	-5.65559e-01	1.63944e+01
110	0	148	0	2	3	4.16455e-03	-6.06889e-01	1.73278e+01
110	0	149	0	2	3	2.82534e-03	-4.98754e-01	1.49519e+01
110	0	150	0	2	3	3.56341e-03	-5.71953e-01	1.76868e+01
110	0	151	0	2	3	3.56348e-03	-5.58046e-01	1.69452e+01
110	0	152	0	2	3	2.55330e-03	-4.99487e-01	1.57907e+01
110	0	153	0	2	3	3.25105e-03	-5.53263e-01	1.64441e+01
110	0	154	0	2	3	3.18061e-03	-5.38026e-01	1.62446e+01
110	0	155	0	2	3	2.75418e-03	-5.00402e-01	1.54192e+01
110	0	156	0	2	3	-2.55383e-03	-1.13429e-01	9.17462e+00
110	0	157	0	2	3	1.56733e-03	-4.16232e-01	1.48294e+01
110	0	158	0	2	3	-7.54171e-03	1.97860e-01	4.95468e+00
110	0	159	0	2	3	-8.88473e-03	3.26267e-01	2.37928e+00
#######################################################################
# BFT D                                                               #
#######################################################################
110	1	0	0	2	3	-2.00313e-02	1.20329e+00	-1.46422e+01
110	1	1	0	2	3	5.13546e-04	-2.58546e-01	1.09645e+01
110	1	2	0	2	3	-9.90148e-04	-2.10851e-01	1.04746e+01
110	1	3	0	2	3	-3.51937e-03	-3.51306e-02	8.55455e+00
110	1	4	0	2	3	3.25065e-03	-5.41005e-01	1.69169e+01
110	1	5	0	2	3	1.79411e-04	-3.31755e-01	1.35529e+01
110	1	6	0	2	3	4.55978e-03	-6.08839e-01	1.65014e+01
110	1	7	0	2	3	3.26967e-03	-5.14721e-01	1.55308e+01
110	1	8	0	2	3	2.23046e-03	-4.59689e-01	1.47139e+01
110	1	9	0	2	3	-1.47593e-03	-1.65649e-01	1.05920e+01
110	1	10	0	2	3	3.31743e-03	-5.33179e-01	1.56968e+01
110	1	11	0	2	3	2.46662e-03	-4.67902e-01	1.56241e+01
110	1	12	0	2	3	3.96615e-03	-5.86204e-01	1.69644e+01
110	1	13	0	2	3	4.39688e-03	-6.00168e-01	1.76239e+01
110	1	14	0	2	3	3.19936e-03	-5.31301e-01	1.57791e+01
110	1	15	0	2	3	1.52067e-03	-3.94793e-01	1.39363e+01
110	1	16	0	2	3	3.00945e-03	-5.17094e-01	1.58404e+01
110	1	17	0	2	3	3.71798e-03	-5.50654e-01	1.58490e+01
110	1	18	0	2	3	3.75796e-03	-5.62378e-01	1.58945e+01
110	1	19	0	2	3	2.62330e-03	-4.78306e-01	1.50766e+01
110	1	20	0	2	3	3.94758e-03	-5.86122e-01	1.73788e+01
110	1	21	0	2	3	3.44437e-03	-5.40950e-01	1.71812e+01
110	1	22	0	2	3	4.25948e-03	-6.02745e-01	1.72817e+01
110	1	23	0	2	3	3.44351e-03	-5.27804e-01	1.60427e+01
110	1	24	0	2	3	3.61279e-03	-5.55911e-01	1.63155e+01
110	1	25	0	2	3	3.23110e-03	-5.18972e-01	1.60745e+01
110	1	26	0	2	3	4.02268e-03	-5.83420e-01	1.66219e+01
110	1	27	0	2	3	2.85543e-03	-4.90999e-01	1.52883e+01
110	1	28	0	2	3	4.01790e-03	-5.85349e-01	1.67462e+01
110	1	29	0	2	3	3.70835e-03	-5.58206e-01	1.70353e+01
110	1	30	0	2	3	4.03407e-03	-5.86927e-01	1.70609e+01
110	1	31	0	2	3	3.85180e-03	-5.74809e-01	1.64867e+01
110	1	32	0	2	3	3.95284e-03	-5.82538e-01	1.72420e+01
110	1	33	0	2	3	3.10653e-03	-5.22442e-01	1.54143e+01
110	1	34	0	2	3	3.76771e-03	-5.58344e-01	1.50339e+01
110	1	35	0	2	3	3.69835e-03	-5.67332e-01	1.73789e+01
110	1	36	0	2	3	3.65240e-03	-5.52324e-01	1.61761e+01
110	1	37	0	2	3	3.74038e-03	-5.52532e-01	1.49904e+01
110	1	38	0	2	3	4.29721e-03	-6.02061e-01	1.72716e+01
110	1	39	0	2	3	4.18833e-03	-5.84443e-01	1.65614e+01
110	1	40	0	2	3	3.66302e-03	-5.54755e-01	1.61377e+01
110	1	41	0	2	3	3.15628e-03	-5.09995e-01	1.56689e+01
110	1	42	0	2	3	3.74252e-03	-5.54622e-01	1.55651e+01
110	1	43	0	2	3	4.07955e-03	-5.78271e-01	1.66319e+01
110	1	44	0	2	3	3.84470e-03	-5.71441e-01	1.65611e+01
110	1	45	0	2	3	3.69158e-03	-5.57963e-01	1.69034e+01
110	1	46	0	2	3	3.87081e-03	-5.77914e-01	1.67230e+01
110	1	47	0	2	3	4.53722e-03	-6.38156e-01	1.93544e+01
110	1	48	0	2	3	3.83203e-03	-5.68123e-01	1.62012e+01
110	1	49	0	2	3	3.31880e-03	-5.24621e-01	1.54777e+01
110	1	50	0	2	3	4.42402e-03	-6.13039e-01	1.69669e+01
110	1	51	0	2	3	4.29330e-03	-6.03269e-01	1.76628e+01
110	1	52	0	2	3	3.80547e-03	-5.76054e-01	1.66305e+01
110	1	53	0	2	3	3.24453e-03	-5.25013e-01	1.65230e+01
110	1	54	0	2	3	4.33776e-03	-6.11826e-01	1.71697e+01
110	1	55	0	2	3	4.63564e-03	-6.25037e-01	1.81008e+01
110	1	56	0	2	3	4.14878e-03	-6.09471e-01	1.73870e+01
110	1	57	0	2	3	3.77001e-03	-5.64280e-01	1.67721e+01
110	1	58	0	2	3	3.97822e-03	-5.93001e-01	1.79032e+01
110	1	59	0	2	3	4.69343e-03	-6.46373e-01	1.96845e+01
110	1	60	0	2	3	4.20404e-03	-6.01391e-01	1.68856e+01
110	1	61	0	2	3	3.64592e-03	-5.47711e-01	1.61002e+01
110	1	62	0	2	3	4.37175e-03	-6.08315e-01	1.59237e+01
110	1	63	0	2	3	3.96914e-03	-5.80822e-01	1.74486e+01
110	1	64	0	2	3	4.00581e-03	-5.94201e-01	1.72683e+01
110	1	65	0	2	3	3.97891e-03	-5.84253e-01	1.68829e+01
110	1	66	0	2	3	4.78746e-03	-6.49819e-01	1.78551e+01
110	1	67	0	2	3	4.55992e-03	-6.22870e-01	1.65647e+01
110	1	68	0	2	3	3.68298e-03	-5.53793e-01	1.57821e+01
110	1	69	0	2	3	4.27229e-03	-6.01327e-01	1.71779e+01
110	1	70	0	2	3	4.44603e-03	-6.19650e-01	1.74058e+01
110	1	71	0	2	3	3.95696e-03	-5.88444e-01	1.72793e+01
110	1	72	0	2	3	3.56305e-03	-5.48909e-01	1.56224e+01
110	1	73	0	2	3	3.95377e-03	-5.82449e-01	1.75953e+01
110	1	74	0	2	3	4.58838e-03	-6.22242e-01	1.60605e+01
110	1	75	0	2	3	4.20669e-03	-6.03915e-01	1.69688e+01
110	1	76	0	2	3	3.61343e-03	-5.55808e-01	1.66471e+01
110	1	77	0	2	3	3.74735e-03	-5.71474e-01	1.64351e+01
110	1	78	0	2	3	3.93891e-03	-5.83026e-01	1.64764e+01
110	1	79	0	2	3	4.66553e-03	-6.31606e-01	1.73423e+01
110	1	80	0	2	3	4.08867e-03	-5.85301e-01	1.59953e+01
110	1	81	0	2	3	3.89017e-03	-5.71309e-01	1.55502e+01
110	1	82	0	2	3	4.33815e-03	-6.06760e-01	1.73455e+01
110	1	83	0	2	3	3.93472e-03	-5.65419e-01	1.57104e+01
110	1	84	0	2	3	3.65650e-03	-5.48376e-01	1.48739e+01
110	1	85	0	2	3	3.84884e-03	-5.66101e-01	1.57122e+01
110	1	86	0	2	3	3.95060e-03	-5.82855e-01	1.67497e+01
110	1	87	0	2	3	4.00864e-03	-5.76958e-01	1.47407e+01
110	1	88	0	2	3	3.77497e-03	-5.69815e-01	1.63380e+01
110	1	89	0	2	3	3.86856e-03	-5.76607e-01	1.57089e+01
110	1	90	0	2	3	3.81541e-03	-5.73482e-01	1.55238e+01
110	1	91	0	2	3	4.05776e-03	-5.82591e-01	1.65986e+01
110	1	92	0	2	3	3.50854e-03	-5.42903e-01	1.53624e+01
110	1	93	0	2	3	4.13085e-03	-5.88006e-01	1.63602e+01
110	1	94	0	2	3	3.72901e-03	-5.69569e-01	1.66903e+01
110	1	95	0	2	3	4.09169e-03	-5.88726e-01	1.60574e+01
110	1	96	0	2	3	4.10804e-03	-5.86895e-01	1.68267e+01
110	1	97	0	2	3	4.47909e-03	-6.15689e-01	1.73320e+01
110	1	98	0	2	3	3.22366e-03	-5.44316e-01	1.65587e+01
110	1	99	0	2	3	4.08402e-03	-5.83104e-01	1.60031e+01
110	1	100	0	2	3	2.71061e-03	-4.74672e-01	1.43251e+01
110	1	101	0	2	3	3.35741e-03	-5.29807e-01	1.46339e+01
110	1	102	0	2	3	4.41707e-03	-6.19506e-01	1.69720e+01
110	1	103	0	2	3	4.41541e-03	-6.07298e-01	1.63716e+01
110	1	104	0	2	3	4.00200e-03	-5.79636e-01	1.62395e+01
110	1	105	0	2	3	3.05120e-03	-5.18258e-01	1.54144e+01
110	1	106	0	2	3	4.59496e-03	-6.32084e-01	1.80391e+01
110	1	107	0	2	3	4.31073e-03	-6.02363e-01	1.64917e+01
110	1	108	0	2	3	3.53916e-03	-5.45321e-01	1.63542e+01
110	1	109	0	2	3	3.24941e-03	-5.30300e-01	1.61078e+01
110	1	110	0	2	3	4.16033e-03	-6.00574e-01	1.67451e+01
110	1	111	0	2	3	3.72164e-03	-5.66100e-01	1.71877e+01
110	1	112	0	2	3	3.67361e-03	-5.63152e-01	1.69509e+01
110	1	113	0	2	3	3.34285e-03	-5.33039e-01	1.56530e+01
110	1	114	0	2	3	3.59109e-03	-5.54943e-01	1.54311e+01
110	1	115	0	2	3	3.74167e-03	-5.60449e-01	1.58394e+01
110	1	116	0	2	3	3.86011e-03	-5.75229e-01	1.72811e+01
110	1	117	0	2	3	4.55478e-03	-6.15175e-01	1.69413e+01
110	1	118	0	2	3	4.10233e-03	-5.91690e-01	1.56456e+01
110	1	119	0	2	3	4.60210e-03	-6.20175e-01	1.72442e+01
110	1	120	0	2	3	4.22684e-03	-5.96287e-01	1.72848e+01
110	1	121	0	2	3	3.62652e-03	-5.49207e-01	1.56703e+01
110	1	122	0	2	3	4.58029e-03	-6.41761e-01	1.88219e+01
110	1	123	0	2	3	1.76991e-03	-4.21408e-01	1.49679e+01
110	1	124	0	2	3	4.16796e-03	-5.92267e-01	1.59889e+01
110	1	125	0	2	3	3.59990e-03	-5.55883e-01	1.62529e+01
110	1	126	0	2	3	3.98521e-03	-5.77799e-01	1.63094e+01
110	1	127	0	2	3	3.94242e-03	-5.80179e-01	1.65486e+01
110	1	128	0	2	3	4.42129e-03	-6.40780e-01	1.83188e+01
110	1	129	0	2	3	4.94393e-03	-6.76497e-01	1.89062e+01
110	1	130	0	2	3	4.37522e-03	-6.25220e-01	1.79128e+01
110	1	131	0	2	3	3.73537e-03	-5.66126e-01	1.61946e+01
110	1	132	0	2	3	3.42576e-03	-5.63781e-01	1.70329e+01
110	1	133	0	2	3	3.92465e-03	-5.84721e-01	1.64435e+01
110	1	134	0	2	3	3.50567e-03	-5.79408e-01	1.73851e+01
110	1	135	0	2	3	3.44754e-03	-5.52117e-01	1.62736e+01
110	1	136	0	2	3	3.22289e-03	-5.53416e-01	1.71304e+01
110	1	137	0	2	3	4.46486e-03	-6.25338e-01	1.75752e+01
110	1	138	0	2	3	3.62871e-03	-5.68085e-01	1.63054e+01
110	1	139	0	2	3	4.24325e-03	-6.09364e-01	1.74225e+01
110	1	140	0	2	3	3.46510e-03	-5.62246e-01	1.61552e+01
110	1	141	0	2	3	4.85012e-03	-6.46410e-01	1.72519e+01
110	1	142	0	2	3	5.14431e-03	-6.79741e-01	1.79150e+01
110	1	143	0	2	3	3.01977e-03	-5.15480e-01	1.57426e+01
110	1	144	0	2	3	5.09003e-03	-6.80637e-01	1.94114e+01
110	1	145	0	2	3	4.36128e-03	-5.99596e-01	1.65791e+01
110	1	146	0	2	3	3.27751e-03	-5.50812e-01	1.70660e+01
110	1	147	0	2	3	3.71553e-03	-5.70762e-01	1.65168e+01
110	1	148	0	2	3	2.09482e-03	-4.53093e-01	1.45292e+01
110	1	149	0	2	3	3.82223e-03	-5.74599e-01	1.68999e+01
110	1	150	0	2	3	3.89027e-03	-5.83873e-01	1.69415e+01
110	1	151	0	2	3	2.88383e-03	-4.99846e-01	1.47780e+01
110	1	152	0	2	3	2.43671e-03	-4.79093e-01	1.55821e+01
110	1	153	0	2	3	5.57079e-03	-7.09311e-01	1.97249e+01
110	1	154	0	2	3	7.40617e-03	-8.52316e-01	2.18377e+01
110	1	155	0	2	3	2.85773e-03	-5.10988e-01	1.52247e+01
110	1	156	0	2	3	1.83995e-03	-4.39183e-01	1.42800e+01
110	1	157	0	2	3	1.16610e-03	-3.81015e-01	1.36164e+01
110	1	158	0	2	3	1.26128e-03	-3.88312e-01	1.44749e+01
110	1	159	0	2	3	-1.49809e-02	7.63991e-01	-5.10572e+00
