##
#  file: HodoPHCParam_Dummy
#  date: 2016.06.15
#  note: first version
#
#
#######################################################################
# CId	PlId	Seg	UorD	Type	nParam	p0	p1	...
#
#	Type=0 no correction will be performed
#	Type=1 ct=t-p[0]/sqrt(a-p[1])+p[2]
#	Type=2 ct=p[0]*a*a + p[1]*a + p[2] for Fiber
#
#######################################################################
# BH1 Up                                                              #
#######################################################################
1	0	0	0	1	3	5.08705e+00	-1.98362e+00	2.93454e+00
1	0	1	0	1	3	6.69706e-01	2.91546e-01	8.10244e-01
1	0	2	0	1	3	5.01779e-01	3.94271e-01	6.64278e-01
1	0	3	0	1	3	7.45330e-01	1.66754e-01	8.56036e-01
1	0	4	0	1	3	8.52890e-01	8.60054e-02	9.27134e-01
1	0	5	0	1	3	1.69981e+00	-1.50393e-01	1.62794e+00
1	0	6	0	1	3	1.58582e+00	-2.35346e-01	1.46587e+00
1	0	7	0	1	3	1.61970e+00	-1.46184e-01	1.54504e+00
1	0	8	0	1	3	1.37546e+00	-2.52696e-01	1.28233e+00
1	0	9	0	1	3	1.74814e+00	-2.76223e-01	1.64100e+00
1	0	10	0	1	3	1.60339e+01	-4.62629e+00	6.81205e+00
#######################################################################
# BH1 Down                                                            #
#######################################################################
1	0	0	1	1	3	1.33519e+00	-9.13138e-02	1.27257e+00
1	0	1	1	1	3	6.24909e-01	2.88647e-01	7.65429e-01
1	0	2	1	1	3	6.68954e-01	2.21542e-01	7.45264e-01
1	0	3	1	1	3	1.32364e+00	-4.57464e-01	1.08318e+00
1	0	4	1	1	3	1.18002e+00	-7.91080e-02	1.17008e+00
1	0	5	1	1	3	2.07299e+00	-4.79828e-01	1.70935e+00
1	0	6	1	1	3	1.96000e+00	-5.20196e-01	1.63958e+00
1	0	7	1	1	3	1.89852e+00	-4.50289e-01	1.60743e+00
1	0	8	1	1	3	1.02469e+00	-6.73213e-02	1.04734e+00
1	0	9	1	1	3	1.64894e+00	-1.85977e-01	1.61292e+00
1	0	10	1	1	3	7.15603e-01	2.22738e-01	8.54972e-01
#######################################################################
# BH2 Up                                                              #
#######################################################################
2	0	0	0	1	3	1.43047e-01	2.98695e-01	2.00085e-01
2	0	1	0	1	3	8.79554e-01	-2.31747e-01	7.85839e-01
2	0	2	0	1	3	5.94572e-01	-4.97541e-01	4.68956e-01
2	0	3	0	1	3	1.91725e-01	3.94747e-02	1.91115e-01
2	0	4	0	1	3	3.31184e-01	-9.38469e-02	3.15823e-01
2	0	5	0	1	3	1.99769e-01	2.70254e-01	2.37321e-01
2	0	6	0	1	3	2.58948e-01	2.41832e-01	3.10133e-01
2	0	7	0	1	3	3.50426e-01	8.80094e-02	3.70898e-01
#######################################################################
# BH2 Down                                                            #
#######################################################################
2	0	0	1	1	3	3.94607e-01	-1.85207e-01	3.84440e-01
2	0	1	1	1	3	9.92155e-01	-3.85817e-01	8.32122e-01
2	0	2	1	1	3	4.10986e-01	-9.27803e-02	3.90143e-01
2	0	3	1	1	3	1.76416e-01	4.84160e-02	1.75490e-01
2	0	4	1	1	3	2.42956e-01	1.23979e-01	2.64593e-01
2	0	5	1	1	3	3.57967e-01	4.32013e-02	3.63973e-01
2	0	6	1	1	3	1.22093e+00	-6.67168e-01	9.30075e-01
2	0	7	1	1	3	2.92156e-01	-4.36810e-03	2.98702e-01
#######################################################################
# BAC                                                                 #
#######################################################################
3	0	0	0	1	3	0.00000e+00	0.00000e+00	0.00000e+00
3	0	1	0	1	3	0.00000e+00	0.00000e+00	0.00000e+00
#######################################################################
# FBH Up                                                              #
#######################################################################
4	0	0	0	2	3	-5.62952e-03	8.96903e-01	-3.53273e+01
4	0	1	0	2	3	-4.29399e-03	7.37975e-01	-3.00049e+01
4	0	2	0	2	3	-5.26894e-03	8.67305e-01	-3.38992e+01
4	0	3	0	2	3	-3.80183e-03	6.69237e-01	-2.72260e+01
4	0	4	0	2	3	-4.35014e-03	7.35785e-01	-2.92008e+01
4	0	5	0	2	3	-4.02541e-03	6.86907e-01	-2.70312e+01
4	0	6	0	2	3	-4.16660e-03	7.08229e-01	-2.81512e+01
4	0	7	0	2	3	-3.93117e-03	6.84759e-01	-2.69101e+01
4	0	8	0	2	3	-4.14423e-03	6.96902e-01	-2.65883e+01
4	0	9	0	2	3	-2.83372e-03	5.62925e-01	-2.20787e+01
4	0	10	0	2	3	-4.07944e-03	7.09420e-01	-2.75603e+01
4	0	11	0	2	3	-3.50961e-03	6.50113e-01	-2.64167e+01
4	0	12	0	2	3	-3.52415e-03	6.49734e-01	-2.67232e+01
4	0	13	0	2	3	-4.13420e-03	7.26957e-01	-2.99675e+01
4	0	14	0	2	3	-4.90315e-03	8.27563e-01	-3.35630e+01
4	0	15	0	2	3	-4.73048e-03	8.13189e-01	-3.31901e+01
#######################################################################
# FBH Down                                                            #
#######################################################################
4	0	0	1	2	3	-5.62952e-03	8.96903e-01	-3.53273e+01
4	0	1	1	2	3	-4.29399e-03	7.37975e-01	-3.00049e+01
4	0	2	1	2	3	-5.26894e-03	8.67305e-01	-3.38992e+01
4	0	3	1	2	3	-3.80183e-03	6.69237e-01	-2.72260e+01
4	0	4	1	2	3	-4.35014e-03	7.35785e-01	-2.92008e+01
4	0	5	1	2	3	-4.02541e-03	6.86907e-01	-2.70312e+01
4	0	6	1	2	3	-4.16660e-03	7.08229e-01	-2.81512e+01
4	0	7	1	2	3	-3.93117e-03	6.84759e-01	-2.69101e+01
4	0	8	1	2	3	-4.14423e-03	6.96902e-01	-2.65883e+01
4	0	9	1	2	3	-2.83372e-03	5.62925e-01	-2.20787e+01
4	0	10	1	2	3	-4.07944e-03	7.09420e-01	-2.75603e+01
4	0	11	1	2	3	-3.50961e-03	6.50113e-01	-2.64167e+01
4	0	12	1	2	3	-3.52415e-03	6.49734e-01	-2.67232e+01
4	0	13	1	2	3	-4.13420e-03	7.26957e-01	-2.99675e+01
4	0	14	1	2	3	-4.90315e-03	8.27563e-01	-3.35630e+01
4	0	15	1	2	3	-4.73048e-03	8.13189e-01	-3.31901e+01
#######################################################################
# PVAC                                                                #
#######################################################################
5	0	0	0	1	3	0.00000e+00	0.00000e+00	0.00000e+00
#######################################################################
# FAC                                                                 #
#######################################################################
6	0	0	0	1	3	0.00000e+00	0.00000e+00	0.00000e+00
#######################################################################
# SCH                                                                 #
#######################################################################
#7	0	0	0	2	3	-0.00500000	0.821213	-32.185321
#7	0	1	0	2	3	-0.00500000	0.830248	-32.269563
#7	0	2	0	2	3	-0.00500000	0.793073	-29.315934
#7	0	3	0	2	3	-0.00500000	0.772144	-28.276705
#7	0	4	0	2	3	-0.00500000	0.801968	-30.687167
#7	0	5	0	2	3	-0.00500000	0.778300	-28.439251
#7	0	6	0	2	3	-0.00500000	0.765872	-27.918181
#7	0	7	0	2	3	-0.00500000	0.738459	-26.016797
#7	0	8	0	2	3	-0.00500000	0.778318	-28.676371
#7	0	9	0	2	3	-0.00500000	0.776670	-28.892887
#7	0	10	0	2	3	-0.00500000	0.764278	-28.122474
#7	0	11	0	2	3	-0.00500000	0.790742	-29.423647
#7	0	12	0	2	3	-0.00500000	0.811330	-30.487019
#7	0	13	0	2	3	-0.00500000	0.818750	-30.891512
#7	0	14	0	2	3	-0.00500000	0.802541	-30.009136
#7	0	15	0	2	3	-0.00500000	0.809525	-30.751746
#7	0	16	0	2	3	-0.00500000	0.802597	-30.845509
#7	0	17	0	2	3	-0.00500000	0.835028	-32.780792
#7	0	18	0	2	3	-0.00500000	0.859176	-33.938731
#7	0	19	0	2	3	-0.00500000	0.814851	-31.445396
#7	0	20	0	2	3	-0.00500000	0.809426	-30.781087
#7	0	21	0	2	3	-0.00500000	0.780678	-28.888756
#7	0	22	0	2	3	-0.00500000	0.808206	-30.719604
#7	0	23	0	2	3	-0.00500000	0.774024	-27.858339
#7	0	24	0	2	3	-0.00500000	0.794308	-29.022101
#7	0	25	0	2	3	-0.00500000	0.775649	-27.980186
#7	0	26	0	2	3	-0.00500000	0.788483	-28.687567
#7	0	27	0	2	3	-0.00466315	0.771386	-29.253260
#7	0	28	0	2	3	-0.00483132	0.790854	-28.637741
#7	0	29	0	2	3	-0.00497049	0.812994	-30.786914
#7	0	30	0	2	3	-0.00500000	0.787793	-28.362716
#7	0	31	0	2	3	-0.00500000	0.790759	-28.876812
#7	0	32	0	2	3	-0.00500000	0.824826	-31.655285
#7	0	33	0	2	3	-0.00500000	0.845304	-33.407765
#7	0	34	0	2	3	-0.00500000	0.832263	-32.939799
#7	0	35	0	2	3	-0.00500000	0.820631	-31.695372
#7	0	36	0	2	3	-0.00500000	0.836997	-33.200590
#7	0	37	0	2	3	-0.00500000	0.819690	-32.097193
#7	0	38	0	2	3	-0.00500000	0.808109	-31.263214
#7	0	39	0	2	3	-0.00500000	0.815224	-31.135523
#7	0	40	0	2	3	-0.00500000	0.803398	-29.897923
#7	0	41	0	2	3	-0.00500000	0.815685	-31.165519
#7	0	42	0	2	3	-0.00500000	0.812980	-30.737261
#7	0	43	0	2	3	-0.00500000	0.829418	-32.693307
#7	0	44	0	2	3	-0.00500000	0.789530	-29.464920
#7	0	45	0	2	3	-0.00500000	0.804789	-31.208151
#7	0	46	0	2	3	-0.00500000	0.830106	-32.806514
#7	0	47	0	2	3	-0.00500000	0.819206	-31.373242
#7	0	48	0	2	3	-0.00500000	0.816165	-31.709319
#7	0	49	0	2	3	-0.00500000	0.798496	-30.201709
#7	0	50	0	2	3	-0.00500000	0.812167	-31.795745
#7	0	51	0	2	3	-0.00500000	0.810749	-31.375226
#7	0	52	0	2	3	-0.00500000	0.803385	-31.372512
#7	0	53	0	2	3	-0.00500000	0.777405	-29.262831
#7	0	54	0	2	3	-0.00500000	0.783954	-29.763410
#7	0	55	0	2	3	-0.00500000	0.789443	-29.976449
#7	0	56	0	2	3	-0.00500000	0.838828	-33.261086
#7	0	57	0	2	3	-0.00500000	0.804421	-30.573195
#7	0	58	0	2	3	-0.00500000	0.773283	-29.111048
#7	0	59	0	2	3	-0.00500000	0.811789	-31.449459
#7	0	60	0	2	3	-0.00500000	0.759724	-28.110014
#7	0	61	0	2	3	-0.00500000	0.810884	-31.379063
#7	0	62	0	2	3	-0.00500000	0.771910	-28.435006
#7	0	63	0	2	3	-0.00500000	0.796658	-30.511906
#######################################################################
# TOF Up                                                              #
#######################################################################
7	0	0	0	1	3	5.24830e+00	-1.96630e+00	2.96170e+00
7	0	1	0	1	3	5.24830e+00	-1.96630e+00	2.96170e+00
7	0	2	0	1	3	5.24830e+00	-1.96630e+00	2.96170e+00
7	0	3	0	1	3	5.24830e+00	-1.96630e+00	2.96170e+00
7	0	4	0	1	3	5.24830e+00	-1.96630e+00	2.96170e+00
7	0	5	0	1	3	5.24830e+00	-1.96630e+00	2.96170e+00
7	0	6	0	1	3	6.97090e+00	-3.03520e+00	3.39910e+00
7	0	7	0	1	3	4.05450e+00	-1.96150e+00	2.30360e+00
7	0	8	0	1	3	1.16940e+02	-2.98600e+01	2.09880e+01
7	0	9	0	1	3	5.24830e+00	-1.96630e+00	2.96170e+00
7	0	10	0	1	3	5.24830e+00	-1.96630e+00	2.96170e+00
7	0	11	0	1	3	5.24830e+00	-1.96630e+00	2.96170e+00
7	0	12	0	1	3	5.24830e+00	-1.96630e+00	2.96170e+00
7	0	13	0	1	3	5.24830e+00	-1.96630e+00	2.96170e+00
7	0	14	0	1	3	5.24830e+00	-1.96630e+00	2.96170e+00
7	0	15	0	1	3	5.24830e+00	-1.96630e+00	2.96170e+00
7	0	16	0	1	3	5.24830e+00	-1.96630e+00	2.96170e+00
7	0	17	0	1	3	5.24830e+00	-1.96630e+00	2.96170e+00
7	0	18	0	1	3	5.24830e+00	-1.96630e+00	2.96170e+00
7	0	19	0	1	3	7.11491e-01	1.85180e-03	5.82402e-01
7	0	20	0	1	3	5.59404e-01	-1.73810e-03	4.50716e-01
7	0	21	0	1	3	8.92499e-01	1.99900e-03	7.37364e-01
7	0	22	0	1	3	6.37553e-01	1.99960e-03	5.45449e-01
7	0	23	0	1	3	1.19210e+00	1.98920e-03	9.99994e-01
#######################################################################
# TOF Down                                                            #
#######################################################################
7	0	0	1	1	3	5.84300e+00	-2.30730e+00	3.11320e+00
7	0	1	1	1	3	5.84300e+00	-2.30730e+00	3.11320e+00
7	0	2	1	1	3	5.84300e+00	-2.30730e+00	3.11320e+00
7	0	3	1	1	3	5.84300e+00	-2.30730e+00	3.11320e+00
7	0	4	1	1	3	5.84300e+00	-2.30730e+00	3.11320e+00
7	0	5	1	1	3	5.84300e+00	-2.30730e+00	3.11320e+00
7	0	6	1	1	3	1.41330e+01	-5.81170e+00	5.32680e+00
7	0	7	1	1	3	7.84850e+01	-2.02870e+01	1.69500e+01
7	0	8	1	1	3	2.20240e+02	-3.62440e+01	3.60080e+01
7	0	9	1	1	3	5.84300e+00	-2.30730e+00	3.11320e+00
7	0	10	1	1	3	5.84300e+00	-2.30730e+00	3.11320e+00
7	0	11	1	1	3	5.84300e+00	-2.30730e+00	3.11320e+00
7	0	12	1	1	3	5.84300e+00	-2.30730e+00	3.11320e+00
7	0	13	1	1	3	5.84300e+00	-2.30730e+00	3.11320e+00
7	0	14	1	1	3	5.84300e+00	-2.30730e+00	3.11320e+00
7	0	15	1	1	3	5.84300e+00	-2.30730e+00	3.11320e+00
7	0	16	1	1	3	5.84300e+00	-2.30730e+00	3.11320e+00
7	0	17	1	1	3	5.84300e+00	-2.30730e+00	3.11320e+00
7	0	18	1	1	3	5.84300e+00	-2.30730e+00	3.11320e+00
7	0	19	1	1	3	6.18741e-01	1.99860e-03	4.90831e-01
7	0	20	1	1	3	5.75901e-01	1.04210e-03	4.72509e-01
7	0	21	1	1	3	9.41046e-01	1.99890e-03	7.79357e-01
7	0	22	1	1	3	4.84266e-01	-1.95590e-03	3.99786e-01
7	0	23	1	1	3	8.97714e-01	1.99860e-03	7.56300e-01
#######################################################################
# BFT U                                                               #
#######################################################################
110	0	0	0	2	3	4.33814e-03	-5.95132e-01	1.53535e+01
110	0	1	0	2	3	2.24200e-03	-4.37854e-01	1.25479e+01
110	0	2	0	2	3	3.52741e-03	-5.42554e-01	1.42580e+01
110	0	3	0	2	3	4.44334e-03	-6.12073e-01	1.47171e+01
110	0	4	0	2	3	4.21389e-03	-5.83043e-01	1.52146e+01
110	0	5	0	2	3	3.26504e-03	-5.11404e-01	1.43637e+01
110	0	6	0	2	3	2.98814e-03	-5.04688e-01	1.33022e+01
110	0	7	0	2	3	4.24780e-03	-5.78435e-01	1.51529e+01
110	0	8	0	2	3	3.90461e-03	-5.71194e-01	1.46615e+01
110	0	9	0	2	3	4.14285e-03	-5.79306e-01	1.61877e+01
110	0	10	0	2	3	4.46205e-03	-6.14687e-01	1.46961e+01
110	0	11	0	2	3	3.21924e-03	-5.03500e-01	1.46618e+01
110	0	12	0	2	3	3.31112e-03	-5.19479e-01	1.31077e+01
110	0	13	0	2	3	2.41156e-03	-4.44293e-01	1.35353e+01
110	0	14	0	2	3	4.07979e-03	-5.78174e-01	1.40576e+01
110	0	15	0	2	3	4.11137e-03	-5.83319e-01	1.63312e+01
110	0	16	0	2	3	3.55430e-03	-5.33837e-01	1.31142e+01
110	0	17	0	2	3	4.59052e-03	-6.05585e-01	1.60636e+01
110	0	18	0	2	3	4.11118e-03	-5.87254e-01	1.41824e+01
110	0	19	0	2	3	3.84848e-03	-5.68757e-01	1.37460e+01
110	0	20	0	2	3	4.35343e-03	-5.91088e-01	1.46131e+01
110	0	21	0	2	3	3.19260e-03	-5.11514e-01	1.58739e+01
110	0	22	0	2	3	3.11866e-03	-5.12857e-01	1.32512e+01
110	0	23	0	2	3	4.11509e-03	-5.72388e-01	1.56536e+01
110	0	24	0	2	3	3.55658e-03	-5.38332e-01	1.40538e+01
110	0	25	0	2	3	3.63017e-03	-5.29538e-01	1.52443e+01
110	0	26	0	2	3	4.22092e-03	-5.94117e-01	1.57883e+01
110	0	27	0	2	3	4.53355e-03	-5.92830e-01	1.56939e+01
110	0	28	0	2	3	3.82054e-03	-5.53982e-01	1.24146e+01
110	0	29	0	2	3	3.99785e-03	-5.61500e-01	1.48969e+01
110	0	30	0	2	3	4.19585e-03	-5.90212e-01	1.44801e+01
110	0	31	0	2	3	4.58391e-03	-6.11861e-01	1.63556e+01
110	0	32	0	2	3	3.98824e-03	-5.75622e-01	1.44956e+01
110	0	33	0	2	3	4.09024e-03	-5.52547e-01	1.34100e+01
110	0	34	0	2	3	4.02362e-03	-5.77775e-01	1.43306e+01
110	0	35	0	2	3	4.49011e-03	-6.10807e-01	1.63573e+01
110	0	36	0	2	3	3.26299e-03	-5.14958e-01	1.30387e+01
110	0	37	0	2	3	4.44269e-03	-5.97018e-01	1.68543e+01
110	0	38	0	2	3	4.16924e-03	-5.81603e-01	1.37327e+01
110	0	39	0	2	3	4.63990e-03	-6.15642e-01	1.60812e+01
110	0	40	0	2	3	4.16366e-03	-5.74786e-01	1.39016e+01
110	0	41	0	2	3	4.09878e-03	-5.75203e-01	1.64276e+01
110	0	42	0	2	3	4.53615e-03	-6.04783e-01	1.50391e+01
110	0	43	0	2	3	4.91274e-03	-6.45269e-01	1.73877e+01
110	0	44	0	2	3	3.93679e-03	-5.70573e-01	1.41342e+01
110	0	45	0	2	3	4.37616e-03	-5.89502e-01	1.61393e+01
110	0	46	0	2	3	4.65207e-03	-6.28692e-01	1.53655e+01
110	0	47	0	2	3	4.97595e-03	-6.48879e-01	1.84714e+01
110	0	48	0	2	3	3.77673e-03	-5.51436e-01	1.26717e+01
110	0	49	0	2	3	4.23976e-03	-5.83821e-01	1.65468e+01
110	0	50	0	2	3	4.62297e-03	-6.14023e-01	1.51773e+01
110	0	51	0	2	3	4.62432e-03	-6.11875e-01	1.59317e+01
110	0	52	0	2	3	3.51912e-03	-5.34859e-01	1.29968e+01
110	0	53	0	2	3	4.20945e-03	-5.78189e-01	1.51700e+01
110	0	54	0	2	3	4.31801e-03	-5.96163e-01	1.45451e+01
110	0	55	0	2	3	4.76774e-03	-6.24127e-01	1.70651e+01
110	0	56	0	2	3	4.01795e-03	-5.84274e-01	1.53541e+01
110	0	57	0	2	3	4.68565e-03	-6.15645e-01	1.65184e+01
110	0	58	0	2	3	4.05548e-03	-5.81199e-01	1.53871e+01
110	0	59	0	2	3	4.29119e-03	-6.04972e-01	1.67922e+01
110	0	60	0	2	3	3.79277e-03	-5.63704e-01	1.36430e+01
110	0	61	0	2	3	3.61605e-03	-5.40071e-01	1.49435e+01
110	0	62	0	2	3	4.99597e-03	-6.39744e-01	1.51076e+01
110	0	63	0	2	3	4.37613e-03	-6.00272e-01	1.49751e+01
110	0	64	0	2	3	3.96435e-03	-5.75095e-01	1.44412e+01
110	0	65	0	2	3	4.08319e-03	-5.76601e-01	1.55458e+01
110	0	66	0	2	3	4.48404e-03	-6.24281e-01	1.66263e+01
110	0	67	0	2	3	3.83491e-03	-5.63042e-01	1.55246e+01
110	0	68	0	2	3	3.87758e-03	-5.78610e-01	1.50918e+01
110	0	69	0	2	3	4.20462e-03	-5.82714e-01	1.51643e+01
110	0	70	0	2	3	4.37149e-03	-6.20863e-01	1.48616e+01
110	0	71	0	2	3	4.45617e-03	-6.07889e-01	1.60483e+01
110	0	72	0	2	3	3.79428e-03	-5.68775e-01	1.37164e+01
110	0	73	0	2	3	4.41414e-03	-6.07297e-01	1.54820e+01
110	0	74	0	2	3	4.67800e-03	-6.38156e-01	1.60463e+01
110	0	75	0	2	3	4.42645e-03	-5.99972e-01	1.54976e+01
110	0	76	0	2	3	3.86360e-03	-5.66411e-01	1.36976e+01
110	0	77	0	2	3	3.93036e-03	-5.64939e-01	1.52060e+01
110	0	78	0	2	3	4.40880e-03	-6.16823e-01	1.49737e+01
110	0	79	0	2	3	4.25989e-03	-5.88140e-01	1.52425e+01
110	0	80	0	2	3	4.25137e-03	-5.93903e-01	1.52310e+01
110	0	81	0	2	3	4.25355e-03	-5.81342e-01	1.51230e+01
110	0	82	0	2	3	4.01337e-03	-5.78920e-01	1.45690e+01
110	0	83	0	2	3	4.60164e-03	-6.18561e-01	1.57299e+01
110	0	84	0	2	3	3.73892e-03	-5.54078e-01	1.39320e+01
110	0	85	0	2	3	4.05953e-03	-5.74368e-01	1.54010e+01
110	0	86	0	2	3	4.75536e-03	-6.46009e-01	1.55374e+01
110	0	87	0	2	3	4.33479e-03	-6.04728e-01	1.62516e+01
110	0	88	0	2	3	3.75127e-03	-5.54718e-01	1.43600e+01
110	0	89	0	2	3	4.32639e-03	-5.98961e-01	1.54797e+01
110	0	90	0	2	3	4.29788e-03	-6.02117e-01	1.43977e+01
110	0	91	0	2	3	4.81731e-03	-6.40119e-01	1.57674e+01
110	0	92	0	2	3	3.72924e-03	-5.68874e-01	1.46796e+01
110	0	93	0	2	3	4.21071e-03	-5.84952e-01	1.48881e+01
110	0	94	0	2	3	4.30078e-03	-6.18660e-01	1.65429e+01
110	0	95	0	2	3	4.22581e-03	-5.96607e-01	1.58284e+01
110	0	96	0	2	3	4.02519e-03	-5.88101e-01	1.46197e+01
110	0	97	0	2	3	3.87734e-03	-5.65784e-01	1.53944e+01
110	0	98	0	2	3	4.63115e-03	-6.37744e-01	1.55379e+01
110	0	99	0	2	3	4.37007e-03	-5.98098e-01	1.55905e+01
110	0	100	0	2	3	4.13319e-03	-5.91392e-01	1.51987e+01
110	0	101	0	2	3	3.67200e-03	-5.50250e-01	1.50032e+01
110	0	102	0	2	3	4.53783e-03	-6.25859e-01	1.61052e+01
110	0	103	0	2	3	4.73151e-03	-6.30332e-01	1.59960e+01
110	0	104	0	2	3	3.81202e-03	-5.67006e-01	1.38495e+01
110	0	105	0	2	3	4.47369e-03	-6.05558e-01	1.53918e+01
110	0	106	0	2	3	4.57370e-03	-6.25356e-01	1.59899e+01
110	0	107	0	2	3	4.90745e-03	-6.34140e-01	1.53796e+01
110	0	108	0	2	3	4.00430e-03	-5.86020e-01	1.51073e+01
110	0	109	0	2	3	4.09210e-03	-5.80968e-01	1.48728e+01
110	0	110	0	2	3	3.85872e-03	-5.75889e-01	1.49273e+01
110	0	111	0	2	3	4.73519e-03	-6.39356e-01	1.61629e+01
110	0	112	0	2	3	4.01022e-03	-5.73172e-01	1.34891e+01
110	0	113	0	2	3	4.79099e-03	-6.26372e-01	1.55973e+01
110	0	114	0	2	3	4.38457e-03	-6.12006e-01	1.56353e+01
110	0	115	0	2	3	4.72563e-03	-6.26686e-01	1.56879e+01
110	0	116	0	2	3	3.75784e-03	-5.64789e-01	1.42532e+01
110	0	117	0	2	3	3.94807e-03	-5.74074e-01	1.58080e+01
110	0	118	0	2	3	4.70296e-03	-6.38474e-01	1.63460e+01
110	0	119	0	2	3	4.76981e-03	-6.22564e-01	1.46402e+01
110	0	120	0	2	3	4.10068e-03	-6.00336e-01	1.52046e+01
110	0	121	0	2	3	4.06935e-03	-5.73932e-01	1.33347e+01
110	0	122	0	2	3	4.52078e-03	-6.26686e-01	1.67404e+01
110	0	123	0	2	3	4.90110e-03	-6.41497e-01	1.62684e+01
110	0	124	0	2	3	4.03140e-03	-5.79688e-01	1.51524e+01
110	0	125	0	2	3	3.98161e-03	-5.62172e-01	1.24640e+01
110	0	126	0	2	3	4.04429e-03	-5.76663e-01	1.44216e+01
110	0	127	0	2	3	4.09867e-03	-5.77969e-01	1.47824e+01
110	0	128	0	2	3	3.99343e-03	-6.16223e-01	1.66970e+01
110	0	129	0	2	3	3.54162e-03	-5.72014e-01	1.54309e+01
110	0	130	0	2	3	3.96891e-03	-6.13131e-01	1.66761e+01
110	0	131	0	2	3	3.72913e-03	-5.48439e-01	1.45510e+01
110	0	132	0	2	3	3.33296e-03	-5.50644e-01	1.55656e+01
110	0	133	0	2	3	2.79538e-03	-5.00271e-01	1.41350e+01
110	0	134	0	2	3	1.12460e-03	-3.91640e-01	1.22552e+01
110	0	135	0	2	3	3.10304e-04	-3.16158e-01	9.98975e+00
110	0	136	0	2	3	3.03248e-03	-5.05972e-01	1.32135e+01
110	0	137	0	2	3	3.47432e-03	-5.61609e-01	1.57408e+01
110	0	138	0	2	3	4.72936e-03	-6.62145e-01	1.74894e+01
110	0	139	0	2	3	4.55729e-03	-6.39743e-01	1.56197e+01
110	0	140	0	2	3	4.81609e-03	-6.52497e-01	1.73033e+01
110	0	141	0	2	3	1.60331e-03	-4.11191e-01	1.15677e+01
110	0	142	0	2	3	5.97654e-03	-7.38599e-01	1.83091e+01
110	0	143	0	2	3	4.24963e-05	-3.05953e-01	1.02485e+01
110	0	144	0	2	3	1.52125e-03	-4.17106e-01	1.17723e+01
110	0	145	0	2	3	5.43646e-03	-6.71510e-01	1.58089e+01
110	0	146	0	2	3	3.00185e-03	-5.38213e-01	1.50890e+01
110	0	147	0	2	3	3.14790e-03	-5.10788e-01	1.41846e+01
110	0	148	0	2	3	7.64157e-04	-3.54024e-01	1.06912e+01
110	0	149	0	2	3	7.33063e-03	-8.27132e-01	1.99317e+01
110	0	150	0	2	3	2.92202e-03	-5.32455e-01	1.52731e+01
110	0	151	0	2	3	-2.38067e-03	-1.15968e-01	6.95820e+00
110	0	152	0	2	3	-1.12324e-02	6.60819e-01	-9.29919e+00
110	0	153	0	2	3	3.81791e-03	-5.98018e-01	1.62827e+01
110	0	154	0	2	3	2.02029e-03	-4.75589e-01	1.36858e+01
110	0	155	0	2	3	2.01010e-03	-4.54562e-01	1.17518e+01
110	0	156	0	2	3	-4.98058e-03	1.03291e-01	2.58367e+00
110	0	157	0	2	3	-1.04087e-02	5.08325e-01	-4.74544e+00
110	0	158	0	2	3	3.14902e-03	-5.68140e-01	1.56804e+01
110	0	159	0	2	3	8.24919e-03	-9.17649e-01	2.15732e+01
#######################################################################
# BFT D                                                               #
#######################################################################
110	1	0	0	2	3	4.39255e-03	-6.08501e-01	1.72304e+01
110	1	1	0	2	3	9.66144e-04	-3.43975e-01	1.17003e+01
110	1	2	0	2	3	4.09305e-03	-5.94752e-01	1.61694e+01
110	1	3	0	2	3	2.04611e-03	-4.34100e-01	1.40369e+01
110	1	4	0	2	3	3.89203e-03	-5.69291e-01	1.55430e+01
110	1	5	0	2	3	4.57339e-03	-6.23070e-01	1.76020e+01
110	1	6	0	2	3	4.56430e-03	-6.23547e-01	1.54082e+01
110	1	7	0	2	3	3.01857e-03	-4.98162e-01	1.45814e+01
110	1	8	0	2	3	3.88851e-03	-5.71130e-01	1.58758e+01
110	1	9	0	2	3	1.77435e-03	-4.19031e-01	1.47664e+01
110	1	10	0	2	3	3.48166e-03	-5.38909e-01	1.50171e+01
110	1	11	0	2	3	4.31065e-03	-6.01531e-01	1.64630e+01
110	1	12	0	2	3	3.25249e-03	-5.30506e-01	1.43407e+01
110	1	13	0	2	3	3.02385e-03	-5.10437e-01	1.56250e+01
110	1	14	0	2	3	4.35179e-03	-6.11480e-01	1.55736e+01
110	1	15	0	2	3	3.89976e-03	-5.66329e-01	1.63563e+01
110	1	16	0	2	3	3.72176e-03	-5.63089e-01	1.50081e+01
110	1	17	0	2	3	3.82965e-03	-5.59067e-01	1.54329e+01
110	1	18	0	2	3	4.86180e-03	-6.35137e-01	1.55079e+01
110	1	19	0	2	3	4.49724e-03	-6.13171e-01	1.68868e+01
110	1	20	0	2	3	3.61007e-03	-5.59014e-01	1.53116e+01
110	1	21	0	2	3	3.99785e-03	-5.83095e-01	1.74204e+01
110	1	22	0	2	3	4.42856e-03	-6.06394e-01	1.56078e+01
110	1	23	0	2	3	3.41857e-03	-5.25906e-01	1.54324e+01
110	1	24	0	2	3	3.68435e-03	-5.61394e-01	1.58726e+01
110	1	25	0	2	3	3.86683e-03	-5.66659e-01	1.63927e+01
110	1	26	0	2	3	4.10511e-03	-5.94638e-01	1.54074e+01
110	1	27	0	2	3	3.24596e-03	-5.19147e-01	1.61900e+01
110	1	28	0	2	3	3.48196e-03	-5.50951e-01	1.56526e+01
110	1	29	0	2	3	3.52080e-03	-5.46832e-01	1.63061e+01
110	1	30	0	2	3	3.94370e-03	-5.77759e-01	1.52948e+01
110	1	31	0	2	3	4.20771e-03	-6.03446e-01	1.74884e+01
110	1	32	0	2	3	4.32825e-03	-6.13603e-01	1.73161e+01
110	1	33	0	2	3	3.28756e-03	-5.33410e-01	1.49635e+01
110	1	34	0	2	3	4.16805e-03	-5.87780e-01	1.49843e+01
110	1	35	0	2	3	4.33193e-03	-6.15418e-01	1.76960e+01
110	1	36	0	2	3	3.51008e-03	-5.44775e-01	1.55213e+01
110	1	37	0	2	3	3.56626e-03	-5.43449e-01	1.43059e+01
110	1	38	0	2	3	3.93023e-03	-5.74072e-01	1.61763e+01
110	1	39	0	2	3	3.96221e-03	-5.70148e-01	1.57330e+01
110	1	40	0	2	3	4.01786e-03	-5.74814e-01	1.48071e+01
110	1	41	0	2	3	3.68757e-03	-5.50511e-01	1.58118e+01
110	1	42	0	2	3	3.69186e-03	-5.50399e-01	1.49254e+01
110	1	43	0	2	3	4.63140e-03	-6.20736e-01	1.78429e+01
110	1	44	0	2	3	3.89961e-03	-5.77530e-01	1.51248e+01
110	1	45	0	2	3	3.73370e-03	-5.57176e-01	1.61880e+01
110	1	46	0	2	3	4.25042e-03	-6.02945e-01	1.55251e+01
110	1	47	0	2	3	3.93072e-03	-5.91521e-01	1.78196e+01
110	1	48	0	2	3	3.80968e-03	-5.64078e-01	1.54733e+01
110	1	49	0	2	3	3.90736e-03	-5.65385e-01	1.65380e+01
110	1	50	0	2	3	4.23421e-03	-5.96988e-01	1.50335e+01
110	1	51	0	2	3	4.15845e-03	-5.88879e-01	1.66698e+01
110	1	52	0	2	3	4.01571e-03	-5.90515e-01	1.52553e+01
110	1	53	0	2	3	3.61601e-03	-5.48890e-01	1.62559e+01
110	1	54	0	2	3	4.29705e-03	-6.08049e-01	1.64763e+01
110	1	55	0	2	3	4.29181e-03	-5.98905e-01	1.69677e+01
110	1	56	0	2	3	4.23929e-03	-6.11292e-01	1.57032e+01
110	1	57	0	2	3	3.82356e-03	-5.68536e-01	1.61979e+01
110	1	58	0	2	3	4.00333e-03	-5.93992e-01	1.72671e+01
110	1	59	0	2	3	4.43212e-03	-6.22633e-01	1.85007e+01
110	1	60	0	2	3	4.00914e-03	-5.84545e-01	1.58749e+01
110	1	61	0	2	3	4.36748e-03	-5.92885e-01	1.60649e+01
110	1	62	0	2	3	3.99469e-03	-5.79349e-01	1.47108e+01
110	1	63	0	2	3	4.04983e-03	-5.84970e-01	1.67915e+01
110	1	64	0	2	3	3.99068e-03	-5.86679e-01	1.63269e+01
110	1	65	0	2	3	4.18684e-03	-5.94520e-01	1.62675e+01
110	1	66	0	2	3	4.78647e-03	-6.47834e-01	1.60907e+01
110	1	67	0	2	3	4.72295e-03	-6.32560e-01	1.59816e+01
110	1	68	0	2	3	3.52787e-03	-5.41416e-01	1.38530e+01
110	1	69	0	2	3	3.97287e-03	-5.76819e-01	1.59800e+01
110	1	70	0	2	3	4.23227e-03	-6.01916e-01	1.63613e+01
110	1	71	0	2	3	4.19630e-03	-6.02978e-01	1.67570e+01
110	1	72	0	2	3	3.84776e-03	-5.70910e-01	1.53133e+01
110	1	73	0	2	3	4.05374e-03	-5.89290e-01	1.69686e+01
110	1	74	0	2	3	4.28305e-03	-6.02182e-01	1.50050e+01
110	1	75	0	2	3	4.53314e-03	-6.24073e-01	1.65020e+01
110	1	76	0	2	3	3.88618e-03	-5.70235e-01	1.50491e+01
110	1	77	0	2	3	4.33679e-03	-6.08099e-01	1.61924e+01
110	1	78	0	2	3	4.52452e-03	-6.18821e-01	1.52254e+01
110	1	79	0	2	3	4.43054e-03	-6.09782e-01	1.60766e+01
110	1	80	0	2	3	4.11500e-03	-5.87012e-01	1.52658e+01
110	1	81	0	2	3	4.01806e-03	-5.77581e-01	1.48190e+01
110	1	82	0	2	3	4.65149e-03	-6.27791e-01	1.68720e+01
110	1	83	0	2	3	4.35226e-03	-5.94236e-01	1.53674e+01
110	1	84	0	2	3	3.70697e-03	-5.49127e-01	1.40188e+01
110	1	85	0	2	3	3.73392e-03	-5.57762e-01	1.47546e+01
110	1	86	0	2	3	4.35474e-03	-6.08459e-01	1.63299e+01
110	1	87	0	2	3	4.27104e-03	-5.91623e-01	1.40890e+01
110	1	88	0	2	3	3.70100e-03	-5.59526e-01	1.52150e+01
110	1	89	0	2	3	3.82718e-03	-5.69832e-01	1.46739e+01
110	1	90	0	2	3	3.98067e-03	-5.83250e-01	1.48198e+01
110	1	91	0	2	3	4.28347e-03	-5.96553e-01	1.59631e+01
110	1	92	0	2	3	3.74202e-03	-5.54650e-01	1.46319e+01
110	1	93	0	2	3	3.89921e-03	-5.73304e-01	1.52665e+01
110	1	94	0	2	3	4.19744e-03	-6.01562e-01	1.63357e+01
110	1	95	0	2	3	3.97440e-03	-5.85283e-01	1.52147e+01
110	1	96	0	2	3	3.67675e-03	-5.53895e-01	1.43297e+01
110	1	97	0	2	3	4.01393e-03	-5.76696e-01	1.56573e+01
110	1	98	0	2	3	4.30869e-03	-6.23962e-01	1.70844e+01
110	1	99	0	2	3	4.41944e-03	-6.07984e-01	1.55661e+01
110	1	100	0	2	3	4.09442e-03	-5.72756e-01	1.51047e+01
110	1	101	0	2	3	3.76931e-03	-5.59182e-01	1.52099e+01
110	1	102	0	2	3	4.32160e-03	-6.14609e-01	1.59952e+01
110	1	103	0	2	3	4.46450e-03	-6.11002e-01	1.55213e+01
110	1	104	0	2	3	4.00517e-03	-5.79957e-01	1.53098e+01
110	1	105	0	2	3	4.11513e-03	-5.85779e-01	1.54764e+01
110	1	106	0	2	3	4.28862e-03	-6.10283e-01	1.67230e+01
110	1	107	0	2	3	4.86324e-03	-6.38683e-01	1.61482e+01
110	1	108	0	2	3	3.97954e-03	-5.81513e-01	1.61371e+01
110	1	109	0	2	3	3.64071e-03	-5.54660e-01	1.54881e+01
110	1	110	0	2	3	4.10651e-03	-5.95963e-01	1.56533e+01
110	1	111	0	2	3	4.34185e-03	-6.13628e-01	1.71279e+01
110	1	112	0	2	3	3.99995e-03	-5.80935e-01	1.51432e+01
110	1	113	0	2	3	4.15834e-03	-5.91672e-01	1.57114e+01
110	1	114	0	2	3	4.87157e-03	-6.52660e-01	1.63011e+01
110	1	115	0	2	3	5.25032e-03	-6.65236e-01	1.65868e+01
110	1	116	0	2	3	4.03455e-03	-5.82385e-01	1.53065e+01
110	1	117	0	2	3	4.11714e-03	-5.86786e-01	1.55163e+01
110	1	118	0	2	3	4.31700e-03	-6.04190e-01	1.48239e+01
110	1	119	0	2	3	4.07268e-03	-5.82847e-01	1.55709e+01
110	1	120	0	2	3	4.03402e-03	-5.85505e-01	1.51558e+01
110	1	121	0	2	3	4.73628e-03	-6.28482e-01	1.60137e+01
110	1	122	0	2	3	3.66758e-03	-5.66252e-01	1.62210e+01
110	1	123	0	2	3	5.20856e-03	-6.83041e-01	1.87879e+01
110	1	124	0	2	3	3.83954e-03	-5.61679e-01	1.42503e+01
110	1	125	0	2	3	3.58968e-03	-5.53141e-01	1.50964e+01
110	1	126	0	2	3	4.12545e-03	-5.89688e-01	1.55254e+01
110	1	127	0	2	3	4.06439e-03	-5.82701e-01	1.53621e+01
110	1	128	0	2	3	4.85434e-03	-6.68547e-01	1.77077e+01
110	1	129	0	2	3	4.66921e-03	-6.56719e-01	1.74665e+01
110	1	130	0	2	3	3.31330e-03	-5.50626e-01	1.46024e+01
110	1	131	0	2	3	3.50506e-03	-5.40312e-01	1.44681e+01
110	1	132	0	2	3	2.96292e-03	-5.27804e-01	1.52687e+01
110	1	133	0	2	3	2.96857e-03	-5.15727e-01	1.41359e+01
110	1	134	0	2	3	4.17614e-03	-6.10243e-01	1.66210e+01
110	1	135	0	2	3	4.80184e-03	-6.45888e-01	1.67566e+01
110	1	136	0	2	3	3.03740e-03	-5.37273e-01	1.57823e+01
110	1	137	0	2	3	4.87360e-03	-6.58137e-01	1.71672e+01
110	1	138	0	2	3	5.44439e-03	-6.95693e-01	1.74804e+01
110	1	139	0	2	3	4.55973e-03	-6.30375e-01	1.66875e+01
110	1	140	0	2	3	5.63171e-03	-7.13345e-01	1.76479e+01
110	1	141	0	2	3	5.29366e-03	-6.83150e-01	1.69515e+01
110	1	142	0	2	3	5.57563e-03	-6.96749e-01	1.69682e+01
110	1	143	0	2	3	2.38154e-03	-4.76506e-01	1.42048e+01
110	1	144	0	2	3	-1.55869e-02	8.60370e-01	-9.88920e+00
110	1	145	0	2	3	-1.01391e-03	-2.17619e-01	8.94848e+00
110	1	146	0	2	3	5.59196e-03	-7.27558e-01	1.84601e+01
110	1	147	0	2	3	4.59129e-03	-6.23102e-01	1.52505e+01
110	1	148	0	2	3	1.98435e-03	-4.24101e-01	1.16324e+01
110	1	149	0	2	3	5.08238e-03	-6.76859e-01	1.79136e+01
110	1	150	0	2	3	3.21782e-03	-5.47713e-01	1.55370e+01
110	1	151	0	2	3	7.34193e-03	-8.37272e-01	2.00417e+01
110	1	152	0	2	3	-5.35257e-03	1.32475e-01	2.90933e+00
110	1	153	0	2	3	-1.15677e-03	-1.99086e-01	9.17463e+00
110	1	154	0	2	3	4.80354e-03	-6.80201e-01	1.82120e+01
110	1	155	0	2	3	-4.74345e-03	6.90560e-02	2.37355e+00
110	1	156	0	2	3	3.76571e-03	-5.66635e-01	1.53078e+01
110	1	157	0	2	3	5.54238e-03	-6.87205e-01	1.79018e+01
110	1	158	0	2	3	1.25484e-03	-3.98117e-01	1.31281e+01
110	1	159	0	2	3	9.57500e-04	-3.64408e-01	1.26364e+01
