##
#  file: HodoPHCParam_Dummy
#  date: 2016.06.15
#  note: first version
#
#
#######################################################################
# CId	PlId	Seg	UorD	Type	nParam	p0	p1	...
#
#	Type=0 no correction will be performed
#	Type=1 ct=t-p[0]/sqrt(a-p[1])+p[2]
#	Type=2 ct=p[0]*a*a + p[1]*a + p[2] for Fiber
#
#######################################################################
# BH1 Up                                                              #
#######################################################################
1	0	0	0	1	3	9.72882e+01	-2.42381e+01	1.93388e+01
1	0	1	0	1	3	8.39811e-01	2.30870e-01	9.07677e-01
1	0	2	0	1	3	7.96271e-01	2.02772e-01	8.76313e-01
1	0	3	0	1	3	1.24269e+00	-1.47574e-01	1.19840e+00
1	0	4	0	1	3	1.09931e+00	-7.72769e-02	1.08260e+00
1	0	5	0	1	3	1.05845e+00	1.40683e-01	1.18835e+00
1	0	6	0	1	3	1.24845e+00	-7.32092e-02	1.22011e+00
1	0	7	0	1	3	1.38494e+00	-1.69323e-01	1.29113e+00
1	0	8	0	1	3	1.12943e+00	-1.85789e-01	1.05048e+00
1	0	9	0	1	3	1.39270e+00	-1.82072e-01	1.30041e+00
1	0	10	0	1	3	1.71493e+02	-3.15885e+01	3.00372e+01
#######################################################################
# BH1 Down                                                            #
#######################################################################
1	0	0	1	1	3	1.69589e+00	-2.63702e-01	1.46458e+00
1	0	1	1	1	3	6.65147e-01	3.06785e-01	7.74182e-01
1	0	2	1	1	3	1.69164e+00	-4.50471e-01	1.36238e+00
1	0	3	1	1	3	7.14482e+01	-2.23619e+01	1.47724e+01
1	0	4	1	1	3	1.42431e+00	-1.84323e-01	1.31423e+00
1	0	5	1	1	3	1.48351e+00	-1.17877e-01	1.40777e+00
1	0	6	1	1	3	1.64799e+00	-3.01989e-01	1.48452e+00
1	0	7	1	1	3	1.48685e+00	-1.75507e-01	1.38619e+00
1	0	8	1	1	3	5.71792e-01	2.68423e-01	6.99614e-01
1	0	9	1	1	3	1.07020e+00	4.47097e-02	1.11772e+00
1	0	10	1	1	3	5.19525e-01	3.65790e-01	6.45791e-01
#######################################################################
# BH2 Up                                                              #
#######################################################################
2	0	0	0	1	3	1.12115e-01	3.35357e-01	1.33957e-01
2	0	1	0	1	3	4.23202e-01	6.01088e-02	4.32756e-01
2	0	2	0	1	3	4.01076e-01	4.56070e-02	4.03148e-01
2	0	3	0	1	3	3.85284e-01	5.67440e-02	3.98101e-01
2	0	4	0	1	3	2.66200e-01	1.48660e-01	2.92941e-01
2	0	5	0	1	3	1.66891e-01	2.88043e-01	2.06447e-01
2	0	6	0	1	3	1.71542e-01	2.55850e-01	2.12138e-01
2	0	7	0	1	3	1.96083e-01	2.29490e-01	2.30246e-01
#######################################################################
# BH2 Down                                                            #
#######################################################################
2	0	0	1	1	3	1.86082e-01	2.04597e-01	2.06299e-01
2	0	1	1	1	3	3.69447e-01	6.07075e-02	3.67987e-01
2	0	2	1	1	3	4.36704e-01	5.29092e-03	4.17610e-01
2	0	3	1	1	3	5.05110e-01	-2.36197e-01	4.33924e-01
2	0	4	1	1	3	3.34198e-01	6.07922e-02	3.30964e-01
2	0	5	1	1	3	2.71316e-01	1.29618e-01	2.74971e-01
2	0	6	1	1	3	4.51400e-01	-3.05140e-02	4.20447e-01
2	0	7	1	1	3	2.11967e-01	8.42464e-02	2.22906e-01
#######################################################################
# BAC                                                                 #
#######################################################################
3	0	0	0	1	3	0.00000e+00	0.00000e+00	0.00000e+00
3	0	1	0	1	3	0.00000e+00	0.00000e+00	0.00000e+00
#######################################################################
# FBH Up                                                              #
#######################################################################
4	0	0	0	2	3	-5.62952e-03	8.96903e-01	-3.53273e+01
4	0	1	0	2	3	-4.29399e-03	7.37975e-01	-3.00049e+01
4	0	2	0	2	3	-5.26894e-03	8.67305e-01	-3.38992e+01
4	0	3	0	2	3	-3.80183e-03	6.69237e-01	-2.72260e+01
4	0	4	0	2	3	-4.35014e-03	7.35785e-01	-2.92008e+01
4	0	5	0	2	3	-4.02541e-03	6.86907e-01	-2.70312e+01
4	0	6	0	2	3	-4.16660e-03	7.08229e-01	-2.81512e+01
4	0	7	0	2	3	-3.93117e-03	6.84759e-01	-2.69101e+01
4	0	8	0	2	3	-4.14423e-03	6.96902e-01	-2.65883e+01
4	0	9	0	2	3	-2.83372e-03	5.62925e-01	-2.20787e+01
4	0	10	0	2	3	-4.07944e-03	7.09420e-01	-2.75603e+01
4	0	11	0	2	3	-3.50961e-03	6.50113e-01	-2.64167e+01
4	0	12	0	2	3	-3.52415e-03	6.49734e-01	-2.67232e+01
4	0	13	0	2	3	-4.13420e-03	7.26957e-01	-2.99675e+01
4	0	14	0	2	3	-4.90315e-03	8.27563e-01	-3.35630e+01
4	0	15	0	2	3	-4.73048e-03	8.13189e-01	-3.31901e+01
#######################################################################
# FBH Down                                                            #
#######################################################################
4	0	0	1	2	3	-5.62952e-03	8.96903e-01	-3.53273e+01
4	0	1	1	2	3	-4.29399e-03	7.37975e-01	-3.00049e+01
4	0	2	1	2	3	-5.26894e-03	8.67305e-01	-3.38992e+01
4	0	3	1	2	3	-3.80183e-03	6.69237e-01	-2.72260e+01
4	0	4	1	2	3	-4.35014e-03	7.35785e-01	-2.92008e+01
4	0	5	1	2	3	-4.02541e-03	6.86907e-01	-2.70312e+01
4	0	6	1	2	3	-4.16660e-03	7.08229e-01	-2.81512e+01
4	0	7	1	2	3	-3.93117e-03	6.84759e-01	-2.69101e+01
4	0	8	1	2	3	-4.14423e-03	6.96902e-01	-2.65883e+01
4	0	9	1	2	3	-2.83372e-03	5.62925e-01	-2.20787e+01
4	0	10	1	2	3	-4.07944e-03	7.09420e-01	-2.75603e+01
4	0	11	1	2	3	-3.50961e-03	6.50113e-01	-2.64167e+01
4	0	12	1	2	3	-3.52415e-03	6.49734e-01	-2.67232e+01
4	0	13	1	2	3	-4.13420e-03	7.26957e-01	-2.99675e+01
4	0	14	1	2	3	-4.90315e-03	8.27563e-01	-3.35630e+01
4	0	15	1	2	3	-4.73048e-03	8.13189e-01	-3.31901e+01
#######################################################################
# PVAC                                                                #
#######################################################################
5	0	0	0	1	3	0.00000e+00	0.00000e+00	0.00000e+00
#######################################################################
# FAC                                                                 #
#######################################################################
6	0	0	0	1	3	0.00000e+00	0.00000e+00	0.00000e+00
#######################################################################
# SCH                                                                 #
#######################################################################
#7	0	0	0	2	3	-0.00500000	0.821213	-32.185321
#7	0	1	0	2	3	-0.00500000	0.830248	-32.269563
#7	0	2	0	2	3	-0.00500000	0.793073	-29.315934
#7	0	3	0	2	3	-0.00500000	0.772144	-28.276705
#7	0	4	0	2	3	-0.00500000	0.801968	-30.687167
#7	0	5	0	2	3	-0.00500000	0.778300	-28.439251
#7	0	6	0	2	3	-0.00500000	0.765872	-27.918181
#7	0	7	0	2	3	-0.00500000	0.738459	-26.016797
#7	0	8	0	2	3	-0.00500000	0.778318	-28.676371
#7	0	9	0	2	3	-0.00500000	0.776670	-28.892887
#7	0	10	0	2	3	-0.00500000	0.764278	-28.122474
#7	0	11	0	2	3	-0.00500000	0.790742	-29.423647
#7	0	12	0	2	3	-0.00500000	0.811330	-30.487019
#7	0	13	0	2	3	-0.00500000	0.818750	-30.891512
#7	0	14	0	2	3	-0.00500000	0.802541	-30.009136
#7	0	15	0	2	3	-0.00500000	0.809525	-30.751746
#7	0	16	0	2	3	-0.00500000	0.802597	-30.845509
#7	0	17	0	2	3	-0.00500000	0.835028	-32.780792
#7	0	18	0	2	3	-0.00500000	0.859176	-33.938731
#7	0	19	0	2	3	-0.00500000	0.814851	-31.445396
#7	0	20	0	2	3	-0.00500000	0.809426	-30.781087
#7	0	21	0	2	3	-0.00500000	0.780678	-28.888756
#7	0	22	0	2	3	-0.00500000	0.808206	-30.719604
#7	0	23	0	2	3	-0.00500000	0.774024	-27.858339
#7	0	24	0	2	3	-0.00500000	0.794308	-29.022101
#7	0	25	0	2	3	-0.00500000	0.775649	-27.980186
#7	0	26	0	2	3	-0.00500000	0.788483	-28.687567
#7	0	27	0	2	3	-0.00466315	0.771386	-29.253260
#7	0	28	0	2	3	-0.00483132	0.790854	-28.637741
#7	0	29	0	2	3	-0.00497049	0.812994	-30.786914
#7	0	30	0	2	3	-0.00500000	0.787793	-28.362716
#7	0	31	0	2	3	-0.00500000	0.790759	-28.876812
#7	0	32	0	2	3	-0.00500000	0.824826	-31.655285
#7	0	33	0	2	3	-0.00500000	0.845304	-33.407765
#7	0	34	0	2	3	-0.00500000	0.832263	-32.939799
#7	0	35	0	2	3	-0.00500000	0.820631	-31.695372
#7	0	36	0	2	3	-0.00500000	0.836997	-33.200590
#7	0	37	0	2	3	-0.00500000	0.819690	-32.097193
#7	0	38	0	2	3	-0.00500000	0.808109	-31.263214
#7	0	39	0	2	3	-0.00500000	0.815224	-31.135523
#7	0	40	0	2	3	-0.00500000	0.803398	-29.897923
#7	0	41	0	2	3	-0.00500000	0.815685	-31.165519
#7	0	42	0	2	3	-0.00500000	0.812980	-30.737261
#7	0	43	0	2	3	-0.00500000	0.829418	-32.693307
#7	0	44	0	2	3	-0.00500000	0.789530	-29.464920
#7	0	45	0	2	3	-0.00500000	0.804789	-31.208151
#7	0	46	0	2	3	-0.00500000	0.830106	-32.806514
#7	0	47	0	2	3	-0.00500000	0.819206	-31.373242
#7	0	48	0	2	3	-0.00500000	0.816165	-31.709319
#7	0	49	0	2	3	-0.00500000	0.798496	-30.201709
#7	0	50	0	2	3	-0.00500000	0.812167	-31.795745
#7	0	51	0	2	3	-0.00500000	0.810749	-31.375226
#7	0	52	0	2	3	-0.00500000	0.803385	-31.372512
#7	0	53	0	2	3	-0.00500000	0.777405	-29.262831
#7	0	54	0	2	3	-0.00500000	0.783954	-29.763410
#7	0	55	0	2	3	-0.00500000	0.789443	-29.976449
#7	0	56	0	2	3	-0.00500000	0.838828	-33.261086
#7	0	57	0	2	3	-0.00500000	0.804421	-30.573195
#7	0	58	0	2	3	-0.00500000	0.773283	-29.111048
#7	0	59	0	2	3	-0.00500000	0.811789	-31.449459
#7	0	60	0	2	3	-0.00500000	0.759724	-28.110014
#7	0	61	0	2	3	-0.00500000	0.810884	-31.379063
#7	0	62	0	2	3	-0.00500000	0.771910	-28.435006
#7	0	63	0	2	3	-0.00500000	0.796658	-30.511906
#######################################################################
# TOF Up                                                              #
#######################################################################
7	0	0	0	1	3	5.24830e+00	-1.96630e+00	2.96170e+00
7	0	1	0	1	3	5.24830e+00	-1.96630e+00	2.96170e+00
7	0	2	0	1	3	5.24830e+00	-1.96630e+00	2.96170e+00
7	0	3	0	1	3	5.24830e+00	-1.96630e+00	2.96170e+00
7	0	4	0	1	3	5.24830e+00	-1.96630e+00	2.96170e+00
7	0	5	0	1	3	5.24830e+00	-1.96630e+00	2.96170e+00
7	0	6	0	1	3	6.97090e+00	-3.03520e+00	3.39910e+00
7	0	7	0	1	3	4.05450e+00	-1.96150e+00	2.30360e+00
7	0	8	0	1	3	1.16940e+02	-2.98600e+01	2.09880e+01
7	0	9	0	1	3	5.24830e+00	-1.96630e+00	2.96170e+00
7	0	10	0	1	3	5.24830e+00	-1.96630e+00	2.96170e+00
7	0	11	0	1	3	5.24830e+00	-1.96630e+00	2.96170e+00
7	0	12	0	1	3	5.24830e+00	-1.96630e+00	2.96170e+00
7	0	13	0	1	3	5.24830e+00	-1.96630e+00	2.96170e+00
7	0	14	0	1	3	5.24830e+00	-1.96630e+00	2.96170e+00
7	0	15	0	1	3	5.24830e+00	-1.96630e+00	2.96170e+00
7	0	16	0	1	3	5.24830e+00	-1.96630e+00	2.96170e+00
7	0	17	0	1	3	5.24830e+00	-1.96630e+00	2.96170e+00
7	0	18	0	1	3	5.24830e+00	-1.96630e+00	2.96170e+00
7	0	19	0	1	3	7.11491e-01	1.85180e-03	5.82402e-01
7	0	20	0	1	3	5.59404e-01	-1.73810e-03	4.50716e-01
7	0	21	0	1	3	8.92499e-01	1.99900e-03	7.37364e-01
7	0	22	0	1	3	6.37553e-01	1.99960e-03	5.45449e-01
7	0	23	0	1	3	1.19210e+00	1.98920e-03	9.99994e-01
#######################################################################
# TOF Down                                                            #
#######################################################################
7	0	0	1	1	3	5.84300e+00	-2.30730e+00	3.11320e+00
7	0	1	1	1	3	5.84300e+00	-2.30730e+00	3.11320e+00
7	0	2	1	1	3	5.84300e+00	-2.30730e+00	3.11320e+00
7	0	3	1	1	3	5.84300e+00	-2.30730e+00	3.11320e+00
7	0	4	1	1	3	5.84300e+00	-2.30730e+00	3.11320e+00
7	0	5	1	1	3	5.84300e+00	-2.30730e+00	3.11320e+00
7	0	6	1	1	3	1.41330e+01	-5.81170e+00	5.32680e+00
7	0	7	1	1	3	7.84850e+01	-2.02870e+01	1.69500e+01
7	0	8	1	1	3	2.20240e+02	-3.62440e+01	3.60080e+01
7	0	9	1	1	3	5.84300e+00	-2.30730e+00	3.11320e+00
7	0	10	1	1	3	5.84300e+00	-2.30730e+00	3.11320e+00
7	0	11	1	1	3	5.84300e+00	-2.30730e+00	3.11320e+00
7	0	12	1	1	3	5.84300e+00	-2.30730e+00	3.11320e+00
7	0	13	1	1	3	5.84300e+00	-2.30730e+00	3.11320e+00
7	0	14	1	1	3	5.84300e+00	-2.30730e+00	3.11320e+00
7	0	15	1	1	3	5.84300e+00	-2.30730e+00	3.11320e+00
7	0	16	1	1	3	5.84300e+00	-2.30730e+00	3.11320e+00
7	0	17	1	1	3	5.84300e+00	-2.30730e+00	3.11320e+00
7	0	18	1	1	3	5.84300e+00	-2.30730e+00	3.11320e+00
7	0	19	1	1	3	6.18741e-01	1.99860e-03	4.90831e-01
7	0	20	1	1	3	5.75901e-01	1.04210e-03	4.72509e-01
7	0	21	1	1	3	9.41046e-01	1.99890e-03	7.79357e-01
7	0	22	1	1	3	4.84266e-01	-1.95590e-03	3.99786e-01
7	0	23	1	1	3	8.97714e-01	1.99860e-03	7.56300e-01
#######################################################################
# BFT U                                                               #
#######################################################################
110	0	0	0	2	3	1.31692e-02	-1.22359e+00	2.87217e+01
110	0	1	0	2	3	-1.46218e-02	8.53941e-01	-9.29289e+00
110	0	2	0	2	3	-2.85362e-03	-6.99341e-02	8.38219e+00
110	0	3	0	2	3	-1.05024e-02	4.96196e-01	-3.66861e+00
110	0	4	0	2	3	1.02502e-03	-3.63923e-01	1.36345e+01
110	0	5	0	2	3	-1.66074e-03	-1.20158e-01	7.80876e+00
110	0	6	0	2	3	1.64203e-03	-4.28518e-01	1.44124e+01
110	0	7	0	2	3	2.78003e-03	-4.61827e-01	1.40251e+01
110	0	8	0	2	3	1.90070e-03	-4.22867e-01	1.40746e+01
110	0	9	0	2	3	2.74806e-03	-4.87688e-01	1.59521e+01
110	0	10	0	2	3	3.77684e-03	-5.62082e-01	1.57481e+01
110	0	11	0	2	3	4.21475e-03	-5.67838e-01	1.57688e+01
110	0	12	0	2	3	4.61095e-03	-6.18922e-01	1.70213e+01
110	0	13	0	2	3	5.13419e-03	-6.50632e-01	1.84425e+01
110	0	14	0	2	3	3.65694e-03	-5.54438e-01	1.58092e+01
110	0	15	0	2	3	2.70509e-03	-4.83315e-01	1.46768e+01
110	0	16	0	2	3	4.37842e-03	-5.95698e-01	1.62447e+01
110	0	17	0	2	3	3.48431e-03	-5.13196e-01	1.52207e+01
110	0	18	0	2	3	4.03957e-03	-5.79677e-01	1.60048e+01
110	0	19	0	2	3	3.76713e-03	-5.67566e-01	1.48235e+01
110	0	20	0	2	3	3.36059e-03	-5.27592e-01	1.56265e+01
110	0	21	0	2	3	2.13374e-03	-4.33328e-01	1.44708e+01
110	0	22	0	2	3	4.17338e-03	-5.83193e-01	1.63775e+01
110	0	23	0	2	3	4.73355e-03	-6.20675e-01	1.76044e+01
110	0	24	0	2	3	4.21581e-03	-5.85037e-01	1.68458e+01
110	0	25	0	2	3	5.18790e-03	-6.41979e-01	1.72476e+01
110	0	26	0	2	3	-3.56431e-03	-2.05324e-02	6.36898e+00
110	0	27	0	2	3	2.76134e-03	-4.63198e-01	1.43793e+01
110	0	28	0	2	3	3.19123e-03	-5.19092e-01	1.40149e+01
110	0	29	0	2	3	4.65737e-03	-6.07634e-01	1.67019e+01
110	0	30	0	2	3	4.76587e-03	-6.31835e-01	1.72491e+01
110	0	31	0	2	3	4.40501e-03	-5.92366e-01	1.69289e+01
110	0	32	0	2	3	4.04459e-03	-5.80531e-01	1.66323e+01
110	0	33	0	2	3	4.13022e-03	-5.55779e-01	1.34734e+01
110	0	34	0	2	3	3.76215e-03	-5.60951e-01	1.61100e+01
110	0	35	0	2	3	3.99078e-03	-5.77399e-01	1.68582e+01
110	0	36	0	2	3	3.74918e-03	-5.47843e-01	1.46111e+01
110	0	37	0	2	3	4.26014e-03	-5.90980e-01	1.79377e+01
110	0	38	0	2	3	4.40842e-03	-5.95508e-01	1.59439e+01
110	0	39	0	2	3	4.39874e-03	-5.98720e-01	1.68212e+01
110	0	40	0	2	3	3.71426e-03	-5.46141e-01	1.44756e+01
110	0	41	0	2	3	3.96267e-03	-5.61779e-01	1.71604e+01
110	0	42	0	2	3	4.29586e-03	-5.86754e-01	1.57395e+01
110	0	43	0	2	3	4.75847e-03	-6.34149e-01	1.82458e+01
110	0	44	0	2	3	3.54970e-03	-5.41185e-01	1.56228e+01
110	0	45	0	2	3	4.15069e-03	-5.72996e-01	1.69074e+01
110	0	46	0	2	3	4.18684e-03	-5.98972e-01	1.69572e+01
110	0	47	0	2	3	4.82080e-03	-6.36562e-01	1.82897e+01
110	0	48	0	2	3	3.85550e-03	-5.55257e-01	1.47537e+01
110	0	49	0	2	3	3.99785e-03	-5.68933e-01	1.64241e+01
110	0	50	0	2	3	4.76898e-03	-6.27209e-01	1.74986e+01
110	0	51	0	2	3	4.17870e-03	-5.79613e-01	1.64133e+01
110	0	52	0	2	3	3.88081e-03	-5.59036e-01	1.54240e+01
110	0	53	0	2	3	4.28538e-03	-5.84907e-01	1.63870e+01
110	0	54	0	2	3	3.86910e-03	-5.65332e-01	1.60836e+01
110	0	55	0	2	3	4.54769e-03	-6.07959e-01	1.68761e+01
110	0	56	0	2	3	3.93672e-03	-5.81609e-01	1.64346e+01
110	0	57	0	2	3	4.02253e-03	-5.68287e-01	1.68026e+01
110	0	58	0	2	3	4.01168e-03	-5.77813e-01	1.63971e+01
110	0	59	0	2	3	4.38057e-03	-6.14164e-01	1.81057e+01
110	0	60	0	2	3	4.12208e-03	-5.84757e-01	1.60421e+01
110	0	61	0	2	3	3.55466e-03	-5.35821e-01	1.59766e+01
110	0	62	0	2	3	4.76234e-03	-6.25177e-01	1.69853e+01
110	0	63	0	2	3	4.42794e-03	-6.01374e-01	1.60399e+01
110	0	64	0	2	3	3.74923e-03	-5.59672e-01	1.62763e+01
110	0	65	0	2	3	3.76835e-03	-5.56690e-01	1.63705e+01
110	0	66	0	2	3	4.71476e-03	-6.38949e-01	1.79589e+01
110	0	67	0	2	3	3.31626e-03	-5.26794e-01	1.60545e+01
110	0	68	0	2	3	4.25989e-03	-6.05386e-01	1.66689e+01
110	0	69	0	2	3	3.62673e-03	-5.40567e-01	1.55492e+01
110	0	70	0	2	3	4.31690e-03	-6.19565e-01	1.70392e+01
110	0	71	0	2	3	3.90174e-03	-5.71008e-01	1.66415e+01
110	0	72	0	2	3	3.76789e-03	-5.67205e-01	1.58439e+01
110	0	73	0	2	3	4.28980e-03	-5.96624e-01	1.64341e+01
110	0	74	0	2	3	4.72253e-03	-6.40449e-01	1.72358e+01
110	0	75	0	2	3	4.32133e-03	-5.98524e-01	1.67886e+01
110	0	76	0	2	3	3.40386e-03	-5.36962e-01	1.54334e+01
110	0	77	0	2	3	3.95388e-03	-5.70010e-01	1.65662e+01
110	0	78	0	2	3	3.96692e-03	-5.84416e-01	1.65804e+01
110	0	79	0	2	3	4.12928e-03	-5.84878e-01	1.65221e+01
110	0	80	0	2	3	4.24530e-03	-5.95945e-01	1.65225e+01
110	0	81	0	2	3	3.99928e-03	-5.67656e-01	1.61998e+01
110	0	82	0	2	3	4.07218e-03	-5.82482e-01	1.68390e+01
110	0	83	0	2	3	4.53521e-03	-6.14918e-01	1.69202e+01
110	0	84	0	2	3	3.74520e-03	-5.57362e-01	1.62871e+01
110	0	85	0	2	3	3.55453e-03	-5.41417e-01	1.61419e+01
110	0	86	0	2	3	4.82825e-03	-6.50593e-01	1.78390e+01
110	0	87	0	2	3	4.32045e-03	-6.07784e-01	1.76591e+01
110	0	88	0	2	3	4.05329e-03	-5.73026e-01	1.58822e+01
110	0	89	0	2	3	4.06156e-03	-5.81300e-01	1.64694e+01
110	0	90	0	2	3	4.66567e-03	-6.28358e-01	1.71353e+01
110	0	91	0	2	3	4.13597e-03	-5.92816e-01	1.72782e+01
110	0	92	0	2	3	3.96707e-03	-5.86447e-01	1.72933e+01
110	0	93	0	2	3	3.81155e-03	-5.58987e-01	1.57971e+01
110	0	94	0	2	3	4.41879e-03	-6.34377e-01	1.82897e+01
110	0	95	0	2	3	4.77256e-03	-6.36496e-01	1.78660e+01
110	0	96	0	2	3	3.52061e-03	-5.57868e-01	1.65345e+01
110	0	97	0	2	3	3.88859e-03	-5.65574e-01	1.67121e+01
110	0	98	0	2	3	4.73312e-03	-6.44732e-01	1.79944e+01
110	0	99	0	2	3	4.54017e-03	-6.10244e-01	1.61556e+01
110	0	100	0	2	3	4.22747e-03	-5.97664e-01	1.66261e+01
110	0	101	0	2	3	3.87223e-03	-5.66030e-01	1.66742e+01
110	0	102	0	2	3	4.29502e-03	-6.08318e-01	1.71250e+01
110	0	103	0	2	3	4.03008e-03	-5.81471e-01	1.65260e+01
110	0	104	0	2	3	4.06964e-03	-5.82496e-01	1.64185e+01
110	0	105	0	2	3	3.88631e-03	-5.66224e-01	1.61427e+01
110	0	106	0	2	3	4.50127e-03	-6.20280e-01	1.72767e+01
110	0	107	0	2	3	4.97416e-03	-6.38669e-01	1.68178e+01
110	0	108	0	2	3	4.13258e-03	-5.92248e-01	1.65254e+01
110	0	109	0	2	3	4.24681e-03	-5.97595e-01	1.67057e+01
110	0	110	0	2	3	4.65669e-03	-6.33986e-01	1.73491e+01
110	0	111	0	2	3	4.88527e-03	-6.55411e-01	1.79607e+01
110	0	112	0	2	3	3.69641e-03	-5.54428e-01	1.56410e+01
110	0	113	0	2	3	4.62731e-03	-6.16648e-01	1.68832e+01
110	0	114	0	2	3	3.95898e-03	-5.88436e-01	1.77741e+01
110	0	115	0	2	3	4.47080e-03	-6.06419e-01	1.67162e+01
110	0	116	0	2	3	3.76268e-03	-5.67929e-01	1.68112e+01
110	0	117	0	2	3	3.85516e-03	-5.64551e-01	1.70206e+01
110	0	118	0	2	3	1.88485e-03	-4.35633e-01	1.41729e+01
110	0	119	0	2	3	4.46329e-03	-6.00060e-01	1.56923e+01
110	0	120	0	2	3	3.75798e-03	-5.75296e-01	1.71735e+01
110	0	121	0	2	3	4.47462e-03	-6.01193e-01	1.62631e+01
110	0	122	0	2	3	3.24353e-03	-5.36785e-01	1.66776e+01
110	0	123	0	2	3	5.35648e-03	-6.74620e-01	1.83439e+01
110	0	124	0	2	3	4.48792e-03	-6.08345e-01	1.70293e+01
110	0	125	0	2	3	4.06848e-03	-5.75878e-01	1.43133e+01
110	0	126	0	2	3	4.00128e-03	-5.73175e-01	1.58149e+01
110	0	127	0	2	3	4.01455e-03	-5.69572e-01	1.60844e+01
110	0	128	0	2	3	2.74750e-03	-5.23533e-01	1.65105e+01
110	0	129	0	2	3	3.82972e-03	-5.89343e-01	1.71923e+01
110	0	130	0	2	3	2.37773e-03	-4.94779e-01	1.69632e+01
110	0	131	0	2	3	3.24109e-03	-5.17658e-01	1.55802e+01
110	0	132	0	2	3	4.10718e-03	-6.09952e-01	1.82301e+01
110	0	133	0	2	3	2.58806e-03	-4.80089e-01	1.51735e+01
110	0	134	0	2	3	2.57253e-03	-5.03599e-01	1.58293e+01
110	0	135	0	2	3	3.18332e-03	-5.32745e-01	1.65529e+01
110	0	136	0	2	3	3.48675e-03	-5.48015e-01	1.56414e+01
110	0	137	0	2	3	3.80075e-03	-5.81848e-01	1.75265e+01
110	0	138	0	2	3	1.83779e-03	-4.37411e-01	1.56668e+01
110	0	139	0	2	3	2.84217e-03	-5.12061e-01	1.57188e+01
110	0	140	0	2	3	4.02775e-03	-6.03056e-01	1.80318e+01
110	0	141	0	2	3	3.14081e-03	-5.34463e-01	1.54581e+01
110	0	142	0	2	3	-2.98709e-03	-7.09380e-02	8.32650e+00
110	0	143	0	2	3	4.29008e-03	-6.08350e-01	1.69377e+01
110	0	144	0	2	3	4.16226e-03	-6.03821e-01	1.74134e+01
110	0	145	0	2	3	2.45369e-03	-4.66030e-01	1.46469e+01
110	0	146	0	2	3	2.06571e-03	-4.54836e-01	1.45860e+01
110	0	147	0	2	3	3.19080e-03	-5.23815e-01	1.59850e+01
110	0	148	0	2	3	2.48142e-03	-5.00923e-01	1.62020e+01
110	0	149	0	2	3	3.46039e-03	-5.49299e-01	1.63459e+01
110	0	150	0	2	3	3.62034e-03	-5.73539e-01	1.70949e+01
110	0	151	0	2	3	4.45646e-03	-6.24594e-01	1.76111e+01
110	0	152	0	2	3	2.96770e-03	-5.24637e-01	1.65048e+01
110	0	153	0	2	3	2.76036e-03	-5.23200e-01	1.64590e+01
110	0	154	0	2	3	3.45827e-03	-5.57380e-01	1.60454e+01
110	0	155	0	2	3	4.11094e-03	-6.01363e-01	1.67029e+01
110	0	156	0	2	3	-8.68901e-03	3.78925e-01	-2.56152e-01
110	0	157	0	2	3	-3.18160e-02	2.11706e+00	-3.32941e+01
110	0	158	0	2	3	4.59422e-03	-6.24512e-01	1.79931e+01
110	0	159	0	2	3	-1.22607e-02	5.83812e-01	-2.93747e+00
#######################################################################
# BFT D                                                               #
#######################################################################
110	1	0	0	2	3	-3.91732e-03	-3.54124e-02	9.51554e+00
110	1	1	0	2	3	-5.25303e-03	4.62261e-02	7.66202e+00
110	1	2	0	2	3	-4.96661e-04	-3.25028e-01	1.43325e+01
110	1	3	0	2	3	4.52654e-03	-6.25119e-01	1.84736e+01
110	1	4	0	2	3	2.00182e-03	-4.48765e-01	1.57287e+01
110	1	5	0	2	3	-9.36720e-03	4.18792e-01	-4.40991e-01
110	1	6	0	2	3	-3.29845e-04	-2.90162e-01	1.20528e+01
110	1	7	0	2	3	-3.57038e-03	-8.49794e-03	6.75247e+00
110	1	8	0	2	3	2.32564e-03	-4.59138e-01	1.49612e+01
110	1	9	0	2	3	-1.50370e-03	-1.71500e-01	1.03228e+01
110	1	10	0	2	3	2.36853e-03	-4.66106e-01	1.39633e+01
110	1	11	0	2	3	4.47093e-03	-6.09659e-01	1.75639e+01
110	1	12	0	2	3	1.52615e-03	-4.14546e-01	1.35587e+01
110	1	13	0	2	3	1.81362e-03	-4.26915e-01	1.43071e+01
110	1	14	0	2	3	4.80525e-03	-6.40602e-01	1.80337e+01
110	1	15	0	2	3	1.09273e-03	-3.75799e-01	1.32959e+01
110	1	16	0	2	3	3.14225e-03	-5.19251e-01	1.52112e+01
110	1	17	0	2	3	3.22597e-03	-5.21092e-01	1.59614e+01
110	1	18	0	2	3	3.83106e-03	-5.77574e-01	1.58120e+01
110	1	19	0	2	3	3.79468e-03	-5.54632e-01	1.67283e+01
110	1	20	0	2	3	3.63305e-03	-5.63456e-01	1.64570e+01
110	1	21	0	2	3	2.11543e-03	-4.47865e-01	1.50504e+01
110	1	22	0	2	3	4.11610e-03	-5.92482e-01	1.65261e+01
110	1	23	0	2	3	3.02292e-03	-4.99226e-01	1.49981e+01
110	1	24	0	2	3	4.51428e-03	-6.25728e-01	1.81174e+01
110	1	25	0	2	3	3.04920e-03	-5.11646e-01	1.55585e+01
110	1	26	0	2	3	3.89596e-03	-5.77982e-01	1.70860e+01
110	1	27	0	2	3	2.96086e-03	-5.05470e-01	1.61661e+01
110	1	28	0	2	3	3.41507e-03	-5.48030e-01	1.56650e+01
110	1	29	0	2	3	3.37520e-03	-5.29318e-01	1.59079e+01
110	1	30	0	2	3	3.97665e-03	-5.79863e-01	1.63606e+01
110	1	31	0	2	3	4.10426e-03	-5.92195e-01	1.72669e+01
110	1	32	0	2	3	3.12206e-03	-5.23173e-01	1.66350e+01
110	1	33	0	2	3	3.22893e-03	-5.26757e-01	1.48633e+01
110	1	34	0	2	3	4.25300e-03	-5.92307e-01	1.60911e+01
110	1	35	0	2	3	4.04034e-03	-5.92918e-01	1.83321e+01
110	1	36	0	2	3	3.74304e-03	-5.56248e-01	1.66511e+01
110	1	37	0	2	3	3.74905e-03	-5.54454e-01	1.54996e+01
110	1	38	0	2	3	3.77500e-03	-5.64807e-01	1.60935e+01
110	1	39	0	2	3	3.30680e-03	-5.24655e-01	1.60168e+01
110	1	40	0	2	3	3.57888e-03	-5.43322e-01	1.52996e+01
110	1	41	0	2	3	4.23528e-03	-5.91929e-01	1.66427e+01
110	1	42	0	2	3	4.02590e-03	-5.72081e-01	1.52902e+01
110	1	43	0	2	3	3.91933e-03	-5.72224e-01	1.71020e+01
110	1	44	0	2	3	3.98314e-03	-5.83493e-01	1.62707e+01
110	1	45	0	2	3	4.36427e-03	-6.05774e-01	1.71589e+01
110	1	46	0	2	3	4.19033e-03	-5.97188e-01	1.64384e+01
110	1	47	0	2	3	3.78996e-03	-5.79061e-01	1.76362e+01
110	1	48	0	2	3	3.67985e-03	-5.56901e-01	1.64367e+01
110	1	49	0	2	3	4.08226e-03	-5.77996e-01	1.68352e+01
110	1	50	0	2	3	4.42508e-03	-6.08366e-01	1.62398e+01
110	1	51	0	2	3	3.70270e-03	-5.57071e-01	1.72225e+01
110	1	52	0	2	3	3.72623e-03	-5.72312e-01	1.60729e+01
110	1	53	0	2	3	3.55295e-03	-5.46953e-01	1.63550e+01
110	1	54	0	2	3	4.10440e-03	-5.95603e-01	1.73533e+01
110	1	55	0	2	3	3.89396e-03	-5.68341e-01	1.64819e+01
110	1	56	0	2	3	3.89858e-03	-5.89051e-01	1.74271e+01
110	1	57	0	2	3	3.98252e-03	-5.80334e-01	1.75064e+01
110	1	58	0	2	3	4.17509e-03	-6.05771e-01	1.85578e+01
110	1	59	0	2	3	4.49117e-03	-6.26071e-01	1.86411e+01
110	1	60	0	2	3	4.11192e-03	-5.93016e-01	1.71650e+01
110	1	61	0	2	3	4.15961e-03	-5.83906e-01	1.71384e+01
110	1	62	0	2	3	3.94249e-03	-5.80614e-01	1.59423e+01
110	1	63	0	2	3	3.83298e-03	-5.74536e-01	1.68411e+01
110	1	64	0	2	3	3.86356e-03	-5.77485e-01	1.72792e+01
110	1	65	0	2	3	4.40116e-03	-6.10891e-01	1.67120e+01
110	1	66	0	2	3	5.07200e-03	-6.70174e-01	1.76496e+01
110	1	67	0	2	3	4.39357e-03	-6.10502e-01	1.67645e+01
110	1	68	0	2	3	3.60285e-03	-5.49785e-01	1.51977e+01
110	1	69	0	2	3	4.09880e-03	-5.88335e-01	1.63979e+01
110	1	70	0	2	3	4.38312e-03	-6.13223e-01	1.77025e+01
110	1	71	0	2	3	4.54353e-03	-6.30162e-01	1.74570e+01
110	1	72	0	2	3	3.54281e-03	-5.47841e-01	1.60432e+01
110	1	73	0	2	3	3.88770e-03	-5.79917e-01	1.70487e+01
110	1	74	0	2	3	4.35279e-03	-6.04923e-01	1.62125e+01
110	1	75	0	2	3	4.33248e-03	-6.10098e-01	1.74690e+01
110	1	76	0	2	3	3.27448e-03	-5.27254e-01	1.54855e+01
110	1	77	0	2	3	4.24502e-03	-6.02621e-01	1.73322e+01
110	1	78	0	2	3	4.09025e-03	-5.90995e-01	1.60101e+01
110	1	79	0	2	3	3.79303e-03	-5.69353e-01	1.57008e+01
110	1	80	0	2	3	4.07350e-03	-5.81326e-01	1.63253e+01
110	1	81	0	2	3	4.19108e-03	-5.89345e-01	1.62637e+01
110	1	82	0	2	3	4.91261e-03	-6.53397e-01	1.87226e+01
110	1	83	0	2	3	4.50472e-03	-6.04756e-01	1.68076e+01
110	1	84	0	2	3	3.76020e-03	-5.51322e-01	1.52851e+01
110	1	85	0	2	3	3.66299e-03	-5.54225e-01	1.60085e+01
110	1	86	0	2	3	4.27696e-03	-6.02475e-01	1.64815e+01
110	1	87	0	2	3	4.80271e-03	-6.26861e-01	1.59431e+01
110	1	88	0	2	3	3.58308e-03	-5.52223e-01	1.64027e+01
110	1	89	0	2	3	4.10047e-03	-5.88708e-01	1.62784e+01
110	1	90	0	2	3	4.17165e-03	-5.95386e-01	1.63203e+01
110	1	91	0	2	3	4.03009e-03	-5.78854e-01	1.59642e+01
110	1	92	0	2	3	3.62419e-03	-5.46579e-01	1.58100e+01
110	1	93	0	2	3	4.16381e-03	-5.90435e-01	1.68655e+01
110	1	94	0	2	3	4.17527e-03	-6.04442e-01	1.68084e+01
110	1	95	0	2	3	3.53586e-03	-5.47553e-01	1.57615e+01
110	1	96	0	2	3	3.65978e-03	-5.54998e-01	1.57316e+01
110	1	97	0	2	3	4.02256e-03	-5.79596e-01	1.61061e+01
110	1	98	0	2	3	4.47672e-03	-6.34368e-01	1.85615e+01
110	1	99	0	2	3	3.93106e-03	-5.77505e-01	1.64749e+01
110	1	100	0	2	3	3.14455e-03	-5.06359e-01	1.53281e+01
110	1	101	0	2	3	3.83871e-03	-5.66084e-01	1.57607e+01
110	1	102	0	2	3	3.96979e-03	-5.88845e-01	1.69094e+01
110	1	103	0	2	3	4.45516e-03	-6.11549e-01	1.69249e+01
110	1	104	0	2	3	4.42384e-03	-6.13206e-01	1.73538e+01
110	1	105	0	2	3	3.47315e-03	-5.42333e-01	1.51844e+01
110	1	106	0	2	3	4.06388e-03	-5.96331e-01	1.69307e+01
110	1	107	0	2	3	4.54276e-03	-6.16668e-01	1.61824e+01
110	1	108	0	2	3	3.71218e-03	-5.63937e-01	1.72574e+01
110	1	109	0	2	3	4.09461e-03	-5.85470e-01	1.64130e+01
110	1	110	0	2	3	4.22045e-03	-6.04454e-01	1.72341e+01
110	1	111	0	2	3	4.57090e-03	-6.30899e-01	1.78827e+01
110	1	112	0	2	3	3.90587e-03	-5.74106e-01	1.64731e+01
110	1	113	0	2	3	3.68648e-03	-5.55353e-01	1.64567e+01
110	1	114	0	2	3	3.81307e-03	-5.76121e-01	1.63735e+01
110	1	115	0	2	3	3.95645e-03	-5.80621e-01	1.67171e+01
110	1	116	0	2	3	4.35510e-03	-6.10214e-01	1.73392e+01
110	1	117	0	2	3	2.94864e-03	-5.05755e-01	1.46014e+01
110	1	118	0	2	3	4.22859e-03	-6.02465e-01	1.63274e+01
110	1	119	0	2	3	4.60042e-03	-6.20715e-01	1.66875e+01
110	1	120	0	2	3	3.74274e-03	-5.56547e-01	1.59393e+01
110	1	121	0	2	3	3.71252e-03	-5.54409e-01	1.61811e+01
110	1	122	0	2	3	3.47234e-03	-5.55427e-01	1.76011e+01
110	1	123	0	2	3	3.41308e-03	-5.59648e-01	1.72548e+01
110	1	124	0	2	3	3.67411e-03	-5.57197e-01	1.58249e+01
110	1	125	0	2	3	3.76840e-03	-5.67437e-01	1.68661e+01
110	1	126	0	2	3	3.99830e-03	-5.82920e-01	1.59475e+01
110	1	127	0	2	3	3.55812e-03	-5.50957e-01	1.64387e+01
110	1	128	0	2	3	3.97221e-03	-6.11157e-01	1.83211e+01
110	1	129	0	2	3	3.86540e-03	-5.94713e-01	1.78320e+01
110	1	130	0	2	3	3.40634e-03	-5.60826e-01	1.63554e+01
110	1	131	0	2	3	3.37508e-03	-5.34641e-01	1.59252e+01
110	1	132	0	2	3	4.37676e-03	-6.26887e-01	1.85204e+01
110	1	133	0	2	3	4.28300e-03	-6.05213e-01	1.71410e+01
110	1	134	0	2	3	3.76993e-03	-5.88421e-01	1.68648e+01
110	1	135	0	2	3	3.49198e-03	-5.50159e-01	1.56323e+01
110	1	136	0	2	3	3.23465e-03	-5.40937e-01	1.70916e+01
110	1	137	0	2	3	5.24433e-03	-6.78818e-01	1.78777e+01
110	1	138	0	2	3	3.87763e-03	-5.83032e-01	1.69410e+01
110	1	139	0	2	3	3.87649e-03	-5.89895e-01	1.66232e+01
110	1	140	0	2	3	3.93964e-03	-5.82213e-01	1.66787e+01
110	1	141	0	2	3	4.09385e-03	-5.94134e-01	1.68018e+01
110	1	142	0	2	3	4.01946e-03	-5.88933e-01	1.65845e+01
110	1	143	0	2	3	3.94008e-03	-5.85543e-01	1.75557e+01
110	1	144	0	2	3	4.10610e-03	-6.05094e-01	1.74124e+01
110	1	145	0	2	3	4.25146e-03	-5.99805e-01	1.71781e+01
110	1	146	0	2	3	4.23001e-03	-6.21497e-01	1.77702e+01
110	1	147	0	2	3	4.47028e-03	-6.25268e-01	1.69430e+01
110	1	148	0	2	3	4.15756e-03	-6.04691e-01	1.67441e+01
110	1	149	0	2	3	4.89719e-03	-6.51115e-01	1.86352e+01
110	1	150	0	2	3	3.17778e-03	-5.32893e-01	1.54969e+01
110	1	151	0	2	3	4.48960e-03	-6.19615e-01	1.73705e+01
110	1	152	0	2	3	1.22078e-03	-3.83894e-01	1.41401e+01
110	1	153	0	2	3	4.23694e-03	-6.15060e-01	1.85095e+01
110	1	154	0	2	3	3.15299e-03	-5.38948e-01	1.56109e+01
110	1	155	0	2	3	3.72637e-03	-5.75278e-01	1.68507e+01
110	1	156	0	2	3	-3.19385e-03	-3.65766e-02	6.74985e+00
110	1	157	0	2	3	-1.62563e-03	-2.19724e-01	1.21304e+01
110	1	158	0	2	3	1.39470e-03	-3.97869e-01	1.40806e+01
110	1	159	0	2	3	-1.39027e-03	-2.17224e-01	1.16578e+01
