##
#  file: HodoPHCParam_Dummy
#  date: 2016.06.15
#  note: first version
#
#
#######################################################################
# CId	PlId	Seg	UorD	Type	nParam	p0	p1	...
#
#	Type=0 no correction will be performed
#	Type=1 ct=t-p[0]/sqrt(a-p[1])+p[2]
#	Type=2 ct=p[0]*a*a + p[1]*a + p[2] for Fiber
#
#######################################################################
# BH1 Up                                                              #
#######################################################################
1	0	0	0	1	3	9.72882e+01	-2.42381e+01	1.93388e+01
1	0	1	0	1	3	8.39811e-01	2.30870e-01	9.07677e-01
1	0	2	0	1	3	7.96271e-01	2.02772e-01	8.76313e-01
1	0	3	0	1	3	1.24269e+00	-1.47574e-01	1.19840e+00
1	0	4	0	1	3	1.09931e+00	-7.72769e-02	1.08260e+00
1	0	5	0	1	3	1.05845e+00	1.40683e-01	1.18835e+00
1	0	6	0	1	3	1.24845e+00	-7.32092e-02	1.22011e+00
1	0	7	0	1	3	1.38494e+00	-1.69323e-01	1.29113e+00
1	0	8	0	1	3	1.12943e+00	-1.85789e-01	1.05048e+00
1	0	9	0	1	3	1.39270e+00	-1.82072e-01	1.30041e+00
1	0	10	0	1	3	1.71493e+02	-3.15885e+01	3.00372e+01
#######################################################################
# BH1 Down                                                            #
#######################################################################
1	0	0	1	1	3	1.69589e+00	-2.63702e-01	1.46458e+00
1	0	1	1	1	3	6.65147e-01	3.06785e-01	7.74182e-01
1	0	2	1	1	3	1.69164e+00	-4.50471e-01	1.36238e+00
1	0	3	1	1	3	7.14482e+01	-2.23619e+01	1.47724e+01
1	0	4	1	1	3	1.42431e+00	-1.84323e-01	1.31423e+00
1	0	5	1	1	3	1.48351e+00	-1.17877e-01	1.40777e+00
1	0	6	1	1	3	1.64799e+00	-3.01989e-01	1.48452e+00
1	0	7	1	1	3	1.48685e+00	-1.75507e-01	1.38619e+00
1	0	8	1	1	3	5.71792e-01	2.68423e-01	6.99614e-01
1	0	9	1	1	3	1.07020e+00	4.47097e-02	1.11772e+00
1	0	10	1	1	3	5.19525e-01	3.65790e-01	6.45791e-01
#######################################################################
# BH2 Up                                                              #
#######################################################################
2	0	0	0	1	3	1.12115e-01	3.35357e-01	1.33957e-01
2	0	1	0	1	3	4.23202e-01	6.01088e-02	4.32756e-01
2	0	2	0	1	3	4.01076e-01	4.56070e-02	4.03148e-01
2	0	3	0	1	3	3.85284e-01	5.67440e-02	3.98101e-01
2	0	4	0	1	3	2.66200e-01	1.48660e-01	2.92941e-01
2	0	5	0	1	3	1.66891e-01	2.88043e-01	2.06447e-01
2	0	6	0	1	3	1.71542e-01	2.55850e-01	2.12138e-01
2	0	7	0	1	3	1.96083e-01	2.29490e-01	2.30246e-01
#######################################################################
# BH2 Down                                                            #
#######################################################################
2	0	0	1	1	3	1.86082e-01	2.04597e-01	2.06299e-01
2	0	1	1	1	3	3.69447e-01	6.07075e-02	3.67987e-01
2	0	2	1	1	3	4.36704e-01	5.29092e-03	4.17610e-01
2	0	3	1	1	3	5.05110e-01	-2.36197e-01	4.33924e-01
2	0	4	1	1	3	3.34198e-01	6.07922e-02	3.30964e-01
2	0	5	1	1	3	2.71316e-01	1.29618e-01	2.74971e-01
2	0	6	1	1	3	4.51400e-01	-3.05140e-02	4.20447e-01
2	0	7	1	1	3	2.11967e-01	8.42464e-02	2.22906e-01
#######################################################################
# BAC                                                                 #
#######################################################################
3	0	0	0	1	3	0.00000e+00	0.00000e+00	0.00000e+00
3	0	1	0	1	3	0.00000e+00	0.00000e+00	0.00000e+00
#######################################################################
# FBH Up                                                              #
#######################################################################
4	0	0	0	2	3	-5.62952e-03	8.96903e-01	-3.53273e+01
4	0	1	0	2	3	-4.29399e-03	7.37975e-01	-3.00049e+01
4	0	2	0	2	3	-5.26894e-03	8.67305e-01	-3.38992e+01
4	0	3	0	2	3	-3.80183e-03	6.69237e-01	-2.72260e+01
4	0	4	0	2	3	-4.35014e-03	7.35785e-01	-2.92008e+01
4	0	5	0	2	3	-4.02541e-03	6.86907e-01	-2.70312e+01
4	0	6	0	2	3	-4.16660e-03	7.08229e-01	-2.81512e+01
4	0	7	0	2	3	-3.93117e-03	6.84759e-01	-2.69101e+01
4	0	8	0	2	3	-4.14423e-03	6.96902e-01	-2.65883e+01
4	0	9	0	2	3	-2.83372e-03	5.62925e-01	-2.20787e+01
4	0	10	0	2	3	-4.07944e-03	7.09420e-01	-2.75603e+01
4	0	11	0	2	3	-3.50961e-03	6.50113e-01	-2.64167e+01
4	0	12	0	2	3	-3.52415e-03	6.49734e-01	-2.67232e+01
4	0	13	0	2	3	-4.13420e-03	7.26957e-01	-2.99675e+01
4	0	14	0	2	3	-4.90315e-03	8.27563e-01	-3.35630e+01
4	0	15	0	2	3	-4.73048e-03	8.13189e-01	-3.31901e+01
#######################################################################
# FBH Down                                                            #
#######################################################################
4	0	0	1	2	3	-5.62952e-03	8.96903e-01	-3.53273e+01
4	0	1	1	2	3	-4.29399e-03	7.37975e-01	-3.00049e+01
4	0	2	1	2	3	-5.26894e-03	8.67305e-01	-3.38992e+01
4	0	3	1	2	3	-3.80183e-03	6.69237e-01	-2.72260e+01
4	0	4	1	2	3	-4.35014e-03	7.35785e-01	-2.92008e+01
4	0	5	1	2	3	-4.02541e-03	6.86907e-01	-2.70312e+01
4	0	6	1	2	3	-4.16660e-03	7.08229e-01	-2.81512e+01
4	0	7	1	2	3	-3.93117e-03	6.84759e-01	-2.69101e+01
4	0	8	1	2	3	-4.14423e-03	6.96902e-01	-2.65883e+01
4	0	9	1	2	3	-2.83372e-03	5.62925e-01	-2.20787e+01
4	0	10	1	2	3	-4.07944e-03	7.09420e-01	-2.75603e+01
4	0	11	1	2	3	-3.50961e-03	6.50113e-01	-2.64167e+01
4	0	12	1	2	3	-3.52415e-03	6.49734e-01	-2.67232e+01
4	0	13	1	2	3	-4.13420e-03	7.26957e-01	-2.99675e+01
4	0	14	1	2	3	-4.90315e-03	8.27563e-01	-3.35630e+01
4	0	15	1	2	3	-4.73048e-03	8.13189e-01	-3.31901e+01
#######################################################################
# PVAC                                                                #
#######################################################################
5	0	0	0	1	3	0.00000e+00	0.00000e+00	0.00000e+00
#######################################################################
# FAC                                                                 #
#######################################################################
6	0	0	0	1	3	0.00000e+00	0.00000e+00	0.00000e+00
#######################################################################
# SCH                                                                 #
#######################################################################
#7	0	0	0	2	3	-0.00500000	0.821213	-32.185321
#7	0	1	0	2	3	-0.00500000	0.830248	-32.269563
#7	0	2	0	2	3	-0.00500000	0.793073	-29.315934
#7	0	3	0	2	3	-0.00500000	0.772144	-28.276705
#7	0	4	0	2	3	-0.00500000	0.801968	-30.687167
#7	0	5	0	2	3	-0.00500000	0.778300	-28.439251
#7	0	6	0	2	3	-0.00500000	0.765872	-27.918181
#7	0	7	0	2	3	-0.00500000	0.738459	-26.016797
#7	0	8	0	2	3	-0.00500000	0.778318	-28.676371
#7	0	9	0	2	3	-0.00500000	0.776670	-28.892887
#7	0	10	0	2	3	-0.00500000	0.764278	-28.122474
#7	0	11	0	2	3	-0.00500000	0.790742	-29.423647
#7	0	12	0	2	3	-0.00500000	0.811330	-30.487019
#7	0	13	0	2	3	-0.00500000	0.818750	-30.891512
#7	0	14	0	2	3	-0.00500000	0.802541	-30.009136
#7	0	15	0	2	3	-0.00500000	0.809525	-30.751746
#7	0	16	0	2	3	-0.00500000	0.802597	-30.845509
#7	0	17	0	2	3	-0.00500000	0.835028	-32.780792
#7	0	18	0	2	3	-0.00500000	0.859176	-33.938731
#7	0	19	0	2	3	-0.00500000	0.814851	-31.445396
#7	0	20	0	2	3	-0.00500000	0.809426	-30.781087
#7	0	21	0	2	3	-0.00500000	0.780678	-28.888756
#7	0	22	0	2	3	-0.00500000	0.808206	-30.719604
#7	0	23	0	2	3	-0.00500000	0.774024	-27.858339
#7	0	24	0	2	3	-0.00500000	0.794308	-29.022101
#7	0	25	0	2	3	-0.00500000	0.775649	-27.980186
#7	0	26	0	2	3	-0.00500000	0.788483	-28.687567
#7	0	27	0	2	3	-0.00466315	0.771386	-29.253260
#7	0	28	0	2	3	-0.00483132	0.790854	-28.637741
#7	0	29	0	2	3	-0.00497049	0.812994	-30.786914
#7	0	30	0	2	3	-0.00500000	0.787793	-28.362716
#7	0	31	0	2	3	-0.00500000	0.790759	-28.876812
#7	0	32	0	2	3	-0.00500000	0.824826	-31.655285
#7	0	33	0	2	3	-0.00500000	0.845304	-33.407765
#7	0	34	0	2	3	-0.00500000	0.832263	-32.939799
#7	0	35	0	2	3	-0.00500000	0.820631	-31.695372
#7	0	36	0	2	3	-0.00500000	0.836997	-33.200590
#7	0	37	0	2	3	-0.00500000	0.819690	-32.097193
#7	0	38	0	2	3	-0.00500000	0.808109	-31.263214
#7	0	39	0	2	3	-0.00500000	0.815224	-31.135523
#7	0	40	0	2	3	-0.00500000	0.803398	-29.897923
#7	0	41	0	2	3	-0.00500000	0.815685	-31.165519
#7	0	42	0	2	3	-0.00500000	0.812980	-30.737261
#7	0	43	0	2	3	-0.00500000	0.829418	-32.693307
#7	0	44	0	2	3	-0.00500000	0.789530	-29.464920
#7	0	45	0	2	3	-0.00500000	0.804789	-31.208151
#7	0	46	0	2	3	-0.00500000	0.830106	-32.806514
#7	0	47	0	2	3	-0.00500000	0.819206	-31.373242
#7	0	48	0	2	3	-0.00500000	0.816165	-31.709319
#7	0	49	0	2	3	-0.00500000	0.798496	-30.201709
#7	0	50	0	2	3	-0.00500000	0.812167	-31.795745
#7	0	51	0	2	3	-0.00500000	0.810749	-31.375226
#7	0	52	0	2	3	-0.00500000	0.803385	-31.372512
#7	0	53	0	2	3	-0.00500000	0.777405	-29.262831
#7	0	54	0	2	3	-0.00500000	0.783954	-29.763410
#7	0	55	0	2	3	-0.00500000	0.789443	-29.976449
#7	0	56	0	2	3	-0.00500000	0.838828	-33.261086
#7	0	57	0	2	3	-0.00500000	0.804421	-30.573195
#7	0	58	0	2	3	-0.00500000	0.773283	-29.111048
#7	0	59	0	2	3	-0.00500000	0.811789	-31.449459
#7	0	60	0	2	3	-0.00500000	0.759724	-28.110014
#7	0	61	0	2	3	-0.00500000	0.810884	-31.379063
#7	0	62	0	2	3	-0.00500000	0.771910	-28.435006
#7	0	63	0	2	3	-0.00500000	0.796658	-30.511906
#######################################################################
# TOF Up                                                              #
#######################################################################
7	0	0	0	1	3	5.24830e+00	-1.96630e+00	2.96170e+00
7	0	1	0	1	3	5.24830e+00	-1.96630e+00	2.96170e+00
7	0	2	0	1	3	5.24830e+00	-1.96630e+00	2.96170e+00
7	0	3	0	1	3	5.24830e+00	-1.96630e+00	2.96170e+00
7	0	4	0	1	3	5.24830e+00	-1.96630e+00	2.96170e+00
7	0	5	0	1	3	5.24830e+00	-1.96630e+00	2.96170e+00
7	0	6	0	1	3	6.97090e+00	-3.03520e+00	3.39910e+00
7	0	7	0	1	3	4.05450e+00	-1.96150e+00	2.30360e+00
7	0	8	0	1	3	1.16940e+02	-2.98600e+01	2.09880e+01
7	0	9	0	1	3	5.24830e+00	-1.96630e+00	2.96170e+00
7	0	10	0	1	3	5.24830e+00	-1.96630e+00	2.96170e+00
7	0	11	0	1	3	5.24830e+00	-1.96630e+00	2.96170e+00
7	0	12	0	1	3	5.24830e+00	-1.96630e+00	2.96170e+00
7	0	13	0	1	3	5.24830e+00	-1.96630e+00	2.96170e+00
7	0	14	0	1	3	5.24830e+00	-1.96630e+00	2.96170e+00
7	0	15	0	1	3	5.24830e+00	-1.96630e+00	2.96170e+00
7	0	16	0	1	3	5.24830e+00	-1.96630e+00	2.96170e+00
7	0	17	0	1	3	5.24830e+00	-1.96630e+00	2.96170e+00
7	0	18	0	1	3	5.24830e+00	-1.96630e+00	2.96170e+00
7	0	19	0	1	3	7.11491e-01	1.85180e-03	5.82402e-01
7	0	20	0	1	3	5.59404e-01	-1.73810e-03	4.50716e-01
7	0	21	0	1	3	8.92499e-01	1.99900e-03	7.37364e-01
7	0	22	0	1	3	6.37553e-01	1.99960e-03	5.45449e-01
7	0	23	0	1	3	1.19210e+00	1.98920e-03	9.99994e-01
#######################################################################
# TOF Down                                                            #
#######################################################################
7	0	0	1	1	3	5.84300e+00	-2.30730e+00	3.11320e+00
7	0	1	1	1	3	5.84300e+00	-2.30730e+00	3.11320e+00
7	0	2	1	1	3	5.84300e+00	-2.30730e+00	3.11320e+00
7	0	3	1	1	3	5.84300e+00	-2.30730e+00	3.11320e+00
7	0	4	1	1	3	5.84300e+00	-2.30730e+00	3.11320e+00
7	0	5	1	1	3	5.84300e+00	-2.30730e+00	3.11320e+00
7	0	6	1	1	3	1.41330e+01	-5.81170e+00	5.32680e+00
7	0	7	1	1	3	7.84850e+01	-2.02870e+01	1.69500e+01
7	0	8	1	1	3	2.20240e+02	-3.62440e+01	3.60080e+01
7	0	9	1	1	3	5.84300e+00	-2.30730e+00	3.11320e+00
7	0	10	1	1	3	5.84300e+00	-2.30730e+00	3.11320e+00
7	0	11	1	1	3	5.84300e+00	-2.30730e+00	3.11320e+00
7	0	12	1	1	3	5.84300e+00	-2.30730e+00	3.11320e+00
7	0	13	1	1	3	5.84300e+00	-2.30730e+00	3.11320e+00
7	0	14	1	1	3	5.84300e+00	-2.30730e+00	3.11320e+00
7	0	15	1	1	3	5.84300e+00	-2.30730e+00	3.11320e+00
7	0	16	1	1	3	5.84300e+00	-2.30730e+00	3.11320e+00
7	0	17	1	1	3	5.84300e+00	-2.30730e+00	3.11320e+00
7	0	18	1	1	3	5.84300e+00	-2.30730e+00	3.11320e+00
7	0	19	1	1	3	6.18741e-01	1.99860e-03	4.90831e-01
7	0	20	1	1	3	5.75901e-01	1.04210e-03	4.72509e-01
7	0	21	1	1	3	9.41046e-01	1.99890e-03	7.79357e-01
7	0	22	1	1	3	4.84266e-01	-1.95590e-03	3.99786e-01
7	0	23	1	1	3	8.97714e-01	1.99860e-03	7.56300e-01
#######################################################################
# BFT U                                                               #
#######################################################################
110	0	0	0	2	3	9.14817e-03	-7.43428e-01	1.56841e+01
110	0	1	0	2	3	-1.19654e-02	7.74182e-01	-1.02809e+01
110	0	2	0	2	3	1.64337e-02	-1.32728e+00	2.77391e+01
110	0	3	0	2	3	5.72213e-03	-6.20062e-01	1.47789e+01
110	0	4	0	2	3	-9.40327e-04	-2.39581e-01	1.17279e+01
110	0	5	0	2	3	-5.06493e-02	3.49708e+00	-5.74129e+01
110	0	6	0	2	3	-9.68561e-03	4.64082e-01	-3.07404e+00
110	0	7	0	2	3	1.62385e-03	-3.47127e-01	1.21163e+01
110	0	8	0	2	3	4.29012e-03	-5.71748e-01	1.61552e+01
110	0	9	0	2	3	-3.43450e-03	-1.44764e-02	7.14887e+00
110	0	10	0	2	3	1.83393e-03	-4.28064e-01	1.34157e+01
110	0	11	0	2	3	4.32389e-03	-5.83317e-01	1.69387e+01
110	0	12	0	2	3	3.20555e-03	-5.10850e-01	1.39570e+01
110	0	13	0	2	3	-7.71922e-03	2.59557e-01	2.67147e+00
110	0	14	0	2	3	4.03630e-03	-5.77015e-01	1.60367e+01
110	0	15	0	2	3	1.99458e-03	-4.52522e-01	1.45322e+01
110	0	16	0	2	3	2.17454e-03	-4.25427e-01	1.28544e+01
110	0	17	0	2	3	2.16534e-03	-4.63929e-01	1.52655e+01
110	0	18	0	2	3	5.17856e-03	-6.57744e-01	1.71994e+01
110	0	19	0	2	3	2.99054e-03	-4.97499e-01	1.32144e+01
110	0	20	0	2	3	2.98004e-03	-4.79054e-01	1.41704e+01
110	0	21	0	2	3	1.97607e-03	-4.07600e-01	1.35629e+01
110	0	22	0	2	3	2.79105e-03	-4.89865e-01	1.46793e+01
110	0	23	0	2	3	5.38862e-03	-6.52307e-01	1.76397e+01
110	0	24	0	2	3	3.38153e-03	-5.22228e-01	1.55275e+01
110	0	25	0	2	3	1.98395e-03	-4.15189e-01	1.31801e+01
110	0	26	0	2	3	2.36221e-03	-4.74586e-01	1.48050e+01
110	0	27	0	2	3	5.58966e-03	-6.72474e-01	1.80524e+01
110	0	28	0	2	3	3.95554e-03	-5.73458e-01	1.47833e+01
110	0	29	0	2	3	4.34931e-03	-5.94228e-01	1.64946e+01
110	0	30	0	2	3	3.76765e-03	-5.62994e-01	1.59676e+01
110	0	31	0	2	3	3.31259e-03	-5.18856e-01	1.55936e+01
110	0	32	0	2	3	4.70068e-03	-6.32216e-01	1.74998e+01
110	0	33	0	2	3	5.20783e-03	-6.41370e-01	1.49669e+01
110	0	34	0	2	3	3.79482e-03	-5.56118e-01	1.57127e+01
110	0	35	0	2	3	3.81059e-03	-5.65537e-01	1.64962e+01
110	0	36	0	2	3	3.93932e-03	-5.54820e-01	1.44506e+01
110	0	37	0	2	3	3.98419e-03	-5.63571e-01	1.71598e+01
110	0	38	0	2	3	3.36895e-03	-5.25959e-01	1.46893e+01
110	0	39	0	2	3	3.84799e-03	-5.59442e-01	1.59854e+01
110	0	40	0	2	3	3.61707e-03	-5.31519e-01	1.39802e+01
110	0	41	0	2	3	2.87279e-03	-4.78421e-01	1.54620e+01
110	0	42	0	2	3	4.51214e-03	-5.98910e-01	1.57295e+01
110	0	43	0	2	3	3.81281e-03	-5.64561e-01	1.68192e+01
110	0	44	0	2	3	3.17310e-03	-5.15238e-01	1.50191e+01
110	0	45	0	2	3	3.87354e-03	-5.57927e-01	1.65901e+01
110	0	46	0	2	3	4.55115e-03	-6.22332e-01	1.71594e+01
110	0	47	0	2	3	4.31044e-03	-5.87716e-01	1.70471e+01
110	0	48	0	2	3	3.22326e-03	-5.20560e-01	1.42057e+01
110	0	49	0	2	3	2.28950e-03	-4.42366e-01	1.49505e+01
110	0	50	0	2	3	4.44271e-03	-6.02902e-01	1.69120e+01
110	0	51	0	2	3	3.67334e-03	-5.34486e-01	1.52998e+01
110	0	52	0	2	3	3.24331e-03	-5.19576e-01	1.47241e+01
110	0	53	0	2	3	5.01445e-03	-6.37154e-01	1.71701e+01
110	0	54	0	2	3	3.81028e-03	-5.60284e-01	1.58201e+01
110	0	55	0	2	3	4.29177e-03	-5.85826e-01	1.62349e+01
110	0	56	0	2	3	3.27534e-03	-5.30477e-01	1.53063e+01
110	0	57	0	2	3	4.57112e-03	-6.10298e-01	1.74426e+01
110	0	58	0	2	3	3.50276e-03	-5.43453e-01	1.56894e+01
110	0	59	0	2	3	4.43291e-03	-6.09007e-01	1.76909e+01
110	0	60	0	2	3	3.28673e-03	-5.26618e-01	1.49499e+01
110	0	61	0	2	3	3.95404e-03	-5.64820e-01	1.63480e+01
110	0	62	0	2	3	4.46432e-03	-6.12477e-01	1.67681e+01
110	0	63	0	2	3	4.60085e-03	-6.20834e-01	1.63927e+01
110	0	64	0	2	3	3.91234e-03	-5.66127e-01	1.60990e+01
110	0	65	0	2	3	3.70691e-03	-5.52564e-01	1.61648e+01
110	0	66	0	2	3	4.08236e-03	-6.00184e-01	1.72836e+01
110	0	67	0	2	3	3.58410e-03	-5.47859e-01	1.63181e+01
110	0	68	0	2	3	3.85929e-03	-5.76553e-01	1.60323e+01
110	0	69	0	2	3	3.64253e-03	-5.42770e-01	1.55192e+01
110	0	70	0	2	3	3.41751e-03	-5.55537e-01	1.57846e+01
110	0	71	0	2	3	3.78492e-03	-5.60917e-01	1.62726e+01
110	0	72	0	2	3	3.97621e-03	-5.78220e-01	1.58614e+01
110	0	73	0	2	3	4.37889e-03	-5.96734e-01	1.71482e+01
110	0	74	0	2	3	4.51311e-03	-6.28158e-01	1.79532e+01
110	0	75	0	2	3	3.84310e-03	-5.61435e-01	1.59545e+01
110	0	76	0	2	3	3.18506e-03	-5.23781e-01	1.51018e+01
110	0	77	0	2	3	3.72573e-03	-5.56028e-01	1.62268e+01
110	0	78	0	2	3	4.52892e-03	-6.27292e-01	1.72717e+01
110	0	79	0	2	3	4.36578e-03	-5.97866e-01	1.65125e+01
110	0	80	0	2	3	2.99921e-03	-5.14305e-01	1.50922e+01
110	0	81	0	2	3	3.42095e-03	-5.18892e-01	1.50558e+01
110	0	82	0	2	3	3.52688e-03	-5.45054e-01	1.60675e+01
110	0	83	0	2	3	4.27520e-03	-5.99837e-01	1.66137e+01
110	0	84	0	2	3	3.31338e-03	-5.26675e-01	1.56399e+01
110	0	85	0	2	3	4.28682e-03	-5.95700e-01	1.69848e+01
110	0	86	0	2	3	4.49269e-03	-6.14104e-01	1.67948e+01
110	0	87	0	2	3	3.02364e-03	-5.19542e-01	1.60429e+01
110	0	88	0	2	3	4.21484e-03	-5.85543e-01	1.59658e+01
110	0	89	0	2	3	3.38547e-03	-5.29987e-01	1.53920e+01
110	0	90	0	2	3	4.73124e-03	-6.32284e-01	1.70601e+01
110	0	91	0	2	3	4.67227e-03	-6.26336e-01	1.76240e+01
110	0	92	0	2	3	2.45960e-03	-4.78175e-01	1.52435e+01
110	0	93	0	2	3	3.80851e-03	-5.50400e-01	1.53253e+01
110	0	94	0	2	3	3.81129e-03	-5.90816e-01	1.73798e+01
110	0	95	0	2	3	3.45052e-03	-5.47061e-01	1.62797e+01
110	0	96	0	2	3	2.87377e-03	-5.08214e-01	1.54230e+01
110	0	97	0	2	3	3.93690e-03	-5.68676e-01	1.66032e+01
110	0	98	0	2	3	3.55211e-03	-5.57351e-01	1.62623e+01
110	0	99	0	2	3	4.01078e-03	-5.74422e-01	1.63638e+01
110	0	100	0	2	3	1.81540e-03	-4.18720e-01	1.42284e+01
110	0	101	0	2	3	2.74479e-03	-4.87169e-01	1.52121e+01
110	0	102	0	2	3	5.05029e-03	-6.53443e-01	1.75619e+01
110	0	103	0	2	3	3.59327e-03	-5.50710e-01	1.58560e+01
110	0	104	0	2	3	2.10711e-03	-4.57923e-01	1.43857e+01
110	0	105	0	2	3	5.06331e-03	-6.42756e-01	1.72226e+01
110	0	106	0	2	3	4.01099e-03	-5.79533e-01	1.63214e+01
110	0	107	0	2	3	4.04055e-03	-5.67075e-01	1.53574e+01
110	0	108	0	2	3	2.07015e-03	-4.50214e-01	1.40257e+01
110	0	109	0	2	3	4.08671e-03	-5.89097e-01	1.64207e+01
110	0	110	0	2	3	3.10334e-03	-5.25091e-01	1.53481e+01
110	0	111	0	2	3	6.07660e-03	-7.39755e-01	1.93074e+01
110	0	112	0	2	3	4.30174e-03	-5.97100e-01	1.62077e+01
110	0	113	0	2	3	3.82779e-03	-5.65427e-01	1.59589e+01
110	0	114	0	2	3	4.48448e-03	-6.02675e-01	1.74413e+01
110	0	115	0	2	3	3.42916e-03	-5.31121e-01	1.52724e+01
110	0	116	0	2	3	2.24729e-03	-4.71336e-01	1.51997e+01
110	0	117	0	2	3	5.12264e-03	-6.59225e-01	1.86649e+01
110	0	118	0	2	3	5.54938e-03	-7.07964e-01	1.90213e+01
110	0	119	0	2	3	5.62391e-03	-6.71738e-01	1.65768e+01
110	0	120	0	2	3	2.98786e-03	-5.16204e-01	1.58935e+01
110	0	121	0	2	3	2.07984e-03	-4.44547e-01	1.36661e+01
110	0	122	0	2	3	2.68060e-03	-4.91584e-01	1.56326e+01
110	0	123	0	2	3	3.92099e-03	-5.76160e-01	1.65544e+01
110	0	124	0	2	3	4.22050e-04	-3.07687e-01	1.24050e+01
110	0	125	0	2	3	3.47881e-03	-5.39808e-01	1.35874e+01
110	0	126	0	2	3	2.31475e-03	-4.43259e-01	1.32364e+01
110	0	127	0	2	3	5.02752e-03	-6.43784e-01	1.73222e+01
110	0	128	0	2	3	6.84915e-03	-8.26493e-01	2.18992e+01
110	0	129	0	2	3	3.05492e-03	-5.30030e-01	1.59471e+01
110	0	130	0	2	3	1.12164e-03	-4.01790e-01	1.52359e+01
110	0	131	0	2	3	3.65686e-03	-5.49025e-01	1.60304e+01
110	0	132	0	2	3	4.02292e-03	-5.97752e-01	1.76855e+01
110	0	133	0	2	3	-8.06007e-04	-2.33777e-01	1.06718e+01
110	0	134	0	2	3	2.66416e-03	-4.96908e-01	1.53562e+01
110	0	135	0	2	3	-3.41450e-03	-5.44460e-02	7.90776e+00
110	0	136	0	2	3	7.86916e-04	-3.54882e-01	1.32064e+01
110	0	137	0	2	3	4.22108e-03	-6.39191e-01	1.89373e+01
110	0	138	0	2	3	4.65505e-03	-6.71078e-01	1.93247e+01
110	0	139	0	2	3	1.41804e-03	-4.07740e-01	1.37337e+01
110	0	140	0	2	3	-1.03996e-04	-3.16946e-01	1.30966e+01
110	0	141	0	2	3	3.92265e-03	-6.04082e-01	1.78081e+01
110	0	142	0	2	3	-1.00481e-02	4.77146e-01	-2.33966e+00
110	0	143	0	2	3	3.38961e-03	-5.45581e-01	1.58508e+01
110	0	144	0	2	3	4.55850e-03	-6.37048e-01	1.78803e+01
110	0	145	0	2	3	2.53327e-03	-4.65601e-01	1.43196e+01
110	0	146	0	2	3	3.43286e-03	-5.58819e-01	1.64703e+01
110	0	147	0	2	3	2.36212e-03	-4.53800e-01	1.43969e+01
110	0	148	0	2	3	2.55956e-03	-4.93386e-01	1.56068e+01
110	0	149	0	2	3	2.85268e-03	-5.07376e-01	1.55670e+01
110	0	150	0	2	3	4.15293e-03	-5.99122e-01	1.71660e+01
110	0	151	0	2	3	3.66030e-03	-5.63927e-01	1.63251e+01
110	0	152	0	2	3	2.92100e-03	-5.19967e-01	1.63691e+01
110	0	153	0	2	3	1.66488e-03	-4.18553e-01	1.39376e+01
110	0	154	0	2	3	1.29374e-03	-4.16498e-01	1.37826e+01
110	0	155	0	2	3	7.31207e-03	-8.51715e-01	2.13236e+01
110	0	156	0	2	3	3.88074e-03	-5.49200e-01	1.64747e+01
110	0	157	0	2	3	-3.89085e-03	2.80000e-02	6.30337e+00
110	0	158	0	2	3	-1.77259e-03	-1.77202e-01	1.00603e+01
110	0	159	0	2	3	6.68549e-03	-7.19506e-01	1.97426e+01
#######################################################################
# BFT D                                                               #
#######################################################################
110	1	0	0	2	3	3.48701e-02	-2.63216e+00	4.98095e+01
110	1	1	0	2	3	-1.46388e-02	9.60866e-01	-1.26737e+01
110	1	2	0	2	3	-7.43036e-03	2.43097e-01	3.89855e+00
110	1	3	0	2	3	-4.18451e-03	2.37833e-01	-1.11865e+00
110	1	4	0	2	3	-2.31043e-04	-2.97183e-01	1.24888e+01
110	1	5	0	2	3	-2.00442e-03	-1.79478e-01	1.12189e+01
110	1	6	0	2	3	1.15025e-03	-3.64483e-01	1.23052e+01
110	1	7	0	2	3	-1.83439e-02	1.13185e+00	-1.51752e+01
110	1	8	0	2	3	3.23988e-03	-5.25148e-01	1.60440e+01
110	1	9	0	2	3	-1.79172e-02	1.06667e+00	-1.28905e+01
110	1	10	0	2	3	6.34919e-03	-7.18460e-01	1.76359e+01
110	1	11	0	2	3	-5.13910e-03	1.35496e-01	3.21589e+00
110	1	12	0	2	3	3.65396e-03	-5.59833e-01	1.58478e+01
110	1	13	0	2	3	4.32261e-03	-5.99632e-01	1.70054e+01
110	1	14	0	2	3	3.23758e-03	-5.18862e-01	1.56648e+01
110	1	15	0	2	3	5.26544e-03	-6.71616e-01	1.82876e+01
110	1	16	0	2	3	2.19797e-03	-4.53395e-01	1.40051e+01
110	1	17	0	2	3	3.48349e-03	-5.41974e-01	1.61992e+01
110	1	18	0	2	3	5.20395e-03	-6.71357e-01	1.82583e+01
110	1	19	0	2	3	5.11100e-03	-6.68700e-01	1.89683e+01
110	1	20	0	2	3	5.13806e-03	-6.66451e-01	1.79961e+01
110	1	21	0	2	3	-7.21232e-03	2.62053e-01	1.68968e+00
110	1	22	0	2	3	5.58456e-03	-6.84154e-01	1.76832e+01
110	1	23	0	2	3	8.85864e-04	-3.33849e-01	1.17110e+01
110	1	24	0	2	3	3.04860e-03	-5.17254e-01	1.60068e+01
110	1	25	0	2	3	4.98601e-04	-3.19600e-01	1.18836e+01
110	1	26	0	2	3	4.08452e-03	-5.93676e-01	1.72995e+01
110	1	27	0	2	3	1.99412e-03	-4.29097e-01	1.45145e+01
110	1	28	0	2	3	2.99612e-03	-5.15816e-01	1.58649e+01
110	1	29	0	2	3	-2.16368e-03	-1.20070e-01	8.31324e+00
110	1	30	0	2	3	3.07247e-03	-5.15435e-01	1.51265e+01
110	1	31	0	2	3	3.95825e-03	-5.80183e-01	1.68840e+01
110	1	32	0	2	3	3.05818e-03	-5.08573e-01	1.61183e+01
110	1	33	0	2	3	3.46364e-03	-5.42737e-01	1.49963e+01
110	1	34	0	2	3	4.15941e-03	-5.82696e-01	1.56977e+01
110	1	35	0	2	3	4.36721e-04	-3.21729e-01	1.31573e+01
110	1	36	0	2	3	2.89050e-03	-4.97708e-01	1.55428e+01
110	1	37	0	2	3	2.39554e-03	-4.61859e-01	1.38105e+01
110	1	38	0	2	3	3.92845e-03	-5.70396e-01	1.59609e+01
110	1	39	0	2	3	4.27701e-03	-5.91020e-01	1.69790e+01
110	1	40	0	2	3	3.52889e-03	-5.39865e-01	1.50837e+01
110	1	41	0	2	3	3.58592e-03	-5.43908e-01	1.56104e+01
110	1	42	0	2	3	4.33118e-03	-5.91646e-01	1.64433e+01
110	1	43	0	2	3	4.83897e-03	-6.41563e-01	1.82617e+01
110	1	44	0	2	3	3.40260e-03	-5.39937e-01	1.53130e+01
110	1	45	0	2	3	4.12419e-03	-5.89257e-01	1.67708e+01
110	1	46	0	2	3	4.95638e-03	-6.44757e-01	1.70056e+01
110	1	47	0	2	3	1.66332e-03	-4.10209e-01	1.51473e+01
110	1	48	0	2	3	3.65183e-03	-5.55217e-01	1.63112e+01
110	1	49	0	2	3	3.44746e-03	-5.30835e-01	1.58113e+01
110	1	50	0	2	3	3.15335e-03	-5.21889e-01	1.46968e+01
110	1	51	0	2	3	4.53474e-03	-6.12989e-01	1.79587e+01
110	1	52	0	2	3	4.41875e-03	-6.15738e-01	1.65704e+01
110	1	53	0	2	3	2.59133e-03	-4.80013e-01	1.50806e+01
110	1	54	0	2	3	4.45110e-03	-6.17201e-01	1.75238e+01
110	1	55	0	2	3	3.32054e-03	-5.30412e-01	1.67282e+01
110	1	56	0	2	3	3.90514e-03	-5.89093e-01	1.72713e+01
110	1	57	0	2	3	3.42128e-03	-5.34916e-01	1.64589e+01
110	1	58	0	2	3	3.46751e-03	-5.55165e-01	1.75326e+01
110	1	59	0	2	3	2.74738e-03	-4.96313e-01	1.61368e+01
110	1	60	0	2	3	4.02364e-03	-5.90881e-01	1.70684e+01
110	1	61	0	2	3	3.19560e-03	-5.07716e-01	1.55014e+01
110	1	62	0	2	3	4.25553e-03	-6.05376e-01	1.62864e+01
110	1	63	0	2	3	4.07520e-03	-5.84991e-01	1.67446e+01
110	1	64	0	2	3	3.05051e-03	-5.23940e-01	1.63165e+01
110	1	65	0	2	3	4.67623e-03	-6.29432e-01	1.68950e+01
110	1	66	0	2	3	4.43229e-03	-6.25751e-01	1.67689e+01
110	1	67	0	2	3	5.04864e-03	-6.56075e-01	1.73967e+01
110	1	68	0	2	3	3.92767e-03	-5.65949e-01	1.52402e+01
110	1	69	0	2	3	4.53088e-03	-6.19555e-01	1.68018e+01
110	1	70	0	2	3	3.58220e-03	-5.58196e-01	1.66800e+01
110	1	71	0	2	3	2.67048e-03	-4.88045e-01	1.56343e+01
110	1	72	0	2	3	3.08725e-03	-5.20438e-01	1.55298e+01
110	1	73	0	2	3	3.63018e-03	-5.56818e-01	1.64040e+01
110	1	74	0	2	3	4.19556e-03	-5.94413e-01	1.59135e+01
110	1	75	0	2	3	3.31967e-03	-5.36107e-01	1.60035e+01
110	1	76	0	2	3	3.62444e-03	-5.57539e-01	1.59999e+01
110	1	77	0	2	3	4.15300e-03	-5.91018e-01	1.69260e+01
110	1	78	0	2	3	4.25858e-03	-6.05585e-01	1.61594e+01
110	1	79	0	2	3	4.01024e-03	-5.85136e-01	1.57901e+01
110	1	80	0	2	3	3.42398e-03	-5.36990e-01	1.54660e+01
110	1	81	0	2	3	3.93146e-03	-5.70831e-01	1.57627e+01
110	1	82	0	2	3	4.37331e-03	-6.08074e-01	1.76392e+01
110	1	83	0	2	3	4.06027e-03	-5.68679e-01	1.59350e+01
110	1	84	0	2	3	3.35000e-03	-5.22758e-01	1.46689e+01
110	1	85	0	2	3	2.75332e-03	-4.88469e-01	1.46906e+01
110	1	86	0	2	3	3.55669e-03	-5.47329e-01	1.62969e+01
110	1	87	0	2	3	4.67638e-03	-6.16318e-01	1.55920e+01
110	1	88	0	2	3	3.41359e-03	-5.33857e-01	1.57965e+01
110	1	89	0	2	3	3.76159e-03	-5.67158e-01	1.57999e+01
110	1	90	0	2	3	4.84476e-03	-6.40724e-01	1.69140e+01
110	1	91	0	2	3	4.20587e-03	-5.90255e-01	1.59900e+01
110	1	92	0	2	3	5.14018e-03	-6.56054e-01	1.76170e+01
110	1	93	0	2	3	3.84482e-03	-5.64330e-01	1.61962e+01
110	1	94	0	2	3	3.09590e-03	-5.25530e-01	1.52574e+01
110	1	95	0	2	3	4.49070e-03	-6.08872e-01	1.65654e+01
110	1	96	0	2	3	3.66634e-03	-5.52995e-01	1.54915e+01
110	1	97	0	2	3	4.60964e-03	-6.18822e-01	1.65853e+01
110	1	98	0	2	3	3.25517e-03	-5.45517e-01	1.68236e+01
110	1	99	0	2	3	3.47197e-03	-5.47731e-01	1.58878e+01
110	1	100	0	2	3	2.91261e-03	-4.98278e-01	1.51812e+01
110	1	101	0	2	3	4.45456e-03	-6.13605e-01	1.65079e+01
110	1	102	0	2	3	4.12206e-03	-6.07671e-01	1.72713e+01
110	1	103	0	2	3	4.54095e-03	-6.14264e-01	1.67852e+01
110	1	104	0	2	3	2.70240e-03	-4.79571e-01	1.46559e+01
110	1	105	0	2	3	3.10163e-03	-5.11588e-01	1.44389e+01
110	1	106	0	2	3	4.12652e-03	-5.92546e-01	1.65399e+01
110	1	107	0	2	3	4.71990e-03	-6.26052e-01	1.61581e+01
110	1	108	0	2	3	3.05615e-03	-5.07188e-01	1.58826e+01
110	1	109	0	2	3	3.32374e-03	-5.25089e-01	1.51038e+01
110	1	110	0	2	3	3.81079e-03	-5.79305e-01	1.67845e+01
110	1	111	0	2	3	4.23087e-03	-5.99395e-01	1.70210e+01
110	1	112	0	2	3	3.21813e-03	-5.28907e-01	1.56125e+01
110	1	113	0	2	3	2.20889e-03	-4.52257e-01	1.46102e+01
110	1	114	0	2	3	4.25204e-03	-6.01662e-01	1.65750e+01
110	1	115	0	2	3	3.17928e-03	-5.05050e-01	1.49097e+01
110	1	116	0	2	3	2.75784e-03	-4.93174e-01	1.50986e+01
110	1	117	0	2	3	4.04500e-03	-5.77481e-01	1.55970e+01
110	1	118	0	2	3	3.21821e-03	-5.35429e-01	1.51376e+01
110	1	119	0	2	3	3.47034e-03	-5.40816e-01	1.51802e+01
110	1	120	0	2	3	1.73091e-03	-4.23251e-01	1.37331e+01
110	1	121	0	2	3	2.34039e-03	-4.53496e-01	1.42508e+01
110	1	122	0	2	3	3.30834e-03	-5.46651e-01	1.72715e+01
110	1	123	0	2	3	3.47549e-03	-5.38992e-01	1.71279e+01
110	1	124	0	2	3	4.12654e-03	-5.78119e-01	1.57943e+01
110	1	125	0	2	3	2.48445e-03	-4.69665e-01	1.49409e+01
110	1	126	0	2	3	3.26909e-03	-5.08158e-01	1.50282e+01
110	1	127	0	2	3	3.88889e-03	-5.60916e-01	1.61398e+01
110	1	128	0	2	3	1.66257e-03	-4.42532e-01	1.51578e+01
110	1	129	0	2	3	2.49990e-03	-5.00866e-01	1.61680e+01
110	1	130	0	2	3	2.86254e-03	-5.21085e-01	1.55667e+01
110	1	131	0	2	3	8.21589e-04	-3.54377e-01	1.26941e+01
110	1	132	0	2	3	5.70011e-03	-7.34495e-01	2.04670e+01
110	1	133	0	2	3	4.47515e-03	-6.12097e-01	1.69370e+01
110	1	134	0	2	3	2.89677e-03	-5.32007e-01	1.58333e+01
110	1	135	0	2	3	2.11094e-03	-4.50469e-01	1.37497e+01
110	1	136	0	2	3	4.91982e-03	-6.92451e-01	2.02147e+01
110	1	137	0	2	3	5.81654e-03	-7.22048e-01	1.95413e+01
110	1	138	0	2	3	4.07840e-03	-6.07074e-01	1.74178e+01
110	1	139	0	2	3	6.49399e-03	-7.81158e-01	1.99071e+01
110	1	140	0	2	3	3.82335e-03	-5.81475e-01	1.66193e+01
110	1	141	0	2	3	3.32980e-03	-5.42550e-01	1.58863e+01
110	1	142	0	2	3	1.52597e-03	-4.21128e-01	1.37401e+01
110	1	143	0	2	3	-3.92815e-03	4.47387e-04	6.67070e+00
110	1	144	0	2	3	3.63003e-03	-5.91815e-01	1.75074e+01
110	1	145	0	2	3	8.08619e-03	-8.42320e-01	2.06193e+01
110	1	146	0	2	3	1.55264e-03	-4.28508e-01	1.41975e+01
110	1	147	0	2	3	3.80854e-03	-5.55484e-01	1.51334e+01
110	1	148	0	2	3	5.89304e-03	-7.52692e-01	2.06364e+01
110	1	149	0	2	3	2.08355e-03	-4.52228e-01	1.50617e+01
110	1	150	0	2	3	-3.29825e-03	-8.56673e-02	7.96903e+00
110	1	151	0	2	3	5.09102e-03	-6.72272e-01	1.83713e+01
110	1	152	0	2	3	3.03556e-03	-5.37188e-01	1.71941e+01
110	1	153	0	2	3	2.02026e-03	-4.27130e-01	1.44990e+01
110	1	154	0	2	3	4.17341e-03	-6.22937e-01	1.71780e+01
110	1	155	0	2	3	2.87332e-03	-5.07361e-01	1.44998e+01
110	1	156	0	2	3	6.03034e-03	-7.21161e-01	1.90400e+01
110	1	157	0	2	3	7.93542e-03	-8.20181e-01	2.12495e+01
110	1	158	0	2	3	-1.12102e-02	5.04850e-01	-6.25413e-01
110	1	159	0	2	3	9.59456e-03	-8.43558e-01	1.91968e+01
