##
#  file: HodoPHCParam_Dummy
#  date: 2016.06.15
#  note: first version
#
#
#######################################################################
# CId	PlId	Seg	UorD	Type	nParam	p0	p1	...
#
#	Type=0 no correction will be performed
#	Type=1 ct=t-p[0]/sqrt(a-p[1])+p[2]
#	Type=2 ct=p[0]*a*a + p[1]*a + p[2] for Fiber
#
#######################################################################
# BH1 Up                                                              #
#######################################################################
1	0	0	0	1	3	5.08705e+00	-1.98362e+00	2.93454e+00
1	0	1	0	1	3	6.69706e-01	2.91546e-01	8.10244e-01
1	0	2	0	1	3	5.01779e-01	3.94271e-01	6.64278e-01
1	0	3	0	1	3	7.45330e-01	1.66754e-01	8.56036e-01
1	0	4	0	1	3	8.52890e-01	8.60054e-02	9.27134e-01
1	0	5	0	1	3	1.69981e+00	-1.50393e-01	1.62794e+00
1	0	6	0	1	3	1.58582e+00	-2.35346e-01	1.46587e+00
1	0	7	0	1	3	1.61970e+00	-1.46184e-01	1.54504e+00
1	0	8	0	1	3	1.37546e+00	-2.52696e-01	1.28233e+00
1	0	9	0	1	3	1.74814e+00	-2.76223e-01	1.64100e+00
1	0	10	0	1	3	1.60339e+01	-4.62629e+00	6.81205e+00
#######################################################################
# BH1 Down                                                            #
#######################################################################
1	0	0	1	1	3	1.33519e+00	-9.13138e-02	1.27257e+00
1	0	1	1	1	3	6.24909e-01	2.88647e-01	7.65429e-01
1	0	2	1	1	3	6.68954e-01	2.21542e-01	7.45264e-01
1	0	3	1	1	3	1.32364e+00	-4.57464e-01	1.08318e+00
1	0	4	1	1	3	1.18002e+00	-7.91080e-02	1.17008e+00
1	0	5	1	1	3	2.07299e+00	-4.79828e-01	1.70935e+00
1	0	6	1	1	3	1.96000e+00	-5.20196e-01	1.63958e+00
1	0	7	1	1	3	1.89852e+00	-4.50289e-01	1.60743e+00
1	0	8	1	1	3	1.02469e+00	-6.73213e-02	1.04734e+00
1	0	9	1	1	3	1.64894e+00	-1.85977e-01	1.61292e+00
1	0	10	1	1	3	7.15603e-01	2.22738e-01	8.54972e-01
#######################################################################
# BH2 Up                                                              #
#######################################################################
2	0	0	0	1	3	1.43047e-01	2.98695e-01	2.00085e-01
2	0	1	0	1	3	8.79554e-01	-2.31747e-01	7.85839e-01
2	0	2	0	1	3	5.94572e-01	-4.97541e-01	4.68956e-01
2	0	3	0	1	3	1.91725e-01	3.94747e-02	1.91115e-01
2	0	4	0	1	3	3.31184e-01	-9.38469e-02	3.15823e-01
2	0	5	0	1	3	1.99769e-01	2.70254e-01	2.37321e-01
2	0	6	0	1	3	2.58948e-01	2.41832e-01	3.10133e-01
2	0	7	0	1	3	3.50426e-01	8.80094e-02	3.70898e-01
#######################################################################
# BH2 Down                                                            #
#######################################################################
2	0	0	1	1	3	3.94607e-01	-1.85207e-01	3.84440e-01
2	0	1	1	1	3	9.92155e-01	-3.85817e-01	8.32122e-01
2	0	2	1	1	3	4.10986e-01	-9.27803e-02	3.90143e-01
2	0	3	1	1	3	1.76416e-01	4.84160e-02	1.75490e-01
2	0	4	1	1	3	2.42956e-01	1.23979e-01	2.64593e-01
2	0	5	1	1	3	3.57967e-01	4.32013e-02	3.63973e-01
2	0	6	1	1	3	1.22093e+00	-6.67168e-01	9.30075e-01
2	0	7	1	1	3	2.92156e-01	-4.36810e-03	2.98702e-01
#######################################################################
# BAC                                                                 #
#######################################################################
3	0	0	0	1	3	0.00000e+00	0.00000e+00	0.00000e+00
3	0	1	0	1	3	0.00000e+00	0.00000e+00	0.00000e+00
#######################################################################
# FBH Up                                                              #
#######################################################################
4	0	0	0	2	3	-5.62952e-03	8.96903e-01	-3.53273e+01
4	0	1	0	2	3	-4.29399e-03	7.37975e-01	-3.00049e+01
4	0	2	0	2	3	-5.26894e-03	8.67305e-01	-3.38992e+01
4	0	3	0	2	3	-3.80183e-03	6.69237e-01	-2.72260e+01
4	0	4	0	2	3	-4.35014e-03	7.35785e-01	-2.92008e+01
4	0	5	0	2	3	-4.02541e-03	6.86907e-01	-2.70312e+01
4	0	6	0	2	3	-4.16660e-03	7.08229e-01	-2.81512e+01
4	0	7	0	2	3	-3.93117e-03	6.84759e-01	-2.69101e+01
4	0	8	0	2	3	-4.14423e-03	6.96902e-01	-2.65883e+01
4	0	9	0	2	3	-2.83372e-03	5.62925e-01	-2.20787e+01
4	0	10	0	2	3	-4.07944e-03	7.09420e-01	-2.75603e+01
4	0	11	0	2	3	-3.50961e-03	6.50113e-01	-2.64167e+01
4	0	12	0	2	3	-3.52415e-03	6.49734e-01	-2.67232e+01
4	0	13	0	2	3	-4.13420e-03	7.26957e-01	-2.99675e+01
4	0	14	0	2	3	-4.90315e-03	8.27563e-01	-3.35630e+01
4	0	15	0	2	3	-4.73048e-03	8.13189e-01	-3.31901e+01
#######################################################################
# FBH Down                                                            #
#######################################################################
4	0	0	1	2	3	-5.62952e-03	8.96903e-01	-3.53273e+01
4	0	1	1	2	3	-4.29399e-03	7.37975e-01	-3.00049e+01
4	0	2	1	2	3	-5.26894e-03	8.67305e-01	-3.38992e+01
4	0	3	1	2	3	-3.80183e-03	6.69237e-01	-2.72260e+01
4	0	4	1	2	3	-4.35014e-03	7.35785e-01	-2.92008e+01
4	0	5	1	2	3	-4.02541e-03	6.86907e-01	-2.70312e+01
4	0	6	1	2	3	-4.16660e-03	7.08229e-01	-2.81512e+01
4	0	7	1	2	3	-3.93117e-03	6.84759e-01	-2.69101e+01
4	0	8	1	2	3	-4.14423e-03	6.96902e-01	-2.65883e+01
4	0	9	1	2	3	-2.83372e-03	5.62925e-01	-2.20787e+01
4	0	10	1	2	3	-4.07944e-03	7.09420e-01	-2.75603e+01
4	0	11	1	2	3	-3.50961e-03	6.50113e-01	-2.64167e+01
4	0	12	1	2	3	-3.52415e-03	6.49734e-01	-2.67232e+01
4	0	13	1	2	3	-4.13420e-03	7.26957e-01	-2.99675e+01
4	0	14	1	2	3	-4.90315e-03	8.27563e-01	-3.35630e+01
4	0	15	1	2	3	-4.73048e-03	8.13189e-01	-3.31901e+01
#######################################################################
# PVAC                                                                #
#######################################################################
5	0	0	0	1	3	0.00000e+00	0.00000e+00	0.00000e+00
#######################################################################
# FAC                                                                 #
#######################################################################
6	0	0	0	1	3	0.00000e+00	0.00000e+00	0.00000e+00
#######################################################################
# SCH                                                                 #
#######################################################################
#7	0	0	0	2	3	-0.00500000	0.821213	-32.185321
#7	0	1	0	2	3	-0.00500000	0.830248	-32.269563
#7	0	2	0	2	3	-0.00500000	0.793073	-29.315934
#7	0	3	0	2	3	-0.00500000	0.772144	-28.276705
#7	0	4	0	2	3	-0.00500000	0.801968	-30.687167
#7	0	5	0	2	3	-0.00500000	0.778300	-28.439251
#7	0	6	0	2	3	-0.00500000	0.765872	-27.918181
#7	0	7	0	2	3	-0.00500000	0.738459	-26.016797
#7	0	8	0	2	3	-0.00500000	0.778318	-28.676371
#7	0	9	0	2	3	-0.00500000	0.776670	-28.892887
#7	0	10	0	2	3	-0.00500000	0.764278	-28.122474
#7	0	11	0	2	3	-0.00500000	0.790742	-29.423647
#7	0	12	0	2	3	-0.00500000	0.811330	-30.487019
#7	0	13	0	2	3	-0.00500000	0.818750	-30.891512
#7	0	14	0	2	3	-0.00500000	0.802541	-30.009136
#7	0	15	0	2	3	-0.00500000	0.809525	-30.751746
#7	0	16	0	2	3	-0.00500000	0.802597	-30.845509
#7	0	17	0	2	3	-0.00500000	0.835028	-32.780792
#7	0	18	0	2	3	-0.00500000	0.859176	-33.938731
#7	0	19	0	2	3	-0.00500000	0.814851	-31.445396
#7	0	20	0	2	3	-0.00500000	0.809426	-30.781087
#7	0	21	0	2	3	-0.00500000	0.780678	-28.888756
#7	0	22	0	2	3	-0.00500000	0.808206	-30.719604
#7	0	23	0	2	3	-0.00500000	0.774024	-27.858339
#7	0	24	0	2	3	-0.00500000	0.794308	-29.022101
#7	0	25	0	2	3	-0.00500000	0.775649	-27.980186
#7	0	26	0	2	3	-0.00500000	0.788483	-28.687567
#7	0	27	0	2	3	-0.00466315	0.771386	-29.253260
#7	0	28	0	2	3	-0.00483132	0.790854	-28.637741
#7	0	29	0	2	3	-0.00497049	0.812994	-30.786914
#7	0	30	0	2	3	-0.00500000	0.787793	-28.362716
#7	0	31	0	2	3	-0.00500000	0.790759	-28.876812
#7	0	32	0	2	3	-0.00500000	0.824826	-31.655285
#7	0	33	0	2	3	-0.00500000	0.845304	-33.407765
#7	0	34	0	2	3	-0.00500000	0.832263	-32.939799
#7	0	35	0	2	3	-0.00500000	0.820631	-31.695372
#7	0	36	0	2	3	-0.00500000	0.836997	-33.200590
#7	0	37	0	2	3	-0.00500000	0.819690	-32.097193
#7	0	38	0	2	3	-0.00500000	0.808109	-31.263214
#7	0	39	0	2	3	-0.00500000	0.815224	-31.135523
#7	0	40	0	2	3	-0.00500000	0.803398	-29.897923
#7	0	41	0	2	3	-0.00500000	0.815685	-31.165519
#7	0	42	0	2	3	-0.00500000	0.812980	-30.737261
#7	0	43	0	2	3	-0.00500000	0.829418	-32.693307
#7	0	44	0	2	3	-0.00500000	0.789530	-29.464920
#7	0	45	0	2	3	-0.00500000	0.804789	-31.208151
#7	0	46	0	2	3	-0.00500000	0.830106	-32.806514
#7	0	47	0	2	3	-0.00500000	0.819206	-31.373242
#7	0	48	0	2	3	-0.00500000	0.816165	-31.709319
#7	0	49	0	2	3	-0.00500000	0.798496	-30.201709
#7	0	50	0	2	3	-0.00500000	0.812167	-31.795745
#7	0	51	0	2	3	-0.00500000	0.810749	-31.375226
#7	0	52	0	2	3	-0.00500000	0.803385	-31.372512
#7	0	53	0	2	3	-0.00500000	0.777405	-29.262831
#7	0	54	0	2	3	-0.00500000	0.783954	-29.763410
#7	0	55	0	2	3	-0.00500000	0.789443	-29.976449
#7	0	56	0	2	3	-0.00500000	0.838828	-33.261086
#7	0	57	0	2	3	-0.00500000	0.804421	-30.573195
#7	0	58	0	2	3	-0.00500000	0.773283	-29.111048
#7	0	59	0	2	3	-0.00500000	0.811789	-31.449459
#7	0	60	0	2	3	-0.00500000	0.759724	-28.110014
#7	0	61	0	2	3	-0.00500000	0.810884	-31.379063
#7	0	62	0	2	3	-0.00500000	0.771910	-28.435006
#7	0	63	0	2	3	-0.00500000	0.796658	-30.511906
#######################################################################
# TOF Up                                                              #
#######################################################################
7	0	0	0	1	3	5.24830e+00	-1.96630e+00	2.96170e+00
7	0	1	0	1	3	5.24830e+00	-1.96630e+00	2.96170e+00
7	0	2	0	1	3	5.24830e+00	-1.96630e+00	2.96170e+00
7	0	3	0	1	3	5.24830e+00	-1.96630e+00	2.96170e+00
7	0	4	0	1	3	5.24830e+00	-1.96630e+00	2.96170e+00
7	0	5	0	1	3	5.24830e+00	-1.96630e+00	2.96170e+00
7	0	6	0	1	3	6.97090e+00	-3.03520e+00	3.39910e+00
7	0	7	0	1	3	4.05450e+00	-1.96150e+00	2.30360e+00
7	0	8	0	1	3	1.16940e+02	-2.98600e+01	2.09880e+01
7	0	9	0	1	3	5.24830e+00	-1.96630e+00	2.96170e+00
7	0	10	0	1	3	5.24830e+00	-1.96630e+00	2.96170e+00
7	0	11	0	1	3	5.24830e+00	-1.96630e+00	2.96170e+00
7	0	12	0	1	3	5.24830e+00	-1.96630e+00	2.96170e+00
7	0	13	0	1	3	5.24830e+00	-1.96630e+00	2.96170e+00
7	0	14	0	1	3	5.24830e+00	-1.96630e+00	2.96170e+00
7	0	15	0	1	3	5.24830e+00	-1.96630e+00	2.96170e+00
7	0	16	0	1	3	5.24830e+00	-1.96630e+00	2.96170e+00
7	0	17	0	1	3	5.24830e+00	-1.96630e+00	2.96170e+00
7	0	18	0	1	3	5.24830e+00	-1.96630e+00	2.96170e+00
7	0	19	0	1	3	7.11491e-01	1.85180e-03	5.82402e-01
7	0	20	0	1	3	5.59404e-01	-1.73810e-03	4.50716e-01
7	0	21	0	1	3	8.92499e-01	1.99900e-03	7.37364e-01
7	0	22	0	1	3	6.37553e-01	1.99960e-03	5.45449e-01
7	0	23	0	1	3	1.19210e+00	1.98920e-03	9.99994e-01
#######################################################################
# TOF Down                                                            #
#######################################################################
7	0	0	1	1	3	5.84300e+00	-2.30730e+00	3.11320e+00
7	0	1	1	1	3	5.84300e+00	-2.30730e+00	3.11320e+00
7	0	2	1	1	3	5.84300e+00	-2.30730e+00	3.11320e+00
7	0	3	1	1	3	5.84300e+00	-2.30730e+00	3.11320e+00
7	0	4	1	1	3	5.84300e+00	-2.30730e+00	3.11320e+00
7	0	5	1	1	3	5.84300e+00	-2.30730e+00	3.11320e+00
7	0	6	1	1	3	1.41330e+01	-5.81170e+00	5.32680e+00
7	0	7	1	1	3	7.84850e+01	-2.02870e+01	1.69500e+01
7	0	8	1	1	3	2.20240e+02	-3.62440e+01	3.60080e+01
7	0	9	1	1	3	5.84300e+00	-2.30730e+00	3.11320e+00
7	0	10	1	1	3	5.84300e+00	-2.30730e+00	3.11320e+00
7	0	11	1	1	3	5.84300e+00	-2.30730e+00	3.11320e+00
7	0	12	1	1	3	5.84300e+00	-2.30730e+00	3.11320e+00
7	0	13	1	1	3	5.84300e+00	-2.30730e+00	3.11320e+00
7	0	14	1	1	3	5.84300e+00	-2.30730e+00	3.11320e+00
7	0	15	1	1	3	5.84300e+00	-2.30730e+00	3.11320e+00
7	0	16	1	1	3	5.84300e+00	-2.30730e+00	3.11320e+00
7	0	17	1	1	3	5.84300e+00	-2.30730e+00	3.11320e+00
7	0	18	1	1	3	5.84300e+00	-2.30730e+00	3.11320e+00
7	0	19	1	1	3	6.18741e-01	1.99860e-03	4.90831e-01
7	0	20	1	1	3	5.75901e-01	1.04210e-03	4.72509e-01
7	0	21	1	1	3	9.41046e-01	1.99890e-03	7.79357e-01
7	0	22	1	1	3	4.84266e-01	-1.95590e-03	3.99786e-01
7	0	23	1	1	3	8.97714e-01	1.99860e-03	7.56300e-01
#######################################################################
# BFT U                                                               #
#######################################################################
110	0	0	0	2	3	7.38499e-03	-8.15666e-01	1.94320e+01
110	0	1	0	2	3	3.18437e-03	-5.10341e-01	1.40331e+01
110	0	2	0	2	3	3.29662e-03	-5.33774e-01	1.44419e+01
110	0	3	0	2	3	3.99731e-03	-5.75627e-01	1.41453e+01
110	0	4	0	2	3	4.02137e-03	-5.74328e-01	1.53521e+01
110	0	5	0	2	3	3.83514e-03	-5.45044e-01	1.49556e+01
110	0	6	0	2	3	3.41667e-03	-5.39457e-01	1.41302e+01
110	0	7	0	2	3	3.77313e-03	-5.48135e-01	1.48461e+01
110	0	8	0	2	3	3.35310e-03	-5.34897e-01	1.42750e+01
110	0	9	0	2	3	4.46519e-03	-6.04622e-01	1.68360e+01
110	0	10	0	2	3	3.50997e-03	-5.39982e-01	1.34552e+01
110	0	11	0	2	3	4.15162e-03	-5.77539e-01	1.62650e+01
110	0	12	0	2	3	2.99568e-03	-5.05084e-01	1.31507e+01
110	0	13	0	2	3	3.28281e-03	-5.13925e-01	1.50607e+01
110	0	14	0	2	3	4.03972e-03	-5.75703e-01	1.42145e+01
110	0	15	0	2	3	5.13744e-03	-6.50989e-01	1.75753e+01
110	0	16	0	2	3	4.05460e-03	-5.75336e-01	1.41190e+01
110	0	17	0	2	3	4.14203e-03	-5.71372e-01	1.56392e+01
110	0	18	0	2	3	3.60472e-03	-5.44996e-01	1.35122e+01
110	0	19	0	2	3	4.48061e-03	-6.09774e-01	1.45467e+01
110	0	20	0	2	3	4.24790e-03	-5.88423e-01	1.48082e+01
110	0	21	0	2	3	3.81489e-03	-5.54883e-01	1.67608e+01
110	0	22	0	2	3	4.07037e-03	-5.86648e-01	1.48386e+01
110	0	23	0	2	3	3.43706e-03	-5.23739e-01	1.49429e+01
110	0	24	0	2	3	4.45721e-03	-6.03019e-01	1.53540e+01
110	0	25	0	2	3	4.23362e-03	-5.74448e-01	1.62306e+01
110	0	26	0	2	3	3.83385e-03	-5.68333e-01	1.55174e+01
110	0	27	0	2	3	4.52965e-03	-5.94830e-01	1.59046e+01
110	0	28	0	2	3	4.01407e-03	-5.69951e-01	1.28985e+01
110	0	29	0	2	3	3.74167e-03	-5.36345e-01	1.44627e+01
110	0	30	0	2	3	3.95130e-03	-5.70885e-01	1.42836e+01
110	0	31	0	2	3	4.50150e-03	-6.01369e-01	1.62350e+01
110	0	32	0	2	3	4.13027e-03	-5.93301e-01	1.51254e+01
110	0	33	0	2	3	4.49642e-03	-5.81982e-01	1.40735e+01
110	0	34	0	2	3	3.93446e-03	-5.67912e-01	1.42581e+01
110	0	35	0	2	3	4.68836e-03	-6.25824e-01	1.67886e+01
110	0	36	0	2	3	3.65461e-03	-5.42797e-01	1.36997e+01
110	0	37	0	2	3	4.26745e-03	-5.92484e-01	1.71012e+01
110	0	38	0	2	3	3.80790e-03	-5.55969e-01	1.34514e+01
110	0	39	0	2	3	4.53048e-03	-6.02735e-01	1.59107e+01
110	0	40	0	2	3	3.91919e-03	-5.57522e-01	1.37558e+01
110	0	41	0	2	3	4.05005e-03	-5.67139e-01	1.63564e+01
110	0	42	0	2	3	4.39068e-03	-5.94417e-01	1.50106e+01
110	0	43	0	2	3	4.47634e-03	-6.12552e-01	1.69402e+01
110	0	44	0	2	3	3.92314e-03	-5.68979e-01	1.42422e+01
110	0	45	0	2	3	4.12336e-03	-5.65654e-01	1.57775e+01
110	0	46	0	2	3	4.28745e-03	-6.04563e-01	1.51420e+01
110	0	47	0	2	3	4.85954e-03	-6.38543e-01	1.83989e+01
110	0	48	0	2	3	3.79705e-03	-5.53261e-01	1.28795e+01
110	0	49	0	2	3	4.37070e-03	-5.92545e-01	1.68448e+01
110	0	50	0	2	3	4.47283e-03	-6.06492e-01	1.52709e+01
110	0	51	0	2	3	4.43005e-03	-5.98674e-01	1.58582e+01
110	0	52	0	2	3	3.73646e-03	-5.46908e-01	1.33140e+01
110	0	53	0	2	3	4.17147e-03	-5.74396e-01	1.52537e+01
110	0	54	0	2	3	4.62507e-03	-6.13746e-01	1.49239e+01
110	0	55	0	2	3	4.66493e-03	-6.19211e-01	1.71932e+01
110	0	56	0	2	3	3.84382e-03	-5.72664e-01	1.53407e+01
110	0	57	0	2	3	4.11441e-03	-5.74047e-01	1.59511e+01
110	0	58	0	2	3	4.07963e-03	-5.82419e-01	1.55520e+01
110	0	59	0	2	3	4.24937e-03	-6.00110e-01	1.68235e+01
110	0	60	0	2	3	3.93537e-03	-5.74460e-01	1.40103e+01
110	0	61	0	2	3	3.58086e-03	-5.34293e-01	1.49193e+01
110	0	62	0	2	3	4.85152e-03	-6.32452e-01	1.51987e+01
110	0	63	0	2	3	4.29684e-03	-5.93860e-01	1.50020e+01
110	0	64	0	2	3	3.97959e-03	-5.76955e-01	1.46516e+01
110	0	65	0	2	3	3.78823e-03	-5.55770e-01	1.53348e+01
110	0	66	0	2	3	4.52677e-03	-6.25370e-01	1.67607e+01
110	0	67	0	2	3	3.86909e-03	-5.63707e-01	1.56564e+01
110	0	68	0	2	3	3.83636e-03	-5.76907e-01	1.52532e+01
110	0	69	0	2	3	4.04427e-03	-5.70707e-01	1.50853e+01
110	0	70	0	2	3	4.59239e-03	-6.34264e-01	1.52351e+01
110	0	71	0	2	3	4.46789e-03	-6.08497e-01	1.62182e+01
110	0	72	0	2	3	3.87211e-03	-5.73483e-01	1.39505e+01
110	0	73	0	2	3	4.26499e-03	-5.94623e-01	1.53704e+01
110	0	74	0	2	3	4.68615e-03	-6.36348e-01	1.61258e+01
110	0	75	0	2	3	4.30149e-03	-5.91268e-01	1.55120e+01
110	0	76	0	2	3	3.62184e-03	-5.50258e-01	1.36103e+01
110	0	77	0	2	3	3.74409e-03	-5.55668e-01	1.52774e+01
110	0	78	0	2	3	4.40832e-03	-6.16219e-01	1.51203e+01
110	0	79	0	2	3	4.44565e-03	-6.02531e-01	1.56723e+01
110	0	80	0	2	3	4.14869e-03	-5.88248e-01	1.53323e+01
110	0	81	0	2	3	4.23847e-03	-5.79696e-01	1.52543e+01
110	0	82	0	2	3	4.46004e-03	-6.07186e-01	1.51580e+01
110	0	83	0	2	3	4.48733e-03	-6.08341e-01	1.56842e+01
110	0	84	0	2	3	3.73600e-03	-5.58759e-01	1.42692e+01
110	0	85	0	2	3	3.99476e-03	-5.68195e-01	1.54247e+01
110	0	86	0	2	3	4.53457e-03	-6.26228e-01	1.52674e+01
110	0	87	0	2	3	4.61926e-03	-6.27141e-01	1.68408e+01
110	0	88	0	2	3	3.89195e-03	-5.63199e-01	1.46520e+01
110	0	89	0	2	3	4.19745e-03	-5.84668e-01	1.52879e+01
110	0	90	0	2	3	4.32725e-03	-6.03264e-01	1.45757e+01
110	0	91	0	2	3	4.60317e-03	-6.23312e-01	1.56132e+01
110	0	92	0	2	3	3.98762e-03	-5.86731e-01	1.51444e+01
110	0	93	0	2	3	4.22837e-03	-5.85311e-01	1.50275e+01
110	0	94	0	2	3	4.65073e-03	-6.45441e-01	1.72336e+01
110	0	95	0	2	3	4.60407e-03	-6.24444e-01	1.65094e+01
110	0	96	0	2	3	3.91420e-03	-5.82144e-01	1.47235e+01
110	0	97	0	2	3	4.14669e-03	-5.83948e-01	1.58497e+01
110	0	98	0	2	3	4.03620e-03	-5.95626e-01	1.49908e+01
110	0	99	0	2	3	4.61877e-03	-6.13978e-01	1.59988e+01
110	0	100	0	2	3	3.86315e-03	-5.70698e-01	1.49812e+01
110	0	101	0	2	3	3.84470e-03	-5.63139e-01	1.53976e+01
110	0	102	0	2	3	4.71395e-03	-6.35618e-01	1.63813e+01
110	0	103	0	2	3	4.45700e-03	-6.13604e-01	1.59137e+01
110	0	104	0	2	3	4.10642e-03	-5.88963e-01	1.44245e+01
110	0	105	0	2	3	4.28016e-03	-5.90482e-01	1.52826e+01
110	0	106	0	2	3	4.68629e-03	-6.33486e-01	1.63104e+01
110	0	107	0	2	3	4.53223e-03	-6.07300e-01	1.50571e+01
110	0	108	0	2	3	3.85118e-03	-5.74389e-01	1.50395e+01
110	0	109	0	2	3	4.47827e-03	-6.06846e-01	1.54662e+01
110	0	110	0	2	3	4.12743e-03	-5.94299e-01	1.53866e+01
110	0	111	0	2	3	4.71105e-03	-6.34959e-01	1.61890e+01
110	0	112	0	2	3	4.20575e-03	-5.85580e-01	1.38213e+01
110	0	113	0	2	3	4.59319e-03	-6.13089e-01	1.55395e+01
110	0	114	0	2	3	4.40643e-03	-6.17457e-01	1.59872e+01
110	0	115	0	2	3	5.17355e-03	-6.54812e-01	1.62549e+01
110	0	116	0	2	3	3.80995e-03	-5.67199e-01	1.44413e+01
110	0	117	0	2	3	4.22702e-03	-5.91339e-01	1.62148e+01
110	0	118	0	2	3	4.53395e-03	-6.29375e-01	1.64040e+01
110	0	119	0	2	3	4.66679e-03	-6.10722e-01	1.44752e+01
110	0	120	0	2	3	4.45916e-03	-6.22328e-01	1.56620e+01
110	0	121	0	2	3	4.25659e-03	-5.90938e-01	1.38657e+01
110	0	122	0	2	3	4.29175e-03	-6.13768e-01	1.67645e+01
110	0	123	0	2	3	4.65275e-03	-6.22079e-01	1.60233e+01
110	0	124	0	2	3	3.96837e-03	-5.76261e-01	1.52916e+01
110	0	125	0	2	3	3.90955e-03	-5.58394e-01	1.25853e+01
110	0	126	0	2	3	3.94666e-03	-5.64137e-01	1.42417e+01
110	0	127	0	2	3	3.95194e-03	-5.70514e-01	1.48864e+01
110	0	128	0	2	3	3.70307e-03	-5.83452e-01	1.60299e+01
110	0	129	0	2	3	4.15127e-03	-6.10797e-01	1.61984e+01
110	0	130	0	2	3	3.67656e-03	-5.83233e-01	1.60736e+01
110	0	131	0	2	3	3.10203e-03	-5.11765e-01	1.41819e+01
110	0	132	0	2	3	2.03934e-03	-4.48405e-01	1.37588e+01
110	0	133	0	2	3	4.06774e-03	-5.85111e-01	1.56715e+01
110	0	134	0	2	3	3.63937e-03	-5.81987e-01	1.59168e+01
110	0	135	0	2	3	3.29723e-03	-5.38991e-01	1.42715e+01
110	0	136	0	2	3	4.58989e-03	-6.33616e-01	1.59325e+01
110	0	137	0	2	3	3.70551e-03	-5.81229e-01	1.63101e+01
110	0	138	0	2	3	4.35034e-03	-6.36038e-01	1.72125e+01
110	0	139	0	2	3	3.07214e-03	-5.22663e-01	1.35081e+01
110	0	140	0	2	3	-1.59124e-03	-1.71847e-01	8.58564e+00
110	0	141	0	2	3	3.45303e-03	-5.46168e-01	1.41443e+01
110	0	142	0	2	3	3.34009e-03	-5.51918e-01	1.51470e+01
110	0	143	0	2	3	1.57273e-03	-4.27475e-01	1.27790e+01
110	0	144	0	2	3	2.47449e-03	-4.79375e-01	1.29535e+01
110	0	145	0	2	3	3.48427e-03	-5.43511e-01	1.38693e+01
110	0	146	0	2	3	2.72831e-04	-3.22706e-01	1.08847e+01
110	0	147	0	2	3	3.34727e-03	-5.46796e-01	1.54015e+01
110	0	148	0	2	3	3.71569e-03	-5.77144e-01	1.50358e+01
110	0	149	0	2	3	-1.41183e-03	-1.75439e-01	8.08657e+00
110	0	150	0	2	3	-6.82289e-03	2.06006e-01	1.59019e+00
110	0	151	0	2	3	4.29658e-03	-6.13551e-01	1.61959e+01
110	0	152	0	2	3	1.70993e-03	-4.47102e-01	1.42519e+01
110	0	153	0	2	3	4.46446e-03	-6.37052e-01	1.70220e+01
110	0	154	0	2	3	2.39904e-03	-4.73841e-01	1.31639e+01
110	0	155	0	2	3	4.17686e-03	-5.98785e-01	1.43542e+01
110	0	156	0	2	3	-1.82493e-03	-1.50795e-01	7.71371e+00
110	0	157	0	2	3	4.95044e-03	-6.64879e-01	1.75295e+01
110	0	158	0	2	3	-2.19052e-03	-1.30970e-01	7.01199e+00
110	0	159	0	2	3	1.65716e-03	-4.18350e-01	1.25414e+01
#######################################################################
# BFT D                                                               #
#######################################################################
110	1	0	0	2	3	4.15691e-03	-5.98967e-01	1.73314e+01
110	1	1	0	2	3	2.98904e-03	-4.94101e-01	1.46509e+01
110	1	2	0	2	3	4.42666e-03	-6.15355e-01	1.66315e+01
110	1	3	0	2	3	3.47917e-03	-5.40713e-01	1.61673e+01
110	1	4	0	2	3	3.59477e-03	-5.50078e-01	1.53756e+01
110	1	5	0	2	3	4.07194e-03	-5.90987e-01	1.72943e+01
110	1	6	0	2	3	4.14245e-03	-5.92619e-01	1.50351e+01
110	1	7	0	2	3	3.32405e-03	-5.22348e-01	1.52482e+01
110	1	8	0	2	3	3.39565e-03	-5.40858e-01	1.56411e+01
110	1	9	0	2	3	2.04926e-03	-4.37897e-01	1.52203e+01
110	1	10	0	2	3	3.12550e-03	-5.25033e-01	1.51702e+01
110	1	11	0	2	3	4.20101e-03	-5.97077e-01	1.66192e+01
110	1	12	0	2	3	3.41768e-03	-5.39036e-01	1.45818e+01
110	1	13	0	2	3	1.83282e-03	-4.24832e-01	1.42599e+01
110	1	14	0	2	3	3.79397e-03	-5.79495e-01	1.53330e+01
110	1	15	0	2	3	3.72967e-03	-5.50268e-01	1.61804e+01
110	1	16	0	2	3	4.00471e-03	-5.81195e-01	1.54385e+01
110	1	17	0	2	3	3.58161e-03	-5.44004e-01	1.54031e+01
110	1	18	0	2	3	4.77820e-03	-6.35433e-01	1.57545e+01
110	1	19	0	2	3	4.07392e-03	-5.80672e-01	1.64365e+01
110	1	20	0	2	3	3.28370e-03	-5.42339e-01	1.52914e+01
110	1	21	0	2	3	2.37835e-03	-4.65142e-01	1.54892e+01
110	1	22	0	2	3	4.33095e-03	-6.02988e-01	1.57720e+01
110	1	23	0	2	3	4.06612e-03	-5.72899e-01	1.64035e+01
110	1	24	0	2	3	4.17580e-03	-5.92646e-01	1.65433e+01
110	1	25	0	2	3	3.46440e-03	-5.36958e-01	1.60135e+01
110	1	26	0	2	3	3.84944e-03	-5.74265e-01	1.51601e+01
110	1	27	0	2	3	4.50236e-03	-6.09085e-01	1.79426e+01
110	1	28	0	2	3	3.41576e-03	-5.46034e-01	1.57176e+01
110	1	29	0	2	3	3.07949e-03	-5.12215e-01	1.57956e+01
110	1	30	0	2	3	4.07862e-03	-5.87724e-01	1.56392e+01
110	1	31	0	2	3	4.60051e-03	-6.28173e-01	1.80165e+01
110	1	32	0	2	3	3.63565e-03	-5.55644e-01	1.62721e+01
110	1	33	0	2	3	3.51279e-03	-5.48384e-01	1.53822e+01
110	1	34	0	2	3	4.28084e-03	-5.95978e-01	1.52852e+01
110	1	35	0	2	3	4.28109e-03	-6.07181e-01	1.76080e+01
110	1	36	0	2	3	3.56473e-03	-5.45212e-01	1.56445e+01
110	1	37	0	2	3	3.39211e-03	-5.28366e-01	1.41495e+01
110	1	38	0	2	3	4.09855e-03	-5.90960e-01	1.67488e+01
110	1	39	0	2	3	4.11720e-03	-5.82675e-01	1.61376e+01
110	1	40	0	2	3	3.93775e-03	-5.70314e-01	1.49153e+01
110	1	41	0	2	3	3.72609e-03	-5.52239e-01	1.59724e+01
110	1	42	0	2	3	3.93846e-03	-5.68071e-01	1.53752e+01
110	1	43	0	2	3	4.32002e-03	-5.98348e-01	1.76190e+01
110	1	44	0	2	3	3.89590e-03	-5.74348e-01	1.51743e+01
110	1	45	0	2	3	3.79365e-03	-5.60370e-01	1.63874e+01
110	1	46	0	2	3	4.35642e-03	-6.10406e-01	1.58153e+01
110	1	47	0	2	3	4.33112e-03	-6.20037e-01	1.84786e+01
110	1	48	0	2	3	3.82438e-03	-5.64334e-01	1.56354e+01
110	1	49	0	2	3	3.33379e-03	-5.21993e-01	1.58993e+01
110	1	50	0	2	3	4.26403e-03	-6.00414e-01	1.52864e+01
110	1	51	0	2	3	4.05631e-03	-5.79328e-01	1.66301e+01
110	1	52	0	2	3	4.18238e-03	-6.00988e-01	1.55868e+01
110	1	53	0	2	3	3.68104e-03	-5.51479e-01	1.64160e+01
110	1	54	0	2	3	4.23008e-03	-6.04086e-01	1.65919e+01
110	1	55	0	2	3	3.91922e-03	-5.72485e-01	1.66694e+01
110	1	56	0	2	3	4.13622e-03	-6.04410e-01	1.57582e+01
110	1	57	0	2	3	4.03202e-03	-5.82646e-01	1.65878e+01
110	1	58	0	2	3	3.91053e-03	-5.86707e-01	1.72959e+01
110	1	59	0	2	3	4.35441e-03	-6.16014e-01	1.85183e+01
110	1	60	0	2	3	3.79322e-03	-5.70295e-01	1.58032e+01
110	1	61	0	2	3	4.21078e-03	-5.83939e-01	1.61021e+01
110	1	62	0	2	3	3.79353e-03	-5.67854e-01	1.47234e+01
110	1	63	0	2	3	4.19933e-03	-5.94466e-01	1.70949e+01
110	1	64	0	2	3	3.92444e-03	-5.82415e-01	1.64143e+01
110	1	65	0	2	3	4.22519e-03	-5.94629e-01	1.63721e+01
110	1	66	0	2	3	4.52932e-03	-6.31565e-01	1.60173e+01
110	1	67	0	2	3	4.58687e-03	-6.23114e-01	1.59912e+01
110	1	68	0	2	3	3.47864e-03	-5.38232e-01	1.39592e+01
110	1	69	0	2	3	3.99658e-03	-5.78372e-01	1.61689e+01
110	1	70	0	2	3	4.33623e-03	-6.08119e-01	1.65952e+01
110	1	71	0	2	3	4.28358e-03	-6.09447e-01	1.70305e+01
110	1	72	0	2	3	3.84188e-03	-5.69089e-01	1.54099e+01
110	1	73	0	2	3	3.98079e-03	-5.83786e-01	1.70233e+01
110	1	74	0	2	3	4.02388e-03	-5.84307e-01	1.48654e+01
110	1	75	0	2	3	4.22714e-03	-6.02522e-01	1.62917e+01
110	1	76	0	2	3	3.69570e-03	-5.59998e-01	1.51097e+01
110	1	77	0	2	3	3.92865e-03	-5.80488e-01	1.59024e+01
110	1	78	0	2	3	4.29863e-03	-6.06991e-01	1.52704e+01
110	1	79	0	2	3	4.44182e-03	-6.11613e-01	1.62977e+01
110	1	80	0	2	3	4.10215e-03	-5.83305e-01	1.53103e+01
110	1	81	0	2	3	4.01485e-03	-5.77025e-01	1.49618e+01
110	1	82	0	2	3	4.42536e-03	-6.12252e-01	1.67937e+01
110	1	83	0	2	3	4.19993e-03	-5.86141e-01	1.54622e+01
110	1	84	0	2	3	3.61988e-03	-5.44397e-01	1.41444e+01
110	1	85	0	2	3	3.76352e-03	-5.60550e-01	1.49769e+01
110	1	86	0	2	3	4.03987e-03	-5.87959e-01	1.61738e+01
110	1	87	0	2	3	4.55328e-03	-6.06960e-01	1.44362e+01
110	1	88	0	2	3	3.85244e-03	-5.73028e-01	1.56686e+01
110	1	89	0	2	3	3.84656e-03	-5.69916e-01	1.48165e+01
110	1	90	0	2	3	4.02953e-03	-5.84841e-01	1.49824e+01
110	1	91	0	2	3	4.07369e-03	-5.82069e-01	1.58692e+01
110	1	92	0	2	3	4.01610e-03	-5.76100e-01	1.51858e+01
110	1	93	0	2	3	3.86120e-03	-5.69713e-01	1.53573e+01
110	1	94	0	2	3	3.92240e-03	-5.82555e-01	1.61805e+01
110	1	95	0	2	3	4.27281e-03	-6.03530e-01	1.56375e+01
110	1	96	0	2	3	3.65923e-03	-5.53575e-01	1.45088e+01
110	1	97	0	2	3	3.77365e-03	-5.63199e-01	1.56560e+01
110	1	98	0	2	3	4.40180e-03	-6.26645e-01	1.72230e+01
110	1	99	0	2	3	4.00542e-03	-5.81631e-01	1.53242e+01
110	1	100	0	2	3	3.76799e-03	-5.50677e-01	1.49109e+01
110	1	101	0	2	3	4.05195e-03	-5.80361e-01	1.57751e+01
110	1	102	0	2	3	4.60530e-03	-6.34145e-01	1.64907e+01
110	1	103	0	2	3	4.38119e-03	-6.04678e-01	1.55604e+01
110	1	104	0	2	3	4.08671e-03	-5.87972e-01	1.56762e+01
110	1	105	0	2	3	3.72128e-03	-5.59568e-01	1.52242e+01
110	1	106	0	2	3	4.63968e-03	-6.34073e-01	1.72760e+01
110	1	107	0	2	3	4.67328e-03	-6.26557e-01	1.61218e+01
110	1	108	0	2	3	3.61677e-03	-5.55674e-01	1.58462e+01
110	1	109	0	2	3	3.82223e-03	-5.67389e-01	1.58793e+01
110	1	110	0	2	3	5.06032e-03	-6.60986e-01	1.69019e+01
110	1	111	0	2	3	3.96245e-03	-5.84812e-01	1.67453e+01
110	1	112	0	2	3	4.08042e-03	-5.89192e-01	1.55117e+01
110	1	113	0	2	3	3.70890e-03	-5.59023e-01	1.52822e+01
110	1	114	0	2	3	4.50216e-03	-6.25124e-01	1.59512e+01
110	1	115	0	2	3	4.47441e-03	-6.16820e-01	1.60296e+01
110	1	116	0	2	3	4.11568e-03	-5.90866e-01	1.56583e+01
110	1	117	0	2	3	4.13409e-03	-5.90594e-01	1.57930e+01
110	1	118	0	2	3	4.09844e-03	-5.90340e-01	1.47868e+01
110	1	119	0	2	3	4.00938e-03	-5.79898e-01	1.57109e+01
110	1	120	0	2	3	3.51037e-03	-5.51069e-01	1.47705e+01
110	1	121	0	2	3	3.09439e-03	-5.16783e-01	1.43228e+01
110	1	122	0	2	3	5.57871e-03	-7.15689e-01	1.92691e+01
110	1	123	0	2	3	3.92566e-03	-5.84807e-01	1.70672e+01
110	1	124	0	2	3	4.28264e-03	-5.96786e-01	1.50993e+01
110	1	125	0	2	3	3.40437e-03	-5.41188e-01	1.50693e+01
110	1	126	0	2	3	4.66003e-03	-6.28349e-01	1.63384e+01
110	1	127	0	2	3	3.54512e-03	-5.47976e-01	1.49440e+01
110	1	128	0	2	3	5.08899e-03	-6.83069e-01	1.80910e+01
110	1	129	0	2	3	5.05487e-03	-6.80797e-01	1.80040e+01
110	1	130	0	2	3	3.40774e-03	-5.52177e-01	1.46823e+01
110	1	131	0	2	3	3.16493e-03	-5.27276e-01	1.46286e+01
110	1	132	0	2	3	5.29514e-03	-6.98942e-01	1.85552e+01
110	1	133	0	2	3	3.94517e-03	-5.79145e-01	1.52687e+01
110	1	134	0	2	3	4.25817e-03	-6.29876e-01	1.73073e+01
110	1	135	0	2	3	3.98747e-03	-5.87019e-01	1.59170e+01
110	1	136	0	2	3	6.02919e-03	-7.41646e-01	1.92652e+01
110	1	137	0	2	3	3.80661e-03	-5.78551e-01	1.58680e+01
110	1	138	0	2	3	3.94092e-03	-5.94631e-01	1.60333e+01
110	1	139	0	2	3	4.16935e-03	-5.88532e-01	1.59176e+01
110	1	140	0	2	3	2.23120e-03	-4.62909e-01	1.33352e+01
110	1	141	0	2	3	3.99048e-03	-5.88979e-01	1.54448e+01
110	1	142	0	2	3	4.22836e-03	-6.25114e-01	1.63514e+01
110	1	143	0	2	3	2.88703e-03	-5.02872e-01	1.46370e+01
110	1	144	0	2	3	4.00346e-03	-5.99731e-01	1.71235e+01
110	1	145	0	2	3	3.43388e-03	-5.34917e-01	1.46504e+01
110	1	146	0	2	3	2.89511e-03	-5.07045e-01	1.40711e+01
110	1	147	0	2	3	2.99182e-03	-5.14595e-01	1.35714e+01
110	1	148	0	2	3	4.62515e-03	-6.47748e-01	1.64459e+01
110	1	149	0	2	3	1.99225e-03	-4.30524e-01	1.32456e+01
110	1	150	0	2	3	2.97812e-03	-5.06508e-01	1.45866e+01
110	1	151	0	2	3	3.83698e-03	-5.92089e-01	1.60461e+01
110	1	152	0	2	3	3.14215e-03	-5.26151e-01	1.55023e+01
110	1	153	0	2	3	-5.74128e-03	1.54585e-01	2.66514e+00
110	1	154	0	2	3	1.59840e-03	-4.21992e-01	1.32341e+01
110	1	155	0	2	3	5.88577e-03	-7.20876e-01	1.69238e+01
110	1	156	0	2	3	6.38709e-03	-7.67273e-01	1.92279e+01
110	1	157	0	2	3	3.01430e-03	-5.10841e-01	1.51362e+01
110	1	158	0	2	3	3.31014e-03	-5.55407e-01	1.62517e+01
110	1	159	0	2	3	-7.57005e-03	2.41089e-01	2.19714e+00
