##
#  file: HodoPHCParam_Dummy
#  date: 2016.06.15
#  note: first version
#
#
#######################################################################
# CId	PlId	Seg	UorD	Type	nParam	p0	p1	...
#
#	Type=0 no correction will be performed
#	Type=1 ct=t-p[0]/sqrt(a-p[1])+p[2]
#	Type=2 ct=p[0]*a*a + p[1]*a + p[2] for Fiber
#
#######################################################################
# BH1 Up                                                              #
#######################################################################
1	0	0	0	1	3	9.72882e+01	-2.42381e+01	1.93388e+01
1	0	1	0	1	3	8.39811e-01	2.30870e-01	9.07677e-01
1	0	2	0	1	3	7.96271e-01	2.02772e-01	8.76313e-01
1	0	3	0	1	3	1.24269e+00	-1.47574e-01	1.19840e+00
1	0	4	0	1	3	1.09931e+00	-7.72769e-02	1.08260e+00
1	0	5	0	1	3	1.05845e+00	1.40683e-01	1.18835e+00
1	0	6	0	1	3	1.24845e+00	-7.32092e-02	1.22011e+00
1	0	7	0	1	3	1.38494e+00	-1.69323e-01	1.29113e+00
1	0	8	0	1	3	1.12943e+00	-1.85789e-01	1.05048e+00
1	0	9	0	1	3	1.39270e+00	-1.82072e-01	1.30041e+00
1	0	10	0	1	3	1.71493e+02	-3.15885e+01	3.00372e+01
#######################################################################
# BH1 Down                                                            #
#######################################################################
1	0	0	1	1	3	1.69589e+00	-2.63702e-01	1.46458e+00
1	0	1	1	1	3	6.65147e-01	3.06785e-01	7.74182e-01
1	0	2	1	1	3	1.69164e+00	-4.50471e-01	1.36238e+00
1	0	3	1	1	3	7.14482e+01	-2.23619e+01	1.47724e+01
1	0	4	1	1	3	1.42431e+00	-1.84323e-01	1.31423e+00
1	0	5	1	1	3	1.48351e+00	-1.17877e-01	1.40777e+00
1	0	6	1	1	3	1.64799e+00	-3.01989e-01	1.48452e+00
1	0	7	1	1	3	1.48685e+00	-1.75507e-01	1.38619e+00
1	0	8	1	1	3	5.71792e-01	2.68423e-01	6.99614e-01
1	0	9	1	1	3	1.07020e+00	4.47097e-02	1.11772e+00
1	0	10	1	1	3	5.19525e-01	3.65790e-01	6.45791e-01
#######################################################################
# BH2 Up                                                              #
#######################################################################
2	0	0	0	1	3	1.12115e-01	3.35357e-01	1.33957e-01
2	0	1	0	1	3	4.23202e-01	6.01088e-02	4.32756e-01
2	0	2	0	1	3	4.01076e-01	4.56070e-02	4.03148e-01
2	0	3	0	1	3	3.85284e-01	5.67440e-02	3.98101e-01
2	0	4	0	1	3	2.66200e-01	1.48660e-01	2.92941e-01
2	0	5	0	1	3	1.66891e-01	2.88043e-01	2.06447e-01
2	0	6	0	1	3	1.71542e-01	2.55850e-01	2.12138e-01
2	0	7	0	1	3	1.96083e-01	2.29490e-01	2.30246e-01
#######################################################################
# BH2 Down                                                            #
#######################################################################
2	0	0	1	1	3	1.86082e-01	2.04597e-01	2.06299e-01
2	0	1	1	1	3	3.69447e-01	6.07075e-02	3.67987e-01
2	0	2	1	1	3	4.36704e-01	5.29092e-03	4.17610e-01
2	0	3	1	1	3	5.05110e-01	-2.36197e-01	4.33924e-01
2	0	4	1	1	3	3.34198e-01	6.07922e-02	3.30964e-01
2	0	5	1	1	3	2.71316e-01	1.29618e-01	2.74971e-01
2	0	6	1	1	3	4.51400e-01	-3.05140e-02	4.20447e-01
2	0	7	1	1	3	2.11967e-01	8.42464e-02	2.22906e-01
#######################################################################
# BAC                                                                 #
#######################################################################
3	0	0	0	1	3	0.00000e+00	0.00000e+00	0.00000e+00
3	0	1	0	1	3	0.00000e+00	0.00000e+00	0.00000e+00
#######################################################################
# FBH Up                                                              #
#######################################################################
4	0	0	0	2	3	-5.62952e-03	8.96903e-01	-3.53273e+01
4	0	1	0	2	3	-4.29399e-03	7.37975e-01	-3.00049e+01
4	0	2	0	2	3	-5.26894e-03	8.67305e-01	-3.38992e+01
4	0	3	0	2	3	-3.80183e-03	6.69237e-01	-2.72260e+01
4	0	4	0	2	3	-4.35014e-03	7.35785e-01	-2.92008e+01
4	0	5	0	2	3	-4.02541e-03	6.86907e-01	-2.70312e+01
4	0	6	0	2	3	-4.16660e-03	7.08229e-01	-2.81512e+01
4	0	7	0	2	3	-3.93117e-03	6.84759e-01	-2.69101e+01
4	0	8	0	2	3	-4.14423e-03	6.96902e-01	-2.65883e+01
4	0	9	0	2	3	-2.83372e-03	5.62925e-01	-2.20787e+01
4	0	10	0	2	3	-4.07944e-03	7.09420e-01	-2.75603e+01
4	0	11	0	2	3	-3.50961e-03	6.50113e-01	-2.64167e+01
4	0	12	0	2	3	-3.52415e-03	6.49734e-01	-2.67232e+01
4	0	13	0	2	3	-4.13420e-03	7.26957e-01	-2.99675e+01
4	0	14	0	2	3	-4.90315e-03	8.27563e-01	-3.35630e+01
4	0	15	0	2	3	-4.73048e-03	8.13189e-01	-3.31901e+01
#######################################################################
# FBH Down                                                            #
#######################################################################
4	0	0	1	2	3	-5.62952e-03	8.96903e-01	-3.53273e+01
4	0	1	1	2	3	-4.29399e-03	7.37975e-01	-3.00049e+01
4	0	2	1	2	3	-5.26894e-03	8.67305e-01	-3.38992e+01
4	0	3	1	2	3	-3.80183e-03	6.69237e-01	-2.72260e+01
4	0	4	1	2	3	-4.35014e-03	7.35785e-01	-2.92008e+01
4	0	5	1	2	3	-4.02541e-03	6.86907e-01	-2.70312e+01
4	0	6	1	2	3	-4.16660e-03	7.08229e-01	-2.81512e+01
4	0	7	1	2	3	-3.93117e-03	6.84759e-01	-2.69101e+01
4	0	8	1	2	3	-4.14423e-03	6.96902e-01	-2.65883e+01
4	0	9	1	2	3	-2.83372e-03	5.62925e-01	-2.20787e+01
4	0	10	1	2	3	-4.07944e-03	7.09420e-01	-2.75603e+01
4	0	11	1	2	3	-3.50961e-03	6.50113e-01	-2.64167e+01
4	0	12	1	2	3	-3.52415e-03	6.49734e-01	-2.67232e+01
4	0	13	1	2	3	-4.13420e-03	7.26957e-01	-2.99675e+01
4	0	14	1	2	3	-4.90315e-03	8.27563e-01	-3.35630e+01
4	0	15	1	2	3	-4.73048e-03	8.13189e-01	-3.31901e+01
#######################################################################
# PVAC                                                                #
#######################################################################
5	0	0	0	1	3	0.00000e+00	0.00000e+00	0.00000e+00
#######################################################################
# FAC                                                                 #
#######################################################################
6	0	0	0	1	3	0.00000e+00	0.00000e+00	0.00000e+00
#######################################################################
# SCH                                                                 #
#######################################################################
#7	0	0	0	2	3	-0.00500000	0.821213	-32.185321
#7	0	1	0	2	3	-0.00500000	0.830248	-32.269563
#7	0	2	0	2	3	-0.00500000	0.793073	-29.315934
#7	0	3	0	2	3	-0.00500000	0.772144	-28.276705
#7	0	4	0	2	3	-0.00500000	0.801968	-30.687167
#7	0	5	0	2	3	-0.00500000	0.778300	-28.439251
#7	0	6	0	2	3	-0.00500000	0.765872	-27.918181
#7	0	7	0	2	3	-0.00500000	0.738459	-26.016797
#7	0	8	0	2	3	-0.00500000	0.778318	-28.676371
#7	0	9	0	2	3	-0.00500000	0.776670	-28.892887
#7	0	10	0	2	3	-0.00500000	0.764278	-28.122474
#7	0	11	0	2	3	-0.00500000	0.790742	-29.423647
#7	0	12	0	2	3	-0.00500000	0.811330	-30.487019
#7	0	13	0	2	3	-0.00500000	0.818750	-30.891512
#7	0	14	0	2	3	-0.00500000	0.802541	-30.009136
#7	0	15	0	2	3	-0.00500000	0.809525	-30.751746
#7	0	16	0	2	3	-0.00500000	0.802597	-30.845509
#7	0	17	0	2	3	-0.00500000	0.835028	-32.780792
#7	0	18	0	2	3	-0.00500000	0.859176	-33.938731
#7	0	19	0	2	3	-0.00500000	0.814851	-31.445396
#7	0	20	0	2	3	-0.00500000	0.809426	-30.781087
#7	0	21	0	2	3	-0.00500000	0.780678	-28.888756
#7	0	22	0	2	3	-0.00500000	0.808206	-30.719604
#7	0	23	0	2	3	-0.00500000	0.774024	-27.858339
#7	0	24	0	2	3	-0.00500000	0.794308	-29.022101
#7	0	25	0	2	3	-0.00500000	0.775649	-27.980186
#7	0	26	0	2	3	-0.00500000	0.788483	-28.687567
#7	0	27	0	2	3	-0.00466315	0.771386	-29.253260
#7	0	28	0	2	3	-0.00483132	0.790854	-28.637741
#7	0	29	0	2	3	-0.00497049	0.812994	-30.786914
#7	0	30	0	2	3	-0.00500000	0.787793	-28.362716
#7	0	31	0	2	3	-0.00500000	0.790759	-28.876812
#7	0	32	0	2	3	-0.00500000	0.824826	-31.655285
#7	0	33	0	2	3	-0.00500000	0.845304	-33.407765
#7	0	34	0	2	3	-0.00500000	0.832263	-32.939799
#7	0	35	0	2	3	-0.00500000	0.820631	-31.695372
#7	0	36	0	2	3	-0.00500000	0.836997	-33.200590
#7	0	37	0	2	3	-0.00500000	0.819690	-32.097193
#7	0	38	0	2	3	-0.00500000	0.808109	-31.263214
#7	0	39	0	2	3	-0.00500000	0.815224	-31.135523
#7	0	40	0	2	3	-0.00500000	0.803398	-29.897923
#7	0	41	0	2	3	-0.00500000	0.815685	-31.165519
#7	0	42	0	2	3	-0.00500000	0.812980	-30.737261
#7	0	43	0	2	3	-0.00500000	0.829418	-32.693307
#7	0	44	0	2	3	-0.00500000	0.789530	-29.464920
#7	0	45	0	2	3	-0.00500000	0.804789	-31.208151
#7	0	46	0	2	3	-0.00500000	0.830106	-32.806514
#7	0	47	0	2	3	-0.00500000	0.819206	-31.373242
#7	0	48	0	2	3	-0.00500000	0.816165	-31.709319
#7	0	49	0	2	3	-0.00500000	0.798496	-30.201709
#7	0	50	0	2	3	-0.00500000	0.812167	-31.795745
#7	0	51	0	2	3	-0.00500000	0.810749	-31.375226
#7	0	52	0	2	3	-0.00500000	0.803385	-31.372512
#7	0	53	0	2	3	-0.00500000	0.777405	-29.262831
#7	0	54	0	2	3	-0.00500000	0.783954	-29.763410
#7	0	55	0	2	3	-0.00500000	0.789443	-29.976449
#7	0	56	0	2	3	-0.00500000	0.838828	-33.261086
#7	0	57	0	2	3	-0.00500000	0.804421	-30.573195
#7	0	58	0	2	3	-0.00500000	0.773283	-29.111048
#7	0	59	0	2	3	-0.00500000	0.811789	-31.449459
#7	0	60	0	2	3	-0.00500000	0.759724	-28.110014
#7	0	61	0	2	3	-0.00500000	0.810884	-31.379063
#7	0	62	0	2	3	-0.00500000	0.771910	-28.435006
#7	0	63	0	2	3	-0.00500000	0.796658	-30.511906
#######################################################################
# TOF Up                                                              #
#######################################################################
7	0	0	0	1	3	5.24830e+00	-1.96630e+00	2.96170e+00
7	0	1	0	1	3	5.24830e+00	-1.96630e+00	2.96170e+00
7	0	2	0	1	3	5.24830e+00	-1.96630e+00	2.96170e+00
7	0	3	0	1	3	5.24830e+00	-1.96630e+00	2.96170e+00
7	0	4	0	1	3	5.24830e+00	-1.96630e+00	2.96170e+00
7	0	5	0	1	3	5.24830e+00	-1.96630e+00	2.96170e+00
7	0	6	0	1	3	6.97090e+00	-3.03520e+00	3.39910e+00
7	0	7	0	1	3	4.05450e+00	-1.96150e+00	2.30360e+00
7	0	8	0	1	3	1.16940e+02	-2.98600e+01	2.09880e+01
7	0	9	0	1	3	5.24830e+00	-1.96630e+00	2.96170e+00
7	0	10	0	1	3	5.24830e+00	-1.96630e+00	2.96170e+00
7	0	11	0	1	3	5.24830e+00	-1.96630e+00	2.96170e+00
7	0	12	0	1	3	5.24830e+00	-1.96630e+00	2.96170e+00
7	0	13	0	1	3	5.24830e+00	-1.96630e+00	2.96170e+00
7	0	14	0	1	3	5.24830e+00	-1.96630e+00	2.96170e+00
7	0	15	0	1	3	5.24830e+00	-1.96630e+00	2.96170e+00
7	0	16	0	1	3	5.24830e+00	-1.96630e+00	2.96170e+00
7	0	17	0	1	3	5.24830e+00	-1.96630e+00	2.96170e+00
7	0	18	0	1	3	5.24830e+00	-1.96630e+00	2.96170e+00
7	0	19	0	1	3	7.11491e-01	1.85180e-03	5.82402e-01
7	0	20	0	1	3	5.59404e-01	-1.73810e-03	4.50716e-01
7	0	21	0	1	3	8.92499e-01	1.99900e-03	7.37364e-01
7	0	22	0	1	3	6.37553e-01	1.99960e-03	5.45449e-01
7	0	23	0	1	3	1.19210e+00	1.98920e-03	9.99994e-01
#######################################################################
# TOF Down                                                            #
#######################################################################
7	0	0	1	1	3	5.84300e+00	-2.30730e+00	3.11320e+00
7	0	1	1	1	3	5.84300e+00	-2.30730e+00	3.11320e+00
7	0	2	1	1	3	5.84300e+00	-2.30730e+00	3.11320e+00
7	0	3	1	1	3	5.84300e+00	-2.30730e+00	3.11320e+00
7	0	4	1	1	3	5.84300e+00	-2.30730e+00	3.11320e+00
7	0	5	1	1	3	5.84300e+00	-2.30730e+00	3.11320e+00
7	0	6	1	1	3	1.41330e+01	-5.81170e+00	5.32680e+00
7	0	7	1	1	3	7.84850e+01	-2.02870e+01	1.69500e+01
7	0	8	1	1	3	2.20240e+02	-3.62440e+01	3.60080e+01
7	0	9	1	1	3	5.84300e+00	-2.30730e+00	3.11320e+00
7	0	10	1	1	3	5.84300e+00	-2.30730e+00	3.11320e+00
7	0	11	1	1	3	5.84300e+00	-2.30730e+00	3.11320e+00
7	0	12	1	1	3	5.84300e+00	-2.30730e+00	3.11320e+00
7	0	13	1	1	3	5.84300e+00	-2.30730e+00	3.11320e+00
7	0	14	1	1	3	5.84300e+00	-2.30730e+00	3.11320e+00
7	0	15	1	1	3	5.84300e+00	-2.30730e+00	3.11320e+00
7	0	16	1	1	3	5.84300e+00	-2.30730e+00	3.11320e+00
7	0	17	1	1	3	5.84300e+00	-2.30730e+00	3.11320e+00
7	0	18	1	1	3	5.84300e+00	-2.30730e+00	3.11320e+00
7	0	19	1	1	3	6.18741e-01	1.99860e-03	4.90831e-01
7	0	20	1	1	3	5.75901e-01	1.04210e-03	4.72509e-01
7	0	21	1	1	3	9.41046e-01	1.99890e-03	7.79357e-01
7	0	22	1	1	3	4.84266e-01	-1.95590e-03	3.99786e-01
7	0	23	1	1	3	8.97714e-01	1.99860e-03	7.56300e-01
#######################################################################
# BFT U                                                               #
#######################################################################
110	0	0	0	2	3	-2.29000e-03	-9.18367e-02	7.49974e+00
110	0	1	0	2	3	-8.02018e-03	3.80882e-01	-1.30881e+00
110	0	2	0	2	3	9.93239e-04	-3.36404e-01	1.19168e+01
110	0	3	0	2	3	7.15445e-04	-2.46968e-01	7.91242e+00
110	0	4	0	2	3	-8.60475e-03	4.27554e-01	-2.72101e+00
110	0	5	0	2	3	1.83214e-03	-3.87015e-01	1.27978e+01
110	0	6	0	2	3	1.98745e-03	-4.47381e-01	1.45561e+01
110	0	7	0	2	3	-7.06271e-03	2.24246e-01	2.33709e+00
110	0	8	0	2	3	4.34981e-03	-6.14349e-01	1.77202e+01
110	0	9	0	2	3	-7.71949e-03	3.20642e-01	3.46028e-01
110	0	10	0	2	3	4.91631e-03	-6.38607e-01	1.70033e+01
110	0	11	0	2	3	2.52257e-03	-4.65080e-01	1.41883e+01
110	0	12	0	2	3	3.69102e-03	-5.57907e-01	1.49264e+01
110	0	13	0	2	3	-4.37502e-03	6.17150e-02	5.24526e+00
110	0	14	0	2	3	3.06884e-03	-5.05792e-01	1.47999e+01
110	0	15	0	2	3	4.40939e-03	-6.04311e-01	1.76426e+01
110	0	16	0	2	3	4.65740e-03	-6.18806e-01	1.65770e+01
110	0	17	0	2	3	3.81736e-03	-5.54549e-01	1.61741e+01
110	0	18	0	2	3	3.69392e-03	-5.67433e-01	1.59594e+01
110	0	19	0	2	3	5.01234e-03	-6.35013e-01	1.55146e+01
110	0	20	0	2	3	3.03952e-03	-5.01751e-01	1.49926e+01
110	0	21	0	2	3	3.27116e-03	-5.11275e-01	1.56173e+01
110	0	22	0	2	3	3.95169e-03	-5.76578e-01	1.63196e+01
110	0	23	0	2	3	2.13124e-03	-4.27048e-01	1.39525e+01
110	0	24	0	2	3	3.70740e-03	-5.54112e-01	1.53036e+01
110	0	25	0	2	3	4.48294e-03	-6.01189e-01	1.66029e+01
110	0	26	0	2	3	3.78550e-03	-5.63214e-01	1.61444e+01
110	0	27	0	2	3	4.15601e-03	-5.83587e-01	1.58184e+01
110	0	28	0	2	3	3.87187e-03	-5.58267e-01	1.44099e+01
110	0	29	0	2	3	3.97702e-03	-5.60573e-01	1.58290e+01
110	0	30	0	2	3	4.92679e-03	-6.40898e-01	1.72818e+01
110	0	31	0	2	3	4.14243e-03	-5.80200e-01	1.67214e+01
110	0	32	0	2	3	3.72783e-03	-5.60407e-01	1.62372e+01
110	0	33	0	2	3	4.12902e-03	-5.56603e-01	1.34490e+01
110	0	34	0	2	3	3.39058e-03	-5.28251e-01	1.53111e+01
110	0	35	0	2	3	3.68218e-03	-5.60933e-01	1.66111e+01
110	0	36	0	2	3	3.62161e-03	-5.37958e-01	1.43007e+01
110	0	37	0	2	3	4.02413e-03	-5.70994e-01	1.74242e+01
110	0	38	0	2	3	4.67591e-03	-6.15315e-01	1.62054e+01
110	0	39	0	2	3	4.86586e-03	-6.35930e-01	1.74497e+01
110	0	40	0	2	3	4.15201e-03	-5.75201e-01	1.48406e+01
110	0	41	0	2	3	4.01001e-03	-5.69261e-01	1.63047e+01
110	0	42	0	2	3	4.23874e-03	-5.86449e-01	1.56909e+01
110	0	43	0	2	3	4.59443e-03	-6.26369e-01	1.80897e+01
110	0	44	0	2	3	4.01507e-03	-5.72814e-01	1.60316e+01
110	0	45	0	2	3	4.92827e-03	-6.27023e-01	1.77290e+01
110	0	46	0	2	3	4.36770e-03	-6.12977e-01	1.71176e+01
110	0	47	0	2	3	4.49450e-03	-6.14270e-01	1.78437e+01
110	0	48	0	2	3	3.61441e-03	-5.38856e-01	1.43862e+01
110	0	49	0	2	3	4.20448e-03	-5.81204e-01	1.64762e+01
110	0	50	0	2	3	4.14073e-03	-5.83153e-01	1.66594e+01
110	0	51	0	2	3	4.73386e-03	-6.21222e-01	1.70931e+01
110	0	52	0	2	3	3.49230e-03	-5.32966e-01	1.49251e+01
110	0	53	0	2	3	3.96524e-03	-5.62892e-01	1.59162e+01
110	0	54	0	2	3	4.50588e-03	-6.11208e-01	1.68061e+01
110	0	55	0	2	3	4.04801e-03	-5.72238e-01	1.61405e+01
110	0	56	0	2	3	4.00585e-03	-5.85633e-01	1.63952e+01
110	0	57	0	2	3	4.65367e-03	-6.14306e-01	1.75284e+01
110	0	58	0	2	3	3.90700e-03	-5.68752e-01	1.60995e+01
110	0	59	0	2	3	4.24958e-03	-6.01405e-01	1.77389e+01
110	0	60	0	2	3	3.94749e-03	-5.75211e-01	1.48336e+01
110	0	61	0	2	3	3.44291e-03	-5.28806e-01	1.57681e+01
110	0	62	0	2	3	4.75738e-03	-6.22433e-01	1.68070e+01
110	0	63	0	2	3	4.29042e-03	-5.94134e-01	1.58859e+01
110	0	64	0	2	3	3.89297e-03	-5.69982e-01	1.63619e+01
110	0	65	0	2	3	3.84011e-03	-5.58962e-01	1.62443e+01
110	0	66	0	2	3	4.00190e-03	-5.86668e-01	1.69294e+01
110	0	67	0	2	3	4.15253e-03	-5.84888e-01	1.59426e+01
110	0	68	0	2	3	3.91313e-03	-5.84441e-01	1.62884e+01
110	0	69	0	2	3	3.85703e-03	-5.61098e-01	1.59016e+01
110	0	70	0	2	3	4.18521e-03	-6.11011e-01	1.68086e+01
110	0	71	0	2	3	4.46479e-03	-6.11078e-01	1.72272e+01
110	0	72	0	2	3	3.77832e-03	-5.65537e-01	1.56946e+01
110	0	73	0	2	3	4.61902e-03	-6.18319e-01	1.66850e+01
110	0	74	0	2	3	4.64347e-03	-6.36150e-01	1.71183e+01
110	0	75	0	2	3	4.34659e-03	-5.94568e-01	1.64987e+01
110	0	76	0	2	3	3.86775e-03	-5.67053e-01	1.58122e+01
110	0	77	0	2	3	3.57886e-03	-5.43669e-01	1.60154e+01
110	0	78	0	2	3	4.39042e-03	-6.18213e-01	1.71518e+01
110	0	79	0	2	3	4.03691e-03	-5.79647e-01	1.63624e+01
110	0	80	0	2	3	3.97037e-03	-5.73589e-01	1.60003e+01
110	0	81	0	2	3	3.54278e-03	-5.32533e-01	1.54502e+01
110	0	82	0	2	3	4.29149e-03	-5.96831e-01	1.69835e+01
110	0	83	0	2	3	4.50945e-03	-6.15064e-01	1.68769e+01
110	0	84	0	2	3	3.67761e-03	-5.54526e-01	1.61710e+01
110	0	85	0	2	3	3.89067e-03	-5.62458e-01	1.63553e+01
110	0	86	0	2	3	3.82867e-03	-5.78795e-01	1.64828e+01
110	0	87	0	2	3	3.71337e-03	-5.69337e-01	1.69891e+01
110	0	88	0	2	3	3.83588e-03	-5.62518e-01	1.56938e+01
110	0	89	0	2	3	3.94196e-03	-5.69246e-01	1.60785e+01
110	0	90	0	2	3	4.61468e-03	-6.23173e-01	1.69371e+01
110	0	91	0	2	3	4.57311e-03	-6.28472e-01	1.68942e+01
110	0	92	0	2	3	3.84337e-03	-5.76617e-01	1.70124e+01
110	0	93	0	2	3	4.05301e-03	-5.71666e-01	1.58104e+01
110	0	94	0	2	3	4.73840e-03	-6.50122e-01	1.83339e+01
110	0	95	0	2	3	3.44177e-03	-5.39571e-01	1.60275e+01
110	0	96	0	2	3	3.50851e-03	-5.50979e-01	1.61855e+01
110	0	97	0	2	3	3.59014e-03	-5.46876e-01	1.63394e+01
110	0	98	0	2	3	4.00663e-03	-5.95709e-01	1.71162e+01
110	0	99	0	2	3	4.31696e-03	-5.98334e-01	1.59026e+01
110	0	100	0	2	3	4.10382e-03	-5.90331e-01	1.64557e+01
110	0	101	0	2	3	4.21682e-03	-5.90481e-01	1.69936e+01
110	0	102	0	2	3	4.38065e-03	-6.16387e-01	1.72359e+01
110	0	103	0	2	3	5.38912e-03	-6.78654e-01	1.81536e+01
110	0	104	0	2	3	3.48379e-03	-5.48755e-01	1.59062e+01
110	0	105	0	2	3	3.86333e-03	-5.61471e-01	1.58949e+01
110	0	106	0	2	3	4.69786e-03	-6.33362e-01	1.73972e+01
110	0	107	0	2	3	4.85584e-03	-6.27713e-01	1.64935e+01
110	0	108	0	2	3	4.15174e-03	-5.98514e-01	1.66233e+01
110	0	109	0	2	3	3.89678e-03	-5.66844e-01	1.59375e+01
110	0	110	0	2	3	4.47875e-03	-6.19775e-01	1.69815e+01
110	0	111	0	2	3	4.85933e-03	-6.51679e-01	1.77475e+01
110	0	112	0	2	3	3.72028e-03	-5.50109e-01	1.53568e+01
110	0	113	0	2	3	4.00548e-03	-5.76179e-01	1.61607e+01
110	0	114	0	2	3	4.96421e-03	-6.56067e-01	1.77679e+01
110	0	115	0	2	3	5.12747e-03	-6.48574e-01	1.73065e+01
110	0	116	0	2	3	3.63324e-03	-5.53938e-01	1.63867e+01
110	0	117	0	2	3	4.09857e-03	-5.80211e-01	1.71691e+01
110	0	118	0	2	3	4.25019e-03	-6.01932e-01	1.69769e+01
110	0	119	0	2	3	5.18643e-03	-6.52489e-01	1.65310e+01
110	0	120	0	2	3	4.02207e-03	-5.91252e-01	1.72957e+01
110	0	121	0	2	3	4.54823e-03	-6.03821e-01	1.51455e+01
110	0	122	0	2	3	4.30864e-03	-6.04463e-01	1.75468e+01
110	0	123	0	2	3	5.41581e-03	-6.76725e-01	1.82601e+01
110	0	124	0	2	3	2.49576e-03	-4.68224e-01	1.45682e+01
110	0	125	0	2	3	4.06281e-03	-5.73551e-01	1.40741e+01
110	0	126	0	2	3	3.59469e-03	-5.43245e-01	1.52215e+01
110	0	127	0	2	3	3.58135e-03	-5.47924e-01	1.58049e+01
110	0	128	0	2	3	3.79765e-03	-6.00202e-01	1.77402e+01
110	0	129	0	2	3	3.33354e-03	-5.52037e-01	1.63783e+01
110	0	130	0	2	3	2.26622e-03	-4.88931e-01	1.68316e+01
110	0	131	0	2	3	3.55098e-03	-5.49398e-01	1.62632e+01
110	0	132	0	2	3	4.01958e-03	-5.97802e-01	1.77373e+01
110	0	133	0	2	3	2.55241e-03	-4.75679e-01	1.49654e+01
110	0	134	0	2	3	2.95699e-03	-5.23721e-01	1.59326e+01
110	0	135	0	2	3	1.52809e-03	-4.09988e-01	1.42490e+01
110	0	136	0	2	3	3.89776e-03	-5.88200e-01	1.64415e+01
110	0	137	0	2	3	5.40185e-03	-7.00549e-01	1.95800e+01
110	0	138	0	2	3	4.30076e-03	-6.21967e-01	1.79549e+01
110	0	139	0	2	3	2.76365e-03	-5.13042e-01	1.57864e+01
110	0	140	0	2	3	2.30310e-03	-4.83690e-01	1.59605e+01
110	0	141	0	2	3	2.39455e-03	-4.93694e-01	1.48355e+01
110	0	142	0	2	3	1.18289e-03	-3.80062e-01	1.39197e+01
110	0	143	0	2	3	9.20548e-04	-3.69428e-01	1.27017e+01
110	0	144	0	2	3	3.72488e-03	-5.69522e-01	1.65862e+01
110	0	145	0	2	3	2.51491e-03	-4.72150e-01	1.46539e+01
110	0	146	0	2	3	4.68109e-03	-6.45245e-01	1.78754e+01
110	0	147	0	2	3	2.16458e-03	-4.55768e-01	1.38054e+01
110	0	148	0	2	3	6.25806e-04	-3.42551e-01	1.27952e+01
110	0	149	0	2	3	4.08476e-03	-5.96188e-01	1.71769e+01
110	0	150	0	2	3	5.50967e-03	-7.03423e-01	1.91046e+01
110	0	151	0	2	3	2.58706e-03	-5.02128e-01	1.55958e+01
110	0	152	0	2	3	1.88605e-03	-4.42587e-01	1.49113e+01
110	0	153	0	2	3	3.35000e-03	-5.57331e-01	1.68085e+01
110	0	154	0	2	3	3.51975e-03	-5.56290e-01	1.57496e+01
110	0	155	0	2	3	3.63367e-03	-5.66131e-01	1.59455e+01
110	0	156	0	2	3	5.15311e-04	-3.33711e-01	1.32678e+01
110	0	157	0	2	3	4.41703e-03	-5.68896e-01	1.60016e+01
110	0	158	0	2	3	5.49335e-03	-6.75421e-01	1.84004e+01
110	0	159	0	2	3	2.13939e-03	-4.56951e-01	1.51701e+01
#######################################################################
# BFT D                                                               #
#######################################################################
110	1	0	0	2	3	-2.10336e-02	1.27420e+00	-1.55394e+01
110	1	1	0	2	3	-1.20095e-02	5.90159e-01	-3.26631e+00
110	1	2	0	2	3	-7.39394e-03	2.22418e-01	2.60413e+00
110	1	3	0	2	3	-3.96927e-03	6.42538e-02	4.70721e+00
110	1	4	0	2	3	4.62299e-03	-6.33911e-01	1.87685e+01
110	1	5	0	2	3	-1.62701e-03	-1.51593e-01	9.68949e+00
110	1	6	0	2	3	6.02498e-03	-7.30607e-01	1.92611e+01
110	1	7	0	2	3	-1.18856e-02	5.99311e-01	-4.19698e+00
110	1	8	0	2	3	1.47015e-03	-3.96021e-01	1.38084e+01
110	1	9	0	2	3	-7.76463e-03	3.03618e-01	1.30717e+00
110	1	10	0	2	3	1.94014e-03	-4.52767e-01	1.39666e+01
110	1	11	0	2	3	2.61919e-03	-4.89187e-01	1.56946e+01
110	1	12	0	2	3	2.40477e-03	-4.76600e-01	1.44859e+01
110	1	13	0	2	3	1.73387e-03	-4.37462e-01	1.47577e+01
110	1	14	0	2	3	4.87646e-03	-6.53112e-01	1.73854e+01
110	1	15	0	2	3	4.94517e-03	-6.53246e-01	1.81095e+01
110	1	16	0	2	3	3.58574e-03	-5.50711e-01	1.56804e+01
110	1	17	0	2	3	2.72386e-03	-4.77059e-01	1.48880e+01
110	1	18	0	2	3	4.47581e-03	-6.09287e-01	1.60133e+01
110	1	19	0	2	3	-9.72383e-05	-2.72506e-01	1.16144e+01
110	1	20	0	2	3	3.87443e-03	-5.86557e-01	1.68417e+01
110	1	21	0	2	3	4.09453e-03	-5.76089e-01	1.69413e+01
110	1	22	0	2	3	3.92935e-03	-5.73770e-01	1.59699e+01
110	1	23	0	2	3	2.70521e-03	-4.80654e-01	1.46722e+01
110	1	24	0	2	3	4.24649e-03	-5.98794e-01	1.73924e+01
110	1	25	0	2	3	3.46928e-03	-5.34369e-01	1.57281e+01
110	1	26	0	2	3	3.23426e-03	-5.29031e-01	1.50951e+01
110	1	27	0	2	3	4.25665e-03	-5.95941e-01	1.75765e+01
110	1	28	0	2	3	3.92478e-03	-5.78611e-01	1.60184e+01
110	1	29	0	2	3	2.52885e-03	-4.72099e-01	1.48808e+01
110	1	30	0	2	3	4.90102e-03	-6.53956e-01	1.77042e+01
110	1	31	0	2	3	3.58730e-03	-5.59789e-01	1.66790e+01
110	1	32	0	2	3	3.93329e-03	-5.87061e-01	1.78254e+01
110	1	33	0	2	3	3.19638e-03	-5.24629e-01	1.47258e+01
110	1	34	0	2	3	4.00075e-03	-5.80057e-01	1.58661e+01
110	1	35	0	2	3	4.71582e-03	-6.31221e-01	1.87000e+01
110	1	36	0	2	3	4.37802e-03	-5.99905e-01	1.62988e+01
110	1	37	0	2	3	3.34573e-03	-5.27966e-01	1.49913e+01
110	1	38	0	2	3	3.39991e-03	-5.40494e-01	1.56126e+01
110	1	39	0	2	3	4.51850e-03	-6.10597e-01	1.73805e+01
110	1	40	0	2	3	3.60508e-03	-5.49209e-01	1.53919e+01
110	1	41	0	2	3	4.01483e-03	-5.76279e-01	1.62901e+01
110	1	42	0	2	3	4.06018e-03	-5.75966e-01	1.52874e+01
110	1	43	0	2	3	4.32105e-03	-5.97737e-01	1.73713e+01
110	1	44	0	2	3	4.46282e-03	-6.14928e-01	1.66975e+01
110	1	45	0	2	3	3.30202e-03	-5.25894e-01	1.56206e+01
110	1	46	0	2	3	3.93849e-03	-5.80416e-01	1.60766e+01
110	1	47	0	2	3	3.88283e-03	-5.90336e-01	1.78287e+01
110	1	48	0	2	3	3.84773e-03	-5.64341e-01	1.63810e+01
110	1	49	0	2	3	3.46205e-03	-5.36087e-01	1.60596e+01
110	1	50	0	2	3	3.66957e-03	-5.54745e-01	1.52283e+01
110	1	51	0	2	3	4.31175e-03	-6.03270e-01	1.79892e+01
110	1	52	0	2	3	4.35225e-03	-6.13835e-01	1.66450e+01
110	1	53	0	2	3	3.68491e-03	-5.54832e-01	1.63890e+01
110	1	54	0	2	3	4.28347e-03	-6.09136e-01	1.75027e+01
110	1	55	0	2	3	3.92799e-03	-5.77594e-01	1.66912e+01
110	1	56	0	2	3	3.58080e-03	-5.67174e-01	1.59678e+01
110	1	57	0	2	3	3.79519e-03	-5.67333e-01	1.71749e+01
110	1	58	0	2	3	4.27019e-03	-6.18681e-01	1.87939e+01
110	1	59	0	2	3	4.68590e-03	-6.38675e-01	1.87392e+01
110	1	60	0	2	3	3.69079e-03	-5.65365e-01	1.66202e+01
110	1	61	0	2	3	3.35575e-03	-5.20594e-01	1.58106e+01
110	1	62	0	2	3	3.70965e-03	-5.64803e-01	1.55967e+01
110	1	63	0	2	3	4.28558e-03	-6.02956e-01	1.71750e+01
110	1	64	0	2	3	4.42651e-03	-6.16819e-01	1.78475e+01
110	1	65	0	2	3	4.31112e-03	-6.01574e-01	1.63897e+01
110	1	66	0	2	3	4.49991e-03	-6.30213e-01	1.68831e+01
110	1	67	0	2	3	4.62504e-03	-6.25380e-01	1.69288e+01
110	1	68	0	2	3	3.31358e-03	-5.27758e-01	1.46771e+01
110	1	69	0	2	3	4.52451e-03	-6.21106e-01	1.69074e+01
110	1	70	0	2	3	4.04133e-03	-5.90493e-01	1.62493e+01
110	1	71	0	2	3	4.10440e-03	-5.96846e-01	1.67391e+01
110	1	72	0	2	3	3.65018e-03	-5.56996e-01	1.61298e+01
110	1	73	0	2	3	3.53032e-03	-5.55911e-01	1.65691e+01
110	1	74	0	2	3	4.30115e-03	-6.02762e-01	1.60944e+01
110	1	75	0	2	3	4.04027e-03	-5.92666e-01	1.61301e+01
110	1	76	0	2	3	3.77082e-03	-5.66038e-01	1.61597e+01
110	1	77	0	2	3	4.03379e-03	-5.88969e-01	1.70510e+01
110	1	78	0	2	3	4.54635e-03	-6.22966e-01	1.64690e+01
110	1	79	0	2	3	3.74324e-03	-5.68383e-01	1.56283e+01
110	1	80	0	2	3	4.13983e-03	-5.87103e-01	1.63763e+01
110	1	81	0	2	3	3.39710e-03	-5.37883e-01	1.53686e+01
110	1	82	0	2	3	4.10579e-03	-5.89693e-01	1.73850e+01
110	1	83	0	2	3	4.34392e-03	-5.93511e-01	1.55433e+01
110	1	84	0	2	3	3.54801e-03	-5.41355e-01	1.51143e+01
110	1	85	0	2	3	3.50449e-03	-5.43252e-01	1.57113e+01
110	1	86	0	2	3	4.16202e-03	-5.94673e-01	1.62677e+01
110	1	87	0	2	3	3.90513e-03	-5.66786e-01	1.48716e+01
110	1	88	0	2	3	3.58869e-03	-5.52564e-01	1.62986e+01
110	1	89	0	2	3	4.07891e-03	-5.86557e-01	1.61382e+01
110	1	90	0	2	3	3.90484e-03	-5.74700e-01	1.58248e+01
110	1	91	0	2	3	3.86945e-03	-5.67506e-01	1.56553e+01
110	1	92	0	2	3	4.21601e-03	-5.82885e-01	1.62324e+01
110	1	93	0	2	3	4.22121e-03	-5.95993e-01	1.68783e+01
110	1	94	0	2	3	4.03981e-03	-5.89499e-01	1.63313e+01
110	1	95	0	2	3	3.82707e-03	-5.73407e-01	1.62223e+01
110	1	96	0	2	3	3.84482e-03	-5.67927e-01	1.58590e+01
110	1	97	0	2	3	3.97597e-03	-5.76191e-01	1.59487e+01
110	1	98	0	2	3	4.76552e-03	-6.56825e-01	1.79325e+01
110	1	99	0	2	3	5.02118e-03	-6.52431e-01	1.76508e+01
110	1	100	0	2	3	3.30641e-03	-5.20519e-01	1.55490e+01
110	1	101	0	2	3	4.15921e-03	-5.88974e-01	1.60643e+01
110	1	102	0	2	3	5.07984e-03	-6.67649e-01	1.81895e+01
110	1	103	0	2	3	3.83392e-03	-5.70498e-01	1.61969e+01
110	1	104	0	2	3	4.21713e-03	-5.97957e-01	1.70056e+01
110	1	105	0	2	3	3.95066e-03	-5.74297e-01	1.56051e+01
110	1	106	0	2	3	4.77919e-03	-6.39791e-01	1.74436e+01
110	1	107	0	2	3	4.71982e-03	-6.32932e-01	1.64446e+01
110	1	108	0	2	3	2.73756e-03	-4.91685e-01	1.58400e+01
110	1	109	0	2	3	3.55909e-03	-5.55814e-01	1.59878e+01
110	1	110	0	2	3	3.89298e-03	-5.80726e-01	1.66935e+01
110	1	111	0	2	3	3.92579e-03	-5.86165e-01	1.70556e+01
110	1	112	0	2	3	3.57772e-03	-5.55419e-01	1.61479e+01
110	1	113	0	2	3	3.68284e-03	-5.59800e-01	1.65490e+01
110	1	114	0	2	3	4.34150e-03	-6.17041e-01	1.70496e+01
110	1	115	0	2	3	4.22235e-03	-5.99648e-01	1.69795e+01
110	1	116	0	2	3	4.71742e-03	-6.33467e-01	1.76127e+01
110	1	117	0	2	3	3.43508e-03	-5.43742e-01	1.52321e+01
110	1	118	0	2	3	4.12527e-03	-5.91712e-01	1.50197e+01
110	1	119	0	2	3	4.11466e-03	-5.94386e-01	1.62848e+01
110	1	120	0	2	3	3.69127e-03	-5.54224e-01	1.58581e+01
110	1	121	0	2	3	4.48195e-03	-6.08398e-01	1.70170e+01
110	1	122	0	2	3	4.51969e-03	-6.31295e-01	1.88279e+01
110	1	123	0	2	3	3.08137e-03	-5.17734e-01	1.60324e+01
110	1	124	0	2	3	3.66003e-03	-5.44745e-01	1.53091e+01
110	1	125	0	2	3	3.12356e-03	-5.15746e-01	1.48000e+01
110	1	126	0	2	3	4.13205e-03	-5.86679e-01	1.57451e+01
110	1	127	0	2	3	3.80878e-03	-5.66759e-01	1.55594e+01
110	1	128	0	2	3	3.67043e-03	-5.80632e-01	1.75146e+01
110	1	129	0	2	3	3.71941e-03	-5.89898e-01	1.77788e+01
110	1	130	0	2	3	3.14513e-03	-5.47863e-01	1.61393e+01
110	1	131	0	2	3	3.20318e-03	-5.26254e-01	1.57874e+01
110	1	132	0	2	3	3.64607e-03	-5.75044e-01	1.75270e+01
110	1	133	0	2	3	5.07363e-03	-6.54364e-01	1.77816e+01
110	1	134	0	2	3	4.49957e-03	-6.40084e-01	1.76029e+01
110	1	135	0	2	3	3.27211e-03	-5.31644e-01	1.51440e+01
110	1	136	0	2	3	2.32108e-03	-4.70975e-01	1.57500e+01
110	1	137	0	2	3	3.67765e-03	-5.65900e-01	1.57773e+01
110	1	138	0	2	3	4.55347e-03	-6.29027e-01	1.76428e+01
110	1	139	0	2	3	5.51493e-03	-6.96629e-01	1.82313e+01
110	1	140	0	2	3	4.04681e-03	-5.96993e-01	1.69824e+01
110	1	141	0	2	3	4.73049e-03	-6.41754e-01	1.76166e+01
110	1	142	0	2	3	3.65846e-03	-5.55172e-01	1.57112e+01
110	1	143	0	2	3	2.59019e-03	-4.96252e-01	1.60185e+01
110	1	144	0	2	3	5.49627e-03	-7.02939e-01	1.90030e+01
110	1	145	0	2	3	4.28870e-03	-5.91638e-01	1.57291e+01
110	1	146	0	2	3	2.62162e-03	-4.97476e-01	1.53407e+01
110	1	147	0	2	3	4.47128e-03	-6.16831e-01	1.64767e+01
110	1	148	0	2	3	3.92791e-03	-5.86532e-01	1.62840e+01
110	1	149	0	2	3	3.50779e-03	-5.52720e-01	1.68715e+01
110	1	150	0	2	3	4.77400e-03	-6.45651e-01	1.73451e+01
110	1	151	0	2	3	4.11253e-03	-5.95139e-01	1.69336e+01
110	1	152	0	2	3	5.37239e-03	-6.96282e-01	1.88579e+01
110	1	153	0	2	3	4.57013e-03	-6.26753e-01	1.84703e+01
110	1	154	0	2	3	2.53763e-03	-5.00246e-01	1.49303e+01
110	1	155	0	2	3	3.45595e-03	-5.53009e-01	1.61563e+01
110	1	156	0	2	3	-7.36200e-04	-2.31828e-01	1.04449e+01
110	1	157	0	2	3	6.38724e-03	-7.88781e-01	2.20353e+01
110	1	158	0	2	3	-3.17727e-03	-8.05374e-02	8.70820e+00
110	1	159	0	2	3	2.55503e-03	-5.24019e-01	1.74674e+01
