##
#  file: HodoPHCParam_Dummy
#  date: 2016.06.15
#  note: first version
#
#
#######################################################################
# CId	PlId	Seg	UorD	Type	nParam	p0	p1	...
#
#	Type=0 no correction will be performed
#	Type=1 ct=t-p[0]/sqrt(a-p[1])+p[2]
#	Type=2 ct=p[0]*a*a + p[1]*a + p[2] for Fiber
#
#######################################################################
# BH1 Up                                                              #
#######################################################################
1	0	0	0	1	3	5.08705e+00	-1.98362e+00	2.93454e+00
1	0	1	0	1	3	6.69706e-01	2.91546e-01	8.10244e-01
1	0	2	0	1	3	5.01779e-01	3.94271e-01	6.64278e-01
1	0	3	0	1	3	7.45330e-01	1.66754e-01	8.56036e-01
1	0	4	0	1	3	8.52890e-01	8.60054e-02	9.27134e-01
1	0	5	0	1	3	1.69981e+00	-1.50393e-01	1.62794e+00
1	0	6	0	1	3	1.58582e+00	-2.35346e-01	1.46587e+00
1	0	7	0	1	3	1.61970e+00	-1.46184e-01	1.54504e+00
1	0	8	0	1	3	1.37546e+00	-2.52696e-01	1.28233e+00
1	0	9	0	1	3	1.74814e+00	-2.76223e-01	1.64100e+00
1	0	10	0	1	3	1.60339e+01	-4.62629e+00	6.81205e+00
#######################################################################
# BH1 Down                                                            #
#######################################################################
1	0	0	1	1	3	1.33519e+00	-9.13138e-02	1.27257e+00
1	0	1	1	1	3	6.24909e-01	2.88647e-01	7.65429e-01
1	0	2	1	1	3	6.68954e-01	2.21542e-01	7.45264e-01
1	0	3	1	1	3	1.32364e+00	-4.57464e-01	1.08318e+00
1	0	4	1	1	3	1.18002e+00	-7.91080e-02	1.17008e+00
1	0	5	1	1	3	2.07299e+00	-4.79828e-01	1.70935e+00
1	0	6	1	1	3	1.96000e+00	-5.20196e-01	1.63958e+00
1	0	7	1	1	3	1.89852e+00	-4.50289e-01	1.60743e+00
1	0	8	1	1	3	1.02469e+00	-6.73213e-02	1.04734e+00
1	0	9	1	1	3	1.64894e+00	-1.85977e-01	1.61292e+00
1	0	10	1	1	3	7.15603e-01	2.22738e-01	8.54972e-01
#######################################################################
# BH2 Up                                                              #
#######################################################################
2	0	0	0	1	3	1.43047e-01	2.98695e-01	2.00085e-01
2	0	1	0	1	3	8.79554e-01	-2.31747e-01	7.85839e-01
2	0	2	0	1	3	5.94572e-01	-4.97541e-01	4.68956e-01
2	0	3	0	1	3	1.91725e-01	3.94747e-02	1.91115e-01
2	0	4	0	1	3	3.31184e-01	-9.38469e-02	3.15823e-01
2	0	5	0	1	3	1.99769e-01	2.70254e-01	2.37321e-01
2	0	6	0	1	3	2.58948e-01	2.41832e-01	3.10133e-01
2	0	7	0	1	3	3.50426e-01	8.80094e-02	3.70898e-01
#######################################################################
# BH2 Down                                                            #
#######################################################################
2	0	0	1	1	3	3.94607e-01	-1.85207e-01	3.84440e-01
2	0	1	1	1	3	9.92155e-01	-3.85817e-01	8.32122e-01
2	0	2	1	1	3	4.10986e-01	-9.27803e-02	3.90143e-01
2	0	3	1	1	3	1.76416e-01	4.84160e-02	1.75490e-01
2	0	4	1	1	3	2.42956e-01	1.23979e-01	2.64593e-01
2	0	5	1	1	3	3.57967e-01	4.32013e-02	3.63973e-01
2	0	6	1	1	3	1.22093e+00	-6.67168e-01	9.30075e-01
2	0	7	1	1	3	2.92156e-01	-4.36810e-03	2.98702e-01
#######################################################################
# BAC                                                                 #
#######################################################################
3	0	0	0	1	3	0.00000e+00	0.00000e+00	0.00000e+00
3	0	1	0	1	3	0.00000e+00	0.00000e+00	0.00000e+00
#######################################################################
# FBH Up                                                              #
#######################################################################
4	0	0	0	2	3	-5.62952e-03	8.96903e-01	-3.53273e+01
4	0	1	0	2	3	-4.29399e-03	7.37975e-01	-3.00049e+01
4	0	2	0	2	3	-5.26894e-03	8.67305e-01	-3.38992e+01
4	0	3	0	2	3	-3.80183e-03	6.69237e-01	-2.72260e+01
4	0	4	0	2	3	-4.35014e-03	7.35785e-01	-2.92008e+01
4	0	5	0	2	3	-4.02541e-03	6.86907e-01	-2.70312e+01
4	0	6	0	2	3	-4.16660e-03	7.08229e-01	-2.81512e+01
4	0	7	0	2	3	-3.93117e-03	6.84759e-01	-2.69101e+01
4	0	8	0	2	3	-4.14423e-03	6.96902e-01	-2.65883e+01
4	0	9	0	2	3	-2.83372e-03	5.62925e-01	-2.20787e+01
4	0	10	0	2	3	-4.07944e-03	7.09420e-01	-2.75603e+01
4	0	11	0	2	3	-3.50961e-03	6.50113e-01	-2.64167e+01
4	0	12	0	2	3	-3.52415e-03	6.49734e-01	-2.67232e+01
4	0	13	0	2	3	-4.13420e-03	7.26957e-01	-2.99675e+01
4	0	14	0	2	3	-4.90315e-03	8.27563e-01	-3.35630e+01
4	0	15	0	2	3	-4.73048e-03	8.13189e-01	-3.31901e+01
#######################################################################
# FBH Down                                                            #
#######################################################################
4	0	0	1	2	3	-5.62952e-03	8.96903e-01	-3.53273e+01
4	0	1	1	2	3	-4.29399e-03	7.37975e-01	-3.00049e+01
4	0	2	1	2	3	-5.26894e-03	8.67305e-01	-3.38992e+01
4	0	3	1	2	3	-3.80183e-03	6.69237e-01	-2.72260e+01
4	0	4	1	2	3	-4.35014e-03	7.35785e-01	-2.92008e+01
4	0	5	1	2	3	-4.02541e-03	6.86907e-01	-2.70312e+01
4	0	6	1	2	3	-4.16660e-03	7.08229e-01	-2.81512e+01
4	0	7	1	2	3	-3.93117e-03	6.84759e-01	-2.69101e+01
4	0	8	1	2	3	-4.14423e-03	6.96902e-01	-2.65883e+01
4	0	9	1	2	3	-2.83372e-03	5.62925e-01	-2.20787e+01
4	0	10	1	2	3	-4.07944e-03	7.09420e-01	-2.75603e+01
4	0	11	1	2	3	-3.50961e-03	6.50113e-01	-2.64167e+01
4	0	12	1	2	3	-3.52415e-03	6.49734e-01	-2.67232e+01
4	0	13	1	2	3	-4.13420e-03	7.26957e-01	-2.99675e+01
4	0	14	1	2	3	-4.90315e-03	8.27563e-01	-3.35630e+01
4	0	15	1	2	3	-4.73048e-03	8.13189e-01	-3.31901e+01
#######################################################################
# PVAC                                                                #
#######################################################################
5	0	0	0	1	3	0.00000e+00	0.00000e+00	0.00000e+00
#######################################################################
# FAC                                                                 #
#######################################################################
6	0	0	0	1	3	0.00000e+00	0.00000e+00	0.00000e+00
#######################################################################
# SCH                                                                 #
#######################################################################
#7	0	0	0	2	3	-0.00500000	0.821213	-32.185321
#7	0	1	0	2	3	-0.00500000	0.830248	-32.269563
#7	0	2	0	2	3	-0.00500000	0.793073	-29.315934
#7	0	3	0	2	3	-0.00500000	0.772144	-28.276705
#7	0	4	0	2	3	-0.00500000	0.801968	-30.687167
#7	0	5	0	2	3	-0.00500000	0.778300	-28.439251
#7	0	6	0	2	3	-0.00500000	0.765872	-27.918181
#7	0	7	0	2	3	-0.00500000	0.738459	-26.016797
#7	0	8	0	2	3	-0.00500000	0.778318	-28.676371
#7	0	9	0	2	3	-0.00500000	0.776670	-28.892887
#7	0	10	0	2	3	-0.00500000	0.764278	-28.122474
#7	0	11	0	2	3	-0.00500000	0.790742	-29.423647
#7	0	12	0	2	3	-0.00500000	0.811330	-30.487019
#7	0	13	0	2	3	-0.00500000	0.818750	-30.891512
#7	0	14	0	2	3	-0.00500000	0.802541	-30.009136
#7	0	15	0	2	3	-0.00500000	0.809525	-30.751746
#7	0	16	0	2	3	-0.00500000	0.802597	-30.845509
#7	0	17	0	2	3	-0.00500000	0.835028	-32.780792
#7	0	18	0	2	3	-0.00500000	0.859176	-33.938731
#7	0	19	0	2	3	-0.00500000	0.814851	-31.445396
#7	0	20	0	2	3	-0.00500000	0.809426	-30.781087
#7	0	21	0	2	3	-0.00500000	0.780678	-28.888756
#7	0	22	0	2	3	-0.00500000	0.808206	-30.719604
#7	0	23	0	2	3	-0.00500000	0.774024	-27.858339
#7	0	24	0	2	3	-0.00500000	0.794308	-29.022101
#7	0	25	0	2	3	-0.00500000	0.775649	-27.980186
#7	0	26	0	2	3	-0.00500000	0.788483	-28.687567
#7	0	27	0	2	3	-0.00466315	0.771386	-29.253260
#7	0	28	0	2	3	-0.00483132	0.790854	-28.637741
#7	0	29	0	2	3	-0.00497049	0.812994	-30.786914
#7	0	30	0	2	3	-0.00500000	0.787793	-28.362716
#7	0	31	0	2	3	-0.00500000	0.790759	-28.876812
#7	0	32	0	2	3	-0.00500000	0.824826	-31.655285
#7	0	33	0	2	3	-0.00500000	0.845304	-33.407765
#7	0	34	0	2	3	-0.00500000	0.832263	-32.939799
#7	0	35	0	2	3	-0.00500000	0.820631	-31.695372
#7	0	36	0	2	3	-0.00500000	0.836997	-33.200590
#7	0	37	0	2	3	-0.00500000	0.819690	-32.097193
#7	0	38	0	2	3	-0.00500000	0.808109	-31.263214
#7	0	39	0	2	3	-0.00500000	0.815224	-31.135523
#7	0	40	0	2	3	-0.00500000	0.803398	-29.897923
#7	0	41	0	2	3	-0.00500000	0.815685	-31.165519
#7	0	42	0	2	3	-0.00500000	0.812980	-30.737261
#7	0	43	0	2	3	-0.00500000	0.829418	-32.693307
#7	0	44	0	2	3	-0.00500000	0.789530	-29.464920
#7	0	45	0	2	3	-0.00500000	0.804789	-31.208151
#7	0	46	0	2	3	-0.00500000	0.830106	-32.806514
#7	0	47	0	2	3	-0.00500000	0.819206	-31.373242
#7	0	48	0	2	3	-0.00500000	0.816165	-31.709319
#7	0	49	0	2	3	-0.00500000	0.798496	-30.201709
#7	0	50	0	2	3	-0.00500000	0.812167	-31.795745
#7	0	51	0	2	3	-0.00500000	0.810749	-31.375226
#7	0	52	0	2	3	-0.00500000	0.803385	-31.372512
#7	0	53	0	2	3	-0.00500000	0.777405	-29.262831
#7	0	54	0	2	3	-0.00500000	0.783954	-29.763410
#7	0	55	0	2	3	-0.00500000	0.789443	-29.976449
#7	0	56	0	2	3	-0.00500000	0.838828	-33.261086
#7	0	57	0	2	3	-0.00500000	0.804421	-30.573195
#7	0	58	0	2	3	-0.00500000	0.773283	-29.111048
#7	0	59	0	2	3	-0.00500000	0.811789	-31.449459
#7	0	60	0	2	3	-0.00500000	0.759724	-28.110014
#7	0	61	0	2	3	-0.00500000	0.810884	-31.379063
#7	0	62	0	2	3	-0.00500000	0.771910	-28.435006
#7	0	63	0	2	3	-0.00500000	0.796658	-30.511906
#######################################################################
# TOF Up                                                              #
#######################################################################
7	0	0	0	1	3	5.24830e+00	-1.96630e+00	2.96170e+00
7	0	1	0	1	3	5.24830e+00	-1.96630e+00	2.96170e+00
7	0	2	0	1	3	5.24830e+00	-1.96630e+00	2.96170e+00
7	0	3	0	1	3	5.24830e+00	-1.96630e+00	2.96170e+00
7	0	4	0	1	3	5.24830e+00	-1.96630e+00	2.96170e+00
7	0	5	0	1	3	5.24830e+00	-1.96630e+00	2.96170e+00
7	0	6	0	1	3	6.97090e+00	-3.03520e+00	3.39910e+00
7	0	7	0	1	3	4.05450e+00	-1.96150e+00	2.30360e+00
7	0	8	0	1	3	1.16940e+02	-2.98600e+01	2.09880e+01
7	0	9	0	1	3	5.24830e+00	-1.96630e+00	2.96170e+00
7	0	10	0	1	3	5.24830e+00	-1.96630e+00	2.96170e+00
7	0	11	0	1	3	5.24830e+00	-1.96630e+00	2.96170e+00
7	0	12	0	1	3	5.24830e+00	-1.96630e+00	2.96170e+00
7	0	13	0	1	3	5.24830e+00	-1.96630e+00	2.96170e+00
7	0	14	0	1	3	5.24830e+00	-1.96630e+00	2.96170e+00
7	0	15	0	1	3	5.24830e+00	-1.96630e+00	2.96170e+00
7	0	16	0	1	3	5.24830e+00	-1.96630e+00	2.96170e+00
7	0	17	0	1	3	5.24830e+00	-1.96630e+00	2.96170e+00
7	0	18	0	1	3	5.24830e+00	-1.96630e+00	2.96170e+00
7	0	19	0	1	3	7.11491e-01	1.85180e-03	5.82402e-01
7	0	20	0	1	3	5.59404e-01	-1.73810e-03	4.50716e-01
7	0	21	0	1	3	8.92499e-01	1.99900e-03	7.37364e-01
7	0	22	0	1	3	6.37553e-01	1.99960e-03	5.45449e-01
7	0	23	0	1	3	1.19210e+00	1.98920e-03	9.99994e-01
#######################################################################
# TOF Down                                                            #
#######################################################################
7	0	0	1	1	3	5.84300e+00	-2.30730e+00	3.11320e+00
7	0	1	1	1	3	5.84300e+00	-2.30730e+00	3.11320e+00
7	0	2	1	1	3	5.84300e+00	-2.30730e+00	3.11320e+00
7	0	3	1	1	3	5.84300e+00	-2.30730e+00	3.11320e+00
7	0	4	1	1	3	5.84300e+00	-2.30730e+00	3.11320e+00
7	0	5	1	1	3	5.84300e+00	-2.30730e+00	3.11320e+00
7	0	6	1	1	3	1.41330e+01	-5.81170e+00	5.32680e+00
7	0	7	1	1	3	7.84850e+01	-2.02870e+01	1.69500e+01
7	0	8	1	1	3	2.20240e+02	-3.62440e+01	3.60080e+01
7	0	9	1	1	3	5.84300e+00	-2.30730e+00	3.11320e+00
7	0	10	1	1	3	5.84300e+00	-2.30730e+00	3.11320e+00
7	0	11	1	1	3	5.84300e+00	-2.30730e+00	3.11320e+00
7	0	12	1	1	3	5.84300e+00	-2.30730e+00	3.11320e+00
7	0	13	1	1	3	5.84300e+00	-2.30730e+00	3.11320e+00
7	0	14	1	1	3	5.84300e+00	-2.30730e+00	3.11320e+00
7	0	15	1	1	3	5.84300e+00	-2.30730e+00	3.11320e+00
7	0	16	1	1	3	5.84300e+00	-2.30730e+00	3.11320e+00
7	0	17	1	1	3	5.84300e+00	-2.30730e+00	3.11320e+00
7	0	18	1	1	3	5.84300e+00	-2.30730e+00	3.11320e+00
7	0	19	1	1	3	6.18741e-01	1.99860e-03	4.90831e-01
7	0	20	1	1	3	5.75901e-01	1.04210e-03	4.72509e-01
7	0	21	1	1	3	9.41046e-01	1.99890e-03	7.79357e-01
7	0	22	1	1	3	4.84266e-01	-1.95590e-03	3.99786e-01
7	0	23	1	1	3	8.97714e-01	1.99860e-03	7.56300e-01
#######################################################################
# BFT U                                                               #
#######################################################################
110	0	0	0	2	3	8.46856e-04	-3.57485e-01	1.14707e+01
110	0	1	0	2	3	3.07987e-03	-4.90043e-01	1.32160e+01
110	0	2	0	2	3	4.67702e-03	-6.21037e-01	1.55861e+01
110	0	3	0	2	3	4.48046e-03	-6.09876e-01	1.45786e+01
110	0	4	0	2	3	3.71833e-03	-5.56003e-01	1.49036e+01
110	0	5	0	2	3	4.22849e-03	-5.74129e-01	1.53035e+01
110	0	6	0	2	3	3.73716e-03	-5.59619e-01	1.42663e+01
110	0	7	0	2	3	4.67029e-03	-6.17200e-01	1.59817e+01
110	0	8	0	2	3	3.90980e-03	-5.72596e-01	1.47636e+01
110	0	9	0	2	3	3.75538e-03	-5.42585e-01	1.52982e+01
110	0	10	0	2	3	4.05994e-03	-5.82436e-01	1.40985e+01
110	0	11	0	2	3	4.65759e-03	-6.15360e-01	1.67764e+01
110	0	12	0	2	3	3.43994e-03	-5.35020e-01	1.35168e+01
110	0	13	0	2	3	3.20415e-03	-5.07560e-01	1.47673e+01
110	0	14	0	2	3	3.84878e-03	-5.69288e-01	1.40419e+01
110	0	15	0	2	3	4.91101e-03	-6.37431e-01	1.71739e+01
110	0	16	0	2	3	3.38833e-03	-5.23536e-01	1.29347e+01
110	0	17	0	2	3	3.45406e-03	-5.21472e-01	1.45552e+01
110	0	18	0	2	3	4.13441e-03	-5.82223e-01	1.39656e+01
110	0	19	0	2	3	4.46897e-03	-6.08518e-01	1.43411e+01
110	0	20	0	2	3	3.33485e-03	-5.28264e-01	1.36677e+01
110	0	21	0	2	3	3.25004e-03	-5.08981e-01	1.57069e+01
110	0	22	0	2	3	4.24804e-03	-5.95202e-01	1.47253e+01
110	0	23	0	2	3	4.54395e-03	-6.01716e-01	1.61012e+01
110	0	24	0	2	3	4.07101e-03	-5.78317e-01	1.47996e+01
110	0	25	0	2	3	4.57198e-03	-6.02570e-01	1.66123e+01
110	0	26	0	2	3	4.01379e-03	-5.80974e-01	1.55636e+01
110	0	27	0	2	3	4.55831e-03	-5.98849e-01	1.58735e+01
110	0	28	0	2	3	3.40725e-03	-5.30443e-01	1.20788e+01
110	0	29	0	2	3	3.52436e-03	-5.26906e-01	1.42244e+01
110	0	30	0	2	3	4.68412e-03	-6.24013e-01	1.50323e+01
110	0	31	0	2	3	3.75044e-03	-5.48583e-01	1.51526e+01
110	0	32	0	2	3	4.19416e-03	-5.94410e-01	1.48969e+01
110	0	33	0	2	3	4.11297e-03	-5.54882e-01	1.34536e+01
110	0	34	0	2	3	4.00350e-03	-5.75274e-01	1.42527e+01
110	0	35	0	2	3	4.25876e-03	-5.91935e-01	1.59621e+01
110	0	36	0	2	3	3.66100e-03	-5.37616e-01	1.33290e+01
110	0	37	0	2	3	5.06468e-03	-6.51467e-01	1.79832e+01
110	0	38	0	2	3	4.21384e-03	-5.82791e-01	1.37165e+01
110	0	39	0	2	3	4.11958e-03	-5.74500e-01	1.52505e+01
110	0	40	0	2	3	3.81774e-03	-5.50937e-01	1.35015e+01
110	0	41	0	2	3	3.70681e-03	-5.45144e-01	1.58536e+01
110	0	42	0	2	3	4.33990e-03	-5.88731e-01	1.46952e+01
110	0	43	0	2	3	4.19546e-03	-5.91521e-01	1.63708e+01
110	0	44	0	2	3	4.14765e-03	-5.84094e-01	1.43105e+01
110	0	45	0	2	3	4.17749e-03	-5.73116e-01	1.57952e+01
110	0	46	0	2	3	4.52362e-03	-6.20881e-01	1.52436e+01
110	0	47	0	2	3	4.85791e-03	-6.41481e-01	1.83332e+01
110	0	48	0	2	3	3.71221e-03	-5.46803e-01	1.25698e+01
110	0	49	0	2	3	4.45636e-03	-5.98895e-01	1.67827e+01
110	0	50	0	2	3	4.28270e-03	-5.92614e-01	1.48509e+01
110	0	51	0	2	3	4.43853e-03	-5.97104e-01	1.56095e+01
110	0	52	0	2	3	3.48520e-03	-5.31121e-01	1.28897e+01
110	0	53	0	2	3	4.41466e-03	-5.93227e-01	1.54226e+01
110	0	54	0	2	3	4.48900e-03	-6.05358e-01	1.46261e+01
110	0	55	0	2	3	4.59236e-03	-6.12753e-01	1.68756e+01
110	0	56	0	2	3	4.03365e-03	-5.84278e-01	1.53045e+01
110	0	57	0	2	3	4.37548e-03	-5.94173e-01	1.61491e+01
110	0	58	0	2	3	4.18566e-03	-5.89299e-01	1.54715e+01
110	0	59	0	2	3	4.41366e-03	-6.14130e-01	1.69436e+01
110	0	60	0	2	3	3.83578e-03	-5.65789e-01	1.36409e+01
110	0	61	0	2	3	3.70880e-03	-5.46104e-01	1.50089e+01
110	0	62	0	2	3	4.71474e-03	-6.22789e-01	1.48456e+01
110	0	63	0	2	3	4.06299e-03	-5.76428e-01	1.45028e+01
110	0	64	0	2	3	3.97766e-03	-5.76125e-01	1.44426e+01
110	0	65	0	2	3	3.94881e-03	-5.69455e-01	1.54430e+01
110	0	66	0	2	3	4.59479e-03	-6.32070e-01	1.67340e+01
110	0	67	0	2	3	3.97498e-03	-5.73292e-01	1.56883e+01
110	0	68	0	2	3	4.23051e-03	-6.04575e-01	1.55366e+01
110	0	69	0	2	3	3.88828e-03	-5.61128e-01	1.47830e+01
110	0	70	0	2	3	4.44118e-03	-6.25991e-01	1.49303e+01
110	0	71	0	2	3	4.29017e-03	-5.96472e-01	1.58466e+01
110	0	72	0	2	3	3.93470e-03	-5.77106e-01	1.38111e+01
110	0	73	0	2	3	4.37703e-03	-6.02736e-01	1.53500e+01
110	0	74	0	2	3	4.71301e-03	-6.39419e-01	1.60273e+01
110	0	75	0	2	3	4.15911e-03	-5.82694e-01	1.52188e+01
110	0	76	0	2	3	3.77656e-03	-5.58917e-01	1.35157e+01
110	0	77	0	2	3	3.84690e-03	-5.60784e-01	1.51504e+01
110	0	78	0	2	3	4.61951e-03	-6.30368e-01	1.51659e+01
110	0	79	0	2	3	4.11013e-03	-5.82925e-01	1.52397e+01
110	0	80	0	2	3	4.10389e-03	-5.82634e-01	1.49946e+01
110	0	81	0	2	3	4.28938e-03	-5.83427e-01	1.51271e+01
110	0	82	0	2	3	4.15936e-03	-5.87262e-01	1.46502e+01
110	0	83	0	2	3	4.62679e-03	-6.21426e-01	1.57950e+01
110	0	84	0	2	3	3.71366e-03	-5.53943e-01	1.39543e+01
110	0	85	0	2	3	3.89257e-03	-5.61472e-01	1.51340e+01
110	0	86	0	2	3	4.84220e-03	-6.48629e-01	1.54823e+01
110	0	87	0	2	3	4.42249e-03	-6.13291e-01	1.64291e+01
110	0	88	0	2	3	3.73911e-03	-5.52910e-01	1.42702e+01
110	0	89	0	2	3	4.34761e-03	-5.99977e-01	1.54670e+01
110	0	90	0	2	3	4.07379e-03	-5.88859e-01	1.41989e+01
110	0	91	0	2	3	4.91304e-03	-6.46406e-01	1.58550e+01
110	0	92	0	2	3	4.14074e-03	-5.97821e-01	1.51500e+01
110	0	93	0	2	3	3.70506e-03	-5.50596e-01	1.43036e+01
110	0	94	0	2	3	4.11063e-03	-6.07461e-01	1.63957e+01
110	0	95	0	2	3	4.18663e-03	-5.93480e-01	1.57551e+01
110	0	96	0	2	3	3.91869e-03	-5.84282e-01	1.46107e+01
110	0	97	0	2	3	4.10462e-03	-5.81288e-01	1.56368e+01
110	0	98	0	2	3	4.25983e-03	-6.10740e-01	1.50389e+01
110	0	99	0	2	3	4.50106e-03	-6.07713e-01	1.57558e+01
110	0	100	0	2	3	3.72450e-03	-5.59349e-01	1.45551e+01
110	0	101	0	2	3	4.23514e-03	-5.89196e-01	1.56317e+01
110	0	102	0	2	3	4.46012e-03	-6.19843e-01	1.59627e+01
110	0	103	0	2	3	4.56404e-03	-6.21106e-01	1.58759e+01
110	0	104	0	2	3	3.78024e-03	-5.67368e-01	1.38735e+01
110	0	105	0	2	3	3.84898e-03	-5.64660e-01	1.47372e+01
110	0	106	0	2	3	4.87658e-03	-6.49543e-01	1.64646e+01
110	0	107	0	2	3	4.80461e-03	-6.29886e-01	1.53300e+01
110	0	108	0	2	3	3.97332e-03	-5.81107e-01	1.49277e+01
110	0	109	0	2	3	4.29560e-03	-5.97293e-01	1.51904e+01
110	0	110	0	2	3	4.26431e-03	-6.02596e-01	1.53243e+01
110	0	111	0	2	3	4.59381e-03	-6.29265e-01	1.59666e+01
110	0	112	0	2	3	3.71926e-03	-5.55319e-01	1.31868e+01
110	0	113	0	2	3	4.13116e-03	-5.80826e-01	1.48169e+01
110	0	114	0	2	3	4.92451e-03	-6.57416e-01	1.65422e+01
110	0	115	0	2	3	4.75857e-03	-6.30315e-01	1.57445e+01
110	0	116	0	2	3	4.12738e-03	-5.95060e-01	1.48649e+01
110	0	117	0	2	3	4.43408e-03	-6.07667e-01	1.63508e+01
110	0	118	0	2	3	4.68586e-03	-6.38357e-01	1.63358e+01
110	0	119	0	2	3	4.44201e-03	-6.03227e-01	1.43592e+01
110	0	120	0	2	3	4.12474e-03	-5.97238e-01	1.49996e+01
110	0	121	0	2	3	3.67551e-03	-5.48121e-01	1.29283e+01
110	0	122	0	2	3	3.04315e-03	-5.27281e-01	1.51243e+01
110	0	123	0	2	3	5.88566e-03	-7.06935e-01	1.72815e+01
110	0	124	0	2	3	3.88803e-03	-5.68941e-01	1.49602e+01
110	0	125	0	2	3	4.09739e-03	-5.71674e-01	1.25860e+01
110	0	126	0	2	3	4.57618e-03	-6.13155e-01	1.50199e+01
110	0	127	0	2	3	6.06810e-03	-7.19761e-01	1.72721e+01
110	0	128	0	2	3	3.97825e-03	-6.12330e-01	1.65052e+01
110	0	129	0	2	3	3.76367e-03	-5.89227e-01	1.57171e+01
110	0	130	0	2	3	3.47879e-03	-5.75994e-01	1.59567e+01
110	0	131	0	2	3	2.77645e-03	-4.93103e-01	1.38109e+01
110	0	132	0	2	3	3.13512e-03	-5.40613e-01	1.54726e+01
110	0	133	0	2	3	3.64749e-03	-5.50758e-01	1.47471e+01
110	0	134	0	2	3	2.36415e-03	-4.89710e-01	1.41566e+01
110	0	135	0	2	3	6.13081e-04	-3.41774e-01	1.06038e+01
110	0	136	0	2	3	4.57585e-03	-6.35497e-01	1.58838e+01
110	0	137	0	2	3	3.31626e-03	-5.43356e-01	1.52934e+01
110	0	138	0	2	3	6.01470e-03	-7.49646e-01	1.89059e+01
110	0	139	0	2	3	2.86228e-03	-5.20249e-01	1.35187e+01
110	0	140	0	2	3	1.25557e-03	-4.03782e-01	1.30400e+01
110	0	141	0	2	3	4.53480e-03	-6.34401e-01	1.57791e+01
110	0	142	0	2	3	3.21696e-03	-5.42325e-01	1.47933e+01
110	0	143	0	2	3	2.86934e-03	-5.04944e-01	1.36362e+01
110	0	144	0	2	3	7.17420e-03	-8.37843e-01	1.95240e+01
110	0	145	0	2	3	5.36472e-03	-6.86769e-01	1.63379e+01
110	0	146	0	2	3	-5.50828e-03	1.45832e-01	1.36919e+00
110	0	147	0	2	3	-2.89400e-04	-2.58924e-01	9.62304e+00
110	0	148	0	2	3	5.39336e-03	-7.10386e-01	1.74855e+01
110	0	149	0	2	3	8.29689e-03	-8.92370e-01	2.09771e+01
110	0	150	0	2	3	-7.03574e-03	2.41033e-01	3.59065e-01
110	0	151	0	2	3	2.25375e-03	-4.76211e-01	1.37310e+01
110	0	152	0	2	3	-6.20318e-03	1.73209e-01	2.10642e+00
110	0	153	0	2	3	2.40358e-02	-2.10726e+00	4.42571e+01
110	0	154	0	2	3	1.35956e-03	-3.87561e-01	1.13161e+01
110	0	155	0	2	3	4.49305e-03	-6.33213e-01	1.49362e+01
110	0	156	0	2	3	-7.39998e-03	2.39831e-01	8.74438e-01
110	0	157	0	2	3	-3.45277e-03	-1.86372e-02	5.14673e+00
110	0	158	0	2	3	5.29912e-03	-6.86785e-01	1.70759e+01
110	0	159	0	2	3	-5.73130e-03	1.89875e-01	-1.17237e-01
#######################################################################
# BFT D                                                               #
#######################################################################
110	1	0	0	2	3	2.76235e-03	-4.88997e-01	1.50330e+01
110	1	1	0	2	3	-8.13508e-04	-2.08827e-01	9.16224e+00
110	1	2	0	2	3	4.82005e-03	-6.40934e-01	1.68345e+01
110	1	3	0	2	3	3.75291e-03	-5.62841e-01	1.64119e+01
110	1	4	0	2	3	3.67817e-03	-5.56519e-01	1.53525e+01
110	1	5	0	2	3	3.68816e-03	-5.59663e-01	1.64775e+01
110	1	6	0	2	3	3.62319e-03	-5.53812e-01	1.41347e+01
110	1	7	0	2	3	3.49236e-03	-5.36455e-01	1.53487e+01
110	1	8	0	2	3	3.10239e-03	-5.17403e-01	1.49623e+01
110	1	9	0	2	3	4.02778e-03	-5.85818e-01	1.78081e+01
110	1	10	0	2	3	3.24171e-03	-5.33128e-01	1.51442e+01
110	1	11	0	2	3	4.08367e-03	-5.84252e-01	1.60969e+01
110	1	12	0	2	3	3.13452e-03	-5.26108e-01	1.43486e+01
110	1	13	0	2	3	2.60087e-03	-4.77035e-01	1.49613e+01
110	1	14	0	2	3	3.05990e-03	-5.26998e-01	1.42306e+01
110	1	15	0	2	3	4.81692e-03	-6.37505e-01	1.77208e+01
110	1	16	0	2	3	4.02844e-03	-5.84725e-01	1.53455e+01
110	1	17	0	2	3	2.91586e-03	-4.95858e-01	1.43717e+01
110	1	18	0	2	3	4.23705e-03	-5.97903e-01	1.49609e+01
110	1	19	0	2	3	3.37290e-03	-5.33017e-01	1.54847e+01
110	1	20	0	2	3	3.71762e-03	-5.68730e-01	1.54855e+01
110	1	21	0	2	3	2.90440e-03	-5.00490e-01	1.58754e+01
110	1	22	0	2	3	3.96666e-03	-5.75908e-01	1.51285e+01
110	1	23	0	2	3	3.86986e-03	-5.62646e-01	1.61375e+01
110	1	24	0	2	3	3.85475e-03	-5.74994e-01	1.61293e+01
110	1	25	0	2	3	3.94661e-03	-5.69951e-01	1.64014e+01
110	1	26	0	2	3	4.19335e-03	-5.99021e-01	1.54096e+01
110	1	27	0	2	3	3.59153e-03	-5.45176e-01	1.66770e+01
110	1	28	0	2	3	3.40398e-03	-5.43742e-01	1.54781e+01
110	1	29	0	2	3	3.58898e-03	-5.49857e-01	1.63170e+01
110	1	30	0	2	3	3.89194e-03	-5.72277e-01	1.51529e+01
110	1	31	0	2	3	4.41011e-03	-6.13641e-01	1.75494e+01
110	1	32	0	2	3	3.80162e-03	-5.72434e-01	1.64824e+01
110	1	33	0	2	3	3.53394e-03	-5.48452e-01	1.51729e+01
110	1	34	0	2	3	4.14994e-03	-5.84616e-01	1.48775e+01
110	1	35	0	2	3	4.50681e-03	-6.24187e-01	1.77530e+01
110	1	36	0	2	3	3.93693e-03	-5.71792e-01	1.59055e+01
110	1	37	0	2	3	3.74875e-03	-5.54637e-01	1.44412e+01
110	1	38	0	2	3	4.34359e-03	-6.05862e-01	1.67666e+01
110	1	39	0	2	3	4.15737e-03	-5.79805e-01	1.57956e+01
110	1	40	0	2	3	3.92928e-03	-5.70859e-01	1.47586e+01
110	1	41	0	2	3	3.86891e-03	-5.64565e-01	1.60471e+01
110	1	42	0	2	3	4.39947e-03	-5.99204e-01	1.57088e+01
110	1	43	0	2	3	4.28396e-03	-5.94626e-01	1.73387e+01
110	1	44	0	2	3	3.90053e-03	-5.74598e-01	1.49880e+01
110	1	45	0	2	3	3.85177e-03	-5.65529e-01	1.63155e+01
110	1	46	0	2	3	4.01341e-03	-5.84733e-01	1.51634e+01
110	1	47	0	2	3	4.32931e-03	-6.20365e-01	1.83237e+01
110	1	48	0	2	3	4.26668e-03	-5.94888e-01	1.59568e+01
110	1	49	0	2	3	3.97673e-03	-5.72280e-01	1.66864e+01
110	1	50	0	2	3	4.19613e-03	-5.95713e-01	1.50230e+01
110	1	51	0	2	3	4.15556e-03	-5.88805e-01	1.66583e+01
110	1	52	0	2	3	3.75795e-03	-5.72877e-01	1.49443e+01
110	1	53	0	2	3	3.87453e-03	-5.67536e-01	1.65612e+01
110	1	54	0	2	3	4.41838e-03	-6.17124e-01	1.66253e+01
110	1	55	0	2	3	4.33897e-03	-6.03628e-01	1.70479e+01
110	1	56	0	2	3	4.10815e-03	-6.02508e-01	1.55350e+01
110	1	57	0	2	3	3.80238e-03	-5.66629e-01	1.61428e+01
110	1	58	0	2	3	4.03869e-03	-5.97177e-01	1.73120e+01
110	1	59	0	2	3	4.72336e-03	-6.42756e-01	1.88100e+01
110	1	60	0	2	3	4.10718e-03	-5.91682e-01	1.59888e+01
110	1	61	0	2	3	4.03992e-03	-5.68653e-01	1.55982e+01
110	1	62	0	2	3	4.13927e-03	-5.90019e-01	1.48833e+01
110	1	63	0	2	3	4.06520e-03	-5.84144e-01	1.67170e+01
110	1	64	0	2	3	3.72789e-03	-5.69942e-01	1.60536e+01
110	1	65	0	2	3	4.14537e-03	-5.89622e-01	1.61216e+01
110	1	66	0	2	3	4.82295e-03	-6.50487e-01	1.61132e+01
110	1	67	0	2	3	4.48512e-03	-6.16957e-01	1.57191e+01
110	1	68	0	2	3	3.85091e-03	-5.65464e-01	1.42591e+01
110	1	69	0	2	3	4.00904e-03	-5.81535e-01	1.60893e+01
110	1	70	0	2	3	4.21298e-03	-6.01154e-01	1.63249e+01
110	1	71	0	2	3	4.24287e-03	-6.07090e-01	1.68212e+01
110	1	72	0	2	3	3.76928e-03	-5.63791e-01	1.51330e+01
110	1	73	0	2	3	4.37702e-03	-6.15183e-01	1.74598e+01
110	1	74	0	2	3	4.31219e-03	-6.02918e-01	1.49799e+01
110	1	75	0	2	3	4.55123e-03	-6.24866e-01	1.64797e+01
110	1	76	0	2	3	3.78127e-03	-5.64388e-01	1.49575e+01
110	1	77	0	2	3	4.18782e-03	-5.99229e-01	1.60587e+01
110	1	78	0	2	3	4.59306e-03	-6.26857e-01	1.54133e+01
110	1	79	0	2	3	4.14683e-03	-5.93686e-01	1.58531e+01
110	1	80	0	2	3	4.01869e-03	-5.77041e-01	1.50080e+01
110	1	81	0	2	3	3.98174e-03	-5.78385e-01	1.48833e+01
110	1	82	0	2	3	4.42543e-03	-6.09234e-01	1.64846e+01
110	1	83	0	2	3	4.26267e-03	-5.87468e-01	1.52467e+01
110	1	84	0	2	3	3.82490e-03	-5.56144e-01	1.40971e+01
110	1	85	0	2	3	3.82623e-03	-5.64950e-01	1.48670e+01
110	1	86	0	2	3	4.26156e-03	-6.02488e-01	1.62093e+01
110	1	87	0	2	3	4.21111e-03	-5.87838e-01	1.40085e+01
110	1	88	0	2	3	4.07753e-03	-5.87412e-01	1.56915e+01
110	1	89	0	2	3	3.91792e-03	-5.76337e-01	1.47538e+01
110	1	90	0	2	3	4.08298e-03	-5.89410e-01	1.48808e+01
110	1	91	0	2	3	4.06512e-03	-5.81171e-01	1.56680e+01
110	1	92	0	2	3	3.79104e-03	-5.59612e-01	1.47128e+01
110	1	93	0	2	3	3.90573e-03	-5.70891e-01	1.51301e+01
110	1	94	0	2	3	4.25122e-03	-6.04688e-01	1.63564e+01
110	1	95	0	2	3	4.07633e-03	-5.90299e-01	1.52288e+01
110	1	96	0	2	3	3.95615e-03	-5.73883e-01	1.46406e+01
110	1	97	0	2	3	4.19649e-03	-5.90592e-01	1.58899e+01
110	1	98	0	2	3	4.29488e-03	-6.20183e-01	1.69431e+01
110	1	99	0	2	3	4.24827e-03	-5.96646e-01	1.53797e+01
110	1	100	0	2	3	3.82864e-03	-5.56193e-01	1.48435e+01
110	1	101	0	2	3	3.92916e-03	-5.71023e-01	1.54281e+01
110	1	102	0	2	3	4.41346e-03	-6.18529e-01	1.60054e+01
110	1	103	0	2	3	4.13225e-03	-5.90339e-01	1.51883e+01
110	1	104	0	2	3	3.99402e-03	-5.81596e-01	1.53637e+01
110	1	105	0	2	3	3.83844e-03	-5.66700e-01	1.51399e+01
110	1	106	0	2	3	4.76866e-03	-6.45803e-01	1.73338e+01
110	1	107	0	2	3	4.32852e-03	-6.00625e-01	1.54476e+01
110	1	108	0	2	3	3.89153e-03	-5.73568e-01	1.59370e+01
110	1	109	0	2	3	3.46960e-03	-5.47366e-01	1.54518e+01
110	1	110	0	2	3	4.50677e-03	-6.21036e-01	1.60311e+01
110	1	111	0	2	3	4.18360e-03	-6.00472e-01	1.68166e+01
110	1	112	0	2	3	3.91154e-03	-5.77925e-01	1.51362e+01
110	1	113	0	2	3	3.90368e-03	-5.73888e-01	1.53862e+01
110	1	114	0	2	3	4.41234e-03	-6.16635e-01	1.55920e+01
110	1	115	0	2	3	4.66986e-03	-6.29405e-01	1.60704e+01
110	1	116	0	2	3	4.28578e-03	-6.02415e-01	1.56793e+01
110	1	117	0	2	3	3.23313e-03	-5.22307e-01	1.43530e+01
110	1	118	0	2	3	4.33551e-03	-6.05125e-01	1.48338e+01
110	1	119	0	2	3	4.88032e-03	-6.43253e-01	1.66556e+01
110	1	120	0	2	3	3.82901e-03	-5.68684e-01	1.47986e+01
110	1	121	0	2	3	4.20882e-03	-5.91477e-01	1.53546e+01
110	1	122	0	2	3	4.96170e-03	-6.62611e-01	1.79525e+01
110	1	123	0	2	3	3.65767e-03	-5.62290e-01	1.64384e+01
110	1	124	0	2	3	4.48523e-03	-6.10824e-01	1.51695e+01
110	1	125	0	2	3	3.44133e-03	-5.38755e-01	1.47490e+01
110	1	126	0	2	3	5.40614e-03	-6.82408e-01	1.71484e+01
110	1	127	0	2	3	4.67214e-03	-6.23524e-01	1.60268e+01
110	1	128	0	2	3	3.43825e-03	-5.64999e-01	1.57718e+01
110	1	129	0	2	3	5.27341e-03	-7.05248e-01	1.84047e+01
110	1	130	0	2	3	4.45395e-03	-6.30070e-01	1.58633e+01
110	1	131	0	2	3	4.49564e-03	-6.20409e-01	1.60277e+01
110	1	132	0	2	3	4.32668e-03	-6.25587e-01	1.70255e+01
110	1	133	0	2	3	4.71195e-03	-6.33280e-01	1.60304e+01
110	1	134	0	2	3	3.14765e-03	-5.37723e-01	1.53022e+01
110	1	135	0	2	3	4.22165e-03	-5.85570e-01	1.53974e+01
110	1	136	0	2	3	2.42716e-03	-4.89729e-01	1.48339e+01
110	1	137	0	2	3	4.57361e-03	-6.31410e-01	1.66409e+01
110	1	138	0	2	3	3.20878e-03	-5.37023e-01	1.46739e+01
110	1	139	0	2	3	5.04842e-03	-6.58145e-01	1.70323e+01
110	1	140	0	2	3	4.83875e-04	-3.24530e-01	1.04273e+01
110	1	141	0	2	3	3.21895e-03	-5.35829e-01	1.43690e+01
110	1	142	0	2	3	1.72923e-03	-3.98943e-01	1.13021e+01
110	1	143	0	2	3	-7.11954e-03	2.45368e-01	6.32429e-01
110	1	144	0	2	3	2.88976e-03	-4.91927e-01	1.44683e+01
110	1	145	0	2	3	2.52947e-03	-4.80182e-01	1.37140e+01
110	1	146	0	2	3	-7.82278e-03	2.89799e-01	-5.58821e-01
110	1	147	0	2	3	5.18889e-03	-6.77067e-01	1.64760e+01
110	1	148	0	2	3	6.84550e-03	-7.72049e-01	1.76530e+01
110	1	149	0	2	3	-4.14229e-03	7.93289e-02	2.62405e+00
110	1	150	0	2	3	4.33428e-03	-6.33970e-01	1.71062e+01
110	1	151	0	2	3	-6.66930e-03	1.99414e-01	1.23056e+00
110	1	152	0	2	3	7.99003e-04	-3.45345e-01	1.19625e+01
110	1	153	0	2	3	9.42714e-04	-3.97314e-01	1.36327e+01
110	1	154	0	2	3	1.87500e-03	-4.19563e-01	1.25732e+01
110	1	155	0	2	3	6.25580e-03	-7.41193e-01	1.70285e+01
110	1	156	0	2	3	4.03027e-04	-3.49414e-01	1.18863e+01
110	1	157	0	2	3	1.79519e-04	-3.04691e-01	1.12079e+01
110	1	158	0	2	3	-4.92669e-03	3.76177e-02	5.65836e+00
110	1	159	0	2	3	-3.04882e-05	-2.97648e-01	1.14539e+01
