##
#  file: HodoPHCParam_Dummy
#  date: 2016.06.15
#  note: first version
#
#
#######################################################################
# CId	PlId	Seg	UorD	Type	nParam	p0	p1	...
#
#	Type=0 no correction will be performed
#	Type=1 ct=t-p[0]/sqrt(a-p[1])+p[2]
#	Type=2 ct=p[0]*a*a + p[1]*a + p[2] for Fiber
#
#######################################################################
# BH1 Up                                                              #
#######################################################################
1	0	0	0	1	3	9.72882e+01	-2.42381e+01	1.93388e+01
1	0	1	0	1	3	8.39811e-01	2.30870e-01	9.07677e-01
1	0	2	0	1	3	7.96271e-01	2.02772e-01	8.76313e-01
1	0	3	0	1	3	1.24269e+00	-1.47574e-01	1.19840e+00
1	0	4	0	1	3	1.09931e+00	-7.72769e-02	1.08260e+00
1	0	5	0	1	3	1.05845e+00	1.40683e-01	1.18835e+00
1	0	6	0	1	3	1.24845e+00	-7.32092e-02	1.22011e+00
1	0	7	0	1	3	1.38494e+00	-1.69323e-01	1.29113e+00
1	0	8	0	1	3	1.12943e+00	-1.85789e-01	1.05048e+00
1	0	9	0	1	3	1.39270e+00	-1.82072e-01	1.30041e+00
1	0	10	0	1	3	1.71493e+02	-3.15885e+01	3.00372e+01
#######################################################################
# BH1 Down                                                            #
#######################################################################
1	0	0	1	1	3	1.69589e+00	-2.63702e-01	1.46458e+00
1	0	1	1	1	3	6.65147e-01	3.06785e-01	7.74182e-01
1	0	2	1	1	3	1.69164e+00	-4.50471e-01	1.36238e+00
1	0	3	1	1	3	7.14482e+01	-2.23619e+01	1.47724e+01
1	0	4	1	1	3	1.42431e+00	-1.84323e-01	1.31423e+00
1	0	5	1	1	3	1.48351e+00	-1.17877e-01	1.40777e+00
1	0	6	1	1	3	1.64799e+00	-3.01989e-01	1.48452e+00
1	0	7	1	1	3	1.48685e+00	-1.75507e-01	1.38619e+00
1	0	8	1	1	3	5.71792e-01	2.68423e-01	6.99614e-01
1	0	9	1	1	3	1.07020e+00	4.47097e-02	1.11772e+00
1	0	10	1	1	3	5.19525e-01	3.65790e-01	6.45791e-01
#######################################################################
# BH2 Up                                                              #
#######################################################################
2	0	0	0	1	3	-2.60577e-01	4.03672e-01	-4.16015e-01
2	0	1	0	1	3	-6.26450e+01	-2.01653e+01	-1.36487e+01
2	0	2	0	1	3	-2.41833e+02	-5.25414e+01	-3.30872e+01
2	0	3	0	1	3	-1.51019e+02	-3.69633e+01	-2.45340e+01
2	0	4	0	1	3	-7.38458e-01	6.73947e-03	-7.85207e-01
2	0	5	0	1	3	-1.92680e+02	-4.62018e+01	-2.80359e+01
2	0	6	0	1	3	-8.41959e+01	-2.50093e+01	-1.64441e+01
2	0	7	0	1	3	-6.43931e+02	-1.14423e+02	-5.98621e+01
#######################################################################
# BH2 Down                                                            #
#######################################################################
2	0	0	1	1	3	-2.60577e-01	4.03672e-01	-4.16015e-01
2	0	1	1	1	3	-6.26450e+01	-2.01653e+01	-1.36487e+01
2	0	2	1	1	3	-2.41833e+02	-5.25414e+01	-3.30872e+01
2	0	3	1	1	3	-1.51019e+02	-3.69633e+01	-2.45340e+01
2	0	4	1	1	3	-7.38458e-01	6.73947e-03	-7.85207e-01
2	0	5	1	1	3	-1.92680e+02	-4.62018e+01	-2.80359e+01
2	0	6	1	1	3	-8.41959e+01	-2.50093e+01	-1.64441e+01
2	0	7	1	1	3	-6.43931e+02	-1.14423e+02	-5.98621e+01
#######################################################################
# BAC                                                                 #
#######################################################################
3	0	0	0	1	3	0.00000e+00	0.00000e+00	0.00000e+00
3	0	1	0	1	3	0.00000e+00	0.00000e+00	0.00000e+00
#######################################################################
# FBH Up                                                              #
#######################################################################
4	0	0	0	2	3	-5.62952e-03	8.96903e-01	-3.53273e+01
4	0	1	0	2	3	-4.29399e-03	7.37975e-01	-3.00049e+01
4	0	2	0	2	3	-5.26894e-03	8.67305e-01	-3.38992e+01
4	0	3	0	2	3	-3.80183e-03	6.69237e-01	-2.72260e+01
4	0	4	0	2	3	-4.35014e-03	7.35785e-01	-2.92008e+01
4	0	5	0	2	3	-4.02541e-03	6.86907e-01	-2.70312e+01
4	0	6	0	2	3	-4.16660e-03	7.08229e-01	-2.81512e+01
4	0	7	0	2	3	-3.93117e-03	6.84759e-01	-2.69101e+01
4	0	8	0	2	3	-4.14423e-03	6.96902e-01	-2.65883e+01
4	0	9	0	2	3	-2.83372e-03	5.62925e-01	-2.20787e+01
4	0	10	0	2	3	-4.07944e-03	7.09420e-01	-2.75603e+01
4	0	11	0	2	3	-3.50961e-03	6.50113e-01	-2.64167e+01
4	0	12	0	2	3	-3.52415e-03	6.49734e-01	-2.67232e+01
4	0	13	0	2	3	-4.13420e-03	7.26957e-01	-2.99675e+01
4	0	14	0	2	3	-4.90315e-03	8.27563e-01	-3.35630e+01
4	0	15	0	2	3	-4.73048e-03	8.13189e-01	-3.31901e+01
#######################################################################
# FBH Down                                                            #
#######################################################################
4	0	0	1	2	3	-5.62952e-03	8.96903e-01	-3.53273e+01
4	0	1	1	2	3	-4.29399e-03	7.37975e-01	-3.00049e+01
4	0	2	1	2	3	-5.26894e-03	8.67305e-01	-3.38992e+01
4	0	3	1	2	3	-3.80183e-03	6.69237e-01	-2.72260e+01
4	0	4	1	2	3	-4.35014e-03	7.35785e-01	-2.92008e+01
4	0	5	1	2	3	-4.02541e-03	6.86907e-01	-2.70312e+01
4	0	6	1	2	3	-4.16660e-03	7.08229e-01	-2.81512e+01
4	0	7	1	2	3	-3.93117e-03	6.84759e-01	-2.69101e+01
4	0	8	1	2	3	-4.14423e-03	6.96902e-01	-2.65883e+01
4	0	9	1	2	3	-2.83372e-03	5.62925e-01	-2.20787e+01
4	0	10	1	2	3	-4.07944e-03	7.09420e-01	-2.75603e+01
4	0	11	1	2	3	-3.50961e-03	6.50113e-01	-2.64167e+01
4	0	12	1	2	3	-3.52415e-03	6.49734e-01	-2.67232e+01
4	0	13	1	2	3	-4.13420e-03	7.26957e-01	-2.99675e+01
4	0	14	1	2	3	-4.90315e-03	8.27563e-01	-3.35630e+01
4	0	15	1	2	3	-4.73048e-03	8.13189e-01	-3.31901e+01
#######################################################################
# PVAC                                                                #
#######################################################################
5	0	0	0	1	3	0.00000e+00	0.00000e+00	0.00000e+00
#######################################################################
# FAC                                                                 #
#######################################################################
6	0	0	0	1	3	0.00000e+00	0.00000e+00	0.00000e+00
#######################################################################
# SCH                                                                 #
#######################################################################
#7	0	0	0	2	3	-0.00500000	0.821213	-32.185321
#7	0	1	0	2	3	-0.00500000	0.830248	-32.269563
#7	0	2	0	2	3	-0.00500000	0.793073	-29.315934
#7	0	3	0	2	3	-0.00500000	0.772144	-28.276705
#7	0	4	0	2	3	-0.00500000	0.801968	-30.687167
#7	0	5	0	2	3	-0.00500000	0.778300	-28.439251
#7	0	6	0	2	3	-0.00500000	0.765872	-27.918181
#7	0	7	0	2	3	-0.00500000	0.738459	-26.016797
#7	0	8	0	2	3	-0.00500000	0.778318	-28.676371
#7	0	9	0	2	3	-0.00500000	0.776670	-28.892887
#7	0	10	0	2	3	-0.00500000	0.764278	-28.122474
#7	0	11	0	2	3	-0.00500000	0.790742	-29.423647
#7	0	12	0	2	3	-0.00500000	0.811330	-30.487019
#7	0	13	0	2	3	-0.00500000	0.818750	-30.891512
#7	0	14	0	2	3	-0.00500000	0.802541	-30.009136
#7	0	15	0	2	3	-0.00500000	0.809525	-30.751746
#7	0	16	0	2	3	-0.00500000	0.802597	-30.845509
#7	0	17	0	2	3	-0.00500000	0.835028	-32.780792
#7	0	18	0	2	3	-0.00500000	0.859176	-33.938731
#7	0	19	0	2	3	-0.00500000	0.814851	-31.445396
#7	0	20	0	2	3	-0.00500000	0.809426	-30.781087
#7	0	21	0	2	3	-0.00500000	0.780678	-28.888756
#7	0	22	0	2	3	-0.00500000	0.808206	-30.719604
#7	0	23	0	2	3	-0.00500000	0.774024	-27.858339
#7	0	24	0	2	3	-0.00500000	0.794308	-29.022101
#7	0	25	0	2	3	-0.00500000	0.775649	-27.980186
#7	0	26	0	2	3	-0.00500000	0.788483	-28.687567
#7	0	27	0	2	3	-0.00466315	0.771386	-29.253260
#7	0	28	0	2	3	-0.00483132	0.790854	-28.637741
#7	0	29	0	2	3	-0.00497049	0.812994	-30.786914
#7	0	30	0	2	3	-0.00500000	0.787793	-28.362716
#7	0	31	0	2	3	-0.00500000	0.790759	-28.876812
#7	0	32	0	2	3	-0.00500000	0.824826	-31.655285
#7	0	33	0	2	3	-0.00500000	0.845304	-33.407765
#7	0	34	0	2	3	-0.00500000	0.832263	-32.939799
#7	0	35	0	2	3	-0.00500000	0.820631	-31.695372
#7	0	36	0	2	3	-0.00500000	0.836997	-33.200590
#7	0	37	0	2	3	-0.00500000	0.819690	-32.097193
#7	0	38	0	2	3	-0.00500000	0.808109	-31.263214
#7	0	39	0	2	3	-0.00500000	0.815224	-31.135523
#7	0	40	0	2	3	-0.00500000	0.803398	-29.897923
#7	0	41	0	2	3	-0.00500000	0.815685	-31.165519
#7	0	42	0	2	3	-0.00500000	0.812980	-30.737261
#7	0	43	0	2	3	-0.00500000	0.829418	-32.693307
#7	0	44	0	2	3	-0.00500000	0.789530	-29.464920
#7	0	45	0	2	3	-0.00500000	0.804789	-31.208151
#7	0	46	0	2	3	-0.00500000	0.830106	-32.806514
#7	0	47	0	2	3	-0.00500000	0.819206	-31.373242
#7	0	48	0	2	3	-0.00500000	0.816165	-31.709319
#7	0	49	0	2	3	-0.00500000	0.798496	-30.201709
#7	0	50	0	2	3	-0.00500000	0.812167	-31.795745
#7	0	51	0	2	3	-0.00500000	0.810749	-31.375226
#7	0	52	0	2	3	-0.00500000	0.803385	-31.372512
#7	0	53	0	2	3	-0.00500000	0.777405	-29.262831
#7	0	54	0	2	3	-0.00500000	0.783954	-29.763410
#7	0	55	0	2	3	-0.00500000	0.789443	-29.976449
#7	0	56	0	2	3	-0.00500000	0.838828	-33.261086
#7	0	57	0	2	3	-0.00500000	0.804421	-30.573195
#7	0	58	0	2	3	-0.00500000	0.773283	-29.111048
#7	0	59	0	2	3	-0.00500000	0.811789	-31.449459
#7	0	60	0	2	3	-0.00500000	0.759724	-28.110014
#7	0	61	0	2	3	-0.00500000	0.810884	-31.379063
#7	0	62	0	2	3	-0.00500000	0.771910	-28.435006
#7	0	63	0	2	3	-0.00500000	0.796658	-30.511906
#######################################################################
# TOF Up                                                              #
#######################################################################
7	0	0	0	1	3	5.24830e+00	-1.96630e+00	2.96170e+00
7	0	1	0	1	3	5.24830e+00	-1.96630e+00	2.96170e+00
7	0	2	0	1	3	5.24830e+00	-1.96630e+00	2.96170e+00
7	0	3	0	1	3	5.24830e+00	-1.96630e+00	2.96170e+00
7	0	4	0	1	3	5.24830e+00	-1.96630e+00	2.96170e+00
7	0	5	0	1	3	5.24830e+00	-1.96630e+00	2.96170e+00
7	0	6	0	1	3	6.97090e+00	-3.03520e+00	3.39910e+00
7	0	7	0	1	3	4.05450e+00	-1.96150e+00	2.30360e+00
7	0	8	0	1	3	1.16940e+02	-2.98600e+01	2.09880e+01
7	0	9	0	1	3	5.24830e+00	-1.96630e+00	2.96170e+00
7	0	10	0	1	3	5.24830e+00	-1.96630e+00	2.96170e+00
7	0	11	0	1	3	5.24830e+00	-1.96630e+00	2.96170e+00
7	0	12	0	1	3	5.24830e+00	-1.96630e+00	2.96170e+00
7	0	13	0	1	3	5.24830e+00	-1.96630e+00	2.96170e+00
7	0	14	0	1	3	5.24830e+00	-1.96630e+00	2.96170e+00
7	0	15	0	1	3	5.24830e+00	-1.96630e+00	2.96170e+00
7	0	16	0	1	3	5.24830e+00	-1.96630e+00	2.96170e+00
7	0	17	0	1	3	5.24830e+00	-1.96630e+00	2.96170e+00
7	0	18	0	1	3	5.24830e+00	-1.96630e+00	2.96170e+00
7	0	19	0	1	3	7.11491e-01	1.85180e-03	5.82402e-01
7	0	20	0	1	3	5.59404e-01	-1.73810e-03	4.50716e-01
7	0	21	0	1	3	8.92499e-01	1.99900e-03	7.37364e-01
7	0	22	0	1	3	6.37553e-01	1.99960e-03	5.45449e-01
7	0	23	0	1	3	1.19210e+00	1.98920e-03	9.99994e-01
#######################################################################
# TOF Down                                                            #
#######################################################################
7	0	0	1	1	3	5.84300e+00	-2.30730e+00	3.11320e+00
7	0	1	1	1	3	5.84300e+00	-2.30730e+00	3.11320e+00
7	0	2	1	1	3	5.84300e+00	-2.30730e+00	3.11320e+00
7	0	3	1	1	3	5.84300e+00	-2.30730e+00	3.11320e+00
7	0	4	1	1	3	5.84300e+00	-2.30730e+00	3.11320e+00
7	0	5	1	1	3	5.84300e+00	-2.30730e+00	3.11320e+00
7	0	6	1	1	3	1.41330e+01	-5.81170e+00	5.32680e+00
7	0	7	1	1	3	7.84850e+01	-2.02870e+01	1.69500e+01
7	0	8	1	1	3	2.20240e+02	-3.62440e+01	3.60080e+01
7	0	9	1	1	3	5.84300e+00	-2.30730e+00	3.11320e+00
7	0	10	1	1	3	5.84300e+00	-2.30730e+00	3.11320e+00
7	0	11	1	1	3	5.84300e+00	-2.30730e+00	3.11320e+00
7	0	12	1	1	3	5.84300e+00	-2.30730e+00	3.11320e+00
7	0	13	1	1	3	5.84300e+00	-2.30730e+00	3.11320e+00
7	0	14	1	1	3	5.84300e+00	-2.30730e+00	3.11320e+00
7	0	15	1	1	3	5.84300e+00	-2.30730e+00	3.11320e+00
7	0	16	1	1	3	5.84300e+00	-2.30730e+00	3.11320e+00
7	0	17	1	1	3	5.84300e+00	-2.30730e+00	3.11320e+00
7	0	18	1	1	3	5.84300e+00	-2.30730e+00	3.11320e+00
7	0	19	1	1	3	6.18741e-01	1.99860e-03	4.90831e-01
7	0	20	1	1	3	5.75901e-01	1.04210e-03	4.72509e-01
7	0	21	1	1	3	9.41046e-01	1.99890e-03	7.79357e-01
7	0	22	1	1	3	4.84266e-01	-1.95590e-03	3.99786e-01
7	0	23	1	1	3	8.97714e-01	1.99860e-03	7.56300e-01
#######################################################################
# BFT U                                                               #
#######################################################################
110	0	0	0	2	3	1.49594e-02	-1.03468e+00	1.82768e+01
110	0	1	0	2	3	-1.14010e-02	4.78436e-01	4.39419e-01
110	0	2	0	2	3	1.62029e-03	-3.88145e-01	1.31854e+01
110	0	3	0	2	3	5.47588e-03	-7.06899e-01	1.79802e+01
110	0	4	0	2	3	1.78583e-03	-4.19609e-01	1.36482e+01
110	0	5	0	2	3	-8.47518e-05	-3.06974e-01	1.27663e+01
110	0	6	0	2	3	4.21507e-03	-6.23054e-01	1.72083e+01
110	0	7	0	2	3	7.08260e-03	-7.84112e-01	1.98555e+01
110	0	8	0	2	3	-1.05958e-03	-2.32045e-01	1.03055e+01
110	0	9	0	2	3	5.97266e-03	-6.97602e-01	1.82408e+01
110	0	10	0	2	3	2.09835e-03	-4.44733e-01	1.29607e+01
110	0	11	0	2	3	3.89919e-03	-5.71747e-01	1.64895e+01
110	0	12	0	2	3	4.94767e-03	-6.43539e-01	1.65818e+01
110	0	13	0	2	3	5.00060e-03	-6.38862e-01	1.73265e+01
110	0	14	0	2	3	2.95538e-03	-5.00771e-01	1.39380e+01
110	0	15	0	2	3	4.37448e-03	-6.07978e-01	1.71216e+01
110	0	16	0	2	3	3.11109e-03	-5.09893e-01	1.40542e+01
110	0	17	0	2	3	3.56546e-03	-5.44453e-01	1.54855e+01
110	0	18	0	2	3	1.65585e-03	-4.18729e-01	1.24692e+01
110	0	19	0	2	3	5.55415e-03	-6.85967e-01	1.59778e+01
110	0	20	0	2	3	2.66360e-03	-4.69265e-01	1.35901e+01
110	0	21	0	2	3	-1.02964e-03	-2.01866e-01	1.05501e+01
110	0	22	0	2	3	2.64338e-03	-4.76669e-01	1.37439e+01
110	0	23	0	2	3	4.68232e-03	-6.17422e-01	1.66675e+01
110	0	24	0	2	3	3.76149e-03	-5.50473e-01	1.53314e+01
110	0	25	0	2	3	2.98864e-03	-4.89939e-01	1.48615e+01
110	0	26	0	2	3	3.91481e-03	-5.63244e-01	1.52109e+01
110	0	27	0	2	3	4.50198e-03	-5.97612e-01	1.61510e+01
110	0	28	0	2	3	5.02743e-03	-6.30034e-01	1.46944e+01
110	0	29	0	2	3	2.83843e-03	-4.79497e-01	1.36912e+01
110	0	30	0	2	3	3.79074e-03	-5.62985e-01	1.52384e+01
110	0	31	0	2	3	4.29119e-03	-5.89527e-01	1.61166e+01
110	0	32	0	2	3	3.13664e-03	-5.31065e-01	1.52232e+01
110	0	33	0	2	3	3.58999e-03	-5.37350e-01	1.36293e+01
110	0	34	0	2	3	3.76644e-03	-5.60950e-01	1.52098e+01
110	0	35	0	2	3	4.50985e-03	-6.05978e-01	1.63551e+01
110	0	36	0	2	3	3.68100e-03	-5.44141e-01	1.47400e+01
110	0	37	0	2	3	4.12659e-03	-5.84621e-01	1.70698e+01
110	0	38	0	2	3	4.13436e-03	-5.77177e-01	1.48198e+01
110	0	39	0	2	3	4.36456e-03	-6.02867e-01	1.71991e+01
110	0	40	0	2	3	3.51093e-03	-5.33392e-01	1.34544e+01
110	0	41	0	2	3	4.21612e-03	-5.79954e-01	1.66284e+01
110	0	42	0	2	3	4.42569e-03	-5.96846e-01	1.50758e+01
110	0	43	0	2	3	4.81611e-03	-6.38246e-01	1.74992e+01
110	0	44	0	2	3	3.55583e-03	-5.47737e-01	1.49912e+01
110	0	45	0	2	3	3.64983e-03	-5.42286e-01	1.56438e+01
110	0	46	0	2	3	3.91816e-03	-5.75527e-01	1.56107e+01
110	0	47	0	2	3	4.70267e-03	-6.29021e-01	1.83479e+01
110	0	48	0	2	3	3.69592e-03	-5.49291e-01	1.38770e+01
110	0	49	0	2	3	4.75968e-03	-6.23946e-01	1.75621e+01
110	0	50	0	2	3	4.02030e-03	-5.71086e-01	1.56250e+01
110	0	51	0	2	3	5.14168e-03	-6.57045e-01	1.81169e+01
110	0	52	0	2	3	3.71066e-03	-5.51338e-01	1.45357e+01
110	0	53	0	2	3	3.79355e-03	-5.48240e-01	1.48976e+01
110	0	54	0	2	3	3.49679e-03	-5.39868e-01	1.47822e+01
110	0	55	0	2	3	3.93876e-03	-5.65852e-01	1.63429e+01
110	0	56	0	2	3	3.81548e-03	-5.70698e-01	1.53715e+01
110	0	57	0	2	3	4.47169e-03	-6.03688e-01	1.66392e+01
110	0	58	0	2	3	4.18343e-03	-5.89343e-01	1.67289e+01
110	0	59	0	2	3	4.35885e-03	-6.14979e-01	1.83233e+01
110	0	60	0	2	3	3.67109e-03	-5.58237e-01	1.48314e+01
110	0	61	0	2	3	3.49468e-03	-5.31796e-01	1.50701e+01
110	0	62	0	2	3	4.76203e-03	-6.27313e-01	1.62073e+01
110	0	63	0	2	3	3.60424e-03	-5.43799e-01	1.52666e+01
110	0	64	0	2	3	3.79334e-03	-5.66438e-01	1.56190e+01
110	0	65	0	2	3	3.93658e-03	-5.66555e-01	1.56432e+01
110	0	66	0	2	3	5.33462e-03	-6.83885e-01	1.78953e+01
110	0	67	0	2	3	4.33396e-03	-6.03749e-01	1.66076e+01
110	0	68	0	2	3	3.65171e-03	-5.65348e-01	1.62177e+01
110	0	69	0	2	3	4.11008e-03	-5.75802e-01	1.63506e+01
110	0	70	0	2	3	4.17666e-03	-6.11105e-01	1.60589e+01
110	0	71	0	2	3	4.13636e-03	-5.87997e-01	1.60600e+01
110	0	72	0	2	3	3.92630e-03	-5.76763e-01	1.51597e+01
110	0	73	0	2	3	3.78040e-03	-5.64899e-01	1.61443e+01
110	0	74	0	2	3	3.81352e-03	-5.73715e-01	1.61759e+01
110	0	75	0	2	3	3.99323e-03	-5.71604e-01	1.54048e+01
110	0	76	0	2	3	3.38403e-03	-5.35628e-01	1.45697e+01
110	0	77	0	2	3	3.21526e-03	-5.17225e-01	1.48239e+01
110	0	78	0	2	3	4.31796e-03	-6.11893e-01	1.62549e+01
110	0	79	0	2	3	5.05726e-03	-6.43376e-01	1.65371e+01
110	0	80	0	2	3	4.47416e-03	-6.09662e-01	1.58481e+01
110	0	81	0	2	3	4.48307e-03	-5.96495e-01	1.57490e+01
110	0	82	0	2	3	3.96958e-03	-5.71112e-01	1.57301e+01
110	0	83	0	2	3	4.56302e-03	-6.20225e-01	1.72165e+01
110	0	84	0	2	3	2.50501e-03	-4.74830e-01	1.41161e+01
110	0	85	0	2	3	4.35719e-03	-5.97124e-01	1.62256e+01
110	0	86	0	2	3	5.19372e-03	-6.69185e-01	1.71914e+01
110	0	87	0	2	3	5.20109e-03	-6.66314e-01	1.87445e+01
110	0	88	0	2	3	3.54636e-03	-5.45278e-01	1.47006e+01
110	0	89	0	2	3	4.34526e-03	-5.99505e-01	1.59169e+01
110	0	90	0	2	3	3.92143e-03	-5.80102e-01	1.55482e+01
110	0	91	0	2	3	4.65474e-03	-6.30504e-01	1.70821e+01
110	0	92	0	2	3	4.14340e-03	-5.92384e-01	1.64079e+01
110	0	93	0	2	3	3.93869e-03	-5.72894e-01	1.52661e+01
110	0	94	0	2	3	4.89374e-03	-6.54454e-01	1.85033e+01
110	0	95	0	2	3	3.76450e-03	-5.67107e-01	1.58709e+01
110	0	96	0	2	3	4.14256e-03	-5.94823e-01	1.61895e+01
110	0	97	0	2	3	3.83891e-03	-5.65593e-01	1.59255e+01
110	0	98	0	2	3	3.95554e-03	-5.93383e-01	1.62894e+01
110	0	99	0	2	3	4.41357e-03	-6.04266e-01	1.62509e+01
110	0	100	0	2	3	4.09654e-03	-5.79832e-01	1.63287e+01
110	0	101	0	2	3	2.79355e-03	-4.85913e-01	1.43508e+01
110	0	102	0	2	3	4.44163e-03	-6.12393e-01	1.62271e+01
110	0	103	0	2	3	3.99943e-03	-5.76048e-01	1.65250e+01
110	0	104	0	2	3	4.24503e-03	-5.99774e-01	1.59755e+01
110	0	105	0	2	3	4.50539e-03	-6.02741e-01	1.58071e+01
110	0	106	0	2	3	5.15804e-03	-6.68883e-01	1.73019e+01
110	0	107	0	2	3	3.92695e-03	-5.70539e-01	1.59278e+01
110	0	108	0	2	3	4.26213e-03	-6.04154e-01	1.69409e+01
110	0	109	0	2	3	3.50770e-03	-5.48895e-01	1.60548e+01
110	0	110	0	2	3	5.00819e-03	-6.45338e-01	1.64442e+01
110	0	111	0	2	3	5.56682e-03	-6.84999e-01	1.82432e+01
110	0	112	0	2	3	4.05962e-03	-5.79029e-01	1.51813e+01
110	0	113	0	2	3	4.42999e-03	-6.00451e-01	1.67323e+01
110	0	114	0	2	3	3.56395e-03	-5.64689e-01	1.65989e+01
110	0	115	0	2	3	4.50311e-03	-6.11971e-01	1.60620e+01
110	0	116	0	2	3	3.29033e-03	-5.36573e-01	1.54662e+01
110	0	117	0	2	3	3.52324e-03	-5.46035e-01	1.59818e+01
110	0	118	0	2	3	4.67298e-03	-6.29859e-01	1.66428e+01
110	0	119	0	2	3	4.47524e-03	-5.89576e-01	1.54087e+01
110	0	120	0	2	3	2.76963e-03	-5.09522e-01	1.52777e+01
110	0	121	0	2	3	3.83230e-03	-5.61250e-01	1.48060e+01
110	0	122	0	2	3	2.98729e-03	-5.12855e-01	1.52475e+01
110	0	123	0	2	3	6.91317e-03	-7.83371e-01	1.93879e+01
110	0	124	0	2	3	2.64075e-03	-4.83047e-01	1.51427e+01
110	0	125	0	2	3	3.08751e-03	-5.03179e-01	1.21881e+01
110	0	126	0	2	3	3.43224e-03	-5.31732e-01	1.52031e+01
110	0	127	0	2	3	5.04091e-03	-6.47371e-01	1.67204e+01
110	0	128	0	2	3	4.80984e-03	-6.84559e-01	1.86862e+01
110	0	129	0	2	3	3.78937e-03	-5.89782e-01	1.64189e+01
110	0	130	0	2	3	2.61651e-03	-5.12123e-01	1.64496e+01
110	0	131	0	2	3	4.10655e-03	-5.83330e-01	1.59606e+01
110	0	132	0	2	3	2.13701e-03	-4.73378e-01	1.50644e+01
110	0	133	0	2	3	2.79244e-03	-4.98403e-01	1.47676e+01
110	0	134	0	2	3	4.74287e-03	-6.53124e-01	1.84799e+01
110	0	135	0	2	3	3.19070e-03	-5.36438e-01	1.58720e+01
110	0	136	0	2	3	3.69849e-03	-5.64464e-01	1.61068e+01
110	0	137	0	2	3	5.32681e-03	-6.96426e-01	1.88079e+01
110	0	138	0	2	3	5.72280e-03	-7.25372e-01	2.00426e+01
110	0	139	0	2	3	4.46479e-03	-6.24222e-01	1.67854e+01
110	0	140	0	2	3	1.55355e-03	-4.14789e-01	1.36567e+01
110	0	141	0	2	3	3.71898e-03	-5.80761e-01	1.65247e+01
110	0	142	0	2	3	1.85357e-03	-4.31405e-01	1.41009e+01
110	0	143	0	2	3	2.92217e-03	-5.13131e-01	1.54826e+01
110	0	144	0	2	3	2.80097e-03	-5.22542e-01	1.53523e+01
110	0	145	0	2	3	4.11105e-03	-5.86070e-01	1.59105e+01
110	0	146	0	2	3	2.30303e-03	-4.66367e-01	1.48056e+01
110	0	147	0	2	3	3.67880e-03	-5.64273e-01	1.59586e+01
110	0	148	0	2	3	3.87930e-03	-5.82893e-01	1.63402e+01
110	0	149	0	2	3	3.75697e-03	-5.58350e-01	1.54844e+01
110	0	150	0	2	3	2.86047e-03	-5.08246e-01	1.59422e+01
110	0	151	0	2	3	3.68142e-03	-5.78017e-01	1.61763e+01
110	0	152	0	2	3	4.33969e-03	-6.38429e-01	1.80514e+01
110	0	153	0	2	3	3.99871e-03	-5.90187e-01	1.63114e+01
110	0	154	0	2	3	3.70562e-03	-5.72155e-01	1.64021e+01
110	0	155	0	2	3	5.86262e-03	-7.25962e-01	1.89566e+01
110	0	156	0	2	3	2.60920e-03	-4.65557e-01	1.46377e+01
110	0	157	0	2	3	-7.14230e-03	1.49654e-01	5.52403e+00
110	0	158	0	2	3	-2.08997e-02	1.25461e+00	-1.57630e+01
110	0	159	0	2	3	-5.66608e-04	-3.52140e-01	1.46320e+01
#######################################################################
# BFT D                                                               #
#######################################################################
110	1	0	0	2	3	-2.53573e-03	-7.32704e-02	7.86053e+00
110	1	1	0	2	3	-1.23703e-03	-6.06551e-02	5.27111e+00
110	1	2	0	2	3	4.67882e-03	-5.86499e-01	1.49795e+01
110	1	3	0	2	3	-4.60926e-03	7.16202e-02	5.57640e+00
110	1	4	0	2	3	3.48376e-03	-5.17448e-01	1.56370e+01
110	1	5	0	2	3	5.53983e-03	-6.95055e-01	1.92340e+01
110	1	6	0	2	3	1.93457e-03	-4.02248e-01	1.22396e+01
110	1	7	0	2	3	4.66032e-03	-6.08320e-01	1.67239e+01
110	1	8	0	2	3	-4.67548e-04	-2.99205e-01	1.22183e+01
110	1	9	0	2	3	2.40501e-03	-4.80695e-01	1.64609e+01
110	1	10	0	2	3	3.89358e-03	-5.79204e-01	1.62078e+01
110	1	11	0	2	3	4.89752e-03	-6.48865e-01	1.75924e+01
110	1	12	0	2	3	3.61535e-03	-5.48426e-01	1.47073e+01
110	1	13	0	2	3	3.00498e-03	-4.97511e-01	1.54426e+01
110	1	14	0	2	3	5.39283e-03	-6.74143e-01	1.77037e+01
110	1	15	0	2	3	4.89358e-03	-6.40274e-01	1.79408e+01
110	1	16	0	2	3	4.53143e-03	-6.26396e-01	1.63917e+01
110	1	17	0	2	3	3.53104e-03	-5.27889e-01	1.48927e+01
110	1	18	0	2	3	2.69075e-03	-4.92358e-01	1.44023e+01
110	1	19	0	2	3	1.51959e-03	-3.89721e-01	1.30250e+01
110	1	20	0	2	3	2.99284e-03	-5.21190e-01	1.50110e+01
110	1	21	0	2	3	2.67117e-03	-4.85273e-01	1.58089e+01
110	1	22	0	2	3	4.06823e-03	-5.85734e-01	1.54767e+01
110	1	23	0	2	3	3.97750e-03	-5.58574e-01	1.60466e+01
110	1	24	0	2	3	2.66369e-03	-4.88984e-01	1.48410e+01
110	1	25	0	2	3	3.21049e-03	-5.22249e-01	1.58565e+01
110	1	26	0	2	3	3.17203e-03	-5.32144e-01	1.55713e+01
110	1	27	0	2	3	3.87978e-03	-5.67394e-01	1.62972e+01
110	1	28	0	2	3	3.55879e-03	-5.59054e-01	1.50499e+01
110	1	29	0	2	3	3.88098e-03	-5.61698e-01	1.55674e+01
110	1	30	0	2	3	4.55897e-03	-6.24252e-01	1.63534e+01
110	1	31	0	2	3	4.58316e-03	-6.28928e-01	1.71210e+01
110	1	32	0	2	3	4.24968e-03	-6.02610e-01	1.72054e+01
110	1	33	0	2	3	2.22065e-03	-4.68554e-01	1.32584e+01
110	1	34	0	2	3	4.31951e-03	-6.02657e-01	1.55182e+01
110	1	35	0	2	3	5.45705e-03	-7.00585e-01	1.95324e+01
110	1	36	0	2	3	3.89713e-03	-5.68800e-01	1.61312e+01
110	1	37	0	2	3	3.82281e-03	-5.60824e-01	1.48012e+01
110	1	38	0	2	3	3.92079e-03	-5.76424e-01	1.64702e+01
110	1	39	0	2	3	3.63962e-03	-5.51278e-01	1.57342e+01
110	1	40	0	2	3	3.72470e-03	-5.57475e-01	1.57753e+01
110	1	41	0	2	3	2.91206e-03	-5.01345e-01	1.52843e+01
110	1	42	0	2	3	3.22973e-03	-5.21570e-01	1.46706e+01
110	1	43	0	2	3	4.45918e-03	-6.04984e-01	1.67405e+01
110	1	44	0	2	3	3.66289e-03	-5.60493e-01	1.60252e+01
110	1	45	0	2	3	3.44104e-03	-5.46784e-01	1.54246e+01
110	1	46	0	2	3	3.61566e-03	-5.60515e-01	1.50369e+01
110	1	47	0	2	3	4.41031e-03	-6.24117e-01	1.85745e+01
110	1	48	0	2	3	3.82664e-03	-5.68618e-01	1.58168e+01
110	1	49	0	2	3	3.03370e-03	-5.03699e-01	1.46793e+01
110	1	50	0	2	3	4.74063e-03	-6.32428e-01	1.68555e+01
110	1	51	0	2	3	4.72678e-03	-6.33189e-01	1.77767e+01
110	1	52	0	2	3	3.39803e-03	-5.49217e-01	1.48193e+01
110	1	53	0	2	3	3.30970e-03	-5.29333e-01	1.52346e+01
110	1	54	0	2	3	4.03092e-03	-5.95070e-01	1.65930e+01
110	1	55	0	2	3	3.58013e-03	-5.48336e-01	1.63471e+01
110	1	56	0	2	3	4.21493e-03	-6.11495e-01	1.69964e+01
110	1	57	0	2	3	3.49568e-03	-5.43481e-01	1.60027e+01
110	1	58	0	2	3	4.01293e-03	-5.94121e-01	1.74891e+01
110	1	59	0	2	3	3.32328e-03	-5.41866e-01	1.73398e+01
110	1	60	0	2	3	3.79220e-03	-5.68773e-01	1.58726e+01
110	1	61	0	2	3	3.68772e-03	-5.47845e-01	1.56190e+01
110	1	62	0	2	3	3.12874e-03	-5.26461e-01	1.42110e+01
110	1	63	0	2	3	3.71730e-03	-5.60928e-01	1.66375e+01
110	1	64	0	2	3	3.65853e-03	-5.64554e-01	1.62720e+01
110	1	65	0	2	3	4.14539e-03	-5.89719e-01	1.64502e+01
110	1	66	0	2	3	4.76031e-03	-6.47130e-01	1.64041e+01
110	1	67	0	2	3	3.98357e-03	-5.86434e-01	1.56087e+01
110	1	68	0	2	3	3.25663e-03	-5.27562e-01	1.50041e+01
110	1	69	0	2	3	4.42692e-03	-6.12833e-01	1.60515e+01
110	1	70	0	2	3	4.06034e-03	-5.89267e-01	1.64529e+01
110	1	71	0	2	3	3.40821e-03	-5.47735e-01	1.61314e+01
110	1	72	0	2	3	3.23702e-03	-5.31637e-01	1.50242e+01
110	1	73	0	2	3	4.39764e-03	-6.15355e-01	1.78063e+01
110	1	74	0	2	3	4.09950e-03	-5.88108e-01	1.51031e+01
110	1	75	0	2	3	4.26593e-03	-6.06431e-01	1.65849e+01
110	1	76	0	2	3	3.50769e-03	-5.43203e-01	1.49575e+01
110	1	77	0	2	3	3.71953e-03	-5.66343e-01	1.59116e+01
110	1	78	0	2	3	4.27326e-03	-6.08993e-01	1.55787e+01
110	1	79	0	2	3	4.08143e-03	-5.91340e-01	1.62733e+01
110	1	80	0	2	3	3.79483e-03	-5.64770e-01	1.52593e+01
110	1	81	0	2	3	4.23236e-03	-5.94813e-01	1.55708e+01
110	1	82	0	2	3	4.34176e-03	-6.03464e-01	1.68041e+01
110	1	83	0	2	3	3.60313e-03	-5.50258e-01	1.52152e+01
110	1	84	0	2	3	3.09933e-03	-5.13228e-01	1.39501e+01
110	1	85	0	2	3	3.56935e-03	-5.52909e-01	1.52379e+01
110	1	86	0	2	3	4.16878e-03	-5.94797e-01	1.65344e+01
110	1	87	0	2	3	4.53972e-03	-6.09592e-01	1.48193e+01
110	1	88	0	2	3	3.69450e-03	-5.60146e-01	1.57173e+01
110	1	89	0	2	3	3.52124e-03	-5.53128e-01	1.49433e+01
110	1	90	0	2	3	4.32793e-03	-6.03673e-01	1.55563e+01
110	1	91	0	2	3	4.91368e-03	-6.38323e-01	1.60794e+01
110	1	92	0	2	3	3.77951e-03	-5.57950e-01	1.51740e+01
110	1	93	0	2	3	4.18909e-03	-5.92201e-01	1.60539e+01
110	1	94	0	2	3	3.50596e-03	-5.56818e-01	1.61270e+01
110	1	95	0	2	3	4.62396e-03	-6.27468e-01	1.63539e+01
110	1	96	0	2	3	2.84509e-03	-5.05099e-01	1.41745e+01
110	1	97	0	2	3	4.05101e-03	-5.84677e-01	1.53700e+01
110	1	98	0	2	3	3.47180e-03	-5.57386e-01	1.62690e+01
110	1	99	0	2	3	3.25524e-03	-5.35285e-01	1.50360e+01
110	1	100	0	2	3	3.15038e-03	-5.08804e-01	1.45782e+01
110	1	101	0	2	3	3.06110e-03	-5.07980e-01	1.38613e+01
110	1	102	0	2	3	4.38447e-03	-6.20881e-01	1.66615e+01
110	1	103	0	2	3	5.64955e-03	-6.92748e-01	1.74313e+01
110	1	104	0	2	3	4.08486e-03	-5.86787e-01	1.60245e+01
110	1	105	0	2	3	3.41114e-03	-5.40335e-01	1.43340e+01
110	1	106	0	2	3	3.88812e-03	-5.77423e-01	1.66184e+01
110	1	107	0	2	3	3.82098e-03	-5.75381e-01	1.47958e+01
110	1	108	0	2	3	3.70192e-03	-5.60242e-01	1.62823e+01
110	1	109	0	2	3	3.26798e-03	-5.36566e-01	1.49239e+01
110	1	110	0	2	3	1.82610e-03	-4.43834e-01	1.38161e+01
110	1	111	0	2	3	3.26108e-03	-5.35942e-01	1.63583e+01
110	1	112	0	2	3	3.92312e-03	-5.72874e-01	1.55283e+01
110	1	113	0	2	3	3.16855e-03	-5.14450e-01	1.48406e+01
110	1	114	0	2	3	4.10386e-03	-5.92581e-01	1.56997e+01
110	1	115	0	2	3	4.31999e-03	-6.02434e-01	1.62117e+01
110	1	116	0	2	3	3.99756e-03	-5.82016e-01	1.59330e+01
110	1	117	0	2	3	3.19763e-03	-5.23811e-01	1.51155e+01
110	1	118	0	2	3	3.83085e-03	-5.70221e-01	1.48941e+01
110	1	119	0	2	3	3.04305e-03	-5.17393e-01	1.51879e+01
110	1	120	0	2	3	4.78427e-03	-6.36299e-01	1.66624e+01
110	1	121	0	2	3	2.59537e-03	-4.79624e-01	1.40808e+01
110	1	122	0	2	3	4.74386e-03	-6.44800e-01	1.83079e+01
110	1	123	0	2	3	3.53063e-03	-5.50501e-01	1.68753e+01
110	1	124	0	2	3	4.35619e-03	-6.00944e-01	1.56863e+01
110	1	125	0	2	3	4.35350e-03	-6.15624e-01	1.70681e+01
110	1	126	0	2	3	3.18477e-03	-5.16485e-01	1.47929e+01
110	1	127	0	2	3	4.00033e-03	-5.82154e-01	1.61611e+01
110	1	128	0	2	3	4.41174e-03	-6.30344e-01	1.75206e+01
110	1	129	0	2	3	4.11910e-03	-6.16032e-01	1.73998e+01
110	1	130	0	2	3	4.12519e-03	-6.16272e-01	1.65207e+01
110	1	131	0	2	3	3.76256e-03	-5.71266e-01	1.59247e+01
110	1	132	0	2	3	3.40827e-03	-5.57624e-01	1.64972e+01
110	1	133	0	2	3	3.94704e-03	-5.78358e-01	1.58470e+01
110	1	134	0	2	3	3.90467e-03	-6.01039e-01	1.72296e+01
110	1	135	0	2	3	3.26711e-03	-5.33464e-01	1.45335e+01
110	1	136	0	2	3	5.31521e-03	-7.04504e-01	1.93965e+01
110	1	137	0	2	3	2.76499e-03	-5.15650e-01	1.54517e+01
110	1	138	0	2	3	3.45999e-03	-5.51491e-01	1.55627e+01
110	1	139	0	2	3	4.22839e-03	-6.01664e-01	1.58098e+01
110	1	140	0	2	3	3.90112e-03	-5.85557e-01	1.60209e+01
110	1	141	0	2	3	4.80238e-03	-6.44754e-01	1.68832e+01
110	1	142	0	2	3	4.50645e-03	-6.16575e-01	1.60715e+01
110	1	143	0	2	3	4.12717e-03	-5.99465e-01	1.69877e+01
110	1	144	0	2	3	2.37330e-03	-4.72223e-01	1.40694e+01
110	1	145	0	2	3	4.82049e-03	-6.48508e-01	1.73873e+01
110	1	146	0	2	3	5.52645e-03	-6.97235e-01	1.79110e+01
110	1	147	0	2	3	3.51480e-03	-5.62294e-01	1.50670e+01
110	1	148	0	2	3	4.42878e-03	-6.30859e-01	1.64448e+01
110	1	149	0	2	3	5.53049e-03	-7.03392e-01	1.88534e+01
110	1	150	0	2	3	3.90496e-03	-5.91290e-01	1.67737e+01
110	1	151	0	2	3	3.59184e-03	-5.60500e-01	1.56270e+01
110	1	152	0	2	3	4.37785e-03	-6.11501e-01	1.73510e+01
110	1	153	0	2	3	2.90993e-03	-5.09995e-01	1.55747e+01
110	1	154	0	2	3	3.16833e-03	-5.40206e-01	1.47390e+01
110	1	155	0	2	3	4.44726e-03	-5.96700e-01	1.57673e+01
110	1	156	0	2	3	2.73982e-03	-4.98723e-01	1.49529e+01
110	1	157	0	2	3	-6.38552e-03	2.48899e-01	4.52256e-01
110	1	158	0	2	3	2.07829e-03	-4.30246e-01	1.44608e+01
110	1	159	0	2	3	-1.30262e-03	-2.23202e-01	1.14816e+01
