##
#  file: HodoPHCParam_Dummy
#  date: 2016.06.15
#  note: first version
#
#
#######################################################################
# CId	PlId	Seg	UorD	Type	nParam	p0	p1	...
#
#	Type=0 no correction will be performed
#	Type=1 ct=t-p[0]/sqrt(a-p[1])+p[2]
#	Type=2 ct=p[0]*a*a + p[1]*a + p[2] for Fiber
#
#######################################################################
# BH1 Up                                                              #
#######################################################################
1	0	0	0	1	3	5.08705e+00	-1.98362e+00	2.93454e+00
1	0	1	0	1	3	6.69706e-01	2.91546e-01	8.10244e-01
1	0	2	0	1	3	5.01779e-01	3.94271e-01	6.64278e-01
1	0	3	0	1	3	7.45330e-01	1.66754e-01	8.56036e-01
1	0	4	0	1	3	8.52890e-01	8.60054e-02	9.27134e-01
1	0	5	0	1	3	1.69981e+00	-1.50393e-01	1.62794e+00
1	0	6	0	1	3	1.58582e+00	-2.35346e-01	1.46587e+00
1	0	7	0	1	3	1.61970e+00	-1.46184e-01	1.54504e+00
1	0	8	0	1	3	1.37546e+00	-2.52696e-01	1.28233e+00
1	0	9	0	1	3	1.74814e+00	-2.76223e-01	1.64100e+00
1	0	10	0	1	3	1.60339e+01	-4.62629e+00	6.81205e+00
#######################################################################
# BH1 Down                                                            #
#######################################################################
1	0	0	1	1	3	1.33519e+00	-9.13138e-02	1.27257e+00
1	0	1	1	1	3	6.24909e-01	2.88647e-01	7.65429e-01
1	0	2	1	1	3	6.68954e-01	2.21542e-01	7.45264e-01
1	0	3	1	1	3	1.32364e+00	-4.57464e-01	1.08318e+00
1	0	4	1	1	3	1.18002e+00	-7.91080e-02	1.17008e+00
1	0	5	1	1	3	2.07299e+00	-4.79828e-01	1.70935e+00
1	0	6	1	1	3	1.96000e+00	-5.20196e-01	1.63958e+00
1	0	7	1	1	3	1.89852e+00	-4.50289e-01	1.60743e+00
1	0	8	1	1	3	1.02469e+00	-6.73213e-02	1.04734e+00
1	0	9	1	1	3	1.64894e+00	-1.85977e-01	1.61292e+00
1	0	10	1	1	3	7.15603e-01	2.22738e-01	8.54972e-01
#######################################################################
# BH2 Up                                                              #
#######################################################################
2	0	0	0	1	3	1.43047e-01	2.98695e-01	2.00085e-01
2	0	1	0	1	3	8.79554e-01	-2.31747e-01	7.85839e-01
2	0	2	0	1	3	5.94572e-01	-4.97541e-01	4.68956e-01
2	0	3	0	1	3	1.91725e-01	3.94747e-02	1.91115e-01
2	0	4	0	1	3	3.31184e-01	-9.38469e-02	3.15823e-01
2	0	5	0	1	3	1.99769e-01	2.70254e-01	2.37321e-01
2	0	6	0	1	3	2.58948e-01	2.41832e-01	3.10133e-01
2	0	7	0	1	3	3.50426e-01	8.80094e-02	3.70898e-01
#######################################################################
# BH2 Down                                                            #
#######################################################################
2	0	0	1	1	3	3.94607e-01	-1.85207e-01	3.84440e-01
2	0	1	1	1	3	9.92155e-01	-3.85817e-01	8.32122e-01
2	0	2	1	1	3	4.10986e-01	-9.27803e-02	3.90143e-01
2	0	3	1	1	3	1.76416e-01	4.84160e-02	1.75490e-01
2	0	4	1	1	3	2.42956e-01	1.23979e-01	2.64593e-01
2	0	5	1	1	3	3.57967e-01	4.32013e-02	3.63973e-01
2	0	6	1	1	3	1.22093e+00	-6.67168e-01	9.30075e-01
2	0	7	1	1	3	2.92156e-01	-4.36810e-03	2.98702e-01
#######################################################################
# BAC                                                                 #
#######################################################################
3	0	0	0	1	3	0.00000e+00	0.00000e+00	0.00000e+00
3	0	1	0	1	3	0.00000e+00	0.00000e+00	0.00000e+00
#######################################################################
# FBH Up                                                              #
#######################################################################
4	0	0	0	2	3	-5.62952e-03	8.96903e-01	-3.53273e+01
4	0	1	0	2	3	-4.29399e-03	7.37975e-01	-3.00049e+01
4	0	2	0	2	3	-5.26894e-03	8.67305e-01	-3.38992e+01
4	0	3	0	2	3	-3.80183e-03	6.69237e-01	-2.72260e+01
4	0	4	0	2	3	-4.35014e-03	7.35785e-01	-2.92008e+01
4	0	5	0	2	3	-4.02541e-03	6.86907e-01	-2.70312e+01
4	0	6	0	2	3	-4.16660e-03	7.08229e-01	-2.81512e+01
4	0	7	0	2	3	-3.93117e-03	6.84759e-01	-2.69101e+01
4	0	8	0	2	3	-4.14423e-03	6.96902e-01	-2.65883e+01
4	0	9	0	2	3	-2.83372e-03	5.62925e-01	-2.20787e+01
4	0	10	0	2	3	-4.07944e-03	7.09420e-01	-2.75603e+01
4	0	11	0	2	3	-3.50961e-03	6.50113e-01	-2.64167e+01
4	0	12	0	2	3	-3.52415e-03	6.49734e-01	-2.67232e+01
4	0	13	0	2	3	-4.13420e-03	7.26957e-01	-2.99675e+01
4	0	14	0	2	3	-4.90315e-03	8.27563e-01	-3.35630e+01
4	0	15	0	2	3	-4.73048e-03	8.13189e-01	-3.31901e+01
#######################################################################
# FBH Down                                                            #
#######################################################################
4	0	0	1	2	3	-5.62952e-03	8.96903e-01	-3.53273e+01
4	0	1	1	2	3	-4.29399e-03	7.37975e-01	-3.00049e+01
4	0	2	1	2	3	-5.26894e-03	8.67305e-01	-3.38992e+01
4	0	3	1	2	3	-3.80183e-03	6.69237e-01	-2.72260e+01
4	0	4	1	2	3	-4.35014e-03	7.35785e-01	-2.92008e+01
4	0	5	1	2	3	-4.02541e-03	6.86907e-01	-2.70312e+01
4	0	6	1	2	3	-4.16660e-03	7.08229e-01	-2.81512e+01
4	0	7	1	2	3	-3.93117e-03	6.84759e-01	-2.69101e+01
4	0	8	1	2	3	-4.14423e-03	6.96902e-01	-2.65883e+01
4	0	9	1	2	3	-2.83372e-03	5.62925e-01	-2.20787e+01
4	0	10	1	2	3	-4.07944e-03	7.09420e-01	-2.75603e+01
4	0	11	1	2	3	-3.50961e-03	6.50113e-01	-2.64167e+01
4	0	12	1	2	3	-3.52415e-03	6.49734e-01	-2.67232e+01
4	0	13	1	2	3	-4.13420e-03	7.26957e-01	-2.99675e+01
4	0	14	1	2	3	-4.90315e-03	8.27563e-01	-3.35630e+01
4	0	15	1	2	3	-4.73048e-03	8.13189e-01	-3.31901e+01
#######################################################################
# PVAC                                                                #
#######################################################################
5	0	0	0	1	3	0.00000e+00	0.00000e+00	0.00000e+00
#######################################################################
# FAC                                                                 #
#######################################################################
6	0	0	0	1	3	0.00000e+00	0.00000e+00	0.00000e+00
#######################################################################
# SCH                                                                 #
#######################################################################
#7	0	0	0	2	3	-0.00500000	0.821213	-32.185321
#7	0	1	0	2	3	-0.00500000	0.830248	-32.269563
#7	0	2	0	2	3	-0.00500000	0.793073	-29.315934
#7	0	3	0	2	3	-0.00500000	0.772144	-28.276705
#7	0	4	0	2	3	-0.00500000	0.801968	-30.687167
#7	0	5	0	2	3	-0.00500000	0.778300	-28.439251
#7	0	6	0	2	3	-0.00500000	0.765872	-27.918181
#7	0	7	0	2	3	-0.00500000	0.738459	-26.016797
#7	0	8	0	2	3	-0.00500000	0.778318	-28.676371
#7	0	9	0	2	3	-0.00500000	0.776670	-28.892887
#7	0	10	0	2	3	-0.00500000	0.764278	-28.122474
#7	0	11	0	2	3	-0.00500000	0.790742	-29.423647
#7	0	12	0	2	3	-0.00500000	0.811330	-30.487019
#7	0	13	0	2	3	-0.00500000	0.818750	-30.891512
#7	0	14	0	2	3	-0.00500000	0.802541	-30.009136
#7	0	15	0	2	3	-0.00500000	0.809525	-30.751746
#7	0	16	0	2	3	-0.00500000	0.802597	-30.845509
#7	0	17	0	2	3	-0.00500000	0.835028	-32.780792
#7	0	18	0	2	3	-0.00500000	0.859176	-33.938731
#7	0	19	0	2	3	-0.00500000	0.814851	-31.445396
#7	0	20	0	2	3	-0.00500000	0.809426	-30.781087
#7	0	21	0	2	3	-0.00500000	0.780678	-28.888756
#7	0	22	0	2	3	-0.00500000	0.808206	-30.719604
#7	0	23	0	2	3	-0.00500000	0.774024	-27.858339
#7	0	24	0	2	3	-0.00500000	0.794308	-29.022101
#7	0	25	0	2	3	-0.00500000	0.775649	-27.980186
#7	0	26	0	2	3	-0.00500000	0.788483	-28.687567
#7	0	27	0	2	3	-0.00466315	0.771386	-29.253260
#7	0	28	0	2	3	-0.00483132	0.790854	-28.637741
#7	0	29	0	2	3	-0.00497049	0.812994	-30.786914
#7	0	30	0	2	3	-0.00500000	0.787793	-28.362716
#7	0	31	0	2	3	-0.00500000	0.790759	-28.876812
#7	0	32	0	2	3	-0.00500000	0.824826	-31.655285
#7	0	33	0	2	3	-0.00500000	0.845304	-33.407765
#7	0	34	0	2	3	-0.00500000	0.832263	-32.939799
#7	0	35	0	2	3	-0.00500000	0.820631	-31.695372
#7	0	36	0	2	3	-0.00500000	0.836997	-33.200590
#7	0	37	0	2	3	-0.00500000	0.819690	-32.097193
#7	0	38	0	2	3	-0.00500000	0.808109	-31.263214
#7	0	39	0	2	3	-0.00500000	0.815224	-31.135523
#7	0	40	0	2	3	-0.00500000	0.803398	-29.897923
#7	0	41	0	2	3	-0.00500000	0.815685	-31.165519
#7	0	42	0	2	3	-0.00500000	0.812980	-30.737261
#7	0	43	0	2	3	-0.00500000	0.829418	-32.693307
#7	0	44	0	2	3	-0.00500000	0.789530	-29.464920
#7	0	45	0	2	3	-0.00500000	0.804789	-31.208151
#7	0	46	0	2	3	-0.00500000	0.830106	-32.806514
#7	0	47	0	2	3	-0.00500000	0.819206	-31.373242
#7	0	48	0	2	3	-0.00500000	0.816165	-31.709319
#7	0	49	0	2	3	-0.00500000	0.798496	-30.201709
#7	0	50	0	2	3	-0.00500000	0.812167	-31.795745
#7	0	51	0	2	3	-0.00500000	0.810749	-31.375226
#7	0	52	0	2	3	-0.00500000	0.803385	-31.372512
#7	0	53	0	2	3	-0.00500000	0.777405	-29.262831
#7	0	54	0	2	3	-0.00500000	0.783954	-29.763410
#7	0	55	0	2	3	-0.00500000	0.789443	-29.976449
#7	0	56	0	2	3	-0.00500000	0.838828	-33.261086
#7	0	57	0	2	3	-0.00500000	0.804421	-30.573195
#7	0	58	0	2	3	-0.00500000	0.773283	-29.111048
#7	0	59	0	2	3	-0.00500000	0.811789	-31.449459
#7	0	60	0	2	3	-0.00500000	0.759724	-28.110014
#7	0	61	0	2	3	-0.00500000	0.810884	-31.379063
#7	0	62	0	2	3	-0.00500000	0.771910	-28.435006
#7	0	63	0	2	3	-0.00500000	0.796658	-30.511906
#######################################################################
# TOF Up                                                              #
#######################################################################
7	0	0	0	1	3	5.24830e+00	-1.96630e+00	2.96170e+00
7	0	1	0	1	3	5.24830e+00	-1.96630e+00	2.96170e+00
7	0	2	0	1	3	5.24830e+00	-1.96630e+00	2.96170e+00
7	0	3	0	1	3	5.24830e+00	-1.96630e+00	2.96170e+00
7	0	4	0	1	3	5.24830e+00	-1.96630e+00	2.96170e+00
7	0	5	0	1	3	5.24830e+00	-1.96630e+00	2.96170e+00
7	0	6	0	1	3	6.97090e+00	-3.03520e+00	3.39910e+00
7	0	7	0	1	3	4.05450e+00	-1.96150e+00	2.30360e+00
7	0	8	0	1	3	1.16940e+02	-2.98600e+01	2.09880e+01
7	0	9	0	1	3	5.24830e+00	-1.96630e+00	2.96170e+00
7	0	10	0	1	3	5.24830e+00	-1.96630e+00	2.96170e+00
7	0	11	0	1	3	5.24830e+00	-1.96630e+00	2.96170e+00
7	0	12	0	1	3	5.24830e+00	-1.96630e+00	2.96170e+00
7	0	13	0	1	3	5.24830e+00	-1.96630e+00	2.96170e+00
7	0	14	0	1	3	5.24830e+00	-1.96630e+00	2.96170e+00
7	0	15	0	1	3	5.24830e+00	-1.96630e+00	2.96170e+00
7	0	16	0	1	3	5.24830e+00	-1.96630e+00	2.96170e+00
7	0	17	0	1	3	5.24830e+00	-1.96630e+00	2.96170e+00
7	0	18	0	1	3	5.24830e+00	-1.96630e+00	2.96170e+00
7	0	19	0	1	3	7.11491e-01	1.85180e-03	5.82402e-01
7	0	20	0	1	3	5.59404e-01	-1.73810e-03	4.50716e-01
7	0	21	0	1	3	8.92499e-01	1.99900e-03	7.37364e-01
7	0	22	0	1	3	6.37553e-01	1.99960e-03	5.45449e-01
7	0	23	0	1	3	1.19210e+00	1.98920e-03	9.99994e-01
#######################################################################
# TOF Down                                                            #
#######################################################################
7	0	0	1	1	3	5.84300e+00	-2.30730e+00	3.11320e+00
7	0	1	1	1	3	5.84300e+00	-2.30730e+00	3.11320e+00
7	0	2	1	1	3	5.84300e+00	-2.30730e+00	3.11320e+00
7	0	3	1	1	3	5.84300e+00	-2.30730e+00	3.11320e+00
7	0	4	1	1	3	5.84300e+00	-2.30730e+00	3.11320e+00
7	0	5	1	1	3	5.84300e+00	-2.30730e+00	3.11320e+00
7	0	6	1	1	3	1.41330e+01	-5.81170e+00	5.32680e+00
7	0	7	1	1	3	7.84850e+01	-2.02870e+01	1.69500e+01
7	0	8	1	1	3	2.20240e+02	-3.62440e+01	3.60080e+01
7	0	9	1	1	3	5.84300e+00	-2.30730e+00	3.11320e+00
7	0	10	1	1	3	5.84300e+00	-2.30730e+00	3.11320e+00
7	0	11	1	1	3	5.84300e+00	-2.30730e+00	3.11320e+00
7	0	12	1	1	3	5.84300e+00	-2.30730e+00	3.11320e+00
7	0	13	1	1	3	5.84300e+00	-2.30730e+00	3.11320e+00
7	0	14	1	1	3	5.84300e+00	-2.30730e+00	3.11320e+00
7	0	15	1	1	3	5.84300e+00	-2.30730e+00	3.11320e+00
7	0	16	1	1	3	5.84300e+00	-2.30730e+00	3.11320e+00
7	0	17	1	1	3	5.84300e+00	-2.30730e+00	3.11320e+00
7	0	18	1	1	3	5.84300e+00	-2.30730e+00	3.11320e+00
7	0	19	1	1	3	6.18741e-01	1.99860e-03	4.90831e-01
7	0	20	1	1	3	5.75901e-01	1.04210e-03	4.72509e-01
7	0	21	1	1	3	9.41046e-01	1.99890e-03	7.79357e-01
7	0	22	1	1	3	4.84266e-01	-1.95590e-03	3.99786e-01
7	0	23	1	1	3	8.97714e-01	1.99860e-03	7.56300e-01
#######################################################################
# BFT U                                                               #
#######################################################################
110	0	0	0	2	3	-2.85351e-03	-7.57028e-02	6.36521e+00
110	0	1	0	2	3	1.41857e-03	-3.73794e-01	1.14176e+01
110	0	2	0	2	3	3.59733e-03	-5.50744e-01	1.46694e+01
110	0	3	0	2	3	4.07731e-03	-5.80652e-01	1.42178e+01
110	0	4	0	2	3	3.47972e-03	-5.38369e-01	1.47464e+01
110	0	5	0	2	3	3.67798e-03	-5.33897e-01	1.47499e+01
110	0	6	0	2	3	3.47670e-03	-5.42104e-01	1.41523e+01
110	0	7	0	2	3	4.70855e-03	-6.13919e-01	1.59805e+01
110	0	8	0	2	3	3.28914e-03	-5.28262e-01	1.41514e+01
110	0	9	0	2	3	4.63645e-03	-6.15271e-01	1.70133e+01
110	0	10	0	2	3	3.55585e-03	-5.43339e-01	1.35319e+01
110	0	11	0	2	3	4.11645e-03	-5.72647e-01	1.61456e+01
110	0	12	0	2	3	2.62453e-03	-4.80194e-01	1.27833e+01
110	0	13	0	2	3	1.76589e-03	-4.02631e-01	1.30646e+01
110	0	14	0	2	3	3.46823e-03	-5.34617e-01	1.34999e+01
110	0	15	0	2	3	5.24970e-03	-6.64882e-01	1.79556e+01
110	0	16	0	2	3	3.48207e-03	-5.36952e-01	1.34632e+01
110	0	17	0	2	3	4.25319e-03	-5.80388e-01	1.58204e+01
110	0	18	0	2	3	3.54425e-03	-5.49383e-01	1.37346e+01
110	0	19	0	2	3	3.96100e-03	-5.78202e-01	1.41098e+01
110	0	20	0	2	3	3.49740e-03	-5.32653e-01	1.38023e+01
110	0	21	0	2	3	3.33399e-03	-5.23564e-01	1.62849e+01
110	0	22	0	2	3	4.02168e-03	-5.77519e-01	1.45703e+01
110	0	23	0	2	3	5.25021e-03	-6.57722e-01	1.73951e+01
110	0	24	0	2	3	3.68451e-03	-5.43903e-01	1.42615e+01
110	0	25	0	2	3	4.17997e-03	-5.71846e-01	1.61999e+01
110	0	26	0	2	3	3.65863e-03	-5.60148e-01	1.54699e+01
110	0	27	0	2	3	4.00354e-03	-5.58848e-01	1.53464e+01
110	0	28	0	2	3	4.22989e-03	-5.81210e-01	1.30444e+01
110	0	29	0	2	3	3.85460e-03	-5.51982e-01	1.49184e+01
110	0	30	0	2	3	4.41304e-03	-6.03030e-01	1.48243e+01
110	0	31	0	2	3	4.41389e-03	-5.95853e-01	1.61727e+01
110	0	32	0	2	3	4.02763e-03	-5.78129e-01	1.47295e+01
110	0	33	0	2	3	4.69769e-03	-5.89302e-01	1.40842e+01
110	0	34	0	2	3	3.97792e-03	-5.71139e-01	1.43100e+01
110	0	35	0	2	3	4.72152e-03	-6.27771e-01	1.68224e+01
110	0	36	0	2	3	4.02444e-03	-5.63497e-01	1.39594e+01
110	0	37	0	2	3	4.27396e-03	-5.89485e-01	1.69739e+01
110	0	38	0	2	3	4.39678e-03	-5.97150e-01	1.41692e+01
110	0	39	0	2	3	4.24248e-03	-5.83248e-01	1.55864e+01
110	0	40	0	2	3	3.58956e-03	-5.35674e-01	1.34193e+01
110	0	41	0	2	3	4.30855e-03	-5.86814e-01	1.67379e+01
110	0	42	0	2	3	4.17853e-03	-5.81112e-01	1.48170e+01
110	0	43	0	2	3	4.57274e-03	-6.19798e-01	1.70778e+01
110	0	44	0	2	3	3.79613e-03	-5.61256e-01	1.41550e+01
110	0	45	0	2	3	4.26970e-03	-5.81324e-01	1.61632e+01
110	0	46	0	2	3	4.52749e-03	-6.21852e-01	1.54584e+01
110	0	47	0	2	3	4.99407e-03	-6.50122e-01	1.86440e+01
110	0	48	0	2	3	3.84360e-03	-5.57927e-01	1.29858e+01
110	0	49	0	2	3	4.13716e-03	-5.76811e-01	1.65989e+01
110	0	50	0	2	3	4.38859e-03	-5.98512e-01	1.51026e+01
110	0	51	0	2	3	4.50303e-03	-6.03566e-01	1.59442e+01
110	0	52	0	2	3	3.96574e-03	-5.62773e-01	1.35867e+01
110	0	53	0	2	3	4.42776e-03	-5.94506e-01	1.56513e+01
110	0	54	0	2	3	4.43631e-03	-6.03538e-01	1.48070e+01
110	0	55	0	2	3	4.76354e-03	-6.22986e-01	1.71896e+01
110	0	56	0	2	3	3.93450e-03	-5.76302e-01	1.53421e+01
110	0	57	0	2	3	4.64641e-03	-6.11514e-01	1.65913e+01
110	0	58	0	2	3	3.98137e-03	-5.75820e-01	1.54644e+01
110	0	59	0	2	3	4.37391e-03	-6.11510e-01	1.70766e+01
110	0	60	0	2	3	4.02085e-03	-5.77562e-01	1.40040e+01
110	0	61	0	2	3	3.60244e-03	-5.36664e-01	1.49910e+01
110	0	62	0	2	3	4.77714e-03	-6.26975e-01	1.51062e+01
110	0	63	0	2	3	4.14046e-03	-5.79843e-01	1.47134e+01
110	0	64	0	2	3	4.05451e-03	-5.80354e-01	1.46783e+01
110	0	65	0	2	3	3.97707e-03	-5.68013e-01	1.55342e+01
110	0	66	0	2	3	4.40805e-03	-6.17501e-01	1.66425e+01
110	0	67	0	2	3	3.80102e-03	-5.60314e-01	1.56374e+01
110	0	68	0	2	3	3.98492e-03	-5.87490e-01	1.54381e+01
110	0	69	0	2	3	4.09732e-03	-5.74058e-01	1.51479e+01
110	0	70	0	2	3	4.42023e-03	-6.23907e-01	1.50708e+01
110	0	71	0	2	3	4.30816e-03	-5.98633e-01	1.60797e+01
110	0	72	0	2	3	3.96154e-03	-5.79260e-01	1.40515e+01
110	0	73	0	2	3	4.48615e-03	-6.08784e-01	1.55903e+01
110	0	74	0	2	3	4.74466e-03	-6.40125e-01	1.61965e+01
110	0	75	0	2	3	4.41882e-03	-5.99909e-01	1.56752e+01
110	0	76	0	2	3	4.04864e-03	-5.78088e-01	1.40415e+01
110	0	77	0	2	3	3.86650e-03	-5.64051e-01	1.54355e+01
110	0	78	0	2	3	4.42251e-03	-6.17374e-01	1.51441e+01
110	0	79	0	2	3	4.27835e-03	-5.92163e-01	1.55294e+01
110	0	80	0	2	3	4.04829e-03	-5.79351e-01	1.51409e+01
110	0	81	0	2	3	4.19843e-03	-5.76550e-01	1.51896e+01
110	0	82	0	2	3	4.50216e-03	-6.09932e-01	1.52101e+01
110	0	83	0	2	3	4.48965e-03	-6.10760e-01	1.57629e+01
110	0	84	0	2	3	3.69857e-03	-5.53246e-01	1.41279e+01
110	0	85	0	2	3	4.08284e-03	-5.76494e-01	1.56174e+01
110	0	86	0	2	3	4.85953e-03	-6.51080e-01	1.57253e+01
110	0	87	0	2	3	4.80861e-03	-6.41804e-01	1.71339e+01
110	0	88	0	2	3	3.65806e-03	-5.48041e-01	1.44044e+01
110	0	89	0	2	3	4.16161e-03	-5.86504e-01	1.54003e+01
110	0	90	0	2	3	4.02546e-03	-5.84809e-01	1.43043e+01
110	0	91	0	2	3	4.59239e-03	-6.24267e-01	1.56684e+01
110	0	92	0	2	3	4.08835e-03	-5.90332e-01	1.51392e+01
110	0	93	0	2	3	3.80641e-03	-5.58444e-01	1.46332e+01
110	0	94	0	2	3	4.16152e-03	-6.11165e-01	1.66546e+01
110	0	95	0	2	3	4.62770e-03	-6.23839e-01	1.64405e+01
110	0	96	0	2	3	4.11246e-03	-5.95585e-01	1.49376e+01
110	0	97	0	2	3	3.97941e-03	-5.71280e-01	1.56186e+01
110	0	98	0	2	3	4.50714e-03	-6.27791e-01	1.55247e+01
110	0	99	0	2	3	4.59599e-03	-6.15059e-01	1.60673e+01
110	0	100	0	2	3	3.88910e-03	-5.75273e-01	1.51220e+01
110	0	101	0	2	3	3.84933e-03	-5.62673e-01	1.53910e+01
110	0	102	0	2	3	4.81210e-03	-6.44179e-01	1.65697e+01
110	0	103	0	2	3	4.62534e-03	-6.25088e-01	1.61253e+01
110	0	104	0	2	3	4.10008e-03	-5.91007e-01	1.44860e+01
110	0	105	0	2	3	4.19017e-03	-5.85984e-01	1.52336e+01
110	0	106	0	2	3	4.70251e-03	-6.35389e-01	1.63679e+01
110	0	107	0	2	3	5.07370e-03	-6.49113e-01	1.58471e+01
110	0	108	0	2	3	3.70784e-03	-5.62813e-01	1.48100e+01
110	0	109	0	2	3	4.14553e-03	-5.85447e-01	1.51417e+01
110	0	110	0	2	3	4.36581e-03	-6.07989e-01	1.55660e+01
110	0	111	0	2	3	4.79996e-03	-6.42973e-01	1.63512e+01
110	0	112	0	2	3	3.92765e-03	-5.68098e-01	1.35690e+01
110	0	113	0	2	3	3.91746e-03	-5.65522e-01	1.47269e+01
110	0	114	0	2	3	4.53724e-03	-6.22740e-01	1.59837e+01
110	0	115	0	2	3	4.88810e-03	-6.39478e-01	1.60759e+01
110	0	116	0	2	3	3.96299e-03	-5.83389e-01	1.48631e+01
110	0	117	0	2	3	4.51977e-03	-6.11023e-01	1.65294e+01
110	0	118	0	2	3	4.62516e-03	-6.32914e-01	1.64083e+01
110	0	119	0	2	3	4.09869e-03	-5.73285e-01	1.38983e+01
110	0	120	0	2	3	4.19662e-03	-6.06907e-01	1.54734e+01
110	0	121	0	2	3	4.04228e-03	-5.72393e-01	1.34828e+01
110	0	122	0	2	3	5.35109e-03	-6.89350e-01	1.80835e+01
110	0	123	0	2	3	4.63922e-03	-6.21368e-01	1.60508e+01
110	0	124	0	2	3	4.01521e-03	-5.75244e-01	1.51607e+01
110	0	125	0	2	3	3.91154e-03	-5.53581e-01	1.24129e+01
110	0	126	0	2	3	3.54263e-03	-5.41424e-01	1.39654e+01
110	0	127	0	2	3	3.49451e-03	-5.41583e-01	1.44547e+01
110	0	128	0	2	3	3.00548e-03	-5.42888e-01	1.54938e+01
110	0	129	0	2	3	3.77135e-03	-5.84557e-01	1.57536e+01
110	0	130	0	2	3	3.59626e-03	-5.79419e-01	1.60657e+01
110	0	131	0	2	3	3.99818e-03	-5.78626e-01	1.55076e+01
110	0	132	0	2	3	3.92284e-03	-5.93809e-01	1.65504e+01
110	0	133	0	2	3	3.59674e-03	-5.57833e-01	1.53223e+01
110	0	134	0	2	3	5.57386e-03	-7.12189e-01	1.80453e+01
110	0	135	0	2	3	3.04727e-03	-5.06160e-01	1.34741e+01
110	0	136	0	2	3	4.89831e-03	-6.49714e-01	1.61129e+01
110	0	137	0	2	3	4.81399e-03	-6.69131e-01	1.79890e+01
110	0	138	0	2	3	-1.33479e-02	7.31206e-01	-8.91803e+00
110	0	139	0	2	3	3.11492e-03	-5.30403e-01	1.37088e+01
110	0	140	0	2	3	-1.74945e-04	-2.80737e-01	1.07435e+01
110	0	141	0	2	3	2.81153e-03	-5.17272e-01	1.40525e+01
110	0	142	0	2	3	2.57046e-03	-5.02932e-01	1.44369e+01
110	0	143	0	2	3	3.67501e-03	-5.63043e-01	1.48286e+01
110	0	144	0	2	3	2.17439e-03	-4.74371e-01	1.31731e+01
110	0	145	0	2	3	2.62511e-03	-4.70996e-01	1.23741e+01
110	0	146	0	2	3	2.45474e-03	-4.83179e-01	1.39075e+01
110	0	147	0	2	3	1.57971e-03	-4.10448e-01	1.27084e+01
110	0	148	0	2	3	-8.90656e-03	3.63100e-01	-2.11021e+00
110	0	149	0	2	3	5.99276e-03	-7.30052e-01	1.83069e+01
110	0	150	0	2	3	3.77306e-03	-5.70275e-01	1.55220e+01
110	0	151	0	2	3	2.44983e-03	-4.89481e-01	1.42244e+01
110	0	152	0	2	3	-7.82677e-03	2.72877e-01	8.84750e-01
110	0	153	0	2	3	-2.89225e-03	-1.02107e-01	7.55136e+00
110	0	154	0	2	3	1.39168e-03	-4.04402e-01	1.20366e+01
110	0	155	0	2	3	5.53568e-03	-6.99827e-01	1.60294e+01
110	0	156	0	2	3	-3.59009e-05	-3.21801e-01	1.15980e+01
110	0	157	0	2	3	-5.12580e-03	1.17841e-01	2.55965e+00
110	0	158	0	2	3	5.07369e-03	-6.81168e-01	1.73218e+01
110	0	159	0	2	3	9.49388e-03	-1.00322e+00	2.32762e+01
#######################################################################
# BFT D                                                               #
#######################################################################
110	1	0	0	2	3	-3.59855e-03	-2.94978e-02	7.16362e+00
110	1	1	0	2	3	3.69340e-03	-5.53150e-01	1.59021e+01
110	1	2	0	2	3	3.56471e-03	-5.58794e-01	1.57247e+01
110	1	3	0	2	3	3.48428e-03	-5.42999e-01	1.62261e+01
110	1	4	0	2	3	2.95645e-03	-5.08999e-01	1.47873e+01
110	1	5	0	2	3	2.75258e-03	-4.95328e-01	1.56168e+01
110	1	6	0	2	3	4.18024e-03	-5.94214e-01	1.50595e+01
110	1	7	0	2	3	3.75237e-03	-5.54723e-01	1.58329e+01
110	1	8	0	2	3	3.25453e-03	-5.26541e-01	1.52847e+01
110	1	9	0	2	3	2.23764e-03	-4.63856e-01	1.60044e+01
110	1	10	0	2	3	3.80818e-03	-5.65678e-01	1.57246e+01
110	1	11	0	2	3	3.51611e-03	-5.48640e-01	1.57911e+01
110	1	12	0	2	3	2.92848e-03	-5.04199e-01	1.39842e+01
110	1	13	0	2	3	4.60467e-03	-6.23174e-01	1.77336e+01
110	1	14	0	2	3	3.81000e-03	-5.79300e-01	1.53019e+01
110	1	15	0	2	3	3.93432e-03	-5.72294e-01	1.66935e+01
110	1	16	0	2	3	3.50003e-03	-5.48745e-01	1.49700e+01
110	1	17	0	2	3	2.91232e-03	-4.99185e-01	1.46929e+01
110	1	18	0	2	3	3.55738e-03	-5.51875e-01	1.43987e+01
110	1	19	0	2	3	3.25317e-03	-5.22423e-01	1.54425e+01
110	1	20	0	2	3	3.41347e-03	-5.47538e-01	1.53241e+01
110	1	21	0	2	3	2.25932e-03	-4.47114e-01	1.49739e+01
110	1	22	0	2	3	3.29490e-03	-5.29660e-01	1.45300e+01
110	1	23	0	2	3	4.19469e-03	-5.84045e-01	1.66545e+01
110	1	24	0	2	3	3.83846e-03	-5.69353e-01	1.61368e+01
110	1	25	0	2	3	3.76390e-03	-5.59444e-01	1.64499e+01
110	1	26	0	2	3	3.66406e-03	-5.63381e-01	1.50339e+01
110	1	27	0	2	3	3.81207e-03	-5.62480e-01	1.71905e+01
110	1	28	0	2	3	3.64029e-03	-5.61112e-01	1.59765e+01
110	1	29	0	2	3	3.12447e-03	-5.13141e-01	1.57653e+01
110	1	30	0	2	3	4.10702e-03	-5.88231e-01	1.56255e+01
110	1	31	0	2	3	3.43737e-03	-5.40780e-01	1.63898e+01
110	1	32	0	2	3	3.84181e-03	-5.71989e-01	1.66065e+01
110	1	33	0	2	3	3.32519e-03	-5.34694e-01	1.51437e+01
110	1	34	0	2	3	4.17050e-03	-5.86082e-01	1.50713e+01
110	1	35	0	2	3	4.51417e-03	-6.28774e-01	1.81014e+01
110	1	36	0	2	3	3.79264e-03	-5.61182e-01	1.59164e+01
110	1	37	0	2	3	3.68097e-03	-5.49023e-01	1.45224e+01
110	1	38	0	2	3	4.06239e-03	-5.84100e-01	1.65222e+01
110	1	39	0	2	3	3.90238e-03	-5.65087e-01	1.58159e+01
110	1	40	0	2	3	3.82490e-03	-5.62467e-01	1.47810e+01
110	1	41	0	2	3	3.53593e-03	-5.40164e-01	1.58219e+01
110	1	42	0	2	3	3.82191e-03	-5.59914e-01	1.52311e+01
110	1	43	0	2	3	4.04595e-03	-5.77202e-01	1.72110e+01
110	1	44	0	2	3	3.80069e-03	-5.70775e-01	1.51924e+01
110	1	45	0	2	3	3.68201e-03	-5.53715e-01	1.63037e+01
110	1	46	0	2	3	3.99710e-03	-5.84985e-01	1.53791e+01
110	1	47	0	2	3	4.03615e-03	-5.96835e-01	1.80280e+01
110	1	48	0	2	3	3.61132e-03	-5.50810e-01	1.54203e+01
110	1	49	0	2	3	3.52531e-03	-5.38851e-01	1.62626e+01
110	1	50	0	2	3	4.11392e-03	-5.88975e-01	1.50898e+01
110	1	51	0	2	3	4.22960e-03	-5.95206e-01	1.69722e+01
110	1	52	0	2	3	3.88163e-03	-5.81424e-01	1.52709e+01
110	1	53	0	2	3	3.73010e-03	-5.54103e-01	1.64539e+01
110	1	54	0	2	3	4.26209e-03	-6.07409e-01	1.66670e+01
110	1	55	0	2	3	4.55586e-03	-6.17616e-01	1.74594e+01
110	1	56	0	2	3	4.02395e-03	-5.95913e-01	1.56014e+01
110	1	57	0	2	3	3.84320e-03	-5.68520e-01	1.63476e+01
110	1	58	0	2	3	4.29227e-03	-6.16437e-01	1.78506e+01
110	1	59	0	2	3	4.34264e-03	-6.14512e-01	1.84728e+01
110	1	60	0	2	3	3.83200e-03	-5.74744e-01	1.59349e+01
110	1	61	0	2	3	4.36587e-03	-5.90888e-01	1.61358e+01
110	1	62	0	2	3	3.70849e-03	-5.62128e-01	1.46441e+01
110	1	63	0	2	3	4.24869e-03	-5.99558e-01	1.72308e+01
110	1	64	0	2	3	4.05282e-03	-5.89473e-01	1.65106e+01
110	1	65	0	2	3	4.23058e-03	-5.93915e-01	1.63429e+01
110	1	66	0	2	3	4.77367e-03	-6.48176e-01	1.62899e+01
110	1	67	0	2	3	4.49687e-03	-6.17827e-01	1.59140e+01
110	1	68	0	2	3	3.72748e-03	-5.54068e-01	1.42000e+01
110	1	69	0	2	3	4.16619e-03	-5.90746e-01	1.63927e+01
110	1	70	0	2	3	4.15094e-03	-5.96260e-01	1.64240e+01
110	1	71	0	2	3	4.25076e-03	-6.06584e-01	1.69763e+01
110	1	72	0	2	3	3.75460e-03	-5.62819e-01	1.53075e+01
110	1	73	0	2	3	4.02035e-03	-5.87443e-01	1.71137e+01
110	1	74	0	2	3	4.56224e-03	-6.17598e-01	1.53660e+01
110	1	75	0	2	3	4.10604e-03	-5.93450e-01	1.61366e+01
110	1	76	0	2	3	3.73879e-03	-5.60886e-01	1.50784e+01
110	1	77	0	2	3	4.06708e-03	-5.90238e-01	1.60724e+01
110	1	78	0	2	3	4.04954e-03	-5.88604e-01	1.49425e+01
110	1	79	0	2	3	4.37244e-03	-6.06851e-01	1.62105e+01
110	1	80	0	2	3	3.99004e-03	-5.75114e-01	1.51671e+01
110	1	81	0	2	3	4.01419e-03	-5.77708e-01	1.50050e+01
110	1	82	0	2	3	4.57525e-03	-6.24822e-01	1.70528e+01
110	1	83	0	2	3	4.06599e-03	-5.73981e-01	1.51924e+01
110	1	84	0	2	3	3.83149e-03	-5.56192e-01	1.42792e+01
110	1	85	0	2	3	3.71585e-03	-5.56600e-01	1.49104e+01
110	1	86	0	2	3	4.11415e-03	-5.94549e-01	1.63135e+01
110	1	87	0	2	3	4.34183e-03	-5.95779e-01	1.43144e+01
110	1	88	0	2	3	3.84883e-03	-5.72861e-01	1.56709e+01
110	1	89	0	2	3	3.74015e-03	-5.61975e-01	1.46543e+01
110	1	90	0	2	3	4.17062e-03	-5.93070e-01	1.51090e+01
110	1	91	0	2	3	4.28819e-03	-5.95089e-01	1.60581e+01
110	1	92	0	2	3	3.95217e-03	-5.69952e-01	1.50532e+01
110	1	93	0	2	3	3.62377e-03	-5.51187e-01	1.49974e+01
110	1	94	0	2	3	4.29970e-03	-6.09063e-01	1.66273e+01
110	1	95	0	2	3	4.05095e-03	-5.90143e-01	1.54584e+01
110	1	96	0	2	3	3.98856e-03	-5.76143e-01	1.48840e+01
110	1	97	0	2	3	3.63245e-03	-5.52475e-01	1.54598e+01
110	1	98	0	2	3	4.01398e-03	-6.00797e-01	1.68106e+01
110	1	99	0	2	3	4.13419e-03	-5.87588e-01	1.53788e+01
110	1	100	0	2	3	3.55972e-03	-5.39152e-01	1.47929e+01
110	1	101	0	2	3	3.85075e-03	-5.64018e-01	1.54501e+01
110	1	102	0	2	3	4.38531e-03	-6.19052e-01	1.62603e+01
110	1	103	0	2	3	4.45397e-03	-6.10458e-01	1.56813e+01
110	1	104	0	2	3	3.95255e-03	-5.78232e-01	1.54979e+01
110	1	105	0	2	3	3.88689e-03	-5.65560e-01	1.52203e+01
110	1	106	0	2	3	4.39106e-03	-6.16046e-01	1.69508e+01
110	1	107	0	2	3	4.48627e-03	-6.14744e-01	1.59333e+01
110	1	108	0	2	3	3.80172e-03	-5.68659e-01	1.60845e+01
110	1	109	0	2	3	3.72982e-03	-5.60458e-01	1.57664e+01
110	1	110	0	2	3	4.47944e-03	-6.22888e-01	1.63162e+01
110	1	111	0	2	3	4.51499e-03	-6.24266e-01	1.74443e+01
110	1	112	0	2	3	4.03161e-03	-5.83317e-01	1.53704e+01
110	1	113	0	2	3	3.86915e-03	-5.70541e-01	1.54966e+01
110	1	114	0	2	3	4.42649e-03	-6.19579e-01	1.58744e+01
110	1	115	0	2	3	5.06788e-03	-6.51720e-01	1.65119e+01
110	1	116	0	2	3	4.35624e-03	-6.09754e-01	1.60370e+01
110	1	117	0	2	3	4.04766e-03	-5.79611e-01	1.55127e+01
110	1	118	0	2	3	3.91014e-03	-5.80659e-01	1.46912e+01
110	1	119	0	2	3	4.59571e-03	-6.19533e-01	1.63536e+01
110	1	120	0	2	3	3.82952e-03	-5.70592e-01	1.50465e+01
110	1	121	0	2	3	3.88180e-03	-5.65347e-01	1.50228e+01
110	1	122	0	2	3	5.27889e-03	-6.88880e-01	1.86885e+01
110	1	123	0	2	3	4.67141e-03	-6.41157e-01	1.81503e+01
110	1	124	0	2	3	4.09249e-03	-5.76696e-01	1.46556e+01
110	1	125	0	2	3	3.68571e-03	-5.62381e-01	1.54671e+01
110	1	126	0	2	3	3.76445e-03	-5.62807e-01	1.51654e+01
110	1	127	0	2	3	4.03138e-03	-5.82971e-01	1.55914e+01
110	1	128	0	2	3	4.08617e-03	-6.18171e-01	1.70664e+01
110	1	129	0	2	3	4.36241e-03	-6.33204e-01	1.71928e+01
110	1	130	0	2	3	3.43678e-03	-5.56343e-01	1.47999e+01
110	1	131	0	2	3	3.18495e-03	-5.23499e-01	1.44448e+01
110	1	132	0	2	3	3.38414e-03	-5.57025e-01	1.59939e+01
110	1	133	0	2	3	5.49612e-03	-6.89697e-01	1.71958e+01
110	1	134	0	2	3	4.71435e-03	-6.51102e-01	1.75065e+01
110	1	135	0	2	3	4.14995e-03	-5.91752e-01	1.58525e+01
110	1	136	0	2	3	3.87106e-03	-5.95102e-01	1.68956e+01
110	1	137	0	2	3	4.51286e-03	-6.35118e-01	1.69250e+01
110	1	138	0	2	3	3.71606e-03	-5.72764e-01	1.55036e+01
110	1	139	0	2	3	3.84815e-03	-5.74812e-01	1.58432e+01
110	1	140	0	2	3	2.55970e-03	-4.88535e-01	1.39353e+01
110	1	141	0	2	3	3.66581e-03	-5.69777e-01	1.52235e+01
110	1	142	0	2	3	1.17669e-03	-3.85897e-01	1.18366e+01
110	1	143	0	2	3	3.97072e-03	-5.99836e-01	1.66538e+01
110	1	144	0	2	3	2.11355e-03	-4.78513e-01	1.53089e+01
110	1	145	0	2	3	3.17694e-03	-5.05480e-01	1.39302e+01
110	1	146	0	2	3	3.42817e-03	-5.61641e-01	1.53983e+01
110	1	147	0	2	3	3.31482e-03	-5.29904e-01	1.37089e+01
110	1	148	0	2	3	3.67186e-03	-5.67397e-01	1.47747e+01
110	1	149	0	2	3	-6.03556e-03	1.56792e-01	2.73405e+00
110	1	150	0	2	3	4.11007e-03	-6.09665e-01	1.68731e+01
110	1	151	0	2	3	3.14590e-03	-5.23255e-01	1.44839e+01
110	1	152	0	2	3	1.11695e-03	-3.87670e-01	1.32941e+01
110	1	153	0	2	3	-1.17217e-02	6.60540e-01	-8.05187e+00
110	1	154	0	2	3	1.68346e-03	-4.51209e-01	1.41436e+01
110	1	155	0	2	3	7.75036e-03	-8.38306e-01	1.87440e+01
110	1	156	0	2	3	2.33794e-03	-4.75244e-01	1.40876e+01
110	1	157	0	2	3	7.62298e-03	-8.41012e-01	2.09670e+01
110	1	158	0	2	3	3.58146e-03	-5.83820e-01	1.69807e+01
110	1	159	0	2	3	-2.41774e-02	1.49463e+00	-2.09850e+01
