##
#  file: HodoPHCParam_Dummy
#  date: 2016.06.15
#  note: first version
#
#
#######################################################################
# CId	PlId	Seg	UorD	Type	nParam	p0	p1	...
#
#	Type=0 no correction will be performed
#	Type=1 ct=t-p[0]/sqrt(a-p[1])+p[2]
#	Type=2 ct=p[0]*a*a + p[1]*a + p[2] for Fiber
#
#######################################################################
# BH1 Up                                                              #
#######################################################################
1	0	0	0	1	3	5.08705e+00	-1.98362e+00	2.93454e+00
1	0	1	0	1	3	6.69706e-01	2.91546e-01	8.10244e-01
1	0	2	0	1	3	5.01779e-01	3.94271e-01	6.64278e-01
1	0	3	0	1	3	7.45330e-01	1.66754e-01	8.56036e-01
1	0	4	0	1	3	8.52890e-01	8.60054e-02	9.27134e-01
1	0	5	0	1	3	1.69981e+00	-1.50393e-01	1.62794e+00
1	0	6	0	1	3	1.58582e+00	-2.35346e-01	1.46587e+00
1	0	7	0	1	3	1.61970e+00	-1.46184e-01	1.54504e+00
1	0	8	0	1	3	1.37546e+00	-2.52696e-01	1.28233e+00
1	0	9	0	1	3	1.74814e+00	-2.76223e-01	1.64100e+00
1	0	10	0	1	3	1.60339e+01	-4.62629e+00	6.81205e+00
#######################################################################
# BH1 Down                                                            #
#######################################################################
1	0	0	1	1	3	1.33519e+00	-9.13138e-02	1.27257e+00
1	0	1	1	1	3	6.24909e-01	2.88647e-01	7.65429e-01
1	0	2	1	1	3	6.68954e-01	2.21542e-01	7.45264e-01
1	0	3	1	1	3	1.32364e+00	-4.57464e-01	1.08318e+00
1	0	4	1	1	3	1.18002e+00	-7.91080e-02	1.17008e+00
1	0	5	1	1	3	2.07299e+00	-4.79828e-01	1.70935e+00
1	0	6	1	1	3	1.96000e+00	-5.20196e-01	1.63958e+00
1	0	7	1	1	3	1.89852e+00	-4.50289e-01	1.60743e+00
1	0	8	1	1	3	1.02469e+00	-6.73213e-02	1.04734e+00
1	0	9	1	1	3	1.64894e+00	-1.85977e-01	1.61292e+00
1	0	10	1	1	3	7.15603e-01	2.22738e-01	8.54972e-01
#######################################################################
# BH2 Up                                                              #
#######################################################################
2	0	0	0	1	3	1.43047e-01	2.98695e-01	2.00085e-01
2	0	1	0	1	3	8.79554e-01	-2.31747e-01	7.85839e-01
2	0	2	0	1	3	5.94572e-01	-4.97541e-01	4.68956e-01
2	0	3	0	1	3	1.91725e-01	3.94747e-02	1.91115e-01
2	0	4	0	1	3	3.31184e-01	-9.38469e-02	3.15823e-01
2	0	5	0	1	3	1.99769e-01	2.70254e-01	2.37321e-01
2	0	6	0	1	3	2.58948e-01	2.41832e-01	3.10133e-01
2	0	7	0	1	3	3.50426e-01	8.80094e-02	3.70898e-01
#######################################################################
# BH2 Down                                                            #
#######################################################################
2	0	0	1	1	3	3.94607e-01	-1.85207e-01	3.84440e-01
2	0	1	1	1	3	9.92155e-01	-3.85817e-01	8.32122e-01
2	0	2	1	1	3	4.10986e-01	-9.27803e-02	3.90143e-01
2	0	3	1	1	3	1.76416e-01	4.84160e-02	1.75490e-01
2	0	4	1	1	3	2.42956e-01	1.23979e-01	2.64593e-01
2	0	5	1	1	3	3.57967e-01	4.32013e-02	3.63973e-01
2	0	6	1	1	3	1.22093e+00	-6.67168e-01	9.30075e-01
2	0	7	1	1	3	2.92156e-01	-4.36810e-03	2.98702e-01
#######################################################################
# BAC                                                                 #
#######################################################################
3	0	0	0	1	3	0.00000e+00	0.00000e+00	0.00000e+00
3	0	1	0	1	3	0.00000e+00	0.00000e+00	0.00000e+00
#######################################################################
# FBH Up                                                              #
#######################################################################
4	0	0	0	2	3	-5.62952e-03	8.96903e-01	-3.53273e+01
4	0	1	0	2	3	-4.29399e-03	7.37975e-01	-3.00049e+01
4	0	2	0	2	3	-5.26894e-03	8.67305e-01	-3.38992e+01
4	0	3	0	2	3	-3.80183e-03	6.69237e-01	-2.72260e+01
4	0	4	0	2	3	-4.35014e-03	7.35785e-01	-2.92008e+01
4	0	5	0	2	3	-4.02541e-03	6.86907e-01	-2.70312e+01
4	0	6	0	2	3	-4.16660e-03	7.08229e-01	-2.81512e+01
4	0	7	0	2	3	-3.93117e-03	6.84759e-01	-2.69101e+01
4	0	8	0	2	3	-4.14423e-03	6.96902e-01	-2.65883e+01
4	0	9	0	2	3	-2.83372e-03	5.62925e-01	-2.20787e+01
4	0	10	0	2	3	-4.07944e-03	7.09420e-01	-2.75603e+01
4	0	11	0	2	3	-3.50961e-03	6.50113e-01	-2.64167e+01
4	0	12	0	2	3	-3.52415e-03	6.49734e-01	-2.67232e+01
4	0	13	0	2	3	-4.13420e-03	7.26957e-01	-2.99675e+01
4	0	14	0	2	3	-4.90315e-03	8.27563e-01	-3.35630e+01
4	0	15	0	2	3	-4.73048e-03	8.13189e-01	-3.31901e+01
#######################################################################
# FBH Down                                                            #
#######################################################################
4	0	0	1	2	3	-5.62952e-03	8.96903e-01	-3.53273e+01
4	0	1	1	2	3	-4.29399e-03	7.37975e-01	-3.00049e+01
4	0	2	1	2	3	-5.26894e-03	8.67305e-01	-3.38992e+01
4	0	3	1	2	3	-3.80183e-03	6.69237e-01	-2.72260e+01
4	0	4	1	2	3	-4.35014e-03	7.35785e-01	-2.92008e+01
4	0	5	1	2	3	-4.02541e-03	6.86907e-01	-2.70312e+01
4	0	6	1	2	3	-4.16660e-03	7.08229e-01	-2.81512e+01
4	0	7	1	2	3	-3.93117e-03	6.84759e-01	-2.69101e+01
4	0	8	1	2	3	-4.14423e-03	6.96902e-01	-2.65883e+01
4	0	9	1	2	3	-2.83372e-03	5.62925e-01	-2.20787e+01
4	0	10	1	2	3	-4.07944e-03	7.09420e-01	-2.75603e+01
4	0	11	1	2	3	-3.50961e-03	6.50113e-01	-2.64167e+01
4	0	12	1	2	3	-3.52415e-03	6.49734e-01	-2.67232e+01
4	0	13	1	2	3	-4.13420e-03	7.26957e-01	-2.99675e+01
4	0	14	1	2	3	-4.90315e-03	8.27563e-01	-3.35630e+01
4	0	15	1	2	3	-4.73048e-03	8.13189e-01	-3.31901e+01
#######################################################################
# PVAC                                                                #
#######################################################################
5	0	0	0	1	3	0.00000e+00	0.00000e+00	0.00000e+00
#######################################################################
# FAC                                                                 #
#######################################################################
6	0	0	0	1	3	0.00000e+00	0.00000e+00	0.00000e+00
#######################################################################
# SCH                                                                 #
#######################################################################
#7	0	0	0	2	3	-0.00500000	0.821213	-32.185321
#7	0	1	0	2	3	-0.00500000	0.830248	-32.269563
#7	0	2	0	2	3	-0.00500000	0.793073	-29.315934
#7	0	3	0	2	3	-0.00500000	0.772144	-28.276705
#7	0	4	0	2	3	-0.00500000	0.801968	-30.687167
#7	0	5	0	2	3	-0.00500000	0.778300	-28.439251
#7	0	6	0	2	3	-0.00500000	0.765872	-27.918181
#7	0	7	0	2	3	-0.00500000	0.738459	-26.016797
#7	0	8	0	2	3	-0.00500000	0.778318	-28.676371
#7	0	9	0	2	3	-0.00500000	0.776670	-28.892887
#7	0	10	0	2	3	-0.00500000	0.764278	-28.122474
#7	0	11	0	2	3	-0.00500000	0.790742	-29.423647
#7	0	12	0	2	3	-0.00500000	0.811330	-30.487019
#7	0	13	0	2	3	-0.00500000	0.818750	-30.891512
#7	0	14	0	2	3	-0.00500000	0.802541	-30.009136
#7	0	15	0	2	3	-0.00500000	0.809525	-30.751746
#7	0	16	0	2	3	-0.00500000	0.802597	-30.845509
#7	0	17	0	2	3	-0.00500000	0.835028	-32.780792
#7	0	18	0	2	3	-0.00500000	0.859176	-33.938731
#7	0	19	0	2	3	-0.00500000	0.814851	-31.445396
#7	0	20	0	2	3	-0.00500000	0.809426	-30.781087
#7	0	21	0	2	3	-0.00500000	0.780678	-28.888756
#7	0	22	0	2	3	-0.00500000	0.808206	-30.719604
#7	0	23	0	2	3	-0.00500000	0.774024	-27.858339
#7	0	24	0	2	3	-0.00500000	0.794308	-29.022101
#7	0	25	0	2	3	-0.00500000	0.775649	-27.980186
#7	0	26	0	2	3	-0.00500000	0.788483	-28.687567
#7	0	27	0	2	3	-0.00466315	0.771386	-29.253260
#7	0	28	0	2	3	-0.00483132	0.790854	-28.637741
#7	0	29	0	2	3	-0.00497049	0.812994	-30.786914
#7	0	30	0	2	3	-0.00500000	0.787793	-28.362716
#7	0	31	0	2	3	-0.00500000	0.790759	-28.876812
#7	0	32	0	2	3	-0.00500000	0.824826	-31.655285
#7	0	33	0	2	3	-0.00500000	0.845304	-33.407765
#7	0	34	0	2	3	-0.00500000	0.832263	-32.939799
#7	0	35	0	2	3	-0.00500000	0.820631	-31.695372
#7	0	36	0	2	3	-0.00500000	0.836997	-33.200590
#7	0	37	0	2	3	-0.00500000	0.819690	-32.097193
#7	0	38	0	2	3	-0.00500000	0.808109	-31.263214
#7	0	39	0	2	3	-0.00500000	0.815224	-31.135523
#7	0	40	0	2	3	-0.00500000	0.803398	-29.897923
#7	0	41	0	2	3	-0.00500000	0.815685	-31.165519
#7	0	42	0	2	3	-0.00500000	0.812980	-30.737261
#7	0	43	0	2	3	-0.00500000	0.829418	-32.693307
#7	0	44	0	2	3	-0.00500000	0.789530	-29.464920
#7	0	45	0	2	3	-0.00500000	0.804789	-31.208151
#7	0	46	0	2	3	-0.00500000	0.830106	-32.806514
#7	0	47	0	2	3	-0.00500000	0.819206	-31.373242
#7	0	48	0	2	3	-0.00500000	0.816165	-31.709319
#7	0	49	0	2	3	-0.00500000	0.798496	-30.201709
#7	0	50	0	2	3	-0.00500000	0.812167	-31.795745
#7	0	51	0	2	3	-0.00500000	0.810749	-31.375226
#7	0	52	0	2	3	-0.00500000	0.803385	-31.372512
#7	0	53	0	2	3	-0.00500000	0.777405	-29.262831
#7	0	54	0	2	3	-0.00500000	0.783954	-29.763410
#7	0	55	0	2	3	-0.00500000	0.789443	-29.976449
#7	0	56	0	2	3	-0.00500000	0.838828	-33.261086
#7	0	57	0	2	3	-0.00500000	0.804421	-30.573195
#7	0	58	0	2	3	-0.00500000	0.773283	-29.111048
#7	0	59	0	2	3	-0.00500000	0.811789	-31.449459
#7	0	60	0	2	3	-0.00500000	0.759724	-28.110014
#7	0	61	0	2	3	-0.00500000	0.810884	-31.379063
#7	0	62	0	2	3	-0.00500000	0.771910	-28.435006
#7	0	63	0	2	3	-0.00500000	0.796658	-30.511906
#######################################################################
# TOF Up                                                              #
#######################################################################
7	0	0	0	1	3	5.24830e+00	-1.96630e+00	2.96170e+00
7	0	1	0	1	3	5.24830e+00	-1.96630e+00	2.96170e+00
7	0	2	0	1	3	5.24830e+00	-1.96630e+00	2.96170e+00
7	0	3	0	1	3	5.24830e+00	-1.96630e+00	2.96170e+00
7	0	4	0	1	3	5.24830e+00	-1.96630e+00	2.96170e+00
7	0	5	0	1	3	5.24830e+00	-1.96630e+00	2.96170e+00
7	0	6	0	1	3	6.97090e+00	-3.03520e+00	3.39910e+00
7	0	7	0	1	3	4.05450e+00	-1.96150e+00	2.30360e+00
7	0	8	0	1	3	1.16940e+02	-2.98600e+01	2.09880e+01
7	0	9	0	1	3	5.24830e+00	-1.96630e+00	2.96170e+00
7	0	10	0	1	3	5.24830e+00	-1.96630e+00	2.96170e+00
7	0	11	0	1	3	5.24830e+00	-1.96630e+00	2.96170e+00
7	0	12	0	1	3	5.24830e+00	-1.96630e+00	2.96170e+00
7	0	13	0	1	3	5.24830e+00	-1.96630e+00	2.96170e+00
7	0	14	0	1	3	5.24830e+00	-1.96630e+00	2.96170e+00
7	0	15	0	1	3	5.24830e+00	-1.96630e+00	2.96170e+00
7	0	16	0	1	3	5.24830e+00	-1.96630e+00	2.96170e+00
7	0	17	0	1	3	5.24830e+00	-1.96630e+00	2.96170e+00
7	0	18	0	1	3	5.24830e+00	-1.96630e+00	2.96170e+00
7	0	19	0	1	3	7.11491e-01	1.85180e-03	5.82402e-01
7	0	20	0	1	3	5.59404e-01	-1.73810e-03	4.50716e-01
7	0	21	0	1	3	8.92499e-01	1.99900e-03	7.37364e-01
7	0	22	0	1	3	6.37553e-01	1.99960e-03	5.45449e-01
7	0	23	0	1	3	1.19210e+00	1.98920e-03	9.99994e-01
#######################################################################
# TOF Down                                                            #
#######################################################################
7	0	0	1	1	3	5.84300e+00	-2.30730e+00	3.11320e+00
7	0	1	1	1	3	5.84300e+00	-2.30730e+00	3.11320e+00
7	0	2	1	1	3	5.84300e+00	-2.30730e+00	3.11320e+00
7	0	3	1	1	3	5.84300e+00	-2.30730e+00	3.11320e+00
7	0	4	1	1	3	5.84300e+00	-2.30730e+00	3.11320e+00
7	0	5	1	1	3	5.84300e+00	-2.30730e+00	3.11320e+00
7	0	6	1	1	3	1.41330e+01	-5.81170e+00	5.32680e+00
7	0	7	1	1	3	7.84850e+01	-2.02870e+01	1.69500e+01
7	0	8	1	1	3	2.20240e+02	-3.62440e+01	3.60080e+01
7	0	9	1	1	3	5.84300e+00	-2.30730e+00	3.11320e+00
7	0	10	1	1	3	5.84300e+00	-2.30730e+00	3.11320e+00
7	0	11	1	1	3	5.84300e+00	-2.30730e+00	3.11320e+00
7	0	12	1	1	3	5.84300e+00	-2.30730e+00	3.11320e+00
7	0	13	1	1	3	5.84300e+00	-2.30730e+00	3.11320e+00
7	0	14	1	1	3	5.84300e+00	-2.30730e+00	3.11320e+00
7	0	15	1	1	3	5.84300e+00	-2.30730e+00	3.11320e+00
7	0	16	1	1	3	5.84300e+00	-2.30730e+00	3.11320e+00
7	0	17	1	1	3	5.84300e+00	-2.30730e+00	3.11320e+00
7	0	18	1	1	3	5.84300e+00	-2.30730e+00	3.11320e+00
7	0	19	1	1	3	6.18741e-01	1.99860e-03	4.90831e-01
7	0	20	1	1	3	5.75901e-01	1.04210e-03	4.72509e-01
7	0	21	1	1	3	9.41046e-01	1.99890e-03	7.79357e-01
7	0	22	1	1	3	4.84266e-01	-1.95590e-03	3.99786e-01
7	0	23	1	1	3	8.97714e-01	1.99860e-03	7.56300e-01
#######################################################################
# BFT U                                                               #
#######################################################################
110	0	0	0	2	3	2.08427e-03	-4.42233e-01	1.27148e+01
110	0	1	0	2	3	-4.33113e-03	6.40867e-02	2.93784e+00
110	0	2	0	2	3	3.41224e-03	-5.40081e-01	1.43129e+01
110	0	3	0	2	3	3.56666e-03	-5.49143e-01	1.35434e+01
110	0	4	0	2	3	3.44140e-03	-5.37326e-01	1.45741e+01
110	0	5	0	2	3	3.95078e-03	-5.59638e-01	1.51340e+01
110	0	6	0	2	3	3.30822e-03	-5.27278e-01	1.36372e+01
110	0	7	0	2	3	4.10737e-03	-5.77274e-01	1.52826e+01
110	0	8	0	2	3	4.02771e-03	-5.82472e-01	1.48887e+01
110	0	9	0	2	3	2.97540e-03	-4.94553e-01	1.46251e+01
110	0	10	0	2	3	3.82750e-03	-5.65419e-01	1.37595e+01
110	0	11	0	2	3	3.94561e-03	-5.62873e-01	1.58104e+01
110	0	12	0	2	3	2.76899e-03	-4.86064e-01	1.25697e+01
110	0	13	0	2	3	3.63070e-03	-5.43645e-01	1.55126e+01
110	0	14	0	2	3	3.76343e-03	-5.52680e-01	1.35253e+01
110	0	15	0	2	3	3.60126e-03	-5.46834e-01	1.56280e+01
110	0	16	0	2	3	3.85514e-03	-5.61893e-01	1.36780e+01
110	0	17	0	2	3	3.70143e-03	-5.40350e-01	1.48844e+01
110	0	18	0	2	3	4.12884e-03	-5.84352e-01	1.40090e+01
110	0	19	0	2	3	4.69057e-03	-6.21247e-01	1.44797e+01
110	0	20	0	2	3	3.84055e-03	-5.58391e-01	1.40567e+01
110	0	21	0	2	3	4.60231e-03	-6.15719e-01	1.76979e+01
110	0	22	0	2	3	4.30858e-03	-5.98806e-01	1.47373e+01
110	0	23	0	2	3	4.94506e-03	-6.36713e-01	1.68178e+01
110	0	24	0	2	3	4.45970e-03	-6.00889e-01	1.50623e+01
110	0	25	0	2	3	3.92225e-03	-5.52199e-01	1.56004e+01
110	0	26	0	2	3	4.36770e-03	-6.08477e-01	1.60430e+01
110	0	27	0	2	3	4.23006e-03	-5.77877e-01	1.55310e+01
110	0	28	0	2	3	3.65914e-03	-5.50006e-01	1.24447e+01
110	0	29	0	2	3	4.21269e-03	-5.76051e-01	1.50743e+01
110	0	30	0	2	3	4.13029e-03	-5.87012e-01	1.44169e+01
110	0	31	0	2	3	4.25329e-03	-5.86773e-01	1.58374e+01
110	0	32	0	2	3	4.00510e-03	-5.79632e-01	1.45897e+01
110	0	33	0	2	3	4.36659e-03	-5.72443e-01	1.36855e+01
110	0	34	0	2	3	4.26135e-03	-5.89543e-01	1.43850e+01
110	0	35	0	2	3	4.56705e-03	-6.14493e-01	1.63294e+01
110	0	36	0	2	3	3.69547e-03	-5.41757e-01	1.33921e+01
110	0	37	0	2	3	3.88611e-03	-5.67128e-01	1.64818e+01
110	0	38	0	2	3	3.95826e-03	-5.65144e-01	1.33838e+01
110	0	39	0	2	3	4.26362e-03	-5.85670e-01	1.54512e+01
110	0	40	0	2	3	3.95227e-03	-5.61575e-01	1.36552e+01
110	0	41	0	2	3	4.13127e-03	-5.73025e-01	1.62496e+01
110	0	42	0	2	3	4.12063e-03	-5.75215e-01	1.44711e+01
110	0	43	0	2	3	4.61525e-03	-6.23041e-01	1.69159e+01
110	0	44	0	2	3	3.78139e-03	-5.60307e-01	1.39121e+01
110	0	45	0	2	3	4.41935e-03	-5.90528e-01	1.60496e+01
110	0	46	0	2	3	4.30236e-03	-6.06294e-01	1.49762e+01
110	0	47	0	2	3	4.74239e-03	-6.33283e-01	1.81696e+01
110	0	48	0	2	3	3.68159e-03	-5.43286e-01	1.24593e+01
110	0	49	0	2	3	4.26903e-03	-5.86705e-01	1.65579e+01
110	0	50	0	2	3	4.65030e-03	-6.18635e-01	1.52685e+01
110	0	51	0	2	3	4.60951e-03	-6.09319e-01	1.57907e+01
110	0	52	0	2	3	3.81847e-03	-5.54507e-01	1.32480e+01
110	0	53	0	2	3	4.48118e-03	-5.96678e-01	1.54210e+01
110	0	54	0	2	3	4.34569e-03	-5.97673e-01	1.45005e+01
110	0	55	0	2	3	4.71790e-03	-6.18247e-01	1.68687e+01
110	0	56	0	2	3	3.90621e-03	-5.74432e-01	1.50921e+01
110	0	57	0	2	3	4.48418e-03	-6.01366e-01	1.62174e+01
110	0	58	0	2	3	4.03678e-03	-5.78938e-01	1.52611e+01
110	0	59	0	2	3	4.21071e-03	-6.00334e-01	1.66913e+01
110	0	60	0	2	3	4.16478e-03	-5.89009e-01	1.40153e+01
110	0	61	0	2	3	3.80770e-03	-5.49593e-01	1.49511e+01
110	0	62	0	2	3	4.81349e-03	-6.28963e-01	1.49175e+01
110	0	63	0	2	3	4.11221e-03	-5.76459e-01	1.44027e+01
110	0	64	0	2	3	4.27430e-03	-5.96279e-01	1.47438e+01
110	0	65	0	2	3	4.28283e-03	-5.90875e-01	1.57323e+01
110	0	66	0	2	3	4.76629e-03	-6.45456e-01	1.69537e+01
110	0	67	0	2	3	3.75407e-03	-5.56710e-01	1.53481e+01
110	0	68	0	2	3	4.10906e-03	-5.97022e-01	1.53961e+01
110	0	69	0	2	3	3.98898e-03	-5.66398e-01	1.48033e+01
110	0	70	0	2	3	4.43383e-03	-6.24102e-01	1.48336e+01
110	0	71	0	2	3	4.13523e-03	-5.86421e-01	1.56568e+01
110	0	72	0	2	3	3.91346e-03	-5.76253e-01	1.37670e+01
110	0	73	0	2	3	4.31182e-03	-5.97247e-01	1.51901e+01
110	0	74	0	2	3	4.62240e-03	-6.32672e-01	1.58638e+01
110	0	75	0	2	3	4.39613e-03	-5.99928e-01	1.54957e+01
110	0	76	0	2	3	4.04023e-03	-5.79555e-01	1.38813e+01
110	0	77	0	2	3	4.02296e-03	-5.74227e-01	1.53629e+01
110	0	78	0	2	3	4.36231e-03	-6.12838e-01	1.48439e+01
110	0	79	0	2	3	4.16920e-03	-5.84009e-01	1.51686e+01
110	0	80	0	2	3	3.86371e-03	-5.67689e-01	1.47393e+01
110	0	81	0	2	3	4.30037e-03	-5.84876e-01	1.51426e+01
110	0	82	0	2	3	4.35275e-03	-6.01086e-01	1.48665e+01
110	0	83	0	2	3	4.47072e-03	-6.09532e-01	1.55366e+01
110	0	84	0	2	3	3.67046e-03	-5.52248e-01	1.38968e+01
110	0	85	0	2	3	4.09182e-03	-5.76240e-01	1.53668e+01
110	0	86	0	2	3	4.73401e-03	-6.43178e-01	1.54005e+01
110	0	87	0	2	3	4.67490e-03	-6.32703e-01	1.67593e+01
110	0	88	0	2	3	3.76863e-03	-5.56070e-01	1.43229e+01
110	0	89	0	2	3	4.45371e-03	-6.04586e-01	1.54519e+01
110	0	90	0	2	3	4.48130e-03	-6.16482e-01	1.46201e+01
110	0	91	0	2	3	4.26682e-03	-5.99456e-01	1.49784e+01
110	0	92	0	2	3	3.70472e-03	-5.65571e-01	1.45402e+01
110	0	93	0	2	3	4.05173e-03	-5.72517e-01	1.46064e+01
110	0	94	0	2	3	4.21314e-03	-6.13735e-01	1.64548e+01
110	0	95	0	2	3	4.56227e-03	-6.18770e-01	1.61390e+01
110	0	96	0	2	3	4.02892e-03	-5.89518e-01	1.46066e+01
110	0	97	0	2	3	3.86568e-03	-5.64062e-01	1.52979e+01
110	0	98	0	2	3	4.31697e-03	-6.14183e-01	1.50517e+01
110	0	99	0	2	3	4.39001e-03	-5.99474e-01	1.55765e+01
110	0	100	0	2	3	3.76028e-03	-5.64449e-01	1.46572e+01
110	0	101	0	2	3	3.62933e-03	-5.47918e-01	1.49120e+01
110	0	102	0	2	3	4.97601e-03	-6.53718e-01	1.64594e+01
110	0	103	0	2	3	4.56039e-03	-6.19208e-01	1.57718e+01
110	0	104	0	2	3	4.43272e-03	-6.15421e-01	1.47059e+01
110	0	105	0	2	3	4.43742e-03	-6.02432e-01	1.52972e+01
110	0	106	0	2	3	4.61710e-03	-6.28859e-01	1.60221e+01
110	0	107	0	2	3	5.05981e-03	-6.47425e-01	1.56087e+01
110	0	108	0	2	3	3.47858e-03	-5.47447e-01	1.43412e+01
110	0	109	0	2	3	4.14435e-03	-5.85459e-01	1.49264e+01
110	0	110	0	2	3	4.37367e-03	-6.12825e-01	1.55144e+01
110	0	111	0	2	3	4.85282e-03	-6.45712e-01	1.61521e+01
110	0	112	0	2	3	3.81699e-03	-5.61667e-01	1.32623e+01
110	0	113	0	2	3	4.46806e-03	-6.04108e-01	1.51709e+01
110	0	114	0	2	3	4.45899e-03	-6.19913e-01	1.57941e+01
110	0	115	0	2	3	5.11183e-03	-6.52090e-01	1.60331e+01
110	0	116	0	2	3	3.82826e-03	-5.74468e-01	1.44809e+01
110	0	117	0	2	3	4.55606e-03	-6.12600e-01	1.63207e+01
110	0	118	0	2	3	4.26660e-03	-6.09251e-01	1.58473e+01
110	0	119	0	2	3	4.27514e-03	-5.89802e-01	1.40513e+01
110	0	120	0	2	3	4.29342e-03	-6.11275e-01	1.52610e+01
110	0	121	0	2	3	4.57591e-03	-6.07815e-01	1.38618e+01
110	0	122	0	2	3	3.37611e-03	-5.47170e-01	1.53321e+01
110	0	123	0	2	3	3.88450e-03	-5.62323e-01	1.47032e+01
110	0	124	0	2	3	3.64240e-03	-5.54794e-01	1.47295e+01
110	0	125	0	2	3	3.95282e-03	-5.61328e-01	1.24478e+01
110	0	126	0	2	3	4.52257e-03	-6.17748e-01	1.52271e+01
110	0	127	0	2	3	4.48362e-03	-6.10077e-01	1.54087e+01
110	0	128	0	2	3	3.53730e-03	-5.86487e-01	1.61750e+01
110	0	129	0	2	3	4.48812e-03	-6.31838e-01	1.62967e+01
110	0	130	0	2	3	3.87606e-03	-5.98171e-01	1.61534e+01
110	0	131	0	2	3	1.88743e-03	-4.13064e-01	1.20750e+01
110	0	132	0	2	3	3.32893e-03	-5.44740e-01	1.53180e+01
110	0	133	0	2	3	2.84403e-03	-4.90994e-01	1.37017e+01
110	0	134	0	2	3	3.49183e-03	-5.61268e-01	1.51628e+01
110	0	135	0	2	3	3.18524e-03	-5.23352e-01	1.37050e+01
110	0	136	0	2	3	5.47038e-03	-6.87179e-01	1.64770e+01
110	0	137	0	2	3	3.26854e-03	-5.44735e-01	1.53486e+01
110	0	138	0	2	3	2.18354e-03	-4.57835e-01	1.34580e+01
110	0	139	0	2	3	4.58174e-03	-6.35581e-01	1.53383e+01
110	0	140	0	2	3	2.00861e-03	-4.54894e-01	1.38018e+01
110	0	141	0	2	3	-4.77787e-04	-2.71426e-01	9.28634e+00
110	0	142	0	2	3	4.88846e-03	-6.56438e-01	1.66448e+01
110	0	143	0	2	3	-8.19559e-03	2.82833e-01	-1.18753e-01
110	0	144	0	2	3	1.36179e-03	-4.08115e-01	1.16163e+01
110	0	145	0	2	3	3.43108e-03	-5.23281e-01	1.28735e+01
110	0	146	0	2	3	3.82866e-03	-5.90254e-01	1.56596e+01
110	0	147	0	2	3	3.80911e-03	-5.87260e-01	1.60366e+01
110	0	148	0	2	3	1.17667e-03	-3.78647e-01	1.10119e+01
110	0	149	0	2	3	2.24733e-03	-4.68816e-01	1.37430e+01
110	0	150	0	2	3	4.57944e-03	-6.28336e-01	1.63094e+01
110	0	151	0	2	3	-2.51895e-02	1.56312e+00	-2.33689e+01
110	0	152	0	2	3	-1.11036e-02	5.80721e-01	-6.34234e+00
110	0	153	0	2	3	-1.44862e-03	-1.97904e-01	8.76699e+00
110	0	154	0	2	3	-7.10610e-05	-2.79852e-01	9.24326e+00
110	0	155	0	2	3	2.09012e-03	-4.55543e-01	1.16784e+01
110	0	156	0	2	3	-3.42734e-03	-2.20640e-02	4.98221e+00
110	0	157	0	2	3	-1.61059e-02	9.24958e-01	-1.22575e+01
110	0	158	0	2	3	2.01693e-03	-4.61792e-01	1.31944e+01
110	0	159	0	2	3	2.08123e-03	-4.64499e-01	1.34773e+01
#######################################################################
# BFT D                                                               #
#######################################################################
110	1	0	0	2	3	4.30205e-03	-6.03666e-01	1.71796e+01
110	1	1	0	2	3	4.00035e-03	-5.78257e-01	1.61787e+01
110	1	2	0	2	3	3.96464e-03	-5.84343e-01	1.59293e+01
110	1	3	0	2	3	3.73984e-03	-5.64557e-01	1.64556e+01
110	1	4	0	2	3	3.68489e-03	-5.63524e-01	1.55588e+01
110	1	5	0	2	3	3.81481e-03	-5.62422e-01	1.63575e+01
110	1	6	0	2	3	4.04897e-03	-5.86000e-01	1.46792e+01
110	1	7	0	2	3	3.55784e-03	-5.43528e-01	1.54805e+01
110	1	8	0	2	3	3.46910e-03	-5.42085e-01	1.53272e+01
110	1	9	0	2	3	3.42588e-03	-5.49561e-01	1.73058e+01
110	1	10	0	2	3	3.83533e-03	-5.71922e-01	1.57221e+01
110	1	11	0	2	3	3.93680e-03	-5.75608e-01	1.59663e+01
110	1	12	0	2	3	3.81160e-03	-5.76858e-01	1.52443e+01
110	1	13	0	2	3	3.29067e-03	-5.24952e-01	1.57180e+01
110	1	14	0	2	3	3.63906e-03	-5.68059e-01	1.49437e+01
110	1	15	0	2	3	3.83704e-03	-5.57614e-01	1.60830e+01
110	1	16	0	2	3	3.92482e-03	-5.77232e-01	1.51910e+01
110	1	17	0	2	3	4.13213e-03	-5.83049e-01	1.58742e+01
110	1	18	0	2	3	3.53929e-03	-5.53811e-01	1.42649e+01
110	1	19	0	2	3	4.43740e-03	-6.12342e-01	1.69033e+01
110	1	20	0	2	3	3.26954e-03	-5.35620e-01	1.48519e+01
110	1	21	0	2	3	2.26559e-03	-4.54264e-01	1.50415e+01
110	1	22	0	2	3	4.07339e-03	-5.84248e-01	1.52272e+01
110	1	23	0	2	3	3.94765e-03	-5.61442e-01	1.59546e+01
110	1	24	0	2	3	3.44499e-03	-5.43566e-01	1.55025e+01
110	1	25	0	2	3	3.97810e-03	-5.72989e-01	1.64211e+01
110	1	26	0	2	3	4.54270e-03	-6.24172e-01	1.58219e+01
110	1	27	0	2	3	3.93339e-03	-5.70716e-01	1.71013e+01
110	1	28	0	2	3	3.81242e-03	-5.73916e-01	1.59746e+01
110	1	29	0	2	3	3.64258e-03	-5.53893e-01	1.63446e+01
110	1	30	0	2	3	4.09295e-03	-5.90916e-01	1.55213e+01
110	1	31	0	2	3	4.34401e-03	-6.10302e-01	1.74852e+01
110	1	32	0	2	3	3.70660e-03	-5.67379e-01	1.64223e+01
110	1	33	0	2	3	3.36572e-03	-5.37234e-01	1.49573e+01
110	1	34	0	2	3	4.48190e-03	-6.10679e-01	1.53397e+01
110	1	35	0	2	3	4.20674e-03	-6.05214e-01	1.74459e+01
110	1	36	0	2	3	4.07354e-03	-5.83768e-01	1.61370e+01
110	1	37	0	2	3	3.50119e-03	-5.36318e-01	1.40877e+01
110	1	38	0	2	3	4.57595e-03	-6.20831e-01	1.69416e+01
110	1	39	0	2	3	3.99726e-03	-5.71422e-01	1.56824e+01
110	1	40	0	2	3	4.19463e-03	-5.88637e-01	1.50213e+01
110	1	41	0	2	3	3.96740e-03	-5.70063e-01	1.60862e+01
110	1	42	0	2	3	3.97228e-03	-5.70922e-01	1.52290e+01
110	1	43	0	2	3	3.93375e-03	-5.69564e-01	1.68769e+01
110	1	44	0	2	3	4.02582e-03	-5.87310e-01	1.52394e+01
110	1	45	0	2	3	3.72120e-03	-5.55689e-01	1.61046e+01
110	1	46	0	2	3	3.98413e-03	-5.83596e-01	1.51316e+01
110	1	47	0	2	3	4.35365e-03	-6.18000e-01	1.81638e+01
110	1	48	0	2	3	4.02808e-03	-5.79489e-01	1.56783e+01
110	1	49	0	2	3	3.71270e-03	-5.50145e-01	1.61904e+01
110	1	50	0	2	3	3.99113e-03	-5.81291e-01	1.47449e+01
110	1	51	0	2	3	3.88172e-03	-5.67988e-01	1.62330e+01
110	1	52	0	2	3	3.88916e-03	-5.80616e-01	1.50187e+01
110	1	53	0	2	3	3.38535e-03	-5.33067e-01	1.59389e+01
110	1	54	0	2	3	4.50918e-03	-6.24707e-01	1.67423e+01
110	1	55	0	2	3	4.22296e-03	-5.93828e-01	1.68142e+01
110	1	56	0	2	3	4.13668e-03	-6.05512e-01	1.55814e+01
110	1	57	0	2	3	4.07070e-03	-5.83866e-01	1.63742e+01
110	1	58	0	2	3	4.13466e-03	-6.06177e-01	1.74806e+01
110	1	59	0	2	3	4.64421e-03	-6.40588e-01	1.88094e+01
110	1	60	0	2	3	3.87505e-03	-5.76163e-01	1.57077e+01
110	1	61	0	2	3	3.97326e-03	-5.65202e-01	1.55326e+01
110	1	62	0	2	3	4.20340e-03	-5.95015e-01	1.49490e+01
110	1	63	0	2	3	3.97480e-03	-5.78957e-01	1.66161e+01
110	1	64	0	2	3	4.06387e-03	-5.92547e-01	1.63792e+01
110	1	65	0	2	3	3.95739e-03	-5.77187e-01	1.58940e+01
110	1	66	0	2	3	4.66035e-03	-6.40053e-01	1.59292e+01
110	1	67	0	2	3	4.33347e-03	-6.07873e-01	1.55645e+01
110	1	68	0	2	3	3.58571e-03	-5.48571e-01	1.39756e+01
110	1	69	0	2	3	4.20890e-03	-5.94147e-01	1.62332e+01
110	1	70	0	2	3	4.20224e-03	-6.02244e-01	1.63490e+01
110	1	71	0	2	3	4.16062e-03	-6.00612e-01	1.66661e+01
110	1	72	0	2	3	3.71317e-03	-5.59876e-01	1.50292e+01
110	1	73	0	2	3	4.03572e-03	-5.90320e-01	1.69823e+01
110	1	74	0	2	3	4.21587e-03	-5.95620e-01	1.48140e+01
110	1	75	0	2	3	4.36626e-03	-6.12257e-01	1.62401e+01
110	1	76	0	2	3	3.59289e-03	-5.51180e-01	1.47083e+01
110	1	77	0	2	3	3.91472e-03	-5.79299e-01	1.56794e+01
110	1	78	0	2	3	4.22235e-03	-6.01688e-01	1.49640e+01
110	1	79	0	2	3	4.40375e-03	-6.10564e-01	1.60955e+01
110	1	80	0	2	3	3.81642e-03	-5.64124e-01	1.47873e+01
110	1	81	0	2	3	4.08532e-03	-5.81494e-01	1.48238e+01
110	1	82	0	2	3	4.71388e-03	-6.36903e-01	1.70870e+01
110	1	83	0	2	3	4.44277e-03	-5.99461e-01	1.53964e+01
110	1	84	0	2	3	3.53392e-03	-5.36631e-01	1.37509e+01
110	1	85	0	2	3	3.90089e-03	-5.69293e-01	1.49094e+01
110	1	86	0	2	3	4.26345e-03	-6.00707e-01	1.61192e+01
110	1	87	0	2	3	4.09977e-03	-5.78684e-01	1.37943e+01
110	1	88	0	2	3	3.81090e-03	-5.68247e-01	1.53261e+01
110	1	89	0	2	3	3.78777e-03	-5.65910e-01	1.45176e+01
110	1	90	0	2	3	4.06278e-03	-5.86831e-01	1.47995e+01
110	1	91	0	2	3	4.37032e-03	-6.03538e-01	1.60361e+01
110	1	92	0	2	3	4.11857e-03	-5.83994e-01	1.51255e+01
110	1	93	0	2	3	3.80761e-03	-5.64468e-01	1.50168e+01
110	1	94	0	2	3	4.22187e-03	-6.02435e-01	1.62713e+01
110	1	95	0	2	3	4.11409e-03	-5.94533e-01	1.53282e+01
110	1	96	0	2	3	3.76798e-03	-5.62413e-01	1.44684e+01
110	1	97	0	2	3	3.73395e-03	-5.62432e-01	1.54631e+01
110	1	98	0	2	3	4.24897e-03	-6.17708e-01	1.68680e+01
110	1	99	0	2	3	4.38243e-03	-6.06159e-01	1.55039e+01
110	1	100	0	2	3	3.55065e-03	-5.37908e-01	1.45241e+01
110	1	101	0	2	3	3.74033e-03	-5.59458e-01	1.52346e+01
110	1	102	0	2	3	4.23347e-03	-6.07048e-01	1.57952e+01
110	1	103	0	2	3	4.47104e-03	-6.10841e-01	1.54590e+01
110	1	104	0	2	3	4.11169e-03	-5.89986e-01	1.54920e+01
110	1	105	0	2	3	3.98062e-03	-5.78368e-01	1.53506e+01
110	1	106	0	2	3	4.86083e-03	-6.47502e-01	1.72363e+01
110	1	107	0	2	3	4.52959e-03	-6.18860e-01	1.58283e+01
110	1	108	0	2	3	3.96078e-03	-5.79211e-01	1.60195e+01
110	1	109	0	2	3	3.75393e-03	-5.64753e-01	1.56554e+01
110	1	110	0	2	3	4.51209e-03	-6.20954e-01	1.59749e+01
110	1	111	0	2	3	3.67242e-03	-5.66887e-01	1.62683e+01
110	1	112	0	2	3	4.26320e-03	-6.02890e-01	1.55589e+01
110	1	113	0	2	3	4.00798e-03	-5.81254e-01	1.54730e+01
110	1	114	0	2	3	4.35455e-03	-6.15370e-01	1.55926e+01
110	1	115	0	2	3	4.52719e-03	-6.21587e-01	1.59194e+01
110	1	116	0	2	3	3.70538e-03	-5.65215e-01	1.50682e+01
110	1	117	0	2	3	4.09704e-03	-5.81901e-01	1.53054e+01
110	1	118	0	2	3	4.83646e-03	-6.39355e-01	1.53876e+01
110	1	119	0	2	3	4.69032e-03	-6.28415e-01	1.63539e+01
110	1	120	0	2	3	3.88590e-03	-5.75236e-01	1.49367e+01
110	1	121	0	2	3	3.79341e-03	-5.68503e-01	1.50336e+01
110	1	122	0	2	3	2.24921e-03	-4.56342e-01	1.40467e+01
110	1	123	0	2	3	5.27563e-03	-6.88185e-01	1.88441e+01
110	1	124	0	2	3	3.82156e-03	-5.58492e-01	1.41253e+01
110	1	125	0	2	3	3.80338e-03	-5.71496e-01	1.54407e+01
110	1	126	0	2	3	4.60586e-03	-6.25012e-01	1.60857e+01
110	1	127	0	2	3	4.42322e-03	-6.01534e-01	1.55064e+01
110	1	128	0	2	3	3.31500e-03	-5.69666e-01	1.61547e+01
110	1	129	0	2	3	3.72479e-03	-5.83934e-01	1.60504e+01
110	1	130	0	2	3	4.00428e-03	-6.02101e-01	1.54967e+01
110	1	131	0	2	3	4.03505e-03	-5.86481e-01	1.54124e+01
110	1	132	0	2	3	3.44084e-03	-5.61113e-01	1.57970e+01
110	1	133	0	2	3	4.43586e-03	-6.18893e-01	1.58589e+01
110	1	134	0	2	3	2.81089e-03	-5.32342e-01	1.55108e+01
110	1	135	0	2	3	3.17854e-03	-5.28429e-01	1.46982e+01
110	1	136	0	2	3	-2.20964e-03	-1.49578e-01	8.70200e+00
110	1	137	0	2	3	4.34397e-03	-6.08998e-01	1.60079e+01
110	1	138	0	2	3	5.01134e-03	-6.78857e-01	1.73385e+01
110	1	139	0	2	3	3.52484e-03	-5.43021e-01	1.48423e+01
110	1	140	0	2	3	5.14386e-03	-6.65150e-01	1.65241e+01
110	1	141	0	2	3	3.92526e-03	-5.92138e-01	1.55160e+01
110	1	142	0	2	3	3.61776e-03	-5.70021e-01	1.49038e+01
110	1	143	0	2	3	5.39121e-03	-7.00279e-01	1.83097e+01
110	1	144	0	2	3	8.94436e-04	-3.66845e-01	1.25308e+01
110	1	145	0	2	3	4.82785e-03	-6.34081e-01	1.61515e+01
110	1	146	0	2	3	4.71703e-03	-6.48675e-01	1.65938e+01
110	1	147	0	2	3	4.58809e-03	-6.39695e-01	1.58066e+01
110	1	148	0	2	3	3.04455e-03	-5.16179e-01	1.34680e+01
110	1	149	0	2	3	5.22603e-03	-6.66256e-01	1.74075e+01
110	1	150	0	2	3	2.89222e-03	-5.13004e-01	1.47510e+01
110	1	151	0	2	3	4.72973e-03	-6.28636e-01	1.60153e+01
110	1	152	0	2	3	6.27007e-03	-7.52821e-01	1.94119e+01
110	1	153	0	2	3	-9.24001e-03	4.10849e-01	-2.10416e+00
110	1	154	0	2	3	3.54561e-04	-3.30362e-01	1.14366e+01
110	1	155	0	2	3	5.63603e-03	-7.02152e-01	1.63514e+01
110	1	156	0	2	3	1.84558e-03	-3.98685e-01	1.17107e+01
110	1	157	0	2	3	-1.76472e-03	-1.62544e-01	8.64666e+00
110	1	158	0	2	3	1.50278e-03	-4.17210e-01	1.33642e+01
110	1	159	0	2	3	4.82329e-03	-6.32652e-01	1.71079e+01
