##
#  file: HodoPHCParam_Dummy
#  date: 2016.06.15
#  note: first version
#
#
#######################################################################
# CId	PlId	Seg	UorD	Type	nParam	p0	p1	...
#
#	Type=0 no correction will be performed
#	Type=1 ct=t-p[0]/sqrt(a-p[1])+p[2]
#	Type=2 ct=p[0]*a*a + p[1]*a + p[2] for Fiber
#
#######################################################################
# BH1 Up                                                              #
#######################################################################
1	0	0	0	1	3	9.72882e+01	-2.42381e+01	1.93388e+01
1	0	1	0	1	3	8.39811e-01	2.30870e-01	9.07677e-01
1	0	2	0	1	3	7.96271e-01	2.02772e-01	8.76313e-01
1	0	3	0	1	3	1.24269e+00	-1.47574e-01	1.19840e+00
1	0	4	0	1	3	1.09931e+00	-7.72769e-02	1.08260e+00
1	0	5	0	1	3	1.05845e+00	1.40683e-01	1.18835e+00
1	0	6	0	1	3	1.24845e+00	-7.32092e-02	1.22011e+00
1	0	7	0	1	3	1.38494e+00	-1.69323e-01	1.29113e+00
1	0	8	0	1	3	1.12943e+00	-1.85789e-01	1.05048e+00
1	0	9	0	1	3	1.39270e+00	-1.82072e-01	1.30041e+00
1	0	10	0	1	3	1.71493e+02	-3.15885e+01	3.00372e+01
#######################################################################
# BH1 Down                                                            #
#######################################################################
1	0	0	1	1	3	1.69589e+00	-2.63702e-01	1.46458e+00
1	0	1	1	1	3	6.65147e-01	3.06785e-01	7.74182e-01
1	0	2	1	1	3	1.69164e+00	-4.50471e-01	1.36238e+00
1	0	3	1	1	3	7.14482e+01	-2.23619e+01	1.47724e+01
1	0	4	1	1	3	1.42431e+00	-1.84323e-01	1.31423e+00
1	0	5	1	1	3	1.48351e+00	-1.17877e-01	1.40777e+00
1	0	6	1	1	3	1.64799e+00	-3.01989e-01	1.48452e+00
1	0	7	1	1	3	1.48685e+00	-1.75507e-01	1.38619e+00
1	0	8	1	1	3	5.71792e-01	2.68423e-01	6.99614e-01
1	0	9	1	1	3	1.07020e+00	4.47097e-02	1.11772e+00
1	0	10	1	1	3	5.19525e-01	3.65790e-01	6.45791e-01
#######################################################################
# BH2 Up                                                              #
#######################################################################
2	0	0	0	1	3	1.12115e-01	3.35357e-01	1.33957e-01
2	0	1	0	1	3	4.23202e-01	6.01088e-02	4.32756e-01
2	0	2	0	1	3	4.01076e-01	4.56070e-02	4.03148e-01
2	0	3	0	1	3	3.85284e-01	5.67440e-02	3.98101e-01
2	0	4	0	1	3	2.66200e-01	1.48660e-01	2.92941e-01
2	0	5	0	1	3	1.66891e-01	2.88043e-01	2.06447e-01
2	0	6	0	1	3	1.71542e-01	2.55850e-01	2.12138e-01
2	0	7	0	1	3	1.96083e-01	2.29490e-01	2.30246e-01
#######################################################################
# BH2 Down                                                            #
#######################################################################
2	0	0	1	1	3	1.86082e-01	2.04597e-01	2.06299e-01
2	0	1	1	1	3	3.69447e-01	6.07075e-02	3.67987e-01
2	0	2	1	1	3	4.36704e-01	5.29092e-03	4.17610e-01
2	0	3	1	1	3	5.05110e-01	-2.36197e-01	4.33924e-01
2	0	4	1	1	3	3.34198e-01	6.07922e-02	3.30964e-01
2	0	5	1	1	3	2.71316e-01	1.29618e-01	2.74971e-01
2	0	6	1	1	3	4.51400e-01	-3.05140e-02	4.20447e-01
2	0	7	1	1	3	2.11967e-01	8.42464e-02	2.22906e-01
#######################################################################
# BAC                                                                 #
#######################################################################
3	0	0	0	1	3	0.00000e+00	0.00000e+00	0.00000e+00
3	0	1	0	1	3	0.00000e+00	0.00000e+00	0.00000e+00
#######################################################################
# FBH Up                                                              #
#######################################################################
4	0	0	0	2	3	-5.62952e-03	8.96903e-01	-3.53273e+01
4	0	1	0	2	3	-4.29399e-03	7.37975e-01	-3.00049e+01
4	0	2	0	2	3	-5.26894e-03	8.67305e-01	-3.38992e+01
4	0	3	0	2	3	-3.80183e-03	6.69237e-01	-2.72260e+01
4	0	4	0	2	3	-4.35014e-03	7.35785e-01	-2.92008e+01
4	0	5	0	2	3	-4.02541e-03	6.86907e-01	-2.70312e+01
4	0	6	0	2	3	-4.16660e-03	7.08229e-01	-2.81512e+01
4	0	7	0	2	3	-3.93117e-03	6.84759e-01	-2.69101e+01
4	0	8	0	2	3	-4.14423e-03	6.96902e-01	-2.65883e+01
4	0	9	0	2	3	-2.83372e-03	5.62925e-01	-2.20787e+01
4	0	10	0	2	3	-4.07944e-03	7.09420e-01	-2.75603e+01
4	0	11	0	2	3	-3.50961e-03	6.50113e-01	-2.64167e+01
4	0	12	0	2	3	-3.52415e-03	6.49734e-01	-2.67232e+01
4	0	13	0	2	3	-4.13420e-03	7.26957e-01	-2.99675e+01
4	0	14	0	2	3	-4.90315e-03	8.27563e-01	-3.35630e+01
4	0	15	0	2	3	-4.73048e-03	8.13189e-01	-3.31901e+01
#######################################################################
# FBH Down                                                            #
#######################################################################
4	0	0	1	2	3	-5.62952e-03	8.96903e-01	-3.53273e+01
4	0	1	1	2	3	-4.29399e-03	7.37975e-01	-3.00049e+01
4	0	2	1	2	3	-5.26894e-03	8.67305e-01	-3.38992e+01
4	0	3	1	2	3	-3.80183e-03	6.69237e-01	-2.72260e+01
4	0	4	1	2	3	-4.35014e-03	7.35785e-01	-2.92008e+01
4	0	5	1	2	3	-4.02541e-03	6.86907e-01	-2.70312e+01
4	0	6	1	2	3	-4.16660e-03	7.08229e-01	-2.81512e+01
4	0	7	1	2	3	-3.93117e-03	6.84759e-01	-2.69101e+01
4	0	8	1	2	3	-4.14423e-03	6.96902e-01	-2.65883e+01
4	0	9	1	2	3	-2.83372e-03	5.62925e-01	-2.20787e+01
4	0	10	1	2	3	-4.07944e-03	7.09420e-01	-2.75603e+01
4	0	11	1	2	3	-3.50961e-03	6.50113e-01	-2.64167e+01
4	0	12	1	2	3	-3.52415e-03	6.49734e-01	-2.67232e+01
4	0	13	1	2	3	-4.13420e-03	7.26957e-01	-2.99675e+01
4	0	14	1	2	3	-4.90315e-03	8.27563e-01	-3.35630e+01
4	0	15	1	2	3	-4.73048e-03	8.13189e-01	-3.31901e+01
#######################################################################
# PVAC                                                                #
#######################################################################
5	0	0	0	1	3	0.00000e+00	0.00000e+00	0.00000e+00
#######################################################################
# FAC                                                                 #
#######################################################################
6	0	0	0	1	3	0.00000e+00	0.00000e+00	0.00000e+00
#######################################################################
# SCH                                                                 #
#######################################################################
#7	0	0	0	2	3	-0.00500000	0.821213	-32.185321
#7	0	1	0	2	3	-0.00500000	0.830248	-32.269563
#7	0	2	0	2	3	-0.00500000	0.793073	-29.315934
#7	0	3	0	2	3	-0.00500000	0.772144	-28.276705
#7	0	4	0	2	3	-0.00500000	0.801968	-30.687167
#7	0	5	0	2	3	-0.00500000	0.778300	-28.439251
#7	0	6	0	2	3	-0.00500000	0.765872	-27.918181
#7	0	7	0	2	3	-0.00500000	0.738459	-26.016797
#7	0	8	0	2	3	-0.00500000	0.778318	-28.676371
#7	0	9	0	2	3	-0.00500000	0.776670	-28.892887
#7	0	10	0	2	3	-0.00500000	0.764278	-28.122474
#7	0	11	0	2	3	-0.00500000	0.790742	-29.423647
#7	0	12	0	2	3	-0.00500000	0.811330	-30.487019
#7	0	13	0	2	3	-0.00500000	0.818750	-30.891512
#7	0	14	0	2	3	-0.00500000	0.802541	-30.009136
#7	0	15	0	2	3	-0.00500000	0.809525	-30.751746
#7	0	16	0	2	3	-0.00500000	0.802597	-30.845509
#7	0	17	0	2	3	-0.00500000	0.835028	-32.780792
#7	0	18	0	2	3	-0.00500000	0.859176	-33.938731
#7	0	19	0	2	3	-0.00500000	0.814851	-31.445396
#7	0	20	0	2	3	-0.00500000	0.809426	-30.781087
#7	0	21	0	2	3	-0.00500000	0.780678	-28.888756
#7	0	22	0	2	3	-0.00500000	0.808206	-30.719604
#7	0	23	0	2	3	-0.00500000	0.774024	-27.858339
#7	0	24	0	2	3	-0.00500000	0.794308	-29.022101
#7	0	25	0	2	3	-0.00500000	0.775649	-27.980186
#7	0	26	0	2	3	-0.00500000	0.788483	-28.687567
#7	0	27	0	2	3	-0.00466315	0.771386	-29.253260
#7	0	28	0	2	3	-0.00483132	0.790854	-28.637741
#7	0	29	0	2	3	-0.00497049	0.812994	-30.786914
#7	0	30	0	2	3	-0.00500000	0.787793	-28.362716
#7	0	31	0	2	3	-0.00500000	0.790759	-28.876812
#7	0	32	0	2	3	-0.00500000	0.824826	-31.655285
#7	0	33	0	2	3	-0.00500000	0.845304	-33.407765
#7	0	34	0	2	3	-0.00500000	0.832263	-32.939799
#7	0	35	0	2	3	-0.00500000	0.820631	-31.695372
#7	0	36	0	2	3	-0.00500000	0.836997	-33.200590
#7	0	37	0	2	3	-0.00500000	0.819690	-32.097193
#7	0	38	0	2	3	-0.00500000	0.808109	-31.263214
#7	0	39	0	2	3	-0.00500000	0.815224	-31.135523
#7	0	40	0	2	3	-0.00500000	0.803398	-29.897923
#7	0	41	0	2	3	-0.00500000	0.815685	-31.165519
#7	0	42	0	2	3	-0.00500000	0.812980	-30.737261
#7	0	43	0	2	3	-0.00500000	0.829418	-32.693307
#7	0	44	0	2	3	-0.00500000	0.789530	-29.464920
#7	0	45	0	2	3	-0.00500000	0.804789	-31.208151
#7	0	46	0	2	3	-0.00500000	0.830106	-32.806514
#7	0	47	0	2	3	-0.00500000	0.819206	-31.373242
#7	0	48	0	2	3	-0.00500000	0.816165	-31.709319
#7	0	49	0	2	3	-0.00500000	0.798496	-30.201709
#7	0	50	0	2	3	-0.00500000	0.812167	-31.795745
#7	0	51	0	2	3	-0.00500000	0.810749	-31.375226
#7	0	52	0	2	3	-0.00500000	0.803385	-31.372512
#7	0	53	0	2	3	-0.00500000	0.777405	-29.262831
#7	0	54	0	2	3	-0.00500000	0.783954	-29.763410
#7	0	55	0	2	3	-0.00500000	0.789443	-29.976449
#7	0	56	0	2	3	-0.00500000	0.838828	-33.261086
#7	0	57	0	2	3	-0.00500000	0.804421	-30.573195
#7	0	58	0	2	3	-0.00500000	0.773283	-29.111048
#7	0	59	0	2	3	-0.00500000	0.811789	-31.449459
#7	0	60	0	2	3	-0.00500000	0.759724	-28.110014
#7	0	61	0	2	3	-0.00500000	0.810884	-31.379063
#7	0	62	0	2	3	-0.00500000	0.771910	-28.435006
#7	0	63	0	2	3	-0.00500000	0.796658	-30.511906
#######################################################################
# TOF Up                                                              #
#######################################################################
7	0	0	0	1	3	5.24830e+00	-1.96630e+00	2.96170e+00
7	0	1	0	1	3	5.24830e+00	-1.96630e+00	2.96170e+00
7	0	2	0	1	3	5.24830e+00	-1.96630e+00	2.96170e+00
7	0	3	0	1	3	5.24830e+00	-1.96630e+00	2.96170e+00
7	0	4	0	1	3	5.24830e+00	-1.96630e+00	2.96170e+00
7	0	5	0	1	3	5.24830e+00	-1.96630e+00	2.96170e+00
7	0	6	0	1	3	6.97090e+00	-3.03520e+00	3.39910e+00
7	0	7	0	1	3	4.05450e+00	-1.96150e+00	2.30360e+00
7	0	8	0	1	3	1.16940e+02	-2.98600e+01	2.09880e+01
7	0	9	0	1	3	5.24830e+00	-1.96630e+00	2.96170e+00
7	0	10	0	1	3	5.24830e+00	-1.96630e+00	2.96170e+00
7	0	11	0	1	3	5.24830e+00	-1.96630e+00	2.96170e+00
7	0	12	0	1	3	5.24830e+00	-1.96630e+00	2.96170e+00
7	0	13	0	1	3	5.24830e+00	-1.96630e+00	2.96170e+00
7	0	14	0	1	3	5.24830e+00	-1.96630e+00	2.96170e+00
7	0	15	0	1	3	5.24830e+00	-1.96630e+00	2.96170e+00
7	0	16	0	1	3	5.24830e+00	-1.96630e+00	2.96170e+00
7	0	17	0	1	3	5.24830e+00	-1.96630e+00	2.96170e+00
7	0	18	0	1	3	5.24830e+00	-1.96630e+00	2.96170e+00
7	0	19	0	1	3	7.11491e-01	1.85180e-03	5.82402e-01
7	0	20	0	1	3	5.59404e-01	-1.73810e-03	4.50716e-01
7	0	21	0	1	3	8.92499e-01	1.99900e-03	7.37364e-01
7	0	22	0	1	3	6.37553e-01	1.99960e-03	5.45449e-01
7	0	23	0	1	3	1.19210e+00	1.98920e-03	9.99994e-01
#######################################################################
# TOF Down                                                            #
#######################################################################
7	0	0	1	1	3	5.84300e+00	-2.30730e+00	3.11320e+00
7	0	1	1	1	3	5.84300e+00	-2.30730e+00	3.11320e+00
7	0	2	1	1	3	5.84300e+00	-2.30730e+00	3.11320e+00
7	0	3	1	1	3	5.84300e+00	-2.30730e+00	3.11320e+00
7	0	4	1	1	3	5.84300e+00	-2.30730e+00	3.11320e+00
7	0	5	1	1	3	5.84300e+00	-2.30730e+00	3.11320e+00
7	0	6	1	1	3	1.41330e+01	-5.81170e+00	5.32680e+00
7	0	7	1	1	3	7.84850e+01	-2.02870e+01	1.69500e+01
7	0	8	1	1	3	2.20240e+02	-3.62440e+01	3.60080e+01
7	0	9	1	1	3	5.84300e+00	-2.30730e+00	3.11320e+00
7	0	10	1	1	3	5.84300e+00	-2.30730e+00	3.11320e+00
7	0	11	1	1	3	5.84300e+00	-2.30730e+00	3.11320e+00
7	0	12	1	1	3	5.84300e+00	-2.30730e+00	3.11320e+00
7	0	13	1	1	3	5.84300e+00	-2.30730e+00	3.11320e+00
7	0	14	1	1	3	5.84300e+00	-2.30730e+00	3.11320e+00
7	0	15	1	1	3	5.84300e+00	-2.30730e+00	3.11320e+00
7	0	16	1	1	3	5.84300e+00	-2.30730e+00	3.11320e+00
7	0	17	1	1	3	5.84300e+00	-2.30730e+00	3.11320e+00
7	0	18	1	1	3	5.84300e+00	-2.30730e+00	3.11320e+00
7	0	19	1	1	3	6.18741e-01	1.99860e-03	4.90831e-01
7	0	20	1	1	3	5.75901e-01	1.04210e-03	4.72509e-01
7	0	21	1	1	3	9.41046e-01	1.99890e-03	7.79357e-01
7	0	22	1	1	3	4.84266e-01	-1.95590e-03	3.99786e-01
7	0	23	1	1	3	8.97714e-01	1.99860e-03	7.56300e-01
#######################################################################
# BFT U                                                               #
#######################################################################
110	0	0	0	2	3	4.40459e-03	-4.98990e-01	1.38929e+01
110	0	1	0	2	3	-7.22209e-03	1.33131e-01	7.21881e+00
110	0	2	0	2	3	-3.03628e-03	-4.06743e-02	7.00693e+00
110	0	3	0	2	3	4.10218e-03	-6.28583e-01	1.72526e+01
110	0	4	0	2	3	4.21601e-03	-4.25732e-01	1.02528e+01
110	0	5	0	2	3	-1.25755e-02	6.82890e-01	-6.18597e+00
110	0	6	0	2	3	1.12633e-03	-3.84558e-01	1.32392e+01
110	0	7	0	2	3	-6.62611e-03	2.09757e-01	2.81633e+00
110	0	8	0	2	3	1.39266e-03	-3.72586e-01	1.26612e+01
110	0	9	0	2	3	7.79522e-04	-3.41834e-01	1.30877e+01
110	0	10	0	2	3	3.48943e-03	-5.26801e-01	1.46873e+01
110	0	11	0	2	3	-7.57873e-03	2.94622e-01	8.55659e-01
110	0	12	0	2	3	4.67473e-03	-6.19717e-01	1.66916e+01
110	0	13	0	2	3	1.01243e-03	-3.33428e-01	1.20750e+01
110	0	14	0	2	3	4.19997e-03	-5.87653e-01	1.61295e+01
110	0	15	0	2	3	4.83076e-03	-6.35828e-01	1.80138e+01
110	0	16	0	2	3	1.79476e-03	-4.12122e-01	1.28014e+01
110	0	17	0	2	3	-1.96071e-03	-1.27674e-01	8.32498e+00
110	0	18	0	2	3	3.70210e-03	-5.57259e-01	1.54758e+01
110	0	19	0	2	3	6.09607e-03	-7.06714e-01	1.64974e+01
110	0	20	0	2	3	3.69594e-03	-5.47988e-01	1.56206e+01
110	0	21	0	2	3	-7.98822e-03	3.37641e-01	-2.73788e-01
110	0	22	0	2	3	3.87217e-03	-5.70488e-01	1.60504e+01
110	0	23	0	2	3	4.78703e-03	-6.18048e-01	1.71100e+01
110	0	24	0	2	3	4.24759e-03	-5.82908e-01	1.64448e+01
110	0	25	0	2	3	3.38134e-03	-5.16403e-01	1.48377e+01
110	0	26	0	2	3	4.17815e-03	-5.93052e-01	1.65441e+01
110	0	27	0	2	3	4.57595e-03	-5.92004e-01	1.64097e+01
110	0	28	0	2	3	2.11551e-03	-4.44770e-01	1.24584e+01
110	0	29	0	2	3	4.31959e-03	-5.92759e-01	1.63532e+01
110	0	30	0	2	3	2.90057e-03	-4.98146e-01	1.46814e+01
110	0	31	0	2	3	3.69757e-03	-5.34251e-01	1.54472e+01
110	0	32	0	2	3	3.79407e-03	-5.54961e-01	1.57672e+01
110	0	33	0	2	3	3.42560e-03	-5.18529e-01	1.28096e+01
110	0	34	0	2	3	4.78743e-03	-6.30483e-01	1.70186e+01
110	0	35	0	2	3	3.63323e-03	-5.63032e-01	1.65726e+01
110	0	36	0	2	3	4.94360e-03	-6.25714e-01	1.65509e+01
110	0	37	0	2	3	9.12327e-04	-3.45084e-01	1.32443e+01
110	0	38	0	2	3	4.38239e-03	-5.96118e-01	1.57574e+01
110	0	39	0	2	3	3.57633e-03	-5.36386e-01	1.53897e+01
110	0	40	0	2	3	3.73472e-03	-5.44266e-01	1.41140e+01
110	0	41	0	2	3	3.73052e-03	-5.38239e-01	1.63194e+01
110	0	42	0	2	3	5.22279e-03	-6.55484e-01	1.67457e+01
110	0	43	0	2	3	3.82286e-03	-5.69489e-01	1.69166e+01
110	0	44	0	2	3	3.67971e-03	-5.58998e-01	1.57823e+01
110	0	45	0	2	3	3.69334e-03	-5.41424e-01	1.61141e+01
110	0	46	0	2	3	4.37392e-03	-6.11615e-01	1.69131e+01
110	0	47	0	2	3	4.39403e-03	-6.02257e-01	1.73488e+01
110	0	48	0	2	3	3.64364e-03	-5.43797e-01	1.43468e+01
110	0	49	0	2	3	3.50368e-03	-5.30789e-01	1.64262e+01
110	0	50	0	2	3	3.94446e-03	-5.67724e-01	1.62208e+01
110	0	51	0	2	3	4.11423e-03	-5.73229e-01	1.59861e+01
110	0	52	0	2	3	3.57970e-03	-5.40663e-01	1.49259e+01
110	0	53	0	2	3	5.13021e-03	-6.45031e-01	1.71991e+01
110	0	54	0	2	3	3.53655e-03	-5.44491e-01	1.55078e+01
110	0	55	0	2	3	4.83080e-03	-6.24975e-01	1.78069e+01
110	0	56	0	2	3	3.94661e-03	-5.82592e-01	1.62256e+01
110	0	57	0	2	3	3.78958e-03	-5.54250e-01	1.63453e+01
110	0	58	0	2	3	4.65296e-03	-6.27344e-01	1.70987e+01
110	0	59	0	2	3	4.45897e-03	-6.23535e-01	1.80915e+01
110	0	60	0	2	3	3.75383e-03	-5.59051e-01	1.53609e+01
110	0	61	0	2	3	3.86853e-03	-5.56320e-01	1.60340e+01
110	0	62	0	2	3	5.00711e-03	-6.38057e-01	1.68916e+01
110	0	63	0	2	3	4.41801e-03	-6.02676e-01	1.68514e+01
110	0	64	0	2	3	3.29660e-03	-5.35904e-01	1.57877e+01
110	0	65	0	2	3	4.02808e-03	-5.79655e-01	1.66246e+01
110	0	66	0	2	3	4.85115e-03	-6.53004e-01	1.80327e+01
110	0	67	0	2	3	3.38019e-03	-5.30347e-01	1.58339e+01
110	0	68	0	2	3	3.57906e-03	-5.58975e-01	1.66717e+01
110	0	69	0	2	3	3.90242e-03	-5.63562e-01	1.67533e+01
110	0	70	0	2	3	4.26894e-03	-6.13417e-01	1.65943e+01
110	0	71	0	2	3	4.76595e-03	-6.28317e-01	1.72842e+01
110	0	72	0	2	3	3.76828e-03	-5.66998e-01	1.55823e+01
110	0	73	0	2	3	4.37475e-03	-6.10366e-01	1.75753e+01
110	0	74	0	2	3	4.72432e-03	-6.42214e-01	1.80486e+01
110	0	75	0	2	3	4.86797e-03	-6.36079e-01	1.71449e+01
110	0	76	0	2	3	3.71788e-03	-5.56636e-01	1.54716e+01
110	0	77	0	2	3	3.07446e-03	-5.08595e-01	1.52381e+01
110	0	78	0	2	3	4.66462e-03	-6.30046e-01	1.70812e+01
110	0	79	0	2	3	4.35150e-03	-6.01183e-01	1.65697e+01
110	0	80	0	2	3	3.84971e-03	-5.73073e-01	1.59683e+01
110	0	81	0	2	3	4.09974e-03	-5.65671e-01	1.57546e+01
110	0	82	0	2	3	4.58096e-03	-6.20198e-01	1.72568e+01
110	0	83	0	2	3	4.28308e-03	-5.98851e-01	1.64493e+01
110	0	84	0	2	3	3.15153e-03	-5.17289e-01	1.53615e+01
110	0	85	0	2	3	3.94072e-03	-5.65633e-01	1.62468e+01
110	0	86	0	2	3	4.79355e-03	-6.46608e-01	1.74928e+01
110	0	87	0	2	3	3.98609e-03	-5.90333e-01	1.72688e+01
110	0	88	0	2	3	4.23909e-03	-5.94121e-01	1.61550e+01
110	0	89	0	2	3	3.81036e-03	-5.59579e-01	1.57764e+01
110	0	90	0	2	3	4.27965e-03	-6.01729e-01	1.64530e+01
110	0	91	0	2	3	4.62023e-03	-6.33364e-01	1.78682e+01
110	0	92	0	2	3	4.82091e-03	-6.55529e-01	1.83907e+01
110	0	93	0	2	3	3.93241e-03	-5.72451e-01	1.58775e+01
110	0	94	0	2	3	3.81243e-03	-5.83136e-01	1.69660e+01
110	0	95	0	2	3	4.60096e-03	-6.26460e-01	1.75143e+01
110	0	96	0	2	3	4.16368e-03	-6.01240e-01	1.69743e+01
110	0	97	0	2	3	4.05527e-03	-5.80156e-01	1.67542e+01
110	0	98	0	2	3	3.49060e-03	-5.58868e-01	1.63028e+01
110	0	99	0	2	3	4.98138e-03	-6.40840e-01	1.74141e+01
110	0	100	0	2	3	3.53427e-03	-5.46700e-01	1.64267e+01
110	0	101	0	2	3	3.60377e-03	-5.41956e-01	1.58754e+01
110	0	102	0	2	3	3.62635e-03	-5.72381e-01	1.64783e+01
110	0	103	0	2	3	3.09708e-03	-5.16281e-01	1.51715e+01
110	0	104	0	2	3	4.16280e-03	-5.91055e-01	1.63621e+01
110	0	105	0	2	3	2.45221e-03	-4.62101e-01	1.39803e+01
110	0	106	0	2	3	4.38286e-03	-6.12558e-01	1.69175e+01
110	0	107	0	2	3	4.51031e-03	-6.11444e-01	1.71948e+01
110	0	108	0	2	3	4.47862e-03	-6.23294e-01	1.69390e+01
110	0	109	0	2	3	4.34920e-03	-6.09168e-01	1.66912e+01
110	0	110	0	2	3	4.34634e-03	-6.10466e-01	1.66561e+01
110	0	111	0	2	3	3.73964e-03	-5.64480e-01	1.59084e+01
110	0	112	0	2	3	4.85871e-03	-6.39774e-01	1.69229e+01
110	0	113	0	2	3	4.05626e-03	-5.65111e-01	1.54879e+01
110	0	114	0	2	3	3.64531e-03	-5.57558e-01	1.68067e+01
110	0	115	0	2	3	3.40746e-03	-5.26220e-01	1.49773e+01
110	0	116	0	2	3	1.90505e-03	-4.35898e-01	1.43256e+01
110	0	117	0	2	3	4.70601e-03	-6.28416e-01	1.79475e+01
110	0	118	0	2	3	4.42238e-03	-6.25927e-01	1.74293e+01
110	0	119	0	2	3	3.90382e-03	-5.59336e-01	1.56480e+01
110	0	120	0	2	3	3.53230e-03	-5.62029e-01	1.66949e+01
110	0	121	0	2	3	4.50584e-03	-6.05845e-01	1.60766e+01
110	0	122	0	2	3	3.20737e-03	-5.34546e-01	1.63735e+01
110	0	123	0	2	3	1.91347e-03	-4.22963e-01	1.35027e+01
110	0	124	0	2	3	-3.31794e-03	-3.66993e-02	7.48506e+00
110	0	125	0	2	3	3.33028e-03	-5.10849e-01	1.27505e+01
110	0	126	0	2	3	5.48240e-03	-6.81746e-01	1.74915e+01
110	0	127	0	2	3	3.22069e-03	-5.12258e-01	1.47835e+01
110	0	128	0	2	3	1.77760e-03	-4.55504e-01	1.49852e+01
110	0	129	0	2	3	4.19192e-03	-6.11693e-01	1.72514e+01
110	0	130	0	2	3	1.69572e-03	-4.33517e-01	1.54225e+01
110	0	131	0	2	3	4.04269e-03	-5.76916e-01	1.65317e+01
110	0	132	0	2	3	1.80297e-03	-4.46260e-01	1.50576e+01
110	0	133	0	2	3	2.57728e-03	-4.77281e-01	1.48474e+01
110	0	134	0	2	3	3.60667e-03	-5.93617e-01	1.74399e+01
110	0	135	0	2	3	3.21446e-03	-5.25637e-01	1.60228e+01
110	0	136	0	2	3	4.08112e-03	-5.82634e-01	1.67981e+01
110	0	137	0	2	3	1.66161e-03	-4.47069e-01	1.53358e+01
110	0	138	0	2	3	1.78949e-04	-3.25370e-01	1.35730e+01
110	0	139	0	2	3	3.32934e-03	-5.62251e-01	1.65716e+01
110	0	140	0	2	3	1.69993e-03	-4.39756e-01	1.49407e+01
110	0	141	0	2	3	3.96460e-03	-5.81580e-01	1.58131e+01
110	0	142	0	2	3	2.43158e-03	-4.80075e-01	1.58593e+01
110	0	143	0	2	3	4.46462e-03	-6.23671e-01	1.80691e+01
110	0	144	0	2	3	1.84552e-03	-4.19268e-01	1.34855e+01
110	0	145	0	2	3	4.40302e-03	-6.19358e-01	1.73081e+01
110	0	146	0	2	3	1.25831e-03	-4.26553e-01	1.44236e+01
110	0	147	0	2	3	1.80818e-03	-4.46334e-01	1.47604e+01
110	0	148	0	2	3	4.06300e-03	-5.82953e-01	1.66998e+01
110	0	149	0	2	3	4.11151e-03	-5.88421e-01	1.66579e+01
110	0	150	0	2	3	1.94389e-03	-4.36301e-01	1.40791e+01
110	0	151	0	2	3	1.80055e-03	-4.52177e-01	1.46889e+01
110	0	152	0	2	3	1.47032e-03	-4.10571e-01	1.42164e+01
110	0	153	0	2	3	1.48108e-03	-4.38795e-01	1.49459e+01
110	0	154	0	2	3	1.88775e-03	-4.65889e-01	1.55909e+01
110	0	155	0	2	3	3.95585e-03	-5.80390e-01	1.59687e+01
110	0	156	0	2	3	-7.73209e-03	2.35019e-01	3.69061e+00
110	0	157	0	2	3	-5.90362e-04	-2.77717e-01	1.20124e+01
110	0	158	0	2	3	-8.38790e-03	3.68070e-01	3.38383e-01
110	0	159	0	2	3	4.62301e-03	-5.92038e-01	1.64031e+01
#######################################################################
# BFT D                                                               #
#######################################################################
110	1	0	0	2	3	-5.90884e-03	1.82370e-01	3.73515e+00
110	1	1	0	2	3	-4.87264e-03	2.92571e-01	-1.82017e+00
110	1	2	0	2	3	2.90607e-02	-2.15742e+00	4.09805e+01
110	1	3	0	2	3	4.91874e-03	-5.78643e-01	1.66152e+01
110	1	4	0	2	3	8.00865e-03	-9.26066e-01	2.48654e+01
110	1	5	0	2	3	-3.30830e-03	-6.72577e-02	8.85258e+00
110	1	6	0	2	3	-1.23083e-03	-2.25730e-01	1.07871e+01
110	1	7	0	2	3	5.07443e-05	-2.97654e-01	1.22196e+01
110	1	8	0	2	3	6.77096e-03	-7.95346e-01	2.10289e+01
110	1	9	0	2	3	1.91141e-03	-4.32613e-01	1.50771e+01
110	1	10	0	2	3	4.18438e-03	-5.92430e-01	1.69896e+01
110	1	11	0	2	3	-6.47957e-03	1.94961e-01	2.87331e+00
110	1	12	0	2	3	2.64774e-03	-4.74672e-01	1.48937e+01
110	1	13	0	2	3	6.19584e-04	-3.54979e-01	1.30838e+01
110	1	14	0	2	3	3.12931e-03	-5.03838e-01	1.50451e+01
110	1	15	0	2	3	2.64485e-04	-3.12637e-01	1.19087e+01
110	1	16	0	2	3	3.50981e-03	-5.55343e-01	1.58190e+01
110	1	17	0	2	3	-4.24389e-03	2.24572e-02	6.02228e+00
110	1	18	0	2	3	3.00716e-03	-4.97620e-01	1.47843e+01
110	1	19	0	2	3	-1.85939e-02	1.18235e+00	-1.69870e+01
110	1	20	0	2	3	2.86552e-03	-5.08622e-01	1.51969e+01
110	1	21	0	2	3	1.77457e-03	-4.18986e-01	1.41601e+01
110	1	22	0	2	3	3.55656e-03	-5.51002e-01	1.55353e+01
110	1	23	0	2	3	1.95215e-03	-4.20285e-01	1.33297e+01
110	1	24	0	2	3	2.99788e-03	-5.06887e-01	1.55866e+01
110	1	25	0	2	3	-4.32496e-03	3.64952e-02	5.29104e+00
110	1	26	0	2	3	3.30673e-03	-5.40697e-01	1.62340e+01
110	1	27	0	2	3	2.81707e-03	-4.85118e-01	1.53337e+01
110	1	28	0	2	3	3.16288e-03	-5.28815e-01	1.60411e+01
110	1	29	0	2	3	2.35569e-03	-4.65360e-01	1.46835e+01
110	1	30	0	2	3	5.15129e-03	-6.69790e-01	1.78076e+01
110	1	31	0	2	3	4.22797e-03	-5.94259e-01	1.68873e+01
110	1	32	0	2	3	2.99299e-03	-5.15783e-01	1.63016e+01
110	1	33	0	2	3	2.53566e-03	-4.85666e-01	1.40541e+01
110	1	34	0	2	3	3.99561e-03	-5.70095e-01	1.53624e+01
110	1	35	0	2	3	3.21436e-03	-5.21595e-01	1.65608e+01
110	1	36	0	2	3	3.45897e-03	-5.42248e-01	1.62755e+01
110	1	37	0	2	3	2.97258e-03	-5.03880e-01	1.44273e+01
110	1	38	0	2	3	3.39467e-03	-5.35206e-01	1.52757e+01
110	1	39	0	2	3	4.23469e-03	-5.91993e-01	1.69717e+01
110	1	40	0	2	3	4.02750e-03	-5.69451e-01	1.63805e+01
110	1	41	0	2	3	4.41460e-03	-6.01383e-01	1.64880e+01
110	1	42	0	2	3	4.25696e-03	-5.94096e-01	1.64983e+01
110	1	43	0	2	3	3.83601e-03	-5.61895e-01	1.65763e+01
110	1	44	0	2	3	3.27395e-03	-5.31784e-01	1.60631e+01
110	1	45	0	2	3	3.77421e-03	-5.59820e-01	1.60491e+01
110	1	46	0	2	3	4.22075e-03	-5.99395e-01	1.62071e+01
110	1	47	0	2	3	3.44181e-03	-5.52612e-01	1.69079e+01
110	1	48	0	2	3	3.49417e-03	-5.40403e-01	1.58449e+01
110	1	49	0	2	3	2.48701e-03	-4.60286e-01	1.44238e+01
110	1	50	0	2	3	4.08496e-03	-5.83096e-01	1.65476e+01
110	1	51	0	2	3	4.15022e-03	-5.85493e-01	1.73759e+01
110	1	52	0	2	3	3.44829e-03	-5.52907e-01	1.54573e+01
110	1	53	0	2	3	3.18386e-03	-5.21162e-01	1.56891e+01
110	1	54	0	2	3	4.55300e-03	-6.27811e-01	1.76594e+01
110	1	55	0	2	3	3.83557e-03	-5.71625e-01	1.74544e+01
110	1	56	0	2	3	3.66774e-03	-5.72324e-01	1.68862e+01
110	1	57	0	2	3	3.12293e-03	-5.16787e-01	1.61202e+01
110	1	58	0	2	3	2.71120e-03	-5.01067e-01	1.64525e+01
110	1	59	0	2	3	4.03474e-03	-5.83082e-01	1.74150e+01
110	1	60	0	2	3	3.93451e-03	-5.81579e-01	1.67287e+01
110	1	61	0	2	3	4.09834e-03	-5.68241e-01	1.63732e+01
110	1	62	0	2	3	3.62890e-03	-5.58868e-01	1.52780e+01
110	1	63	0	2	3	4.09693e-03	-5.85777e-01	1.66567e+01
110	1	64	0	2	3	3.12160e-03	-5.28177e-01	1.62483e+01
110	1	65	0	2	3	4.19507e-03	-5.95491e-01	1.61769e+01
110	1	66	0	2	3	4.28230e-03	-6.14595e-01	1.64452e+01
110	1	67	0	2	3	3.83400e-03	-5.74198e-01	1.59910e+01
110	1	68	0	2	3	3.26891e-03	-5.19364e-01	1.52854e+01
110	1	69	0	2	3	3.78847e-03	-5.63239e-01	1.66337e+01
110	1	70	0	2	3	4.28546e-03	-6.08904e-01	1.74571e+01
110	1	71	0	2	3	4.15263e-03	-6.06521e-01	1.78747e+01
110	1	72	0	2	3	3.23205e-03	-5.24423e-01	1.53849e+01
110	1	73	0	2	3	3.56150e-03	-5.52435e-01	1.72468e+01
110	1	74	0	2	3	4.19853e-03	-5.95832e-01	1.58334e+01
110	1	75	0	2	3	4.10593e-03	-6.01590e-01	1.72041e+01
110	1	76	0	2	3	3.07373e-03	-5.22851e-01	1.53996e+01
110	1	77	0	2	3	4.30885e-03	-6.09869e-01	1.72451e+01
110	1	78	0	2	3	4.01859e-03	-5.93324e-01	1.59759e+01
110	1	79	0	2	3	4.41618e-03	-6.08078e-01	1.69861e+01
110	1	80	0	2	3	4.14740e-03	-5.94356e-01	1.64980e+01
110	1	81	0	2	3	3.81349e-03	-5.68768e-01	1.57604e+01
110	1	82	0	2	3	4.33307e-03	-5.93963e-01	1.70713e+01
110	1	83	0	2	3	4.30902e-03	-5.91413e-01	1.63283e+01
110	1	84	0	2	3	4.01906e-03	-5.69926e-01	1.53433e+01
110	1	85	0	2	3	3.57557e-03	-5.53440e-01	1.58457e+01
110	1	86	0	2	3	3.28895e-03	-5.33913e-01	1.60769e+01
110	1	87	0	2	3	4.08987e-03	-5.80409e-01	1.49706e+01
110	1	88	0	2	3	3.37437e-03	-5.34569e-01	1.57731e+01
110	1	89	0	2	3	3.67665e-03	-5.60113e-01	1.55547e+01
110	1	90	0	2	3	3.92927e-03	-5.84509e-01	1.59891e+01
110	1	91	0	2	3	4.11322e-03	-5.85998e-01	1.58542e+01
110	1	92	0	2	3	3.89424e-03	-5.65004e-01	1.58627e+01
110	1	93	0	2	3	2.71032e-03	-4.90118e-01	1.49260e+01
110	1	94	0	2	3	3.45443e-03	-5.44464e-01	1.53310e+01
110	1	95	0	2	3	4.24504e-03	-5.99460e-01	1.64629e+01
110	1	96	0	2	3	3.77334e-03	-5.61785e-01	1.55508e+01
110	1	97	0	2	3	3.38572e-03	-5.35745e-01	1.51128e+01
110	1	98	0	2	3	4.17113e-03	-6.09533e-01	1.78446e+01
110	1	99	0	2	3	3.60020e-03	-5.57113e-01	1.59270e+01
110	1	100	0	2	3	3.95798e-03	-5.71293e-01	1.63817e+01
110	1	101	0	2	3	4.46991e-03	-6.11627e-01	1.63048e+01
110	1	102	0	2	3	3.64983e-03	-5.64235e-01	1.61957e+01
110	1	103	0	2	3	4.67928e-03	-6.37754e-01	1.73718e+01
110	1	104	0	2	3	2.85495e-03	-5.05935e-01	1.52723e+01
110	1	105	0	2	3	4.52534e-03	-6.15100e-01	1.61182e+01
110	1	106	0	2	3	3.62745e-03	-5.50458e-01	1.65397e+01
110	1	107	0	2	3	5.25975e-03	-6.73238e-01	1.70004e+01
110	1	108	0	2	3	3.05976e-03	-5.18541e-01	1.62059e+01
110	1	109	0	2	3	3.93298e-03	-5.77102e-01	1.60361e+01
110	1	110	0	2	3	2.99720e-03	-5.05831e-01	1.50315e+01
110	1	111	0	2	3	4.09004e-03	-5.90709e-01	1.68197e+01
110	1	112	0	2	3	3.21874e-03	-5.18270e-01	1.50650e+01
110	1	113	0	2	3	3.42880e-03	-5.38878e-01	1.59450e+01
110	1	114	0	2	3	1.27914e-03	-3.89839e-01	1.27513e+01
110	1	115	0	2	3	3.50265e-03	-5.38240e-01	1.54775e+01
110	1	116	0	2	3	4.87614e-03	-6.55990e-01	1.80565e+01
110	1	117	0	2	3	2.54779e-03	-4.66541e-01	1.44587e+01
110	1	118	0	2	3	4.78561e-03	-6.36382e-01	1.65437e+01
110	1	119	0	2	3	3.28867e-03	-5.23802e-01	1.57288e+01
110	1	120	0	2	3	1.66376e-03	-4.25565e-01	1.37859e+01
110	1	121	0	2	3	3.87570e-03	-5.58107e-01	1.58151e+01
110	1	122	0	2	3	3.82934e-03	-5.73760e-01	1.75306e+01
110	1	123	0	2	3	3.73637e-03	-5.62215e-01	1.75741e+01
110	1	124	0	2	3	2.46412e-03	-4.72307e-01	1.41320e+01
110	1	125	0	2	3	2.83839e-03	-4.94095e-01	1.52794e+01
110	1	126	0	2	3	6.72854e-03	-7.81919e-01	2.02594e+01
110	1	127	0	2	3	6.52585e-03	-7.45847e-01	1.91688e+01
110	1	128	0	2	3	2.52564e-03	-5.00457e-01	1.59715e+01
110	1	129	0	2	3	4.49288e-03	-6.34461e-01	1.82208e+01
110	1	130	0	2	3	4.59371e-03	-6.33502e-01	1.71947e+01
110	1	131	0	2	3	5.87246e-03	-7.21952e-01	1.91396e+01
110	1	132	0	2	3	3.73143e-03	-5.80590e-01	1.74242e+01
110	1	133	0	2	3	4.20915e-03	-6.07307e-01	1.70615e+01
110	1	134	0	2	3	3.12106e-03	-5.27754e-01	1.62297e+01
110	1	135	0	2	3	2.75800e-03	-5.02699e-01	1.46298e+01
110	1	136	0	2	3	2.27094e-03	-4.89322e-01	1.63167e+01
110	1	137	0	2	3	5.88287e-03	-7.33473e-01	1.87834e+01
110	1	138	0	2	3	4.01713e-03	-5.83466e-01	1.65480e+01
110	1	139	0	2	3	5.22859e-03	-6.72377e-01	1.76028e+01
110	1	140	0	2	3	3.30698e-03	-5.44991e-01	1.59440e+01
110	1	141	0	2	3	3.27997e-03	-5.37341e-01	1.56348e+01
110	1	142	0	2	3	3.71391e-03	-5.65586e-01	1.58664e+01
110	1	143	0	2	3	4.24858e-03	-6.10189e-01	1.77676e+01
110	1	144	0	2	3	2.94030e-03	-5.05867e-01	1.51681e+01
110	1	145	0	2	3	4.20683e-03	-5.81674e-01	1.62654e+01
110	1	146	0	2	3	2.41915e-03	-4.78940e-01	1.47892e+01
110	1	147	0	2	3	4.73758e-03	-6.49239e-01	1.71583e+01
110	1	148	0	2	3	2.83544e-03	-5.10040e-01	1.48290e+01
110	1	149	0	2	3	5.78994e-03	-7.15348e-01	1.94687e+01
110	1	150	0	2	3	4.47524e-03	-6.54706e-01	1.89613e+01
110	1	151	0	2	3	6.84501e-03	-7.87092e-01	1.99826e+01
110	1	152	0	2	3	-9.16867e-04	-2.28412e-01	1.11604e+01
110	1	153	0	2	3	-1.71028e-04	-2.87341e-01	1.23340e+01
110	1	154	0	2	3	4.29285e-03	-6.09927e-01	1.64088e+01
110	1	155	0	2	3	4.70246e-03	-6.57602e-01	1.81282e+01
110	1	156	0	2	3	4.29080e-03	-6.16934e-01	1.73833e+01
110	1	157	0	2	3	5.01888e-03	-7.05231e-01	2.08238e+01
110	1	158	0	2	3	-1.40680e-03	-2.13540e-01	1.21913e+01
110	1	159	0	2	3	-7.82939e-03	2.95869e-01	1.70478e+00
