##
#  file: HodoPHCParam_Dummy
#  date: 2016.06.15
#  note: first version
#
#
#######################################################################
# CId	PlId	Seg	UorD	Type	nParam	p0	p1	...
#
#	Type=0 no correction will be performed
#	Type=1 ct=t-p[0]/sqrt(a-p[1])+p[2]
#	Type=2 ct=p[0]*a*a + p[1]*a + p[2] for Fiber
#
#######################################################################
# BH1 Up                                                              #
#######################################################################
1	0	0	0	1	3	5.08705e+00	-1.98362e+00	2.93454e+00
1	0	1	0	1	3	6.69706e-01	2.91546e-01	8.10244e-01
1	0	2	0	1	3	5.01779e-01	3.94271e-01	6.64278e-01
1	0	3	0	1	3	7.45330e-01	1.66754e-01	8.56036e-01
1	0	4	0	1	3	8.52890e-01	8.60054e-02	9.27134e-01
1	0	5	0	1	3	1.69981e+00	-1.50393e-01	1.62794e+00
1	0	6	0	1	3	1.58582e+00	-2.35346e-01	1.46587e+00
1	0	7	0	1	3	1.61970e+00	-1.46184e-01	1.54504e+00
1	0	8	0	1	3	1.37546e+00	-2.52696e-01	1.28233e+00
1	0	9	0	1	3	1.74814e+00	-2.76223e-01	1.64100e+00
1	0	10	0	1	3	1.60339e+01	-4.62629e+00	6.81205e+00
#######################################################################
# BH1 Down                                                            #
#######################################################################
1	0	0	1	1	3	1.33519e+00	-9.13138e-02	1.27257e+00
1	0	1	1	1	3	6.24909e-01	2.88647e-01	7.65429e-01
1	0	2	1	1	3	6.68954e-01	2.21542e-01	7.45264e-01
1	0	3	1	1	3	1.32364e+00	-4.57464e-01	1.08318e+00
1	0	4	1	1	3	1.18002e+00	-7.91080e-02	1.17008e+00
1	0	5	1	1	3	2.07299e+00	-4.79828e-01	1.70935e+00
1	0	6	1	1	3	1.96000e+00	-5.20196e-01	1.63958e+00
1	0	7	1	1	3	1.89852e+00	-4.50289e-01	1.60743e+00
1	0	8	1	1	3	1.02469e+00	-6.73213e-02	1.04734e+00
1	0	9	1	1	3	1.64894e+00	-1.85977e-01	1.61292e+00
1	0	10	1	1	3	7.15603e-01	2.22738e-01	8.54972e-01
#######################################################################
# BH2 Up                                                              #
#######################################################################
2	0	0	0	1	3	1.43047e-01	2.98695e-01	2.00085e-01
2	0	1	0	1	3	8.79554e-01	-2.31747e-01	7.85839e-01
2	0	2	0	1	3	5.94572e-01	-4.97541e-01	4.68956e-01
2	0	3	0	1	3	1.91725e-01	3.94747e-02	1.91115e-01
2	0	4	0	1	3	3.31184e-01	-9.38469e-02	3.15823e-01
2	0	5	0	1	3	1.99769e-01	2.70254e-01	2.37321e-01
2	0	6	0	1	3	2.58948e-01	2.41832e-01	3.10133e-01
2	0	7	0	1	3	3.50426e-01	8.80094e-02	3.70898e-01
#######################################################################
# BH2 Down                                                            #
#######################################################################
2	0	0	1	1	3	3.94607e-01	-1.85207e-01	3.84440e-01
2	0	1	1	1	3	9.92155e-01	-3.85817e-01	8.32122e-01
2	0	2	1	1	3	4.10986e-01	-9.27803e-02	3.90143e-01
2	0	3	1	1	3	1.76416e-01	4.84160e-02	1.75490e-01
2	0	4	1	1	3	2.42956e-01	1.23979e-01	2.64593e-01
2	0	5	1	1	3	3.57967e-01	4.32013e-02	3.63973e-01
2	0	6	1	1	3	1.22093e+00	-6.67168e-01	9.30075e-01
2	0	7	1	1	3	2.92156e-01	-4.36810e-03	2.98702e-01
#######################################################################
# BAC                                                                 #
#######################################################################
3	0	0	0	1	3	0.00000e+00	0.00000e+00	0.00000e+00
3	0	1	0	1	3	0.00000e+00	0.00000e+00	0.00000e+00
#######################################################################
# FBH Up                                                              #
#######################################################################
4	0	0	0	2	3	-5.62952e-03	8.96903e-01	-3.53273e+01
4	0	1	0	2	3	-4.29399e-03	7.37975e-01	-3.00049e+01
4	0	2	0	2	3	-5.26894e-03	8.67305e-01	-3.38992e+01
4	0	3	0	2	3	-3.80183e-03	6.69237e-01	-2.72260e+01
4	0	4	0	2	3	-4.35014e-03	7.35785e-01	-2.92008e+01
4	0	5	0	2	3	-4.02541e-03	6.86907e-01	-2.70312e+01
4	0	6	0	2	3	-4.16660e-03	7.08229e-01	-2.81512e+01
4	0	7	0	2	3	-3.93117e-03	6.84759e-01	-2.69101e+01
4	0	8	0	2	3	-4.14423e-03	6.96902e-01	-2.65883e+01
4	0	9	0	2	3	-2.83372e-03	5.62925e-01	-2.20787e+01
4	0	10	0	2	3	-4.07944e-03	7.09420e-01	-2.75603e+01
4	0	11	0	2	3	-3.50961e-03	6.50113e-01	-2.64167e+01
4	0	12	0	2	3	-3.52415e-03	6.49734e-01	-2.67232e+01
4	0	13	0	2	3	-4.13420e-03	7.26957e-01	-2.99675e+01
4	0	14	0	2	3	-4.90315e-03	8.27563e-01	-3.35630e+01
4	0	15	0	2	3	-4.73048e-03	8.13189e-01	-3.31901e+01
#######################################################################
# FBH Down                                                            #
#######################################################################
4	0	0	1	2	3	-5.62952e-03	8.96903e-01	-3.53273e+01
4	0	1	1	2	3	-4.29399e-03	7.37975e-01	-3.00049e+01
4	0	2	1	2	3	-5.26894e-03	8.67305e-01	-3.38992e+01
4	0	3	1	2	3	-3.80183e-03	6.69237e-01	-2.72260e+01
4	0	4	1	2	3	-4.35014e-03	7.35785e-01	-2.92008e+01
4	0	5	1	2	3	-4.02541e-03	6.86907e-01	-2.70312e+01
4	0	6	1	2	3	-4.16660e-03	7.08229e-01	-2.81512e+01
4	0	7	1	2	3	-3.93117e-03	6.84759e-01	-2.69101e+01
4	0	8	1	2	3	-4.14423e-03	6.96902e-01	-2.65883e+01
4	0	9	1	2	3	-2.83372e-03	5.62925e-01	-2.20787e+01
4	0	10	1	2	3	-4.07944e-03	7.09420e-01	-2.75603e+01
4	0	11	1	2	3	-3.50961e-03	6.50113e-01	-2.64167e+01
4	0	12	1	2	3	-3.52415e-03	6.49734e-01	-2.67232e+01
4	0	13	1	2	3	-4.13420e-03	7.26957e-01	-2.99675e+01
4	0	14	1	2	3	-4.90315e-03	8.27563e-01	-3.35630e+01
4	0	15	1	2	3	-4.73048e-03	8.13189e-01	-3.31901e+01
#######################################################################
# PVAC                                                                #
#######################################################################
5	0	0	0	1	3	0.00000e+00	0.00000e+00	0.00000e+00
#######################################################################
# FAC                                                                 #
#######################################################################
6	0	0	0	1	3	0.00000e+00	0.00000e+00	0.00000e+00
#######################################################################
# SCH                                                                 #
#######################################################################
#7	0	0	0	2	3	-0.00500000	0.821213	-32.185321
#7	0	1	0	2	3	-0.00500000	0.830248	-32.269563
#7	0	2	0	2	3	-0.00500000	0.793073	-29.315934
#7	0	3	0	2	3	-0.00500000	0.772144	-28.276705
#7	0	4	0	2	3	-0.00500000	0.801968	-30.687167
#7	0	5	0	2	3	-0.00500000	0.778300	-28.439251
#7	0	6	0	2	3	-0.00500000	0.765872	-27.918181
#7	0	7	0	2	3	-0.00500000	0.738459	-26.016797
#7	0	8	0	2	3	-0.00500000	0.778318	-28.676371
#7	0	9	0	2	3	-0.00500000	0.776670	-28.892887
#7	0	10	0	2	3	-0.00500000	0.764278	-28.122474
#7	0	11	0	2	3	-0.00500000	0.790742	-29.423647
#7	0	12	0	2	3	-0.00500000	0.811330	-30.487019
#7	0	13	0	2	3	-0.00500000	0.818750	-30.891512
#7	0	14	0	2	3	-0.00500000	0.802541	-30.009136
#7	0	15	0	2	3	-0.00500000	0.809525	-30.751746
#7	0	16	0	2	3	-0.00500000	0.802597	-30.845509
#7	0	17	0	2	3	-0.00500000	0.835028	-32.780792
#7	0	18	0	2	3	-0.00500000	0.859176	-33.938731
#7	0	19	0	2	3	-0.00500000	0.814851	-31.445396
#7	0	20	0	2	3	-0.00500000	0.809426	-30.781087
#7	0	21	0	2	3	-0.00500000	0.780678	-28.888756
#7	0	22	0	2	3	-0.00500000	0.808206	-30.719604
#7	0	23	0	2	3	-0.00500000	0.774024	-27.858339
#7	0	24	0	2	3	-0.00500000	0.794308	-29.022101
#7	0	25	0	2	3	-0.00500000	0.775649	-27.980186
#7	0	26	0	2	3	-0.00500000	0.788483	-28.687567
#7	0	27	0	2	3	-0.00466315	0.771386	-29.253260
#7	0	28	0	2	3	-0.00483132	0.790854	-28.637741
#7	0	29	0	2	3	-0.00497049	0.812994	-30.786914
#7	0	30	0	2	3	-0.00500000	0.787793	-28.362716
#7	0	31	0	2	3	-0.00500000	0.790759	-28.876812
#7	0	32	0	2	3	-0.00500000	0.824826	-31.655285
#7	0	33	0	2	3	-0.00500000	0.845304	-33.407765
#7	0	34	0	2	3	-0.00500000	0.832263	-32.939799
#7	0	35	0	2	3	-0.00500000	0.820631	-31.695372
#7	0	36	0	2	3	-0.00500000	0.836997	-33.200590
#7	0	37	0	2	3	-0.00500000	0.819690	-32.097193
#7	0	38	0	2	3	-0.00500000	0.808109	-31.263214
#7	0	39	0	2	3	-0.00500000	0.815224	-31.135523
#7	0	40	0	2	3	-0.00500000	0.803398	-29.897923
#7	0	41	0	2	3	-0.00500000	0.815685	-31.165519
#7	0	42	0	2	3	-0.00500000	0.812980	-30.737261
#7	0	43	0	2	3	-0.00500000	0.829418	-32.693307
#7	0	44	0	2	3	-0.00500000	0.789530	-29.464920
#7	0	45	0	2	3	-0.00500000	0.804789	-31.208151
#7	0	46	0	2	3	-0.00500000	0.830106	-32.806514
#7	0	47	0	2	3	-0.00500000	0.819206	-31.373242
#7	0	48	0	2	3	-0.00500000	0.816165	-31.709319
#7	0	49	0	2	3	-0.00500000	0.798496	-30.201709
#7	0	50	0	2	3	-0.00500000	0.812167	-31.795745
#7	0	51	0	2	3	-0.00500000	0.810749	-31.375226
#7	0	52	0	2	3	-0.00500000	0.803385	-31.372512
#7	0	53	0	2	3	-0.00500000	0.777405	-29.262831
#7	0	54	0	2	3	-0.00500000	0.783954	-29.763410
#7	0	55	0	2	3	-0.00500000	0.789443	-29.976449
#7	0	56	0	2	3	-0.00500000	0.838828	-33.261086
#7	0	57	0	2	3	-0.00500000	0.804421	-30.573195
#7	0	58	0	2	3	-0.00500000	0.773283	-29.111048
#7	0	59	0	2	3	-0.00500000	0.811789	-31.449459
#7	0	60	0	2	3	-0.00500000	0.759724	-28.110014
#7	0	61	0	2	3	-0.00500000	0.810884	-31.379063
#7	0	62	0	2	3	-0.00500000	0.771910	-28.435006
#7	0	63	0	2	3	-0.00500000	0.796658	-30.511906
#######################################################################
# TOF Up                                                              #
#######################################################################
7	0	0	0	1	3	5.24830e+00	-1.96630e+00	2.96170e+00
7	0	1	0	1	3	5.24830e+00	-1.96630e+00	2.96170e+00
7	0	2	0	1	3	5.24830e+00	-1.96630e+00	2.96170e+00
7	0	3	0	1	3	5.24830e+00	-1.96630e+00	2.96170e+00
7	0	4	0	1	3	5.24830e+00	-1.96630e+00	2.96170e+00
7	0	5	0	1	3	5.24830e+00	-1.96630e+00	2.96170e+00
7	0	6	0	1	3	6.97090e+00	-3.03520e+00	3.39910e+00
7	0	7	0	1	3	4.05450e+00	-1.96150e+00	2.30360e+00
7	0	8	0	1	3	1.16940e+02	-2.98600e+01	2.09880e+01
7	0	9	0	1	3	5.24830e+00	-1.96630e+00	2.96170e+00
7	0	10	0	1	3	5.24830e+00	-1.96630e+00	2.96170e+00
7	0	11	0	1	3	5.24830e+00	-1.96630e+00	2.96170e+00
7	0	12	0	1	3	5.24830e+00	-1.96630e+00	2.96170e+00
7	0	13	0	1	3	5.24830e+00	-1.96630e+00	2.96170e+00
7	0	14	0	1	3	5.24830e+00	-1.96630e+00	2.96170e+00
7	0	15	0	1	3	5.24830e+00	-1.96630e+00	2.96170e+00
7	0	16	0	1	3	5.24830e+00	-1.96630e+00	2.96170e+00
7	0	17	0	1	3	5.24830e+00	-1.96630e+00	2.96170e+00
7	0	18	0	1	3	5.24830e+00	-1.96630e+00	2.96170e+00
7	0	19	0	1	3	7.11491e-01	1.85180e-03	5.82402e-01
7	0	20	0	1	3	5.59404e-01	-1.73810e-03	4.50716e-01
7	0	21	0	1	3	8.92499e-01	1.99900e-03	7.37364e-01
7	0	22	0	1	3	6.37553e-01	1.99960e-03	5.45449e-01
7	0	23	0	1	3	1.19210e+00	1.98920e-03	9.99994e-01
#######################################################################
# TOF Down                                                            #
#######################################################################
7	0	0	1	1	3	5.84300e+00	-2.30730e+00	3.11320e+00
7	0	1	1	1	3	5.84300e+00	-2.30730e+00	3.11320e+00
7	0	2	1	1	3	5.84300e+00	-2.30730e+00	3.11320e+00
7	0	3	1	1	3	5.84300e+00	-2.30730e+00	3.11320e+00
7	0	4	1	1	3	5.84300e+00	-2.30730e+00	3.11320e+00
7	0	5	1	1	3	5.84300e+00	-2.30730e+00	3.11320e+00
7	0	6	1	1	3	1.41330e+01	-5.81170e+00	5.32680e+00
7	0	7	1	1	3	7.84850e+01	-2.02870e+01	1.69500e+01
7	0	8	1	1	3	2.20240e+02	-3.62440e+01	3.60080e+01
7	0	9	1	1	3	5.84300e+00	-2.30730e+00	3.11320e+00
7	0	10	1	1	3	5.84300e+00	-2.30730e+00	3.11320e+00
7	0	11	1	1	3	5.84300e+00	-2.30730e+00	3.11320e+00
7	0	12	1	1	3	5.84300e+00	-2.30730e+00	3.11320e+00
7	0	13	1	1	3	5.84300e+00	-2.30730e+00	3.11320e+00
7	0	14	1	1	3	5.84300e+00	-2.30730e+00	3.11320e+00
7	0	15	1	1	3	5.84300e+00	-2.30730e+00	3.11320e+00
7	0	16	1	1	3	5.84300e+00	-2.30730e+00	3.11320e+00
7	0	17	1	1	3	5.84300e+00	-2.30730e+00	3.11320e+00
7	0	18	1	1	3	5.84300e+00	-2.30730e+00	3.11320e+00
7	0	19	1	1	3	6.18741e-01	1.99860e-03	4.90831e-01
7	0	20	1	1	3	5.75901e-01	1.04210e-03	4.72509e-01
7	0	21	1	1	3	9.41046e-01	1.99890e-03	7.79357e-01
7	0	22	1	1	3	4.84266e-01	-1.95590e-03	3.99786e-01
7	0	23	1	1	3	8.97714e-01	1.99860e-03	7.56300e-01
#######################################################################
# BFT U                                                               #
#######################################################################
110	0	0	0	2	3	4.37166e-03	-5.93108e-01	1.53933e+01
110	0	1	0	2	3	3.45507e-03	-5.17959e-01	1.39329e+01
110	0	2	0	2	3	3.62671e-03	-5.56423e-01	1.48403e+01
110	0	3	0	2	3	3.91429e-03	-5.67005e-01	1.39493e+01
110	0	4	0	2	3	2.82133e-03	-4.95324e-01	1.40771e+01
110	0	5	0	2	3	3.13783e-03	-4.96541e-01	1.41276e+01
110	0	6	0	2	3	3.62817e-03	-5.52815e-01	1.43118e+01
110	0	7	0	2	3	5.26002e-03	-6.52611e-01	1.66152e+01
110	0	8	0	2	3	3.34092e-03	-5.28952e-01	1.40524e+01
110	0	9	0	2	3	4.87920e-03	-6.27811e-01	1.71383e+01
110	0	10	0	2	3	4.25311e-03	-5.87118e-01	1.41819e+01
110	0	11	0	2	3	3.04610e-03	-4.91443e-01	1.46101e+01
110	0	12	0	2	3	3.66442e-03	-5.43910e-01	1.36701e+01
110	0	13	0	2	3	2.63945e-03	-4.64369e-01	1.41069e+01
110	0	14	0	2	3	3.57168e-03	-5.47915e-01	1.37924e+01
110	0	15	0	2	3	5.78968e-03	-7.02700e-01	1.85479e+01
110	0	16	0	2	3	3.38457e-03	-5.28794e-01	1.32901e+01
110	0	17	0	2	3	3.11648e-03	-4.97484e-01	1.42841e+01
110	0	18	0	2	3	3.91069e-03	-5.72940e-01	1.40884e+01
110	0	19	0	2	3	4.22682e-03	-5.92515e-01	1.42779e+01
110	0	20	0	2	3	2.92963e-03	-4.95893e-01	1.31789e+01
110	0	21	0	2	3	4.35280e-03	-5.95784e-01	1.75245e+01
110	0	22	0	2	3	4.42222e-03	-6.02018e-01	1.48904e+01
110	0	23	0	2	3	4.09186e-03	-5.66804e-01	1.56202e+01
110	0	24	0	2	3	3.87488e-03	-5.63133e-01	1.46957e+01
110	0	25	0	2	3	4.55073e-03	-6.00388e-01	1.67359e+01
110	0	26	0	2	3	4.25888e-03	-5.93090e-01	1.58566e+01
110	0	27	0	2	3	3.62685e-03	-5.32375e-01	1.48742e+01
110	0	28	0	2	3	3.47039e-03	-5.35630e-01	1.23569e+01
110	0	29	0	2	3	4.09059e-03	-5.64641e-01	1.50294e+01
110	0	30	0	2	3	3.73518e-03	-5.56416e-01	1.40288e+01
110	0	31	0	2	3	5.04587e-03	-6.41725e-01	1.69429e+01
110	0	32	0	2	3	3.76817e-03	-5.62305e-01	1.44850e+01
110	0	33	0	2	3	4.17344e-03	-5.59450e-01	1.37049e+01
110	0	34	0	2	3	4.04591e-03	-5.75774e-01	1.43734e+01
110	0	35	0	2	3	4.31235e-03	-5.98407e-01	1.62855e+01
110	0	36	0	2	3	3.45332e-03	-5.25461e-01	1.33301e+01
110	0	37	0	2	3	5.04894e-03	-6.43619e-01	1.78882e+01
110	0	38	0	2	3	4.63362e-03	-6.11368e-01	1.43471e+01
110	0	39	0	2	3	4.58647e-03	-6.10023e-01	1.60839e+01
110	0	40	0	2	3	3.74714e-03	-5.50349e-01	1.37215e+01
110	0	41	0	2	3	3.96266e-03	-5.58051e-01	1.61225e+01
110	0	42	0	2	3	4.38608e-03	-5.94459e-01	1.50275e+01
110	0	43	0	2	3	4.66859e-03	-6.24042e-01	1.70700e+01
110	0	44	0	2	3	3.59931e-03	-5.45384e-01	1.38337e+01
110	0	45	0	2	3	4.13764e-03	-5.70870e-01	1.59281e+01
110	0	46	0	2	3	4.48626e-03	-6.18425e-01	1.53873e+01
110	0	47	0	2	3	4.92535e-03	-6.43338e-01	1.84800e+01
110	0	48	0	2	3	3.75805e-03	-5.49309e-01	1.27809e+01
110	0	49	0	2	3	4.32711e-03	-5.88301e-01	1.67368e+01
110	0	50	0	2	3	4.46992e-03	-6.03705e-01	1.51832e+01
110	0	51	0	2	3	4.53906e-03	-6.04809e-01	1.59257e+01
110	0	52	0	2	3	3.49180e-03	-5.31001e-01	1.30551e+01
110	0	53	0	2	3	4.22397e-03	-5.78688e-01	1.53249e+01
110	0	54	0	2	3	4.58017e-03	-6.13058e-01	1.49501e+01
110	0	55	0	2	3	4.46497e-03	-6.00754e-01	1.67731e+01
110	0	56	0	2	3	3.81218e-03	-5.70820e-01	1.52992e+01
110	0	57	0	2	3	4.45189e-03	-5.97496e-01	1.63322e+01
110	0	58	0	2	3	4.00529e-03	-5.76017e-01	1.54110e+01
110	0	59	0	2	3	4.24792e-03	-5.99605e-01	1.67946e+01
110	0	60	0	2	3	3.87074e-03	-5.68244e-01	1.38632e+01
110	0	61	0	2	3	3.51819e-03	-5.32165e-01	1.49287e+01
110	0	62	0	2	3	4.67333e-03	-6.18550e-01	1.49214e+01
110	0	63	0	2	3	4.18049e-03	-5.83794e-01	1.47864e+01
110	0	64	0	2	3	3.72245e-03	-5.59468e-01	1.43478e+01
110	0	65	0	2	3	3.88524e-03	-5.64057e-01	1.54958e+01
110	0	66	0	2	3	4.53941e-03	-6.29257e-01	1.68724e+01
110	0	67	0	2	3	3.84055e-03	-5.63186e-01	1.56648e+01
110	0	68	0	2	3	3.90086e-03	-5.80748e-01	1.52954e+01
110	0	69	0	2	3	3.92110e-03	-5.62585e-01	1.49534e+01
110	0	70	0	2	3	4.51730e-03	-6.28812e-01	1.51081e+01
110	0	71	0	2	3	4.05523e-03	-5.80397e-01	1.57361e+01
110	0	72	0	2	3	3.78228e-03	-5.66118e-01	1.37992e+01
110	0	73	0	2	3	4.25477e-03	-5.93722e-01	1.53455e+01
110	0	74	0	2	3	4.36673e-03	-6.15127e-01	1.57803e+01
110	0	75	0	2	3	4.26067e-03	-5.90858e-01	1.55398e+01
110	0	76	0	2	3	3.60182e-03	-5.47428e-01	1.35226e+01
110	0	77	0	2	3	3.81084e-03	-5.57589e-01	1.52618e+01
110	0	78	0	2	3	4.57208e-03	-6.28594e-01	1.53285e+01
110	0	79	0	2	3	4.20616e-03	-5.88460e-01	1.54802e+01
110	0	80	0	2	3	3.80081e-03	-5.64898e-01	1.49365e+01
110	0	81	0	2	3	3.96860e-03	-5.60937e-01	1.49209e+01
110	0	82	0	2	3	4.42013e-03	-6.02954e-01	1.50465e+01
110	0	83	0	2	3	4.69841e-03	-6.24945e-01	1.59809e+01
110	0	84	0	2	3	3.93684e-03	-5.72060e-01	1.44690e+01
110	0	85	0	2	3	3.99027e-03	-5.68772e-01	1.54275e+01
110	0	86	0	2	3	4.70309e-03	-6.38972e-01	1.54909e+01
110	0	87	0	2	3	4.69826e-03	-6.31630e-01	1.68717e+01
110	0	88	0	2	3	3.74980e-03	-5.54468e-01	1.44924e+01
110	0	89	0	2	3	4.43455e-03	-6.02897e-01	1.56198e+01
110	0	90	0	2	3	4.16343e-03	-5.89668e-01	1.42746e+01
110	0	91	0	2	3	4.65834e-03	-6.27364e-01	1.56685e+01
110	0	92	0	2	3	4.02914e-03	-5.90086e-01	1.51954e+01
110	0	93	0	2	3	3.99000e-03	-5.69511e-01	1.47745e+01
110	0	94	0	2	3	4.83908e-03	-6.61018e-01	1.75438e+01
110	0	95	0	2	3	4.27402e-03	-5.98585e-01	1.59886e+01
110	0	96	0	2	3	4.15682e-03	-5.96857e-01	1.49159e+01
110	0	97	0	2	3	4.26190e-03	-5.94174e-01	1.60599e+01
110	0	98	0	2	3	4.58721e-03	-6.34142e-01	1.56227e+01
110	0	99	0	2	3	4.51284e-03	-6.09310e-01	1.59522e+01
110	0	100	0	2	3	3.44587e-03	-5.41641e-01	1.44549e+01
110	0	101	0	2	3	4.06156e-03	-5.77741e-01	1.56181e+01
110	0	102	0	2	3	4.65409e-03	-6.32843e-01	1.63555e+01
110	0	103	0	2	3	4.69714e-03	-6.29879e-01	1.61754e+01
110	0	104	0	2	3	4.02364e-03	-5.82866e-01	1.43043e+01
110	0	105	0	2	3	4.16542e-03	-5.82710e-01	1.51316e+01
110	0	106	0	2	3	4.40778e-03	-6.15190e-01	1.60111e+01
110	0	107	0	2	3	4.65720e-03	-6.21042e-01	1.53732e+01
110	0	108	0	2	3	3.98760e-03	-5.83620e-01	1.51755e+01
110	0	109	0	2	3	3.91972e-03	-5.71864e-01	1.49316e+01
110	0	110	0	2	3	4.38898e-03	-6.12221e-01	1.56668e+01
110	0	111	0	2	3	4.61739e-03	-6.31108e-01	1.61547e+01
110	0	112	0	2	3	4.08165e-03	-5.80433e-01	1.37945e+01
110	0	113	0	2	3	4.44922e-03	-6.02341e-01	1.53511e+01
110	0	114	0	2	3	4.85557e-03	-6.46159e-01	1.63898e+01
110	0	115	0	2	3	4.84140e-03	-6.32284e-01	1.58551e+01
110	0	116	0	2	3	4.21476e-03	-5.98644e-01	1.50439e+01
110	0	117	0	2	3	4.23612e-03	-5.93893e-01	1.62780e+01
110	0	118	0	2	3	4.64402e-03	-6.35499e-01	1.64664e+01
110	0	119	0	2	3	4.22059e-03	-5.84795e-01	1.41436e+01
110	0	120	0	2	3	3.55002e-03	-5.56555e-01	1.44598e+01
110	0	121	0	2	3	4.19276e-03	-5.81280e-01	1.36065e+01
110	0	122	0	2	3	4.21713e-03	-6.02793e-01	1.64147e+01
110	0	123	0	2	3	5.30667e-03	-6.67479e-01	1.68176e+01
110	0	124	0	2	3	3.72829e-03	-5.49838e-01	1.46195e+01
110	0	125	0	2	3	3.95852e-03	-5.51993e-01	1.23401e+01
110	0	126	0	2	3	3.78392e-03	-5.59801e-01	1.43215e+01
110	0	127	0	2	3	4.54899e-03	-6.08851e-01	1.54460e+01
110	0	128	0	2	3	3.33000e-03	-5.67854e-01	1.59306e+01
110	0	129	0	2	3	3.03211e-03	-5.36059e-01	1.49764e+01
110	0	130	0	2	3	4.54488e-03	-6.52209e-01	1.74071e+01
110	0	131	0	2	3	2.31966e-03	-4.50215e-01	1.30290e+01
110	0	132	0	2	3	3.00657e-03	-5.28059e-01	1.53207e+01
110	0	133	0	2	3	2.69540e-03	-4.92792e-01	1.41535e+01
110	0	134	0	2	3	3.60890e-03	-5.87872e-01	1.61928e+01
110	0	135	0	2	3	3.37129e-03	-5.41003e-01	1.42520e+01
110	0	136	0	2	3	4.30171e-03	-6.03263e-01	1.52190e+01
110	0	137	0	2	3	3.01289e-03	-5.29812e-01	1.53531e+01
110	0	138	0	2	3	3.57384e-03	-5.64501e-01	1.56525e+01
110	0	139	0	2	3	3.45184e-03	-5.53918e-01	1.41517e+01
110	0	140	0	2	3	6.91186e-04	-3.46846e-01	1.18118e+01
110	0	141	0	2	3	2.98849e-03	-5.20988e-01	1.38487e+01
110	0	142	0	2	3	5.17616e-03	-6.91616e-01	1.78221e+01
110	0	143	0	2	3	2.57290e-03	-4.82911e-01	1.34144e+01
110	0	144	0	2	3	4.51726e-03	-6.28691e-01	1.55655e+01
110	0	145	0	2	3	3.60065e-03	-5.49830e-01	1.38835e+01
110	0	146	0	2	3	7.89743e-04	-3.38357e-01	1.07916e+01
110	0	147	0	2	3	3.41341e-03	-5.30002e-01	1.46573e+01
110	0	148	0	2	3	2.14738e-03	-4.55047e-01	1.27083e+01
110	0	149	0	2	3	4.36660e-03	-5.95409e-01	1.56046e+01
110	0	150	0	2	3	-6.49917e-04	-2.33240e-01	9.25406e+00
110	0	151	0	2	3	4.91136e-03	-6.53849e-01	1.68607e+01
110	0	152	0	2	3	4.56412e-03	-6.37718e-01	1.73440e+01
110	0	153	0	2	3	3.76367e-03	-5.74429e-01	1.56546e+01
110	0	154	0	2	3	4.07317e-03	-5.99769e-01	1.55833e+01
110	0	155	0	2	3	4.24307e-03	-5.92696e-01	1.39976e+01
110	0	156	0	2	3	-3.43845e-02	2.34358e+00	-3.95281e+01
110	0	157	0	2	3	1.48979e-03	-4.07623e-01	1.28188e+01
110	0	158	0	2	3	5.72034e-03	-7.14627e-01	1.75739e+01
110	0	159	0	2	3	6.26779e-03	-7.65546e-01	1.89889e+01
#######################################################################
# BFT D                                                               #
#######################################################################
110	1	0	0	2	3	1.45593e-03	-4.05635e-01	1.39881e+01
110	1	1	0	2	3	3.77000e-03	-5.57855e-01	1.59371e+01
110	1	2	0	2	3	3.18347e-03	-5.31096e-01	1.52426e+01
110	1	3	0	2	3	3.86448e-03	-5.71358e-01	1.67494e+01
110	1	4	0	2	3	3.23052e-03	-5.27676e-01	1.50420e+01
110	1	5	0	2	3	3.78935e-03	-5.68903e-01	1.68294e+01
110	1	6	0	2	3	3.48596e-03	-5.50336e-01	1.43641e+01
110	1	7	0	2	3	3.38294e-03	-5.30850e-01	1.54655e+01
110	1	8	0	2	3	3.70252e-03	-5.66473e-01	1.60762e+01
110	1	9	0	2	3	4.14277e-03	-6.02957e-01	1.84854e+01
110	1	10	0	2	3	3.96907e-03	-5.81028e-01	1.60452e+01
110	1	11	0	2	3	3.29576e-03	-5.28864e-01	1.53269e+01
110	1	12	0	2	3	3.19842e-03	-5.22057e-01	1.42721e+01
110	1	13	0	2	3	3.08348e-03	-5.07658e-01	1.55934e+01
110	1	14	0	2	3	4.05623e-03	-5.99889e-01	1.57129e+01
110	1	15	0	2	3	4.17963e-03	-5.87405e-01	1.68823e+01
110	1	16	0	2	3	2.73941e-03	-4.96167e-01	1.40471e+01
110	1	17	0	2	3	3.07702e-03	-5.09961e-01	1.48351e+01
110	1	18	0	2	3	3.91113e-03	-5.75471e-01	1.47194e+01
110	1	19	0	2	3	3.48172e-03	-5.45231e-01	1.59648e+01
110	1	20	0	2	3	3.85998e-03	-5.74444e-01	1.56839e+01
110	1	21	0	2	3	2.77003e-03	-4.86987e-01	1.57134e+01
110	1	22	0	2	3	3.76142e-03	-5.62631e-01	1.50711e+01
110	1	23	0	2	3	4.12891e-03	-5.74793e-01	1.64011e+01
110	1	24	0	2	3	3.58573e-03	-5.58835e-01	1.60812e+01
110	1	25	0	2	3	3.96672e-03	-5.75678e-01	1.67463e+01
110	1	26	0	2	3	4.17563e-03	-5.98805e-01	1.56066e+01
110	1	27	0	2	3	4.86373e-03	-6.37699e-01	1.84884e+01
110	1	28	0	2	3	3.93657e-03	-5.83933e-01	1.63910e+01
110	1	29	0	2	3	3.69369e-03	-5.54998e-01	1.64934e+01
110	1	30	0	2	3	4.24132e-03	-6.00781e-01	1.58880e+01
110	1	31	0	2	3	3.71053e-03	-5.63947e-01	1.68635e+01
110	1	32	0	2	3	3.61863e-03	-5.59069e-01	1.64151e+01
110	1	33	0	2	3	3.29638e-03	-5.31856e-01	1.50557e+01
110	1	34	0	2	3	4.04465e-03	-5.79989e-01	1.50164e+01
110	1	35	0	2	3	4.04964e-03	-5.91604e-01	1.73575e+01
110	1	36	0	2	3	3.98371e-03	-5.75498e-01	1.61645e+01
110	1	37	0	2	3	3.34711e-03	-5.28142e-01	1.41849e+01
110	1	38	0	2	3	3.92116e-03	-5.75201e-01	1.63801e+01
110	1	39	0	2	3	3.86241e-03	-5.64117e-01	1.58147e+01
110	1	40	0	2	3	4.12999e-03	-5.83933e-01	1.51397e+01
110	1	41	0	2	3	4.09886e-03	-5.82529e-01	1.65779e+01
110	1	42	0	2	3	3.95211e-03	-5.67695e-01	1.53413e+01
110	1	43	0	2	3	4.28514e-03	-5.94197e-01	1.75038e+01
110	1	44	0	2	3	4.23380e-03	-5.98594e-01	1.55872e+01
110	1	45	0	2	3	3.72559e-03	-5.57472e-01	1.63613e+01
110	1	46	0	2	3	4.08789e-03	-5.91074e-01	1.54551e+01
110	1	47	0	2	3	3.87191e-03	-5.86408e-01	1.78703e+01
110	1	48	0	2	3	3.94312e-03	-5.72579e-01	1.57497e+01
110	1	49	0	2	3	3.79563e-03	-5.54956e-01	1.64578e+01
110	1	50	0	2	3	4.34461e-03	-6.04183e-01	1.53039e+01
110	1	51	0	2	3	4.28636e-03	-5.98198e-01	1.69907e+01
110	1	52	0	2	3	3.95967e-03	-5.86568e-01	1.53495e+01
110	1	53	0	2	3	3.73093e-03	-5.55243e-01	1.64821e+01
110	1	54	0	2	3	4.32264e-03	-6.11007e-01	1.66992e+01
110	1	55	0	2	3	4.55264e-03	-6.18329e-01	1.74592e+01
110	1	56	0	2	3	4.24211e-03	-6.10545e-01	1.58155e+01
110	1	57	0	2	3	4.20700e-03	-5.94436e-01	1.67781e+01
110	1	58	0	2	3	4.29941e-03	-6.17560e-01	1.78750e+01
110	1	59	0	2	3	4.79014e-03	-6.47497e-01	1.90598e+01
110	1	60	0	2	3	3.90887e-03	-5.77062e-01	1.58962e+01
110	1	61	0	2	3	4.19698e-03	-5.78006e-01	1.58761e+01
110	1	62	0	2	3	4.07781e-03	-5.86197e-01	1.49958e+01
110	1	63	0	2	3	3.82070e-03	-5.68547e-01	1.66439e+01
110	1	64	0	2	3	3.95174e-03	-5.84823e-01	1.64591e+01
110	1	65	0	2	3	4.29847e-03	-6.00125e-01	1.64592e+01
110	1	66	0	2	3	4.73798e-03	-6.44992e-01	1.62092e+01
110	1	67	0	2	3	4.52358e-03	-6.19719e-01	1.59314e+01
110	1	68	0	2	3	3.43898e-03	-5.36302e-01	1.39236e+01
110	1	69	0	2	3	4.05831e-03	-5.83261e-01	1.62373e+01
110	1	70	0	2	3	4.07499e-03	-5.90170e-01	1.62841e+01
110	1	71	0	2	3	4.32012e-03	-6.11160e-01	1.70315e+01
110	1	72	0	2	3	3.87547e-03	-5.71987e-01	1.54531e+01
110	1	73	0	2	3	4.09186e-03	-5.91805e-01	1.71545e+01
110	1	74	0	2	3	4.35923e-03	-6.06820e-01	1.52323e+01
110	1	75	0	2	3	4.31549e-03	-6.07664e-01	1.63577e+01
110	1	76	0	2	3	3.75422e-03	-5.61757e-01	1.50745e+01
110	1	77	0	2	3	3.87685e-03	-5.75722e-01	1.57908e+01
110	1	78	0	2	3	4.29611e-03	-6.06079e-01	1.52351e+01
110	1	79	0	2	3	4.22332e-03	-5.97913e-01	1.60700e+01
110	1	80	0	2	3	4.16391e-03	-5.89405e-01	1.54382e+01
110	1	81	0	2	3	3.96073e-03	-5.72120e-01	1.48530e+01
110	1	82	0	2	3	4.62024e-03	-6.27281e-01	1.70574e+01
110	1	83	0	2	3	4.14557e-03	-5.80966e-01	1.53207e+01
110	1	84	0	2	3	3.92765e-03	-5.64509e-01	1.44399e+01
110	1	85	0	2	3	3.84640e-03	-5.66519e-01	1.50673e+01
110	1	86	0	2	3	4.30060e-03	-6.02474e-01	1.63148e+01
110	1	87	0	2	3	4.42981e-03	-6.04171e-01	1.44688e+01
110	1	88	0	2	3	3.78858e-03	-5.69113e-01	1.56088e+01
110	1	89	0	2	3	4.04105e-03	-5.86623e-01	1.51504e+01
110	1	90	0	2	3	4.07755e-03	-5.90058e-01	1.50854e+01
110	1	91	0	2	3	4.27706e-03	-5.97952e-01	1.61633e+01
110	1	92	0	2	3	3.67164e-03	-5.52705e-01	1.48097e+01
110	1	93	0	2	3	3.81960e-03	-5.66811e-01	1.52955e+01
110	1	94	0	2	3	4.00688e-03	-5.90072e-01	1.63368e+01
110	1	95	0	2	3	4.03455e-03	-5.89666e-01	1.54585e+01
110	1	96	0	2	3	3.66518e-03	-5.53618e-01	1.44738e+01
110	1	97	0	2	3	3.95303e-03	-5.74665e-01	1.58268e+01
110	1	98	0	2	3	4.21425e-03	-6.16506e-01	1.70781e+01
110	1	99	0	2	3	4.30017e-03	-6.00737e-01	1.56182e+01
110	1	100	0	2	3	3.75069e-03	-5.51380e-01	1.49613e+01
110	1	101	0	2	3	3.85126e-03	-5.65335e-01	1.54849e+01
110	1	102	0	2	3	4.54198e-03	-6.29573e-01	1.64010e+01
110	1	103	0	2	3	4.02892e-03	-5.80549e-01	1.51442e+01
110	1	104	0	2	3	4.03475e-03	-5.82763e-01	1.55407e+01
110	1	105	0	2	3	4.02631e-03	-5.77815e-01	1.54737e+01
110	1	106	0	2	3	4.63235e-03	-6.34584e-01	1.72979e+01
110	1	107	0	2	3	4.71953e-03	-6.29755e-01	1.61635e+01
110	1	108	0	2	3	3.91902e-03	-5.76236e-01	1.61880e+01
110	1	109	0	2	3	3.95093e-03	-5.77051e-01	1.60438e+01
110	1	110	0	2	3	4.27637e-03	-6.10567e-01	1.61120e+01
110	1	111	0	2	3	3.82544e-03	-5.78684e-01	1.67122e+01
110	1	112	0	2	3	3.97150e-03	-5.80967e-01	1.53451e+01
110	1	113	0	2	3	4.33487e-03	-6.00930e-01	1.59361e+01
110	1	114	0	2	3	4.67098e-03	-6.33040e-01	1.59917e+01
110	1	115	0	2	3	4.03868e-03	-5.81622e-01	1.53366e+01
110	1	116	0	2	3	4.20468e-03	-6.01356e-01	1.59423e+01
110	1	117	0	2	3	4.14140e-03	-5.84708e-01	1.55656e+01
110	1	118	0	2	3	4.62949e-03	-6.22930e-01	1.52679e+01
110	1	119	0	2	3	4.22963e-03	-5.91865e-01	1.58171e+01
110	1	120	0	2	3	4.08188e-03	-5.84883e-01	1.52354e+01
110	1	121	0	2	3	3.69148e-03	-5.57349e-01	1.49577e+01
110	1	122	0	2	3	3.88306e-03	-5.90045e-01	1.69613e+01
110	1	123	0	2	3	3.71406e-03	-5.72427e-01	1.69405e+01
110	1	124	0	2	3	4.23579e-03	-5.99189e-01	1.52733e+01
110	1	125	0	2	3	4.18208e-03	-5.92221e-01	1.58599e+01
110	1	126	0	2	3	4.60678e-03	-6.20032e-01	1.61342e+01
110	1	127	0	2	3	3.61980e-03	-5.52232e-01	1.49708e+01
110	1	128	0	2	3	3.06517e-03	-5.44421e-01	1.57485e+01
110	1	129	0	2	3	4.94412e-03	-6.67607e-01	1.76502e+01
110	1	130	0	2	3	3.61398e-03	-5.74471e-01	1.51668e+01
110	1	131	0	2	3	3.64965e-03	-5.61817e-01	1.52192e+01
110	1	132	0	2	3	3.95607e-03	-5.99036e-01	1.67171e+01
110	1	133	0	2	3	4.46324e-03	-6.13939e-01	1.57835e+01
110	1	134	0	2	3	2.39282e-03	-4.90607e-01	1.47556e+01
110	1	135	0	2	3	4.17704e-03	-5.91501e-01	1.57956e+01
110	1	136	0	2	3	4.48984e-03	-6.40207e-01	1.76533e+01
110	1	137	0	2	3	6.40390e-03	-7.65025e-01	1.91059e+01
110	1	138	0	2	3	3.26632e-03	-5.39144e-01	1.48624e+01
110	1	139	0	2	3	4.02466e-03	-5.84363e-01	1.59242e+01
110	1	140	0	2	3	4.28342e-03	-6.25580e-01	1.64888e+01
110	1	141	0	2	3	3.32564e-03	-5.44145e-01	1.46704e+01
110	1	142	0	2	3	2.52643e-03	-4.85141e-01	1.35202e+01
110	1	143	0	2	3	5.47260e-04	-3.54489e-01	1.24175e+01
110	1	144	0	2	3	6.00495e-03	-7.40492e-01	1.94363e+01
110	1	145	0	2	3	4.95095e-03	-6.51938e-01	1.68791e+01
110	1	146	0	2	3	4.68475e-03	-6.45199e-01	1.67672e+01
110	1	147	0	2	3	4.89296e-03	-6.36898e-01	1.54535e+01
110	1	148	0	2	3	3.56591e-03	-5.27124e-01	1.34588e+01
110	1	149	0	2	3	5.07418e-03	-6.42679e-01	1.67888e+01
110	1	150	0	2	3	2.76111e-03	-4.98417e-01	1.45799e+01
110	1	151	0	2	3	3.32008e-03	-5.35968e-01	1.46976e+01
110	1	152	0	2	3	4.49025e-03	-6.32591e-01	1.76613e+01
110	1	153	0	2	3	-2.57403e-03	-1.11685e-01	8.14675e+00
110	1	154	0	2	3	4.01613e-03	-5.81367e-01	1.57967e+01
110	1	155	0	2	3	3.07674e-03	-5.27802e-01	1.35555e+01
110	1	156	0	2	3	4.18542e-03	-5.96804e-01	1.59600e+01
110	1	157	0	2	3	1.53202e-03	-4.29960e-01	1.41226e+01
110	1	158	0	2	3	3.40126e-03	-5.46099e-01	1.57202e+01
110	1	159	0	2	3	2.92374e-03	-5.15791e-01	1.56025e+01
