##
#  file: HodoPHCParam_Dummy
#  date: 2016.06.15
#  note: first version
#
#
#######################################################################
# CId	PlId	Seg	UorD	Type	nParam	p0	p1	...
#
#	Type=0 no correction will be performed
#	Type=1 ct=t-p[0]/sqrt(a-p[1])+p[2]
#	Type=2 ct=p[0]*a*a + p[1]*a + p[2] for Fiber
#
#######################################################################
# BH1 Up                                                              #
#######################################################################
1	0	0	0	1	3	5.08705e+00	-1.98362e+00	2.93454e+00
1	0	1	0	1	3	6.69706e-01	2.91546e-01	8.10244e-01
1	0	2	0	1	3	5.01779e-01	3.94271e-01	6.64278e-01
1	0	3	0	1	3	7.45330e-01	1.66754e-01	8.56036e-01
1	0	4	0	1	3	8.52890e-01	8.60054e-02	9.27134e-01
1	0	5	0	1	3	1.69981e+00	-1.50393e-01	1.62794e+00
1	0	6	0	1	3	1.58582e+00	-2.35346e-01	1.46587e+00
1	0	7	0	1	3	1.61970e+00	-1.46184e-01	1.54504e+00
1	0	8	0	1	3	1.37546e+00	-2.52696e-01	1.28233e+00
1	0	9	0	1	3	1.74814e+00	-2.76223e-01	1.64100e+00
1	0	10	0	1	3	1.60339e+01	-4.62629e+00	6.81205e+00
#######################################################################
# BH1 Down                                                            #
#######################################################################
1	0	0	1	1	3	1.33519e+00	-9.13138e-02	1.27257e+00
1	0	1	1	1	3	6.24909e-01	2.88647e-01	7.65429e-01
1	0	2	1	1	3	6.68954e-01	2.21542e-01	7.45264e-01
1	0	3	1	1	3	1.32364e+00	-4.57464e-01	1.08318e+00
1	0	4	1	1	3	1.18002e+00	-7.91080e-02	1.17008e+00
1	0	5	1	1	3	2.07299e+00	-4.79828e-01	1.70935e+00
1	0	6	1	1	3	1.96000e+00	-5.20196e-01	1.63958e+00
1	0	7	1	1	3	1.89852e+00	-4.50289e-01	1.60743e+00
1	0	8	1	1	3	1.02469e+00	-6.73213e-02	1.04734e+00
1	0	9	1	1	3	1.64894e+00	-1.85977e-01	1.61292e+00
1	0	10	1	1	3	7.15603e-01	2.22738e-01	8.54972e-01
#######################################################################
# BH2 Up                                                              #
#######################################################################
2	0	0	0	1	3	1.43047e-01	2.98695e-01	2.00085e-01
2	0	1	0	1	3	8.79554e-01	-2.31747e-01	7.85839e-01
2	0	2	0	1	3	5.94572e-01	-4.97541e-01	4.68956e-01
2	0	3	0	1	3	1.91725e-01	3.94747e-02	1.91115e-01
2	0	4	0	1	3	3.31184e-01	-9.38469e-02	3.15823e-01
2	0	5	0	1	3	1.99769e-01	2.70254e-01	2.37321e-01
2	0	6	0	1	3	2.58948e-01	2.41832e-01	3.10133e-01
2	0	7	0	1	3	3.50426e-01	8.80094e-02	3.70898e-01
#######################################################################
# BH2 Down                                                            #
#######################################################################
2	0	0	1	1	3	3.94607e-01	-1.85207e-01	3.84440e-01
2	0	1	1	1	3	9.92155e-01	-3.85817e-01	8.32122e-01
2	0	2	1	1	3	4.10986e-01	-9.27803e-02	3.90143e-01
2	0	3	1	1	3	1.76416e-01	4.84160e-02	1.75490e-01
2	0	4	1	1	3	2.42956e-01	1.23979e-01	2.64593e-01
2	0	5	1	1	3	3.57967e-01	4.32013e-02	3.63973e-01
2	0	6	1	1	3	1.22093e+00	-6.67168e-01	9.30075e-01
2	0	7	1	1	3	2.92156e-01	-4.36810e-03	2.98702e-01
#######################################################################
# BAC                                                                 #
#######################################################################
3	0	0	0	1	3	0.00000e+00	0.00000e+00	0.00000e+00
3	0	1	0	1	3	0.00000e+00	0.00000e+00	0.00000e+00
#######################################################################
# FBH Up                                                              #
#######################################################################
4	0	0	0	2	3	-5.62952e-03	8.96903e-01	-3.53273e+01
4	0	1	0	2	3	-4.29399e-03	7.37975e-01	-3.00049e+01
4	0	2	0	2	3	-5.26894e-03	8.67305e-01	-3.38992e+01
4	0	3	0	2	3	-3.80183e-03	6.69237e-01	-2.72260e+01
4	0	4	0	2	3	-4.35014e-03	7.35785e-01	-2.92008e+01
4	0	5	0	2	3	-4.02541e-03	6.86907e-01	-2.70312e+01
4	0	6	0	2	3	-4.16660e-03	7.08229e-01	-2.81512e+01
4	0	7	0	2	3	-3.93117e-03	6.84759e-01	-2.69101e+01
4	0	8	0	2	3	-4.14423e-03	6.96902e-01	-2.65883e+01
4	0	9	0	2	3	-2.83372e-03	5.62925e-01	-2.20787e+01
4	0	10	0	2	3	-4.07944e-03	7.09420e-01	-2.75603e+01
4	0	11	0	2	3	-3.50961e-03	6.50113e-01	-2.64167e+01
4	0	12	0	2	3	-3.52415e-03	6.49734e-01	-2.67232e+01
4	0	13	0	2	3	-4.13420e-03	7.26957e-01	-2.99675e+01
4	0	14	0	2	3	-4.90315e-03	8.27563e-01	-3.35630e+01
4	0	15	0	2	3	-4.73048e-03	8.13189e-01	-3.31901e+01
#######################################################################
# FBH Down                                                            #
#######################################################################
4	0	0	1	2	3	-5.62952e-03	8.96903e-01	-3.53273e+01
4	0	1	1	2	3	-4.29399e-03	7.37975e-01	-3.00049e+01
4	0	2	1	2	3	-5.26894e-03	8.67305e-01	-3.38992e+01
4	0	3	1	2	3	-3.80183e-03	6.69237e-01	-2.72260e+01
4	0	4	1	2	3	-4.35014e-03	7.35785e-01	-2.92008e+01
4	0	5	1	2	3	-4.02541e-03	6.86907e-01	-2.70312e+01
4	0	6	1	2	3	-4.16660e-03	7.08229e-01	-2.81512e+01
4	0	7	1	2	3	-3.93117e-03	6.84759e-01	-2.69101e+01
4	0	8	1	2	3	-4.14423e-03	6.96902e-01	-2.65883e+01
4	0	9	1	2	3	-2.83372e-03	5.62925e-01	-2.20787e+01
4	0	10	1	2	3	-4.07944e-03	7.09420e-01	-2.75603e+01
4	0	11	1	2	3	-3.50961e-03	6.50113e-01	-2.64167e+01
4	0	12	1	2	3	-3.52415e-03	6.49734e-01	-2.67232e+01
4	0	13	1	2	3	-4.13420e-03	7.26957e-01	-2.99675e+01
4	0	14	1	2	3	-4.90315e-03	8.27563e-01	-3.35630e+01
4	0	15	1	2	3	-4.73048e-03	8.13189e-01	-3.31901e+01
#######################################################################
# PVAC                                                                #
#######################################################################
5	0	0	0	1	3	0.00000e+00	0.00000e+00	0.00000e+00
#######################################################################
# FAC                                                                 #
#######################################################################
6	0	0	0	1	3	0.00000e+00	0.00000e+00	0.00000e+00
#######################################################################
# SCH                                                                 #
#######################################################################
#7	0	0	0	2	3	-0.00500000	0.821213	-32.185321
#7	0	1	0	2	3	-0.00500000	0.830248	-32.269563
#7	0	2	0	2	3	-0.00500000	0.793073	-29.315934
#7	0	3	0	2	3	-0.00500000	0.772144	-28.276705
#7	0	4	0	2	3	-0.00500000	0.801968	-30.687167
#7	0	5	0	2	3	-0.00500000	0.778300	-28.439251
#7	0	6	0	2	3	-0.00500000	0.765872	-27.918181
#7	0	7	0	2	3	-0.00500000	0.738459	-26.016797
#7	0	8	0	2	3	-0.00500000	0.778318	-28.676371
#7	0	9	0	2	3	-0.00500000	0.776670	-28.892887
#7	0	10	0	2	3	-0.00500000	0.764278	-28.122474
#7	0	11	0	2	3	-0.00500000	0.790742	-29.423647
#7	0	12	0	2	3	-0.00500000	0.811330	-30.487019
#7	0	13	0	2	3	-0.00500000	0.818750	-30.891512
#7	0	14	0	2	3	-0.00500000	0.802541	-30.009136
#7	0	15	0	2	3	-0.00500000	0.809525	-30.751746
#7	0	16	0	2	3	-0.00500000	0.802597	-30.845509
#7	0	17	0	2	3	-0.00500000	0.835028	-32.780792
#7	0	18	0	2	3	-0.00500000	0.859176	-33.938731
#7	0	19	0	2	3	-0.00500000	0.814851	-31.445396
#7	0	20	0	2	3	-0.00500000	0.809426	-30.781087
#7	0	21	0	2	3	-0.00500000	0.780678	-28.888756
#7	0	22	0	2	3	-0.00500000	0.808206	-30.719604
#7	0	23	0	2	3	-0.00500000	0.774024	-27.858339
#7	0	24	0	2	3	-0.00500000	0.794308	-29.022101
#7	0	25	0	2	3	-0.00500000	0.775649	-27.980186
#7	0	26	0	2	3	-0.00500000	0.788483	-28.687567
#7	0	27	0	2	3	-0.00466315	0.771386	-29.253260
#7	0	28	0	2	3	-0.00483132	0.790854	-28.637741
#7	0	29	0	2	3	-0.00497049	0.812994	-30.786914
#7	0	30	0	2	3	-0.00500000	0.787793	-28.362716
#7	0	31	0	2	3	-0.00500000	0.790759	-28.876812
#7	0	32	0	2	3	-0.00500000	0.824826	-31.655285
#7	0	33	0	2	3	-0.00500000	0.845304	-33.407765
#7	0	34	0	2	3	-0.00500000	0.832263	-32.939799
#7	0	35	0	2	3	-0.00500000	0.820631	-31.695372
#7	0	36	0	2	3	-0.00500000	0.836997	-33.200590
#7	0	37	0	2	3	-0.00500000	0.819690	-32.097193
#7	0	38	0	2	3	-0.00500000	0.808109	-31.263214
#7	0	39	0	2	3	-0.00500000	0.815224	-31.135523
#7	0	40	0	2	3	-0.00500000	0.803398	-29.897923
#7	0	41	0	2	3	-0.00500000	0.815685	-31.165519
#7	0	42	0	2	3	-0.00500000	0.812980	-30.737261
#7	0	43	0	2	3	-0.00500000	0.829418	-32.693307
#7	0	44	0	2	3	-0.00500000	0.789530	-29.464920
#7	0	45	0	2	3	-0.00500000	0.804789	-31.208151
#7	0	46	0	2	3	-0.00500000	0.830106	-32.806514
#7	0	47	0	2	3	-0.00500000	0.819206	-31.373242
#7	0	48	0	2	3	-0.00500000	0.816165	-31.709319
#7	0	49	0	2	3	-0.00500000	0.798496	-30.201709
#7	0	50	0	2	3	-0.00500000	0.812167	-31.795745
#7	0	51	0	2	3	-0.00500000	0.810749	-31.375226
#7	0	52	0	2	3	-0.00500000	0.803385	-31.372512
#7	0	53	0	2	3	-0.00500000	0.777405	-29.262831
#7	0	54	0	2	3	-0.00500000	0.783954	-29.763410
#7	0	55	0	2	3	-0.00500000	0.789443	-29.976449
#7	0	56	0	2	3	-0.00500000	0.838828	-33.261086
#7	0	57	0	2	3	-0.00500000	0.804421	-30.573195
#7	0	58	0	2	3	-0.00500000	0.773283	-29.111048
#7	0	59	0	2	3	-0.00500000	0.811789	-31.449459
#7	0	60	0	2	3	-0.00500000	0.759724	-28.110014
#7	0	61	0	2	3	-0.00500000	0.810884	-31.379063
#7	0	62	0	2	3	-0.00500000	0.771910	-28.435006
#7	0	63	0	2	3	-0.00500000	0.796658	-30.511906
#######################################################################
# TOF Up                                                              #
#######################################################################
7	0	0	0	1	3	5.24830e+00	-1.96630e+00	2.96170e+00
7	0	1	0	1	3	5.24830e+00	-1.96630e+00	2.96170e+00
7	0	2	0	1	3	5.24830e+00	-1.96630e+00	2.96170e+00
7	0	3	0	1	3	5.24830e+00	-1.96630e+00	2.96170e+00
7	0	4	0	1	3	5.24830e+00	-1.96630e+00	2.96170e+00
7	0	5	0	1	3	5.24830e+00	-1.96630e+00	2.96170e+00
7	0	6	0	1	3	6.97090e+00	-3.03520e+00	3.39910e+00
7	0	7	0	1	3	4.05450e+00	-1.96150e+00	2.30360e+00
7	0	8	0	1	3	1.16940e+02	-2.98600e+01	2.09880e+01
7	0	9	0	1	3	5.24830e+00	-1.96630e+00	2.96170e+00
7	0	10	0	1	3	5.24830e+00	-1.96630e+00	2.96170e+00
7	0	11	0	1	3	5.24830e+00	-1.96630e+00	2.96170e+00
7	0	12	0	1	3	5.24830e+00	-1.96630e+00	2.96170e+00
7	0	13	0	1	3	5.24830e+00	-1.96630e+00	2.96170e+00
7	0	14	0	1	3	5.24830e+00	-1.96630e+00	2.96170e+00
7	0	15	0	1	3	5.24830e+00	-1.96630e+00	2.96170e+00
7	0	16	0	1	3	5.24830e+00	-1.96630e+00	2.96170e+00
7	0	17	0	1	3	5.24830e+00	-1.96630e+00	2.96170e+00
7	0	18	0	1	3	5.24830e+00	-1.96630e+00	2.96170e+00
7	0	19	0	1	3	7.11491e-01	1.85180e-03	5.82402e-01
7	0	20	0	1	3	5.59404e-01	-1.73810e-03	4.50716e-01
7	0	21	0	1	3	8.92499e-01	1.99900e-03	7.37364e-01
7	0	22	0	1	3	6.37553e-01	1.99960e-03	5.45449e-01
7	0	23	0	1	3	1.19210e+00	1.98920e-03	9.99994e-01
#######################################################################
# TOF Down                                                            #
#######################################################################
7	0	0	1	1	3	5.84300e+00	-2.30730e+00	3.11320e+00
7	0	1	1	1	3	5.84300e+00	-2.30730e+00	3.11320e+00
7	0	2	1	1	3	5.84300e+00	-2.30730e+00	3.11320e+00
7	0	3	1	1	3	5.84300e+00	-2.30730e+00	3.11320e+00
7	0	4	1	1	3	5.84300e+00	-2.30730e+00	3.11320e+00
7	0	5	1	1	3	5.84300e+00	-2.30730e+00	3.11320e+00
7	0	6	1	1	3	1.41330e+01	-5.81170e+00	5.32680e+00
7	0	7	1	1	3	7.84850e+01	-2.02870e+01	1.69500e+01
7	0	8	1	1	3	2.20240e+02	-3.62440e+01	3.60080e+01
7	0	9	1	1	3	5.84300e+00	-2.30730e+00	3.11320e+00
7	0	10	1	1	3	5.84300e+00	-2.30730e+00	3.11320e+00
7	0	11	1	1	3	5.84300e+00	-2.30730e+00	3.11320e+00
7	0	12	1	1	3	5.84300e+00	-2.30730e+00	3.11320e+00
7	0	13	1	1	3	5.84300e+00	-2.30730e+00	3.11320e+00
7	0	14	1	1	3	5.84300e+00	-2.30730e+00	3.11320e+00
7	0	15	1	1	3	5.84300e+00	-2.30730e+00	3.11320e+00
7	0	16	1	1	3	5.84300e+00	-2.30730e+00	3.11320e+00
7	0	17	1	1	3	5.84300e+00	-2.30730e+00	3.11320e+00
7	0	18	1	1	3	5.84300e+00	-2.30730e+00	3.11320e+00
7	0	19	1	1	3	6.18741e-01	1.99860e-03	4.90831e-01
7	0	20	1	1	3	5.75901e-01	1.04210e-03	4.72509e-01
7	0	21	1	1	3	9.41046e-01	1.99890e-03	7.79357e-01
7	0	22	1	1	3	4.84266e-01	-1.95590e-03	3.99786e-01
7	0	23	1	1	3	8.97714e-01	1.99860e-03	7.56300e-01
#######################################################################
# BFT U                                                               #
#######################################################################
110	0	0	0	2	3	2.63495e-03	-4.87271e-01	1.37656e+01
110	0	1	0	2	3	8.76417e-04	-3.24100e-01	1.01616e+01
110	0	2	0	2	3	4.79345e-03	-6.33329e-01	1.58710e+01
110	0	3	0	2	3	4.19952e-03	-5.92327e-01	1.42833e+01
110	0	4	0	2	3	3.79557e-03	-5.58114e-01	1.48586e+01
110	0	5	0	2	3	2.78234e-03	-4.71391e-01	1.35052e+01
110	0	6	0	2	3	3.80061e-03	-5.61326e-01	1.42534e+01
110	0	7	0	2	3	5.19606e-03	-6.49691e-01	1.64606e+01
110	0	8	0	2	3	3.25842e-03	-5.24333e-01	1.38357e+01
110	0	9	0	2	3	2.03408e-03	-4.21024e-01	1.32325e+01
110	0	10	0	2	3	4.59478e-03	-6.14355e-01	1.44974e+01
110	0	11	0	2	3	3.96600e-03	-5.60358e-01	1.57087e+01
110	0	12	0	2	3	3.21257e-03	-5.22671e-01	1.33450e+01
110	0	13	0	2	3	3.52764e-03	-5.38270e-01	1.54534e+01
110	0	14	0	2	3	3.66152e-03	-5.55318e-01	1.37840e+01
110	0	15	0	2	3	4.25439e-03	-5.91035e-01	1.64134e+01
110	0	16	0	2	3	3.68416e-03	-5.45714e-01	1.33398e+01
110	0	17	0	2	3	3.75527e-03	-5.44993e-01	1.50087e+01
110	0	18	0	2	3	4.44258e-03	-6.04366e-01	1.43548e+01
110	0	19	0	2	3	4.17176e-03	-5.86558e-01	1.39374e+01
110	0	20	0	2	3	3.71200e-03	-5.47105e-01	1.38346e+01
110	0	21	0	2	3	3.85789e-03	-5.56541e-01	1.65945e+01
110	0	22	0	2	3	3.85775e-03	-5.66902e-01	1.42337e+01
110	0	23	0	2	3	4.60104e-03	-6.08670e-01	1.62768e+01
110	0	24	0	2	3	4.34771e-03	-5.97842e-01	1.51419e+01
110	0	25	0	2	3	4.18934e-03	-5.71869e-01	1.60028e+01
110	0	26	0	2	3	4.28837e-03	-5.97267e-01	1.57591e+01
110	0	27	0	2	3	4.44736e-03	-5.88586e-01	1.56434e+01
110	0	28	0	2	3	3.57785e-03	-5.42806e-01	1.23081e+01
110	0	29	0	2	3	4.70038e-03	-6.07240e-01	1.55682e+01
110	0	30	0	2	3	4.11174e-03	-5.89478e-01	1.45610e+01
110	0	31	0	2	3	4.14111e-03	-5.80476e-01	1.57731e+01
110	0	32	0	2	3	3.85656e-03	-5.68001e-01	1.43888e+01
110	0	33	0	2	3	4.49549e-03	-5.81749e-01	1.38832e+01
110	0	34	0	2	3	4.06616e-03	-5.77321e-01	1.42256e+01
110	0	35	0	2	3	4.69637e-03	-6.26610e-01	1.66292e+01
110	0	36	0	2	3	3.96195e-03	-5.58451e-01	1.36809e+01
110	0	37	0	2	3	4.41041e-03	-5.99813e-01	1.69862e+01
110	0	38	0	2	3	4.07062e-03	-5.73167e-01	1.35408e+01
110	0	39	0	2	3	4.43607e-03	-6.01934e-01	1.58182e+01
110	0	40	0	2	3	3.84771e-03	-5.55343e-01	1.36077e+01
110	0	41	0	2	3	4.26280e-03	-5.84728e-01	1.65324e+01
110	0	42	0	2	3	4.34898e-03	-5.90664e-01	1.47591e+01
110	0	43	0	2	3	4.47893e-03	-6.15358e-01	1.68709e+01
110	0	44	0	2	3	3.90820e-03	-5.67190e-01	1.40251e+01
110	0	45	0	2	3	4.24706e-03	-5.80071e-01	1.59455e+01
110	0	46	0	2	3	4.38690e-03	-6.09943e-01	1.50299e+01
110	0	47	0	2	3	5.09021e-03	-6.58268e-01	1.86501e+01
110	0	48	0	2	3	3.80956e-03	-5.53616e-01	1.26872e+01
110	0	49	0	2	3	4.25497e-03	-5.84891e-01	1.65403e+01
110	0	50	0	2	3	4.64258e-03	-6.16390e-01	1.52227e+01
110	0	51	0	2	3	4.63156e-03	-6.11349e-01	1.58631e+01
110	0	52	0	2	3	3.71373e-03	-5.45857e-01	1.31140e+01
110	0	53	0	2	3	4.32024e-03	-5.84362e-01	1.52270e+01
110	0	54	0	2	3	4.56120e-03	-6.14833e-01	1.48780e+01
110	0	55	0	2	3	4.63895e-03	-6.16052e-01	1.69266e+01
110	0	56	0	2	3	4.01898e-03	-5.83162e-01	1.52864e+01
110	0	57	0	2	3	4.30901e-03	-5.88819e-01	1.60301e+01
110	0	58	0	2	3	4.23733e-03	-5.92769e-01	1.55332e+01
110	0	59	0	2	3	4.65711e-03	-6.34448e-01	1.73536e+01
110	0	60	0	2	3	3.97227e-03	-5.75818e-01	1.38158e+01
110	0	61	0	2	3	3.67564e-03	-5.41982e-01	1.48859e+01
110	0	62	0	2	3	4.50867e-03	-6.08470e-01	1.46060e+01
110	0	63	0	2	3	4.15117e-03	-5.80174e-01	1.45134e+01
110	0	64	0	2	3	3.84546e-03	-5.68701e-01	1.43509e+01
110	0	65	0	2	3	4.07324e-03	-5.74674e-01	1.54567e+01
110	0	66	0	2	3	4.77874e-03	-6.46699e-01	1.70100e+01
110	0	67	0	2	3	3.78601e-03	-5.59412e-01	1.54345e+01
110	0	68	0	2	3	4.05515e-03	-5.90271e-01	1.52522e+01
110	0	69	0	2	3	4.04796e-03	-5.70569e-01	1.49040e+01
110	0	70	0	2	3	4.60964e-03	-6.38632e-01	1.51604e+01
110	0	71	0	2	3	4.40884e-03	-6.05235e-01	1.59911e+01
110	0	72	0	2	3	3.87990e-03	-5.73698e-01	1.37478e+01
110	0	73	0	2	3	4.48623e-03	-6.08878e-01	1.54139e+01
110	0	74	0	2	3	4.37342e-03	-6.17177e-01	1.56700e+01
110	0	75	0	2	3	4.35693e-03	-5.95250e-01	1.54073e+01
110	0	76	0	2	3	3.67546e-03	-5.54086e-01	1.34716e+01
110	0	77	0	2	3	3.94563e-03	-5.69241e-01	1.53237e+01
110	0	78	0	2	3	4.67292e-03	-6.36154e-01	1.53054e+01
110	0	79	0	2	3	4.13654e-03	-5.80964e-01	1.51270e+01
110	0	80	0	2	3	4.31047e-03	-5.99028e-01	1.53105e+01
110	0	81	0	2	3	4.23785e-03	-5.79647e-01	1.50607e+01
110	0	82	0	2	3	4.16403e-03	-5.86534e-01	1.46094e+01
110	0	83	0	2	3	4.59789e-03	-6.18938e-01	1.57320e+01
110	0	84	0	2	3	3.94804e-03	-5.75933e-01	1.44283e+01
110	0	85	0	2	3	3.99605e-03	-5.69862e-01	1.53042e+01
110	0	86	0	2	3	4.55526e-03	-6.30019e-01	1.51843e+01
110	0	87	0	2	3	4.19240e-03	-5.94022e-01	1.60232e+01
110	0	88	0	2	3	3.73359e-03	-5.52038e-01	1.42357e+01
110	0	89	0	2	3	4.12518e-03	-5.82362e-01	1.51248e+01
110	0	90	0	2	3	4.23115e-03	-5.95734e-01	1.42375e+01
110	0	91	0	2	3	4.66639e-03	-6.28339e-01	1.55351e+01
110	0	92	0	2	3	3.94162e-03	-5.84693e-01	1.49458e+01
110	0	93	0	2	3	3.82562e-03	-5.57087e-01	1.43590e+01
110	0	94	0	2	3	4.28047e-03	-6.20145e-01	1.66146e+01
110	0	95	0	2	3	4.56659e-03	-6.17582e-01	1.61138e+01
110	0	96	0	2	3	4.08510e-03	-5.93870e-01	1.47100e+01
110	0	97	0	2	3	4.11671e-03	-5.83270e-01	1.56834e+01
110	0	98	0	2	3	4.17763e-03	-6.06336e-01	1.49941e+01
110	0	99	0	2	3	4.49259e-03	-6.08476e-01	1.57941e+01
110	0	100	0	2	3	3.88898e-03	-5.76283e-01	1.49412e+01
110	0	101	0	2	3	3.95841e-03	-5.70391e-01	1.53217e+01
110	0	102	0	2	3	4.73886e-03	-6.36653e-01	1.61846e+01
110	0	103	0	2	3	4.65718e-03	-6.25318e-01	1.59065e+01
110	0	104	0	2	3	3.96625e-03	-5.78407e-01	1.40235e+01
110	0	105	0	2	3	4.21173e-03	-5.87999e-01	1.50861e+01
110	0	106	0	2	3	4.72950e-03	-6.36207e-01	1.61547e+01
110	0	107	0	2	3	4.94130e-03	-6.38309e-01	1.54418e+01
110	0	108	0	2	3	3.94026e-03	-5.79311e-01	1.49015e+01
110	0	109	0	2	3	3.94516e-03	-5.73003e-01	1.47751e+01
110	0	110	0	2	3	3.97492e-03	-5.83977e-01	1.50098e+01
110	0	111	0	2	3	5.78064e-03	-7.12634e-01	1.73923e+01
110	0	112	0	2	3	4.02499e-03	-5.74501e-01	1.34755e+01
110	0	113	0	2	3	4.17647e-03	-5.81696e-01	1.47783e+01
110	0	114	0	2	3	4.48448e-03	-6.15330e-01	1.55820e+01
110	0	115	0	2	3	5.08395e-03	-6.53091e-01	1.61384e+01
110	0	116	0	2	3	3.89504e-03	-5.75709e-01	1.44645e+01
110	0	117	0	2	3	4.49156e-03	-6.18027e-01	1.66477e+01
110	0	118	0	2	3	4.79021e-03	-6.44289e-01	1.64083e+01
110	0	119	0	2	3	4.89622e-03	-6.33438e-01	1.48199e+01
110	0	120	0	2	3	4.45102e-03	-6.27614e-01	1.56575e+01
110	0	121	0	2	3	4.28082e-03	-5.87674e-01	1.35409e+01
110	0	122	0	2	3	4.25244e-03	-6.07104e-01	1.63618e+01
110	0	123	0	2	3	4.73697e-03	-6.32503e-01	1.61362e+01
110	0	124	0	2	3	1.60364e-03	-3.94676e-01	1.16686e+01
110	0	125	0	2	3	3.86387e-03	-5.52441e-01	1.23265e+01
110	0	126	0	2	3	5.28395e-03	-6.69272e-01	1.61019e+01
110	0	127	0	2	3	4.90926e-03	-6.36869e-01	1.58120e+01
110	0	128	0	2	3	3.11891e-03	-5.54825e-01	1.56025e+01
110	0	129	0	2	3	3.60184e-03	-5.71196e-01	1.53024e+01
110	0	130	0	2	3	3.45103e-03	-5.78328e-01	1.60263e+01
110	0	131	0	2	3	5.37505e-03	-6.68284e-01	1.66478e+01
110	0	132	0	2	3	3.87250e-03	-5.94093e-01	1.64495e+01
110	0	133	0	2	3	3.78903e-03	-5.65331e-01	1.51581e+01
110	0	134	0	2	3	2.17033e-03	-4.74066e-01	1.38381e+01
110	0	135	0	2	3	3.32606e-03	-5.44055e-01	1.42793e+01
110	0	136	0	2	3	4.92969e-03	-6.46564e-01	1.57851e+01
110	0	137	0	2	3	4.49588e-03	-6.37435e-01	1.70807e+01
110	0	138	0	2	3	1.89230e-03	-4.44413e-01	1.33784e+01
110	0	139	0	2	3	4.01568e-03	-6.01493e-01	1.49245e+01
110	0	140	0	2	3	4.07093e-03	-5.99591e-01	1.64029e+01
110	0	141	0	2	3	2.62521e-03	-5.03424e-01	1.35603e+01
110	0	142	0	2	3	2.05368e-03	-4.47472e-01	1.28352e+01
110	0	143	0	2	3	-9.98154e-03	4.67804e-01	-4.58463e+00
110	0	144	0	2	3	4.68108e-05	-2.93228e-01	9.22899e+00
110	0	145	0	2	3	6.46502e-03	-7.50654e-01	1.71541e+01
110	0	146	0	2	3	-8.21767e-04	-2.24777e-01	8.65129e+00
110	0	147	0	2	3	-2.25983e-03	-1.28487e-01	7.51844e+00
110	0	148	0	2	3	-3.85885e-03	-1.95854e-03	4.08441e+00
110	0	149	0	2	3	4.82640e-03	-6.33383e-01	1.61595e+01
110	0	150	0	2	3	5.16671e-03	-6.75446e-01	1.74019e+01
110	0	151	0	2	3	-5.41953e-03	1.18290e-01	2.46680e+00
110	0	152	0	2	3	-1.11890e-02	5.40813e-01	-4.43853e+00
110	0	153	0	2	3	2.26421e-03	-4.79864e-01	1.42128e+01
110	0	154	0	2	3	4.79049e-03	-6.44515e-01	1.60054e+01
110	0	155	0	2	3	2.51102e-03	-4.76880e-01	1.19463e+01
110	0	156	0	2	3	4.46349e-03	-6.32943e-01	1.65895e+01
110	0	157	0	2	3	5.93847e-03	-7.60625e-01	1.96210e+01
110	0	158	0	2	3	-8.69410e-03	3.57181e-01	-2.17895e+00
110	0	159	0	2	3	-2.57802e-04	-2.73327e-01	9.57269e+00
#######################################################################
# BFT D                                                               #
#######################################################################
110	1	0	0	2	3	1.73301e-03	-4.18643e-01	1.39497e+01
110	1	1	0	2	3	1.94514e-03	-4.21183e-01	1.32094e+01
110	1	2	0	2	3	3.19595e-03	-5.30319e-01	1.50428e+01
110	1	3	0	2	3	3.08008e-03	-5.07305e-01	1.52863e+01
110	1	4	0	2	3	4.20226e-03	-5.97612e-01	1.61129e+01
110	1	5	0	2	3	3.67652e-03	-5.60240e-01	1.65108e+01
110	1	6	0	2	3	3.94115e-03	-5.78020e-01	1.45566e+01
110	1	7	0	2	3	3.73989e-03	-5.52384e-01	1.55956e+01
110	1	8	0	2	3	3.52188e-03	-5.51814e-01	1.56538e+01
110	1	9	0	2	3	2.44545e-03	-4.75020e-01	1.59480e+01
110	1	10	0	2	3	4.15314e-03	-5.90475e-01	1.60098e+01
110	1	11	0	2	3	3.82995e-03	-5.69104e-01	1.58882e+01
110	1	12	0	2	3	2.87323e-03	-5.02222e-01	1.38270e+01
110	1	13	0	2	3	3.55269e-03	-5.48574e-01	1.62721e+01
110	1	14	0	2	3	4.12973e-03	-5.96002e-01	1.52834e+01
110	1	15	0	2	3	3.79023e-03	-5.63327e-01	1.64183e+01
110	1	16	0	2	3	3.78826e-03	-5.70526e-01	1.51625e+01
110	1	17	0	2	3	3.34673e-03	-5.24456e-01	1.48179e+01
110	1	18	0	2	3	3.48713e-03	-5.51623e-01	1.43216e+01
110	1	19	0	2	3	4.03272e-03	-5.80952e-01	1.63270e+01
110	1	20	0	2	3	3.47076e-03	-5.49289e-01	1.50991e+01
110	1	21	0	2	3	3.26601e-03	-5.28355e-01	1.63911e+01
110	1	22	0	2	3	3.64089e-03	-5.55601e-01	1.48194e+01
110	1	23	0	2	3	4.23298e-03	-5.82777e-01	1.63369e+01
110	1	24	0	2	3	4.14615e-03	-5.93547e-01	1.64121e+01
110	1	25	0	2	3	4.22497e-03	-5.90468e-01	1.67727e+01
110	1	26	0	2	3	4.71312e-03	-6.34693e-01	1.60250e+01
110	1	27	0	2	3	3.85143e-03	-5.64233e-01	1.70024e+01
110	1	28	0	2	3	3.58923e-03	-5.56206e-01	1.56842e+01
110	1	29	0	2	3	3.51380e-03	-5.41064e-01	1.60691e+01
110	1	30	0	2	3	3.81471e-03	-5.72489e-01	1.52530e+01
110	1	31	0	2	3	3.94394e-03	-5.79931e-01	1.69519e+01
110	1	32	0	2	3	4.03813e-03	-5.88323e-01	1.67399e+01
110	1	33	0	2	3	3.29765e-03	-5.34988e-01	1.49932e+01
110	1	34	0	2	3	4.06433e-03	-5.79586e-01	1.47943e+01
110	1	35	0	2	3	4.47909e-03	-6.22021e-01	1.77026e+01
110	1	36	0	2	3	3.97738e-03	-5.75130e-01	1.59738e+01
110	1	37	0	2	3	3.36270e-03	-5.29355e-01	1.40343e+01
110	1	38	0	2	3	4.36001e-03	-6.07216e-01	1.67882e+01
110	1	39	0	2	3	4.29094e-03	-5.90970e-01	1.60316e+01
110	1	40	0	2	3	4.15291e-03	-5.86020e-01	1.50243e+01
110	1	41	0	2	3	3.71624e-03	-5.51219e-01	1.57860e+01
110	1	42	0	2	3	3.81903e-03	-5.56917e-01	1.49478e+01
110	1	43	0	2	3	4.22434e-03	-5.91433e-01	1.73121e+01
110	1	44	0	2	3	3.87487e-03	-5.72920e-01	1.49612e+01
110	1	45	0	2	3	4.04510e-03	-5.78907e-01	1.65360e+01
110	1	46	0	2	3	4.12175e-03	-5.93517e-01	1.53288e+01
110	1	47	0	2	3	4.40064e-03	-6.22521e-01	1.82896e+01
110	1	48	0	2	3	3.84789e-03	-5.65734e-01	1.54504e+01
110	1	49	0	2	3	3.55258e-03	-5.39521e-01	1.60582e+01
110	1	50	0	2	3	4.26257e-03	-5.98313e-01	1.50185e+01
110	1	51	0	2	3	4.31753e-03	-6.01000e-01	1.68844e+01
110	1	52	0	2	3	3.94876e-03	-5.83972e-01	1.50859e+01
110	1	53	0	2	3	3.72982e-03	-5.58987e-01	1.64463e+01
110	1	54	0	2	3	4.51230e-03	-6.23311e-01	1.67091e+01
110	1	55	0	2	3	3.99201e-03	-5.77985e-01	1.65873e+01
110	1	56	0	2	3	4.04350e-03	-5.97903e-01	1.54549e+01
110	1	57	0	2	3	3.93885e-03	-5.76717e-01	1.63358e+01
110	1	58	0	2	3	4.08078e-03	-6.01676e-01	1.74128e+01
110	1	59	0	2	3	4.49624e-03	-6.25753e-01	1.84990e+01
110	1	60	0	2	3	3.75934e-03	-5.69098e-01	1.56316e+01
110	1	61	0	2	3	4.08391e-03	-5.72515e-01	1.56817e+01
110	1	62	0	2	3	4.18443e-03	-5.92378e-01	1.49053e+01
110	1	63	0	2	3	4.06842e-03	-5.85279e-01	1.67575e+01
110	1	64	0	2	3	4.04266e-03	-5.88357e-01	1.62819e+01
110	1	65	0	2	3	4.19248e-03	-5.93228e-01	1.61898e+01
110	1	66	0	2	3	4.95356e-03	-6.59393e-01	1.62604e+01
110	1	67	0	2	3	4.47012e-03	-6.15815e-01	1.56947e+01
110	1	68	0	2	3	3.41949e-03	-5.33964e-01	1.36969e+01
110	1	69	0	2	3	3.83479e-03	-5.68362e-01	1.58354e+01
110	1	70	0	2	3	4.07881e-03	-5.91794e-01	1.61676e+01
110	1	71	0	2	3	4.28932e-03	-6.08836e-01	1.68048e+01
110	1	72	0	2	3	3.86304e-03	-5.69511e-01	1.52085e+01
110	1	73	0	2	3	4.30692e-03	-6.09736e-01	1.73513e+01
110	1	74	0	2	3	4.31045e-03	-6.03437e-01	1.50017e+01
110	1	75	0	2	3	4.59224e-03	-6.29420e-01	1.65906e+01
110	1	76	0	2	3	3.58865e-03	-5.52009e-01	1.47738e+01
110	1	77	0	2	3	3.94474e-03	-5.82082e-01	1.57651e+01
110	1	78	0	2	3	4.18912e-03	-5.98278e-01	1.49264e+01
110	1	79	0	2	3	4.42288e-03	-6.09904e-01	1.60746e+01
110	1	80	0	2	3	4.00384e-03	-5.78175e-01	1.50648e+01
110	1	81	0	2	3	4.10164e-03	-5.85241e-01	1.49608e+01
110	1	82	0	2	3	4.31000e-03	-6.05681e-01	1.65155e+01
110	1	83	0	2	3	4.49779e-03	-6.03444e-01	1.55051e+01
110	1	84	0	2	3	3.87758e-03	-5.58712e-01	1.41149e+01
110	1	85	0	2	3	3.82372e-03	-5.63830e-01	1.48402e+01
110	1	86	0	2	3	4.13376e-03	-5.94206e-01	1.60773e+01
110	1	87	0	2	3	4.23917e-03	-5.84979e-01	1.38888e+01
110	1	88	0	2	3	3.98811e-03	-5.84975e-01	1.57296e+01
110	1	89	0	2	3	4.12353e-03	-5.90468e-01	1.49716e+01
110	1	90	0	2	3	4.18432e-03	-5.94445e-01	1.49274e+01
110	1	91	0	2	3	4.30335e-03	-5.96288e-01	1.58884e+01
110	1	92	0	2	3	3.55524e-03	-5.45086e-01	1.44974e+01
110	1	93	0	2	3	4.10203e-03	-5.82642e-01	1.53032e+01
110	1	94	0	2	3	4.55985e-03	-6.24852e-01	1.66542e+01
110	1	95	0	2	3	4.24849e-03	-6.03001e-01	1.54605e+01
110	1	96	0	2	3	3.57546e-03	-5.45892e-01	1.41665e+01
110	1	97	0	2	3	4.04411e-03	-5.82550e-01	1.58096e+01
110	1	98	0	2	3	4.52711e-03	-6.36829e-01	1.72190e+01
110	1	99	0	2	3	4.46820e-03	-6.11794e-01	1.56245e+01
110	1	100	0	2	3	3.73689e-03	-5.48803e-01	1.46951e+01
110	1	101	0	2	3	3.83257e-03	-5.62570e-01	1.52423e+01
110	1	102	0	2	3	4.35608e-03	-6.17955e-01	1.60532e+01
110	1	103	0	2	3	4.97088e-03	-6.46287e-01	1.61023e+01
110	1	104	0	2	3	3.92461e-03	-5.73927e-01	1.51723e+01
110	1	105	0	2	3	4.02273e-03	-5.79932e-01	1.53770e+01
110	1	106	0	2	3	4.59368e-03	-6.30521e-01	1.70143e+01
110	1	107	0	2	3	4.88098e-03	-6.39271e-01	1.61207e+01
110	1	108	0	2	3	3.62992e-03	-5.54466e-01	1.55952e+01
110	1	109	0	2	3	3.71752e-03	-5.60014e-01	1.55700e+01
110	1	110	0	2	3	4.36513e-03	-6.12867e-01	1.58963e+01
110	1	111	0	2	3	4.37408e-03	-6.18641e-01	1.72625e+01
110	1	112	0	2	3	3.83260e-03	-5.68372e-01	1.48978e+01
110	1	113	0	2	3	3.43893e-03	-5.40490e-01	1.47865e+01
110	1	114	0	2	3	4.81756e-03	-6.41511e-01	1.59499e+01
110	1	115	0	2	3	4.13884e-03	-5.90666e-01	1.53660e+01
110	1	116	0	2	3	4.11790e-03	-5.91845e-01	1.55180e+01
110	1	117	0	2	3	4.10912e-03	-5.85161e-01	1.54527e+01
110	1	118	0	2	3	4.42177e-03	-6.07939e-01	1.48089e+01
110	1	119	0	2	3	4.74028e-03	-6.29408e-01	1.63428e+01
110	1	120	0	2	3	4.27184e-03	-5.99023e-01	1.53167e+01
110	1	121	0	2	3	4.24710e-03	-5.93291e-01	1.53802e+01
110	1	122	0	2	3	4.37593e-03	-6.20241e-01	1.71841e+01
110	1	123	0	2	3	4.20665e-03	-6.10108e-01	1.74623e+01
110	1	124	0	2	3	3.95438e-03	-5.67288e-01	1.42888e+01
110	1	125	0	2	3	3.37485e-03	-5.37089e-01	1.48041e+01
110	1	126	0	2	3	5.34853e-03	-6.78783e-01	1.70880e+01
110	1	127	0	2	3	4.58856e-03	-6.14122e-01	1.57671e+01
110	1	128	0	2	3	3.98833e-03	-6.12312e-01	1.67879e+01
110	1	129	0	2	3	4.91708e-03	-6.66888e-01	1.74971e+01
110	1	130	0	2	3	5.53042e-03	-7.03821e-01	1.71661e+01
110	1	131	0	2	3	2.82205e-03	-5.01083e-01	1.39840e+01
110	1	132	0	2	3	3.85821e-03	-5.85768e-01	1.61450e+01
110	1	133	0	2	3	3.72651e-03	-5.65360e-01	1.49079e+01
110	1	134	0	2	3	3.12918e-03	-5.41200e-01	1.54522e+01
110	1	135	0	2	3	4.26417e-03	-5.95811e-01	1.56539e+01
110	1	136	0	2	3	4.07177e-03	-5.98462e-01	1.65701e+01
110	1	137	0	2	3	5.22478e-03	-6.78423e-01	1.73749e+01
110	1	138	0	2	3	3.03237e-03	-5.16918e-01	1.41900e+01
110	1	139	0	2	3	2.86366e-03	-5.10363e-01	1.46449e+01
110	1	140	0	2	3	2.77883e-03	-5.18471e-01	1.44608e+01
110	1	141	0	2	3	3.14682e-03	-5.21562e-01	1.39756e+01
110	1	142	0	2	3	3.61100e-03	-5.53514e-01	1.43719e+01
110	1	143	0	2	3	4.82127e-03	-6.48505e-01	1.71394e+01
110	1	144	0	2	3	-6.11392e-04	-2.59450e-01	1.08297e+01
110	1	145	0	2	3	2.89325e-03	-5.06893e-01	1.41431e+01
110	1	146	0	2	3	-5.01069e-03	8.55401e-02	2.91843e+00
110	1	147	0	2	3	3.61178e-03	-5.54550e-01	1.40867e+01
110	1	148	0	2	3	3.90978e-03	-5.85831e-01	1.49395e+01
110	1	149	0	2	3	3.13291e-03	-5.25950e-01	1.49780e+01
110	1	150	0	2	3	3.75178e-03	-5.83676e-01	1.61344e+01
110	1	151	0	2	3	4.34938e-03	-6.30642e-01	1.65351e+01
110	1	152	0	2	3	-5.57432e-03	1.30779e-01	3.24419e+00
110	1	153	0	2	3	-1.29541e-02	6.96713e-01	-7.68651e+00
110	1	154	0	2	3	5.12387e-03	-6.79716e-01	1.77220e+01
110	1	155	0	2	3	4.76951e-04	-3.22982e-01	9.55730e+00
110	1	156	0	2	3	2.41511e-03	-4.70721e-01	1.36785e+01
110	1	157	0	2	3	2.90396e-03	-5.31447e-01	1.57724e+01
110	1	158	0	2	3	-8.04835e-04	-2.21342e-01	9.37554e+00
110	1	159	0	2	3	-5.97903e-03	1.75920e-01	2.31876e+00
