##
#  file: HodoPHCParam_Dummy
#  date: 2016.06.15
#  note: first version
#
#
#######################################################################
# CId	PlId	Seg	UorD	Type	nParam	p0	p1	...
#
#	Type=0 no correction will be performed
#	Type=1 ct=t-p[0]/sqrt(a-p[1])+p[2]
#	Type=2 ct=p[0]*a*a + p[1]*a + p[2] for Fiber
#
#######################################################################
# BH1 Up                                                              #
#######################################################################
1	0	0	0	1	3	5.08705e+00	-1.98362e+00	2.93454e+00
1	0	1	0	1	3	6.69706e-01	2.91546e-01	8.10244e-01
1	0	2	0	1	3	5.01779e-01	3.94271e-01	6.64278e-01
1	0	3	0	1	3	7.45330e-01	1.66754e-01	8.56036e-01
1	0	4	0	1	3	8.52890e-01	8.60054e-02	9.27134e-01
1	0	5	0	1	3	1.69981e+00	-1.50393e-01	1.62794e+00
1	0	6	0	1	3	1.58582e+00	-2.35346e-01	1.46587e+00
1	0	7	0	1	3	1.61970e+00	-1.46184e-01	1.54504e+00
1	0	8	0	1	3	1.37546e+00	-2.52696e-01	1.28233e+00
1	0	9	0	1	3	1.74814e+00	-2.76223e-01	1.64100e+00
1	0	10	0	1	3	1.60339e+01	-4.62629e+00	6.81205e+00
#######################################################################
# BH1 Down                                                            #
#######################################################################
1	0	0	1	1	3	1.33519e+00	-9.13138e-02	1.27257e+00
1	0	1	1	1	3	6.24909e-01	2.88647e-01	7.65429e-01
1	0	2	1	1	3	6.68954e-01	2.21542e-01	7.45264e-01
1	0	3	1	1	3	1.32364e+00	-4.57464e-01	1.08318e+00
1	0	4	1	1	3	1.18002e+00	-7.91080e-02	1.17008e+00
1	0	5	1	1	3	2.07299e+00	-4.79828e-01	1.70935e+00
1	0	6	1	1	3	1.96000e+00	-5.20196e-01	1.63958e+00
1	0	7	1	1	3	1.89852e+00	-4.50289e-01	1.60743e+00
1	0	8	1	1	3	1.02469e+00	-6.73213e-02	1.04734e+00
1	0	9	1	1	3	1.64894e+00	-1.85977e-01	1.61292e+00
1	0	10	1	1	3	7.15603e-01	2.22738e-01	8.54972e-01
#######################################################################
# BH2 Up                                                              #
#######################################################################
2	0	0	0	1	3	1.43047e-01	2.98695e-01	2.00085e-01
2	0	1	0	1	3	8.79554e-01	-2.31747e-01	7.85839e-01
2	0	2	0	1	3	5.94572e-01	-4.97541e-01	4.68956e-01
2	0	3	0	1	3	1.91725e-01	3.94747e-02	1.91115e-01
2	0	4	0	1	3	3.31184e-01	-9.38469e-02	3.15823e-01
2	0	5	0	1	3	1.99769e-01	2.70254e-01	2.37321e-01
2	0	6	0	1	3	2.58948e-01	2.41832e-01	3.10133e-01
2	0	7	0	1	3	3.50426e-01	8.80094e-02	3.70898e-01
#######################################################################
# BH2 Down                                                            #
#######################################################################
2	0	0	1	1	3	3.94607e-01	-1.85207e-01	3.84440e-01
2	0	1	1	1	3	9.92155e-01	-3.85817e-01	8.32122e-01
2	0	2	1	1	3	4.10986e-01	-9.27803e-02	3.90143e-01
2	0	3	1	1	3	1.76416e-01	4.84160e-02	1.75490e-01
2	0	4	1	1	3	2.42956e-01	1.23979e-01	2.64593e-01
2	0	5	1	1	3	3.57967e-01	4.32013e-02	3.63973e-01
2	0	6	1	1	3	1.22093e+00	-6.67168e-01	9.30075e-01
2	0	7	1	1	3	2.92156e-01	-4.36810e-03	2.98702e-01
#######################################################################
# BAC                                                                 #
#######################################################################
3	0	0	0	1	3	0.00000e+00	0.00000e+00	0.00000e+00
3	0	1	0	1	3	0.00000e+00	0.00000e+00	0.00000e+00
#######################################################################
# FBH Up                                                              #
#######################################################################
4	0	0	0	2	3	-5.62952e-03	8.96903e-01	-3.53273e+01
4	0	1	0	2	3	-4.29399e-03	7.37975e-01	-3.00049e+01
4	0	2	0	2	3	-5.26894e-03	8.67305e-01	-3.38992e+01
4	0	3	0	2	3	-3.80183e-03	6.69237e-01	-2.72260e+01
4	0	4	0	2	3	-4.35014e-03	7.35785e-01	-2.92008e+01
4	0	5	0	2	3	-4.02541e-03	6.86907e-01	-2.70312e+01
4	0	6	0	2	3	-4.16660e-03	7.08229e-01	-2.81512e+01
4	0	7	0	2	3	-3.93117e-03	6.84759e-01	-2.69101e+01
4	0	8	0	2	3	-4.14423e-03	6.96902e-01	-2.65883e+01
4	0	9	0	2	3	-2.83372e-03	5.62925e-01	-2.20787e+01
4	0	10	0	2	3	-4.07944e-03	7.09420e-01	-2.75603e+01
4	0	11	0	2	3	-3.50961e-03	6.50113e-01	-2.64167e+01
4	0	12	0	2	3	-3.52415e-03	6.49734e-01	-2.67232e+01
4	0	13	0	2	3	-4.13420e-03	7.26957e-01	-2.99675e+01
4	0	14	0	2	3	-4.90315e-03	8.27563e-01	-3.35630e+01
4	0	15	0	2	3	-4.73048e-03	8.13189e-01	-3.31901e+01
#######################################################################
# FBH Down                                                            #
#######################################################################
4	0	0	1	2	3	-5.62952e-03	8.96903e-01	-3.53273e+01
4	0	1	1	2	3	-4.29399e-03	7.37975e-01	-3.00049e+01
4	0	2	1	2	3	-5.26894e-03	8.67305e-01	-3.38992e+01
4	0	3	1	2	3	-3.80183e-03	6.69237e-01	-2.72260e+01
4	0	4	1	2	3	-4.35014e-03	7.35785e-01	-2.92008e+01
4	0	5	1	2	3	-4.02541e-03	6.86907e-01	-2.70312e+01
4	0	6	1	2	3	-4.16660e-03	7.08229e-01	-2.81512e+01
4	0	7	1	2	3	-3.93117e-03	6.84759e-01	-2.69101e+01
4	0	8	1	2	3	-4.14423e-03	6.96902e-01	-2.65883e+01
4	0	9	1	2	3	-2.83372e-03	5.62925e-01	-2.20787e+01
4	0	10	1	2	3	-4.07944e-03	7.09420e-01	-2.75603e+01
4	0	11	1	2	3	-3.50961e-03	6.50113e-01	-2.64167e+01
4	0	12	1	2	3	-3.52415e-03	6.49734e-01	-2.67232e+01
4	0	13	1	2	3	-4.13420e-03	7.26957e-01	-2.99675e+01
4	0	14	1	2	3	-4.90315e-03	8.27563e-01	-3.35630e+01
4	0	15	1	2	3	-4.73048e-03	8.13189e-01	-3.31901e+01
#######################################################################
# PVAC                                                                #
#######################################################################
5	0	0	0	1	3	0.00000e+00	0.00000e+00	0.00000e+00
#######################################################################
# FAC                                                                 #
#######################################################################
6	0	0	0	1	3	0.00000e+00	0.00000e+00	0.00000e+00
#######################################################################
# SCH                                                                 #
#######################################################################
#7	0	0	0	2	3	-0.00500000	0.821213	-32.185321
#7	0	1	0	2	3	-0.00500000	0.830248	-32.269563
#7	0	2	0	2	3	-0.00500000	0.793073	-29.315934
#7	0	3	0	2	3	-0.00500000	0.772144	-28.276705
#7	0	4	0	2	3	-0.00500000	0.801968	-30.687167
#7	0	5	0	2	3	-0.00500000	0.778300	-28.439251
#7	0	6	0	2	3	-0.00500000	0.765872	-27.918181
#7	0	7	0	2	3	-0.00500000	0.738459	-26.016797
#7	0	8	0	2	3	-0.00500000	0.778318	-28.676371
#7	0	9	0	2	3	-0.00500000	0.776670	-28.892887
#7	0	10	0	2	3	-0.00500000	0.764278	-28.122474
#7	0	11	0	2	3	-0.00500000	0.790742	-29.423647
#7	0	12	0	2	3	-0.00500000	0.811330	-30.487019
#7	0	13	0	2	3	-0.00500000	0.818750	-30.891512
#7	0	14	0	2	3	-0.00500000	0.802541	-30.009136
#7	0	15	0	2	3	-0.00500000	0.809525	-30.751746
#7	0	16	0	2	3	-0.00500000	0.802597	-30.845509
#7	0	17	0	2	3	-0.00500000	0.835028	-32.780792
#7	0	18	0	2	3	-0.00500000	0.859176	-33.938731
#7	0	19	0	2	3	-0.00500000	0.814851	-31.445396
#7	0	20	0	2	3	-0.00500000	0.809426	-30.781087
#7	0	21	0	2	3	-0.00500000	0.780678	-28.888756
#7	0	22	0	2	3	-0.00500000	0.808206	-30.719604
#7	0	23	0	2	3	-0.00500000	0.774024	-27.858339
#7	0	24	0	2	3	-0.00500000	0.794308	-29.022101
#7	0	25	0	2	3	-0.00500000	0.775649	-27.980186
#7	0	26	0	2	3	-0.00500000	0.788483	-28.687567
#7	0	27	0	2	3	-0.00466315	0.771386	-29.253260
#7	0	28	0	2	3	-0.00483132	0.790854	-28.637741
#7	0	29	0	2	3	-0.00497049	0.812994	-30.786914
#7	0	30	0	2	3	-0.00500000	0.787793	-28.362716
#7	0	31	0	2	3	-0.00500000	0.790759	-28.876812
#7	0	32	0	2	3	-0.00500000	0.824826	-31.655285
#7	0	33	0	2	3	-0.00500000	0.845304	-33.407765
#7	0	34	0	2	3	-0.00500000	0.832263	-32.939799
#7	0	35	0	2	3	-0.00500000	0.820631	-31.695372
#7	0	36	0	2	3	-0.00500000	0.836997	-33.200590
#7	0	37	0	2	3	-0.00500000	0.819690	-32.097193
#7	0	38	0	2	3	-0.00500000	0.808109	-31.263214
#7	0	39	0	2	3	-0.00500000	0.815224	-31.135523
#7	0	40	0	2	3	-0.00500000	0.803398	-29.897923
#7	0	41	0	2	3	-0.00500000	0.815685	-31.165519
#7	0	42	0	2	3	-0.00500000	0.812980	-30.737261
#7	0	43	0	2	3	-0.00500000	0.829418	-32.693307
#7	0	44	0	2	3	-0.00500000	0.789530	-29.464920
#7	0	45	0	2	3	-0.00500000	0.804789	-31.208151
#7	0	46	0	2	3	-0.00500000	0.830106	-32.806514
#7	0	47	0	2	3	-0.00500000	0.819206	-31.373242
#7	0	48	0	2	3	-0.00500000	0.816165	-31.709319
#7	0	49	0	2	3	-0.00500000	0.798496	-30.201709
#7	0	50	0	2	3	-0.00500000	0.812167	-31.795745
#7	0	51	0	2	3	-0.00500000	0.810749	-31.375226
#7	0	52	0	2	3	-0.00500000	0.803385	-31.372512
#7	0	53	0	2	3	-0.00500000	0.777405	-29.262831
#7	0	54	0	2	3	-0.00500000	0.783954	-29.763410
#7	0	55	0	2	3	-0.00500000	0.789443	-29.976449
#7	0	56	0	2	3	-0.00500000	0.838828	-33.261086
#7	0	57	0	2	3	-0.00500000	0.804421	-30.573195
#7	0	58	0	2	3	-0.00500000	0.773283	-29.111048
#7	0	59	0	2	3	-0.00500000	0.811789	-31.449459
#7	0	60	0	2	3	-0.00500000	0.759724	-28.110014
#7	0	61	0	2	3	-0.00500000	0.810884	-31.379063
#7	0	62	0	2	3	-0.00500000	0.771910	-28.435006
#7	0	63	0	2	3	-0.00500000	0.796658	-30.511906
#######################################################################
# TOF Up                                                              #
#######################################################################
7	0	0	0	1	3	5.24830e+00	-1.96630e+00	2.96170e+00
7	0	1	0	1	3	5.24830e+00	-1.96630e+00	2.96170e+00
7	0	2	0	1	3	5.24830e+00	-1.96630e+00	2.96170e+00
7	0	3	0	1	3	5.24830e+00	-1.96630e+00	2.96170e+00
7	0	4	0	1	3	5.24830e+00	-1.96630e+00	2.96170e+00
7	0	5	0	1	3	5.24830e+00	-1.96630e+00	2.96170e+00
7	0	6	0	1	3	6.97090e+00	-3.03520e+00	3.39910e+00
7	0	7	0	1	3	4.05450e+00	-1.96150e+00	2.30360e+00
7	0	8	0	1	3	1.16940e+02	-2.98600e+01	2.09880e+01
7	0	9	0	1	3	5.24830e+00	-1.96630e+00	2.96170e+00
7	0	10	0	1	3	5.24830e+00	-1.96630e+00	2.96170e+00
7	0	11	0	1	3	5.24830e+00	-1.96630e+00	2.96170e+00
7	0	12	0	1	3	5.24830e+00	-1.96630e+00	2.96170e+00
7	0	13	0	1	3	5.24830e+00	-1.96630e+00	2.96170e+00
7	0	14	0	1	3	5.24830e+00	-1.96630e+00	2.96170e+00
7	0	15	0	1	3	5.24830e+00	-1.96630e+00	2.96170e+00
7	0	16	0	1	3	5.24830e+00	-1.96630e+00	2.96170e+00
7	0	17	0	1	3	5.24830e+00	-1.96630e+00	2.96170e+00
7	0	18	0	1	3	5.24830e+00	-1.96630e+00	2.96170e+00
7	0	19	0	1	3	7.11491e-01	1.85180e-03	5.82402e-01
7	0	20	0	1	3	5.59404e-01	-1.73810e-03	4.50716e-01
7	0	21	0	1	3	8.92499e-01	1.99900e-03	7.37364e-01
7	0	22	0	1	3	6.37553e-01	1.99960e-03	5.45449e-01
7	0	23	0	1	3	1.19210e+00	1.98920e-03	9.99994e-01
#######################################################################
# TOF Down                                                            #
#######################################################################
7	0	0	1	1	3	5.84300e+00	-2.30730e+00	3.11320e+00
7	0	1	1	1	3	5.84300e+00	-2.30730e+00	3.11320e+00
7	0	2	1	1	3	5.84300e+00	-2.30730e+00	3.11320e+00
7	0	3	1	1	3	5.84300e+00	-2.30730e+00	3.11320e+00
7	0	4	1	1	3	5.84300e+00	-2.30730e+00	3.11320e+00
7	0	5	1	1	3	5.84300e+00	-2.30730e+00	3.11320e+00
7	0	6	1	1	3	1.41330e+01	-5.81170e+00	5.32680e+00
7	0	7	1	1	3	7.84850e+01	-2.02870e+01	1.69500e+01
7	0	8	1	1	3	2.20240e+02	-3.62440e+01	3.60080e+01
7	0	9	1	1	3	5.84300e+00	-2.30730e+00	3.11320e+00
7	0	10	1	1	3	5.84300e+00	-2.30730e+00	3.11320e+00
7	0	11	1	1	3	5.84300e+00	-2.30730e+00	3.11320e+00
7	0	12	1	1	3	5.84300e+00	-2.30730e+00	3.11320e+00
7	0	13	1	1	3	5.84300e+00	-2.30730e+00	3.11320e+00
7	0	14	1	1	3	5.84300e+00	-2.30730e+00	3.11320e+00
7	0	15	1	1	3	5.84300e+00	-2.30730e+00	3.11320e+00
7	0	16	1	1	3	5.84300e+00	-2.30730e+00	3.11320e+00
7	0	17	1	1	3	5.84300e+00	-2.30730e+00	3.11320e+00
7	0	18	1	1	3	5.84300e+00	-2.30730e+00	3.11320e+00
7	0	19	1	1	3	6.18741e-01	1.99860e-03	4.90831e-01
7	0	20	1	1	3	5.75901e-01	1.04210e-03	4.72509e-01
7	0	21	1	1	3	9.41046e-01	1.99890e-03	7.79357e-01
7	0	22	1	1	3	4.84266e-01	-1.95590e-03	3.99786e-01
7	0	23	1	1	3	8.97714e-01	1.99860e-03	7.56300e-01
#######################################################################
# BFT U                                                               #
#######################################################################
110	0	0	0	2	3	1.45118e-03	-3.78681e-01	1.15032e+01
110	0	1	0	2	3	2.39741e-03	-4.42242e-01	1.25978e+01
110	0	2	0	2	3	3.70028e-03	-5.58169e-01	1.47785e+01
110	0	3	0	2	3	4.30487e-03	-5.96079e-01	1.44846e+01
110	0	4	0	2	3	3.16693e-03	-5.09831e-01	1.41304e+01
110	0	5	0	2	3	4.37153e-03	-5.88668e-01	1.58366e+01
110	0	6	0	2	3	3.32032e-03	-5.33846e-01	1.40779e+01
110	0	7	0	2	3	4.70193e-03	-6.14071e-01	1.60022e+01
110	0	8	0	2	3	4.01557e-03	-5.79254e-01	1.49809e+01
110	0	9	0	2	3	4.24447e-03	-5.83555e-01	1.63538e+01
110	0	10	0	2	3	3.40458e-03	-5.42589e-01	1.36840e+01
110	0	11	0	2	3	3.72149e-03	-5.42844e-01	1.55613e+01
110	0	12	0	2	3	2.97084e-03	-4.97629e-01	1.29393e+01
110	0	13	0	2	3	4.82971e-03	-6.29807e-01	1.71672e+01
110	0	14	0	2	3	3.97517e-03	-5.69381e-01	1.40565e+01
110	0	15	0	2	3	3.78758e-03	-5.56954e-01	1.59921e+01
110	0	16	0	2	3	4.31493e-03	-5.82532e-01	1.40162e+01
110	0	17	0	2	3	3.49124e-03	-5.22702e-01	1.47186e+01
110	0	18	0	2	3	4.64717e-03	-6.23347e-01	1.49174e+01
110	0	19	0	2	3	4.36852e-03	-5.99747e-01	1.43582e+01
110	0	20	0	2	3	3.35263e-03	-5.24959e-01	1.36970e+01
110	0	21	0	2	3	4.13891e-03	-5.79143e-01	1.72323e+01
110	0	22	0	2	3	4.53810e-03	-6.13275e-01	1.51922e+01
110	0	23	0	2	3	5.18345e-03	-6.49860e-01	1.71522e+01
110	0	24	0	2	3	4.24354e-03	-5.85792e-01	1.49898e+01
110	0	25	0	2	3	4.15443e-03	-5.71854e-01	1.62256e+01
110	0	26	0	2	3	4.26994e-03	-5.95851e-01	1.59187e+01
110	0	27	0	2	3	4.21764e-03	-5.73240e-01	1.55668e+01
110	0	28	0	2	3	3.40917e-03	-5.29652e-01	1.22283e+01
110	0	29	0	2	3	4.16275e-03	-5.70886e-01	1.51625e+01
110	0	30	0	2	3	4.41970e-03	-6.07769e-01	1.49854e+01
110	0	31	0	2	3	4.31087e-03	-5.91115e-01	1.61227e+01
110	0	32	0	2	3	4.14232e-03	-5.84785e-01	1.47952e+01
110	0	33	0	2	3	4.63240e-03	-5.86791e-01	1.41065e+01
110	0	34	0	2	3	4.30052e-03	-5.97147e-01	1.48088e+01
110	0	35	0	2	3	4.09070e-03	-5.84439e-01	1.61030e+01
110	0	36	0	2	3	3.85799e-03	-5.52475e-01	1.37863e+01
110	0	37	0	2	3	4.50776e-03	-6.06012e-01	1.72557e+01
110	0	38	0	2	3	4.05674e-03	-5.70037e-01	1.36390e+01
110	0	39	0	2	3	4.37720e-03	-5.96589e-01	1.58803e+01
110	0	40	0	2	3	3.74227e-03	-5.48533e-01	1.36679e+01
110	0	41	0	2	3	4.28092e-03	-5.85195e-01	1.66938e+01
110	0	42	0	2	3	4.27288e-03	-5.87166e-01	1.49037e+01
110	0	43	0	2	3	4.53254e-03	-6.13723e-01	1.68984e+01
110	0	44	0	2	3	3.70966e-03	-5.55384e-01	1.40367e+01
110	0	45	0	2	3	4.42231e-03	-5.90966e-01	1.62832e+01
110	0	46	0	2	3	4.16613e-03	-5.96878e-01	1.50363e+01
110	0	47	0	2	3	4.64428e-03	-6.22543e-01	1.80985e+01
110	0	48	0	2	3	3.78649e-03	-5.51789e-01	1.28397e+01
110	0	49	0	2	3	4.19982e-03	-5.78812e-01	1.65714e+01
110	0	50	0	2	3	4.66929e-03	-6.19680e-01	1.54868e+01
110	0	51	0	2	3	4.76499e-03	-6.19712e-01	1.61682e+01
110	0	52	0	2	3	3.77399e-03	-5.52495e-01	1.34495e+01
110	0	53	0	2	3	4.47128e-03	-5.95778e-01	1.56299e+01
110	0	54	0	2	3	4.24033e-03	-5.90861e-01	1.46119e+01
110	0	55	0	2	3	4.68272e-03	-6.18325e-01	1.71302e+01
110	0	56	0	2	3	3.99683e-03	-5.82017e-01	1.54602e+01
110	0	57	0	2	3	4.49993e-03	-6.01886e-01	1.64348e+01
110	0	58	0	2	3	4.36998e-03	-6.02020e-01	1.58640e+01
110	0	59	0	2	3	4.32973e-03	-6.08336e-01	1.70043e+01
110	0	60	0	2	3	3.86079e-03	-5.69510e-01	1.39205e+01
110	0	61	0	2	3	3.64824e-03	-5.41815e-01	1.51066e+01
110	0	62	0	2	3	4.73547e-03	-6.23621e-01	1.50280e+01
110	0	63	0	2	3	4.22162e-03	-5.86852e-01	1.48466e+01
110	0	64	0	2	3	3.75029e-03	-5.60636e-01	1.43616e+01
110	0	65	0	2	3	3.98291e-03	-5.69566e-01	1.55591e+01
110	0	66	0	2	3	4.74243e-03	-6.41722e-01	1.70605e+01
110	0	67	0	2	3	3.68633e-03	-5.50293e-01	1.54048e+01
110	0	68	0	2	3	3.92714e-03	-5.83134e-01	1.53535e+01
110	0	69	0	2	3	4.00269e-03	-5.67775e-01	1.50442e+01
110	0	70	0	2	3	4.39494e-03	-6.21858e-01	1.50258e+01
110	0	71	0	2	3	4.47248e-03	-6.07640e-01	1.61747e+01
110	0	72	0	2	3	3.74959e-03	-5.66382e-01	1.38531e+01
110	0	73	0	2	3	4.29936e-03	-5.97750e-01	1.54312e+01
110	0	74	0	2	3	4.70518e-03	-6.38394e-01	1.61748e+01
110	0	75	0	2	3	4.47435e-03	-6.03948e-01	1.57380e+01
110	0	76	0	2	3	3.80839e-03	-5.61833e-01	1.37773e+01
110	0	77	0	2	3	3.70535e-03	-5.51608e-01	1.51767e+01
110	0	78	0	2	3	4.62841e-03	-6.31409e-01	1.53768e+01
110	0	79	0	2	3	4.08864e-03	-5.79791e-01	1.53215e+01
110	0	80	0	2	3	4.11184e-03	-5.85293e-01	1.52563e+01
110	0	81	0	2	3	4.00327e-03	-5.64738e-01	1.50101e+01
110	0	82	0	2	3	4.52243e-03	-6.11916e-01	1.52510e+01
110	0	83	0	2	3	4.43554e-03	-6.06375e-01	1.56763e+01
110	0	84	0	2	3	4.12438e-03	-5.82082e-01	1.45902e+01
110	0	85	0	2	3	4.12426e-03	-5.79116e-01	1.56405e+01
110	0	86	0	2	3	4.18406e-03	-6.04112e-01	1.49385e+01
110	0	87	0	2	3	4.15668e-03	-5.92122e-01	1.61736e+01
110	0	88	0	2	3	3.48809e-03	-5.37103e-01	1.42265e+01
110	0	89	0	2	3	4.26172e-03	-5.93752e-01	1.55128e+01
110	0	90	0	2	3	4.21443e-03	-5.94815e-01	1.44072e+01
110	0	91	0	2	3	4.96386e-03	-6.51615e-01	1.61472e+01
110	0	92	0	2	3	3.76936e-03	-5.70015e-01	1.48261e+01
110	0	93	0	2	3	4.13679e-03	-5.81613e-01	1.50227e+01
110	0	94	0	2	3	4.26343e-03	-6.17451e-01	1.67333e+01
110	0	95	0	2	3	4.54176e-03	-6.18591e-01	1.63642e+01
110	0	96	0	2	3	4.10415e-03	-5.93026e-01	1.48487e+01
110	0	97	0	2	3	4.23025e-03	-5.86251e-01	1.58146e+01
110	0	98	0	2	3	4.36835e-03	-6.19867e-01	1.54134e+01
110	0	99	0	2	3	4.45619e-03	-6.03733e-01	1.58197e+01
110	0	100	0	2	3	4.00632e-03	-5.82388e-01	1.52080e+01
110	0	101	0	2	3	3.61329e-03	-5.46114e-01	1.50867e+01
110	0	102	0	2	3	4.49258e-03	-6.20733e-01	1.61326e+01
110	0	103	0	2	3	4.63492e-03	-6.22266e-01	1.59823e+01
110	0	104	0	2	3	4.06708e-03	-5.88919e-01	1.44554e+01
110	0	105	0	2	3	4.11953e-03	-5.80816e-01	1.51256e+01
110	0	106	0	2	3	4.50426e-03	-6.20818e-01	1.60930e+01
110	0	107	0	2	3	4.63082e-03	-6.17668e-01	1.52942e+01
110	0	108	0	2	3	3.57642e-03	-5.54476e-01	1.46799e+01
110	0	109	0	2	3	4.15535e-03	-5.86708e-01	1.51600e+01
110	0	110	0	2	3	4.11180e-03	-5.93107e-01	1.53614e+01
110	0	111	0	2	3	4.95903e-03	-6.51483e-01	1.64548e+01
110	0	112	0	2	3	4.21224e-03	-5.87792e-01	1.38954e+01
110	0	113	0	2	3	4.12152e-03	-5.80565e-01	1.49882e+01
110	0	114	0	2	3	4.63850e-03	-6.35870e-01	1.63283e+01
110	0	115	0	2	3	4.52818e-03	-6.09846e-01	1.54688e+01
110	0	116	0	2	3	4.22041e-03	-5.98395e-01	1.50457e+01
110	0	117	0	2	3	3.86614e-03	-5.63132e-01	1.56544e+01
110	0	118	0	2	3	4.92584e-03	-6.54170e-01	1.67662e+01
110	0	119	0	2	3	5.11835e-03	-6.45209e-01	1.51393e+01
110	0	120	0	2	3	3.86683e-03	-5.78936e-01	1.48819e+01
110	0	121	0	2	3	3.46634e-03	-5.35209e-01	1.28886e+01
110	0	122	0	2	3	5.05124e-03	-6.64067e-01	1.75530e+01
110	0	123	0	2	3	4.87806e-03	-6.36960e-01	1.62888e+01
110	0	124	0	2	3	3.70787e-03	-5.57036e-01	1.49139e+01
110	0	125	0	2	3	4.30040e-03	-5.76000e-01	1.27270e+01
110	0	126	0	2	3	3.66067e-03	-5.46838e-01	1.39887e+01
110	0	127	0	2	3	3.87827e-03	-5.61341e-01	1.46077e+01
110	0	128	0	2	3	3.28669e-03	-5.60791e-01	1.57119e+01
110	0	129	0	2	3	3.18195e-03	-5.50519e-01	1.52876e+01
110	0	130	0	2	3	2.89525e-03	-5.29831e-01	1.51934e+01
110	0	131	0	2	3	5.90258e-03	-7.16262e-01	1.79232e+01
110	0	132	0	2	3	3.79158e-03	-5.82113e-01	1.62033e+01
110	0	133	0	2	3	4.36455e-03	-6.11132e-01	1.61916e+01
110	0	134	0	2	3	3.54567e-03	-5.63778e-01	1.53523e+01
110	0	135	0	2	3	3.09201e-03	-5.34914e-01	1.44138e+01
110	0	136	0	2	3	3.67465e-03	-5.66270e-01	1.47041e+01
110	0	137	0	2	3	4.44964e-03	-6.37769e-01	1.73449e+01
110	0	138	0	2	3	4.31591e-03	-6.24249e-01	1.68200e+01
110	0	139	0	2	3	2.94271e-03	-5.10399e-01	1.32757e+01
110	0	140	0	2	3	8.39107e-04	-3.70383e-01	1.25627e+01
110	0	141	0	2	3	2.02585e-03	-4.50347e-01	1.26332e+01
110	0	142	0	2	3	9.37815e-04	-3.74259e-01	1.19201e+01
110	0	143	0	2	3	-2.65869e-03	-9.40810e-02	6.28402e+00
110	0	144	0	2	3	4.03420e-03	-5.87751e-01	1.47758e+01
110	0	145	0	2	3	4.18637e-03	-5.95341e-01	1.48263e+01
110	0	146	0	2	3	3.98143e-03	-5.89918e-01	1.57184e+01
110	0	147	0	2	3	2.49920e-03	-4.62982e-01	1.34682e+01
110	0	148	0	2	3	5.90117e-03	-7.40001e-01	1.80310e+01
110	0	149	0	2	3	5.36898e-03	-6.83462e-01	1.74788e+01
110	0	150	0	2	3	2.92313e-03	-5.23907e-01	1.50258e+01
110	0	151	0	2	3	5.08587e-03	-6.68597e-01	1.71793e+01
110	0	152	0	2	3	3.40737e-04	-3.22313e-01	1.16138e+01
110	0	153	0	2	3	5.23912e-03	-6.99642e-01	1.82588e+01
110	0	154	0	2	3	2.91151e-03	-5.17494e-01	1.42130e+01
110	0	155	0	2	3	2.41490e-03	-4.74765e-01	1.22656e+01
110	0	156	0	2	3	1.48939e-03	-3.92737e-01	1.21596e+01
110	0	157	0	2	3	-2.97943e-04	-2.61635e-01	9.99240e+00
110	0	158	0	2	3	5.08451e-03	-6.81347e-01	1.72447e+01
110	0	159	0	2	3	4.41325e-03	-6.12469e-01	1.58247e+01
#######################################################################
# BFT D                                                               #
#######################################################################
110	1	0	0	2	3	4.58500e-03	-6.17603e-01	1.75045e+01
110	1	1	0	2	3	8.85467e-04	-3.41524e-01	1.18850e+01
110	1	2	0	2	3	3.17776e-03	-5.27759e-01	1.51290e+01
110	1	3	0	2	3	2.93131e-03	-5.02272e-01	1.54903e+01
110	1	4	0	2	3	2.71340e-03	-4.87927e-01	1.43330e+01
110	1	5	0	2	3	3.79373e-03	-5.66703e-01	1.67780e+01
110	1	6	0	2	3	3.79805e-03	-5.70364e-01	1.46746e+01
110	1	7	0	2	3	3.33706e-03	-5.25476e-01	1.53352e+01
110	1	8	0	2	3	3.47473e-03	-5.40965e-01	1.55141e+01
110	1	9	0	2	3	2.41691e-03	-4.73728e-01	1.61071e+01
110	1	10	0	2	3	3.75166e-03	-5.66279e-01	1.58291e+01
110	1	11	0	2	3	3.90107e-03	-5.68983e-01	1.59396e+01
110	1	12	0	2	3	3.26904e-03	-5.39427e-01	1.47998e+01
110	1	13	0	2	3	3.25492e-03	-5.28041e-01	1.61313e+01
110	1	14	0	2	3	4.05690e-03	-5.93379e-01	1.55028e+01
110	1	15	0	2	3	3.50450e-03	-5.45458e-01	1.63121e+01
110	1	16	0	2	3	3.58308e-03	-5.52553e-01	1.49669e+01
110	1	17	0	2	3	4.26042e-03	-5.88459e-01	1.61011e+01
110	1	18	0	2	3	3.92557e-03	-5.77201e-01	1.48217e+01
110	1	19	0	2	3	3.95912e-03	-5.67895e-01	1.61028e+01
110	1	20	0	2	3	3.59090e-03	-5.59430e-01	1.55083e+01
110	1	21	0	2	3	3.69972e-03	-5.61214e-01	1.71775e+01
110	1	22	0	2	3	3.99699e-03	-5.78014e-01	1.53125e+01
110	1	23	0	2	3	3.72081e-03	-5.50453e-01	1.60498e+01
110	1	24	0	2	3	3.40865e-03	-5.40054e-01	1.56292e+01
110	1	25	0	2	3	2.84347e-03	-4.94705e-01	1.53298e+01
110	1	26	0	2	3	4.24439e-03	-6.06147e-01	1.57742e+01
110	1	27	0	2	3	3.75752e-03	-5.57941e-01	1.70891e+01
110	1	28	0	2	3	3.67652e-03	-5.61918e-01	1.59464e+01
110	1	29	0	2	3	3.42525e-03	-5.36855e-01	1.62312e+01
110	1	30	0	2	3	4.16307e-03	-5.93388e-01	1.57533e+01
110	1	31	0	2	3	4.17722e-03	-5.96254e-01	1.74034e+01
110	1	32	0	2	3	4.06019e-03	-5.88726e-01	1.69113e+01
110	1	33	0	2	3	3.25557e-03	-5.33032e-01	1.51592e+01
110	1	34	0	2	3	4.39271e-03	-6.01109e-01	1.53280e+01
110	1	35	0	2	3	4.52019e-03	-6.23687e-01	1.78895e+01
110	1	36	0	2	3	3.41143e-03	-5.36118e-01	1.54948e+01
110	1	37	0	2	3	3.34130e-03	-5.27294e-01	1.41864e+01
110	1	38	0	2	3	3.89773e-03	-5.72260e-01	1.63194e+01
110	1	39	0	2	3	4.39176e-03	-5.98278e-01	1.63435e+01
110	1	40	0	2	3	4.47653e-03	-6.06822e-01	1.55035e+01
110	1	41	0	2	3	4.04019e-03	-5.74994e-01	1.63779e+01
110	1	42	0	2	3	3.78703e-03	-5.59022e-01	1.52600e+01
110	1	43	0	2	3	3.98735e-03	-5.72122e-01	1.70926e+01
110	1	44	0	2	3	3.69870e-03	-5.60513e-01	1.49193e+01
110	1	45	0	2	3	3.38960e-03	-5.32663e-01	1.58981e+01
110	1	46	0	2	3	3.98152e-03	-5.83352e-01	1.53235e+01
110	1	47	0	2	3	4.44088e-03	-6.25106e-01	1.84976e+01
110	1	48	0	2	3	3.69526e-03	-5.53803e-01	1.54090e+01
110	1	49	0	2	3	3.56885e-03	-5.39907e-01	1.62294e+01
110	1	50	0	2	3	4.11304e-03	-5.89298e-01	1.50721e+01
110	1	51	0	2	3	3.94061e-03	-5.72708e-01	1.65383e+01
110	1	52	0	2	3	4.13207e-03	-5.98607e-01	1.55426e+01
110	1	53	0	2	3	3.60774e-03	-5.44598e-01	1.62627e+01
110	1	54	0	2	3	4.35184e-03	-6.13865e-01	1.67764e+01
110	1	55	0	2	3	4.33239e-03	-6.01982e-01	1.71773e+01
110	1	56	0	2	3	3.85455e-03	-5.84526e-01	1.54039e+01
110	1	57	0	2	3	4.06943e-03	-5.82608e-01	1.65258e+01
110	1	58	0	2	3	4.02542e-03	-5.97966e-01	1.75407e+01
110	1	59	0	2	3	4.64429e-03	-6.36728e-01	1.88666e+01
110	1	60	0	2	3	3.75849e-03	-5.67406e-01	1.57521e+01
110	1	61	0	2	3	4.03947e-03	-5.67811e-01	1.57440e+01
110	1	62	0	2	3	3.87474e-03	-5.73226e-01	1.48020e+01
110	1	63	0	2	3	4.31185e-03	-6.04988e-01	1.73110e+01
110	1	64	0	2	3	4.12511e-03	-5.97345e-01	1.66891e+01
110	1	65	0	2	3	4.09651e-03	-5.85782e-01	1.62220e+01
110	1	66	0	2	3	4.77206e-03	-6.47311e-01	1.62444e+01
110	1	67	0	2	3	4.70012e-03	-6.30095e-01	1.60794e+01
110	1	68	0	2	3	3.49723e-03	-5.40134e-01	1.39940e+01
110	1	69	0	2	3	4.11204e-03	-5.85644e-01	1.62637e+01
110	1	70	0	2	3	4.22770e-03	-6.01455e-01	1.64933e+01
110	1	71	0	2	3	4.24176e-03	-6.06222e-01	1.69729e+01
110	1	72	0	2	3	3.89996e-03	-5.72956e-01	1.54618e+01
110	1	73	0	2	3	4.06557e-03	-5.91182e-01	1.71783e+01
110	1	74	0	2	3	4.06784e-03	-5.87400e-01	1.49202e+01
110	1	75	0	2	3	4.31383e-03	-6.09025e-01	1.64214e+01
110	1	76	0	2	3	3.78519e-03	-5.65485e-01	1.51710e+01
110	1	77	0	2	3	3.96613e-03	-5.85177e-01	1.60312e+01
110	1	78	0	2	3	4.14586e-03	-5.97312e-01	1.51212e+01
110	1	79	0	2	3	4.42337e-03	-6.10191e-01	1.62519e+01
110	1	80	0	2	3	4.06073e-03	-5.82928e-01	1.53434e+01
110	1	81	0	2	3	4.23046e-03	-5.91077e-01	1.51778e+01
110	1	82	0	2	3	4.59101e-03	-6.24479e-01	1.70069e+01
110	1	83	0	2	3	4.31833e-03	-5.90584e-01	1.54494e+01
110	1	84	0	2	3	3.73746e-03	-5.51389e-01	1.42216e+01
110	1	85	0	2	3	4.05324e-03	-5.79233e-01	1.52711e+01
110	1	86	0	2	3	4.07148e-03	-5.89920e-01	1.61940e+01
110	1	87	0	2	3	3.96004e-03	-5.71121e-01	1.39027e+01
110	1	88	0	2	3	3.84884e-03	-5.71712e-01	1.56161e+01
110	1	89	0	2	3	3.79548e-03	-5.69720e-01	1.48552e+01
110	1	90	0	2	3	3.83112e-03	-5.73391e-01	1.48198e+01
110	1	91	0	2	3	4.37506e-03	-6.04608e-01	1.62730e+01
110	1	92	0	2	3	3.56424e-03	-5.43880e-01	1.46356e+01
110	1	93	0	2	3	3.65026e-03	-5.53401e-01	1.50378e+01
110	1	94	0	2	3	4.12771e-03	-5.98271e-01	1.64772e+01
110	1	95	0	2	3	3.99864e-03	-5.83674e-01	1.52794e+01
110	1	96	0	2	3	4.01206e-03	-5.78423e-01	1.49286e+01
110	1	97	0	2	3	3.90062e-03	-5.73578e-01	1.58405e+01
110	1	98	0	2	3	4.33602e-03	-6.22467e-01	1.71584e+01
110	1	99	0	2	3	3.97095e-03	-5.80505e-01	1.53314e+01
110	1	100	0	2	3	3.67198e-03	-5.45953e-01	1.48647e+01
110	1	101	0	2	3	3.75042e-03	-5.56933e-01	1.53401e+01
110	1	102	0	2	3	4.36904e-03	-6.14755e-01	1.61056e+01
110	1	103	0	2	3	4.42814e-03	-6.08905e-01	1.56408e+01
110	1	104	0	2	3	4.36559e-03	-6.05925e-01	1.59494e+01
110	1	105	0	2	3	3.89815e-03	-5.71450e-01	1.54116e+01
110	1	106	0	2	3	4.72515e-03	-6.35593e-01	1.72107e+01
110	1	107	0	2	3	4.45889e-03	-6.11918e-01	1.58617e+01
110	1	108	0	2	3	3.80654e-03	-5.64382e-01	1.59077e+01
110	1	109	0	2	3	3.83366e-03	-5.67668e-01	1.58639e+01
110	1	110	0	2	3	4.50796e-03	-6.24055e-01	1.62825e+01
110	1	111	0	2	3	4.47353e-03	-6.21621e-01	1.73837e+01
110	1	112	0	2	3	3.74369e-03	-5.64905e-01	1.50813e+01
110	1	113	0	2	3	3.99220e-03	-5.77798e-01	1.55705e+01
110	1	114	0	2	3	4.51549e-03	-6.24101e-01	1.58911e+01
110	1	115	0	2	3	4.77516e-03	-6.33690e-01	1.62364e+01
110	1	116	0	2	3	4.14248e-03	-5.94744e-01	1.57840e+01
110	1	117	0	2	3	3.94571e-03	-5.70555e-01	1.53391e+01
110	1	118	0	2	3	4.18310e-03	-5.99554e-01	1.49870e+01
110	1	119	0	2	3	4.25067e-03	-5.96899e-01	1.59900e+01
110	1	120	0	2	3	4.18374e-03	-5.90928e-01	1.52920e+01
110	1	121	0	2	3	3.62525e-03	-5.53375e-01	1.49067e+01
110	1	122	0	2	3	4.80281e-03	-6.53560e-01	1.80369e+01
110	1	123	0	2	3	4.35413e-03	-6.22120e-01	1.78898e+01
110	1	124	0	2	3	4.19054e-03	-5.89316e-01	1.49540e+01
110	1	125	0	2	3	3.31368e-03	-5.36004e-01	1.49891e+01
110	1	126	0	2	3	4.55413e-03	-6.18316e-01	1.61224e+01
110	1	127	0	2	3	3.41042e-03	-5.39757e-01	1.48517e+01
110	1	128	0	2	3	4.21427e-03	-6.23898e-01	1.70819e+01
110	1	129	0	2	3	4.14245e-03	-6.16245e-01	1.68759e+01
110	1	130	0	2	3	4.59695e-03	-6.45185e-01	1.64357e+01
110	1	131	0	2	3	3.56028e-03	-5.58398e-01	1.52401e+01
110	1	132	0	2	3	3.20040e-03	-5.37039e-01	1.54799e+01
110	1	133	0	2	3	5.01302e-03	-6.61957e-01	1.68351e+01
110	1	134	0	2	3	4.12444e-03	-6.11255e-01	1.68210e+01
110	1	135	0	2	3	2.89523e-03	-5.11534e-01	1.46683e+01
110	1	136	0	2	3	5.06873e-03	-6.74468e-01	1.81890e+01
110	1	137	0	2	3	5.03551e-03	-6.63687e-01	1.73233e+01
110	1	138	0	2	3	2.71936e-03	-5.06934e-01	1.43629e+01
110	1	139	0	2	3	4.19072e-03	-6.07099e-01	1.64735e+01
110	1	140	0	2	3	3.63952e-03	-5.68145e-01	1.52626e+01
110	1	141	0	2	3	5.08452e-03	-6.61243e-01	1.66368e+01
110	1	142	0	2	3	2.41907e-03	-4.88072e-01	1.37635e+01
110	1	143	0	2	3	2.87421e-03	-5.03734e-01	1.46525e+01
110	1	144	0	2	3	2.51450e-03	-4.88673e-01	1.50633e+01
110	1	145	0	2	3	5.52481e-03	-6.70466e-01	1.67500e+01
110	1	146	0	2	3	4.53575e-03	-6.33575e-01	1.64774e+01
110	1	147	0	2	3	3.00374e-03	-5.14391e-01	1.36061e+01
110	1	148	0	2	3	7.29162e-03	-8.27060e-01	1.92917e+01
110	1	149	0	2	3	3.17743e-03	-5.22534e-01	1.49421e+01
110	1	150	0	2	3	3.68992e-03	-5.68321e-01	1.58249e+01
110	1	151	0	2	3	4.63994e-03	-6.33642e-01	1.65678e+01
110	1	152	0	2	3	4.55771e-03	-6.24841e-01	1.72214e+01
110	1	153	0	2	3	3.06303e-03	-5.15851e-01	1.52639e+01
110	1	154	0	2	3	3.05569e-03	-5.30839e-01	1.52840e+01
110	1	155	0	2	3	3.71690e-03	-5.64132e-01	1.39701e+01
110	1	156	0	2	3	7.49142e-03	-8.47058e-01	2.06744e+01
110	1	157	0	2	3	-4.24535e-03	-2.76413e-03	6.32746e+00
110	1	158	0	2	3	2.35545e-03	-4.99480e-01	1.54824e+01
110	1	159	0	2	3	3.90109e-03	-5.93474e-01	1.70640e+01
