##
#  file: HodoPHCParam_Dummy
#  date: 2016.06.15
#  note: first version
#
#
#######################################################################
# CId	PlId	Seg	UorD	Type	nParam	p0	p1	...
#
#	Type=0 no correction will be performed
#	Type=1 ct=t-p[0]/sqrt(a-p[1])+p[2]
#	Type=2 ct=p[0]*a*a + p[1]*a + p[2] for Fiber
#
#######################################################################
# BH1 Up                                                              #
#######################################################################
1	0	0	0	1	3	9.72882e+01	-2.42381e+01	1.93388e+01
1	0	1	0	1	3	8.39811e-01	2.30870e-01	9.07677e-01
1	0	2	0	1	3	7.96271e-01	2.02772e-01	8.76313e-01
1	0	3	0	1	3	1.24269e+00	-1.47574e-01	1.19840e+00
1	0	4	0	1	3	1.09931e+00	-7.72769e-02	1.08260e+00
1	0	5	0	1	3	1.05845e+00	1.40683e-01	1.18835e+00
1	0	6	0	1	3	1.24845e+00	-7.32092e-02	1.22011e+00
1	0	7	0	1	3	1.38494e+00	-1.69323e-01	1.29113e+00
1	0	8	0	1	3	1.12943e+00	-1.85789e-01	1.05048e+00
1	0	9	0	1	3	1.39270e+00	-1.82072e-01	1.30041e+00
1	0	10	0	1	3	1.71493e+02	-3.15885e+01	3.00372e+01
#######################################################################
# BH1 Down                                                            #
#######################################################################
1	0	0	1	1	3	1.69589e+00	-2.63702e-01	1.46458e+00
1	0	1	1	1	3	6.65147e-01	3.06785e-01	7.74182e-01
1	0	2	1	1	3	1.69164e+00	-4.50471e-01	1.36238e+00
1	0	3	1	1	3	7.14482e+01	-2.23619e+01	1.47724e+01
1	0	4	1	1	3	1.42431e+00	-1.84323e-01	1.31423e+00
1	0	5	1	1	3	1.48351e+00	-1.17877e-01	1.40777e+00
1	0	6	1	1	3	1.64799e+00	-3.01989e-01	1.48452e+00
1	0	7	1	1	3	1.48685e+00	-1.75507e-01	1.38619e+00
1	0	8	1	1	3	5.71792e-01	2.68423e-01	6.99614e-01
1	0	9	1	1	3	1.07020e+00	4.47097e-02	1.11772e+00
1	0	10	1	1	3	5.19525e-01	3.65790e-01	6.45791e-01
#######################################################################
# BH2 Up                                                              #
#######################################################################
2	0	0	0	1	3	-7.69832e+00	-4.08365e+00	-3.44906e+00
2	0	1	0	1	3	-3.43450e+02	-5.79308e+01	-4.47552e+01
2	0	2	0	1	3	-4.50117e+02	-7.63621e+01	-5.12036e+01
2	0	3	0	1	3	-1.66054e+01	-6.60492e+00	-6.02068e+00
2	0	4	0	1	3	-2.96759e+01	-1.13987e+01	-8.50703e+00
2	0	5	0	1	3	-3.12928e+02	-5.75585e+01	-4.08819e+01
2	0	6	0	1	3	-3.87071e+02	-6.37106e+01	-4.80131e+01
2	0	7	0	1	3	-5.03640e+02	-8.63614e+01	-5.38044e+01
#######################################################################
# BH2 Down                                                            #
#######################################################################
2	0	0	1	1	3	-7.69832e+00	-4.08365e+00	-3.44906e+00
2	0	1	1	1	3	-3.43450e+02	-5.79308e+01	-4.47552e+01
2	0	2	1	1	3	-4.50117e+02	-7.63621e+01	-5.12036e+01
2	0	3	1	1	3	-1.66054e+01	-6.60492e+00	-6.02068e+00
2	0	4	1	1	3	-2.96759e+01	-1.13987e+01	-8.50703e+00
2	0	5	1	1	3	-3.12928e+02	-5.75585e+01	-4.08819e+01
2	0	6	1	1	3	-3.87071e+02	-6.37106e+01	-4.80131e+01
2	0	7	1	1	3	-5.03640e+02	-8.63614e+01	-5.38044e+01
#######################################################################
# BAC                                                                 #
#######################################################################
3	0	0	0	1	3	0.00000e+00	0.00000e+00	0.00000e+00
3	0	1	0	1	3	0.00000e+00	0.00000e+00	0.00000e+00
#######################################################################
# FBH Up                                                              #
#######################################################################
4	0	0	0	2	3	-5.62952e-03	8.96903e-01	-3.53273e+01
4	0	1	0	2	3	-4.29399e-03	7.37975e-01	-3.00049e+01
4	0	2	0	2	3	-5.26894e-03	8.67305e-01	-3.38992e+01
4	0	3	0	2	3	-3.80183e-03	6.69237e-01	-2.72260e+01
4	0	4	0	2	3	-4.35014e-03	7.35785e-01	-2.92008e+01
4	0	5	0	2	3	-4.02541e-03	6.86907e-01	-2.70312e+01
4	0	6	0	2	3	-4.16660e-03	7.08229e-01	-2.81512e+01
4	0	7	0	2	3	-3.93117e-03	6.84759e-01	-2.69101e+01
4	0	8	0	2	3	-4.14423e-03	6.96902e-01	-2.65883e+01
4	0	9	0	2	3	-2.83372e-03	5.62925e-01	-2.20787e+01
4	0	10	0	2	3	-4.07944e-03	7.09420e-01	-2.75603e+01
4	0	11	0	2	3	-3.50961e-03	6.50113e-01	-2.64167e+01
4	0	12	0	2	3	-3.52415e-03	6.49734e-01	-2.67232e+01
4	0	13	0	2	3	-4.13420e-03	7.26957e-01	-2.99675e+01
4	0	14	0	2	3	-4.90315e-03	8.27563e-01	-3.35630e+01
4	0	15	0	2	3	-4.73048e-03	8.13189e-01	-3.31901e+01
#######################################################################
# FBH Down                                                            #
#######################################################################
4	0	0	1	2	3	-5.62952e-03	8.96903e-01	-3.53273e+01
4	0	1	1	2	3	-4.29399e-03	7.37975e-01	-3.00049e+01
4	0	2	1	2	3	-5.26894e-03	8.67305e-01	-3.38992e+01
4	0	3	1	2	3	-3.80183e-03	6.69237e-01	-2.72260e+01
4	0	4	1	2	3	-4.35014e-03	7.35785e-01	-2.92008e+01
4	0	5	1	2	3	-4.02541e-03	6.86907e-01	-2.70312e+01
4	0	6	1	2	3	-4.16660e-03	7.08229e-01	-2.81512e+01
4	0	7	1	2	3	-3.93117e-03	6.84759e-01	-2.69101e+01
4	0	8	1	2	3	-4.14423e-03	6.96902e-01	-2.65883e+01
4	0	9	1	2	3	-2.83372e-03	5.62925e-01	-2.20787e+01
4	0	10	1	2	3	-4.07944e-03	7.09420e-01	-2.75603e+01
4	0	11	1	2	3	-3.50961e-03	6.50113e-01	-2.64167e+01
4	0	12	1	2	3	-3.52415e-03	6.49734e-01	-2.67232e+01
4	0	13	1	2	3	-4.13420e-03	7.26957e-01	-2.99675e+01
4	0	14	1	2	3	-4.90315e-03	8.27563e-01	-3.35630e+01
4	0	15	1	2	3	-4.73048e-03	8.13189e-01	-3.31901e+01
#######################################################################
# PVAC                                                                #
#######################################################################
5	0	0	0	1	3	0.00000e+00	0.00000e+00	0.00000e+00
#######################################################################
# FAC                                                                 #
#######################################################################
6	0	0	0	1	3	0.00000e+00	0.00000e+00	0.00000e+00
#######################################################################
# SCH                                                                 #
#######################################################################
#7	0	0	0	2	3	-0.00500000	0.821213	-32.185321
#7	0	1	0	2	3	-0.00500000	0.830248	-32.269563
#7	0	2	0	2	3	-0.00500000	0.793073	-29.315934
#7	0	3	0	2	3	-0.00500000	0.772144	-28.276705
#7	0	4	0	2	3	-0.00500000	0.801968	-30.687167
#7	0	5	0	2	3	-0.00500000	0.778300	-28.439251
#7	0	6	0	2	3	-0.00500000	0.765872	-27.918181
#7	0	7	0	2	3	-0.00500000	0.738459	-26.016797
#7	0	8	0	2	3	-0.00500000	0.778318	-28.676371
#7	0	9	0	2	3	-0.00500000	0.776670	-28.892887
#7	0	10	0	2	3	-0.00500000	0.764278	-28.122474
#7	0	11	0	2	3	-0.00500000	0.790742	-29.423647
#7	0	12	0	2	3	-0.00500000	0.811330	-30.487019
#7	0	13	0	2	3	-0.00500000	0.818750	-30.891512
#7	0	14	0	2	3	-0.00500000	0.802541	-30.009136
#7	0	15	0	2	3	-0.00500000	0.809525	-30.751746
#7	0	16	0	2	3	-0.00500000	0.802597	-30.845509
#7	0	17	0	2	3	-0.00500000	0.835028	-32.780792
#7	0	18	0	2	3	-0.00500000	0.859176	-33.938731
#7	0	19	0	2	3	-0.00500000	0.814851	-31.445396
#7	0	20	0	2	3	-0.00500000	0.809426	-30.781087
#7	0	21	0	2	3	-0.00500000	0.780678	-28.888756
#7	0	22	0	2	3	-0.00500000	0.808206	-30.719604
#7	0	23	0	2	3	-0.00500000	0.774024	-27.858339
#7	0	24	0	2	3	-0.00500000	0.794308	-29.022101
#7	0	25	0	2	3	-0.00500000	0.775649	-27.980186
#7	0	26	0	2	3	-0.00500000	0.788483	-28.687567
#7	0	27	0	2	3	-0.00466315	0.771386	-29.253260
#7	0	28	0	2	3	-0.00483132	0.790854	-28.637741
#7	0	29	0	2	3	-0.00497049	0.812994	-30.786914
#7	0	30	0	2	3	-0.00500000	0.787793	-28.362716
#7	0	31	0	2	3	-0.00500000	0.790759	-28.876812
#7	0	32	0	2	3	-0.00500000	0.824826	-31.655285
#7	0	33	0	2	3	-0.00500000	0.845304	-33.407765
#7	0	34	0	2	3	-0.00500000	0.832263	-32.939799
#7	0	35	0	2	3	-0.00500000	0.820631	-31.695372
#7	0	36	0	2	3	-0.00500000	0.836997	-33.200590
#7	0	37	0	2	3	-0.00500000	0.819690	-32.097193
#7	0	38	0	2	3	-0.00500000	0.808109	-31.263214
#7	0	39	0	2	3	-0.00500000	0.815224	-31.135523
#7	0	40	0	2	3	-0.00500000	0.803398	-29.897923
#7	0	41	0	2	3	-0.00500000	0.815685	-31.165519
#7	0	42	0	2	3	-0.00500000	0.812980	-30.737261
#7	0	43	0	2	3	-0.00500000	0.829418	-32.693307
#7	0	44	0	2	3	-0.00500000	0.789530	-29.464920
#7	0	45	0	2	3	-0.00500000	0.804789	-31.208151
#7	0	46	0	2	3	-0.00500000	0.830106	-32.806514
#7	0	47	0	2	3	-0.00500000	0.819206	-31.373242
#7	0	48	0	2	3	-0.00500000	0.816165	-31.709319
#7	0	49	0	2	3	-0.00500000	0.798496	-30.201709
#7	0	50	0	2	3	-0.00500000	0.812167	-31.795745
#7	0	51	0	2	3	-0.00500000	0.810749	-31.375226
#7	0	52	0	2	3	-0.00500000	0.803385	-31.372512
#7	0	53	0	2	3	-0.00500000	0.777405	-29.262831
#7	0	54	0	2	3	-0.00500000	0.783954	-29.763410
#7	0	55	0	2	3	-0.00500000	0.789443	-29.976449
#7	0	56	0	2	3	-0.00500000	0.838828	-33.261086
#7	0	57	0	2	3	-0.00500000	0.804421	-30.573195
#7	0	58	0	2	3	-0.00500000	0.773283	-29.111048
#7	0	59	0	2	3	-0.00500000	0.811789	-31.449459
#7	0	60	0	2	3	-0.00500000	0.759724	-28.110014
#7	0	61	0	2	3	-0.00500000	0.810884	-31.379063
#7	0	62	0	2	3	-0.00500000	0.771910	-28.435006
#7	0	63	0	2	3	-0.00500000	0.796658	-30.511906
#######################################################################
# TOF Up                                                              #
#######################################################################
7	0	0	0	1	3	5.24830e+00	-1.96630e+00	2.96170e+00
7	0	1	0	1	3	5.24830e+00	-1.96630e+00	2.96170e+00
7	0	2	0	1	3	5.24830e+00	-1.96630e+00	2.96170e+00
7	0	3	0	1	3	5.24830e+00	-1.96630e+00	2.96170e+00
7	0	4	0	1	3	5.24830e+00	-1.96630e+00	2.96170e+00
7	0	5	0	1	3	5.24830e+00	-1.96630e+00	2.96170e+00
7	0	6	0	1	3	6.97090e+00	-3.03520e+00	3.39910e+00
7	0	7	0	1	3	4.05450e+00	-1.96150e+00	2.30360e+00
7	0	8	0	1	3	1.16940e+02	-2.98600e+01	2.09880e+01
7	0	9	0	1	3	5.24830e+00	-1.96630e+00	2.96170e+00
7	0	10	0	1	3	5.24830e+00	-1.96630e+00	2.96170e+00
7	0	11	0	1	3	5.24830e+00	-1.96630e+00	2.96170e+00
7	0	12	0	1	3	5.24830e+00	-1.96630e+00	2.96170e+00
7	0	13	0	1	3	5.24830e+00	-1.96630e+00	2.96170e+00
7	0	14	0	1	3	5.24830e+00	-1.96630e+00	2.96170e+00
7	0	15	0	1	3	5.24830e+00	-1.96630e+00	2.96170e+00
7	0	16	0	1	3	5.24830e+00	-1.96630e+00	2.96170e+00
7	0	17	0	1	3	5.24830e+00	-1.96630e+00	2.96170e+00
7	0	18	0	1	3	5.24830e+00	-1.96630e+00	2.96170e+00
7	0	19	0	1	3	7.11491e-01	1.85180e-03	5.82402e-01
7	0	20	0	1	3	5.59404e-01	-1.73810e-03	4.50716e-01
7	0	21	0	1	3	8.92499e-01	1.99900e-03	7.37364e-01
7	0	22	0	1	3	6.37553e-01	1.99960e-03	5.45449e-01
7	0	23	0	1	3	1.19210e+00	1.98920e-03	9.99994e-01
#######################################################################
# TOF Down                                                            #
#######################################################################
7	0	0	1	1	3	5.84300e+00	-2.30730e+00	3.11320e+00
7	0	1	1	1	3	5.84300e+00	-2.30730e+00	3.11320e+00
7	0	2	1	1	3	5.84300e+00	-2.30730e+00	3.11320e+00
7	0	3	1	1	3	5.84300e+00	-2.30730e+00	3.11320e+00
7	0	4	1	1	3	5.84300e+00	-2.30730e+00	3.11320e+00
7	0	5	1	1	3	5.84300e+00	-2.30730e+00	3.11320e+00
7	0	6	1	1	3	1.41330e+01	-5.81170e+00	5.32680e+00
7	0	7	1	1	3	7.84850e+01	-2.02870e+01	1.69500e+01
7	0	8	1	1	3	2.20240e+02	-3.62440e+01	3.60080e+01
7	0	9	1	1	3	5.84300e+00	-2.30730e+00	3.11320e+00
7	0	10	1	1	3	5.84300e+00	-2.30730e+00	3.11320e+00
7	0	11	1	1	3	5.84300e+00	-2.30730e+00	3.11320e+00
7	0	12	1	1	3	5.84300e+00	-2.30730e+00	3.11320e+00
7	0	13	1	1	3	5.84300e+00	-2.30730e+00	3.11320e+00
7	0	14	1	1	3	5.84300e+00	-2.30730e+00	3.11320e+00
7	0	15	1	1	3	5.84300e+00	-2.30730e+00	3.11320e+00
7	0	16	1	1	3	5.84300e+00	-2.30730e+00	3.11320e+00
7	0	17	1	1	3	5.84300e+00	-2.30730e+00	3.11320e+00
7	0	18	1	1	3	5.84300e+00	-2.30730e+00	3.11320e+00
7	0	19	1	1	3	6.18741e-01	1.99860e-03	4.90831e-01
7	0	20	1	1	3	5.75901e-01	1.04210e-03	4.72509e-01
7	0	21	1	1	3	9.41046e-01	1.99890e-03	7.79357e-01
7	0	22	1	1	3	4.84266e-01	-1.95590e-03	3.99786e-01
7	0	23	1	1	3	8.97714e-01	1.99860e-03	7.56300e-01
#######################################################################
# BFT U                                                               #
#######################################################################
110	0	0	0	2	3	-2.92097e-04	-2.75906e-01	1.22404e+01
110	0	1	0	2	3	-3.78806e-02	2.48647e+00	-3.70600e+01
110	0	2	0	2	3	3.91179e-03	-5.80479e-01	1.73448e+01
110	0	3	0	2	3	-8.25374e-05	-3.30095e-01	1.28092e+01
110	0	4	0	2	3	-1.71984e-02	9.74245e-01	-1.10210e+01
110	0	5	0	2	3	-6.46491e-03	2.60276e-01	6.99802e-01
110	0	6	0	2	3	6.69890e-03	-7.93371e-01	2.04750e+01
110	0	7	0	2	3	-9.13273e-03	4.46729e-01	-1.73384e+00
110	0	8	0	2	3	3.81899e-03	-5.87903e-01	1.70492e+01
110	0	9	0	2	3	-8.45913e-03	3.55486e-01	-2.00956e-01
110	0	10	0	2	3	4.92894e-03	-6.37492e-01	1.75851e+01
110	0	11	0	2	3	2.66355e-03	-4.94966e-01	1.67956e+01
110	0	12	0	2	3	5.46088e-03	-6.62131e-01	1.70135e+01
110	0	13	0	2	3	2.49693e-03	-4.40425e-01	1.37364e+01
110	0	14	0	2	3	8.71158e-04	-3.52583e-01	1.27312e+01
110	0	15	0	2	3	6.75297e-03	-7.58212e-01	1.96977e+01
110	0	16	0	2	3	4.51368e-03	-6.01737e-01	1.58500e+01
110	0	17	0	2	3	-1.56666e-02	9.39432e-01	-1.14466e+01
110	0	18	0	2	3	3.25859e-03	-5.38571e-01	1.50311e+01
110	0	19	0	2	3	5.44008e-03	-6.68531e-01	1.67741e+01
110	0	20	0	2	3	4.14185e-03	-5.87887e-01	1.62881e+01
110	0	21	0	2	3	3.39279e-03	-5.24037e-01	1.65981e+01
110	0	22	0	2	3	4.19888e-03	-5.94322e-01	1.62774e+01
110	0	23	0	2	3	3.98797e-03	-5.60843e-01	1.59084e+01
110	0	24	0	2	3	2.65728e-03	-4.74759e-01	1.44474e+01
110	0	25	0	2	3	4.34488e-03	-5.85008e-01	1.68584e+01
110	0	26	0	2	3	1.56604e-03	-4.11256e-01	1.42069e+01
110	0	27	0	2	3	4.59919e-03	-6.01112e-01	1.64805e+01
110	0	28	0	2	3	2.92443e-03	-4.98982e-01	1.41544e+01
110	0	29	0	2	3	3.97720e-03	-5.52384e-01	1.61104e+01
110	0	30	0	2	3	4.34975e-03	-6.04427e-01	1.73501e+01
110	0	31	0	2	3	4.42392e-03	-6.06072e-01	1.68923e+01
110	0	32	0	2	3	3.34187e-03	-5.28191e-01	1.52058e+01
110	0	33	0	2	3	4.11254e-03	-5.56351e-01	1.30957e+01
110	0	34	0	2	3	3.06939e-03	-5.12518e-01	1.57826e+01
110	0	35	0	2	3	3.63874e-03	-5.53615e-01	1.59958e+01
110	0	36	0	2	3	3.88169e-03	-5.54276e-01	1.52020e+01
110	0	37	0	2	3	4.44316e-03	-6.07559e-01	1.78260e+01
110	0	38	0	2	3	4.44319e-03	-5.96562e-01	1.64527e+01
110	0	39	0	2	3	4.45698e-03	-6.02821e-01	1.74332e+01
110	0	40	0	2	3	4.16485e-03	-5.75829e-01	1.54951e+01
110	0	41	0	2	3	4.83905e-03	-6.26601e-01	1.78682e+01
110	0	42	0	2	3	4.17061e-03	-5.79663e-01	1.61719e+01
110	0	43	0	2	3	4.38231e-03	-6.07112e-01	1.83103e+01
110	0	44	0	2	3	3.89846e-03	-5.68136e-01	1.56561e+01
110	0	45	0	2	3	4.03505e-03	-5.67230e-01	1.63781e+01
110	0	46	0	2	3	3.89896e-03	-5.74301e-01	1.69599e+01
110	0	47	0	2	3	4.26039e-03	-5.95812e-01	1.80905e+01
110	0	48	0	2	3	3.51493e-03	-5.35161e-01	1.49887e+01
110	0	49	0	2	3	4.12567e-03	-5.77722e-01	1.70976e+01
110	0	50	0	2	3	4.71223e-03	-6.31049e-01	1.72816e+01
110	0	51	0	2	3	4.69769e-03	-6.19857e-01	1.77303e+01
110	0	52	0	2	3	3.99258e-03	-5.65760e-01	1.60509e+01
110	0	53	0	2	3	3.99678e-03	-5.60021e-01	1.63726e+01
110	0	54	0	2	3	4.06694e-03	-5.79536e-01	1.58705e+01
110	0	55	0	2	3	4.92265e-03	-6.36238e-01	1.79255e+01
110	0	56	0	2	3	4.30072e-03	-6.05535e-01	1.73357e+01
110	0	57	0	2	3	4.92239e-03	-6.40992e-01	1.77408e+01
110	0	58	0	2	3	4.23793e-03	-5.94495e-01	1.72335e+01
110	0	59	0	2	3	4.36704e-03	-6.12578e-01	1.86106e+01
110	0	60	0	2	3	3.59078e-03	-5.49269e-01	1.50334e+01
110	0	61	0	2	3	3.63013e-03	-5.42399e-01	1.56305e+01
110	0	62	0	2	3	4.29362e-03	-5.92642e-01	1.59817e+01
110	0	63	0	2	3	3.99225e-03	-5.71356e-01	1.60659e+01
110	0	64	0	2	3	3.35013e-03	-5.30097e-01	1.52674e+01
110	0	65	0	2	3	4.65090e-03	-6.18103e-01	1.69403e+01
110	0	66	0	2	3	4.64115e-03	-6.37539e-01	1.85290e+01
110	0	67	0	2	3	3.61753e-03	-5.50022e-01	1.60433e+01
110	0	68	0	2	3	3.57749e-03	-5.61877e-01	1.65351e+01
110	0	69	0	2	3	4.23475e-03	-5.90146e-01	1.70763e+01
110	0	70	0	2	3	4.53919e-03	-6.30881e-01	1.76816e+01
110	0	71	0	2	3	4.09896e-03	-5.82406e-01	1.63091e+01
110	0	72	0	2	3	3.88612e-03	-5.73803e-01	1.64480e+01
110	0	73	0	2	3	4.01054e-03	-5.79669e-01	1.67248e+01
110	0	74	0	2	3	5.07221e-03	-6.68512e-01	1.83255e+01
110	0	75	0	2	3	4.01885e-03	-5.75622e-01	1.59091e+01
110	0	76	0	2	3	3.68024e-03	-5.55295e-01	1.52706e+01
110	0	77	0	2	3	3.40485e-03	-5.27927e-01	1.53087e+01
110	0	78	0	2	3	4.11607e-03	-5.99221e-01	1.74603e+01
110	0	79	0	2	3	3.70996e-03	-5.51890e-01	1.54056e+01
110	0	80	0	2	3	4.73683e-03	-6.31432e-01	1.76570e+01
110	0	81	0	2	3	4.33860e-03	-5.92025e-01	1.61702e+01
110	0	82	0	2	3	4.08088e-03	-5.85129e-01	1.64738e+01
110	0	83	0	2	3	4.21115e-03	-5.95804e-01	1.72177e+01
110	0	84	0	2	3	3.53002e-03	-5.43979e-01	1.56110e+01
110	0	85	0	2	3	4.05533e-03	-5.74869e-01	1.62071e+01
110	0	86	0	2	3	4.08911e-03	-6.00612e-01	1.65582e+01
110	0	87	0	2	3	3.79382e-03	-5.65560e-01	1.73372e+01
110	0	88	0	2	3	4.57119e-03	-6.12386e-01	1.71363e+01
110	0	89	0	2	3	3.62306e-03	-5.54326e-01	1.55897e+01
110	0	90	0	2	3	4.16445e-03	-5.91688e-01	1.60108e+01
110	0	91	0	2	3	3.97325e-03	-5.80944e-01	1.65871e+01
110	0	92	0	2	3	3.99515e-03	-5.90324e-01	1.68946e+01
110	0	93	0	2	3	3.30284e-03	-5.21438e-01	1.56118e+01
110	0	94	0	2	3	4.27976e-03	-6.24947e-01	1.86759e+01
110	0	95	0	2	3	3.53306e-03	-5.42703e-01	1.56780e+01
110	0	96	0	2	3	4.49736e-03	-6.25318e-01	1.71540e+01
110	0	97	0	2	3	3.96251e-03	-5.73615e-01	1.64219e+01
110	0	98	0	2	3	4.23823e-03	-6.09710e-01	1.68790e+01
110	0	99	0	2	3	4.34371e-03	-5.92305e-01	1.63153e+01
110	0	100	0	2	3	3.47636e-03	-5.43289e-01	1.61901e+01
110	0	101	0	2	3	3.87271e-03	-5.64505e-01	1.61452e+01
110	0	102	0	2	3	4.49512e-03	-6.20164e-01	1.78337e+01
110	0	103	0	2	3	5.13534e-03	-6.60595e-01	1.84555e+01
110	0	104	0	2	3	3.85197e-03	-5.72942e-01	1.58979e+01
110	0	105	0	2	3	5.17568e-03	-6.58390e-01	1.73049e+01
110	0	106	0	2	3	4.83477e-03	-6.48245e-01	1.84230e+01
110	0	107	0	2	3	3.35278e-03	-5.28757e-01	1.55808e+01
110	0	108	0	2	3	3.31890e-03	-5.40408e-01	1.62920e+01
110	0	109	0	2	3	3.52963e-03	-5.41777e-01	1.61516e+01
110	0	110	0	2	3	4.38511e-03	-6.13265e-01	1.75075e+01
110	0	111	0	2	3	4.42818e-03	-6.23545e-01	1.79547e+01
110	0	112	0	2	3	3.38499e-03	-5.26554e-01	1.45947e+01
110	0	113	0	2	3	2.63223e-03	-4.73685e-01	1.49197e+01
110	0	114	0	2	3	4.17231e-03	-5.97421e-01	1.73478e+01
110	0	115	0	2	3	4.93671e-03	-6.44784e-01	1.80274e+01
110	0	116	0	2	3	3.48581e-03	-5.43270e-01	1.58407e+01
110	0	117	0	2	3	4.39532e-03	-6.05195e-01	1.73168e+01
110	0	118	0	2	3	3.02479e-03	-5.31596e-01	1.67105e+01
110	0	119	0	2	3	5.84269e-03	-7.06112e-01	1.82593e+01
110	0	120	0	2	3	3.22571e-03	-5.48245e-01	1.64359e+01
110	0	121	0	2	3	5.00068e-03	-6.35152e-01	1.62408e+01
110	0	122	0	2	3	-3.85661e-03	6.91773e-03	5.89862e+00
110	0	123	0	2	3	2.67533e-03	-4.73635e-01	1.41748e+01
110	0	124	0	2	3	-1.25275e-03	-1.75589e-01	9.51466e+00
110	0	125	0	2	3	4.30517e-03	-5.79791e-01	1.37261e+01
110	0	126	0	2	3	3.90956e-03	-5.68584e-01	1.63055e+01
110	0	127	0	2	3	3.74818e-03	-5.56667e-01	1.55231e+01
110	0	128	0	2	3	3.88162e-03	-6.04054e-01	1.83595e+01
110	0	129	0	2	3	2.50313e-03	-4.94349e-01	1.50704e+01
110	0	130	0	2	3	1.03218e-03	-3.85636e-01	1.43478e+01
110	0	131	0	2	3	4.54404e-04	-3.27319e-01	1.20007e+01
110	0	132	0	2	3	5.94354e-03	-7.37423e-01	1.98807e+01
110	0	133	0	2	3	1.87777e-03	-4.26344e-01	1.36816e+01
110	0	134	0	2	3	1.95648e-03	-4.61170e-01	1.56044e+01
110	0	135	0	2	3	3.76690e-03	-5.64595e-01	1.64964e+01
110	0	136	0	2	3	4.56846e-03	-6.30349e-01	1.77361e+01
110	0	137	0	2	3	3.49202e-03	-5.68820e-01	1.69767e+01
110	0	138	0	2	3	-9.60892e-03	4.41811e-01	-1.51636e+00
110	0	139	0	2	3	2.25082e-03	-4.63142e-01	1.42703e+01
110	0	140	0	2	3	1.84869e-03	-4.42326e-01	1.56404e+01
110	0	141	0	2	3	3.49935e-03	-5.64615e-01	1.66622e+01
110	0	142	0	2	3	-4.92804e-03	6.56985e-02	5.52275e+00
110	0	143	0	2	3	3.75137e-03	-5.66508e-01	1.66458e+01
110	0	144	0	2	3	3.37897e-03	-5.46871e-01	1.58635e+01
110	0	145	0	2	3	5.77971e-03	-7.03066e-01	1.83291e+01
110	0	146	0	2	3	3.69009e-03	-5.77457e-01	1.73736e+01
110	0	147	0	2	3	3.55139e-03	-5.39625e-01	1.55385e+01
110	0	148	0	2	3	-1.25509e-02	6.66470e-01	-6.72000e+00
110	0	149	0	2	3	2.64785e-03	-4.91596e-01	1.48898e+01
110	0	150	0	2	3	-2.20955e-03	-1.37773e-01	9.54098e+00
110	0	151	0	2	3	3.80733e-03	-5.68547e-01	1.69682e+01
110	0	152	0	2	3	2.49671e-03	-4.81697e-01	1.51136e+01
110	0	153	0	2	3	3.20564e-03	-5.46135e-01	1.62399e+01
110	0	154	0	2	3	1.91357e-03	-4.45741e-01	1.45832e+01
110	0	155	0	2	3	2.57723e-04	-3.14064e-01	1.19411e+01
110	0	156	0	2	3	1.09701e-02	-1.13955e+00	2.81792e+01
110	0	157	0	2	3	3.91205e-03	-6.11154e-01	1.89743e+01
110	0	158	0	2	3	-9.61124e-03	3.79638e-01	7.94608e-01
110	0	159	0	2	3	-1.14844e-02	5.24897e-01	-1.90057e+00
#######################################################################
# BFT D                                                               #
#######################################################################
110	1	0	0	2	3	-1.06755e-03	-1.35527e-01	9.76825e+00
110	1	1	0	2	3	7.07288e-03	-7.27554e-01	1.91949e+01
110	1	2	0	2	3	1.98033e-03	-4.13210e-01	1.37525e+01
110	1	3	0	2	3	-4.73978e-03	8.08859e-02	5.88595e+00
110	1	4	0	2	3	-1.56304e-03	-1.30324e-01	8.26259e+00
110	1	5	0	2	3	-8.64062e-03	3.28391e-01	1.46995e+00
110	1	6	0	2	3	1.78225e-03	-4.28188e-01	1.46123e+01
110	1	7	0	2	3	-1.77699e-04	-2.77291e-01	1.15227e+01
110	1	8	0	2	3	3.81040e-03	-5.68585e-01	1.65318e+01
110	1	9	0	2	3	-1.19415e-03	-2.03148e-01	1.15569e+01
110	1	10	0	2	3	2.28199e-03	-4.73775e-01	1.48930e+01
110	1	11	0	2	3	-7.98595e-04	-2.11940e-01	9.73018e+00
110	1	12	0	2	3	4.93583e-03	-6.56433e-01	1.82499e+01
110	1	13	0	2	3	4.28130e-03	-5.98199e-01	1.77270e+01
110	1	14	0	2	3	4.36323e-03	-5.93769e-01	1.65705e+01
110	1	15	0	2	3	2.10517e-03	-4.32171e-01	1.45028e+01
110	1	16	0	2	3	3.49801e-03	-5.50954e-01	1.64461e+01
110	1	17	0	2	3	3.45098e-03	-5.34239e-01	1.56410e+01
110	1	18	0	2	3	4.32149e-03	-6.06990e-01	1.66828e+01
110	1	19	0	2	3	5.92662e-04	-3.30753e-01	1.24526e+01
110	1	20	0	2	3	2.45011e-03	-4.86127e-01	1.57361e+01
110	1	21	0	2	3	2.08077e-03	-4.35515e-01	1.51702e+01
110	1	22	0	2	3	4.51344e-03	-6.18560e-01	1.74485e+01
110	1	23	0	2	3	5.12347e-03	-6.47217e-01	1.80595e+01
110	1	24	0	2	3	4.23416e-03	-5.95664e-01	1.69002e+01
110	1	25	0	2	3	4.70293e-03	-6.29443e-01	1.71473e+01
110	1	26	0	2	3	4.87911e-03	-6.54923e-01	1.80802e+01
110	1	27	0	2	3	-1.62755e-03	-1.42991e-01	8.59688e+00
110	1	28	0	2	3	3.63862e-03	-5.64956e-01	1.65106e+01
110	1	29	0	2	3	2.62045e-03	-4.76935e-01	1.45416e+01
110	1	30	0	2	3	4.64132e-03	-6.23177e-01	1.75810e+01
110	1	31	0	2	3	3.08077e-03	-5.21383e-01	1.55797e+01
110	1	32	0	2	3	3.77305e-03	-5.70412e-01	1.70372e+01
110	1	33	0	2	3	3.19325e-03	-5.26160e-01	1.54045e+01
110	1	34	0	2	3	4.60781e-03	-6.13817e-01	1.59379e+01
110	1	35	0	2	3	3.23470e-03	-5.38358e-01	1.69630e+01
110	1	36	0	2	3	4.03178e-03	-5.80813e-01	1.66888e+01
110	1	37	0	2	3	3.81576e-03	-5.57274e-01	1.50450e+01
110	1	38	0	2	3	4.19624e-03	-5.92997e-01	1.70384e+01
110	1	39	0	2	3	4.46527e-03	-6.12348e-01	1.72090e+01
110	1	40	0	2	3	3.56640e-03	-5.46754e-01	1.59453e+01
110	1	41	0	2	3	4.01727e-03	-5.72335e-01	1.67577e+01
110	1	42	0	2	3	3.69368e-03	-5.53494e-01	1.56100e+01
110	1	43	0	2	3	3.74856e-03	-5.60658e-01	1.64626e+01
110	1	44	0	2	3	4.07604e-03	-5.89681e-01	1.69220e+01
110	1	45	0	2	3	3.84402e-03	-5.67794e-01	1.70251e+01
110	1	46	0	2	3	4.29088e-03	-6.10860e-01	1.73611e+01
110	1	47	0	2	3	4.57416e-03	-6.42857e-01	1.94303e+01
110	1	48	0	2	3	3.82385e-03	-5.70824e-01	1.62925e+01
110	1	49	0	2	3	3.39606e-03	-5.37670e-01	1.58650e+01
110	1	50	0	2	3	4.14962e-03	-5.95642e-01	1.67174e+01
110	1	51	0	2	3	4.84897e-03	-6.39755e-01	1.82163e+01
110	1	52	0	2	3	4.22811e-03	-6.01600e-01	1.69619e+01
110	1	53	0	2	3	4.19531e-03	-5.88674e-01	1.75354e+01
110	1	54	0	2	3	3.96120e-03	-5.89726e-01	1.68531e+01
110	1	55	0	2	3	3.96430e-03	-5.78758e-01	1.73096e+01
110	1	56	0	2	3	3.97285e-03	-5.96373e-01	1.71107e+01
110	1	57	0	2	3	3.68724e-03	-5.60842e-01	1.67586e+01
110	1	58	0	2	3	4.48492e-03	-6.33839e-01	1.87202e+01
110	1	59	0	2	3	4.61585e-03	-6.37756e-01	1.94583e+01
110	1	60	0	2	3	4.17821e-03	-5.96849e-01	1.67507e+01
110	1	61	0	2	3	3.99219e-03	-5.70325e-01	1.64038e+01
110	1	62	0	2	3	4.10358e-03	-5.91692e-01	1.56515e+01
110	1	63	0	2	3	3.70195e-03	-5.63309e-01	1.71749e+01
110	1	64	0	2	3	4.49338e-03	-6.24288e-01	1.76859e+01
110	1	65	0	2	3	3.61247e-03	-5.52174e-01	1.61846e+01
110	1	66	0	2	3	5.08442e-03	-6.69115e-01	1.81407e+01
110	1	67	0	2	3	4.43676e-03	-6.17029e-01	1.64986e+01
110	1	68	0	2	3	3.29721e-03	-5.26380e-01	1.52819e+01
110	1	69	0	2	3	3.89192e-03	-5.71825e-01	1.66300e+01
110	1	70	0	2	3	3.71361e-03	-5.66595e-01	1.64630e+01
110	1	71	0	2	3	4.20044e-03	-6.05831e-01	1.75689e+01
110	1	72	0	2	3	3.72762e-03	-5.62002e-01	1.58691e+01
110	1	73	0	2	3	4.60862e-03	-6.35558e-01	1.86521e+01
110	1	74	0	2	3	4.07627e-03	-5.88237e-01	1.55160e+01
110	1	75	0	2	3	3.72911e-03	-5.71578e-01	1.64288e+01
110	1	76	0	2	3	3.82127e-03	-5.69694e-01	1.68369e+01
110	1	77	0	2	3	4.17552e-03	-5.97816e-01	1.68085e+01
110	1	78	0	2	3	4.41115e-03	-6.17724e-01	1.71042e+01
110	1	79	0	2	3	4.66980e-03	-6.23824e-01	1.70400e+01
110	1	80	0	2	3	4.09879e-03	-5.83679e-01	1.59163e+01
110	1	81	0	2	3	4.00074e-03	-5.78075e-01	1.56230e+01
110	1	82	0	2	3	4.01463e-03	-5.83927e-01	1.69320e+01
110	1	83	0	2	3	4.02864e-03	-5.74586e-01	1.58978e+01
110	1	84	0	2	3	4.16745e-03	-5.79581e-01	1.53091e+01
110	1	85	0	2	3	3.66885e-03	-5.56188e-01	1.56004e+01
110	1	86	0	2	3	4.25017e-03	-5.99927e-01	1.69598e+01
110	1	87	0	2	3	3.89153e-03	-5.67762e-01	1.45704e+01
110	1	88	0	2	3	4.42618e-03	-6.14447e-01	1.70768e+01
110	1	89	0	2	3	4.13388e-03	-5.86697e-01	1.57105e+01
110	1	90	0	2	3	4.20369e-03	-5.97449e-01	1.58641e+01
110	1	91	0	2	3	3.81522e-03	-5.63825e-01	1.62150e+01
110	1	92	0	2	3	3.61596e-03	-5.48656e-01	1.54282e+01
110	1	93	0	2	3	3.90905e-03	-5.72129e-01	1.60842e+01
110	1	94	0	2	3	3.68152e-03	-5.64668e-01	1.65392e+01
110	1	95	0	2	3	4.17084e-03	-5.91797e-01	1.70577e+01
110	1	96	0	2	3	3.38920e-03	-5.28503e-01	1.56920e+01
110	1	97	0	2	3	3.94755e-03	-5.72490e-01	1.64870e+01
110	1	98	0	2	3	2.95814e-03	-5.30106e-01	1.63975e+01
110	1	99	0	2	3	4.34634e-03	-6.03504e-01	1.64086e+01
110	1	100	0	2	3	2.76451e-03	-4.76599e-01	1.42763e+01
110	1	101	0	2	3	3.98884e-03	-5.73794e-01	1.53766e+01
110	1	102	0	2	3	3.69879e-03	-5.65771e-01	1.59791e+01
110	1	103	0	2	3	4.00127e-03	-5.76151e-01	1.58182e+01
110	1	104	0	2	3	4.01952e-03	-5.85519e-01	1.64606e+01
110	1	105	0	2	3	3.15319e-03	-5.20478e-01	1.53333e+01
110	1	106	0	2	3	4.83131e-03	-6.49836e-01	1.83577e+01
110	1	107	0	2	3	4.16240e-03	-5.91754e-01	1.63065e+01
110	1	108	0	2	3	4.00917e-03	-5.76138e-01	1.68226e+01
110	1	109	0	2	3	3.29616e-03	-5.30622e-01	1.60008e+01
110	1	110	0	2	3	3.67925e-03	-5.66005e-01	1.60941e+01
110	1	111	0	2	3	3.54535e-03	-5.61512e-01	1.72695e+01
110	1	112	0	2	3	4.64137e-03	-6.24170e-01	1.78132e+01
110	1	113	0	2	3	3.71581e-03	-5.56243e-01	1.60253e+01
110	1	114	0	2	3	4.03027e-03	-5.92363e-01	1.62001e+01
110	1	115	0	2	3	4.99408e-03	-6.50320e-01	1.73544e+01
110	1	116	0	2	3	2.51987e-03	-4.76158e-01	1.54813e+01
110	1	117	0	2	3	3.47023e-03	-5.42476e-01	1.57856e+01
110	1	118	0	2	3	4.67819e-03	-6.25210e-01	1.61056e+01
110	1	119	0	2	3	3.82474e-03	-5.66118e-01	1.63350e+01
110	1	120	0	2	3	2.83206e-03	-4.95158e-01	1.54762e+01
110	1	121	0	2	3	3.53653e-03	-5.49326e-01	1.57931e+01
110	1	122	0	2	3	5.24013e-03	-6.90491e-01	1.96341e+01
110	1	123	0	2	3	2.80167e-03	-5.06310e-01	1.66061e+01
110	1	124	0	2	3	3.51253e-03	-5.44205e-01	1.60930e+01
110	1	125	0	2	3	5.26531e-03	-6.76998e-01	1.83424e+01
110	1	126	0	2	3	4.52926e-03	-6.21431e-01	1.71832e+01
110	1	127	0	2	3	4.17901e-03	-5.90577e-01	1.65603e+01
110	1	128	0	2	3	3.13744e-03	-5.43826e-01	1.64895e+01
110	1	129	0	2	3	4.13745e-03	-6.19636e-01	1.79509e+01
110	1	130	0	2	3	3.93507e-03	-5.92365e-01	1.73344e+01
110	1	131	0	2	3	4.79605e-03	-6.42296e-01	1.75688e+01
110	1	132	0	2	3	3.95975e-03	-5.88386e-01	1.71922e+01
110	1	133	0	2	3	3.95179e-03	-5.85636e-01	1.64370e+01
110	1	134	0	2	3	3.69757e-03	-5.77954e-01	1.70966e+01
110	1	135	0	2	3	3.63108e-03	-5.49842e-01	1.59360e+01
110	1	136	0	2	3	6.22932e-03	-7.60742e-01	2.06007e+01
110	1	137	0	2	3	4.75302e-03	-6.46460e-01	1.78884e+01
110	1	138	0	2	3	3.86434e-03	-5.79290e-01	1.64034e+01
110	1	139	0	2	3	2.49814e-03	-4.88022e-01	1.53611e+01
110	1	140	0	2	3	5.73564e-03	-7.26778e-01	1.90572e+01
110	1	141	0	2	3	3.64713e-03	-5.71941e-01	1.61952e+01
110	1	142	0	2	3	3.84926e-03	-5.90718e-01	1.64440e+01
110	1	143	0	2	3	3.16236e-03	-5.35742e-01	1.63945e+01
110	1	144	0	2	3	2.21887e-03	-4.82846e-01	1.61097e+01
110	1	145	0	2	3	3.41116e-03	-5.31355e-01	1.54032e+01
110	1	146	0	2	3	4.23587e-03	-6.09060e-01	1.78386e+01
110	1	147	0	2	3	3.71511e-03	-5.78336e-01	1.67529e+01
110	1	148	0	2	3	2.46408e-03	-4.85125e-01	1.51823e+01
110	1	149	0	2	3	4.13230e-03	-6.10205e-01	1.78179e+01
110	1	150	0	2	3	4.35918e-03	-6.27865e-01	1.78793e+01
110	1	151	0	2	3	2.69255e-03	-4.97847e-01	1.49617e+01
110	1	152	0	2	3	2.75249e-03	-5.27327e-01	1.69654e+01
110	1	153	0	2	3	6.26762e-03	-7.64421e-01	2.07708e+01
110	1	154	0	2	3	2.51506e-03	-4.83329e-01	1.50524e+01
110	1	155	0	2	3	3.84565e-03	-5.78945e-01	1.62613e+01
110	1	156	0	2	3	-1.34189e-04	-2.99774e-01	1.28781e+01
110	1	157	0	2	3	-1.50944e-02	8.37927e-01	-9.10359e+00
110	1	158	0	2	3	-1.55179e-03	-1.65712e-01	1.00750e+01
110	1	159	0	2	3	-3.82149e-02	2.32360e+00	-3.08321e+01
