##
#  file: HodoPHCParam_Dummy
#  date: 2016.06.15
#  note: first version
#
#
#######################################################################
# CId	PlId	Seg	UorD	Type	nParam	p0	p1	...
#
#	Type=0 no correction will be performed
#	Type=1 ct=t-p[0]/sqrt(a-p[1])+p[2]
#	Type=2 ct=p[0]*a*a + p[1]*a + p[2] for Fiber
#
#######################################################################
# BH1 Up                                                              #
#######################################################################
1 	 0	 0 	 0 	 1 	 3 	2.1553e+00 	 -4.7922e-01 	 1.8495e+00 
1 	 0	 1 	 0 	 1 	 3 	9.3888e-01 	 1.3686e-01 	 1.0581e+00 
1 	 0	 2 	 0 	 1 	 3 	1.4349e+00 	 -2.4387e-02 	 1.3357e+00 
1 	 0	 3 	 0 	 1 	 3 	2.5702e+00 	 -9.2727e-01 	 1.8387e+00 
1 	 0	 4 	 0 	 1 	 3 	1.2531e+00 	 -1.5373e-01 	 1.1363e+00 
1 	 0	 5 	 0 	 1 	 3 	4.6646e+01 	 -9.3100e+00 	 1.4508e+01 
1 	 0	 6 	 0 	 1 	 3 	1.8521e+00 	 -4.3555e-01 	 1.5059e+00 
1 	 0	 7 	 0 	 1 	 3 	1.3275e+00 	 -1.1112e-01 	 1.2587e+00 
1 	 0	 8 	 0 	 1 	 3 	1.3168e+00 	 -3.2624e-01 	 1.1126e+00 
1 	 0	 9 	 0 	 1 	 3 	4.1089e+01 	 -1.1389e+01 	 1.1641e+01 
1 	 0	 10 	 0 	 1 	 3 	4.7337e+00 	 -5.2640e+00 	 1.9653e+00 
#######################################################################
# BH1 Down                                                            #
#######################################################################
1 	 0	 0 	 1 	 1 	 3 	3.4397e+00 	 -1.1067e+00 	 2.4725e+00 
1 	 0	 1 	 1 	 1 	 3 	6.5765e+00 	 -2.2430e+00 	 3.7265e+00 
1 	 0	 2 	 1 	 1 	 3 	2.8716e+01 	 -8.3122e+00 	 9.3839e+00 
1 	 0	 3 	 1 	 1 	 3 	2.8134e-01 	 5.6336e-01 	 3.8409e-01 
1 	 0	 4 	 1 	 1 	 3 	1.9415e+00 	 -6.7104e-01 	 1.5116e+00 
1 	 0	 5 	 1 	 1 	 3 	1.5051e+00 	 -2.8841e-01 	 1.2951e+00 
1 	 0	 6 	 1 	 1 	 3 	2.0156e+00 	 -5.1472e-01 	 1.6307e+00 
1 	 0	 7 	 1 	 1 	 3 	7.7293e-01 	 1.9039e-01 	 8.3867e-01 
1 	 0	 8 	 1 	 1 	 3 	5.7481e-01 	 2.2079e-01 	 6.5122e-01 
1 	 0	 9 	 1 	 1 	 3 	6.1350e-01 	 2.8191e-01 	 7.4752e-01 
1 	 0	 10 	 1 	 1 	 3 	3.4220e+01 	 -9.8929e+00 	 1.0375e+01 
#######################################################################
# BH2 Up                                                              #
#######################################################################
2 	 0	 0 	 0 	 1 	 3 	0.137718 	 0.192348 	 0.168224 
2 	 0	 1 	 0 	 1 	 3 	0.001366 	 0.562428 	 0.001373 
2 	 0	 2 	 0 	 1 	 3 	0.124197 	 0.215830 	 0.142659 
2 	 0	 3 	 0 	 1 	 3 	0.126225 	 0.210934 	 0.144692 
2 	 0	 4 	 0 	 1 	 3 	-0.001881 	 1.126806 	 -0.001945 
2 	 0	 5 	 0 	 1 	 3 	0.049257 	 0.476696 	 0.118461 
2 	 0	 6 	 0 	 1 	 3 	6.626404 	 -67.420003 	 0.805032 
2 	 0	 7 	 0 	 1 	 3 	0.167217 	 0.136938 	 0.174820 
#######################################################################
# BH2 Down                                                            #
#######################################################################
2 	 0	 0 	 1 	 1 	 3 	28.437221 	 -31.782533 	 4.942673 
2 	 0	 1 	 1 	 1 	 3 	0.371421 	 -0.216547 	 0.308072 
2 	 0	 2 	 1 	 1 	 3 	0.163380 	 0.258673 	 0.174624 
2 	 0	 3 	 1 	 1 	 3 	0.173497 	 0.156345 	 0.176260 
2 	 0	 4 	 1 	 1 	 3 	0.142156 	 0.198632 	 0.149625 
2 	 0	 5 	 1 	 1 	 3 	0.254213 	 -0.486404 	 0.199019 
2 	 0	 6 	 1 	 1 	 3 	0.288003 	 -0.102312 	 0.250162 
2 	 0	 7 	 1 	 1 	 3 	0.170892 	 0.248230 	 0.181412 
#######################################################################
# BAC                                                                 #
#######################################################################
3	0	0	0	1	3	0.000	0.000	0.000
3	0	1	0	1	3	0.000	0.000	0.000
#######################################################################
# FBH Up                                                              #
#######################################################################
4	0	0	0	2	3	-0.00562952	0.896903	-35.327275
4	0	1	0	2	3	-0.00429399	0.737975	-30.004854
4	0	2	0	2	3	-0.00526894	0.867305	-33.899206
4	0	3	0	2	3	-0.00380183	0.669237	-27.226045
4	0	4	0	2	3	-0.00435014	0.735785	-29.200769
4	0	5	0	2	3	-0.00402541	0.686907	-27.031160
4	0	6	0	2	3	-0.00416660	0.708229	-28.151202
4	0	7	0	2	3	-0.00393117	0.684759	-26.910142
4	0	8	0	2	3	-0.00414423	0.696902	-26.588315
4	0	9	0	2	3	-0.00283372	0.562925	-22.078731
4	0	10	0	2	3	-0.00407944	0.709420	-27.560267
4	0	11	0	2	3	-0.00350961	0.650113	-26.416670
4	0	12	0	2	3	-0.00352415	0.649734	-26.723172
4	0	13	0	2	3	-0.00413420	0.726957	-29.967550
4	0	14	0	2	3	-0.00490315	0.827563	-33.563002
4	0	15	0	2	3	-0.00473048	0.813189	-33.190118
#######################################################################
# FBH Down                                                            #
#######################################################################
4	0	0	1	2	3	-0.00562952	0.896903	-35.327275
4	0	1	1	2	3	-0.00429399	0.737975	-30.004854
4	0	2	1	2	3	-0.00526894	0.867305	-33.899206
4	0	3	1	2	3	-0.00380183	0.669237	-27.226045
4	0	4	1	2	3	-0.00435014	0.735785	-29.200769
4	0	5	1	2	3	-0.00402541	0.686907	-27.031160
4	0	6	1	2	3	-0.00416660	0.708229	-28.151202
4	0	7	1	2	3	-0.00393117	0.684759	-26.910142
4	0	8	1	2	3	-0.00414423	0.696902	-26.588315
4	0	9	1	2	3	-0.00283372	0.562925	-22.078731
4	0	10	1	2	3	-0.00407944	0.709420	-27.560267
4	0	11	1	2	3	-0.00350961	0.650113	-26.416670
4	0	12	1	2	3	-0.00352415	0.649734	-26.723172
4	0	13	1	2	3	-0.00413420	0.726957	-29.967550
4	0	14	1	2	3	-0.00490315	0.827563	-33.563002
4	0	15	1	2	3	-0.00473048	0.813189	-33.190118
#######################################################################
# PVAC                                                                #
#######################################################################
5	0	0	0	1	3	0.000	0.000	0.000
#######################################################################
# FAC                                                                 #
#######################################################################
6	0	0	0	1	3	0.000	0.000	0.000
#######################################################################
# SCH                                                                 #
#######################################################################
7	0	0	0	2	3	-0.00500000	0.821213	-32.185321
7	0	1	0	2	3	-0.00500000	0.830248	-32.269563
7	0	2	0	2	3	-0.00500000	0.793073	-29.315934
7	0	3	0	2	3	-0.00500000	0.772144	-28.276705
7	0	4	0	2	3	-0.00500000	0.801968	-30.687167
7	0	5	0	2	3	-0.00500000	0.778300	-28.439251
7	0	6	0	2	3	-0.00500000	0.765872	-27.918181
7	0	7	0	2	3	-0.00500000	0.738459	-26.016797
7	0	8	0	2	3	-0.00500000	0.778318	-28.676371
7	0	9	0	2	3	-0.00500000	0.776670	-28.892887
7	0	10	0	2	3	-0.00500000	0.764278	-28.122474
7	0	11	0	2	3	-0.00500000	0.790742	-29.423647
7	0	12	0	2	3	-0.00500000	0.811330	-30.487019
7	0	13	0	2	3	-0.00500000	0.818750	-30.891512
7	0	14	0	2	3	-0.00500000	0.802541	-30.009136
7	0	15	0	2	3	-0.00500000	0.809525	-30.751746
7	0	16	0	2	3	-0.00500000	0.802597	-30.845509
7	0	17	0	2	3	-0.00500000	0.835028	-32.780792
7	0	18	0	2	3	-0.00500000	0.859176	-33.938731
7	0	19	0	2	3	-0.00500000	0.814851	-31.445396
7	0	20	0	2	3	-0.00500000	0.809426	-30.781087
7	0	21	0	2	3	-0.00500000	0.780678	-28.888756
7	0	22	0	2	3	-0.00500000	0.808206	-30.719604
7	0	23	0	2	3	-0.00500000	0.774024	-27.858339
7	0	24	0	2	3	-0.00500000	0.794308	-29.022101
7	0	25	0	2	3	-0.00500000	0.775649	-27.980186
7	0	26	0	2	3	-0.00500000	0.788483	-28.687567
7	0	27	0	2	3	-0.00466315	0.771386	-29.253260
7	0	28	0	2	3	-0.00483132	0.790854	-28.637741
7	0	29	0	2	3	-0.00497049	0.812994	-30.786914
7	0	30	0	2	3	-0.00500000	0.787793	-28.362716
7	0	31	0	2	3	-0.00500000	0.790759	-28.876812
7	0	32	0	2	3	-0.00500000	0.824826	-31.655285
7	0	33	0	2	3	-0.00500000	0.845304	-33.407765
7	0	34	0	2	3	-0.00500000	0.832263	-32.939799
7	0	35	0	2	3	-0.00500000	0.820631	-31.695372
7	0	36	0	2	3	-0.00500000	0.836997	-33.200590
7	0	37	0	2	3	-0.00500000	0.819690	-32.097193
7	0	38	0	2	3	-0.00500000	0.808109	-31.263214
7	0	39	0	2	3	-0.00500000	0.815224	-31.135523
7	0	40	0	2	3	-0.00500000	0.803398	-29.897923
7	0	41	0	2	3	-0.00500000	0.815685	-31.165519
7	0	42	0	2	3	-0.00500000	0.812980	-30.737261
7	0	43	0	2	3	-0.00500000	0.829418	-32.693307
7	0	44	0	2	3	-0.00500000	0.789530	-29.464920
7	0	45	0	2	3	-0.00500000	0.804789	-31.208151
7	0	46	0	2	3	-0.00500000	0.830106	-32.806514
7	0	47	0	2	3	-0.00500000	0.819206	-31.373242
7	0	48	0	2	3	-0.00500000	0.816165	-31.709319
7	0	49	0	2	3	-0.00500000	0.798496	-30.201709
7	0	50	0	2	3	-0.00500000	0.812167	-31.795745
7	0	51	0	2	3	-0.00500000	0.810749	-31.375226
7	0	52	0	2	3	-0.00500000	0.803385	-31.372512
7	0	53	0	2	3	-0.00500000	0.777405	-29.262831
7	0	54	0	2	3	-0.00500000	0.783954	-29.763410
7	0	55	0	2	3	-0.00500000	0.789443	-29.976449
7	0	56	0	2	3	-0.00500000	0.838828	-33.261086
7	0	57	0	2	3	-0.00500000	0.804421	-30.573195
7	0	58	0	2	3	-0.00500000	0.773283	-29.111048
7	0	59	0	2	3	-0.00500000	0.811789	-31.449459
7	0	60	0	2	3	-0.00500000	0.759724	-28.110014
7	0	61	0	2	3	-0.00500000	0.810884	-31.379063
7	0	62	0	2	3	-0.00500000	0.771910	-28.435006
7	0	63	0	2	3	-0.00500000	0.796658	-30.511906
#######################################################################
# TOF Up                                                              #
#######################################################################
8	0	0	0	1	3	0.5918625000	-0.0014645000	0.5485107000
8	0	1	0	1	3	1.1375538000	0.0019690000	0.9999996000
8	0	2	0	1	3	0.8563064000	0.0019847000	0.7531257000
8	0	3	0	1	3	0.9101054000	0.0019997000	0.8037249000
8	0	4	0	1	3	1.0766999000	0.0019995000	0.9438542000
8	0	5	0	1	3	0.9230141000	0.0019989000	0.7702783000
8	0	6	0	1	3	0.4540021000	-0.0019082000	0.3708940000
8	0	7	0	1	3	0.8017253000	0.0019915000	0.6711183000
8	0	8	0	1	3	0.3268195000	-0.0019972000	0.2563612000
8	0	9	0	1	3	0.2550645000	-0.0016248000	0.1911810000
8	0	10	0	1	3	0.3873301000	-0.0019991000	0.2980796000
8	0	11	0	1	3	0.5174798000	0.0019921000	0.4067743000
8	0	12	0	1	3	0.4265733000	0.0017649000	0.3368771000
8	0	13	0	1	3	0.6768126000	0.0019907000	0.5362682000
8	0	14	0	1	3	0.5152718000	0.0019866000	0.4353503000
8	0	15	0	1	3	0.5269793000	-0.0018747000	0.4440967000
8	0	16	0	1	3	0.5786120000	0.0012614000	0.4762022000
8	0	17	0	1	3	0.6920594000	0.0019111000	0.5641988000
8	0	18	0	1	3	0.6656803000	0.0019989000	0.5358639000
8	0	19	0	1	3	0.7114914000	0.0018518000	0.5824019000
8	0	20	0	1	3	0.5594040000	-0.0017381000	0.4507162000
8	0	21	0	1	3	0.8924988000	0.0019990000	0.7373644000
8	0	22	0	1	3	0.6375529000	0.0019996000	0.5454487000
8	0	23	0	1	3	1.1920992000	0.0019892000	0.9999937000
#######################################################################
# TOF Down                                                            #
#######################################################################
8	0	0	1	1	3	0.6748904000	-0.0003875000	0.6344526000
8	0	1	1	1	3	1.1347037000	0.0019998000	0.9999768000
8	0	2	1	1	3	0.7378101000	0.0019752000	0.6452375000
8	0	3	1	1	3	0.7062657000	0.0019506000	0.6275713000
8	0	4	1	1	3	0.9224007000	0.0019992000	0.7966608000
8	0	5	1	1	3	0.9497391000	0.0019987000	0.7916955000
8	0	6	1	1	3	0.4856645000	0.0019852000	0.3867092000
8	0	7	1	1	3	0.7823660000	0.0019966000	0.6589197000
8	0	8	1	1	3	0.3613458000	-0.0019990000	0.2900678000
8	0	9	1	1	3	0.2622450000	-0.0018143000	0.1998500000
8	0	10	1	1	3	0.3198154000	-0.0019572000	0.2393374000
8	0	11	1	1	3	0.4761734000	-0.0016275000	0.3777880000
8	0	12	1	1	3	0.4507447000	-0.0013800000	0.3590243000
8	0	13	1	1	3	0.5047003000	0.0016554000	0.3886403000
8	0	14	1	1	3	0.5282479000	0.0018444000	0.4454710000
8	0	15	1	1	3	0.4647118000	-0.0011638000	0.3963824000
8	0	16	1	1	3	0.5195732000	-0.0018842000	0.4320114000
8	0	17	1	1	3	0.5745021000	0.0019951000	0.4553644000
8	0	18	1	1	3	0.6514904000	0.0016129000	0.5507963000
8	0	19	1	1	3	0.6187408000	0.0019986000	0.4908311000
8	0	20	1	1	3	0.5759006000	0.0010421000	0.4725088000
8	0	21	1	1	3	0.9410461000	0.0019989000	0.7793573000
8	0	22	1	1	3	0.4842658000	-0.0019559000	0.3997862000
8	0	23	1	1	3	0.8977137000	0.0019986000	0.7562997000
#######################################################################
# BFT U                                                               #
#######################################################################
110	0	0	0	2	3	0.00383571	-0.552749	15.6007
110	0	1	0	2	3	0.00383571	-0.552749	15.6007
110	0	2	0	2	3	0.00383571	-0.552749	15.6007
110	0	3	0	2	3	0.00383571	-0.552749	15.6007
110	0	4	0	2	3	0.00383571	-0.552749	15.6007
110	0	5	0	2	3	0.00383571	-0.552749	15.6007
110	0	6	0	2	3	0.00383571	-0.552749	15.6007
110	0	7	0	2	3	0.00383571	-0.552749	15.6007
110	0	8	0	2	3	0.00383571	-0.552749	15.6007
110	0	9	0	2	3	0.00383571	-0.552749	15.6007
110	0	10	0	2	3	0.00383571	-0.552749	15.6007
110	0	11	0	2	3	0.00383571	-0.552749	15.6007
110	0	12	0	2	3	0.00383571	-0.552749	15.6007
110	0	13	0	2	3	0.00383571	-0.552749	15.6007
110	0	14	0	2	3	0.00383571	-0.552749	15.6007
110	0	15	0	2	3	0.00383571	-0.552749	15.6007
110	0	16	0	2	3	0.00383571	-0.552749	15.6007
110	0	17	0	2	3	0.00383571	-0.552749	15.6007
110	0	18	0	2	3	0.00383571	-0.552749	15.6007
110	0	19	0	2	3	0.00383571	-0.552749	15.6007
110	0	20	0	2	3	0.00383571	-0.552749	15.6007
110	0	21	0	2	3	0.00383571	-0.552749	15.6007
110	0	22	0	2	3	0.00383571	-0.552749	15.6007
110	0	23	0	2	3	0.00383571	-0.552749	15.6007
110	0	24	0	2	3	0.00383571	-0.552749	15.6007
110	0	25	0	2	3	0.00383571	-0.552749	15.6007
110	0	26	0	2	3	0.00383571	-0.552749	15.6007
110	0	27	0	2	3	0.00383571	-0.552749	15.6007
110	0	28	0	2	3	0.00383571	-0.552749	15.6007
110	0	29	0	2	3	0.00383571	-0.552749	15.6007
110	0	30	0	2	3	0.00383571	-0.552749	15.6007
110	0	31	0	2	3	0.00383571	-0.552749	15.6007
110	0	32	0	2	3	0.00383571	-0.552749	15.6007
110	0	33	0	2	3	0.00383571	-0.552749	15.6007
110	0	34	0	2	3	0.00383571	-0.552749	15.6007
110	0	35	0	2	3	0.00383571	-0.552749	15.6007
110	0	36	0	2	3	0.00383571	-0.552749	15.6007
110	0	37	0	2	3	0.00383571	-0.552749	15.6007
110	0	38	0	2	3	0.00383571	-0.552749	15.6007
110	0	39	0	2	3	0.00383571	-0.552749	15.6007
110	0	40	0	2	3	0.00383571	-0.552749	15.6007
110	0	41	0	2	3	0.00383571	-0.552749	15.6007
110	0	42	0	2	3	0.00383571	-0.552749	15.6007
110	0	43	0	2	3	0.00383571	-0.552749	15.6007
110	0	44	0	2	3	0.00383571	-0.552749	15.6007
110	0	45	0	2	3	0.00383571	-0.552749	15.6007
110	0	46	0	2	3	0.00383571	-0.552749	15.6007
110	0	47	0	2	3	0.00383571	-0.552749	15.6007
110	0	48	0	2	3	0.00383571	-0.552749	15.6007
110	0	49	0	2	3	0.00383571	-0.552749	15.6007
110	0	50	0	2	3	0.00383571	-0.552749	15.6007
110	0	51	0	2	3	0.00383571	-0.552749	15.6007
110	0	52	0	2	3	0.00383571	-0.552749	15.6007
110	0	53	0	2	3	0.00383571	-0.552749	15.6007
110	0	54	0	2	3	0.00383571	-0.552749	15.6007
110	0	55	0	2	3	0.00383571	-0.552749	15.6007
110	0	56	0	2	3	0.00383571	-0.552749	15.6007
110	0	57	0	2	3	0.00383571	-0.552749	15.6007
110	0	58	0	2	3	0.00383571	-0.552749	15.6007
110	0	59	0	2	3	0.00383571	-0.552749	15.6007
110	0	60	0	2	3	0.00383571	-0.552749	15.6007
110	0	61	0	2	3	0.00383571	-0.552749	15.6007
110	0	62	0	2	3	0.00383571	-0.552749	15.6007
110	0	63	0	2	3	0.00383571	-0.552749	15.6007
110	0	64	0	2	3	0.00383571	-0.552749	15.6007
110	0	65	0	2	3	0.00383571	-0.552749	15.6007
110	0	66	0	2	3	0.00383571	-0.552749	15.6007
110	0	67	0	2	3	0.00383571	-0.552749	15.6007
110	0	68	0	2	3	0.00383571	-0.552749	15.6007
110	0	69	0	2	3	0.00383571	-0.552749	15.6007
110	0	70	0	2	3	0.00383571	-0.552749	15.6007
110	0	71	0	2	3	0.00383571	-0.552749	15.6007
110	0	72	0	2	3	0.00383571	-0.552749	15.6007
110	0	73	0	2	3	0.00383571	-0.552749	15.6007
110	0	74	0	2	3	0.00383571	-0.552749	15.6007
110	0	75	0	2	3	0.00383571	-0.552749	15.6007
110	0	76	0	2	3	0.00383571	-0.552749	15.6007
110	0	77	0	2	3	0.00383571	-0.552749	15.6007
110	0	78	0	2	3	0.00383571	-0.552749	15.6007
110	0	79	0	2	3	0.00383571	-0.552749	15.6007
110	0	80	0	2	3	0.00383571	-0.552749	15.6007
110	0	81	0	2	3	0.00383571	-0.552749	15.6007
110	0	82	0	2	3	0.00383571	-0.552749	15.6007
110	0	83	0	2	3	0.00383571	-0.552749	15.6007
110	0	84	0	2	3	0.00383571	-0.552749	15.6007
110	0	85	0	2	3	0.00383571	-0.552749	15.6007
110	0	86	0	2	3	0.00383571	-0.552749	15.6007
110	0	87	0	2	3	0.00383571	-0.552749	15.6007
110	0	88	0	2	3	0.00383571	-0.552749	15.6007
110	0	89	0	2	3	0.00383571	-0.552749	15.6007
110	0	90	0	2	3	0.00383571	-0.552749	15.6007
110	0	91	0	2	3	0.00383571	-0.552749	15.6007
110	0	92	0	2	3	0.00383571	-0.552749	15.6007
110	0	93	0	2	3	0.00383571	-0.552749	15.6007
110	0	94	0	2	3	0.00383571	-0.552749	15.6007
110	0	95	0	2	3	0.00383571	-0.552749	15.6007
110	0	96	0	2	3	0.00383571	-0.552749	15.6007
110	0	97	0	2	3	0.00383571	-0.552749	15.6007
110	0	98	0	2	3	0.00383571	-0.552749	15.6007
110	0	99	0	2	3	0.00383571	-0.552749	15.6007
110	0	100	0	2	3	0.00383571	-0.552749	15.6007
110	0	101	0	2	3	0.00383571	-0.552749	15.6007
110	0	102	0	2	3	0.00383571	-0.552749	15.6007
110	0	103	0	2	3	0.00383571	-0.552749	15.6007
110	0	104	0	2	3	0.00383571	-0.552749	15.6007
110	0	105	0	2	3	0.00383571	-0.552749	15.6007
110	0	106	0	2	3	0.00383571	-0.552749	15.6007
110	0	107	0	2	3	0.00383571	-0.552749	15.6007
110	0	108	0	2	3	0.00383571	-0.552749	15.6007
110	0	109	0	2	3	0.00383571	-0.552749	15.6007
110	0	110	0	2	3	0.00383571	-0.552749	15.6007
110	0	111	0	2	3	0.00383571	-0.552749	15.6007
110	0	112	0	2	3	0.00383571	-0.552749	15.6007
110	0	113	0	2	3	0.00383571	-0.552749	15.6007
110	0	114	0	2	3	0.00383571	-0.552749	15.6007
110	0	115	0	2	3	0.00383571	-0.552749	15.6007
110	0	116	0	2	3	0.00383571	-0.552749	15.6007
110	0	117	0	2	3	0.00383571	-0.552749	15.6007
110	0	118	0	2	3	0.00383571	-0.552749	15.6007
110	0	119	0	2	3	0.00383571	-0.552749	15.6007
110	0	120	0	2	3	0.00383571	-0.552749	15.6007
110	0	121	0	2	3	0.00383571	-0.552749	15.6007
110	0	122	0	2	3	0.00383571	-0.552749	15.6007
110	0	123	0	2	3	0.00383571	-0.552749	15.6007
110	0	124	0	2	3	0.00383571	-0.552749	15.6007
110	0	125	0	2	3	0.00383571	-0.552749	15.6007
110	0	126	0	2	3	0.00383571	-0.552749	15.6007
110	0	127	0	2	3	0.00383571	-0.552749	15.6007
110	0	128	0	2	3	0.00383571	-0.552749	15.6007
110	0	129	0	2	3	0.00383571	-0.552749	15.6007
110	0	130	0	2	3	0.00383571	-0.552749	15.6007
110	0	131	0	2	3	0.00383571	-0.552749	15.6007
110	0	132	0	2	3	0.00383571	-0.552749	15.6007
110	0	133	0	2	3	0.00383571	-0.552749	15.6007
110	0	134	0	2	3	0.00383571	-0.552749	15.6007
110	0	135	0	2	3	0.00383571	-0.552749	15.6007
110	0	136	0	2	3	0.00383571	-0.552749	15.6007
110	0	137	0	2	3	0.00383571	-0.552749	15.6007
110	0	138	0	2	3	0.00383571	-0.552749	15.6007
110	0	139	0	2	3	0.00383571	-0.552749	15.6007
110	0	140	0	2	3	0.00383571	-0.552749	15.6007
110	0	141	0	2	3	0.00383571	-0.552749	15.6007
110	0	142	0	2	3	0.00383571	-0.552749	15.6007
110	0	143	0	2	3	0.00383571	-0.552749	15.6007
110	0	144	0	2	3	0.00383571	-0.552749	15.6007
110	0	145	0	2	3	0.00383571	-0.552749	15.6007
110	0	146	0	2	3	0.00383571	-0.552749	15.6007
110	0	147	0	2	3	0.00383571	-0.552749	15.6007
110	0	148	0	2	3	0.00383571	-0.552749	15.6007
110	0	149	0	2	3	0.00383571	-0.552749	15.6007
110	0	150	0	2	3	0.00383571	-0.552749	15.6007
110	0	151	0	2	3	0.00383571	-0.552749	15.6007
110	0	152	0	2	3	0.00383571	-0.552749	15.6007
110	0	153	0	2	3	0.00383571	-0.552749	15.6007
110	0	154	0	2	3	0.00383571	-0.552749	15.6007
110	0	155	0	2	3	0.00383571	-0.552749	15.6007
110	0	156	0	2	3	0.00383571	-0.552749	15.6007
110	0	157	0	2	3	0.00383571	-0.552749	15.6007
110	0	158	0	2	3	0.00383571	-0.552749	15.6007
110	0	159	0	2	3	0.00383571	-0.552749	15.6007
#######################################################################
# BFT D                                                               #
#######################################################################
110	1	0	0	2	3	0.00386569	-0.563021	16.0463
110	1	1	0	2	3	0.00386569	-0.563021	16.0463
110	1	2	0	2	3	0.00386569	-0.563021	16.0463
110	1	3	0	2	3	0.00386569	-0.563021	16.0463
110	1	4	0	2	3	0.00386569	-0.563021	16.0463
110	1	5	0	2	3	0.00386569	-0.563021	16.0463
110	1	6	0	2	3	0.00386569	-0.563021	16.0463
110	1	7	0	2	3	0.00386569	-0.563021	16.0463
110	1	8	0	2	3	0.00386569	-0.563021	16.0463
110	1	9	0	2	3	0.00386569	-0.563021	16.0463
110	1	10	0	2	3	0.00386569	-0.563021	16.0463
110	1	11	0	2	3	0.00386569	-0.563021	16.0463
110	1	12	0	2	3	0.00386569	-0.563021	16.0463
110	1	13	0	2	3	0.00386569	-0.563021	16.0463
110	1	14	0	2	3	0.00386569	-0.563021	16.0463
110	1	15	0	2	3	0.00386569	-0.563021	16.0463
110	1	16	0	2	3	0.00386569	-0.563021	16.0463
110	1	17	0	2	3	0.00386569	-0.563021	16.0463
110	1	18	0	2	3	0.00386569	-0.563021	16.0463
110	1	19	0	2	3	0.00386569	-0.563021	16.0463
110	1	20	0	2	3	0.00386569	-0.563021	16.0463
110	1	21	0	2	3	0.00386569	-0.563021	16.0463
110	1	22	0	2	3	0.00386569	-0.563021	16.0463
110	1	23	0	2	3	0.00386569	-0.563021	16.0463
110	1	24	0	2	3	0.00386569	-0.563021	16.0463
110	1	25	0	2	3	0.00386569	-0.563021	16.0463
110	1	26	0	2	3	0.00386569	-0.563021	16.0463
110	1	27	0	2	3	0.00386569	-0.563021	16.0463
110	1	28	0	2	3	0.00386569	-0.563021	16.0463
110	1	29	0	2	3	0.00386569	-0.563021	16.0463
110	1	30	0	2	3	0.00386569	-0.563021	16.0463
110	1	31	0	2	3	0.00386569	-0.563021	16.0463
110	1	32	0	2	3	0.00386569	-0.563021	16.0463
110	1	33	0	2	3	0.00386569	-0.563021	16.0463
110	1	34	0	2	3	0.00386569	-0.563021	16.0463
110	1	35	0	2	3	0.00386569	-0.563021	16.0463
110	1	36	0	2	3	0.00386569	-0.563021	16.0463
110	1	37	0	2	3	0.00386569	-0.563021	16.0463
110	1	38	0	2	3	0.00386569	-0.563021	16.0463
110	1	39	0	2	3	0.00386569	-0.563021	16.0463
110	1	40	0	2	3	0.00386569	-0.563021	16.0463
110	1	41	0	2	3	0.00386569	-0.563021	16.0463
110	1	42	0	2	3	0.00386569	-0.563021	16.0463
110	1	43	0	2	3	0.00386569	-0.563021	16.0463
110	1	44	0	2	3	0.00386569	-0.563021	16.0463
110	1	45	0	2	3	0.00386569	-0.563021	16.0463
110	1	46	0	2	3	0.00386569	-0.563021	16.0463
110	1	47	0	2	3	0.00386569	-0.563021	16.0463
110	1	48	0	2	3	0.00386569	-0.563021	16.0463
110	1	49	0	2	3	0.00386569	-0.563021	16.0463
110	1	50	0	2	3	0.00386569	-0.563021	16.0463
110	1	51	0	2	3	0.00386569	-0.563021	16.0463
110	1	52	0	2	3	0.00386569	-0.563021	16.0463
110	1	53	0	2	3	0.00386569	-0.563021	16.0463
110	1	54	0	2	3	0.00386569	-0.563021	16.0463
110	1	55	0	2	3	0.00386569	-0.563021	16.0463
110	1	56	0	2	3	0.00386569	-0.563021	16.0463
110	1	57	0	2	3	0.00386569	-0.563021	16.0463
110	1	58	0	2	3	0.00386569	-0.563021	16.0463
110	1	59	0	2	3	0.00386569	-0.563021	16.0463
110	1	60	0	2	3	0.00386569	-0.563021	16.0463
110	1	61	0	2	3	0.00386569	-0.563021	16.0463
110	1	62	0	2	3	0.00386569	-0.563021	16.0463
110	1	63	0	2	3	0.00386569	-0.563021	16.0463
110	1	64	0	2	3	0.00386569	-0.563021	16.0463
110	1	65	0	2	3	0.00386569	-0.563021	16.0463
110	1	66	0	2	3	0.00386569	-0.563021	16.0463
110	1	67	0	2	3	0.00386569	-0.563021	16.0463
110	1	68	0	2	3	0.00386569	-0.563021	16.0463
110	1	69	0	2	3	0.00386569	-0.563021	16.0463
110	1	70	0	2	3	0.00386569	-0.563021	16.0463
110	1	71	0	2	3	0.00386569	-0.563021	16.0463
110	1	72	0	2	3	0.00386569	-0.563021	16.0463
110	1	73	0	2	3	0.00386569	-0.563021	16.0463
110	1	74	0	2	3	0.00386569	-0.563021	16.0463
110	1	75	0	2	3	0.00386569	-0.563021	16.0463
110	1	76	0	2	3	0.00386569	-0.563021	16.0463
110	1	77	0	2	3	0.00386569	-0.563021	16.0463
110	1	78	0	2	3	0.00386569	-0.563021	16.0463
110	1	79	0	2	3	0.00386569	-0.563021	16.0463
110	1	80	0	2	3	0.00386569	-0.563021	16.0463
110	1	81	0	2	3	0.00386569	-0.563021	16.0463
110	1	82	0	2	3	0.00386569	-0.563021	16.0463
110	1	83	0	2	3	0.00386569	-0.563021	16.0463
110	1	84	0	2	3	0.00386569	-0.563021	16.0463
110	1	85	0	2	3	0.00386569	-0.563021	16.0463
110	1	86	0	2	3	0.00386569	-0.563021	16.0463
110	1	87	0	2	3	0.00386569	-0.563021	16.0463
110	1	88	0	2	3	0.00386569	-0.563021	16.0463
110	1	89	0	2	3	0.00386569	-0.563021	16.0463
110	1	90	0	2	3	0.00386569	-0.563021	16.0463
110	1	91	0	2	3	0.00386569	-0.563021	16.0463
110	1	92	0	2	3	0.00386569	-0.563021	16.0463
110	1	93	0	2	3	0.00386569	-0.563021	16.0463
110	1	94	0	2	3	0.00386569	-0.563021	16.0463
110	1	95	0	2	3	0.00386569	-0.563021	16.0463
110	1	96	0	2	3	0.00386569	-0.563021	16.0463
110	1	97	0	2	3	0.00386569	-0.563021	16.0463
110	1	98	0	2	3	0.00386569	-0.563021	16.0463
110	1	99	0	2	3	0.00386569	-0.563021	16.0463
110	1	100	0	2	3	0.00386569	-0.563021	16.0463
110	1	101	0	2	3	0.00386569	-0.563021	16.0463
110	1	102	0	2	3	0.00386569	-0.563021	16.0463
110	1	103	0	2	3	0.00386569	-0.563021	16.0463
110	1	104	0	2	3	0.00386569	-0.563021	16.0463
110	1	105	0	2	3	0.00386569	-0.563021	16.0463
110	1	106	0	2	3	0.00386569	-0.563021	16.0463
110	1	107	0	2	3	0.00386569	-0.563021	16.0463
110	1	108	0	2	3	0.00386569	-0.563021	16.0463
110	1	109	0	2	3	0.00386569	-0.563021	16.0463
110	1	110	0	2	3	0.00386569	-0.563021	16.0463
110	1	111	0	2	3	0.00386569	-0.563021	16.0463
110	1	112	0	2	3	0.00386569	-0.563021	16.0463
110	1	113	0	2	3	0.00386569	-0.563021	16.0463
110	1	114	0	2	3	0.00386569	-0.563021	16.0463
110	1	115	0	2	3	0.00386569	-0.563021	16.0463
110	1	116	0	2	3	0.00386569	-0.563021	16.0463
110	1	117	0	2	3	0.00386569	-0.563021	16.0463
110	1	118	0	2	3	0.00386569	-0.563021	16.0463
110	1	119	0	2	3	0.00386569	-0.563021	16.0463
110	1	120	0	2	3	0.00386569	-0.563021	16.0463
110	1	121	0	2	3	0.00386569	-0.563021	16.0463
110	1	122	0	2	3	0.00386569	-0.563021	16.0463
110	1	123	0	2	3	0.00386569	-0.563021	16.0463
110	1	124	0	2	3	0.00386569	-0.563021	16.0463
110	1	125	0	2	3	0.00386569	-0.563021	16.0463
110	1	126	0	2	3	0.00386569	-0.563021	16.0463
110	1	127	0	2	3	0.00386569	-0.563021	16.0463
110	1	128	0	2	3	0.00386569	-0.563021	16.0463
110	1	129	0	2	3	0.00386569	-0.563021	16.0463
110	1	130	0	2	3	0.00386569	-0.563021	16.0463
110	1	131	0	2	3	0.00386569	-0.563021	16.0463
110	1	132	0	2	3	0.00386569	-0.563021	16.0463
110	1	133	0	2	3	0.00386569	-0.563021	16.0463
110	1	134	0	2	3	0.00386569	-0.563021	16.0463
110	1	135	0	2	3	0.00386569	-0.563021	16.0463
110	1	136	0	2	3	0.00386569	-0.563021	16.0463
110	1	137	0	2	3	0.00386569	-0.563021	16.0463
110	1	138	0	2	3	0.00386569	-0.563021	16.0463
110	1	139	0	2	3	0.00386569	-0.563021	16.0463
110	1	140	0	2	3	0.00386569	-0.563021	16.0463
110	1	141	0	2	3	0.00386569	-0.563021	16.0463
110	1	142	0	2	3	0.00386569	-0.563021	16.0463
110	1	143	0	2	3	0.00386569	-0.563021	16.0463
110	1	144	0	2	3	0.00386569	-0.563021	16.0463
110	1	145	0	2	3	0.00386569	-0.563021	16.0463
110	1	146	0	2	3	0.00386569	-0.563021	16.0463
110	1	147	0	2	3	0.00386569	-0.563021	16.0463
110	1	148	0	2	3	0.00386569	-0.563021	16.0463
110	1	149	0	2	3	0.00386569	-0.563021	16.0463
110	1	150	0	2	3	0.00386569	-0.563021	16.0463
110	1	151	0	2	3	0.00386569	-0.563021	16.0463
110	1	152	0	2	3	0.00386569	-0.563021	16.0463
110	1	153	0	2	3	0.00386569	-0.563021	16.0463
110	1	154	0	2	3	0.00386569	-0.563021	16.0463
110	1	155	0	2	3	0.00386569	-0.563021	16.0463
110	1	156	0	2	3	0.00386569	-0.563021	16.0463
110	1	157	0	2	3	0.00386569	-0.563021	16.0463
110	1	158	0	2	3	0.00386569	-0.563021	16.0463
110	1	159	0	2	3	0.00386569	-0.563021	16.0463
