##
#  file: HodoPHCParam_Dummy
#  date: 2016.06.15
#  note: first version
#
#
#######################################################################
# CId	PlId	Seg	UorD	Type	nParam	p0	p1	...
#
#	Type=0 no correction will be performed
#	Type=1 ct=t-p[0]/sqrt(a-p[1])+p[2]
#	Type=2 ct=p[0]*a*a + p[1]*a + p[2] for Fiber
#
#######################################################################
# BH1 Up                                                              #
#######################################################################
1	0	0	0	1	3	1.47730e+00	-2.35290e-01	1.36110e+00
1	0	1	0	1	3	6.62130e-01	3.34480e-01	8.67710e-01
1	0	2	0	1	3	7.54820e-01	2.48290e-01	9.34610e-01
1	0	3	0	1	3	1.23270e+00	-1.14280e-01	1.26640e+00
1	0	4	0	1	3	1.29730e+00	-1.98210e-01	1.21160e+00
1	0	5	0	1	3	1.43110e+00	-7.87430e-02	1.42120e+00
1	0	6	0	1	3	1.41000e+00	-1.74510e-01	1.32020e+00
1	0	7	0	1	3	1.25340e+00	-3.62780e-02	1.24940e+00
1	0	8	0	1	3	1.44900e+00	-3.83590e-01	1.25050e+00
1	0	9	0	1	3	2.28060e+00	-6.04700e-01	1.82360e+00
1	0	10	0	1	3	9.33520e-01	5.26570e-02	9.95230e-01
#######################################################################
# BH1 Down                                                            #
#######################################################################
1	0	0	1	1	3	2.02010e+00	-5.58670e-01	1.64300e+00
1	0	1	1	1	3	8.49690e-01	1.88140e-01	1.01360e+00
1	0	2	1	1	3	1.21680e+00	-7.53470e-02	1.21540e+00
1	0	3	1	1	3	2.08470e+02	-6.59470e+01	2.55410e+01
1	0	4	1	1	3	1.41330e+00	-2.47510e-01	1.29810e+00
1	0	5	1	1	3	1.63380e+00	-2.25070e-01	1.48610e+00
1	0	6	1	1	3	1.64270e+00	-3.28680e-01	1.48410e+00
1	0	7	1	1	3	1.48840e+00	-1.98800e-01	1.38020e+00
1	0	8	1	1	3	9.57720e-01	-5.07090e-03	9.79170e-01
1	0	9	1	1	3	1.28980e+00	-8.52640e-02	1.26930e+00
1	0	10	1	1	3	1.29280e+00	-1.52360e-01	1.25330e+00
#######################################################################
# BH2 Up                                                              #
#######################################################################
2	0	0	0	1	3	1.23928e-01	3.19092e-01	1.64921e-01
2	0	1	0	1	3	7.53706e-01	-1.79708e-01	6.99096e-01
2	0	2	0	1	3	4.42202e-01	-1.79103e-01	4.01925e-01
2	0	3	0	1	3	3.11545e-01	-5.77250e-02	3.02038e-01
2	0	4	0	1	3	2.94738e-01	-1.61080e-01	2.70687e-01
2	0	5	0	1	3	1.70974e-01	2.75206e-01	2.01729e-01
2	0	6	0	1	3	3.73818e-01	9.75170e-02	3.97597e-01
2	0	7	0	1	3	3.15997e-01	6.59460e-02	3.24278e-01
#######################################################################
# BH2 Down                                                            #
#######################################################################
2	0	0	1	1	3	2.64639e-01	1.04767e-01	3.03250e-01
2	0	1	1	1	3	1.34101e+00	-8.16725e-01	9.87325e-01
2	0	2	1	1	3	4.33143e-01	-7.83380e-02	4.15357e-01
2	0	3	1	1	3	2.71422e-01	-7.15340e-02	2.53653e-01
2	0	4	1	1	3	2.16354e-01	1.56752e-01	2.36613e-01
2	0	5	1	1	3	2.26477e-01	2.19430e-01	2.54177e-01
2	0	6	1	1	3	1.46634e+00	-7.69085e-01	1.07966e+00
2	0	7	1	1	3	2.49431e-01	7.90660e-02	2.64418e-01
#######################################################################
# BAC                                                                 #
#######################################################################
3	0	0	0	1	3	0.00000e+00	0.00000e+00	0.00000e+00
3	0	1	0	1	3	0.00000e+00	0.00000e+00	0.00000e+00
#######################################################################
# FBH Up                                                              #
#######################################################################
4	0	0	0	2	3	-5.62952e-03	8.96903e-01	-3.53273e+01
4	0	1	0	2	3	-4.29399e-03	7.37975e-01	-3.00049e+01
4	0	2	0	2	3	-5.26894e-03	8.67305e-01	-3.38992e+01
4	0	3	0	2	3	-3.80183e-03	6.69237e-01	-2.72260e+01
4	0	4	0	2	3	-4.35014e-03	7.35785e-01	-2.92008e+01
4	0	5	0	2	3	-4.02541e-03	6.86907e-01	-2.70312e+01
4	0	6	0	2	3	-4.16660e-03	7.08229e-01	-2.81512e+01
4	0	7	0	2	3	-3.93117e-03	6.84759e-01	-2.69101e+01
4	0	8	0	2	3	-4.14423e-03	6.96902e-01	-2.65883e+01
4	0	9	0	2	3	-2.83372e-03	5.62925e-01	-2.20787e+01
4	0	10	0	2	3	-4.07944e-03	7.09420e-01	-2.75603e+01
4	0	11	0	2	3	-3.50961e-03	6.50113e-01	-2.64167e+01
4	0	12	0	2	3	-3.52415e-03	6.49734e-01	-2.67232e+01
4	0	13	0	2	3	-4.13420e-03	7.26957e-01	-2.99675e+01
4	0	14	0	2	3	-4.90315e-03	8.27563e-01	-3.35630e+01
4	0	15	0	2	3	-4.73048e-03	8.13189e-01	-3.31901e+01
#######################################################################
# FBH Down                                                            #
#######################################################################
4	0	0	1	2	3	-5.62952e-03	8.96903e-01	-3.53273e+01
4	0	1	1	2	3	-4.29399e-03	7.37975e-01	-3.00049e+01
4	0	2	1	2	3	-5.26894e-03	8.67305e-01	-3.38992e+01
4	0	3	1	2	3	-3.80183e-03	6.69237e-01	-2.72260e+01
4	0	4	1	2	3	-4.35014e-03	7.35785e-01	-2.92008e+01
4	0	5	1	2	3	-4.02541e-03	6.86907e-01	-2.70312e+01
4	0	6	1	2	3	-4.16660e-03	7.08229e-01	-2.81512e+01
4	0	7	1	2	3	-3.93117e-03	6.84759e-01	-2.69101e+01
4	0	8	1	2	3	-4.14423e-03	6.96902e-01	-2.65883e+01
4	0	9	1	2	3	-2.83372e-03	5.62925e-01	-2.20787e+01
4	0	10	1	2	3	-4.07944e-03	7.09420e-01	-2.75603e+01
4	0	11	1	2	3	-3.50961e-03	6.50113e-01	-2.64167e+01
4	0	12	1	2	3	-3.52415e-03	6.49734e-01	-2.67232e+01
4	0	13	1	2	3	-4.13420e-03	7.26957e-01	-2.99675e+01
4	0	14	1	2	3	-4.90315e-03	8.27563e-01	-3.35630e+01
4	0	15	1	2	3	-4.73048e-03	8.13189e-01	-3.31901e+01
#######################################################################
# PVAC                                                                #
#######################################################################
5	0	0	0	1	3	0.00000e+00	0.00000e+00	0.00000e+00
#######################################################################
# FAC                                                                 #
#######################################################################
6	0	0	0	1	3	0.00000e+00	0.00000e+00	0.00000e+00
#######################################################################
# SCH                                                                 #
#######################################################################
#7	0	0	0	2	3	-0.00500000	0.821213	-32.185321
#7	0	1	0	2	3	-0.00500000	0.830248	-32.269563
#7	0	2	0	2	3	-0.00500000	0.793073	-29.315934
#7	0	3	0	2	3	-0.00500000	0.772144	-28.276705
#7	0	4	0	2	3	-0.00500000	0.801968	-30.687167
#7	0	5	0	2	3	-0.00500000	0.778300	-28.439251
#7	0	6	0	2	3	-0.00500000	0.765872	-27.918181
#7	0	7	0	2	3	-0.00500000	0.738459	-26.016797
#7	0	8	0	2	3	-0.00500000	0.778318	-28.676371
#7	0	9	0	2	3	-0.00500000	0.776670	-28.892887
#7	0	10	0	2	3	-0.00500000	0.764278	-28.122474
#7	0	11	0	2	3	-0.00500000	0.790742	-29.423647
#7	0	12	0	2	3	-0.00500000	0.811330	-30.487019
#7	0	13	0	2	3	-0.00500000	0.818750	-30.891512
#7	0	14	0	2	3	-0.00500000	0.802541	-30.009136
#7	0	15	0	2	3	-0.00500000	0.809525	-30.751746
#7	0	16	0	2	3	-0.00500000	0.802597	-30.845509
#7	0	17	0	2	3	-0.00500000	0.835028	-32.780792
#7	0	18	0	2	3	-0.00500000	0.859176	-33.938731
#7	0	19	0	2	3	-0.00500000	0.814851	-31.445396
#7	0	20	0	2	3	-0.00500000	0.809426	-30.781087
#7	0	21	0	2	3	-0.00500000	0.780678	-28.888756
#7	0	22	0	2	3	-0.00500000	0.808206	-30.719604
#7	0	23	0	2	3	-0.00500000	0.774024	-27.858339
#7	0	24	0	2	3	-0.00500000	0.794308	-29.022101
#7	0	25	0	2	3	-0.00500000	0.775649	-27.980186
#7	0	26	0	2	3	-0.00500000	0.788483	-28.687567
#7	0	27	0	2	3	-0.00466315	0.771386	-29.253260
#7	0	28	0	2	3	-0.00483132	0.790854	-28.637741
#7	0	29	0	2	3	-0.00497049	0.812994	-30.786914
#7	0	30	0	2	3	-0.00500000	0.787793	-28.362716
#7	0	31	0	2	3	-0.00500000	0.790759	-28.876812
#7	0	32	0	2	3	-0.00500000	0.824826	-31.655285
#7	0	33	0	2	3	-0.00500000	0.845304	-33.407765
#7	0	34	0	2	3	-0.00500000	0.832263	-32.939799
#7	0	35	0	2	3	-0.00500000	0.820631	-31.695372
#7	0	36	0	2	3	-0.00500000	0.836997	-33.200590
#7	0	37	0	2	3	-0.00500000	0.819690	-32.097193
#7	0	38	0	2	3	-0.00500000	0.808109	-31.263214
#7	0	39	0	2	3	-0.00500000	0.815224	-31.135523
#7	0	40	0	2	3	-0.00500000	0.803398	-29.897923
#7	0	41	0	2	3	-0.00500000	0.815685	-31.165519
#7	0	42	0	2	3	-0.00500000	0.812980	-30.737261
#7	0	43	0	2	3	-0.00500000	0.829418	-32.693307
#7	0	44	0	2	3	-0.00500000	0.789530	-29.464920
#7	0	45	0	2	3	-0.00500000	0.804789	-31.208151
#7	0	46	0	2	3	-0.00500000	0.830106	-32.806514
#7	0	47	0	2	3	-0.00500000	0.819206	-31.373242
#7	0	48	0	2	3	-0.00500000	0.816165	-31.709319
#7	0	49	0	2	3	-0.00500000	0.798496	-30.201709
#7	0	50	0	2	3	-0.00500000	0.812167	-31.795745
#7	0	51	0	2	3	-0.00500000	0.810749	-31.375226
#7	0	52	0	2	3	-0.00500000	0.803385	-31.372512
#7	0	53	0	2	3	-0.00500000	0.777405	-29.262831
#7	0	54	0	2	3	-0.00500000	0.783954	-29.763410
#7	0	55	0	2	3	-0.00500000	0.789443	-29.976449
#7	0	56	0	2	3	-0.00500000	0.838828	-33.261086
#7	0	57	0	2	3	-0.00500000	0.804421	-30.573195
#7	0	58	0	2	3	-0.00500000	0.773283	-29.111048
#7	0	59	0	2	3	-0.00500000	0.811789	-31.449459
#7	0	60	0	2	3	-0.00500000	0.759724	-28.110014
#7	0	61	0	2	3	-0.00500000	0.810884	-31.379063
#7	0	62	0	2	3	-0.00500000	0.771910	-28.435006
#7	0	63	0	2	3	-0.00500000	0.796658	-30.511906
#######################################################################
# TOF Up                                                              #
#######################################################################
7	0	0	0	1	3	5.24830e+00	-1.96630e+00	2.96170e+00
7	0	1	0	1	3	5.24830e+00	-1.96630e+00	2.96170e+00
7	0	2	0	1	3	5.24830e+00	-1.96630e+00	2.96170e+00
7	0	3	0	1	3	5.24830e+00	-1.96630e+00	2.96170e+00
7	0	4	0	1	3	5.24830e+00	-1.96630e+00	2.96170e+00
7	0	5	0	1	3	5.24830e+00	-1.96630e+00	2.96170e+00
7	0	6	0	1	3	6.97090e+00	-3.03520e+00	3.39910e+00
7	0	7	0	1	3	4.05450e+00	-1.96150e+00	2.30360e+00
7	0	8	0	1	3	1.16940e+02	-2.98600e+01	2.09880e+01
7	0	9	0	1	3	5.24830e+00	-1.96630e+00	2.96170e+00
7	0	10	0	1	3	5.24830e+00	-1.96630e+00	2.96170e+00
7	0	11	0	1	3	5.24830e+00	-1.96630e+00	2.96170e+00
7	0	12	0	1	3	5.24830e+00	-1.96630e+00	2.96170e+00
7	0	13	0	1	3	5.24830e+00	-1.96630e+00	2.96170e+00
7	0	14	0	1	3	5.24830e+00	-1.96630e+00	2.96170e+00
7	0	15	0	1	3	5.24830e+00	-1.96630e+00	2.96170e+00
7	0	16	0	1	3	5.24830e+00	-1.96630e+00	2.96170e+00
7	0	17	0	1	3	5.24830e+00	-1.96630e+00	2.96170e+00
7	0	18	0	1	3	5.24830e+00	-1.96630e+00	2.96170e+00
7	0	19	0	1	3	7.11491e-01	1.85180e-03	5.82402e-01
7	0	20	0	1	3	5.59404e-01	-1.73810e-03	4.50716e-01
7	0	21	0	1	3	8.92499e-01	1.99900e-03	7.37364e-01
7	0	22	0	1	3	6.37553e-01	1.99960e-03	5.45449e-01
7	0	23	0	1	3	1.19210e+00	1.98920e-03	9.99994e-01
#######################################################################
# TOF Down                                                            #
#######################################################################
7	0	0	1	1	3	5.84300e+00	-2.30730e+00	3.11320e+00
7	0	1	1	1	3	5.84300e+00	-2.30730e+00	3.11320e+00
7	0	2	1	1	3	5.84300e+00	-2.30730e+00	3.11320e+00
7	0	3	1	1	3	5.84300e+00	-2.30730e+00	3.11320e+00
7	0	4	1	1	3	5.84300e+00	-2.30730e+00	3.11320e+00
7	0	5	1	1	3	5.84300e+00	-2.30730e+00	3.11320e+00
7	0	6	1	1	3	1.41330e+01	-5.81170e+00	5.32680e+00
7	0	7	1	1	3	7.84850e+01	-2.02870e+01	1.69500e+01
7	0	8	1	1	3	2.20240e+02	-3.62440e+01	3.60080e+01
7	0	9	1	1	3	5.84300e+00	-2.30730e+00	3.11320e+00
7	0	10	1	1	3	5.84300e+00	-2.30730e+00	3.11320e+00
7	0	11	1	1	3	5.84300e+00	-2.30730e+00	3.11320e+00
7	0	12	1	1	3	5.84300e+00	-2.30730e+00	3.11320e+00
7	0	13	1	1	3	5.84300e+00	-2.30730e+00	3.11320e+00
7	0	14	1	1	3	5.84300e+00	-2.30730e+00	3.11320e+00
7	0	15	1	1	3	5.84300e+00	-2.30730e+00	3.11320e+00
7	0	16	1	1	3	5.84300e+00	-2.30730e+00	3.11320e+00
7	0	17	1	1	3	5.84300e+00	-2.30730e+00	3.11320e+00
7	0	18	1	1	3	5.84300e+00	-2.30730e+00	3.11320e+00
7	0	19	1	1	3	6.18741e-01	1.99860e-03	4.90831e-01
7	0	20	1	1	3	5.75901e-01	1.04210e-03	4.72509e-01
7	0	21	1	1	3	9.41046e-01	1.99890e-03	7.79357e-01
7	0	22	1	1	3	4.84266e-01	-1.95590e-03	3.99786e-01
7	0	23	1	1	3	8.97714e-01	1.99860e-03	7.56300e-01
#######################################################################
# BFT U                                                               #
#######################################################################
110	0	0	0	2	3	6.34884e-03	-7.55614e-01	2.00383e+01
110	0	1	0	2	3	-1.18795e-03	-1.21077e-01	6.90214e+00
110	0	2	0	2	3	3.26304e-03	-5.21729e-01	1.54470e+01
110	0	3	0	2	3	-1.71149e-03	-1.26715e-01	5.71360e+00
110	0	4	0	2	3	1.64126e-03	-4.22494e-01	1.44412e+01
110	0	5	0	2	3	1.32522e-03	-3.36197e-01	1.19903e+01
110	0	6	0	2	3	4.78114e-03	-6.27710e-01	1.68680e+01
110	0	7	0	2	3	9.80738e-04	-3.45638e-01	1.15442e+01
110	0	8	0	2	3	2.31595e-03	-4.67106e-01	1.44597e+01
110	0	9	0	2	3	2.38641e-04	-2.75730e-01	1.06715e+01
110	0	10	0	2	3	3.58508e-03	-5.44283e-01	1.57858e+01
110	0	11	0	2	3	3.03190e-03	-4.98905e-01	1.51757e+01
110	0	12	0	2	3	2.93158e-03	-4.99193e-01	1.43602e+01
110	0	13	0	2	3	-7.43020e-04	-2.09324e-01	9.67279e+00
110	0	14	0	2	3	3.93197e-03	-5.67981e-01	1.53924e+01
110	0	15	0	2	3	4.23954e-03	-5.80455e-01	1.64503e+01
110	0	16	0	2	3	4.04961e-03	-5.72206e-01	1.53265e+01
110	0	17	0	2	3	3.65826e-03	-5.38090e-01	1.63740e+01
110	0	18	0	2	3	3.69241e-03	-5.55241e-01	1.50330e+01
110	0	19	0	2	3	4.90107e-03	-6.32227e-01	1.61153e+01
110	0	20	0	2	3	3.22839e-03	-5.21414e-01	1.50491e+01
110	0	21	0	2	3	1.97862e-03	-4.11137e-01	1.42605e+01
110	0	22	0	2	3	4.89781e-03	-6.30344e-01	1.66027e+01
110	0	23	0	2	3	4.53817e-03	-5.99213e-01	1.64918e+01
110	0	24	0	2	3	3.48810e-03	-5.36732e-01	1.55481e+01
110	0	25	0	2	3	2.27176e-03	-4.31040e-01	1.39425e+01
110	0	26	0	2	3	3.95224e-03	-5.74834e-01	1.68755e+01
110	0	27	0	2	3	4.93961e-03	-6.28418e-01	1.69045e+01
110	0	28	0	2	3	3.63782e-03	-5.45089e-01	1.47830e+01
110	0	29	0	2	3	4.00704e-03	-5.59258e-01	1.61900e+01
110	0	30	0	2	3	4.40491e-03	-6.01571e-01	1.70532e+01
110	0	31	0	2	3	3.35372e-03	-5.16963e-01	1.59560e+01
110	0	32	0	2	3	3.63609e-03	-5.58072e-01	1.57714e+01
110	0	33	0	2	3	3.90333e-03	-5.36034e-01	1.34750e+01
110	0	34	0	2	3	4.15989e-03	-5.84645e-01	1.67996e+01
110	0	35	0	2	3	4.53570e-03	-6.16745e-01	1.78962e+01
110	0	36	0	2	3	3.35781e-03	-5.15439e-01	1.43730e+01
110	0	37	0	2	3	3.92532e-03	-5.66034e-01	1.68427e+01
110	0	38	0	2	3	4.06667e-03	-5.71524e-01	1.59409e+01
110	0	39	0	2	3	4.47840e-03	-6.01465e-01	1.71832e+01
110	0	40	0	2	3	3.94644e-03	-5.57948e-01	1.49886e+01
110	0	41	0	2	3	4.16392e-03	-5.80187e-01	1.69357e+01
110	0	42	0	2	3	4.27013e-03	-5.83110e-01	1.59997e+01
110	0	43	0	2	3	3.97621e-03	-5.79618e-01	1.76521e+01
110	0	44	0	2	3	3.56310e-03	-5.42153e-01	1.50182e+01
110	0	45	0	2	3	4.56626e-03	-6.03016e-01	1.67682e+01
110	0	46	0	2	3	4.56692e-03	-6.21230e-01	1.76107e+01
110	0	47	0	2	3	4.68865e-03	-6.30117e-01	1.85737e+01
110	0	48	0	2	3	3.88944e-03	-5.57806e-01	1.51932e+01
110	0	49	0	2	3	4.51680e-03	-6.03619e-01	1.73178e+01
110	0	50	0	2	3	4.49122e-03	-6.04702e-01	1.64599e+01
110	0	51	0	2	3	4.99460e-03	-6.39236e-01	1.78344e+01
110	0	52	0	2	3	3.51797e-03	-5.30284e-01	1.42996e+01
110	0	53	0	2	3	4.45965e-03	-5.98765e-01	1.70668e+01
110	0	54	0	2	3	4.42821e-03	-6.02753e-01	1.61050e+01
110	0	55	0	2	3	4.80537e-03	-6.28448e-01	1.76280e+01
110	0	56	0	2	3	3.82914e-03	-5.70304e-01	1.65788e+01
110	0	57	0	2	3	4.40399e-03	-5.97018e-01	1.67249e+01
110	0	58	0	2	3	4.27534e-03	-5.94640e-01	1.70658e+01
110	0	59	0	2	3	4.43175e-03	-6.15815e-01	1.84781e+01
110	0	60	0	2	3	3.93124e-03	-5.73561e-01	1.53395e+01
110	0	61	0	2	3	3.54774e-03	-5.33722e-01	1.63100e+01
110	0	62	0	2	3	4.85203e-03	-6.29097e-01	1.64431e+01
110	0	63	0	2	3	4.03576e-03	-5.75366e-01	1.60537e+01
110	0	64	0	2	3	3.79222e-03	-5.62068e-01	1.57560e+01
110	0	65	0	2	3	4.18121e-03	-5.84207e-01	1.62148e+01
110	0	66	0	2	3	4.62667e-03	-6.34038e-01	1.82983e+01
110	0	67	0	2	3	4.14672e-03	-5.84890e-01	1.64322e+01
110	0	68	0	2	3	4.02524e-03	-5.90569e-01	1.68899e+01
110	0	69	0	2	3	4.47195e-03	-6.01617e-01	1.70318e+01
110	0	70	0	2	3	4.26708e-03	-6.10051e-01	1.71849e+01
110	0	71	0	2	3	4.42597e-03	-6.08019e-01	1.66696e+01
110	0	72	0	2	3	3.72373e-03	-5.64063e-01	1.62442e+01
110	0	73	0	2	3	4.23617e-03	-5.93916e-01	1.68216e+01
110	0	74	0	2	3	4.57547e-03	-6.28941e-01	1.74491e+01
110	0	75	0	2	3	4.58043e-03	-6.11616e-01	1.73067e+01
110	0	76	0	2	3	3.81209e-03	-5.62035e-01	1.52273e+01
110	0	77	0	2	3	4.01109e-03	-5.73503e-01	1.60238e+01
110	0	78	0	2	3	4.07360e-03	-5.93455e-01	1.71950e+01
110	0	79	0	2	3	4.47336e-03	-6.05632e-01	1.62059e+01
110	0	80	0	2	3	3.77296e-03	-5.61143e-01	1.63298e+01
110	0	81	0	2	3	4.06905e-03	-5.69472e-01	1.65775e+01
110	0	82	0	2	3	4.44500e-03	-6.05371e-01	1.65921e+01
110	0	83	0	2	3	4.73271e-03	-6.28371e-01	1.75348e+01
110	0	84	0	2	3	3.73160e-03	-5.56545e-01	1.57025e+01
110	0	85	0	2	3	3.95461e-03	-5.64721e-01	1.58370e+01
110	0	86	0	2	3	4.51148e-03	-6.24827e-01	1.67444e+01
110	0	87	0	2	3	4.60004e-03	-6.26271e-01	1.83354e+01
110	0	88	0	2	3	3.71249e-03	-5.52605e-01	1.60252e+01
110	0	89	0	2	3	4.43075e-03	-6.04147e-01	1.71895e+01
110	0	90	0	2	3	4.36589e-03	-6.05946e-01	1.71353e+01
110	0	91	0	2	3	4.49933e-03	-6.17496e-01	1.70488e+01
110	0	92	0	2	3	3.82355e-03	-5.72008e-01	1.63650e+01
110	0	93	0	2	3	4.14658e-03	-5.80694e-01	1.64994e+01
110	0	94	0	2	3	4.34405e-03	-6.25880e-01	1.84735e+01
110	0	95	0	2	3	4.67425e-03	-6.29932e-01	1.81229e+01
110	0	96	0	2	3	3.97920e-03	-5.85215e-01	1.72965e+01
110	0	97	0	2	3	4.47558e-03	-6.07407e-01	1.67884e+01
110	0	98	0	2	3	4.21842e-03	-6.08108e-01	1.67417e+01
110	0	99	0	2	3	4.59697e-03	-6.13285e-01	1.65165e+01
110	0	100	0	2	3	3.89802e-03	-5.75832e-01	1.66955e+01
110	0	101	0	2	3	3.57190e-03	-5.43104e-01	1.55890e+01
110	0	102	0	2	3	4.12682e-03	-5.95614e-01	1.72815e+01
110	0	103	0	2	3	4.45212e-03	-6.13169e-01	1.74583e+01
110	0	104	0	2	3	4.03653e-03	-5.81108e-01	1.58133e+01
110	0	105	0	2	3	4.41836e-03	-6.02140e-01	1.70671e+01
110	0	106	0	2	3	4.78011e-03	-6.40536e-01	1.80077e+01
110	0	107	0	2	3	4.93357e-03	-6.37605e-01	1.71714e+01
110	0	108	0	2	3	3.67373e-03	-5.60237e-01	1.63490e+01
110	0	109	0	2	3	4.36486e-03	-6.05285e-01	1.71167e+01
110	0	110	0	2	3	4.47153e-03	-6.20476e-01	1.74544e+01
110	0	111	0	2	3	5.05712e-03	-6.55750e-01	1.80473e+01
110	0	112	0	2	3	3.76915e-03	-5.56216e-01	1.59664e+01
110	0	113	0	2	3	4.33185e-03	-5.94182e-01	1.67938e+01
110	0	114	0	2	3	4.68285e-03	-6.36599e-01	1.78952e+01
110	0	115	0	2	3	4.55771e-03	-6.11240e-01	1.70951e+01
110	0	116	0	2	3	3.81899e-03	-5.70986e-01	1.62373e+01
110	0	117	0	2	3	4.73758e-03	-6.27415e-01	1.74265e+01
110	0	118	0	2	3	4.68695e-03	-6.43830e-01	1.83456e+01
110	0	119	0	2	3	4.91881e-03	-6.31901e-01	1.65588e+01
110	0	120	0	2	3	4.18371e-03	-6.03633e-01	1.70236e+01
110	0	121	0	2	3	4.37116e-03	-5.93541e-01	1.54464e+01
110	0	122	0	2	3	3.38850e-03	-5.43442e-01	1.70544e+01
110	0	123	0	2	3	4.32605e-03	-6.00087e-01	1.73476e+01
110	0	124	0	2	3	2.96562e-03	-4.98902e-01	1.55028e+01
110	0	125	0	2	3	3.57055e-03	-5.33036e-01	1.37953e+01
110	0	126	0	2	3	3.56401e-03	-5.42271e-01	1.56216e+01
110	0	127	0	2	3	3.54834e-03	-5.40049e-01	1.49827e+01
110	0	128	0	2	3	2.60533e-03	-5.17973e-01	1.67741e+01
110	0	129	0	2	3	2.15472e-03	-4.76048e-01	1.56387e+01
110	0	130	0	2	3	2.84126e-03	-5.31468e-01	1.70603e+01
110	0	131	0	2	3	1.54470e-03	-3.90426e-01	1.35419e+01
110	0	132	0	2	3	2.61998e-03	-4.87413e-01	1.61300e+01
110	0	133	0	2	3	3.98894e-05	-2.93401e-01	1.21493e+01
110	0	134	0	2	3	9.41633e-04	-3.83114e-01	1.40453e+01
110	0	135	0	2	3	-4.21158e-03	4.25732e-02	5.89346e+00
110	0	136	0	2	3	3.78884e-03	-5.74532e-01	1.66177e+01
110	0	137	0	2	3	4.46769e-03	-6.28608e-01	1.86505e+01
110	0	138	0	2	3	2.00140e-03	-4.37281e-01	1.48579e+01
110	0	139	0	2	3	2.13760e-03	-4.50574e-01	1.48315e+01
110	0	140	0	2	3	2.63068e-03	-4.91252e-01	1.62164e+01
110	0	141	0	2	3	2.92710e-03	-5.20130e-01	1.56015e+01
110	0	142	0	2	3	2.06988e-03	-4.54413e-01	1.49750e+01
110	0	143	0	2	3	3.52169e-03	-5.62461e-01	1.67018e+01
110	0	144	0	2	3	8.86223e-04	-3.63709e-01	1.35278e+01
110	0	145	0	2	3	-4.11694e-03	1.99283e-02	6.16124e+00
110	0	146	0	2	3	1.04313e-03	-3.88380e-01	1.40015e+01
110	0	147	0	2	3	1.98721e-03	-4.55513e-01	1.45388e+01
110	0	148	0	2	3	2.60555e-03	-4.84929e-01	1.57897e+01
110	0	149	0	2	3	3.68462e-03	-5.58055e-01	1.68694e+01
110	0	150	0	2	3	2.76374e-04	-3.17588e-01	1.28218e+01
110	0	151	0	2	3	-3.41004e-03	-4.31605e-02	7.40843e+00
110	0	152	0	2	3	-1.64745e-02	9.76389e-01	-1.16587e+01
110	0	153	0	2	3	2.10833e-03	-4.56924e-01	1.53611e+01
110	0	154	0	2	3	1.51559e-03	-4.13048e-01	1.39325e+01
110	0	155	0	2	3	2.60209e-03	-4.81949e-01	1.47235e+01
110	0	156	0	2	3	-2.37471e-03	-1.09636e-01	8.64508e+00
110	0	157	0	2	3	-1.20760e-02	7.18118e-01	-8.84462e+00
110	0	158	0	2	3	-1.03056e-02	4.86336e-01	-2.88863e+00
110	0	159	0	2	3	-7.88721e-03	3.06621e-01	5.11165e-01
#######################################################################
# BFT D                                                               #
#######################################################################
110	1	0	0	2	3	3.10411e-03	-4.96038e-01	1.54963e+01
110	1	1	0	2	3	-2.80479e-03	-5.46624e-02	7.81399e+00
110	1	2	0	2	3	3.10665e-03	-5.36498e-01	1.59432e+01
110	1	3	0	2	3	2.28021e-03	-4.83828e-01	1.62359e+01
110	1	4	0	2	3	5.83811e-04	-3.26042e-01	1.16982e+01
110	1	5	0	2	3	-3.11272e-04	-2.60074e-01	1.13978e+01
110	1	6	0	2	3	4.97967e-03	-6.46550e-01	1.71237e+01
110	1	7	0	2	3	3.86702e-03	-5.61073e-01	1.60876e+01
110	1	8	0	2	3	1.70607e-03	-4.14503e-01	1.35633e+01
110	1	9	0	2	3	-1.09917e-02	5.80353e-01	-4.18915e+00
110	1	10	0	2	3	3.63302e-03	-5.49167e-01	1.56714e+01
110	1	11	0	2	3	3.45206e-03	-5.33688e-01	1.65669e+01
110	1	12	0	2	3	2.81602e-03	-5.03673e-01	1.54242e+01
110	1	13	0	2	3	4.48408e-03	-6.11465e-01	1.77193e+01
110	1	14	0	2	3	2.31298e-03	-4.68474e-01	1.46363e+01
110	1	15	0	2	3	2.88505e-03	-4.90397e-01	1.54436e+01
110	1	16	0	2	3	2.50875e-03	-4.75615e-01	1.49551e+01
110	1	17	0	2	3	4.96770e-03	-6.44684e-01	1.74834e+01
110	1	18	0	2	3	3.70169e-03	-5.54502e-01	1.55927e+01
110	1	19	0	2	3	3.85096e-03	-5.73184e-01	1.78043e+01
110	1	20	0	2	3	3.78086e-03	-5.72194e-01	1.70104e+01
110	1	21	0	2	3	1.71617e-03	-4.10494e-01	1.46597e+01
110	1	22	0	2	3	5.19418e-03	-6.69263e-01	1.83610e+01
110	1	23	0	2	3	4.51087e-03	-6.01411e-01	1.71592e+01
110	1	24	0	2	3	3.90868e-03	-5.68464e-01	1.63450e+01
110	1	25	0	2	3	3.56319e-03	-5.46015e-01	1.64786e+01
110	1	26	0	2	3	3.14490e-03	-5.28314e-01	1.57293e+01
110	1	27	0	2	3	4.72734e-03	-6.25902e-01	1.84965e+01
110	1	28	0	2	3	3.80513e-03	-5.71634e-01	1.64789e+01
110	1	29	0	2	3	2.87080e-03	-4.95483e-01	1.57290e+01
110	1	30	0	2	3	3.77143e-03	-5.68574e-01	1.66595e+01
110	1	31	0	2	3	3.94979e-03	-5.82879e-01	1.74907e+01
110	1	32	0	2	3	3.18473e-03	-5.22632e-01	1.59896e+01
110	1	33	0	2	3	3.21941e-03	-5.27249e-01	1.52553e+01
110	1	34	0	2	3	4.21066e-03	-5.89968e-01	1.54289e+01
110	1	35	0	2	3	3.49299e-03	-5.53539e-01	1.69785e+01
110	1	36	0	2	3	3.82494e-03	-5.63406e-01	1.62409e+01
110	1	37	0	2	3	3.20068e-03	-5.17101e-01	1.52570e+01
110	1	38	0	2	3	4.11044e-03	-5.86609e-01	1.68214e+01
110	1	39	0	2	3	4.03680e-03	-5.78061e-01	1.73378e+01
110	1	40	0	2	3	4.03803e-03	-5.75854e-01	1.62539e+01
110	1	41	0	2	3	3.78386e-03	-5.55734e-01	1.62852e+01
110	1	42	0	2	3	3.63370e-03	-5.45185e-01	1.52114e+01
110	1	43	0	2	3	4.07860e-03	-5.81715e-01	1.75915e+01
110	1	44	0	2	3	3.49914e-03	-5.46366e-01	1.59736e+01
110	1	45	0	2	3	3.80699e-03	-5.64596e-01	1.67870e+01
110	1	46	0	2	3	4.09638e-03	-5.90803e-01	1.67124e+01
110	1	47	0	2	3	4.15054e-03	-6.09096e-01	1.86036e+01
110	1	48	0	2	3	3.99330e-03	-5.75660e-01	1.61099e+01
110	1	49	0	2	3	3.58821e-03	-5.42714e-01	1.65947e+01
110	1	50	0	2	3	4.14795e-03	-5.88602e-01	1.63029e+01
110	1	51	0	2	3	4.56165e-03	-6.19865e-01	1.77222e+01
110	1	52	0	2	3	3.87418e-03	-5.79408e-01	1.65250e+01
110	1	53	0	2	3	3.40628e-03	-5.33979e-01	1.64643e+01
110	1	54	0	2	3	4.47298e-03	-6.20981e-01	1.71802e+01
110	1	55	0	2	3	4.03754e-03	-5.80599e-01	1.71261e+01
110	1	56	0	2	3	4.07358e-03	-5.99581e-01	1.70013e+01
110	1	57	0	2	3	4.07163e-03	-5.86215e-01	1.70028e+01
110	1	58	0	2	3	4.10320e-03	-6.04114e-01	1.79992e+01
110	1	59	0	2	3	4.50749e-03	-6.32767e-01	1.92995e+01
110	1	60	0	2	3	3.72561e-03	-5.62265e-01	1.59986e+01
110	1	61	0	2	3	4.06293e-03	-5.72620e-01	1.72654e+01
110	1	62	0	2	3	4.29169e-03	-6.01182e-01	1.56420e+01
110	1	63	0	2	3	4.56445e-03	-6.23347e-01	1.80294e+01
110	1	64	0	2	3	3.61047e-03	-5.57564e-01	1.63178e+01
110	1	65	0	2	3	4.21968e-03	-5.93054e-01	1.66886e+01
110	1	66	0	2	3	4.53556e-03	-6.28479e-01	1.72808e+01
110	1	67	0	2	3	4.48283e-03	-6.16538e-01	1.72516e+01
110	1	68	0	2	3	3.25035e-03	-5.20711e-01	1.50336e+01
110	1	69	0	2	3	4.12709e-03	-5.90272e-01	1.68184e+01
110	1	70	0	2	3	3.98687e-03	-5.81843e-01	1.65382e+01
110	1	71	0	2	3	4.20630e-03	-6.03246e-01	1.73339e+01
110	1	72	0	2	3	3.74308e-03	-5.62678e-01	1.67465e+01
110	1	73	0	2	3	4.01470e-03	-5.87917e-01	1.75589e+01
110	1	74	0	2	3	4.13616e-03	-5.90073e-01	1.63877e+01
110	1	75	0	2	3	4.26691e-03	-6.04424e-01	1.67396e+01
110	1	76	0	2	3	3.53899e-03	-5.47741e-01	1.63214e+01
110	1	77	0	2	3	3.79322e-03	-5.70537e-01	1.71683e+01
110	1	78	0	2	3	3.92279e-03	-5.77112e-01	1.61779e+01
110	1	79	0	2	3	4.33854e-03	-6.04068e-01	1.66108e+01
110	1	80	0	2	3	3.59779e-03	-5.46295e-01	1.61236e+01
110	1	81	0	2	3	3.82456e-03	-5.63597e-01	1.62079e+01
110	1	82	0	2	3	4.29332e-03	-6.01234e-01	1.70705e+01
110	1	83	0	2	3	4.45402e-03	-6.01941e-01	1.61787e+01
110	1	84	0	2	3	3.71915e-03	-5.48007e-01	1.56372e+01
110	1	85	0	2	3	3.71474e-03	-5.56049e-01	1.63781e+01
110	1	86	0	2	3	4.11371e-03	-5.91641e-01	1.67315e+01
110	1	87	0	2	3	4.36074e-03	-5.95704e-01	1.57791e+01
110	1	88	0	2	3	3.36299e-03	-5.35289e-01	1.64880e+01
110	1	89	0	2	3	3.81686e-03	-5.69377e-01	1.63322e+01
110	1	90	0	2	3	3.77932e-03	-5.64847e-01	1.61373e+01
110	1	91	0	2	3	4.28737e-03	-5.96247e-01	1.66061e+01
110	1	92	0	2	3	3.60450e-03	-5.45646e-01	1.61904e+01
110	1	93	0	2	3	3.81106e-03	-5.65757e-01	1.58069e+01
110	1	94	0	2	3	4.04540e-03	-5.89601e-01	1.68228e+01
110	1	95	0	2	3	4.18719e-03	-5.97009e-01	1.70354e+01
110	1	96	0	2	3	3.32893e-03	-5.30252e-01	1.56463e+01
110	1	97	0	2	3	3.75990e-03	-5.62440e-01	1.61823e+01
110	1	98	0	2	3	4.06822e-03	-6.02583e-01	1.73720e+01
110	1	99	0	2	3	4.59429e-03	-6.20676e-01	1.75077e+01
110	1	100	0	2	3	3.60539e-03	-5.41461e-01	1.53850e+01
110	1	101	0	2	3	3.74166e-03	-5.56405e-01	1.58906e+01
110	1	102	0	2	3	4.10784e-03	-5.99194e-01	1.74877e+01
110	1	103	0	2	3	4.32395e-03	-6.02391e-01	1.71214e+01
110	1	104	0	2	3	3.81586e-03	-5.65984e-01	1.68167e+01
110	1	105	0	2	3	3.99165e-03	-5.78024e-01	1.61101e+01
110	1	106	0	2	3	4.44834e-03	-6.19606e-01	1.75856e+01
110	1	107	0	2	3	4.43695e-03	-6.07293e-01	1.63025e+01
110	1	108	0	2	3	3.88431e-03	-5.72257e-01	1.66841e+01
110	1	109	0	2	3	3.22404e-03	-5.24756e-01	1.57106e+01
110	1	110	0	2	3	4.78750e-03	-6.43035e-01	1.72292e+01
110	1	111	0	2	3	4.45465e-03	-6.24501e-01	1.81251e+01
110	1	112	0	2	3	3.77104e-03	-5.66300e-01	1.67201e+01
110	1	113	0	2	3	3.75006e-03	-5.62811e-01	1.69811e+01
110	1	114	0	2	3	3.60550e-03	-5.61318e-01	1.64717e+01
110	1	115	0	2	3	4.12468e-03	-5.86759e-01	1.70326e+01
110	1	116	0	2	3	4.21443e-03	-5.99302e-01	1.75140e+01
110	1	117	0	2	3	3.93805e-03	-5.75520e-01	1.61039e+01
110	1	118	0	2	3	4.10403e-03	-5.86843e-01	1.53039e+01
110	1	119	0	2	3	3.59374e-03	-5.50222e-01	1.58036e+01
110	1	120	0	2	3	2.98461e-03	-5.07986e-01	1.55963e+01
110	1	121	0	2	3	4.12979e-03	-5.86466e-01	1.71093e+01
110	1	122	0	2	3	3.12275e-03	-5.21161e-01	1.61904e+01
110	1	123	0	2	3	2.44652e-03	-4.70972e-01	1.55934e+01
110	1	124	0	2	3	3.06362e-03	-5.10813e-01	1.53305e+01
110	1	125	0	2	3	3.40225e-03	-5.38350e-01	1.66478e+01
110	1	126	0	2	3	4.52097e-03	-6.20068e-01	1.69277e+01
110	1	127	0	2	3	5.64311e-03	-6.91593e-01	1.80487e+01
110	1	128	0	2	3	4.30698e-03	-6.35097e-01	1.90911e+01
110	1	129	0	2	3	4.25533e-03	-6.28954e-01	1.88485e+01
110	1	130	0	2	3	4.04398e-03	-6.01000e-01	1.73473e+01
110	1	131	0	2	3	3.56649e-03	-5.43663e-01	1.63557e+01
110	1	132	0	2	3	2.71998e-03	-4.94807e-01	1.63186e+01
110	1	133	0	2	3	5.55566e-03	-7.14526e-01	1.97506e+01
110	1	134	0	2	3	2.93336e-03	-5.22515e-01	1.59170e+01
110	1	135	0	2	3	4.08040e-03	-5.79261e-01	1.62206e+01
110	1	136	0	2	3	8.45761e-04	-3.58666e-01	1.41187e+01
110	1	137	0	2	3	4.33520e-03	-6.16510e-01	1.71946e+01
110	1	138	0	2	3	3.62146e-03	-5.53617e-01	1.66602e+01
110	1	139	0	2	3	5.29325e-03	-6.76070e-01	1.82575e+01
110	1	140	0	2	3	-5.10983e-03	8.35229e-02	5.09026e+00
110	1	141	0	2	3	3.45920e-03	-5.40596e-01	1.60583e+01
110	1	142	0	2	3	3.93461e-03	-5.88802e-01	1.70812e+01
110	1	143	0	2	3	-1.87815e-03	-1.50800e-01	8.93471e+00
110	1	144	0	2	3	2.78430e-03	-5.13223e-01	1.63551e+01
110	1	145	0	2	3	3.84196e-03	-5.59387e-01	1.56125e+01
110	1	146	0	2	3	1.33210e-03	-3.86880e-01	1.34697e+01
110	1	147	0	2	3	4.33944e-03	-6.02050e-01	1.66407e+01
110	1	148	0	2	3	4.19938e-03	-6.16936e-01	1.76320e+01
110	1	149	0	2	3	1.31010e-03	-3.81116e-01	1.40448e+01
110	1	150	0	2	3	2.30930e-03	-4.66900e-01	1.46902e+01
110	1	151	0	2	3	3.72846e-03	-5.62642e-01	1.67317e+01
110	1	152	0	2	3	5.78671e-03	-7.20064e-01	1.97010e+01
110	1	153	0	2	3	-6.23604e-03	1.86159e-01	2.86676e+00
110	1	154	0	2	3	2.59836e-03	-5.14592e-01	1.59601e+01
110	1	155	0	2	3	3.20733e-03	-5.11498e-01	1.55149e+01
110	1	156	0	2	3	4.74048e-03	-6.51531e-01	1.79070e+01
110	1	157	0	2	3	-2.80633e-05	-3.04308e-01	1.24127e+01
110	1	158	0	2	3	-2.55688e-03	-1.16069e-01	8.84021e+00
110	1	159	0	2	3	7.59443e-03	-8.93409e-01	2.38120e+01
