##
#  file: HodoPHCParam_Dummy
#  date: 2016.06.15
#  note: first version
#
#
#######################################################################
# CId	PlId	Seg	UorD	Type	nParam	p0	p1	...
#
#	Type=0 no correction will be performed
#	Type=1 ct=t-p[0]/sqrt(a-p[1])+p[2]
#	Type=2 ct=p[0]*a*a + p[1]*a + p[2] for Fiber
#
#######################################################################
# BH1 Up                                                              #
#######################################################################
1	0	0	0	1	3	5.08705e+00	-1.98362e+00	2.93454e+00
1	0	1	0	1	3	6.69706e-01	2.91546e-01	8.10244e-01
1	0	2	0	1	3	5.01779e-01	3.94271e-01	6.64278e-01
1	0	3	0	1	3	7.45330e-01	1.66754e-01	8.56036e-01
1	0	4	0	1	3	8.52890e-01	8.60054e-02	9.27134e-01
1	0	5	0	1	3	1.69981e+00	-1.50393e-01	1.62794e+00
1	0	6	0	1	3	1.58582e+00	-2.35346e-01	1.46587e+00
1	0	7	0	1	3	1.61970e+00	-1.46184e-01	1.54504e+00
1	0	8	0	1	3	1.37546e+00	-2.52696e-01	1.28233e+00
1	0	9	0	1	3	1.74814e+00	-2.76223e-01	1.64100e+00
1	0	10	0	1	3	1.60339e+01	-4.62629e+00	6.81205e+00
#######################################################################
# BH1 Down                                                            #
#######################################################################
1	0	0	1	1	3	1.33519e+00	-9.13138e-02	1.27257e+00
1	0	1	1	1	3	6.24909e-01	2.88647e-01	7.65429e-01
1	0	2	1	1	3	6.68954e-01	2.21542e-01	7.45264e-01
1	0	3	1	1	3	1.32364e+00	-4.57464e-01	1.08318e+00
1	0	4	1	1	3	1.18002e+00	-7.91080e-02	1.17008e+00
1	0	5	1	1	3	2.07299e+00	-4.79828e-01	1.70935e+00
1	0	6	1	1	3	1.96000e+00	-5.20196e-01	1.63958e+00
1	0	7	1	1	3	1.89852e+00	-4.50289e-01	1.60743e+00
1	0	8	1	1	3	1.02469e+00	-6.73213e-02	1.04734e+00
1	0	9	1	1	3	1.64894e+00	-1.85977e-01	1.61292e+00
1	0	10	1	1	3	7.15603e-01	2.22738e-01	8.54972e-01
#######################################################################
# BH2 Up                                                              #
#######################################################################
2	0	0	0	1	3	1.43047e-01	2.98695e-01	2.00085e-01
2	0	1	0	1	3	8.79554e-01	-2.31747e-01	7.85839e-01
2	0	2	0	1	3	5.94572e-01	-4.97541e-01	4.68956e-01
2	0	3	0	1	3	1.91725e-01	3.94747e-02	1.91115e-01
2	0	4	0	1	3	3.31184e-01	-9.38469e-02	3.15823e-01
2	0	5	0	1	3	1.99769e-01	2.70254e-01	2.37321e-01
2	0	6	0	1	3	2.58948e-01	2.41832e-01	3.10133e-01
2	0	7	0	1	3	3.50426e-01	8.80094e-02	3.70898e-01
#######################################################################
# BH2 Down                                                            #
#######################################################################
2	0	0	1	1	3	3.94607e-01	-1.85207e-01	3.84440e-01
2	0	1	1	1	3	9.92155e-01	-3.85817e-01	8.32122e-01
2	0	2	1	1	3	4.10986e-01	-9.27803e-02	3.90143e-01
2	0	3	1	1	3	1.76416e-01	4.84160e-02	1.75490e-01
2	0	4	1	1	3	2.42956e-01	1.23979e-01	2.64593e-01
2	0	5	1	1	3	3.57967e-01	4.32013e-02	3.63973e-01
2	0	6	1	1	3	1.22093e+00	-6.67168e-01	9.30075e-01
2	0	7	1	1	3	2.92156e-01	-4.36810e-03	2.98702e-01
#######################################################################
# BAC                                                                 #
#######################################################################
3	0	0	0	1	3	0.00000e+00	0.00000e+00	0.00000e+00
3	0	1	0	1	3	0.00000e+00	0.00000e+00	0.00000e+00
#######################################################################
# FBH Up                                                              #
#######################################################################
4	0	0	0	2	3	-5.62952e-03	8.96903e-01	-3.53273e+01
4	0	1	0	2	3	-4.29399e-03	7.37975e-01	-3.00049e+01
4	0	2	0	2	3	-5.26894e-03	8.67305e-01	-3.38992e+01
4	0	3	0	2	3	-3.80183e-03	6.69237e-01	-2.72260e+01
4	0	4	0	2	3	-4.35014e-03	7.35785e-01	-2.92008e+01
4	0	5	0	2	3	-4.02541e-03	6.86907e-01	-2.70312e+01
4	0	6	0	2	3	-4.16660e-03	7.08229e-01	-2.81512e+01
4	0	7	0	2	3	-3.93117e-03	6.84759e-01	-2.69101e+01
4	0	8	0	2	3	-4.14423e-03	6.96902e-01	-2.65883e+01
4	0	9	0	2	3	-2.83372e-03	5.62925e-01	-2.20787e+01
4	0	10	0	2	3	-4.07944e-03	7.09420e-01	-2.75603e+01
4	0	11	0	2	3	-3.50961e-03	6.50113e-01	-2.64167e+01
4	0	12	0	2	3	-3.52415e-03	6.49734e-01	-2.67232e+01
4	0	13	0	2	3	-4.13420e-03	7.26957e-01	-2.99675e+01
4	0	14	0	2	3	-4.90315e-03	8.27563e-01	-3.35630e+01
4	0	15	0	2	3	-4.73048e-03	8.13189e-01	-3.31901e+01
#######################################################################
# FBH Down                                                            #
#######################################################################
4	0	0	1	2	3	-5.62952e-03	8.96903e-01	-3.53273e+01
4	0	1	1	2	3	-4.29399e-03	7.37975e-01	-3.00049e+01
4	0	2	1	2	3	-5.26894e-03	8.67305e-01	-3.38992e+01
4	0	3	1	2	3	-3.80183e-03	6.69237e-01	-2.72260e+01
4	0	4	1	2	3	-4.35014e-03	7.35785e-01	-2.92008e+01
4	0	5	1	2	3	-4.02541e-03	6.86907e-01	-2.70312e+01
4	0	6	1	2	3	-4.16660e-03	7.08229e-01	-2.81512e+01
4	0	7	1	2	3	-3.93117e-03	6.84759e-01	-2.69101e+01
4	0	8	1	2	3	-4.14423e-03	6.96902e-01	-2.65883e+01
4	0	9	1	2	3	-2.83372e-03	5.62925e-01	-2.20787e+01
4	0	10	1	2	3	-4.07944e-03	7.09420e-01	-2.75603e+01
4	0	11	1	2	3	-3.50961e-03	6.50113e-01	-2.64167e+01
4	0	12	1	2	3	-3.52415e-03	6.49734e-01	-2.67232e+01
4	0	13	1	2	3	-4.13420e-03	7.26957e-01	-2.99675e+01
4	0	14	1	2	3	-4.90315e-03	8.27563e-01	-3.35630e+01
4	0	15	1	2	3	-4.73048e-03	8.13189e-01	-3.31901e+01
#######################################################################
# PVAC                                                                #
#######################################################################
5	0	0	0	1	3	0.00000e+00	0.00000e+00	0.00000e+00
#######################################################################
# FAC                                                                 #
#######################################################################
6	0	0	0	1	3	0.00000e+00	0.00000e+00	0.00000e+00
#######################################################################
# SCH                                                                 #
#######################################################################
#7	0	0	0	2	3	-0.00500000	0.821213	-32.185321
#7	0	1	0	2	3	-0.00500000	0.830248	-32.269563
#7	0	2	0	2	3	-0.00500000	0.793073	-29.315934
#7	0	3	0	2	3	-0.00500000	0.772144	-28.276705
#7	0	4	0	2	3	-0.00500000	0.801968	-30.687167
#7	0	5	0	2	3	-0.00500000	0.778300	-28.439251
#7	0	6	0	2	3	-0.00500000	0.765872	-27.918181
#7	0	7	0	2	3	-0.00500000	0.738459	-26.016797
#7	0	8	0	2	3	-0.00500000	0.778318	-28.676371
#7	0	9	0	2	3	-0.00500000	0.776670	-28.892887
#7	0	10	0	2	3	-0.00500000	0.764278	-28.122474
#7	0	11	0	2	3	-0.00500000	0.790742	-29.423647
#7	0	12	0	2	3	-0.00500000	0.811330	-30.487019
#7	0	13	0	2	3	-0.00500000	0.818750	-30.891512
#7	0	14	0	2	3	-0.00500000	0.802541	-30.009136
#7	0	15	0	2	3	-0.00500000	0.809525	-30.751746
#7	0	16	0	2	3	-0.00500000	0.802597	-30.845509
#7	0	17	0	2	3	-0.00500000	0.835028	-32.780792
#7	0	18	0	2	3	-0.00500000	0.859176	-33.938731
#7	0	19	0	2	3	-0.00500000	0.814851	-31.445396
#7	0	20	0	2	3	-0.00500000	0.809426	-30.781087
#7	0	21	0	2	3	-0.00500000	0.780678	-28.888756
#7	0	22	0	2	3	-0.00500000	0.808206	-30.719604
#7	0	23	0	2	3	-0.00500000	0.774024	-27.858339
#7	0	24	0	2	3	-0.00500000	0.794308	-29.022101
#7	0	25	0	2	3	-0.00500000	0.775649	-27.980186
#7	0	26	0	2	3	-0.00500000	0.788483	-28.687567
#7	0	27	0	2	3	-0.00466315	0.771386	-29.253260
#7	0	28	0	2	3	-0.00483132	0.790854	-28.637741
#7	0	29	0	2	3	-0.00497049	0.812994	-30.786914
#7	0	30	0	2	3	-0.00500000	0.787793	-28.362716
#7	0	31	0	2	3	-0.00500000	0.790759	-28.876812
#7	0	32	0	2	3	-0.00500000	0.824826	-31.655285
#7	0	33	0	2	3	-0.00500000	0.845304	-33.407765
#7	0	34	0	2	3	-0.00500000	0.832263	-32.939799
#7	0	35	0	2	3	-0.00500000	0.820631	-31.695372
#7	0	36	0	2	3	-0.00500000	0.836997	-33.200590
#7	0	37	0	2	3	-0.00500000	0.819690	-32.097193
#7	0	38	0	2	3	-0.00500000	0.808109	-31.263214
#7	0	39	0	2	3	-0.00500000	0.815224	-31.135523
#7	0	40	0	2	3	-0.00500000	0.803398	-29.897923
#7	0	41	0	2	3	-0.00500000	0.815685	-31.165519
#7	0	42	0	2	3	-0.00500000	0.812980	-30.737261
#7	0	43	0	2	3	-0.00500000	0.829418	-32.693307
#7	0	44	0	2	3	-0.00500000	0.789530	-29.464920
#7	0	45	0	2	3	-0.00500000	0.804789	-31.208151
#7	0	46	0	2	3	-0.00500000	0.830106	-32.806514
#7	0	47	0	2	3	-0.00500000	0.819206	-31.373242
#7	0	48	0	2	3	-0.00500000	0.816165	-31.709319
#7	0	49	0	2	3	-0.00500000	0.798496	-30.201709
#7	0	50	0	2	3	-0.00500000	0.812167	-31.795745
#7	0	51	0	2	3	-0.00500000	0.810749	-31.375226
#7	0	52	0	2	3	-0.00500000	0.803385	-31.372512
#7	0	53	0	2	3	-0.00500000	0.777405	-29.262831
#7	0	54	0	2	3	-0.00500000	0.783954	-29.763410
#7	0	55	0	2	3	-0.00500000	0.789443	-29.976449
#7	0	56	0	2	3	-0.00500000	0.838828	-33.261086
#7	0	57	0	2	3	-0.00500000	0.804421	-30.573195
#7	0	58	0	2	3	-0.00500000	0.773283	-29.111048
#7	0	59	0	2	3	-0.00500000	0.811789	-31.449459
#7	0	60	0	2	3	-0.00500000	0.759724	-28.110014
#7	0	61	0	2	3	-0.00500000	0.810884	-31.379063
#7	0	62	0	2	3	-0.00500000	0.771910	-28.435006
#7	0	63	0	2	3	-0.00500000	0.796658	-30.511906
#######################################################################
# TOF Up                                                              #
#######################################################################
7	0	0	0	1	3	5.24830e+00	-1.96630e+00	2.96170e+00
7	0	1	0	1	3	5.24830e+00	-1.96630e+00	2.96170e+00
7	0	2	0	1	3	5.24830e+00	-1.96630e+00	2.96170e+00
7	0	3	0	1	3	5.24830e+00	-1.96630e+00	2.96170e+00
7	0	4	0	1	3	5.24830e+00	-1.96630e+00	2.96170e+00
7	0	5	0	1	3	5.24830e+00	-1.96630e+00	2.96170e+00
7	0	6	0	1	3	6.97090e+00	-3.03520e+00	3.39910e+00
7	0	7	0	1	3	4.05450e+00	-1.96150e+00	2.30360e+00
7	0	8	0	1	3	1.16940e+02	-2.98600e+01	2.09880e+01
7	0	9	0	1	3	5.24830e+00	-1.96630e+00	2.96170e+00
7	0	10	0	1	3	5.24830e+00	-1.96630e+00	2.96170e+00
7	0	11	0	1	3	5.24830e+00	-1.96630e+00	2.96170e+00
7	0	12	0	1	3	5.24830e+00	-1.96630e+00	2.96170e+00
7	0	13	0	1	3	5.24830e+00	-1.96630e+00	2.96170e+00
7	0	14	0	1	3	5.24830e+00	-1.96630e+00	2.96170e+00
7	0	15	0	1	3	5.24830e+00	-1.96630e+00	2.96170e+00
7	0	16	0	1	3	5.24830e+00	-1.96630e+00	2.96170e+00
7	0	17	0	1	3	5.24830e+00	-1.96630e+00	2.96170e+00
7	0	18	0	1	3	5.24830e+00	-1.96630e+00	2.96170e+00
7	0	19	0	1	3	7.11491e-01	1.85180e-03	5.82402e-01
7	0	20	0	1	3	5.59404e-01	-1.73810e-03	4.50716e-01
7	0	21	0	1	3	8.92499e-01	1.99900e-03	7.37364e-01
7	0	22	0	1	3	6.37553e-01	1.99960e-03	5.45449e-01
7	0	23	0	1	3	1.19210e+00	1.98920e-03	9.99994e-01
#######################################################################
# TOF Down                                                            #
#######################################################################
7	0	0	1	1	3	5.84300e+00	-2.30730e+00	3.11320e+00
7	0	1	1	1	3	5.84300e+00	-2.30730e+00	3.11320e+00
7	0	2	1	1	3	5.84300e+00	-2.30730e+00	3.11320e+00
7	0	3	1	1	3	5.84300e+00	-2.30730e+00	3.11320e+00
7	0	4	1	1	3	5.84300e+00	-2.30730e+00	3.11320e+00
7	0	5	1	1	3	5.84300e+00	-2.30730e+00	3.11320e+00
7	0	6	1	1	3	1.41330e+01	-5.81170e+00	5.32680e+00
7	0	7	1	1	3	7.84850e+01	-2.02870e+01	1.69500e+01
7	0	8	1	1	3	2.20240e+02	-3.62440e+01	3.60080e+01
7	0	9	1	1	3	5.84300e+00	-2.30730e+00	3.11320e+00
7	0	10	1	1	3	5.84300e+00	-2.30730e+00	3.11320e+00
7	0	11	1	1	3	5.84300e+00	-2.30730e+00	3.11320e+00
7	0	12	1	1	3	5.84300e+00	-2.30730e+00	3.11320e+00
7	0	13	1	1	3	5.84300e+00	-2.30730e+00	3.11320e+00
7	0	14	1	1	3	5.84300e+00	-2.30730e+00	3.11320e+00
7	0	15	1	1	3	5.84300e+00	-2.30730e+00	3.11320e+00
7	0	16	1	1	3	5.84300e+00	-2.30730e+00	3.11320e+00
7	0	17	1	1	3	5.84300e+00	-2.30730e+00	3.11320e+00
7	0	18	1	1	3	5.84300e+00	-2.30730e+00	3.11320e+00
7	0	19	1	1	3	6.18741e-01	1.99860e-03	4.90831e-01
7	0	20	1	1	3	5.75901e-01	1.04210e-03	4.72509e-01
7	0	21	1	1	3	9.41046e-01	1.99890e-03	7.79357e-01
7	0	22	1	1	3	4.84266e-01	-1.95590e-03	3.99786e-01
7	0	23	1	1	3	8.97714e-01	1.99860e-03	7.56300e-01
#######################################################################
# BFT U                                                               #
#######################################################################
110	0	0	0	2	3	2.75854e-03	-4.79065e-01	1.34457e+01
110	0	1	0	2	3	4.21937e-03	-5.67235e-01	1.46986e+01
110	0	2	0	2	3	4.91784e-03	-6.43918e-01	1.62704e+01
110	0	3	0	2	3	4.16163e-03	-5.86307e-01	1.43389e+01
110	0	4	0	2	3	3.76003e-03	-5.61022e-01	1.52076e+01
110	0	5	0	2	3	3.64253e-03	-5.35815e-01	1.48706e+01
110	0	6	0	2	3	3.22800e-03	-5.27695e-01	1.39702e+01
110	0	7	0	2	3	4.06314e-03	-5.66712e-01	1.51292e+01
110	0	8	0	2	3	3.76068e-03	-5.57294e-01	1.45278e+01
110	0	9	0	2	3	4.30484e-03	-5.89203e-01	1.64599e+01
110	0	10	0	2	3	3.28290e-03	-5.23752e-01	1.31642e+01
110	0	11	0	2	3	5.43353e-03	-6.69506e-01	1.78931e+01
110	0	12	0	2	3	4.24380e-03	-5.84974e-01	1.43911e+01
110	0	13	0	2	3	3.79610e-03	-5.44827e-01	1.54739e+01
110	0	14	0	2	3	3.75625e-03	-5.56220e-01	1.38497e+01
110	0	15	0	2	3	4.21953e-03	-5.92131e-01	1.66620e+01
110	0	16	0	2	3	3.84754e-03	-5.55930e-01	1.36443e+01
110	0	17	0	2	3	3.91253e-03	-5.59449e-01	1.54995e+01
110	0	18	0	2	3	4.16683e-03	-5.86708e-01	1.42434e+01
110	0	19	0	2	3	4.59101e-03	-6.17256e-01	1.46798e+01
110	0	20	0	2	3	2.97950e-03	-5.01346e-01	1.33350e+01
110	0	21	0	2	3	3.43047e-03	-5.24403e-01	1.61677e+01
110	0	22	0	2	3	4.36814e-03	-6.05055e-01	1.50862e+01
110	0	23	0	2	3	3.78208e-03	-5.50679e-01	1.54475e+01
110	0	24	0	2	3	4.72071e-03	-6.24951e-01	1.58004e+01
110	0	25	0	2	3	3.73836e-03	-5.38566e-01	1.55657e+01
110	0	26	0	2	3	3.47572e-03	-5.40658e-01	1.49802e+01
110	0	27	0	2	3	4.72332e-03	-6.10015e-01	1.62319e+01
110	0	28	0	2	3	3.45661e-03	-5.37525e-01	1.24382e+01
110	0	29	0	2	3	4.42329e-03	-5.88144e-01	1.54097e+01
110	0	30	0	2	3	3.72355e-03	-5.57650e-01	1.40736e+01
110	0	31	0	2	3	3.88413e-03	-5.56545e-01	1.54143e+01
110	0	32	0	2	3	3.61544e-03	-5.52904e-01	1.43487e+01
110	0	33	0	2	3	4.62274e-03	-5.88833e-01	1.41597e+01
110	0	34	0	2	3	4.38598e-03	-6.00239e-01	1.48084e+01
110	0	35	0	2	3	4.90928e-03	-6.41034e-01	1.70492e+01
110	0	36	0	2	3	3.58611e-03	-5.35092e-01	1.34987e+01
110	0	37	0	2	3	4.06717e-03	-5.74219e-01	1.67009e+01
110	0	38	0	2	3	4.38792e-03	-5.95142e-01	1.40991e+01
110	0	39	0	2	3	4.73162e-03	-6.22630e-01	1.63628e+01
110	0	40	0	2	3	3.89992e-03	-5.58598e-01	1.38152e+01
110	0	41	0	2	3	3.97550e-03	-5.60777e-01	1.62154e+01
110	0	42	0	2	3	4.30223e-03	-5.87928e-01	1.48873e+01
110	0	43	0	2	3	4.64350e-03	-6.23398e-01	1.70999e+01
110	0	44	0	2	3	3.54200e-03	-5.42203e-01	1.37969e+01
110	0	45	0	2	3	4.23463e-03	-5.79150e-01	1.61141e+01
110	0	46	0	2	3	4.31992e-03	-6.06364e-01	1.51477e+01
110	0	47	0	2	3	4.53679e-03	-6.15512e-01	1.79999e+01
110	0	48	0	2	3	3.90605e-03	-5.58686e-01	1.29182e+01
110	0	49	0	2	3	4.45754e-03	-5.97767e-01	1.69110e+01
110	0	50	0	2	3	4.62118e-03	-6.15951e-01	1.53938e+01
110	0	51	0	2	3	4.50019e-03	-6.02000e-01	1.58708e+01
110	0	52	0	2	3	3.73085e-03	-5.47086e-01	1.33013e+01
110	0	53	0	2	3	4.21137e-03	-5.76821e-01	1.52764e+01
110	0	54	0	2	3	4.38382e-03	-5.99078e-01	1.47074e+01
110	0	55	0	2	3	4.84604e-03	-6.29636e-01	1.72994e+01
110	0	56	0	2	3	3.91926e-03	-5.76541e-01	1.53670e+01
110	0	57	0	2	3	4.59927e-03	-6.10039e-01	1.66013e+01
110	0	58	0	2	3	4.08474e-03	-5.81770e-01	1.55207e+01
110	0	59	0	2	3	4.09837e-03	-5.89863e-01	1.66418e+01
110	0	60	0	2	3	3.77115e-03	-5.62872e-01	1.38093e+01
110	0	61	0	2	3	3.76079e-03	-5.49769e-01	1.52412e+01
110	0	62	0	2	3	4.94126e-03	-6.38699e-01	1.52978e+01
110	0	63	0	2	3	4.25524e-03	-5.90108e-01	1.49096e+01
110	0	64	0	2	3	3.68668e-03	-5.56392e-01	1.42846e+01
110	0	65	0	2	3	4.14408e-03	-5.80141e-01	1.57322e+01
110	0	66	0	2	3	4.48663e-03	-6.23883e-01	1.67599e+01
110	0	67	0	2	3	3.97761e-03	-5.72229e-01	1.58117e+01
110	0	68	0	2	3	3.83804e-03	-5.75606e-01	1.51957e+01
110	0	69	0	2	3	3.71848e-03	-5.46713e-01	1.46581e+01
110	0	70	0	2	3	4.07131e-03	-5.99167e-01	1.46325e+01
110	0	71	0	2	3	4.31608e-03	-5.97794e-01	1.60228e+01
110	0	72	0	2	3	3.89485e-03	-5.74166e-01	1.39301e+01
110	0	73	0	2	3	4.30153e-03	-5.99242e-01	1.54877e+01
110	0	74	0	2	3	4.49781e-03	-6.24829e-01	1.59530e+01
110	0	75	0	2	3	4.54140e-03	-6.07472e-01	1.57700e+01
110	0	76	0	2	3	3.70299e-03	-5.54861e-01	1.36601e+01
110	0	77	0	2	3	3.85491e-03	-5.62757e-01	1.53751e+01
110	0	78	0	2	3	4.59641e-03	-6.28779e-01	1.53233e+01
110	0	79	0	2	3	4.46110e-03	-6.03014e-01	1.56606e+01
110	0	80	0	2	3	4.05133e-03	-5.80129e-01	1.51565e+01
110	0	81	0	2	3	4.32311e-03	-5.85609e-01	1.53357e+01
110	0	82	0	2	3	4.33877e-03	-6.00289e-01	1.50564e+01
110	0	83	0	2	3	4.71091e-03	-6.25314e-01	1.59703e+01
110	0	84	0	2	3	3.66529e-03	-5.53297e-01	1.41652e+01
110	0	85	0	2	3	3.98824e-03	-5.68695e-01	1.54437e+01
110	0	86	0	2	3	4.77805e-03	-6.44654e-01	1.55994e+01
110	0	87	0	2	3	4.42248e-03	-6.11652e-01	1.65184e+01
110	0	88	0	2	3	4.04756e-03	-5.74238e-01	1.48069e+01
110	0	89	0	2	3	4.13034e-03	-5.83348e-01	1.53121e+01
110	0	90	0	2	3	4.57718e-03	-6.20499e-01	1.48472e+01
110	0	91	0	2	3	4.55204e-03	-6.19705e-01	1.55256e+01
110	0	92	0	2	3	4.07029e-03	-5.94548e-01	1.53099e+01
110	0	93	0	2	3	3.98965e-03	-5.70670e-01	1.48161e+01
110	0	94	0	2	3	4.66736e-03	-6.47770e-01	1.72765e+01
110	0	95	0	2	3	4.22596e-03	-5.95614e-01	1.59523e+01
110	0	96	0	2	3	4.29226e-03	-6.08984e-01	1.51791e+01
110	0	97	0	2	3	3.67982e-03	-5.50545e-01	1.52489e+01
110	0	98	0	2	3	4.24253e-03	-6.09009e-01	1.51718e+01
110	0	99	0	2	3	4.48925e-03	-6.05338e-01	1.58436e+01
110	0	100	0	2	3	3.96905e-03	-5.77485e-01	1.50672e+01
110	0	101	0	2	3	4.03723e-03	-5.75784e-01	1.55775e+01
110	0	102	0	2	3	4.83031e-03	-6.45494e-01	1.65886e+01
110	0	103	0	2	3	5.06394e-03	-6.53684e-01	1.65377e+01
110	0	104	0	2	3	4.16321e-03	-5.93735e-01	1.45014e+01
110	0	105	0	2	3	4.26553e-03	-5.90246e-01	1.52757e+01
110	0	106	0	2	3	4.56087e-03	-6.24948e-01	1.61647e+01
110	0	107	0	2	3	4.77233e-03	-6.26521e-01	1.54163e+01
110	0	108	0	2	3	3.54965e-03	-5.54345e-01	1.47102e+01
110	0	109	0	2	3	4.03569e-03	-5.76432e-01	1.49419e+01
110	0	110	0	2	3	4.10085e-03	-5.92514e-01	1.53582e+01
110	0	111	0	2	3	5.17224e-03	-6.68768e-01	1.67812e+01
110	0	112	0	2	3	3.66874e-03	-5.50299e-01	1.32770e+01
110	0	113	0	2	3	4.17438e-03	-5.85226e-01	1.50877e+01
110	0	114	0	2	3	4.86335e-03	-6.47655e-01	1.64673e+01
110	0	115	0	2	3	4.72458e-03	-6.21906e-01	1.56517e+01
110	0	116	0	2	3	4.34671e-03	-6.07977e-01	1.52111e+01
110	0	117	0	2	3	4.24469e-03	-5.88999e-01	1.60670e+01
110	0	118	0	2	3	4.57535e-03	-6.27874e-01	1.62664e+01
110	0	119	0	2	3	4.14016e-03	-5.78070e-01	1.39869e+01
110	0	120	0	2	3	3.96715e-03	-5.83824e-01	1.49177e+01
110	0	121	0	2	3	4.69977e-03	-6.18551e-01	1.42698e+01
110	0	122	0	2	3	5.02740e-03	-6.66354e-01	1.76308e+01
110	0	123	0	2	3	5.32247e-03	-6.67117e-01	1.67597e+01
110	0	124	0	2	3	4.21367e-03	-5.97910e-01	1.57566e+01
110	0	125	0	2	3	4.47532e-03	-5.94425e-01	1.31352e+01
110	0	126	0	2	3	4.17214e-03	-5.85568e-01	1.46858e+01
110	0	127	0	2	3	4.19184e-03	-5.82791e-01	1.49546e+01
110	0	128	0	2	3	2.88839e-03	-5.32286e-01	1.52636e+01
110	0	129	0	2	3	3.54470e-03	-5.72825e-01	1.56144e+01
110	0	130	0	2	3	2.82526e-03	-5.26756e-01	1.51936e+01
110	0	131	0	2	3	3.54875e-03	-5.35298e-01	1.44894e+01
110	0	132	0	2	3	3.29495e-03	-5.42175e-01	1.54809e+01
110	0	133	0	2	3	2.57579e-03	-4.84434e-01	1.40008e+01
110	0	134	0	2	3	3.82020e-03	-5.91188e-01	1.59470e+01
110	0	135	0	2	3	2.63912e-03	-4.83452e-01	1.31341e+01
110	0	136	0	2	3	3.62503e-03	-5.66913e-01	1.48523e+01
110	0	137	0	2	3	3.68327e-03	-5.73299e-01	1.60729e+01
110	0	138	0	2	3	2.17424e-03	-4.52782e-01	1.33878e+01
110	0	139	0	2	3	2.57723e-03	-4.91853e-01	1.30646e+01
110	0	140	0	2	3	1.98304e-03	-4.57202e-01	1.41388e+01
110	0	141	0	2	3	6.11102e-03	-7.55804e-01	1.82559e+01
110	0	142	0	2	3	3.08817e-03	-5.24954e-01	1.44795e+01
110	0	143	0	2	3	3.83326e-03	-5.58948e-01	1.44675e+01
110	0	144	0	2	3	3.72840e-03	-5.75368e-01	1.46737e+01
110	0	145	0	2	3	7.80160e-04	-3.51345e-01	1.05129e+01
110	0	146	0	2	3	5.76887e-03	-7.17409e-01	1.78564e+01
110	0	147	0	2	3	5.56169e-03	-6.96417e-01	1.77942e+01
110	0	148	0	2	3	1.13640e-02	-1.13609e+00	2.50315e+01
110	0	149	0	2	3	6.79113e-03	-7.86439e-01	1.92945e+01
110	0	150	0	2	3	-5.75667e-03	1.35290e-01	2.62441e+00
110	0	151	0	2	3	-2.99305e-03	-7.51406e-02	6.49716e+00
110	0	152	0	2	3	6.88849e-04	-3.68814e-01	1.27809e+01
110	0	153	0	2	3	-3.39187e-03	-6.57513e-02	6.88516e+00
110	0	154	0	2	3	3.62808e-03	-5.58495e-01	1.46526e+01
110	0	155	0	2	3	2.55682e-03	-4.81845e-01	1.21652e+01
110	0	156	0	2	3	2.94040e-03	-5.11242e-01	1.44868e+01
110	0	157	0	2	3	5.44713e-03	-6.96002e-01	1.80393e+01
110	0	158	0	2	3	-5.79702e-03	1.42368e-01	1.90721e+00
110	0	159	0	2	3	-1.90477e-03	-1.66949e-01	8.12892e+00
#######################################################################
# BFT D                                                               #
#######################################################################
110	1	0	0	2	3	4.26810e-03	-5.94023e-01	1.70404e+01
110	1	1	0	2	3	2.63280e-03	-4.79102e-01	1.45895e+01
110	1	2	0	2	3	3.98439e-03	-5.86116e-01	1.61546e+01
110	1	3	0	2	3	4.02607e-03	-5.78418e-01	1.67752e+01
110	1	4	0	2	3	3.70994e-03	-5.57256e-01	1.55013e+01
110	1	5	0	2	3	2.80488e-03	-4.98186e-01	1.55883e+01
110	1	6	0	2	3	4.01144e-03	-5.84017e-01	1.48779e+01
110	1	7	0	2	3	3.39080e-03	-5.30371e-01	1.54103e+01
110	1	8	0	2	3	2.65747e-03	-4.89040e-01	1.47243e+01
110	1	9	0	2	3	2.72222e-03	-4.95017e-01	1.64487e+01
110	1	10	0	2	3	3.46721e-03	-5.43037e-01	1.53641e+01
110	1	11	0	2	3	4.72159e-03	-6.31734e-01	1.71412e+01
110	1	12	0	2	3	3.99397e-03	-5.81015e-01	1.53482e+01
110	1	13	0	2	3	3.23680e-03	-5.21733e-01	1.58898e+01
110	1	14	0	2	3	3.10151e-03	-5.29012e-01	1.44099e+01
110	1	15	0	2	3	4.59486e-03	-6.19123e-01	1.75138e+01
110	1	16	0	2	3	3.61164e-03	-5.59458e-01	1.51798e+01
110	1	17	0	2	3	3.28566e-03	-5.21695e-01	1.49751e+01
110	1	18	0	2	3	3.53646e-03	-5.53628e-01	1.44731e+01
110	1	19	0	2	3	3.02244e-03	-5.03497e-01	1.50295e+01
110	1	20	0	2	3	3.81829e-03	-5.76767e-01	1.58191e+01
110	1	21	0	2	3	2.88497e-03	-5.01235e-01	1.61207e+01
110	1	22	0	2	3	3.74761e-03	-5.60775e-01	1.50081e+01
110	1	23	0	2	3	3.95410e-03	-5.60117e-01	1.60823e+01
110	1	24	0	2	3	3.51538e-03	-5.49443e-01	1.58390e+01
110	1	25	0	2	3	3.54869e-03	-5.42328e-01	1.60923e+01
110	1	26	0	2	3	4.25176e-03	-6.02069e-01	1.56075e+01
110	1	27	0	2	3	3.42148e-03	-5.34035e-01	1.66762e+01
110	1	28	0	2	3	3.69164e-03	-5.62544e-01	1.59610e+01
110	1	29	0	2	3	3.61573e-03	-5.48570e-01	1.63740e+01
110	1	30	0	2	3	4.19772e-03	-5.98176e-01	1.58534e+01
110	1	31	0	2	3	3.77998e-03	-5.65709e-01	1.68135e+01
110	1	32	0	2	3	3.71285e-03	-5.65930e-01	1.65529e+01
110	1	33	0	2	3	3.32521e-03	-5.36956e-01	1.52035e+01
110	1	34	0	2	3	4.10496e-03	-5.81401e-01	1.49822e+01
110	1	35	0	2	3	4.44214e-03	-6.20170e-01	1.78741e+01
110	1	36	0	2	3	3.67363e-03	-5.53718e-01	1.57938e+01
110	1	37	0	2	3	3.50235e-03	-5.36504e-01	1.42935e+01
110	1	38	0	2	3	4.24000e-03	-5.94734e-01	1.66758e+01
110	1	39	0	2	3	3.88129e-03	-5.63684e-01	1.57554e+01
110	1	40	0	2	3	4.13977e-03	-5.86382e-01	1.52169e+01
110	1	41	0	2	3	3.99589e-03	-5.70631e-01	1.62813e+01
110	1	42	0	2	3	4.05578e-03	-5.77005e-01	1.55441e+01
110	1	43	0	2	3	3.86507e-03	-5.64810e-01	1.70003e+01
110	1	44	0	2	3	4.13408e-03	-5.93072e-01	1.55137e+01
110	1	45	0	2	3	3.54866e-03	-5.43800e-01	1.61020e+01
110	1	46	0	2	3	3.97977e-03	-5.84802e-01	1.53745e+01
110	1	47	0	2	3	3.91326e-03	-5.89033e-01	1.79029e+01
110	1	48	0	2	3	3.95305e-03	-5.75977e-01	1.58723e+01
110	1	49	0	2	3	3.61602e-03	-5.40919e-01	1.61977e+01
110	1	50	0	2	3	4.22759e-03	-5.95372e-01	1.51452e+01
110	1	51	0	2	3	4.39543e-03	-6.06292e-01	1.71389e+01
110	1	52	0	2	3	4.03532e-03	-5.91305e-01	1.54233e+01
110	1	53	0	2	3	3.58128e-03	-5.46098e-01	1.63542e+01
110	1	54	0	2	3	4.52826e-03	-6.24823e-01	1.69242e+01
110	1	55	0	2	3	4.14942e-03	-5.89756e-01	1.69851e+01
110	1	56	0	2	3	3.90618e-03	-5.87545e-01	1.54443e+01
110	1	57	0	2	3	4.02013e-03	-5.80293e-01	1.65204e+01
110	1	58	0	2	3	4.16245e-03	-6.08988e-01	1.77488e+01
110	1	59	0	2	3	4.80396e-03	-6.49311e-01	1.90984e+01
110	1	60	0	2	3	3.63199e-03	-5.58755e-01	1.56039e+01
110	1	61	0	2	3	4.06934e-03	-5.70920e-01	1.58079e+01
110	1	62	0	2	3	3.84205e-03	-5.71569e-01	1.47866e+01
110	1	63	0	2	3	4.18302e-03	-5.92429e-01	1.70289e+01
110	1	64	0	2	3	3.83959e-03	-5.75809e-01	1.62825e+01
110	1	65	0	2	3	4.27788e-03	-5.98860e-01	1.64476e+01
110	1	66	0	2	3	4.67412e-03	-6.40690e-01	1.61330e+01
110	1	67	0	2	3	4.38242e-03	-6.10944e-01	1.58064e+01
110	1	68	0	2	3	3.61563e-03	-5.47819e-01	1.41154e+01
110	1	69	0	2	3	4.17768e-03	-5.92357e-01	1.64125e+01
110	1	70	0	2	3	4.21498e-03	-6.00477e-01	1.64766e+01
110	1	71	0	2	3	4.26458e-03	-6.06097e-01	1.69292e+01
110	1	72	0	2	3	3.65145e-03	-5.56898e-01	1.52092e+01
110	1	73	0	2	3	3.84859e-03	-5.75391e-01	1.68908e+01
110	1	74	0	2	3	4.22666e-03	-5.98980e-01	1.51194e+01
110	1	75	0	2	3	4.33837e-03	-6.09291e-01	1.63757e+01
110	1	76	0	2	3	3.70898e-03	-5.59489e-01	1.50633e+01
110	1	77	0	2	3	4.04326e-03	-5.89758e-01	1.60769e+01
110	1	78	0	2	3	4.22657e-03	-6.02251e-01	1.51866e+01
110	1	79	0	2	3	4.22048e-03	-5.96257e-01	1.60154e+01
110	1	80	0	2	3	3.87680e-03	-5.69479e-01	1.50883e+01
110	1	81	0	2	3	4.08958e-03	-5.82337e-01	1.50477e+01
110	1	82	0	2	3	4.34614e-03	-6.05819e-01	1.66509e+01
110	1	83	0	2	3	4.31287e-03	-5.93971e-01	1.55798e+01
110	1	84	0	2	3	3.68886e-03	-5.47830e-01	1.41686e+01
110	1	85	0	2	3	3.98594e-03	-5.72756e-01	1.51206e+01
110	1	86	0	2	3	4.34149e-03	-6.09643e-01	1.65345e+01
110	1	87	0	2	3	4.44432e-03	-6.04172e-01	1.44679e+01
110	1	88	0	2	3	3.78357e-03	-5.67325e-01	1.55359e+01
110	1	89	0	2	3	3.97617e-03	-5.81550e-01	1.50351e+01
110	1	90	0	2	3	4.25628e-03	-6.00674e-01	1.52508e+01
110	1	91	0	2	3	4.09547e-03	-5.82716e-01	1.58467e+01
110	1	92	0	2	3	3.66153e-03	-5.48987e-01	1.46866e+01
110	1	93	0	2	3	3.80275e-03	-5.66090e-01	1.52946e+01
110	1	94	0	2	3	3.99473e-03	-5.86372e-01	1.62198e+01
110	1	95	0	2	3	4.22036e-03	-6.01333e-01	1.56141e+01
110	1	96	0	2	3	3.66464e-03	-5.55891e-01	1.45800e+01
110	1	97	0	2	3	3.93814e-03	-5.73677e-01	1.57983e+01
110	1	98	0	2	3	4.44421e-03	-6.30250e-01	1.72907e+01
110	1	99	0	2	3	4.42391e-03	-6.07583e-01	1.56859e+01
110	1	100	0	2	3	3.44685e-03	-5.29187e-01	1.45665e+01
110	1	101	0	2	3	3.68613e-03	-5.54973e-01	1.53441e+01
110	1	102	0	2	3	4.36380e-03	-6.15341e-01	1.61434e+01
110	1	103	0	2	3	4.38610e-03	-6.07202e-01	1.56394e+01
110	1	104	0	2	3	4.03405e-03	-5.83247e-01	1.55609e+01
110	1	105	0	2	3	4.18848e-03	-5.87892e-01	1.56062e+01
110	1	106	0	2	3	4.50260e-03	-6.21965e-01	1.70011e+01
110	1	107	0	2	3	4.94655e-03	-6.45547e-01	1.64250e+01
110	1	108	0	2	3	3.60333e-03	-5.53480e-01	1.57759e+01
110	1	109	0	2	3	3.46576e-03	-5.40710e-01	1.53803e+01
110	1	110	0	2	3	4.30741e-03	-6.10011e-01	1.60635e+01
110	1	111	0	2	3	4.44132e-03	-6.20176e-01	1.73889e+01
110	1	112	0	2	3	4.19606e-03	-5.95527e-01	1.55695e+01
110	1	113	0	2	3	4.40809e-03	-6.06433e-01	1.60555e+01
110	1	114	0	2	3	4.32789e-03	-6.12594e-01	1.57485e+01
110	1	115	0	2	3	4.76634e-03	-6.33263e-01	1.62272e+01
110	1	116	0	2	3	3.95859e-03	-5.79794e-01	1.54823e+01
110	1	117	0	2	3	3.86212e-03	-5.69584e-01	1.53838e+01
110	1	118	0	2	3	4.13027e-03	-5.93810e-01	1.48668e+01
110	1	119	0	2	3	4.80375e-03	-6.34575e-01	1.66020e+01
110	1	120	0	2	3	3.06641e-03	-5.18385e-01	1.41785e+01
110	1	121	0	2	3	3.83009e-03	-5.63205e-01	1.50085e+01
110	1	122	0	2	3	4.25415e-03	-6.12275e-01	1.72525e+01
110	1	123	0	2	3	3.47144e-03	-5.46404e-01	1.62807e+01
110	1	124	0	2	3	4.58416e-03	-6.15203e-01	1.53668e+01
110	1	125	0	2	3	3.69301e-03	-5.61266e-01	1.53986e+01
110	1	126	0	2	3	4.87423e-03	-6.44645e-01	1.66247e+01
110	1	127	0	2	3	3.67637e-03	-5.59383e-01	1.52025e+01
110	1	128	0	2	3	3.90560e-03	-5.99107e-01	1.65839e+01
110	1	129	0	2	3	4.87961e-03	-6.69405e-01	1.77983e+01
110	1	130	0	2	3	3.64649e-03	-5.77020e-01	1.52457e+01
110	1	131	0	2	3	4.75148e-03	-6.34281e-01	1.63849e+01
110	1	132	0	2	3	4.27188e-03	-6.13599e-01	1.67965e+01
110	1	133	0	2	3	5.59178e-03	-6.93790e-01	1.71877e+01
110	1	134	0	2	3	4.73616e-03	-6.50114e-01	1.73659e+01
110	1	135	0	2	3	4.39894e-03	-6.05580e-01	1.59978e+01
110	1	136	0	2	3	4.41498e-03	-6.40864e-01	1.78102e+01
110	1	137	0	2	3	5.41528e-03	-6.83563e-01	1.75286e+01
110	1	138	0	2	3	3.18267e-03	-5.41672e-01	1.51139e+01
110	1	139	0	2	3	4.34775e-03	-6.19564e-01	1.67288e+01
110	1	140	0	2	3	2.23011e-03	-4.59156e-01	1.32346e+01
110	1	141	0	2	3	4.02284e-03	-5.87297e-01	1.53435e+01
110	1	142	0	2	3	5.19721e-03	-6.74724e-01	1.68285e+01
110	1	143	0	2	3	-2.00129e-04	-2.60287e-01	9.88566e+00
110	1	144	0	2	3	3.75598e-03	-5.81498e-01	1.67766e+01
110	1	145	0	2	3	6.42569e-03	-7.39002e-01	1.79572e+01
110	1	146	0	2	3	-1.98644e-03	-1.50534e-01	7.73704e+00
110	1	147	0	2	3	4.62292e-03	-6.12826e-01	1.49905e+01
110	1	148	0	2	3	5.54703e-03	-7.07553e-01	1.74015e+01
110	1	149	0	2	3	6.91877e-03	-7.94315e-01	1.97666e+01
110	1	150	0	2	3	5.05032e-03	-6.68267e-01	1.76120e+01
110	1	151	0	2	3	4.85375e-03	-6.43258e-01	1.64952e+01
110	1	152	0	2	3	-6.55888e-04	-2.49847e-01	1.05756e+01
110	1	153	0	2	3	-2.54104e-03	-1.07449e-01	7.85569e+00
110	1	154	0	2	3	4.46417e-03	-6.36837e-01	1.71836e+01
110	1	155	0	2	3	6.78991e-03	-7.74891e-01	1.77482e+01
110	1	156	0	2	3	4.71186e-03	-6.42462e-01	1.69299e+01
110	1	157	0	2	3	3.72193e-03	-5.76665e-01	1.65313e+01
110	1	158	0	2	3	-1.05536e-02	4.97443e-01	-3.53959e+00
110	1	159	0	2	3	-1.07492e-02	5.06960e-01	-3.09859e+00
