##
#  file: HodoPHCParam_Dummy
#  date: 2016.06.15
#  note: first version
#
#
#######################################################################
# CId	PlId	Seg	UorD	Type	nParam	p0	p1	...
#
#	Type=0 no correction will be performed
#	Type=1 ct=t-p[0]/sqrt(a-p[1])+p[2]
#	Type=2 ct=p[0]*a*a + p[1]*a + p[2] for Fiber
#
#######################################################################
# BH1 Up                                                              #
#######################################################################
1	0	0	0	1	3	5.08705e+00	-1.98362e+00	2.93454e+00
1	0	1	0	1	3	6.69706e-01	2.91546e-01	8.10244e-01
1	0	2	0	1	3	5.01779e-01	3.94271e-01	6.64278e-01
1	0	3	0	1	3	7.45330e-01	1.66754e-01	8.56036e-01
1	0	4	0	1	3	8.52890e-01	8.60054e-02	9.27134e-01
1	0	5	0	1	3	1.69981e+00	-1.50393e-01	1.62794e+00
1	0	6	0	1	3	1.58582e+00	-2.35346e-01	1.46587e+00
1	0	7	0	1	3	1.61970e+00	-1.46184e-01	1.54504e+00
1	0	8	0	1	3	1.37546e+00	-2.52696e-01	1.28233e+00
1	0	9	0	1	3	1.74814e+00	-2.76223e-01	1.64100e+00
1	0	10	0	1	3	1.60339e+01	-4.62629e+00	6.81205e+00
#######################################################################
# BH1 Down                                                            #
#######################################################################
1	0	0	1	1	3	1.33519e+00	-9.13138e-02	1.27257e+00
1	0	1	1	1	3	6.24909e-01	2.88647e-01	7.65429e-01
1	0	2	1	1	3	6.68954e-01	2.21542e-01	7.45264e-01
1	0	3	1	1	3	1.32364e+00	-4.57464e-01	1.08318e+00
1	0	4	1	1	3	1.18002e+00	-7.91080e-02	1.17008e+00
1	0	5	1	1	3	2.07299e+00	-4.79828e-01	1.70935e+00
1	0	6	1	1	3	1.96000e+00	-5.20196e-01	1.63958e+00
1	0	7	1	1	3	1.89852e+00	-4.50289e-01	1.60743e+00
1	0	8	1	1	3	1.02469e+00	-6.73213e-02	1.04734e+00
1	0	9	1	1	3	1.64894e+00	-1.85977e-01	1.61292e+00
1	0	10	1	1	3	7.15603e-01	2.22738e-01	8.54972e-01
#######################################################################
# BH2 Up                                                              #
#######################################################################
2	0	0	0	1	3	1.43047e-01	2.98695e-01	2.00085e-01
2	0	1	0	1	3	8.79554e-01	-2.31747e-01	7.85839e-01
2	0	2	0	1	3	5.94572e-01	-4.97541e-01	4.68956e-01
2	0	3	0	1	3	1.91725e-01	3.94747e-02	1.91115e-01
2	0	4	0	1	3	3.31184e-01	-9.38469e-02	3.15823e-01
2	0	5	0	1	3	1.99769e-01	2.70254e-01	2.37321e-01
2	0	6	0	1	3	2.58948e-01	2.41832e-01	3.10133e-01
2	0	7	0	1	3	3.50426e-01	8.80094e-02	3.70898e-01
#######################################################################
# BH2 Down                                                            #
#######################################################################
2	0	0	1	1	3	3.94607e-01	-1.85207e-01	3.84440e-01
2	0	1	1	1	3	9.92155e-01	-3.85817e-01	8.32122e-01
2	0	2	1	1	3	4.10986e-01	-9.27803e-02	3.90143e-01
2	0	3	1	1	3	1.76416e-01	4.84160e-02	1.75490e-01
2	0	4	1	1	3	2.42956e-01	1.23979e-01	2.64593e-01
2	0	5	1	1	3	3.57967e-01	4.32013e-02	3.63973e-01
2	0	6	1	1	3	1.22093e+00	-6.67168e-01	9.30075e-01
2	0	7	1	1	3	2.92156e-01	-4.36810e-03	2.98702e-01
#######################################################################
# BAC                                                                 #
#######################################################################
3	0	0	0	1	3	0.00000e+00	0.00000e+00	0.00000e+00
3	0	1	0	1	3	0.00000e+00	0.00000e+00	0.00000e+00
#######################################################################
# FBH Up                                                              #
#######################################################################
4	0	0	0	2	3	-5.62952e-03	8.96903e-01	-3.53273e+01
4	0	1	0	2	3	-4.29399e-03	7.37975e-01	-3.00049e+01
4	0	2	0	2	3	-5.26894e-03	8.67305e-01	-3.38992e+01
4	0	3	0	2	3	-3.80183e-03	6.69237e-01	-2.72260e+01
4	0	4	0	2	3	-4.35014e-03	7.35785e-01	-2.92008e+01
4	0	5	0	2	3	-4.02541e-03	6.86907e-01	-2.70312e+01
4	0	6	0	2	3	-4.16660e-03	7.08229e-01	-2.81512e+01
4	0	7	0	2	3	-3.93117e-03	6.84759e-01	-2.69101e+01
4	0	8	0	2	3	-4.14423e-03	6.96902e-01	-2.65883e+01
4	0	9	0	2	3	-2.83372e-03	5.62925e-01	-2.20787e+01
4	0	10	0	2	3	-4.07944e-03	7.09420e-01	-2.75603e+01
4	0	11	0	2	3	-3.50961e-03	6.50113e-01	-2.64167e+01
4	0	12	0	2	3	-3.52415e-03	6.49734e-01	-2.67232e+01
4	0	13	0	2	3	-4.13420e-03	7.26957e-01	-2.99675e+01
4	0	14	0	2	3	-4.90315e-03	8.27563e-01	-3.35630e+01
4	0	15	0	2	3	-4.73048e-03	8.13189e-01	-3.31901e+01
#######################################################################
# FBH Down                                                            #
#######################################################################
4	0	0	1	2	3	-5.62952e-03	8.96903e-01	-3.53273e+01
4	0	1	1	2	3	-4.29399e-03	7.37975e-01	-3.00049e+01
4	0	2	1	2	3	-5.26894e-03	8.67305e-01	-3.38992e+01
4	0	3	1	2	3	-3.80183e-03	6.69237e-01	-2.72260e+01
4	0	4	1	2	3	-4.35014e-03	7.35785e-01	-2.92008e+01
4	0	5	1	2	3	-4.02541e-03	6.86907e-01	-2.70312e+01
4	0	6	1	2	3	-4.16660e-03	7.08229e-01	-2.81512e+01
4	0	7	1	2	3	-3.93117e-03	6.84759e-01	-2.69101e+01
4	0	8	1	2	3	-4.14423e-03	6.96902e-01	-2.65883e+01
4	0	9	1	2	3	-2.83372e-03	5.62925e-01	-2.20787e+01
4	0	10	1	2	3	-4.07944e-03	7.09420e-01	-2.75603e+01
4	0	11	1	2	3	-3.50961e-03	6.50113e-01	-2.64167e+01
4	0	12	1	2	3	-3.52415e-03	6.49734e-01	-2.67232e+01
4	0	13	1	2	3	-4.13420e-03	7.26957e-01	-2.99675e+01
4	0	14	1	2	3	-4.90315e-03	8.27563e-01	-3.35630e+01
4	0	15	1	2	3	-4.73048e-03	8.13189e-01	-3.31901e+01
#######################################################################
# PVAC                                                                #
#######################################################################
5	0	0	0	1	3	0.00000e+00	0.00000e+00	0.00000e+00
#######################################################################
# FAC                                                                 #
#######################################################################
6	0	0	0	1	3	0.00000e+00	0.00000e+00	0.00000e+00
#######################################################################
# SCH                                                                 #
#######################################################################
#7	0	0	0	2	3	-0.00500000	0.821213	-32.185321
#7	0	1	0	2	3	-0.00500000	0.830248	-32.269563
#7	0	2	0	2	3	-0.00500000	0.793073	-29.315934
#7	0	3	0	2	3	-0.00500000	0.772144	-28.276705
#7	0	4	0	2	3	-0.00500000	0.801968	-30.687167
#7	0	5	0	2	3	-0.00500000	0.778300	-28.439251
#7	0	6	0	2	3	-0.00500000	0.765872	-27.918181
#7	0	7	0	2	3	-0.00500000	0.738459	-26.016797
#7	0	8	0	2	3	-0.00500000	0.778318	-28.676371
#7	0	9	0	2	3	-0.00500000	0.776670	-28.892887
#7	0	10	0	2	3	-0.00500000	0.764278	-28.122474
#7	0	11	0	2	3	-0.00500000	0.790742	-29.423647
#7	0	12	0	2	3	-0.00500000	0.811330	-30.487019
#7	0	13	0	2	3	-0.00500000	0.818750	-30.891512
#7	0	14	0	2	3	-0.00500000	0.802541	-30.009136
#7	0	15	0	2	3	-0.00500000	0.809525	-30.751746
#7	0	16	0	2	3	-0.00500000	0.802597	-30.845509
#7	0	17	0	2	3	-0.00500000	0.835028	-32.780792
#7	0	18	0	2	3	-0.00500000	0.859176	-33.938731
#7	0	19	0	2	3	-0.00500000	0.814851	-31.445396
#7	0	20	0	2	3	-0.00500000	0.809426	-30.781087
#7	0	21	0	2	3	-0.00500000	0.780678	-28.888756
#7	0	22	0	2	3	-0.00500000	0.808206	-30.719604
#7	0	23	0	2	3	-0.00500000	0.774024	-27.858339
#7	0	24	0	2	3	-0.00500000	0.794308	-29.022101
#7	0	25	0	2	3	-0.00500000	0.775649	-27.980186
#7	0	26	0	2	3	-0.00500000	0.788483	-28.687567
#7	0	27	0	2	3	-0.00466315	0.771386	-29.253260
#7	0	28	0	2	3	-0.00483132	0.790854	-28.637741
#7	0	29	0	2	3	-0.00497049	0.812994	-30.786914
#7	0	30	0	2	3	-0.00500000	0.787793	-28.362716
#7	0	31	0	2	3	-0.00500000	0.790759	-28.876812
#7	0	32	0	2	3	-0.00500000	0.824826	-31.655285
#7	0	33	0	2	3	-0.00500000	0.845304	-33.407765
#7	0	34	0	2	3	-0.00500000	0.832263	-32.939799
#7	0	35	0	2	3	-0.00500000	0.820631	-31.695372
#7	0	36	0	2	3	-0.00500000	0.836997	-33.200590
#7	0	37	0	2	3	-0.00500000	0.819690	-32.097193
#7	0	38	0	2	3	-0.00500000	0.808109	-31.263214
#7	0	39	0	2	3	-0.00500000	0.815224	-31.135523
#7	0	40	0	2	3	-0.00500000	0.803398	-29.897923
#7	0	41	0	2	3	-0.00500000	0.815685	-31.165519
#7	0	42	0	2	3	-0.00500000	0.812980	-30.737261
#7	0	43	0	2	3	-0.00500000	0.829418	-32.693307
#7	0	44	0	2	3	-0.00500000	0.789530	-29.464920
#7	0	45	0	2	3	-0.00500000	0.804789	-31.208151
#7	0	46	0	2	3	-0.00500000	0.830106	-32.806514
#7	0	47	0	2	3	-0.00500000	0.819206	-31.373242
#7	0	48	0	2	3	-0.00500000	0.816165	-31.709319
#7	0	49	0	2	3	-0.00500000	0.798496	-30.201709
#7	0	50	0	2	3	-0.00500000	0.812167	-31.795745
#7	0	51	0	2	3	-0.00500000	0.810749	-31.375226
#7	0	52	0	2	3	-0.00500000	0.803385	-31.372512
#7	0	53	0	2	3	-0.00500000	0.777405	-29.262831
#7	0	54	0	2	3	-0.00500000	0.783954	-29.763410
#7	0	55	0	2	3	-0.00500000	0.789443	-29.976449
#7	0	56	0	2	3	-0.00500000	0.838828	-33.261086
#7	0	57	0	2	3	-0.00500000	0.804421	-30.573195
#7	0	58	0	2	3	-0.00500000	0.773283	-29.111048
#7	0	59	0	2	3	-0.00500000	0.811789	-31.449459
#7	0	60	0	2	3	-0.00500000	0.759724	-28.110014
#7	0	61	0	2	3	-0.00500000	0.810884	-31.379063
#7	0	62	0	2	3	-0.00500000	0.771910	-28.435006
#7	0	63	0	2	3	-0.00500000	0.796658	-30.511906
#######################################################################
# TOF Up                                                              #
#######################################################################
7	0	0	0	1	3	5.24830e+00	-1.96630e+00	2.96170e+00
7	0	1	0	1	3	5.24830e+00	-1.96630e+00	2.96170e+00
7	0	2	0	1	3	5.24830e+00	-1.96630e+00	2.96170e+00
7	0	3	0	1	3	5.24830e+00	-1.96630e+00	2.96170e+00
7	0	4	0	1	3	5.24830e+00	-1.96630e+00	2.96170e+00
7	0	5	0	1	3	5.24830e+00	-1.96630e+00	2.96170e+00
7	0	6	0	1	3	6.97090e+00	-3.03520e+00	3.39910e+00
7	0	7	0	1	3	4.05450e+00	-1.96150e+00	2.30360e+00
7	0	8	0	1	3	1.16940e+02	-2.98600e+01	2.09880e+01
7	0	9	0	1	3	5.24830e+00	-1.96630e+00	2.96170e+00
7	0	10	0	1	3	5.24830e+00	-1.96630e+00	2.96170e+00
7	0	11	0	1	3	5.24830e+00	-1.96630e+00	2.96170e+00
7	0	12	0	1	3	5.24830e+00	-1.96630e+00	2.96170e+00
7	0	13	0	1	3	5.24830e+00	-1.96630e+00	2.96170e+00
7	0	14	0	1	3	5.24830e+00	-1.96630e+00	2.96170e+00
7	0	15	0	1	3	5.24830e+00	-1.96630e+00	2.96170e+00
7	0	16	0	1	3	5.24830e+00	-1.96630e+00	2.96170e+00
7	0	17	0	1	3	5.24830e+00	-1.96630e+00	2.96170e+00
7	0	18	0	1	3	5.24830e+00	-1.96630e+00	2.96170e+00
7	0	19	0	1	3	7.11491e-01	1.85180e-03	5.82402e-01
7	0	20	0	1	3	5.59404e-01	-1.73810e-03	4.50716e-01
7	0	21	0	1	3	8.92499e-01	1.99900e-03	7.37364e-01
7	0	22	0	1	3	6.37553e-01	1.99960e-03	5.45449e-01
7	0	23	0	1	3	1.19210e+00	1.98920e-03	9.99994e-01
#######################################################################
# TOF Down                                                            #
#######################################################################
7	0	0	1	1	3	5.84300e+00	-2.30730e+00	3.11320e+00
7	0	1	1	1	3	5.84300e+00	-2.30730e+00	3.11320e+00
7	0	2	1	1	3	5.84300e+00	-2.30730e+00	3.11320e+00
7	0	3	1	1	3	5.84300e+00	-2.30730e+00	3.11320e+00
7	0	4	1	1	3	5.84300e+00	-2.30730e+00	3.11320e+00
7	0	5	1	1	3	5.84300e+00	-2.30730e+00	3.11320e+00
7	0	6	1	1	3	1.41330e+01	-5.81170e+00	5.32680e+00
7	0	7	1	1	3	7.84850e+01	-2.02870e+01	1.69500e+01
7	0	8	1	1	3	2.20240e+02	-3.62440e+01	3.60080e+01
7	0	9	1	1	3	5.84300e+00	-2.30730e+00	3.11320e+00
7	0	10	1	1	3	5.84300e+00	-2.30730e+00	3.11320e+00
7	0	11	1	1	3	5.84300e+00	-2.30730e+00	3.11320e+00
7	0	12	1	1	3	5.84300e+00	-2.30730e+00	3.11320e+00
7	0	13	1	1	3	5.84300e+00	-2.30730e+00	3.11320e+00
7	0	14	1	1	3	5.84300e+00	-2.30730e+00	3.11320e+00
7	0	15	1	1	3	5.84300e+00	-2.30730e+00	3.11320e+00
7	0	16	1	1	3	5.84300e+00	-2.30730e+00	3.11320e+00
7	0	17	1	1	3	5.84300e+00	-2.30730e+00	3.11320e+00
7	0	18	1	1	3	5.84300e+00	-2.30730e+00	3.11320e+00
7	0	19	1	1	3	6.18741e-01	1.99860e-03	4.90831e-01
7	0	20	1	1	3	5.75901e-01	1.04210e-03	4.72509e-01
7	0	21	1	1	3	9.41046e-01	1.99890e-03	7.79357e-01
7	0	22	1	1	3	4.84266e-01	-1.95590e-03	3.99786e-01
7	0	23	1	1	3	8.97714e-01	1.99860e-03	7.56300e-01
#######################################################################
# BFT U                                                               #
#######################################################################
110	0	0	0	2	3	2.87395e-03	-4.84505e-01	1.33141e+01
110	0	1	0	2	3	2.64737e-03	-4.62213e-01	1.28634e+01
110	0	2	0	2	3	4.75088e-03	-6.26598e-01	1.57267e+01
110	0	3	0	2	3	5.50535e-03	-6.81834e-01	1.58631e+01
110	0	4	0	2	3	3.86688e-03	-5.60487e-01	1.49268e+01
110	0	5	0	2	3	3.68468e-03	-5.36787e-01	1.47164e+01
110	0	6	0	2	3	3.60291e-03	-5.50127e-01	1.41694e+01
110	0	7	0	2	3	5.12598e-03	-6.40426e-01	1.62497e+01
110	0	8	0	2	3	3.50125e-03	-5.38337e-01	1.40797e+01
110	0	9	0	2	3	4.56543e-03	-6.02596e-01	1.64789e+01
110	0	10	0	2	3	3.71326e-03	-5.51354e-01	1.35112e+01
110	0	11	0	2	3	3.83962e-03	-5.44828e-01	1.53471e+01
110	0	12	0	2	3	3.24551e-03	-5.23253e-01	1.34011e+01
110	0	13	0	2	3	4.15089e-03	-5.77247e-01	1.60774e+01
110	0	14	0	2	3	4.02125e-03	-5.78144e-01	1.41805e+01
110	0	15	0	2	3	4.28880e-03	-5.90144e-01	1.63778e+01
110	0	16	0	2	3	4.18937e-03	-5.81468e-01	1.40196e+01
110	0	17	0	2	3	2.71433e-03	-4.74068e-01	1.38795e+01
110	0	18	0	2	3	3.99159e-03	-5.78790e-01	1.40626e+01
110	0	19	0	2	3	4.61296e-03	-6.18208e-01	1.45829e+01
110	0	20	0	2	3	3.78996e-03	-5.51106e-01	1.39449e+01
110	0	21	0	2	3	3.77259e-03	-5.54802e-01	1.67193e+01
110	0	22	0	2	3	4.13186e-03	-5.89427e-01	1.47333e+01
110	0	23	0	2	3	4.00928e-03	-5.60863e-01	1.53710e+01
110	0	24	0	2	3	3.64635e-03	-5.44020e-01	1.42064e+01
110	0	25	0	2	3	4.08844e-03	-5.70882e-01	1.61705e+01
110	0	26	0	2	3	3.65267e-03	-5.55353e-01	1.52036e+01
110	0	27	0	2	3	4.13906e-03	-5.69661e-01	1.54168e+01
110	0	28	0	2	3	3.41912e-03	-5.32089e-01	1.22153e+01
110	0	29	0	2	3	4.17369e-03	-5.71445e-01	1.50350e+01
110	0	30	0	2	3	3.97580e-03	-5.77965e-01	1.43920e+01
110	0	31	0	2	3	4.49466e-03	-6.01906e-01	1.61537e+01
110	0	32	0	2	3	3.96181e-03	-5.76008e-01	1.46154e+01
110	0	33	0	2	3	4.85667e-03	-6.03224e-01	1.42474e+01
110	0	34	0	2	3	4.30091e-03	-5.95965e-01	1.46657e+01
110	0	35	0	2	3	4.31830e-03	-5.99081e-01	1.62030e+01
110	0	36	0	2	3	3.80837e-03	-5.51429e-01	1.36932e+01
110	0	37	0	2	3	4.27040e-03	-5.91416e-01	1.69221e+01
110	0	38	0	2	3	4.51234e-03	-6.04581e-01	1.41608e+01
110	0	39	0	2	3	4.80795e-03	-6.25698e-01	1.62551e+01
110	0	40	0	2	3	4.09966e-03	-5.70129e-01	1.38771e+01
110	0	41	0	2	3	4.05101e-03	-5.66809e-01	1.62394e+01
110	0	42	0	2	3	4.37360e-03	-5.91914e-01	1.48297e+01
110	0	43	0	2	3	4.85423e-03	-6.41019e-01	1.73533e+01
110	0	44	0	2	3	3.88132e-03	-5.66101e-01	1.40899e+01
110	0	45	0	2	3	4.34481e-03	-5.84670e-01	1.60491e+01
110	0	46	0	2	3	4.46681e-03	-6.15247e-01	1.51858e+01
110	0	47	0	2	3	4.81407e-03	-6.32824e-01	1.81221e+01
110	0	48	0	2	3	3.66428e-03	-5.44123e-01	1.26089e+01
110	0	49	0	2	3	4.39751e-03	-5.94255e-01	1.67599e+01
110	0	50	0	2	3	4.60113e-03	-6.14522e-01	1.52756e+01
110	0	51	0	2	3	4.67162e-03	-6.14267e-01	1.59796e+01
110	0	52	0	2	3	3.64767e-03	-5.41948e-01	1.31271e+01
110	0	53	0	2	3	4.50570e-03	-5.97221e-01	1.55147e+01
110	0	54	0	2	3	4.05523e-03	-5.78907e-01	1.43221e+01
110	0	55	0	2	3	4.60635e-03	-6.12836e-01	1.69075e+01
110	0	56	0	2	3	3.97575e-03	-5.81093e-01	1.53474e+01
110	0	57	0	2	3	4.47466e-03	-6.01831e-01	1.63557e+01
110	0	58	0	2	3	3.90314e-03	-5.70378e-01	1.52522e+01
110	0	59	0	2	3	4.38576e-03	-6.10582e-01	1.69036e+01
110	0	60	0	2	3	4.06429e-03	-5.80504e-01	1.39405e+01
110	0	61	0	2	3	3.62917e-03	-5.40042e-01	1.49563e+01
110	0	62	0	2	3	4.65490e-03	-6.18546e-01	1.48410e+01
110	0	63	0	2	3	4.13544e-03	-5.83705e-01	1.47178e+01
110	0	64	0	2	3	3.75994e-03	-5.60714e-01	1.42517e+01
110	0	65	0	2	3	4.05091e-03	-5.73948e-01	1.55248e+01
110	0	66	0	2	3	4.82128e-03	-6.47762e-01	1.70683e+01
110	0	67	0	2	3	3.91026e-03	-5.68002e-01	1.56508e+01
110	0	68	0	2	3	4.11242e-03	-5.95171e-01	1.54326e+01
110	0	69	0	2	3	3.83845e-03	-5.57193e-01	1.47681e+01
110	0	70	0	2	3	4.54172e-03	-6.31140e-01	1.50586e+01
110	0	71	0	2	3	4.55103e-03	-6.12243e-01	1.61280e+01
110	0	72	0	2	3	3.84603e-03	-5.72625e-01	1.38504e+01
110	0	73	0	2	3	4.36101e-03	-6.01406e-01	1.53800e+01
110	0	74	0	2	3	4.54956e-03	-6.27878e-01	1.58961e+01
110	0	75	0	2	3	4.27344e-03	-5.91972e-01	1.54714e+01
110	0	76	0	2	3	3.78269e-03	-5.62122e-01	1.37047e+01
110	0	77	0	2	3	4.06802e-03	-5.76010e-01	1.54698e+01
110	0	78	0	2	3	4.63624e-03	-6.30763e-01	1.52371e+01
110	0	79	0	2	3	4.33265e-03	-5.95868e-01	1.54657e+01
110	0	80	0	2	3	3.97832e-03	-5.75950e-01	1.50012e+01
110	0	81	0	2	3	3.88851e-03	-5.55000e-01	1.47061e+01
110	0	82	0	2	3	4.45254e-03	-6.08272e-01	1.50909e+01
110	0	83	0	2	3	4.52115e-03	-6.12957e-01	1.56918e+01
110	0	84	0	2	3	3.72703e-03	-5.55456e-01	1.40461e+01
110	0	85	0	2	3	3.66841e-03	-5.47173e-01	1.49770e+01
110	0	86	0	2	3	4.47462e-03	-6.23070e-01	1.51122e+01
110	0	87	0	2	3	4.16568e-03	-5.93438e-01	1.61136e+01
110	0	88	0	2	3	3.74782e-03	-5.55687e-01	1.44463e+01
110	0	89	0	2	3	4.03959e-03	-5.77470e-01	1.51268e+01
110	0	90	0	2	3	4.01454e-03	-5.83071e-01	1.41363e+01
110	0	91	0	2	3	4.80985e-03	-6.37369e-01	1.57384e+01
110	0	92	0	2	3	3.69201e-03	-5.65884e-01	1.46707e+01
110	0	93	0	2	3	3.90686e-03	-5.63210e-01	1.45525e+01
110	0	94	0	2	3	4.60466e-03	-6.44892e-01	1.71607e+01
110	0	95	0	2	3	4.71110e-03	-6.27759e-01	1.63471e+01
110	0	96	0	2	3	4.21061e-03	-6.03354e-01	1.49792e+01
110	0	97	0	2	3	3.79512e-03	-5.59920e-01	1.53301e+01
110	0	98	0	2	3	4.23448e-03	-6.07717e-01	1.50543e+01
110	0	99	0	2	3	4.46276e-03	-6.04585e-01	1.57294e+01
110	0	100	0	2	3	4.13535e-03	-5.88825e-01	1.51343e+01
110	0	101	0	2	3	3.96715e-03	-5.71698e-01	1.54109e+01
110	0	102	0	2	3	4.56990e-03	-6.25912e-01	1.61107e+01
110	0	103	0	2	3	4.68111e-03	-6.29347e-01	1.60802e+01
110	0	104	0	2	3	4.04856e-03	-5.87244e-01	1.43206e+01
110	0	105	0	2	3	4.41980e-03	-5.99812e-01	1.52993e+01
110	0	106	0	2	3	4.44573e-03	-6.17464e-01	1.59414e+01
110	0	107	0	2	3	4.50920e-03	-6.06108e-01	1.49364e+01
110	0	108	0	2	3	4.05557e-03	-5.86843e-01	1.50965e+01
110	0	109	0	2	3	4.01346e-03	-5.77055e-01	1.48870e+01
110	0	110	0	2	3	4.10038e-03	-5.89341e-01	1.51347e+01
110	0	111	0	2	3	4.63687e-03	-6.29608e-01	1.59787e+01
110	0	112	0	2	3	4.00264e-03	-5.71664e-01	1.34893e+01
110	0	113	0	2	3	4.57583e-03	-6.14004e-01	1.54925e+01
110	0	114	0	2	3	4.79205e-03	-6.40854e-01	1.61863e+01
110	0	115	0	2	3	4.89235e-03	-6.34438e-01	1.57936e+01
110	0	116	0	2	3	3.93953e-03	-5.80576e-01	1.46631e+01
110	0	117	0	2	3	4.30132e-03	-5.95298e-01	1.61415e+01
110	0	118	0	2	3	3.60033e-03	-5.59046e-01	1.49915e+01
110	0	119	0	2	3	4.49448e-03	-6.08267e-01	1.45215e+01
110	0	120	0	2	3	4.22523e-03	-6.07380e-01	1.53023e+01
110	0	121	0	2	3	4.26801e-03	-5.88762e-01	1.36602e+01
110	0	122	0	2	3	3.91886e-03	-5.83134e-01	1.60026e+01
110	0	123	0	2	3	4.13564e-03	-5.83171e-01	1.52183e+01
110	0	124	0	2	3	4.10110e-03	-5.92123e-01	1.56019e+01
110	0	125	0	2	3	3.99120e-03	-5.62863e-01	1.25138e+01
110	0	126	0	2	3	3.67544e-03	-5.61113e-01	1.43902e+01
110	0	127	0	2	3	5.04961e-03	-6.41110e-01	1.58377e+01
110	0	128	0	2	3	2.82898e-03	-5.32639e-01	1.52366e+01
110	0	129	0	2	3	3.61593e-03	-5.71553e-01	1.53744e+01
110	0	130	0	2	3	3.19672e-03	-5.50950e-01	1.54550e+01
110	0	131	0	2	3	2.59768e-03	-4.70232e-01	1.32791e+01
110	0	132	0	2	3	5.23587e-03	-6.85317e-01	1.79610e+01
110	0	133	0	2	3	2.88185e-03	-4.94550e-01	1.38251e+01
110	0	134	0	2	3	3.01094e-03	-5.34122e-01	1.49151e+01
110	0	135	0	2	3	3.67180e-03	-5.61211e-01	1.44648e+01
110	0	136	0	2	3	1.46202e-03	-4.06506e-01	1.17726e+01
110	0	137	0	2	3	4.55937e-03	-6.27150e-01	1.66739e+01
110	0	138	0	2	3	4.11244e-03	-5.92552e-01	1.58005e+01
110	0	139	0	2	3	4.98072e-03	-6.62803e-01	1.58633e+01
110	0	140	0	2	3	2.02025e-03	-4.73592e-01	1.46572e+01
110	0	141	0	2	3	2.38690e-03	-4.82623e-01	1.31746e+01
110	0	142	0	2	3	1.60867e-03	-4.20258e-01	1.25283e+01
110	0	143	0	2	3	4.35354e-03	-6.32373e-01	1.63823e+01
110	0	144	0	2	3	5.94449e-03	-7.43112e-01	1.77017e+01
110	0	145	0	2	3	3.42940e-03	-5.38574e-01	1.36988e+01
110	0	146	0	2	3	3.94509e-03	-5.88000e-01	1.55198e+01
110	0	147	0	2	3	4.16133e-03	-5.87082e-01	1.55959e+01
110	0	148	0	2	3	-1.01585e-03	-2.39535e-01	9.08418e+00
110	0	149	0	2	3	1.49350e-03	-4.02221e-01	1.23091e+01
110	0	150	0	2	3	1.16087e-03	-4.06021e-01	1.29128e+01
110	0	151	0	2	3	5.95262e-04	-3.54975e-01	1.17318e+01
110	0	152	0	2	3	2.36949e-03	-4.79412e-01	1.45195e+01
110	0	153	0	2	3	3.64594e-03	-5.69438e-01	1.55696e+01
110	0	154	0	2	3	2.22760e-03	-4.81582e-01	1.37527e+01
110	0	155	0	2	3	6.45029e-03	-7.39393e-01	1.62403e+01
110	0	156	0	2	3	-1.17056e-03	-1.83536e-01	7.93006e+00
110	0	157	0	2	3	4.06706e-03	-5.88281e-01	1.58851e+01
110	0	158	0	2	3	3.55069e-03	-5.45531e-01	1.41420e+01
110	0	159	0	2	3	3.77749e-03	-5.75354e-01	1.52540e+01
#######################################################################
# BFT D                                                               #
#######################################################################
110	1	0	0	2	3	3.55557e-03	-5.50800e-01	1.63374e+01
110	1	1	0	2	3	3.50221e-03	-5.36627e-01	1.54209e+01
110	1	2	0	2	3	4.00790e-03	-5.89081e-01	1.61703e+01
110	1	3	0	2	3	2.71019e-03	-4.84197e-01	1.50443e+01
110	1	4	0	2	3	2.72328e-03	-4.92448e-01	1.43668e+01
110	1	5	0	2	3	2.15273e-03	-4.46234e-01	1.44470e+01
110	1	6	0	2	3	3.86776e-03	-5.78164e-01	1.47543e+01
110	1	7	0	2	3	3.50936e-03	-5.45885e-01	1.57503e+01
110	1	8	0	2	3	3.99846e-03	-5.79913e-01	1.61017e+01
110	1	9	0	2	3	2.80500e-03	-5.01842e-01	1.64947e+01
110	1	10	0	2	3	3.42486e-03	-5.45128e-01	1.53706e+01
110	1	11	0	2	3	3.93140e-03	-5.74324e-01	1.60047e+01
110	1	12	0	2	3	3.24315e-03	-5.31051e-01	1.44364e+01
110	1	13	0	2	3	2.99212e-03	-5.00461e-01	1.52886e+01
110	1	14	0	2	3	4.15887e-03	-5.99962e-01	1.54844e+01
110	1	15	0	2	3	3.78910e-03	-5.61250e-01	1.63796e+01
110	1	16	0	2	3	3.15396e-03	-5.21129e-01	1.42750e+01
110	1	17	0	2	3	3.74435e-03	-5.54123e-01	1.54390e+01
110	1	18	0	2	3	3.77356e-03	-5.68180e-01	1.45445e+01
110	1	19	0	2	3	4.09207e-03	-5.83042e-01	1.63792e+01
110	1	20	0	2	3	3.62877e-03	-5.66203e-01	1.55983e+01
110	1	21	0	2	3	3.63185e-03	-5.53410e-01	1.68816e+01
110	1	22	0	2	3	4.05696e-03	-5.85506e-01	1.53847e+01
110	1	23	0	2	3	3.49274e-03	-5.33202e-01	1.56030e+01
110	1	24	0	2	3	3.88617e-03	-5.76736e-01	1.62320e+01
110	1	25	0	2	3	3.61001e-03	-5.44726e-01	1.59836e+01
110	1	26	0	2	3	4.02712e-03	-5.89445e-01	1.53572e+01
110	1	27	0	2	3	4.15582e-03	-5.84067e-01	1.73883e+01
110	1	28	0	2	3	3.81309e-03	-5.71012e-01	1.59907e+01
110	1	29	0	2	3	3.77872e-03	-5.65645e-01	1.66688e+01
110	1	30	0	2	3	4.00809e-03	-5.87287e-01	1.56031e+01
110	1	31	0	2	3	3.70446e-03	-5.64790e-01	1.67876e+01
110	1	32	0	2	3	3.54422e-03	-5.51826e-01	1.61509e+01
110	1	33	0	2	3	2.80408e-03	-5.00229e-01	1.44630e+01
110	1	34	0	2	3	3.86230e-03	-5.69683e-01	1.47660e+01
110	1	35	0	2	3	4.18514e-03	-6.02504e-01	1.74627e+01
110	1	36	0	2	3	3.53427e-03	-5.44696e-01	1.55471e+01
110	1	37	0	2	3	3.56071e-03	-5.40756e-01	1.42738e+01
110	1	38	0	2	3	4.20381e-03	-5.94021e-01	1.65896e+01
110	1	39	0	2	3	4.16720e-03	-5.84215e-01	1.60003e+01
110	1	40	0	2	3	3.91751e-03	-5.70966e-01	1.48425e+01
110	1	41	0	2	3	4.03250e-03	-5.71075e-01	1.61471e+01
110	1	42	0	2	3	3.65744e-03	-5.48760e-01	1.49309e+01
110	1	43	0	2	3	3.82119e-03	-5.59240e-01	1.67462e+01
110	1	44	0	2	3	4.04465e-03	-5.86574e-01	1.52990e+01
110	1	45	0	2	3	3.66768e-03	-5.52188e-01	1.61354e+01
110	1	46	0	2	3	3.77941e-03	-5.70373e-01	1.50308e+01
110	1	47	0	2	3	4.54821e-03	-6.33837e-01	1.85718e+01
110	1	48	0	2	3	3.89677e-03	-5.69583e-01	1.55982e+01
110	1	49	0	2	3	3.62470e-03	-5.43192e-01	1.61573e+01
110	1	50	0	2	3	4.26786e-03	-5.99700e-01	1.51498e+01
110	1	51	0	2	3	4.10466e-03	-5.85204e-01	1.66669e+01
110	1	52	0	2	3	4.10785e-03	-5.98899e-01	1.54916e+01
110	1	53	0	2	3	3.66056e-03	-5.49368e-01	1.62555e+01
110	1	54	0	2	3	4.33031e-03	-6.12614e-01	1.66347e+01
110	1	55	0	2	3	4.20445e-03	-5.92292e-01	1.68851e+01
110	1	56	0	2	3	4.11040e-03	-6.04095e-01	1.56678e+01
110	1	57	0	2	3	3.95660e-03	-5.77033e-01	1.63689e+01
110	1	58	0	2	3	3.86842e-03	-5.85203e-01	1.71599e+01
110	1	59	0	2	3	4.65924e-03	-6.36321e-01	1.87190e+01
110	1	60	0	2	3	3.89528e-03	-5.78330e-01	1.58537e+01
110	1	61	0	2	3	3.99634e-03	-5.66383e-01	1.56352e+01
110	1	62	0	2	3	4.27007e-03	-6.00856e-01	1.51757e+01
110	1	63	0	2	3	4.23035e-03	-5.97969e-01	1.70708e+01
110	1	64	0	2	3	4.05099e-03	-5.90936e-01	1.64473e+01
110	1	65	0	2	3	4.24674e-03	-5.97037e-01	1.63199e+01
110	1	66	0	2	3	4.82727e-03	-6.50616e-01	1.61878e+01
110	1	67	0	2	3	4.47475e-03	-6.16518e-01	1.57906e+01
110	1	68	0	2	3	3.64323e-03	-5.50848e-01	1.40895e+01
110	1	69	0	2	3	4.01849e-03	-5.80888e-01	1.61163e+01
110	1	70	0	2	3	4.30167e-03	-6.05906e-01	1.64490e+01
110	1	71	0	2	3	4.14163e-03	-5.98041e-01	1.66884e+01
110	1	72	0	2	3	3.86715e-03	-5.71419e-01	1.53422e+01
110	1	73	0	2	3	4.04312e-03	-5.89719e-01	1.70472e+01
110	1	74	0	2	3	3.99178e-03	-5.82560e-01	1.47294e+01
110	1	75	0	2	3	4.53655e-03	-6.23311e-01	1.65177e+01
110	1	76	0	2	3	3.63449e-03	-5.55099e-01	1.49002e+01
110	1	77	0	2	3	3.88642e-03	-5.78158e-01	1.57701e+01
110	1	78	0	2	3	4.11413e-03	-5.95021e-01	1.49729e+01
110	1	79	0	2	3	4.11974e-03	-5.91559e-01	1.58862e+01
110	1	80	0	2	3	3.72670e-03	-5.60066e-01	1.48570e+01
110	1	81	0	2	3	3.99091e-03	-5.75348e-01	1.48336e+01
110	1	82	0	2	3	4.48603e-03	-6.17150e-01	1.67674e+01
110	1	83	0	2	3	4.28074e-03	-5.89687e-01	1.53521e+01
110	1	84	0	2	3	3.56050e-03	-5.43843e-01	1.40660e+01
110	1	85	0	2	3	3.77404e-03	-5.63932e-01	1.49704e+01
110	1	86	0	2	3	4.12087e-03	-5.92943e-01	1.61299e+01
110	1	87	0	2	3	3.92899e-03	-5.67880e-01	1.37314e+01
110	1	88	0	2	3	3.89282e-03	-5.73989e-01	1.55270e+01
110	1	89	0	2	3	3.81583e-03	-5.68589e-01	1.46723e+01
110	1	90	0	2	3	4.08056e-03	-5.87833e-01	1.48940e+01
110	1	91	0	2	3	4.22087e-03	-5.92947e-01	1.59639e+01
110	1	92	0	2	3	3.76530e-03	-5.57277e-01	1.47402e+01
110	1	93	0	2	3	3.89508e-03	-5.71439e-01	1.52584e+01
110	1	94	0	2	3	4.01694e-03	-5.87957e-01	1.61298e+01
110	1	95	0	2	3	4.02356e-03	-5.88560e-01	1.53250e+01
110	1	96	0	2	3	3.60285e-03	-5.52152e-01	1.44066e+01
110	1	97	0	2	3	3.89502e-03	-5.70761e-01	1.56412e+01
110	1	98	0	2	3	4.30120e-03	-6.22266e-01	1.70865e+01
110	1	99	0	2	3	4.51772e-03	-6.17230e-01	1.58231e+01
110	1	100	0	2	3	3.73278e-03	-5.50007e-01	1.48233e+01
110	1	101	0	2	3	3.55935e-03	-5.46138e-01	1.50842e+01
110	1	102	0	2	3	4.36040e-03	-6.16523e-01	1.60599e+01
110	1	103	0	2	3	4.32159e-03	-6.00749e-01	1.53931e+01
110	1	104	0	2	3	3.85627e-03	-5.72120e-01	1.52932e+01
110	1	105	0	2	3	4.18013e-03	-5.90847e-01	1.56305e+01
110	1	106	0	2	3	4.46988e-03	-6.20877e-01	1.69169e+01
110	1	107	0	2	3	4.88190e-03	-6.41601e-01	1.62618e+01
110	1	108	0	2	3	3.81905e-03	-5.67704e-01	1.59129e+01
110	1	109	0	2	3	3.84662e-03	-5.69755e-01	1.58164e+01
110	1	110	0	2	3	4.26917e-03	-6.10374e-01	1.60280e+01
110	1	111	0	2	3	4.14260e-03	-5.98509e-01	1.68930e+01
110	1	112	0	2	3	3.99069e-03	-5.81041e-01	1.52232e+01
110	1	113	0	2	3	4.10287e-03	-5.86326e-01	1.56267e+01
110	1	114	0	2	3	3.97848e-03	-5.86874e-01	1.51411e+01
110	1	115	0	2	3	4.65262e-03	-6.23184e-01	1.59259e+01
110	1	116	0	2	3	4.13444e-03	-5.94252e-01	1.56647e+01
110	1	117	0	2	3	4.10845e-03	-5.88748e-01	1.56439e+01
110	1	118	0	2	3	4.29547e-03	-6.05429e-01	1.49684e+01
110	1	119	0	2	3	4.60676e-03	-6.18248e-01	1.61898e+01
110	1	120	0	2	3	3.38886e-03	-5.37000e-01	1.43325e+01
110	1	121	0	2	3	3.76126e-03	-5.54869e-01	1.46738e+01
110	1	122	0	2	3	5.29490e-03	-6.86163e-01	1.84452e+01
110	1	123	0	2	3	4.15862e-03	-6.00381e-01	1.72227e+01
110	1	124	0	2	3	4.37127e-03	-5.99726e-01	1.49964e+01
110	1	125	0	2	3	3.50914e-03	-5.47914e-01	1.50540e+01
110	1	126	0	2	3	4.80350e-03	-6.37248e-01	1.63372e+01
110	1	127	0	2	3	3.68204e-03	-5.50913e-01	1.47762e+01
110	1	128	0	2	3	4.38081e-03	-6.36803e-01	1.72227e+01
110	1	129	0	2	3	5.06736e-03	-6.85344e-01	1.80607e+01
110	1	130	0	2	3	3.89752e-03	-5.90871e-01	1.52916e+01
110	1	131	0	2	3	3.91574e-03	-5.79341e-01	1.53634e+01
110	1	132	0	2	3	4.43946e-03	-6.27919e-01	1.69912e+01
110	1	133	0	2	3	4.02086e-03	-5.81290e-01	1.51086e+01
110	1	134	0	2	3	3.37885e-03	-5.66866e-01	1.61540e+01
110	1	135	0	2	3	4.03707e-03	-5.79490e-01	1.54512e+01
110	1	136	0	2	3	3.47296e-03	-5.62132e-01	1.61153e+01
110	1	137	0	2	3	5.59621e-03	-7.00759e-01	1.78035e+01
110	1	138	0	2	3	4.37633e-03	-6.31677e-01	1.66449e+01
110	1	139	0	2	3	3.46727e-03	-5.54158e-01	1.54666e+01
110	1	140	0	2	3	3.88007e-03	-5.89030e-01	1.55865e+01
110	1	141	0	2	3	5.47795e-03	-7.08742e-01	1.76695e+01
110	1	142	0	2	3	3.45593e-03	-5.44479e-01	1.43734e+01
110	1	143	0	2	3	2.98316e-03	-5.13340e-01	1.48167e+01
110	1	144	0	2	3	6.56503e-03	-7.94094e-01	2.06272e+01
110	1	145	0	2	3	1.24780e-03	-3.78809e-01	1.18357e+01
110	1	146	0	2	3	3.06183e-03	-5.34094e-01	1.48626e+01
110	1	147	0	2	3	3.23989e-03	-5.14102e-01	1.31658e+01
110	1	148	0	2	3	4.04014e-03	-5.83155e-01	1.48655e+01
110	1	149	0	2	3	5.57718e-03	-7.01909e-01	1.82014e+01
110	1	150	0	2	3	1.33348e-03	-4.01959e-01	1.29503e+01
110	1	151	0	2	3	3.28454e-03	-5.25721e-01	1.42884e+01
110	1	152	0	2	3	3.47186e-03	-5.62895e-01	1.63272e+01
110	1	153	0	2	3	3.00377e-03	-5.27155e-01	1.56737e+01
110	1	154	0	2	3	6.43182e-03	-7.67221e-01	1.91684e+01
110	1	155	0	2	3	7.07916e-03	-7.92521e-01	1.77028e+01
110	1	156	0	2	3	2.38042e-03	-4.91390e-01	1.45187e+01
110	1	157	0	2	3	6.05857e-03	-7.41654e-01	1.92269e+01
110	1	158	0	2	3	5.40827e-03	-7.00643e-01	1.85388e+01
110	1	159	0	2	3	2.93760e-03	-4.88680e-01	1.44862e+01
