##
#  file: HodoPHCParam_Dummy
#  date: 2016.06.15
#  note: first version
#
#
#######################################################################
# CId	PlId	Seg	UorD	Type	nParam	p0	p1	...
#
#	Type=0 no correction will be performed
#	Type=1 ct=t-p[0]/sqrt(a-p[1])+p[2]
#	Type=2 ct=p[0]*a*a + p[1]*a + p[2] for Fiber
#
#######################################################################
# BH1 Up                                                              #
#######################################################################
1	0	0	0	1	3	1.47730e+00	-2.35290e-01	1.36110e+00
1	0	1	0	1	3	6.62130e-01	3.34480e-01	8.67710e-01
1	0	2	0	1	3	7.54820e-01	2.48290e-01	9.34610e-01
1	0	3	0	1	3	1.23270e+00	-1.14280e-01	1.26640e+00
1	0	4	0	1	3	1.29730e+00	-1.98210e-01	1.21160e+00
1	0	5	0	1	3	1.43110e+00	-7.87430e-02	1.42120e+00
1	0	6	0	1	3	1.41000e+00	-1.74510e-01	1.32020e+00
1	0	7	0	1	3	1.25340e+00	-3.62780e-02	1.24940e+00
1	0	8	0	1	3	1.44900e+00	-3.83590e-01	1.25050e+00
1	0	9	0	1	3	2.28060e+00	-6.04700e-01	1.82360e+00
1	0	10	0	1	3	9.33520e-01	5.26570e-02	9.95230e-01
#######################################################################
# BH1 Down                                                            #
#######################################################################
1	0	0	1	1	3	2.02010e+00	-5.58670e-01	1.64300e+00
1	0	1	1	1	3	8.49690e-01	1.88140e-01	1.01360e+00
1	0	2	1	1	3	1.21680e+00	-7.53470e-02	1.21540e+00
1	0	3	1	1	3	2.08470e+02	-6.59470e+01	2.55410e+01
1	0	4	1	1	3	1.41330e+00	-2.47510e-01	1.29810e+00
1	0	5	1	1	3	1.63380e+00	-2.25070e-01	1.48610e+00
1	0	6	1	1	3	1.64270e+00	-3.28680e-01	1.48410e+00
1	0	7	1	1	3	1.48840e+00	-1.98800e-01	1.38020e+00
1	0	8	1	1	3	9.57720e-01	-5.07090e-03	9.79170e-01
1	0	9	1	1	3	1.28980e+00	-8.52640e-02	1.26930e+00
1	0	10	1	1	3	1.29280e+00	-1.52360e-01	1.25330e+00
#######################################################################
# BH2 Up                                                              #
#######################################################################
2	0	0	0	1	3	1.23928e-01	3.19092e-01	1.64921e-01
2	0	1	0	1	3	7.53706e-01	-1.79708e-01	6.99096e-01
2	0	2	0	1	3	4.42202e-01	-1.79103e-01	4.01925e-01
2	0	3	0	1	3	3.11545e-01	-5.77250e-02	3.02038e-01
2	0	4	0	1	3	2.94738e-01	-1.61080e-01	2.70687e-01
2	0	5	0	1	3	1.70974e-01	2.75206e-01	2.01729e-01
2	0	6	0	1	3	3.73818e-01	9.75170e-02	3.97597e-01
2	0	7	0	1	3	3.15997e-01	6.59460e-02	3.24278e-01
#######################################################################
# BH2 Down                                                            #
#######################################################################
2	0	0	1	1	3	2.64639e-01	1.04767e-01	3.03250e-01
2	0	1	1	1	3	1.34101e+00	-8.16725e-01	9.87325e-01
2	0	2	1	1	3	4.33143e-01	-7.83380e-02	4.15357e-01
2	0	3	1	1	3	2.71422e-01	-7.15340e-02	2.53653e-01
2	0	4	1	1	3	2.16354e-01	1.56752e-01	2.36613e-01
2	0	5	1	1	3	2.26477e-01	2.19430e-01	2.54177e-01
2	0	6	1	1	3	1.46634e+00	-7.69085e-01	1.07966e+00
2	0	7	1	1	3	2.49431e-01	7.90660e-02	2.64418e-01
#######################################################################
# BAC                                                                 #
#######################################################################
3	0	0	0	1	3	0.00000e+00	0.00000e+00	0.00000e+00
3	0	1	0	1	3	0.00000e+00	0.00000e+00	0.00000e+00
#######################################################################
# FBH Up                                                              #
#######################################################################
4	0	0	0	2	3	-5.62952e-03	8.96903e-01	-3.53273e+01
4	0	1	0	2	3	-4.29399e-03	7.37975e-01	-3.00049e+01
4	0	2	0	2	3	-5.26894e-03	8.67305e-01	-3.38992e+01
4	0	3	0	2	3	-3.80183e-03	6.69237e-01	-2.72260e+01
4	0	4	0	2	3	-4.35014e-03	7.35785e-01	-2.92008e+01
4	0	5	0	2	3	-4.02541e-03	6.86907e-01	-2.70312e+01
4	0	6	0	2	3	-4.16660e-03	7.08229e-01	-2.81512e+01
4	0	7	0	2	3	-3.93117e-03	6.84759e-01	-2.69101e+01
4	0	8	0	2	3	-4.14423e-03	6.96902e-01	-2.65883e+01
4	0	9	0	2	3	-2.83372e-03	5.62925e-01	-2.20787e+01
4	0	10	0	2	3	-4.07944e-03	7.09420e-01	-2.75603e+01
4	0	11	0	2	3	-3.50961e-03	6.50113e-01	-2.64167e+01
4	0	12	0	2	3	-3.52415e-03	6.49734e-01	-2.67232e+01
4	0	13	0	2	3	-4.13420e-03	7.26957e-01	-2.99675e+01
4	0	14	0	2	3	-4.90315e-03	8.27563e-01	-3.35630e+01
4	0	15	0	2	3	-4.73048e-03	8.13189e-01	-3.31901e+01
#######################################################################
# FBH Down                                                            #
#######################################################################
4	0	0	1	2	3	-5.62952e-03	8.96903e-01	-3.53273e+01
4	0	1	1	2	3	-4.29399e-03	7.37975e-01	-3.00049e+01
4	0	2	1	2	3	-5.26894e-03	8.67305e-01	-3.38992e+01
4	0	3	1	2	3	-3.80183e-03	6.69237e-01	-2.72260e+01
4	0	4	1	2	3	-4.35014e-03	7.35785e-01	-2.92008e+01
4	0	5	1	2	3	-4.02541e-03	6.86907e-01	-2.70312e+01
4	0	6	1	2	3	-4.16660e-03	7.08229e-01	-2.81512e+01
4	0	7	1	2	3	-3.93117e-03	6.84759e-01	-2.69101e+01
4	0	8	1	2	3	-4.14423e-03	6.96902e-01	-2.65883e+01
4	0	9	1	2	3	-2.83372e-03	5.62925e-01	-2.20787e+01
4	0	10	1	2	3	-4.07944e-03	7.09420e-01	-2.75603e+01
4	0	11	1	2	3	-3.50961e-03	6.50113e-01	-2.64167e+01
4	0	12	1	2	3	-3.52415e-03	6.49734e-01	-2.67232e+01
4	0	13	1	2	3	-4.13420e-03	7.26957e-01	-2.99675e+01
4	0	14	1	2	3	-4.90315e-03	8.27563e-01	-3.35630e+01
4	0	15	1	2	3	-4.73048e-03	8.13189e-01	-3.31901e+01
#######################################################################
# PVAC                                                                #
#######################################################################
5	0	0	0	1	3	0.00000e+00	0.00000e+00	0.00000e+00
#######################################################################
# FAC                                                                 #
#######################################################################
6	0	0	0	1	3	0.00000e+00	0.00000e+00	0.00000e+00
#######################################################################
# SCH                                                                 #
#######################################################################
#7	0	0	0	2	3	-0.00500000	0.821213	-32.185321
#7	0	1	0	2	3	-0.00500000	0.830248	-32.269563
#7	0	2	0	2	3	-0.00500000	0.793073	-29.315934
#7	0	3	0	2	3	-0.00500000	0.772144	-28.276705
#7	0	4	0	2	3	-0.00500000	0.801968	-30.687167
#7	0	5	0	2	3	-0.00500000	0.778300	-28.439251
#7	0	6	0	2	3	-0.00500000	0.765872	-27.918181
#7	0	7	0	2	3	-0.00500000	0.738459	-26.016797
#7	0	8	0	2	3	-0.00500000	0.778318	-28.676371
#7	0	9	0	2	3	-0.00500000	0.776670	-28.892887
#7	0	10	0	2	3	-0.00500000	0.764278	-28.122474
#7	0	11	0	2	3	-0.00500000	0.790742	-29.423647
#7	0	12	0	2	3	-0.00500000	0.811330	-30.487019
#7	0	13	0	2	3	-0.00500000	0.818750	-30.891512
#7	0	14	0	2	3	-0.00500000	0.802541	-30.009136
#7	0	15	0	2	3	-0.00500000	0.809525	-30.751746
#7	0	16	0	2	3	-0.00500000	0.802597	-30.845509
#7	0	17	0	2	3	-0.00500000	0.835028	-32.780792
#7	0	18	0	2	3	-0.00500000	0.859176	-33.938731
#7	0	19	0	2	3	-0.00500000	0.814851	-31.445396
#7	0	20	0	2	3	-0.00500000	0.809426	-30.781087
#7	0	21	0	2	3	-0.00500000	0.780678	-28.888756
#7	0	22	0	2	3	-0.00500000	0.808206	-30.719604
#7	0	23	0	2	3	-0.00500000	0.774024	-27.858339
#7	0	24	0	2	3	-0.00500000	0.794308	-29.022101
#7	0	25	0	2	3	-0.00500000	0.775649	-27.980186
#7	0	26	0	2	3	-0.00500000	0.788483	-28.687567
#7	0	27	0	2	3	-0.00466315	0.771386	-29.253260
#7	0	28	0	2	3	-0.00483132	0.790854	-28.637741
#7	0	29	0	2	3	-0.00497049	0.812994	-30.786914
#7	0	30	0	2	3	-0.00500000	0.787793	-28.362716
#7	0	31	0	2	3	-0.00500000	0.790759	-28.876812
#7	0	32	0	2	3	-0.00500000	0.824826	-31.655285
#7	0	33	0	2	3	-0.00500000	0.845304	-33.407765
#7	0	34	0	2	3	-0.00500000	0.832263	-32.939799
#7	0	35	0	2	3	-0.00500000	0.820631	-31.695372
#7	0	36	0	2	3	-0.00500000	0.836997	-33.200590
#7	0	37	0	2	3	-0.00500000	0.819690	-32.097193
#7	0	38	0	2	3	-0.00500000	0.808109	-31.263214
#7	0	39	0	2	3	-0.00500000	0.815224	-31.135523
#7	0	40	0	2	3	-0.00500000	0.803398	-29.897923
#7	0	41	0	2	3	-0.00500000	0.815685	-31.165519
#7	0	42	0	2	3	-0.00500000	0.812980	-30.737261
#7	0	43	0	2	3	-0.00500000	0.829418	-32.693307
#7	0	44	0	2	3	-0.00500000	0.789530	-29.464920
#7	0	45	0	2	3	-0.00500000	0.804789	-31.208151
#7	0	46	0	2	3	-0.00500000	0.830106	-32.806514
#7	0	47	0	2	3	-0.00500000	0.819206	-31.373242
#7	0	48	0	2	3	-0.00500000	0.816165	-31.709319
#7	0	49	0	2	3	-0.00500000	0.798496	-30.201709
#7	0	50	0	2	3	-0.00500000	0.812167	-31.795745
#7	0	51	0	2	3	-0.00500000	0.810749	-31.375226
#7	0	52	0	2	3	-0.00500000	0.803385	-31.372512
#7	0	53	0	2	3	-0.00500000	0.777405	-29.262831
#7	0	54	0	2	3	-0.00500000	0.783954	-29.763410
#7	0	55	0	2	3	-0.00500000	0.789443	-29.976449
#7	0	56	0	2	3	-0.00500000	0.838828	-33.261086
#7	0	57	0	2	3	-0.00500000	0.804421	-30.573195
#7	0	58	0	2	3	-0.00500000	0.773283	-29.111048
#7	0	59	0	2	3	-0.00500000	0.811789	-31.449459
#7	0	60	0	2	3	-0.00500000	0.759724	-28.110014
#7	0	61	0	2	3	-0.00500000	0.810884	-31.379063
#7	0	62	0	2	3	-0.00500000	0.771910	-28.435006
#7	0	63	0	2	3	-0.00500000	0.796658	-30.511906
#######################################################################
# TOF Up                                                              #
#######################################################################
7	0	0	0	1	3	5.24830e+00	-1.96630e+00	2.96170e+00
7	0	1	0	1	3	5.24830e+00	-1.96630e+00	2.96170e+00
7	0	2	0	1	3	5.24830e+00	-1.96630e+00	2.96170e+00
7	0	3	0	1	3	5.24830e+00	-1.96630e+00	2.96170e+00
7	0	4	0	1	3	5.24830e+00	-1.96630e+00	2.96170e+00
7	0	5	0	1	3	5.24830e+00	-1.96630e+00	2.96170e+00
7	0	6	0	1	3	6.97090e+00	-3.03520e+00	3.39910e+00
7	0	7	0	1	3	4.05450e+00	-1.96150e+00	2.30360e+00
7	0	8	0	1	3	1.16940e+02	-2.98600e+01	2.09880e+01
7	0	9	0	1	3	5.24830e+00	-1.96630e+00	2.96170e+00
7	0	10	0	1	3	5.24830e+00	-1.96630e+00	2.96170e+00
7	0	11	0	1	3	5.24830e+00	-1.96630e+00	2.96170e+00
7	0	12	0	1	3	5.24830e+00	-1.96630e+00	2.96170e+00
7	0	13	0	1	3	5.24830e+00	-1.96630e+00	2.96170e+00
7	0	14	0	1	3	5.24830e+00	-1.96630e+00	2.96170e+00
7	0	15	0	1	3	5.24830e+00	-1.96630e+00	2.96170e+00
7	0	16	0	1	3	5.24830e+00	-1.96630e+00	2.96170e+00
7	0	17	0	1	3	5.24830e+00	-1.96630e+00	2.96170e+00
7	0	18	0	1	3	5.24830e+00	-1.96630e+00	2.96170e+00
7	0	19	0	1	3	7.11491e-01	1.85180e-03	5.82402e-01
7	0	20	0	1	3	5.59404e-01	-1.73810e-03	4.50716e-01
7	0	21	0	1	3	8.92499e-01	1.99900e-03	7.37364e-01
7	0	22	0	1	3	6.37553e-01	1.99960e-03	5.45449e-01
7	0	23	0	1	3	1.19210e+00	1.98920e-03	9.99994e-01
#######################################################################
# TOF Down                                                            #
#######################################################################
7	0	0	1	1	3	5.84300e+00	-2.30730e+00	3.11320e+00
7	0	1	1	1	3	5.84300e+00	-2.30730e+00	3.11320e+00
7	0	2	1	1	3	5.84300e+00	-2.30730e+00	3.11320e+00
7	0	3	1	1	3	5.84300e+00	-2.30730e+00	3.11320e+00
7	0	4	1	1	3	5.84300e+00	-2.30730e+00	3.11320e+00
7	0	5	1	1	3	5.84300e+00	-2.30730e+00	3.11320e+00
7	0	6	1	1	3	1.41330e+01	-5.81170e+00	5.32680e+00
7	0	7	1	1	3	7.84850e+01	-2.02870e+01	1.69500e+01
7	0	8	1	1	3	2.20240e+02	-3.62440e+01	3.60080e+01
7	0	9	1	1	3	5.84300e+00	-2.30730e+00	3.11320e+00
7	0	10	1	1	3	5.84300e+00	-2.30730e+00	3.11320e+00
7	0	11	1	1	3	5.84300e+00	-2.30730e+00	3.11320e+00
7	0	12	1	1	3	5.84300e+00	-2.30730e+00	3.11320e+00
7	0	13	1	1	3	5.84300e+00	-2.30730e+00	3.11320e+00
7	0	14	1	1	3	5.84300e+00	-2.30730e+00	3.11320e+00
7	0	15	1	1	3	5.84300e+00	-2.30730e+00	3.11320e+00
7	0	16	1	1	3	5.84300e+00	-2.30730e+00	3.11320e+00
7	0	17	1	1	3	5.84300e+00	-2.30730e+00	3.11320e+00
7	0	18	1	1	3	5.84300e+00	-2.30730e+00	3.11320e+00
7	0	19	1	1	3	6.18741e-01	1.99860e-03	4.90831e-01
7	0	20	1	1	3	5.75901e-01	1.04210e-03	4.72509e-01
7	0	21	1	1	3	9.41046e-01	1.99890e-03	7.79357e-01
7	0	22	1	1	3	4.84266e-01	-1.95590e-03	3.99786e-01
7	0	23	1	1	3	8.97714e-01	1.99860e-03	7.56300e-01
#######################################################################
# BFT U                                                               #
#######################################################################
110	0	0	0	2	3	1.16851e-04	-2.84741e-01	1.13113e+01
110	0	1	0	2	3	-6.36099e-03	2.14969e-01	1.81908e+00
110	0	2	0	2	3	4.22057e-03	-6.03502e-01	1.72174e+01
110	0	3	0	2	3	6.74787e-03	-7.65117e-01	1.87686e+01
110	0	4	0	2	3	6.41400e-03	-7.50545e-01	2.00014e+01
110	0	5	0	2	3	-8.80203e-03	4.19098e-01	-1.89452e+00
110	0	6	0	2	3	2.03020e-03	-4.27924e-01	1.32828e+01
110	0	7	0	2	3	-1.59374e-02	9.63063e-01	-1.35370e+01
110	0	8	0	2	3	4.13405e-03	-5.95137e-01	1.66562e+01
110	0	9	0	2	3	3.53550e-03	-5.27922e-01	1.55437e+01
110	0	10	0	2	3	4.05607e-03	-5.78716e-01	1.63734e+01
110	0	11	0	2	3	9.65700e-05	-2.72616e-01	1.08535e+01
110	0	12	0	2	3	3.29949e-03	-5.22485e-01	1.47363e+01
110	0	13	0	2	3	2.07251e-03	-4.16846e-01	1.34197e+01
110	0	14	0	2	3	3.11072e-03	-5.11158e-01	1.54175e+01
110	0	15	0	2	3	4.09747e-03	-5.96555e-01	1.73775e+01
110	0	16	0	2	3	2.39857e-03	-4.55847e-01	1.33556e+01
110	0	17	0	2	3	5.43729e-04	-3.06201e-01	1.21547e+01
110	0	18	0	2	3	4.19318e-03	-5.87514e-01	1.55633e+01
110	0	19	0	2	3	4.18961e-03	-5.91422e-01	1.56091e+01
110	0	20	0	2	3	2.45869e-03	-4.65113e-01	1.40864e+01
110	0	21	0	2	3	3.30271e-03	-5.14417e-01	1.63271e+01
110	0	22	0	2	3	3.51312e-03	-5.37765e-01	1.61388e+01
110	0	23	0	2	3	4.51500e-03	-6.00211e-01	1.65739e+01
110	0	24	0	2	3	3.10154e-03	-5.03260e-01	1.48808e+01
110	0	25	0	2	3	3.27446e-03	-5.03585e-01	1.52728e+01
110	0	26	0	2	3	3.94542e-03	-5.79898e-01	1.71428e+01
110	0	27	0	2	3	3.67481e-03	-5.39657e-01	1.54078e+01
110	0	28	0	2	3	2.91148e-03	-4.92532e-01	1.38895e+01
110	0	29	0	2	3	4.13191e-03	-5.67571e-01	1.63657e+01
110	0	30	0	2	3	3.84175e-03	-5.61035e-01	1.63557e+01
110	0	31	0	2	3	4.48366e-03	-6.06246e-01	1.77297e+01
110	0	32	0	2	3	4.30527e-03	-6.02532e-01	1.65395e+01
110	0	33	0	2	3	4.02076e-03	-5.49055e-01	1.37839e+01
110	0	34	0	2	3	3.92629e-03	-5.65968e-01	1.64418e+01
110	0	35	0	2	3	4.26448e-03	-5.95243e-01	1.75354e+01
110	0	36	0	2	3	3.82398e-03	-5.49158e-01	1.50100e+01
110	0	37	0	2	3	4.08626e-03	-5.80271e-01	1.72146e+01
110	0	38	0	2	3	4.30839e-03	-5.88321e-01	1.62392e+01
110	0	39	0	2	3	5.00444e-03	-6.42487e-01	1.79878e+01
110	0	40	0	2	3	3.87931e-03	-5.54725e-01	1.49861e+01
110	0	41	0	2	3	4.24271e-03	-5.84700e-01	1.70293e+01
110	0	42	0	2	3	4.13603e-03	-5.74919e-01	1.59189e+01
110	0	43	0	2	3	4.11448e-03	-5.89407e-01	1.78680e+01
110	0	44	0	2	3	3.88527e-03	-5.64759e-01	1.54276e+01
110	0	45	0	2	3	3.85809e-03	-5.51294e-01	1.58849e+01
110	0	46	0	2	3	4.32864e-03	-6.01966e-01	1.72534e+01
110	0	47	0	2	3	4.84338e-03	-6.38007e-01	1.86864e+01
110	0	48	0	2	3	3.71129e-03	-5.45659e-01	1.50347e+01
110	0	49	0	2	3	4.69750e-03	-6.17290e-01	1.76087e+01
110	0	50	0	2	3	4.63544e-03	-6.12526e-01	1.65746e+01
110	0	51	0	2	3	4.84936e-03	-6.29192e-01	1.76970e+01
110	0	52	0	2	3	3.82752e-03	-5.52540e-01	1.57112e+01
110	0	53	0	2	3	4.67495e-03	-6.11770e-01	1.72747e+01
110	0	54	0	2	3	4.17912e-03	-5.85136e-01	1.68207e+01
110	0	55	0	2	3	5.02655e-03	-6.43309e-01	1.78856e+01
110	0	56	0	2	3	3.73009e-03	-5.63144e-01	1.64700e+01
110	0	57	0	2	3	4.72413e-03	-6.21402e-01	1.82134e+01
110	0	58	0	2	3	3.93572e-03	-5.69931e-01	1.66414e+01
110	0	59	0	2	3	4.35839e-03	-6.12568e-01	1.84946e+01
110	0	60	0	2	3	3.94244e-03	-5.73218e-01	1.53476e+01
110	0	61	0	2	3	3.73213e-03	-5.48308e-01	1.66296e+01
110	0	62	0	2	3	4.82435e-03	-6.30280e-01	1.65521e+01
110	0	63	0	2	3	4.05360e-03	-5.74734e-01	1.60302e+01
110	0	64	0	2	3	3.96260e-03	-5.75514e-01	1.60471e+01
110	0	65	0	2	3	4.35514e-03	-5.97892e-01	1.65110e+01
110	0	66	0	2	3	4.78491e-03	-6.46913e-01	1.85803e+01
110	0	67	0	2	3	3.85739e-03	-5.65921e-01	1.61683e+01
110	0	68	0	2	3	3.80769e-03	-5.75847e-01	1.66662e+01
110	0	69	0	2	3	4.29670e-03	-5.90707e-01	1.69066e+01
110	0	70	0	2	3	4.29663e-03	-6.12526e-01	1.72527e+01
110	0	71	0	2	3	4.28496e-03	-5.97593e-01	1.75107e+01
110	0	72	0	2	3	3.84527e-03	-5.69700e-01	1.63132e+01
110	0	73	0	2	3	4.49034e-03	-6.11414e-01	1.71418e+01
110	0	74	0	2	3	4.46056e-03	-6.23223e-01	1.74194e+01
110	0	75	0	2	3	4.46840e-03	-6.04857e-01	1.72345e+01
110	0	76	0	2	3	3.59630e-03	-5.47298e-01	1.60043e+01
110	0	77	0	2	3	3.83872e-03	-5.63100e-01	1.69030e+01
110	0	78	0	2	3	4.36132e-03	-6.10685e-01	1.74599e+01
110	0	79	0	2	3	4.58137e-03	-6.13624e-01	1.63734e+01
110	0	80	0	2	3	3.57894e-03	-5.48320e-01	1.61422e+01
110	0	81	0	2	3	4.36444e-03	-5.90532e-01	1.69751e+01
110	0	82	0	2	3	4.53370e-03	-6.13214e-01	1.67836e+01
110	0	83	0	2	3	4.60648e-03	-6.17307e-01	1.73302e+01
110	0	84	0	2	3	3.63477e-03	-5.49526e-01	1.66062e+01
110	0	85	0	2	3	4.06040e-03	-5.74602e-01	1.60945e+01
110	0	86	0	2	3	4.37578e-03	-6.15793e-01	1.76170e+01
110	0	87	0	2	3	4.62340e-03	-6.28724e-01	1.84178e+01
110	0	88	0	2	3	3.76924e-03	-5.55651e-01	1.60916e+01
110	0	89	0	2	3	4.40146e-03	-6.00145e-01	1.71088e+01
110	0	90	0	2	3	4.12492e-03	-5.86961e-01	1.67804e+01
110	0	91	0	2	3	4.50089e-03	-6.18174e-01	1.70976e+01
110	0	92	0	2	3	3.64068e-03	-5.62054e-01	1.72770e+01
110	0	93	0	2	3	4.43978e-03	-6.02724e-01	1.69375e+01
110	0	94	0	2	3	3.72805e-03	-5.80784e-01	1.76930e+01
110	0	95	0	2	3	4.01275e-03	-5.81847e-01	1.73050e+01
110	0	96	0	2	3	3.95580e-03	-5.83653e-01	1.72852e+01
110	0	97	0	2	3	4.28032e-03	-5.94453e-01	1.66169e+01
110	0	98	0	2	3	4.27845e-03	-6.11820e-01	1.78265e+01
110	0	99	0	2	3	4.26602e-03	-5.91153e-01	1.62058e+01
110	0	100	0	2	3	3.62933e-03	-5.54475e-01	1.62951e+01
110	0	101	0	2	3	3.94311e-03	-5.70191e-01	1.71079e+01
110	0	102	0	2	3	4.59070e-03	-6.26736e-01	1.78189e+01
110	0	103	0	2	3	4.85472e-03	-6.40532e-01	1.79388e+01
110	0	104	0	2	3	3.87896e-03	-5.71792e-01	1.56963e+01
110	0	105	0	2	3	4.26362e-03	-5.87825e-01	1.67822e+01
110	0	106	0	2	3	4.36204e-03	-6.11433e-01	1.75396e+01
110	0	107	0	2	3	4.52072e-03	-6.06353e-01	1.66167e+01
110	0	108	0	2	3	4.01160e-03	-5.85204e-01	1.68216e+01
110	0	109	0	2	3	3.91598e-03	-5.70669e-01	1.65105e+01
110	0	110	0	2	3	4.25559e-03	-6.03200e-01	1.71403e+01
110	0	111	0	2	3	4.54909e-03	-6.23827e-01	1.75778e+01
110	0	112	0	2	3	3.41372e-03	-5.30716e-01	1.55562e+01
110	0	113	0	2	3	4.27781e-03	-5.89662e-01	1.67271e+01
110	0	114	0	2	3	4.50763e-03	-6.21489e-01	1.75805e+01
110	0	115	0	2	3	4.34165e-03	-5.96293e-01	1.68887e+01
110	0	116	0	2	3	3.23106e-03	-5.24880e-01	1.63640e+01
110	0	117	0	2	3	4.07874e-03	-5.78864e-01	1.65794e+01
110	0	118	0	2	3	4.43034e-03	-6.16286e-01	1.76932e+01
110	0	119	0	2	3	4.56483e-03	-6.10162e-01	1.62796e+01
110	0	120	0	2	3	4.27190e-03	-6.08406e-01	1.70961e+01
110	0	121	0	2	3	4.13073e-03	-5.75579e-01	1.51556e+01
110	0	122	0	2	3	2.83289e-03	-4.97592e-01	1.61303e+01
110	0	123	0	2	3	4.11853e-03	-5.74691e-01	1.67012e+01
110	0	124	0	2	3	4.85730e-03	-6.44741e-01	1.82838e+01
110	0	125	0	2	3	4.09148e-03	-5.63650e-01	1.42324e+01
110	0	126	0	2	3	3.12458e-03	-5.04424e-01	1.48980e+01
110	0	127	0	2	3	4.44918e-03	-6.02586e-01	1.70357e+01
110	0	128	0	2	3	3.46428e-03	-5.71292e-01	1.75865e+01
110	0	129	0	2	3	3.82612e-03	-5.88152e-01	1.75027e+01
110	0	130	0	2	3	2.15263e-03	-4.71092e-01	1.57819e+01
110	0	131	0	2	3	-1.39502e-03	-1.82500e-01	1.00201e+01
110	0	132	0	2	3	1.61957e-03	-4.14655e-01	1.48199e+01
110	0	133	0	2	3	-1.01396e-02	5.00539e-01	-3.16843e+00
110	0	134	0	2	3	4.91220e-04	-3.41459e-01	1.31538e+01
110	0	135	0	2	3	7.33873e-04	-3.50224e-01	1.36427e+01
110	0	136	0	2	3	6.38129e-03	-7.68558e-01	2.02957e+01
110	0	137	0	2	3	2.59796e-03	-4.92525e-01	1.62486e+01
110	0	138	0	2	3	-1.57360e-02	9.38286e-01	-1.15404e+01
110	0	139	0	2	3	3.53129e-03	-5.71889e-01	1.73652e+01
110	0	140	0	2	3	2.42629e-03	-4.90034e-01	1.65561e+01
110	0	141	0	2	3	1.66955e-03	-4.18835e-01	1.45875e+01
110	0	142	0	2	3	-1.66062e-04	-2.76277e-01	1.15065e+01
110	0	143	0	2	3	1.50295e-03	-4.04826e-01	1.36431e+01
110	0	144	0	2	3	2.99494e-03	-5.08897e-01	1.59706e+01
110	0	145	0	2	3	3.36208e-03	-5.44148e-01	1.67125e+01
110	0	146	0	2	3	-3.83219e-03	-1.24827e-02	6.87677e+00
110	0	147	0	2	3	1.82141e-03	-4.17017e-01	1.42987e+01
110	0	148	0	2	3	4.60898e-04	-3.39908e-01	1.35355e+01
110	0	149	0	2	3	5.40511e-03	-6.77694e-01	1.88714e+01
110	0	150	0	2	3	2.68211e-05	-2.95664e-01	1.22945e+01
110	0	151	0	2	3	2.02025e-03	-4.42906e-01	1.47097e+01
110	0	152	0	2	3	3.67857e-03	-5.68431e-01	1.76315e+01
110	0	153	0	2	3	2.24204e-03	-4.77721e-01	1.59714e+01
110	0	154	0	2	3	1.04531e-03	-3.78611e-01	1.32424e+01
110	0	155	0	2	3	8.15691e-04	-3.65119e-01	1.29526e+01
110	0	156	0	2	3	-6.08387e-03	1.69402e-01	3.53427e+00
110	0	157	0	2	3	-1.24469e-02	6.61919e-01	-5.74343e+00
110	0	158	0	2	3	-4.03066e-03	5.61895e-02	4.24083e+00
110	0	159	0	2	3	-8.76721e-03	3.77435e-01	6.55579e-02
#######################################################################
# BFT D                                                               #
#######################################################################
110	1	0	0	2	3	5.90499e-03	-7.14539e-01	1.97122e+01
110	1	1	0	2	3	-2.57330e-02	1.69773e+00	-2.52573e+01
110	1	2	0	2	3	4.16510e-03	-6.19388e-01	1.76336e+01
110	1	3	0	2	3	-3.48478e-03	1.14085e-02	5.67093e+00
110	1	4	0	2	3	2.39080e-03	-4.77595e-01	1.57965e+01
110	1	5	0	2	3	-2.04683e-03	-1.46197e-01	9.76801e+00
110	1	6	0	2	3	2.46600e-03	-4.73734e-01	1.43559e+01
110	1	7	0	2	3	2.62019e-03	-4.70439e-01	1.45474e+01
110	1	8	0	2	3	3.40502e-03	-5.33454e-01	1.55758e+01
110	1	9	0	2	3	-2.79477e-03	-6.40943e-02	8.40384e+00
110	1	10	0	2	3	3.77360e-03	-5.54585e-01	1.56765e+01
110	1	11	0	2	3	4.40027e-03	-6.02689e-01	1.78512e+01
110	1	12	0	2	3	3.32196e-03	-5.33636e-01	1.58763e+01
110	1	13	0	2	3	1.56082e-03	-3.92581e-01	1.37097e+01
110	1	14	0	2	3	3.21556e-03	-5.28309e-01	1.56312e+01
110	1	15	0	2	3	4.32999e-03	-5.96582e-01	1.73912e+01
110	1	16	0	2	3	3.19958e-03	-5.18510e-01	1.55757e+01
110	1	17	0	2	3	3.25918e-03	-5.18938e-01	1.62616e+01
110	1	18	0	2	3	3.34632e-03	-5.39929e-01	1.56245e+01
110	1	19	0	2	3	-1.14758e-03	-1.81566e-01	1.02317e+01
110	1	20	0	2	3	3.09015e-03	-5.22447e-01	1.62056e+01
110	1	21	0	2	3	1.94573e-03	-4.29899e-01	1.50893e+01
110	1	22	0	2	3	3.70882e-03	-5.58222e-01	1.63492e+01
110	1	23	0	2	3	3.38454e-03	-5.19219e-01	1.56583e+01
110	1	24	0	2	3	3.25229e-03	-5.27973e-01	1.57624e+01
110	1	25	0	2	3	3.79929e-03	-5.60261e-01	1.67377e+01
110	1	26	0	2	3	4.06515e-03	-5.88371e-01	1.67080e+01
110	1	27	0	2	3	3.60202e-03	-5.40270e-01	1.69645e+01
110	1	28	0	2	3	3.61908e-03	-5.58246e-01	1.62240e+01
110	1	29	0	2	3	3.46039e-03	-5.47595e-01	1.68984e+01
110	1	30	0	2	3	3.90352e-03	-5.75136e-01	1.67259e+01
110	1	31	0	2	3	2.99658e-03	-5.13219e-01	1.62636e+01
110	1	32	0	2	3	3.35516e-03	-5.39864e-01	1.64356e+01
110	1	33	0	2	3	3.68320e-03	-5.60933e-01	1.58754e+01
110	1	34	0	2	3	3.73827e-03	-5.61690e-01	1.60740e+01
110	1	35	0	2	3	5.04224e-03	-6.69452e-01	1.91660e+01
110	1	36	0	2	3	3.68287e-03	-5.53924e-01	1.61084e+01
110	1	37	0	2	3	3.76624e-03	-5.54360e-01	1.58770e+01
110	1	38	0	2	3	4.21047e-03	-5.94536e-01	1.70032e+01
110	1	39	0	2	3	3.96703e-03	-5.72440e-01	1.72688e+01
110	1	40	0	2	3	3.79582e-03	-5.55893e-01	1.58846e+01
110	1	41	0	2	3	4.16563e-03	-5.85843e-01	1.68907e+01
110	1	42	0	2	3	4.36745e-03	-5.96699e-01	1.61211e+01
110	1	43	0	2	3	4.16980e-03	-5.88252e-01	1.77329e+01
110	1	44	0	2	3	3.68659e-03	-5.60006e-01	1.62340e+01
110	1	45	0	2	3	3.78741e-03	-5.64458e-01	1.68245e+01
110	1	46	0	2	3	4.25792e-03	-5.99211e-01	1.68085e+01
110	1	47	0	2	3	4.06972e-03	-6.01858e-01	1.84693e+01
110	1	48	0	2	3	3.76925e-03	-5.62246e-01	1.59621e+01
110	1	49	0	2	3	3.82469e-03	-5.64149e-01	1.70993e+01
110	1	50	0	2	3	4.12855e-03	-5.89869e-01	1.64100e+01
110	1	51	0	2	3	4.23162e-03	-5.95483e-01	1.73097e+01
110	1	52	0	2	3	3.66383e-03	-5.63541e-01	1.62542e+01
110	1	53	0	2	3	3.56950e-03	-5.46094e-01	1.67205e+01
110	1	54	0	2	3	4.28168e-03	-6.10087e-01	1.70797e+01
110	1	55	0	2	3	4.38746e-03	-6.05804e-01	1.75911e+01
110	1	56	0	2	3	4.03689e-03	-5.95918e-01	1.69451e+01
110	1	57	0	2	3	3.85032e-03	-5.71311e-01	1.67912e+01
110	1	58	0	2	3	4.33272e-03	-6.20774e-01	1.83164e+01
110	1	59	0	2	3	4.09892e-03	-6.00280e-01	1.86937e+01
110	1	60	0	2	3	4.00115e-03	-5.82900e-01	1.64052e+01
110	1	61	0	2	3	4.39574e-03	-5.98330e-01	1.77888e+01
110	1	62	0	2	3	3.90568e-03	-5.76801e-01	1.63082e+01
110	1	63	0	2	3	4.38019e-03	-6.09535e-01	1.78052e+01
110	1	64	0	2	3	3.59865e-03	-5.56760e-01	1.63223e+01
110	1	65	0	2	3	4.42313e-03	-6.09367e-01	1.70460e+01
110	1	66	0	2	3	4.67795e-03	-6.39066e-01	1.74992e+01
110	1	67	0	2	3	4.42699e-03	-6.13221e-01	1.72297e+01
110	1	68	0	2	3	3.45322e-03	-5.35262e-01	1.53110e+01
110	1	69	0	2	3	3.96045e-03	-5.77022e-01	1.65810e+01
110	1	70	0	2	3	4.11341e-03	-5.92477e-01	1.67879e+01
110	1	71	0	2	3	4.48950e-03	-6.23824e-01	1.77166e+01
110	1	72	0	2	3	3.95993e-03	-5.77331e-01	1.70083e+01
110	1	73	0	2	3	4.01858e-03	-5.89531e-01	1.76406e+01
110	1	74	0	2	3	4.09333e-03	-5.85609e-01	1.63157e+01
110	1	75	0	2	3	4.42681e-03	-6.17076e-01	1.70036e+01
110	1	76	0	2	3	3.57716e-03	-5.49992e-01	1.63870e+01
110	1	77	0	2	3	3.88719e-03	-5.77473e-01	1.73262e+01
110	1	78	0	2	3	4.24641e-03	-6.00489e-01	1.66147e+01
110	1	79	0	2	3	4.66411e-03	-6.27760e-01	1.70606e+01
110	1	80	0	2	3	3.84073e-03	-5.63375e-01	1.64415e+01
110	1	81	0	2	3	3.81181e-03	-5.65375e-01	1.63309e+01
110	1	82	0	2	3	4.15324e-03	-5.92320e-01	1.69584e+01
110	1	83	0	2	3	4.39342e-03	-5.97751e-01	1.61359e+01
110	1	84	0	2	3	3.71162e-03	-5.47723e-01	1.56709e+01
110	1	85	0	2	3	3.79328e-03	-5.61539e-01	1.65005e+01
110	1	86	0	2	3	4.06770e-03	-5.86765e-01	1.66341e+01
110	1	87	0	2	3	4.35725e-03	-5.94521e-01	1.57649e+01
110	1	88	0	2	3	3.74359e-03	-5.64318e-01	1.70556e+01
110	1	89	0	2	3	4.16979e-03	-5.92870e-01	1.67384e+01
110	1	90	0	2	3	4.01277e-03	-5.80371e-01	1.64131e+01
110	1	91	0	2	3	4.34601e-03	-5.98955e-01	1.66616e+01
110	1	92	0	2	3	3.68220e-03	-5.49824e-01	1.62817e+01
110	1	93	0	2	3	3.62485e-03	-5.50124e-01	1.65104e+01
110	1	94	0	2	3	4.15169e-03	-5.94307e-01	1.68743e+01
110	1	95	0	2	3	4.08633e-03	-5.90673e-01	1.69719e+01
110	1	96	0	2	3	3.88854e-03	-5.67367e-01	1.62807e+01
110	1	97	0	2	3	4.09661e-03	-5.84743e-01	1.65554e+01
110	1	98	0	2	3	4.41751e-03	-6.28745e-01	1.78645e+01
110	1	99	0	2	3	4.25874e-03	-5.93196e-01	1.69739e+01
110	1	100	0	2	3	3.56628e-03	-5.35548e-01	1.52620e+01
110	1	101	0	2	3	3.79059e-03	-5.61122e-01	1.60271e+01
110	1	102	0	2	3	4.20552e-03	-6.04176e-01	1.75518e+01
110	1	103	0	2	3	4.47078e-03	-6.11456e-01	1.72844e+01
110	1	104	0	2	3	3.81690e-03	-5.63060e-01	1.67225e+01
110	1	105	0	2	3	3.82204e-03	-5.61545e-01	1.57576e+01
110	1	106	0	2	3	4.64448e-03	-6.31470e-01	1.77933e+01
110	1	107	0	2	3	4.81818e-03	-6.34447e-01	1.68045e+01
110	1	108	0	2	3	3.49295e-03	-5.47084e-01	1.63499e+01
110	1	109	0	2	3	3.67305e-03	-5.53560e-01	1.61912e+01
110	1	110	0	2	3	4.62421e-03	-6.28436e-01	1.79588e+01
110	1	111	0	2	3	4.66285e-03	-6.37923e-01	1.83281e+01
110	1	112	0	2	3	3.75014e-03	-5.62981e-01	1.66564e+01
110	1	113	0	2	3	3.48484e-03	-5.41463e-01	1.65898e+01
110	1	114	0	2	3	4.29395e-03	-6.07149e-01	1.72317e+01
110	1	115	0	2	3	4.41680e-03	-6.08224e-01	1.74318e+01
110	1	116	0	2	3	4.32762e-03	-6.09090e-01	1.77556e+01
110	1	117	0	2	3	3.93543e-03	-5.74913e-01	1.71466e+01
110	1	118	0	2	3	4.38698e-03	-6.03651e-01	1.55718e+01
110	1	119	0	2	3	5.84098e-03	-7.07608e-01	1.85203e+01
110	1	120	0	2	3	3.73839e-03	-5.55533e-01	1.63093e+01
110	1	121	0	2	3	4.43611e-03	-6.05577e-01	1.74120e+01
110	1	122	0	2	3	-2.75307e-03	-7.61256e-02	8.83346e+00
110	1	123	0	2	3	5.22197e-03	-6.82283e-01	1.96112e+01
110	1	124	0	2	3	2.81322e-03	-4.93484e-01	1.50780e+01
110	1	125	0	2	3	3.35932e-03	-5.38561e-01	1.67370e+01
110	1	126	0	2	3	4.00753e-03	-5.76329e-01	1.60609e+01
110	1	127	0	2	3	3.94726e-03	-5.66252e-01	1.67814e+01
110	1	128	0	2	3	2.15145e-03	-4.67035e-01	1.58512e+01
110	1	129	0	2	3	4.96673e-03	-6.78845e-01	1.97341e+01
110	1	130	0	2	3	4.05494e-03	-6.01949e-01	1.73791e+01
110	1	131	0	2	3	3.23557e-03	-5.22465e-01	1.60996e+01
110	1	132	0	2	3	5.10153e-03	-6.69685e-01	1.94720e+01
110	1	133	0	2	3	8.81323e-04	-3.46537e-01	1.25964e+01
110	1	134	0	2	3	2.53510e-03	-4.90975e-01	1.54261e+01
110	1	135	0	2	3	3.56477e-03	-5.62882e-01	1.63748e+01
110	1	136	0	2	3	1.28811e-03	-4.04790e-01	1.53055e+01
110	1	137	0	2	3	2.87911e-03	-5.12826e-01	1.64919e+01
110	1	138	0	2	3	3.20202e-03	-5.31414e-01	1.64330e+01
110	1	139	0	2	3	4.81044e-03	-6.46572e-01	1.78512e+01
110	1	140	0	2	3	1.10119e-03	-3.96525e-01	1.42364e+01
110	1	141	0	2	3	2.70136e-03	-4.93844e-01	1.54609e+01
110	1	142	0	2	3	1.29484e-03	-3.92561e-01	1.35911e+01
110	1	143	0	2	3	3.87852e-03	-5.81520e-01	1.78024e+01
110	1	144	0	2	3	5.22585e-03	-7.09528e-01	2.02662e+01
110	1	145	0	2	3	2.81880e-03	-4.81496e-01	1.51611e+01
110	1	146	0	2	3	2.26448e-03	-4.45532e-01	1.43547e+01
110	1	147	0	2	3	4.21041e-03	-6.01925e-01	1.68370e+01
110	1	148	0	2	3	3.32049e-03	-5.38044e-01	1.59153e+01
110	1	149	0	2	3	5.01144e-03	-6.66606e-01	1.94738e+01
110	1	150	0	2	3	6.37183e-03	-7.73205e-01	2.04996e+01
110	1	151	0	2	3	3.36178e-03	-5.33462e-01	1.61997e+01
110	1	152	0	2	3	-1.14210e-02	5.68681e-01	-3.97465e+00
110	1	153	0	2	3	-8.62985e-04	-2.07967e-01	1.08925e+01
110	1	154	0	2	3	2.28733e-03	-4.68895e-01	1.46703e+01
110	1	155	0	2	3	3.72857e-03	-5.62518e-01	1.66645e+01
110	1	156	0	2	3	3.37916e-03	-5.51199e-01	1.72465e+01
110	1	157	0	2	3	-7.95959e-03	2.87618e-01	1.56782e+00
110	1	158	0	2	3	-1.36212e-02	7.81946e-01	-8.22879e+00
110	1	159	0	2	3	-1.66449e-02	8.92980e-01	-8.39037e+00
