##
#  file: HodoPHCParam_Dummy
#  date: 2016.06.15
#  note: first version
#
#
#######################################################################
# CId	PlId	Seg	UorD	Type	nParam	p0	p1	...
#
#	Type=0 no correction will be performed
#	Type=1 ct=t-p[0]/sqrt(a-p[1])+p[2]
#	Type=2 ct=p[0]*a*a + p[1]*a + p[2] for Fiber
#
#######################################################################
# BH1 Up                                                              #
#######################################################################
1	0	0	0	1	3	9.72882e+01	-2.42381e+01	1.93388e+01
1	0	1	0	1	3	8.39811e-01	2.30870e-01	9.07677e-01
1	0	2	0	1	3	7.96271e-01	2.02772e-01	8.76313e-01
1	0	3	0	1	3	1.24269e+00	-1.47574e-01	1.19840e+00
1	0	4	0	1	3	1.09931e+00	-7.72769e-02	1.08260e+00
1	0	5	0	1	3	1.05845e+00	1.40683e-01	1.18835e+00
1	0	6	0	1	3	1.24845e+00	-7.32092e-02	1.22011e+00
1	0	7	0	1	3	1.38494e+00	-1.69323e-01	1.29113e+00
1	0	8	0	1	3	1.12943e+00	-1.85789e-01	1.05048e+00
1	0	9	0	1	3	1.39270e+00	-1.82072e-01	1.30041e+00
1	0	10	0	1	3	1.71493e+02	-3.15885e+01	3.00372e+01
#######################################################################
# BH1 Down                                                            #
#######################################################################
1	0	0	1	1	3	1.69589e+00	-2.63702e-01	1.46458e+00
1	0	1	1	1	3	6.65147e-01	3.06785e-01	7.74182e-01
1	0	2	1	1	3	1.69164e+00	-4.50471e-01	1.36238e+00
1	0	3	1	1	3	7.14482e+01	-2.23619e+01	1.47724e+01
1	0	4	1	1	3	1.42431e+00	-1.84323e-01	1.31423e+00
1	0	5	1	1	3	1.48351e+00	-1.17877e-01	1.40777e+00
1	0	6	1	1	3	1.64799e+00	-3.01989e-01	1.48452e+00
1	0	7	1	1	3	1.48685e+00	-1.75507e-01	1.38619e+00
1	0	8	1	1	3	5.71792e-01	2.68423e-01	6.99614e-01
1	0	9	1	1	3	1.07020e+00	4.47097e-02	1.11772e+00
1	0	10	1	1	3	5.19525e-01	3.65790e-01	6.45791e-01
#######################################################################
# BH2 Up                                                              #
#######################################################################
2	0	0	0	1	3	-3.37300e+02	-6.50153e+01	-4.15532e+01
2	0	1	0	1	3	-1.06918e+00	-2.31738e-01	-1.00847e+00
2	0	2	0	1	3	-8.34608e-01	-7.22221e-02	-8.62489e-01
2	0	3	0	1	3	-7.05453e+02	-9.67159e+01	-7.13698e+01
2	0	4	0	1	3	-2.70765e+02	-5.42834e+01	-3.65078e+01
2	0	5	0	1	3	-3.08982e+02	-5.81290e+01	-4.01827e+01
2	0	6	0	1	3	-6.60657e+02	-9.14274e+01	-6.86331e+01
2	0	7	0	1	3	-3.66817e+02	-6.95984e+01	-4.35921e+01
#######################################################################
# BH2 Down                                                            #
#######################################################################
2	0	0	1	1	3	-3.37300e+02	-6.50153e+01	-4.15532e+01
2	0	1	1	1	3	-1.06918e+00	-2.31738e-01	-1.00847e+00
2	0	2	1	1	3	-8.34608e-01	-7.22221e-02	-8.62489e-01
2	0	3	1	1	3	-7.05453e+02	-9.67159e+01	-7.13698e+01
2	0	4	1	1	3	-2.70765e+02	-5.42834e+01	-3.65078e+01
2	0	5	1	1	3	-3.08982e+02	-5.81290e+01	-4.01827e+01
2	0	6	1	1	3	-6.60657e+02	-9.14274e+01	-6.86331e+01
2	0	7	1	1	3	-3.66817e+02	-6.95984e+01	-4.35921e+01
#######################################################################
# BAC                                                                 #
#######################################################################
3	0	0	0	1	3	0.00000e+00	0.00000e+00	0.00000e+00
3	0	1	0	1	3	0.00000e+00	0.00000e+00	0.00000e+00
#######################################################################
# FBH Up                                                              #
#######################################################################
4	0	0	0	2	3	-5.62952e-03	8.96903e-01	-3.53273e+01
4	0	1	0	2	3	-4.29399e-03	7.37975e-01	-3.00049e+01
4	0	2	0	2	3	-5.26894e-03	8.67305e-01	-3.38992e+01
4	0	3	0	2	3	-3.80183e-03	6.69237e-01	-2.72260e+01
4	0	4	0	2	3	-4.35014e-03	7.35785e-01	-2.92008e+01
4	0	5	0	2	3	-4.02541e-03	6.86907e-01	-2.70312e+01
4	0	6	0	2	3	-4.16660e-03	7.08229e-01	-2.81512e+01
4	0	7	0	2	3	-3.93117e-03	6.84759e-01	-2.69101e+01
4	0	8	0	2	3	-4.14423e-03	6.96902e-01	-2.65883e+01
4	0	9	0	2	3	-2.83372e-03	5.62925e-01	-2.20787e+01
4	0	10	0	2	3	-4.07944e-03	7.09420e-01	-2.75603e+01
4	0	11	0	2	3	-3.50961e-03	6.50113e-01	-2.64167e+01
4	0	12	0	2	3	-3.52415e-03	6.49734e-01	-2.67232e+01
4	0	13	0	2	3	-4.13420e-03	7.26957e-01	-2.99675e+01
4	0	14	0	2	3	-4.90315e-03	8.27563e-01	-3.35630e+01
4	0	15	0	2	3	-4.73048e-03	8.13189e-01	-3.31901e+01
#######################################################################
# FBH Down                                                            #
#######################################################################
4	0	0	1	2	3	-5.62952e-03	8.96903e-01	-3.53273e+01
4	0	1	1	2	3	-4.29399e-03	7.37975e-01	-3.00049e+01
4	0	2	1	2	3	-5.26894e-03	8.67305e-01	-3.38992e+01
4	0	3	1	2	3	-3.80183e-03	6.69237e-01	-2.72260e+01
4	0	4	1	2	3	-4.35014e-03	7.35785e-01	-2.92008e+01
4	0	5	1	2	3	-4.02541e-03	6.86907e-01	-2.70312e+01
4	0	6	1	2	3	-4.16660e-03	7.08229e-01	-2.81512e+01
4	0	7	1	2	3	-3.93117e-03	6.84759e-01	-2.69101e+01
4	0	8	1	2	3	-4.14423e-03	6.96902e-01	-2.65883e+01
4	0	9	1	2	3	-2.83372e-03	5.62925e-01	-2.20787e+01
4	0	10	1	2	3	-4.07944e-03	7.09420e-01	-2.75603e+01
4	0	11	1	2	3	-3.50961e-03	6.50113e-01	-2.64167e+01
4	0	12	1	2	3	-3.52415e-03	6.49734e-01	-2.67232e+01
4	0	13	1	2	3	-4.13420e-03	7.26957e-01	-2.99675e+01
4	0	14	1	2	3	-4.90315e-03	8.27563e-01	-3.35630e+01
4	0	15	1	2	3	-4.73048e-03	8.13189e-01	-3.31901e+01
#######################################################################
# PVAC                                                                #
#######################################################################
5	0	0	0	1	3	0.00000e+00	0.00000e+00	0.00000e+00
#######################################################################
# FAC                                                                 #
#######################################################################
6	0	0	0	1	3	0.00000e+00	0.00000e+00	0.00000e+00
#######################################################################
# SCH                                                                 #
#######################################################################
#7	0	0	0	2	3	-0.00500000	0.821213	-32.185321
#7	0	1	0	2	3	-0.00500000	0.830248	-32.269563
#7	0	2	0	2	3	-0.00500000	0.793073	-29.315934
#7	0	3	0	2	3	-0.00500000	0.772144	-28.276705
#7	0	4	0	2	3	-0.00500000	0.801968	-30.687167
#7	0	5	0	2	3	-0.00500000	0.778300	-28.439251
#7	0	6	0	2	3	-0.00500000	0.765872	-27.918181
#7	0	7	0	2	3	-0.00500000	0.738459	-26.016797
#7	0	8	0	2	3	-0.00500000	0.778318	-28.676371
#7	0	9	0	2	3	-0.00500000	0.776670	-28.892887
#7	0	10	0	2	3	-0.00500000	0.764278	-28.122474
#7	0	11	0	2	3	-0.00500000	0.790742	-29.423647
#7	0	12	0	2	3	-0.00500000	0.811330	-30.487019
#7	0	13	0	2	3	-0.00500000	0.818750	-30.891512
#7	0	14	0	2	3	-0.00500000	0.802541	-30.009136
#7	0	15	0	2	3	-0.00500000	0.809525	-30.751746
#7	0	16	0	2	3	-0.00500000	0.802597	-30.845509
#7	0	17	0	2	3	-0.00500000	0.835028	-32.780792
#7	0	18	0	2	3	-0.00500000	0.859176	-33.938731
#7	0	19	0	2	3	-0.00500000	0.814851	-31.445396
#7	0	20	0	2	3	-0.00500000	0.809426	-30.781087
#7	0	21	0	2	3	-0.00500000	0.780678	-28.888756
#7	0	22	0	2	3	-0.00500000	0.808206	-30.719604
#7	0	23	0	2	3	-0.00500000	0.774024	-27.858339
#7	0	24	0	2	3	-0.00500000	0.794308	-29.022101
#7	0	25	0	2	3	-0.00500000	0.775649	-27.980186
#7	0	26	0	2	3	-0.00500000	0.788483	-28.687567
#7	0	27	0	2	3	-0.00466315	0.771386	-29.253260
#7	0	28	0	2	3	-0.00483132	0.790854	-28.637741
#7	0	29	0	2	3	-0.00497049	0.812994	-30.786914
#7	0	30	0	2	3	-0.00500000	0.787793	-28.362716
#7	0	31	0	2	3	-0.00500000	0.790759	-28.876812
#7	0	32	0	2	3	-0.00500000	0.824826	-31.655285
#7	0	33	0	2	3	-0.00500000	0.845304	-33.407765
#7	0	34	0	2	3	-0.00500000	0.832263	-32.939799
#7	0	35	0	2	3	-0.00500000	0.820631	-31.695372
#7	0	36	0	2	3	-0.00500000	0.836997	-33.200590
#7	0	37	0	2	3	-0.00500000	0.819690	-32.097193
#7	0	38	0	2	3	-0.00500000	0.808109	-31.263214
#7	0	39	0	2	3	-0.00500000	0.815224	-31.135523
#7	0	40	0	2	3	-0.00500000	0.803398	-29.897923
#7	0	41	0	2	3	-0.00500000	0.815685	-31.165519
#7	0	42	0	2	3	-0.00500000	0.812980	-30.737261
#7	0	43	0	2	3	-0.00500000	0.829418	-32.693307
#7	0	44	0	2	3	-0.00500000	0.789530	-29.464920
#7	0	45	0	2	3	-0.00500000	0.804789	-31.208151
#7	0	46	0	2	3	-0.00500000	0.830106	-32.806514
#7	0	47	0	2	3	-0.00500000	0.819206	-31.373242
#7	0	48	0	2	3	-0.00500000	0.816165	-31.709319
#7	0	49	0	2	3	-0.00500000	0.798496	-30.201709
#7	0	50	0	2	3	-0.00500000	0.812167	-31.795745
#7	0	51	0	2	3	-0.00500000	0.810749	-31.375226
#7	0	52	0	2	3	-0.00500000	0.803385	-31.372512
#7	0	53	0	2	3	-0.00500000	0.777405	-29.262831
#7	0	54	0	2	3	-0.00500000	0.783954	-29.763410
#7	0	55	0	2	3	-0.00500000	0.789443	-29.976449
#7	0	56	0	2	3	-0.00500000	0.838828	-33.261086
#7	0	57	0	2	3	-0.00500000	0.804421	-30.573195
#7	0	58	0	2	3	-0.00500000	0.773283	-29.111048
#7	0	59	0	2	3	-0.00500000	0.811789	-31.449459
#7	0	60	0	2	3	-0.00500000	0.759724	-28.110014
#7	0	61	0	2	3	-0.00500000	0.810884	-31.379063
#7	0	62	0	2	3	-0.00500000	0.771910	-28.435006
#7	0	63	0	2	3	-0.00500000	0.796658	-30.511906
#######################################################################
# TOF Up                                                              #
#######################################################################
7	0	0	0	1	3	5.24830e+00	-1.96630e+00	2.96170e+00
7	0	1	0	1	3	5.24830e+00	-1.96630e+00	2.96170e+00
7	0	2	0	1	3	5.24830e+00	-1.96630e+00	2.96170e+00
7	0	3	0	1	3	5.24830e+00	-1.96630e+00	2.96170e+00
7	0	4	0	1	3	5.24830e+00	-1.96630e+00	2.96170e+00
7	0	5	0	1	3	5.24830e+00	-1.96630e+00	2.96170e+00
7	0	6	0	1	3	6.97090e+00	-3.03520e+00	3.39910e+00
7	0	7	0	1	3	4.05450e+00	-1.96150e+00	2.30360e+00
7	0	8	0	1	3	1.16940e+02	-2.98600e+01	2.09880e+01
7	0	9	0	1	3	5.24830e+00	-1.96630e+00	2.96170e+00
7	0	10	0	1	3	5.24830e+00	-1.96630e+00	2.96170e+00
7	0	11	0	1	3	5.24830e+00	-1.96630e+00	2.96170e+00
7	0	12	0	1	3	5.24830e+00	-1.96630e+00	2.96170e+00
7	0	13	0	1	3	5.24830e+00	-1.96630e+00	2.96170e+00
7	0	14	0	1	3	5.24830e+00	-1.96630e+00	2.96170e+00
7	0	15	0	1	3	5.24830e+00	-1.96630e+00	2.96170e+00
7	0	16	0	1	3	5.24830e+00	-1.96630e+00	2.96170e+00
7	0	17	0	1	3	5.24830e+00	-1.96630e+00	2.96170e+00
7	0	18	0	1	3	5.24830e+00	-1.96630e+00	2.96170e+00
7	0	19	0	1	3	7.11491e-01	1.85180e-03	5.82402e-01
7	0	20	0	1	3	5.59404e-01	-1.73810e-03	4.50716e-01
7	0	21	0	1	3	8.92499e-01	1.99900e-03	7.37364e-01
7	0	22	0	1	3	6.37553e-01	1.99960e-03	5.45449e-01
7	0	23	0	1	3	1.19210e+00	1.98920e-03	9.99994e-01
#######################################################################
# TOF Down                                                            #
#######################################################################
7	0	0	1	1	3	5.84300e+00	-2.30730e+00	3.11320e+00
7	0	1	1	1	3	5.84300e+00	-2.30730e+00	3.11320e+00
7	0	2	1	1	3	5.84300e+00	-2.30730e+00	3.11320e+00
7	0	3	1	1	3	5.84300e+00	-2.30730e+00	3.11320e+00
7	0	4	1	1	3	5.84300e+00	-2.30730e+00	3.11320e+00
7	0	5	1	1	3	5.84300e+00	-2.30730e+00	3.11320e+00
7	0	6	1	1	3	1.41330e+01	-5.81170e+00	5.32680e+00
7	0	7	1	1	3	7.84850e+01	-2.02870e+01	1.69500e+01
7	0	8	1	1	3	2.20240e+02	-3.62440e+01	3.60080e+01
7	0	9	1	1	3	5.84300e+00	-2.30730e+00	3.11320e+00
7	0	10	1	1	3	5.84300e+00	-2.30730e+00	3.11320e+00
7	0	11	1	1	3	5.84300e+00	-2.30730e+00	3.11320e+00
7	0	12	1	1	3	5.84300e+00	-2.30730e+00	3.11320e+00
7	0	13	1	1	3	5.84300e+00	-2.30730e+00	3.11320e+00
7	0	14	1	1	3	5.84300e+00	-2.30730e+00	3.11320e+00
7	0	15	1	1	3	5.84300e+00	-2.30730e+00	3.11320e+00
7	0	16	1	1	3	5.84300e+00	-2.30730e+00	3.11320e+00
7	0	17	1	1	3	5.84300e+00	-2.30730e+00	3.11320e+00
7	0	18	1	1	3	5.84300e+00	-2.30730e+00	3.11320e+00
7	0	19	1	1	3	6.18741e-01	1.99860e-03	4.90831e-01
7	0	20	1	1	3	5.75901e-01	1.04210e-03	4.72509e-01
7	0	21	1	1	3	9.41046e-01	1.99890e-03	7.79357e-01
7	0	22	1	1	3	4.84266e-01	-1.95590e-03	3.99786e-01
7	0	23	1	1	3	8.97714e-01	1.99860e-03	7.56300e-01
#######################################################################
# BFT U                                                               #
#######################################################################
110	0	0	0	2	3	3.34453e-03	-5.42842e-01	1.69859e+01
110	0	1	0	2	3	-1.64377e-02	8.79418e-01	-6.88050e+00
110	0	2	0	2	3	-1.05011e-02	5.22987e-01	-3.32084e+00
110	0	3	0	2	3	3.82705e-03	-5.91464e-01	1.71885e+01
110	0	4	0	2	3	-2.64768e-03	-5.56398e-04	4.59840e+00
110	0	5	0	2	3	-1.38742e-03	-1.48117e-01	8.85943e+00
110	0	6	0	2	3	2.06773e-03	-4.44083e-01	1.39461e+01
110	0	7	0	2	3	4.98600e-05	-2.69777e-01	1.12040e+01
110	0	8	0	2	3	1.59749e-03	-4.08438e-01	1.35360e+01
110	0	9	0	2	3	-4.78703e-03	9.69691e-02	4.25243e+00
110	0	10	0	2	3	3.01992e-03	-5.21341e-01	1.59792e+01
110	0	11	0	2	3	-2.18348e-02	1.41041e+00	-2.08430e+01
110	0	12	0	2	3	4.59063e-03	-6.10211e-01	1.63020e+01
110	0	13	0	2	3	9.85962e-04	-3.38825e-01	1.32771e+01
110	0	14	0	2	3	3.44022e-03	-5.33574e-01	1.59597e+01
110	0	15	0	2	3	5.02129e-03	-6.51791e-01	1.82352e+01
110	0	16	0	2	3	3.93157e-03	-5.65503e-01	1.53023e+01
110	0	17	0	2	3	3.08666e-03	-4.94688e-01	1.56642e+01
110	0	18	0	2	3	2.55229e-03	-4.77412e-01	1.48930e+01
110	0	19	0	2	3	4.02875e-03	-5.80276e-01	1.54642e+01
110	0	20	0	2	3	3.56975e-03	-5.43784e-01	1.55014e+01
110	0	21	0	2	3	3.91765e-03	-5.61770e-01	1.73607e+01
110	0	22	0	2	3	3.47899e-03	-5.41449e-01	1.53937e+01
110	0	23	0	2	3	4.25922e-03	-5.84296e-01	1.65137e+01
110	0	24	0	2	3	4.36589e-03	-5.97529e-01	1.66998e+01
110	0	25	0	2	3	4.08047e-03	-5.72136e-01	1.67945e+01
110	0	26	0	2	3	3.97485e-03	-5.75472e-01	1.70033e+01
110	0	27	0	2	3	4.67795e-03	-6.09535e-01	1.67363e+01
110	0	28	0	2	3	3.13511e-03	-5.10448e-01	1.43148e+01
110	0	29	0	2	3	4.06645e-03	-5.63336e-01	1.64503e+01
110	0	30	0	2	3	4.61320e-03	-6.27219e-01	1.78633e+01
110	0	31	0	2	3	3.43085e-03	-5.25898e-01	1.53811e+01
110	0	32	0	2	3	3.81044e-03	-5.64957e-01	1.59613e+01
110	0	33	0	2	3	3.89796e-03	-5.42534e-01	1.39088e+01
110	0	34	0	2	3	4.22311e-03	-5.90684e-01	1.71450e+01
110	0	35	0	2	3	4.27944e-03	-6.01702e-01	1.69463e+01
110	0	36	0	2	3	4.42416e-03	-5.95591e-01	1.60270e+01
110	0	37	0	2	3	5.01708e-03	-6.47390e-01	1.85465e+01
110	0	38	0	2	3	3.86393e-03	-5.56781e-01	1.58579e+01
110	0	39	0	2	3	4.60023e-03	-6.12217e-01	1.76244e+01
110	0	40	0	2	3	4.01486e-03	-5.60517e-01	1.51980e+01
110	0	41	0	2	3	3.71410e-03	-5.45511e-01	1.64904e+01
110	0	42	0	2	3	4.47752e-03	-5.97315e-01	1.64732e+01
110	0	43	0	2	3	4.69952e-03	-6.32011e-01	1.78370e+01
110	0	44	0	2	3	3.79251e-03	-5.57321e-01	1.54519e+01
110	0	45	0	2	3	4.13564e-03	-5.71916e-01	1.64694e+01
110	0	46	0	2	3	4.51810e-03	-6.21355e-01	1.79123e+01
110	0	47	0	2	3	3.68227e-03	-5.55795e-01	1.74947e+01
110	0	48	0	2	3	3.65786e-03	-5.43021e-01	1.51569e+01
110	0	49	0	2	3	3.86749e-03	-5.58552e-01	1.67858e+01
110	0	50	0	2	3	4.64875e-03	-6.15412e-01	1.68280e+01
110	0	51	0	2	3	4.71453e-03	-6.16338e-01	1.76146e+01
110	0	52	0	2	3	4.09279e-03	-5.68884e-01	1.60888e+01
110	0	53	0	2	3	4.39727e-03	-5.96083e-01	1.62516e+01
110	0	54	0	2	3	3.95893e-03	-5.74178e-01	1.58777e+01
110	0	55	0	2	3	4.00607e-03	-5.68574e-01	1.67575e+01
110	0	56	0	2	3	3.47894e-03	-5.46737e-01	1.63595e+01
110	0	57	0	2	3	4.12575e-03	-5.79094e-01	1.66379e+01
110	0	58	0	2	3	3.88444e-03	-5.70670e-01	1.69084e+01
110	0	59	0	2	3	4.38263e-03	-6.11078e-01	1.75839e+01
110	0	60	0	2	3	4.04482e-03	-5.80483e-01	1.55790e+01
110	0	61	0	2	3	3.94859e-03	-5.67538e-01	1.61838e+01
110	0	62	0	2	3	4.77463e-03	-6.25061e-01	1.65609e+01
110	0	63	0	2	3	4.01120e-03	-5.74489e-01	1.62161e+01
110	0	64	0	2	3	3.91656e-03	-5.75518e-01	1.62247e+01
110	0	65	0	2	3	4.15504e-03	-5.85287e-01	1.64770e+01
110	0	66	0	2	3	4.63406e-03	-6.37119e-01	1.86096e+01
110	0	67	0	2	3	3.51918e-03	-5.45096e-01	1.60444e+01
110	0	68	0	2	3	4.21595e-03	-6.01977e-01	1.71943e+01
110	0	69	0	2	3	3.94330e-03	-5.67111e-01	1.67016e+01
110	0	70	0	2	3	4.59346e-03	-6.37761e-01	1.79062e+01
110	0	71	0	2	3	4.24717e-03	-5.93808e-01	1.65684e+01
110	0	72	0	2	3	3.67164e-03	-5.61415e-01	1.63461e+01
110	0	73	0	2	3	4.11834e-03	-5.85055e-01	1.68398e+01
110	0	74	0	2	3	4.08127e-03	-5.97252e-01	1.71273e+01
110	0	75	0	2	3	4.01074e-03	-5.76757e-01	1.59933e+01
110	0	76	0	2	3	3.69654e-03	-5.57460e-01	1.53678e+01
110	0	77	0	2	3	3.78523e-03	-5.61193e-01	1.60792e+01
110	0	78	0	2	3	4.34440e-03	-6.13762e-01	1.77369e+01
110	0	79	0	2	3	4.35743e-03	-5.97532e-01	1.62596e+01
110	0	80	0	2	3	3.87633e-03	-5.70107e-01	1.66467e+01
110	0	81	0	2	3	3.87383e-03	-5.61930e-01	1.57703e+01
110	0	82	0	2	3	4.53275e-03	-6.19115e-01	1.71460e+01
110	0	83	0	2	3	4.26728e-03	-5.98657e-01	1.73053e+01
110	0	84	0	2	3	3.75891e-03	-5.61049e-01	1.59997e+01
110	0	85	0	2	3	4.02675e-03	-5.73646e-01	1.62484e+01
110	0	86	0	2	3	4.13192e-03	-6.04463e-01	1.66801e+01
110	0	87	0	2	3	3.57417e-03	-5.55806e-01	1.73803e+01
110	0	88	0	2	3	3.17708e-03	-5.16010e-01	1.55551e+01
110	0	89	0	2	3	4.16780e-03	-5.90585e-01	1.62744e+01
110	0	90	0	2	3	4.06322e-03	-5.86536e-01	1.60091e+01
110	0	91	0	2	3	4.47283e-03	-6.17000e-01	1.72841e+01
110	0	92	0	2	3	3.49895e-03	-5.50843e-01	1.61839e+01
110	0	93	0	2	3	3.87248e-03	-5.63673e-01	1.64651e+01
110	0	94	0	2	3	4.62439e-03	-6.48418e-01	1.91064e+01
110	0	95	0	2	3	4.33053e-03	-6.07765e-01	1.69998e+01
110	0	96	0	2	3	3.52728e-03	-5.54053e-01	1.59391e+01
110	0	97	0	2	3	3.72624e-03	-5.52001e-01	1.60178e+01
110	0	98	0	2	3	4.11896e-03	-6.02063e-01	1.68607e+01
110	0	99	0	2	3	4.50985e-03	-6.08062e-01	1.67229e+01
110	0	100	0	2	3	3.70006e-03	-5.65414e-01	1.67563e+01
110	0	101	0	2	3	3.32513e-03	-5.26889e-01	1.55466e+01
110	0	102	0	2	3	4.21665e-03	-6.01340e-01	1.75712e+01
110	0	103	0	2	3	4.30924e-03	-6.01783e-01	1.75060e+01
110	0	104	0	2	3	3.81759e-03	-5.71117e-01	1.59280e+01
110	0	105	0	2	3	4.32417e-03	-5.95276e-01	1.61840e+01
110	0	106	0	2	3	4.01900e-03	-5.83709e-01	1.71918e+01
110	0	107	0	2	3	4.64751e-03	-6.16357e-01	1.70466e+01
110	0	108	0	2	3	3.01720e-03	-5.16143e-01	1.58647e+01
110	0	109	0	2	3	3.90967e-03	-5.70700e-01	1.67465e+01
110	0	110	0	2	3	2.96997e-03	-5.14430e-01	1.58725e+01
110	0	111	0	2	3	4.65120e-03	-6.30505e-01	1.79226e+01
110	0	112	0	2	3	4.04703e-03	-5.79658e-01	1.56479e+01
110	0	113	0	2	3	4.64377e-03	-6.21920e-01	1.76557e+01
110	0	114	0	2	3	4.92957e-03	-6.54109e-01	1.84503e+01
110	0	115	0	2	3	3.77115e-03	-5.55565e-01	1.63774e+01
110	0	116	0	2	3	3.23070e-03	-5.36818e-01	1.59784e+01
110	0	117	0	2	3	3.09436e-03	-5.08996e-01	1.55983e+01
110	0	118	0	2	3	3.15163e-03	-5.26863e-01	1.63622e+01
110	0	119	0	2	3	4.92178e-03	-6.29443e-01	1.67234e+01
110	0	120	0	2	3	4.43103e-03	-6.22889e-01	1.75562e+01
110	0	121	0	2	3	4.47981e-03	-6.04904e-01	1.59585e+01
110	0	122	0	2	3	3.57452e-03	-5.63992e-01	1.68010e+01
110	0	123	0	2	3	4.32903e-03	-6.05723e-01	1.68065e+01
110	0	124	0	2	3	2.97935e-03	-5.01495e-01	1.57945e+01
110	0	125	0	2	3	4.37661e-03	-5.87292e-01	1.39522e+01
110	0	126	0	2	3	3.39557e-03	-5.33940e-01	1.58154e+01
110	0	127	0	2	3	4.98343e-03	-6.40575e-01	1.69370e+01
110	0	128	0	2	3	3.54363e-03	-5.82631e-01	1.81300e+01
110	0	129	0	2	3	2.83381e-03	-5.22169e-01	1.56531e+01
110	0	130	0	2	3	2.73355e-03	-5.22454e-01	1.70936e+01
110	0	131	0	2	3	2.43152e-03	-4.73314e-01	1.46896e+01
110	0	132	0	2	3	4.49320e-03	-6.31173e-01	1.80240e+01
110	0	133	0	2	3	3.56942e-03	-5.52160e-01	1.60633e+01
110	0	134	0	2	3	2.46328e-03	-4.87781e-01	1.59475e+01
110	0	135	0	2	3	3.46635e-03	-5.53459e-01	1.65257e+01
110	0	136	0	2	3	4.47579e-03	-6.21020e-01	1.75383e+01
110	0	137	0	2	3	-5.44728e-03	1.01727e-01	4.64164e+00
110	0	138	0	2	3	1.66616e-03	-4.23270e-01	1.49545e+01
110	0	139	0	2	3	2.58813e-03	-4.93128e-01	1.49596e+01
110	0	140	0	2	3	3.56952e-03	-5.79554e-01	1.74185e+01
110	0	141	0	2	3	4.47753e-03	-6.31452e-01	1.77943e+01
110	0	142	0	2	3	2.97600e-03	-5.24789e-01	1.64911e+01
110	0	143	0	2	3	4.25724e-03	-6.09906e-01	1.76346e+01
110	0	144	0	2	3	2.72055e-03	-5.12702e-01	1.55972e+01
110	0	145	0	2	3	2.84969e-03	-4.92124e-01	1.46247e+01
110	0	146	0	2	3	-6.39704e-03	1.72759e-01	3.69608e+00
110	0	147	0	2	3	3.78783e-03	-5.58310e-01	1.59906e+01
110	0	148	0	2	3	3.86977e-03	-5.89614e-01	1.71313e+01
110	0	149	0	2	3	4.17703e-03	-5.93618e-01	1.66316e+01
110	0	150	0	2	3	6.45873e-04	-3.51201e-01	1.35976e+01
110	0	151	0	2	3	4.18112e-03	-6.04101e-01	1.78446e+01
110	0	152	0	2	3	3.65451e-03	-5.73608e-01	1.70430e+01
110	0	153	0	2	3	5.78243e-03	-7.33868e-01	1.96078e+01
110	0	154	0	2	3	3.09929e-03	-5.18430e-01	1.56815e+01
110	0	155	0	2	3	3.74442e-03	-5.74963e-01	1.57604e+01
110	0	156	0	2	3	5.00407e-03	-6.89222e-01	2.00129e+01
110	0	157	0	2	3	4.45434e-04	-3.36753e-01	1.34387e+01
110	0	158	0	2	3	-1.04458e-02	5.50661e-01	-4.21706e+00
110	0	159	0	2	3	1.51213e-03	-3.86130e-01	1.41196e+01
#######################################################################
# BFT D                                                               #
#######################################################################
110	1	0	0	2	3	-2.04481e-03	-1.94383e-01	1.17675e+01
110	1	1	0	2	3	-2.38966e-03	-7.99316e-02	8.93149e+00
110	1	2	0	2	3	1.62539e-03	-4.05704e-01	1.36735e+01
110	1	3	0	2	3	-1.44311e-02	9.18429e-01	-1.22450e+01
110	1	4	0	2	3	3.14161e-03	-5.13573e-01	1.60939e+01
110	1	5	0	2	3	-2.51641e-03	-9.87090e-02	9.76160e+00
110	1	6	0	2	3	3.78297e-03	-5.75639e-01	1.74354e+01
110	1	7	0	2	3	8.96674e-04	-3.38884e-01	1.23856e+01
110	1	8	0	2	3	2.55774e-03	-4.87211e-01	1.53266e+01
110	1	9	0	2	3	1.25054e-03	-3.86119e-01	1.50239e+01
110	1	10	0	2	3	1.43771e-03	-4.07372e-01	1.36836e+01
110	1	11	0	2	3	2.94523e-03	-5.06084e-01	1.54697e+01
110	1	12	0	2	3	3.02300e-03	-5.11993e-01	1.56711e+01
110	1	13	0	2	3	1.63881e-03	-4.13931e-01	1.46695e+01
110	1	14	0	2	3	1.47208e-03	-4.18775e-01	1.41062e+01
110	1	15	0	2	3	2.40668e-03	-4.64123e-01	1.53561e+01
110	1	16	0	2	3	2.00083e-03	-4.49848e-01	1.47884e+01
110	1	17	0	2	3	4.06912e-03	-5.72659e-01	1.62937e+01
110	1	18	0	2	3	4.06878e-03	-6.00373e-01	1.68802e+01
110	1	19	0	2	3	6.41296e-03	-7.50883e-01	1.99119e+01
110	1	20	0	2	3	3.67842e-03	-5.62128e-01	1.69409e+01
110	1	21	0	2	3	3.49497e-03	-5.45519e-01	1.73492e+01
110	1	22	0	2	3	3.04465e-03	-5.16716e-01	1.58229e+01
110	1	23	0	2	3	3.19292e-03	-5.14085e-01	1.59065e+01
110	1	24	0	2	3	3.05910e-03	-5.20305e-01	1.58376e+01
110	1	25	0	2	3	3.55656e-03	-5.43960e-01	1.66351e+01
110	1	26	0	2	3	4.22331e-03	-6.05656e-01	1.72252e+01
110	1	27	0	2	3	3.13070e-03	-5.20033e-01	1.60232e+01
110	1	28	0	2	3	3.79019e-03	-5.76933e-01	1.67756e+01
110	1	29	0	2	3	3.72107e-03	-5.58713e-01	1.61032e+01
110	1	30	0	2	3	3.52857e-03	-5.46897e-01	1.63503e+01
110	1	31	0	2	3	3.74530e-03	-5.66264e-01	1.63833e+01
110	1	32	0	2	3	3.67847e-03	-5.64216e-01	1.69842e+01
110	1	33	0	2	3	3.56489e-03	-5.47602e-01	1.57434e+01
110	1	34	0	2	3	4.26347e-03	-5.94337e-01	1.57290e+01
110	1	35	0	2	3	4.14760e-03	-6.03898e-01	1.81935e+01
110	1	36	0	2	3	3.84620e-03	-5.70714e-01	1.66481e+01
110	1	37	0	2	3	3.70778e-03	-5.53815e-01	1.51360e+01
110	1	38	0	2	3	4.17463e-03	-5.93853e-01	1.71842e+01
110	1	39	0	2	3	4.27357e-03	-5.94569e-01	1.68463e+01
110	1	40	0	2	3	4.01718e-03	-5.78127e-01	1.65549e+01
110	1	41	0	2	3	3.98251e-03	-5.71504e-01	1.68261e+01
110	1	42	0	2	3	3.76261e-03	-5.57030e-01	1.56803e+01
110	1	43	0	2	3	4.00782e-03	-5.75895e-01	1.66987e+01
110	1	44	0	2	3	4.44405e-03	-6.15525e-01	1.73968e+01
110	1	45	0	2	3	4.05596e-03	-5.81928e-01	1.73217e+01
110	1	46	0	2	3	3.71206e-03	-5.63607e-01	1.64521e+01
110	1	47	0	2	3	4.23224e-03	-6.14411e-01	1.89268e+01
110	1	48	0	2	3	3.75626e-03	-5.61845e-01	1.61233e+01
110	1	49	0	2	3	3.46314e-03	-5.35731e-01	1.57582e+01
110	1	50	0	2	3	4.15971e-03	-5.92692e-01	1.66318e+01
110	1	51	0	2	3	3.39499e-03	-5.36942e-01	1.65093e+01
110	1	52	0	2	3	3.93968e-03	-5.83101e-01	1.67487e+01
110	1	53	0	2	3	3.43470e-03	-5.35368e-01	1.66871e+01
110	1	54	0	2	3	4.51459e-03	-6.29537e-01	1.76276e+01
110	1	55	0	2	3	3.56872e-03	-5.49208e-01	1.68389e+01
110	1	56	0	2	3	3.97806e-03	-5.94697e-01	1.71349e+01
110	1	57	0	2	3	4.07366e-03	-5.89906e-01	1.73447e+01
110	1	58	0	2	3	3.85585e-03	-5.88759e-01	1.79836e+01
110	1	59	0	2	3	3.95431e-03	-5.87674e-01	1.85725e+01
110	1	60	0	2	3	3.75756e-03	-5.65977e-01	1.62408e+01
110	1	61	0	2	3	3.74329e-03	-5.49566e-01	1.60558e+01
110	1	62	0	2	3	4.15674e-03	-5.92148e-01	1.56628e+01
110	1	63	0	2	3	4.14555e-03	-5.92384e-01	1.76644e+01
110	1	64	0	2	3	3.64480e-03	-5.62525e-01	1.66383e+01
110	1	65	0	2	3	4.15561e-03	-5.92484e-01	1.69693e+01
110	1	66	0	2	3	4.83367e-03	-6.52400e-01	1.79423e+01
110	1	67	0	2	3	4.31509e-03	-6.08613e-01	1.64266e+01
110	1	68	0	2	3	3.46059e-03	-5.37852e-01	1.55474e+01
110	1	69	0	2	3	4.28733e-03	-5.98409e-01	1.71056e+01
110	1	70	0	2	3	4.52293e-03	-6.25596e-01	1.75677e+01
110	1	71	0	2	3	4.17563e-03	-6.03443e-01	1.75762e+01
110	1	72	0	2	3	3.78181e-03	-5.71767e-01	1.62023e+01
110	1	73	0	2	3	4.02543e-03	-5.91843e-01	1.78908e+01
110	1	74	0	2	3	4.15510e-03	-5.94817e-01	1.56799e+01
110	1	75	0	2	3	4.23338e-03	-6.03783e-01	1.69635e+01
110	1	76	0	2	3	3.78005e-03	-5.63906e-01	1.67619e+01
110	1	77	0	2	3	4.24501e-03	-6.02948e-01	1.69430e+01
110	1	78	0	2	3	3.82288e-03	-5.76353e-01	1.64349e+01
110	1	79	0	2	3	4.46729e-03	-6.14540e-01	1.70109e+01
110	1	80	0	2	3	4.05866e-03	-5.82250e-01	1.59795e+01
110	1	81	0	2	3	3.91723e-03	-5.72186e-01	1.55957e+01
110	1	82	0	2	3	4.33441e-03	-6.07202e-01	1.73986e+01
110	1	83	0	2	3	4.31559e-03	-5.93461e-01	1.62513e+01
110	1	84	0	2	3	3.97578e-03	-5.69991e-01	1.52696e+01
110	1	85	0	2	3	3.24502e-03	-5.28535e-01	1.52264e+01
110	1	86	0	2	3	4.40170e-03	-6.11737e-01	1.72442e+01
110	1	87	0	2	3	4.39568e-03	-5.98450e-01	1.50486e+01
110	1	88	0	2	3	4.42506e-03	-6.14400e-01	1.71135e+01
110	1	89	0	2	3	4.23001e-03	-5.98177e-01	1.60329e+01
110	1	90	0	2	3	4.17457e-03	-5.95312e-01	1.58828e+01
110	1	91	0	2	3	3.95005e-03	-5.74553e-01	1.65043e+01
110	1	92	0	2	3	4.10675e-03	-5.84578e-01	1.61130e+01
110	1	93	0	2	3	3.99065e-03	-5.77174e-01	1.62118e+01
110	1	94	0	2	3	3.94629e-03	-5.83450e-01	1.69546e+01
110	1	95	0	2	3	4.93476e-03	-6.51651e-01	1.82535e+01
110	1	96	0	2	3	3.79688e-03	-5.68663e-01	1.66383e+01
110	1	97	0	2	3	3.75721e-03	-5.62009e-01	1.63955e+01
110	1	98	0	2	3	4.08217e-03	-6.05299e-01	1.76382e+01
110	1	99	0	2	3	3.76642e-03	-5.65394e-01	1.58582e+01
110	1	100	0	2	3	3.37694e-03	-5.23661e-01	1.52182e+01
110	1	101	0	2	3	3.45564e-03	-5.40876e-01	1.49468e+01
110	1	102	0	2	3	4.38739e-03	-6.16501e-01	1.69366e+01
110	1	103	0	2	3	4.63208e-03	-6.22667e-01	1.66821e+01
110	1	104	0	2	3	3.71798e-03	-5.59270e-01	1.58979e+01
110	1	105	0	2	3	3.76726e-03	-5.64347e-01	1.61476e+01
110	1	106	0	2	3	3.91722e-03	-5.84931e-01	1.72886e+01
110	1	107	0	2	3	4.37548e-03	-6.04814e-01	1.65604e+01
110	1	108	0	2	3	3.89957e-03	-5.74520e-01	1.69723e+01
110	1	109	0	2	3	3.93038e-03	-5.76512e-01	1.69003e+01
110	1	110	0	2	3	4.32630e-03	-6.09725e-01	1.68482e+01
110	1	111	0	2	3	3.49157e-03	-5.49011e-01	1.69344e+01
110	1	112	0	2	3	4.03157e-03	-5.80548e-01	1.71108e+01
110	1	113	0	2	3	3.09503e-03	-5.17494e-01	1.54742e+01
110	1	114	0	2	3	3.66558e-03	-5.61649e-01	1.56395e+01
110	1	115	0	2	3	4.20048e-03	-5.93603e-01	1.64429e+01
110	1	116	0	2	3	2.67119e-03	-4.90368e-01	1.58305e+01
110	1	117	0	2	3	3.75657e-03	-5.57458e-01	1.59798e+01
110	1	118	0	2	3	4.55586e-03	-6.22522e-01	1.62260e+01
110	1	119	0	2	3	4.11448e-03	-5.83179e-01	1.66157e+01
110	1	120	0	2	3	3.40511e-03	-5.38809e-01	1.63664e+01
110	1	121	0	2	3	3.40914e-03	-5.38369e-01	1.55969e+01
110	1	122	0	2	3	2.30966e-03	-4.69498e-01	1.56126e+01
110	1	123	0	2	3	3.51617e-03	-5.55336e-01	1.75275e+01
110	1	124	0	2	3	3.06533e-03	-5.12936e-01	1.55979e+01
110	1	125	0	2	3	4.04988e-03	-5.86247e-01	1.67770e+01
110	1	126	0	2	3	4.18030e-03	-5.84682e-01	1.63192e+01
110	1	127	0	2	3	4.31959e-03	-6.03002e-01	1.68762e+01
110	1	128	0	2	3	3.47618e-03	-5.73083e-01	1.71741e+01
110	1	129	0	2	3	3.84900e-03	-6.02360e-01	1.77357e+01
110	1	130	0	2	3	3.84933e-03	-5.85433e-01	1.72440e+01
110	1	131	0	2	3	3.60185e-03	-5.54282e-01	1.59737e+01
110	1	132	0	2	3	3.46881e-03	-5.61212e-01	1.69086e+01
110	1	133	0	2	3	4.83546e-03	-6.42461e-01	1.73041e+01
110	1	134	0	2	3	3.47314e-03	-5.63069e-01	1.68932e+01
110	1	135	0	2	3	3.70337e-03	-5.58381e-01	1.62154e+01
110	1	136	0	2	3	3.30635e-03	-5.45309e-01	1.67801e+01
110	1	137	0	2	3	5.09041e-03	-6.72981e-01	1.85008e+01
110	1	138	0	2	3	4.35082e-03	-6.18189e-01	1.71709e+01
110	1	139	0	2	3	3.81900e-03	-5.70125e-01	1.66088e+01
110	1	140	0	2	3	3.62691e-03	-5.70027e-01	1.62716e+01
110	1	141	0	2	3	2.48407e-03	-4.80743e-01	1.44789e+01
110	1	142	0	2	3	4.33408e-03	-6.13632e-01	1.66922e+01
110	1	143	0	2	3	3.63846e-03	-5.73429e-01	1.70627e+01
110	1	144	0	2	3	2.13646e-03	-4.62742e-01	1.54875e+01
110	1	145	0	2	3	5.63037e-03	-6.90403e-01	1.82235e+01
110	1	146	0	2	3	3.60980e-03	-5.80152e-01	1.76538e+01
110	1	147	0	2	3	4.83962e-03	-6.49533e-01	1.79005e+01
110	1	148	0	2	3	4.00305e-03	-5.86265e-01	1.68592e+01
110	1	149	0	2	3	1.73222e-03	-4.21025e-01	1.41419e+01
110	1	150	0	2	3	2.49715e-03	-4.95001e-01	1.56704e+01
110	1	151	0	2	3	4.37327e-03	-6.08316e-01	1.68159e+01
110	1	152	0	2	3	3.17767e-03	-5.30192e-01	1.64658e+01
110	1	153	0	2	3	3.66884e-03	-5.72416e-01	1.73201e+01
110	1	154	0	2	3	4.58680e-03	-6.43368e-01	1.81547e+01
110	1	155	0	2	3	6.53019e-03	-7.55276e-01	1.90527e+01
110	1	156	0	2	3	8.09352e-04	-3.89885e-01	1.49663e+01
110	1	157	0	2	3	4.07083e-03	-6.28370e-01	1.86957e+01
110	1	158	0	2	3	-7.72560e-03	2.51725e-01	3.21104e+00
110	1	159	0	2	3	-3.11070e-03	-8.33127e-02	9.48916e+00
