##
#  file: HodoPHCParam_Dummy
#  date: 2016.06.15
#  note: first version
#
#
#######################################################################
# CId	PlId	Seg	UorD	Type	nParam	p0	p1	...
#
#	Type=0 no correction will be performed
#	Type=1 ct=t-p[0]/sqrt(a-p[1])+p[2]
#	Type=2 ct=p[0]*a*a + p[1]*a + p[2] for Fiber
#
#######################################################################
# BH1 Up                                                              #
#######################################################################
1	0	0	0	1	3	1.47730e+00	-2.35290e-01	1.36110e+00
1	0	1	0	1	3	6.62130e-01	3.34480e-01	8.67710e-01
1	0	2	0	1	3	7.54820e-01	2.48290e-01	9.34610e-01
1	0	3	0	1	3	1.23270e+00	-1.14280e-01	1.26640e+00
1	0	4	0	1	3	1.29730e+00	-1.98210e-01	1.21160e+00
1	0	5	0	1	3	1.43110e+00	-7.87430e-02	1.42120e+00
1	0	6	0	1	3	1.41000e+00	-1.74510e-01	1.32020e+00
1	0	7	0	1	3	1.25340e+00	-3.62780e-02	1.24940e+00
1	0	8	0	1	3	1.44900e+00	-3.83590e-01	1.25050e+00
1	0	9	0	1	3	2.28060e+00	-6.04700e-01	1.82360e+00
1	0	10	0	1	3	9.33520e-01	5.26570e-02	9.95230e-01
#######################################################################
# BH1 Down                                                            #
#######################################################################
1	0	0	1	1	3	2.02010e+00	-5.58670e-01	1.64300e+00
1	0	1	1	1	3	8.49690e-01	1.88140e-01	1.01360e+00
1	0	2	1	1	3	1.21680e+00	-7.53470e-02	1.21540e+00
1	0	3	1	1	3	2.08470e+02	-6.59470e+01	2.55410e+01
1	0	4	1	1	3	1.41330e+00	-2.47510e-01	1.29810e+00
1	0	5	1	1	3	1.63380e+00	-2.25070e-01	1.48610e+00
1	0	6	1	1	3	1.64270e+00	-3.28680e-01	1.48410e+00
1	0	7	1	1	3	1.48840e+00	-1.98800e-01	1.38020e+00
1	0	8	1	1	3	9.57720e-01	-5.07090e-03	9.79170e-01
1	0	9	1	1	3	1.28980e+00	-8.52640e-02	1.26930e+00
1	0	10	1	1	3	1.29280e+00	-1.52360e-01	1.25330e+00
#######################################################################
# BH2 Up                                                              #
#######################################################################
2	0	0	0	1	3	1.23928e-01	3.19092e-01	1.64921e-01
2	0	1	0	1	3	7.53706e-01	-1.79708e-01	6.99096e-01
2	0	2	0	1	3	4.42202e-01	-1.79103e-01	4.01925e-01
2	0	3	0	1	3	3.11545e-01	-5.77250e-02	3.02038e-01
2	0	4	0	1	3	2.94738e-01	-1.61080e-01	2.70687e-01
2	0	5	0	1	3	1.70974e-01	2.75206e-01	2.01729e-01
2	0	6	0	1	3	3.73818e-01	9.75170e-02	3.97597e-01
2	0	7	0	1	3	3.15997e-01	6.59460e-02	3.24278e-01
#######################################################################
# BH2 Down                                                            #
#######################################################################
2	0	0	1	1	3	2.64639e-01	1.04767e-01	3.03250e-01
2	0	1	1	1	3	1.34101e+00	-8.16725e-01	9.87325e-01
2	0	2	1	1	3	4.33143e-01	-7.83380e-02	4.15357e-01
2	0	3	1	1	3	2.71422e-01	-7.15340e-02	2.53653e-01
2	0	4	1	1	3	2.16354e-01	1.56752e-01	2.36613e-01
2	0	5	1	1	3	2.26477e-01	2.19430e-01	2.54177e-01
2	0	6	1	1	3	1.46634e+00	-7.69085e-01	1.07966e+00
2	0	7	1	1	3	2.49431e-01	7.90660e-02	2.64418e-01
#######################################################################
# BAC                                                                 #
#######################################################################
3	0	0	0	1	3	0.00000e+00	0.00000e+00	0.00000e+00
3	0	1	0	1	3	0.00000e+00	0.00000e+00	0.00000e+00
#######################################################################
# FBH Up                                                              #
#######################################################################
4	0	0	0	2	3	-5.62952e-03	8.96903e-01	-3.53273e+01
4	0	1	0	2	3	-4.29399e-03	7.37975e-01	-3.00049e+01
4	0	2	0	2	3	-5.26894e-03	8.67305e-01	-3.38992e+01
4	0	3	0	2	3	-3.80183e-03	6.69237e-01	-2.72260e+01
4	0	4	0	2	3	-4.35014e-03	7.35785e-01	-2.92008e+01
4	0	5	0	2	3	-4.02541e-03	6.86907e-01	-2.70312e+01
4	0	6	0	2	3	-4.16660e-03	7.08229e-01	-2.81512e+01
4	0	7	0	2	3	-3.93117e-03	6.84759e-01	-2.69101e+01
4	0	8	0	2	3	-4.14423e-03	6.96902e-01	-2.65883e+01
4	0	9	0	2	3	-2.83372e-03	5.62925e-01	-2.20787e+01
4	0	10	0	2	3	-4.07944e-03	7.09420e-01	-2.75603e+01
4	0	11	0	2	3	-3.50961e-03	6.50113e-01	-2.64167e+01
4	0	12	0	2	3	-3.52415e-03	6.49734e-01	-2.67232e+01
4	0	13	0	2	3	-4.13420e-03	7.26957e-01	-2.99675e+01
4	0	14	0	2	3	-4.90315e-03	8.27563e-01	-3.35630e+01
4	0	15	0	2	3	-4.73048e-03	8.13189e-01	-3.31901e+01
#######################################################################
# FBH Down                                                            #
#######################################################################
4	0	0	1	2	3	-5.62952e-03	8.96903e-01	-3.53273e+01
4	0	1	1	2	3	-4.29399e-03	7.37975e-01	-3.00049e+01
4	0	2	1	2	3	-5.26894e-03	8.67305e-01	-3.38992e+01
4	0	3	1	2	3	-3.80183e-03	6.69237e-01	-2.72260e+01
4	0	4	1	2	3	-4.35014e-03	7.35785e-01	-2.92008e+01
4	0	5	1	2	3	-4.02541e-03	6.86907e-01	-2.70312e+01
4	0	6	1	2	3	-4.16660e-03	7.08229e-01	-2.81512e+01
4	0	7	1	2	3	-3.93117e-03	6.84759e-01	-2.69101e+01
4	0	8	1	2	3	-4.14423e-03	6.96902e-01	-2.65883e+01
4	0	9	1	2	3	-2.83372e-03	5.62925e-01	-2.20787e+01
4	0	10	1	2	3	-4.07944e-03	7.09420e-01	-2.75603e+01
4	0	11	1	2	3	-3.50961e-03	6.50113e-01	-2.64167e+01
4	0	12	1	2	3	-3.52415e-03	6.49734e-01	-2.67232e+01
4	0	13	1	2	3	-4.13420e-03	7.26957e-01	-2.99675e+01
4	0	14	1	2	3	-4.90315e-03	8.27563e-01	-3.35630e+01
4	0	15	1	2	3	-4.73048e-03	8.13189e-01	-3.31901e+01
#######################################################################
# PVAC                                                                #
#######################################################################
5	0	0	0	1	3	0.00000e+00	0.00000e+00	0.00000e+00
#######################################################################
# FAC                                                                 #
#######################################################################
6	0	0	0	1	3	0.00000e+00	0.00000e+00	0.00000e+00
#######################################################################
# SCH                                                                 #
#######################################################################
#7	0	0	0	2	3	-0.00500000	0.821213	-32.185321
#7	0	1	0	2	3	-0.00500000	0.830248	-32.269563
#7	0	2	0	2	3	-0.00500000	0.793073	-29.315934
#7	0	3	0	2	3	-0.00500000	0.772144	-28.276705
#7	0	4	0	2	3	-0.00500000	0.801968	-30.687167
#7	0	5	0	2	3	-0.00500000	0.778300	-28.439251
#7	0	6	0	2	3	-0.00500000	0.765872	-27.918181
#7	0	7	0	2	3	-0.00500000	0.738459	-26.016797
#7	0	8	0	2	3	-0.00500000	0.778318	-28.676371
#7	0	9	0	2	3	-0.00500000	0.776670	-28.892887
#7	0	10	0	2	3	-0.00500000	0.764278	-28.122474
#7	0	11	0	2	3	-0.00500000	0.790742	-29.423647
#7	0	12	0	2	3	-0.00500000	0.811330	-30.487019
#7	0	13	0	2	3	-0.00500000	0.818750	-30.891512
#7	0	14	0	2	3	-0.00500000	0.802541	-30.009136
#7	0	15	0	2	3	-0.00500000	0.809525	-30.751746
#7	0	16	0	2	3	-0.00500000	0.802597	-30.845509
#7	0	17	0	2	3	-0.00500000	0.835028	-32.780792
#7	0	18	0	2	3	-0.00500000	0.859176	-33.938731
#7	0	19	0	2	3	-0.00500000	0.814851	-31.445396
#7	0	20	0	2	3	-0.00500000	0.809426	-30.781087
#7	0	21	0	2	3	-0.00500000	0.780678	-28.888756
#7	0	22	0	2	3	-0.00500000	0.808206	-30.719604
#7	0	23	0	2	3	-0.00500000	0.774024	-27.858339
#7	0	24	0	2	3	-0.00500000	0.794308	-29.022101
#7	0	25	0	2	3	-0.00500000	0.775649	-27.980186
#7	0	26	0	2	3	-0.00500000	0.788483	-28.687567
#7	0	27	0	2	3	-0.00466315	0.771386	-29.253260
#7	0	28	0	2	3	-0.00483132	0.790854	-28.637741
#7	0	29	0	2	3	-0.00497049	0.812994	-30.786914
#7	0	30	0	2	3	-0.00500000	0.787793	-28.362716
#7	0	31	0	2	3	-0.00500000	0.790759	-28.876812
#7	0	32	0	2	3	-0.00500000	0.824826	-31.655285
#7	0	33	0	2	3	-0.00500000	0.845304	-33.407765
#7	0	34	0	2	3	-0.00500000	0.832263	-32.939799
#7	0	35	0	2	3	-0.00500000	0.820631	-31.695372
#7	0	36	0	2	3	-0.00500000	0.836997	-33.200590
#7	0	37	0	2	3	-0.00500000	0.819690	-32.097193
#7	0	38	0	2	3	-0.00500000	0.808109	-31.263214
#7	0	39	0	2	3	-0.00500000	0.815224	-31.135523
#7	0	40	0	2	3	-0.00500000	0.803398	-29.897923
#7	0	41	0	2	3	-0.00500000	0.815685	-31.165519
#7	0	42	0	2	3	-0.00500000	0.812980	-30.737261
#7	0	43	0	2	3	-0.00500000	0.829418	-32.693307
#7	0	44	0	2	3	-0.00500000	0.789530	-29.464920
#7	0	45	0	2	3	-0.00500000	0.804789	-31.208151
#7	0	46	0	2	3	-0.00500000	0.830106	-32.806514
#7	0	47	0	2	3	-0.00500000	0.819206	-31.373242
#7	0	48	0	2	3	-0.00500000	0.816165	-31.709319
#7	0	49	0	2	3	-0.00500000	0.798496	-30.201709
#7	0	50	0	2	3	-0.00500000	0.812167	-31.795745
#7	0	51	0	2	3	-0.00500000	0.810749	-31.375226
#7	0	52	0	2	3	-0.00500000	0.803385	-31.372512
#7	0	53	0	2	3	-0.00500000	0.777405	-29.262831
#7	0	54	0	2	3	-0.00500000	0.783954	-29.763410
#7	0	55	0	2	3	-0.00500000	0.789443	-29.976449
#7	0	56	0	2	3	-0.00500000	0.838828	-33.261086
#7	0	57	0	2	3	-0.00500000	0.804421	-30.573195
#7	0	58	0	2	3	-0.00500000	0.773283	-29.111048
#7	0	59	0	2	3	-0.00500000	0.811789	-31.449459
#7	0	60	0	2	3	-0.00500000	0.759724	-28.110014
#7	0	61	0	2	3	-0.00500000	0.810884	-31.379063
#7	0	62	0	2	3	-0.00500000	0.771910	-28.435006
#7	0	63	0	2	3	-0.00500000	0.796658	-30.511906
#######################################################################
# TOF Up                                                              #
#######################################################################
7	0	0	0	1	3	5.24830e+00	-1.96630e+00	2.96170e+00
7	0	1	0	1	3	5.24830e+00	-1.96630e+00	2.96170e+00
7	0	2	0	1	3	5.24830e+00	-1.96630e+00	2.96170e+00
7	0	3	0	1	3	5.24830e+00	-1.96630e+00	2.96170e+00
7	0	4	0	1	3	5.24830e+00	-1.96630e+00	2.96170e+00
7	0	5	0	1	3	5.24830e+00	-1.96630e+00	2.96170e+00
7	0	6	0	1	3	6.97090e+00	-3.03520e+00	3.39910e+00
7	0	7	0	1	3	4.05450e+00	-1.96150e+00	2.30360e+00
7	0	8	0	1	3	1.16940e+02	-2.98600e+01	2.09880e+01
7	0	9	0	1	3	5.24830e+00	-1.96630e+00	2.96170e+00
7	0	10	0	1	3	5.24830e+00	-1.96630e+00	2.96170e+00
7	0	11	0	1	3	5.24830e+00	-1.96630e+00	2.96170e+00
7	0	12	0	1	3	5.24830e+00	-1.96630e+00	2.96170e+00
7	0	13	0	1	3	5.24830e+00	-1.96630e+00	2.96170e+00
7	0	14	0	1	3	5.24830e+00	-1.96630e+00	2.96170e+00
7	0	15	0	1	3	5.24830e+00	-1.96630e+00	2.96170e+00
7	0	16	0	1	3	5.24830e+00	-1.96630e+00	2.96170e+00
7	0	17	0	1	3	5.24830e+00	-1.96630e+00	2.96170e+00
7	0	18	0	1	3	5.24830e+00	-1.96630e+00	2.96170e+00
7	0	19	0	1	3	7.11491e-01	1.85180e-03	5.82402e-01
7	0	20	0	1	3	5.59404e-01	-1.73810e-03	4.50716e-01
7	0	21	0	1	3	8.92499e-01	1.99900e-03	7.37364e-01
7	0	22	0	1	3	6.37553e-01	1.99960e-03	5.45449e-01
7	0	23	0	1	3	1.19210e+00	1.98920e-03	9.99994e-01
#######################################################################
# TOF Down                                                            #
#######################################################################
7	0	0	1	1	3	5.84300e+00	-2.30730e+00	3.11320e+00
7	0	1	1	1	3	5.84300e+00	-2.30730e+00	3.11320e+00
7	0	2	1	1	3	5.84300e+00	-2.30730e+00	3.11320e+00
7	0	3	1	1	3	5.84300e+00	-2.30730e+00	3.11320e+00
7	0	4	1	1	3	5.84300e+00	-2.30730e+00	3.11320e+00
7	0	5	1	1	3	5.84300e+00	-2.30730e+00	3.11320e+00
7	0	6	1	1	3	1.41330e+01	-5.81170e+00	5.32680e+00
7	0	7	1	1	3	7.84850e+01	-2.02870e+01	1.69500e+01
7	0	8	1	1	3	2.20240e+02	-3.62440e+01	3.60080e+01
7	0	9	1	1	3	5.84300e+00	-2.30730e+00	3.11320e+00
7	0	10	1	1	3	5.84300e+00	-2.30730e+00	3.11320e+00
7	0	11	1	1	3	5.84300e+00	-2.30730e+00	3.11320e+00
7	0	12	1	1	3	5.84300e+00	-2.30730e+00	3.11320e+00
7	0	13	1	1	3	5.84300e+00	-2.30730e+00	3.11320e+00
7	0	14	1	1	3	5.84300e+00	-2.30730e+00	3.11320e+00
7	0	15	1	1	3	5.84300e+00	-2.30730e+00	3.11320e+00
7	0	16	1	1	3	5.84300e+00	-2.30730e+00	3.11320e+00
7	0	17	1	1	3	5.84300e+00	-2.30730e+00	3.11320e+00
7	0	18	1	1	3	5.84300e+00	-2.30730e+00	3.11320e+00
7	0	19	1	1	3	6.18741e-01	1.99860e-03	4.90831e-01
7	0	20	1	1	3	5.75901e-01	1.04210e-03	4.72509e-01
7	0	21	1	1	3	9.41046e-01	1.99890e-03	7.79357e-01
7	0	22	1	1	3	4.84266e-01	-1.95590e-03	3.99786e-01
7	0	23	1	1	3	8.97714e-01	1.99860e-03	7.56300e-01
#######################################################################
# BFT U                                                               #
#######################################################################
110	0	0	0	2	3	1.58677e-03	-4.16234e-01	1.31067e+01
110	0	1	0	2	3	-3.59539e-03	6.63415e-03	5.60136e+00
110	0	2	0	2	3	1.87916e-03	-4.16518e-01	1.34392e+01
110	0	3	0	2	3	-1.66570e-03	-1.93156e-01	9.29634e+00
110	0	4	0	2	3	5.60335e-03	-6.88671e-01	1.87243e+01
110	0	5	0	2	3	3.24881e-03	-5.14469e-01	1.50280e+01
110	0	6	0	2	3	3.49115e-03	-5.43451e-01	1.54951e+01
110	0	7	0	2	3	7.32929e-03	-8.14243e-01	1.99918e+01
110	0	8	0	2	3	2.87230e-03	-5.10237e-01	1.42761e+01
110	0	9	0	2	3	5.63951e-03	-6.96581e-01	1.87696e+01
110	0	10	0	2	3	4.15957e-03	-5.81590e-01	1.53087e+01
110	0	11	0	2	3	4.21410e-03	-5.85011e-01	1.67703e+01
110	0	12	0	2	3	2.63115e-03	-4.84790e-01	1.32171e+01
110	0	13	0	2	3	3.08957e-03	-5.05122e-01	1.52918e+01
110	0	14	0	2	3	3.33440e-03	-5.28098e-01	1.47107e+01
110	0	15	0	2	3	4.16588e-03	-5.86358e-01	1.68038e+01
110	0	16	0	2	3	3.70004e-03	-5.50251e-01	1.49688e+01
110	0	17	0	2	3	1.91506e-03	-4.09963e-01	1.40141e+01
110	0	18	0	2	3	3.57633e-03	-5.50839e-01	1.50707e+01
110	0	19	0	2	3	3.89911e-03	-5.72960e-01	1.42610e+01
110	0	20	0	2	3	2.92798e-03	-4.93318e-01	1.44449e+01
110	0	21	0	2	3	4.37300e-03	-5.98947e-01	1.79449e+01
110	0	22	0	2	3	4.11326e-03	-5.86846e-01	1.60767e+01
110	0	23	0	2	3	5.36662e-03	-6.65525e-01	1.77725e+01
110	0	24	0	2	3	2.78325e-03	-4.81099e-01	1.45207e+01
110	0	25	0	2	3	3.99768e-03	-5.61316e-01	1.63785e+01
110	0	26	0	2	3	3.86116e-03	-5.62105e-01	1.55707e+01
110	0	27	0	2	3	4.39750e-03	-5.85114e-01	1.60622e+01
110	0	28	0	2	3	3.46621e-03	-5.37579e-01	1.37096e+01
110	0	29	0	2	3	4.57034e-03	-6.01549e-01	1.60044e+01
110	0	30	0	2	3	4.03011e-03	-5.77451e-01	1.56938e+01
110	0	31	0	2	3	4.28448e-03	-5.91118e-01	1.64185e+01
110	0	32	0	2	3	4.24973e-03	-5.94862e-01	1.62990e+01
110	0	33	0	2	3	4.57894e-03	-5.81481e-01	1.42312e+01
110	0	34	0	2	3	4.13336e-03	-5.81834e-01	1.57185e+01
110	0	35	0	2	3	4.73948e-03	-6.30358e-01	1.71307e+01
110	0	36	0	2	3	3.44487e-03	-5.24516e-01	1.35816e+01
110	0	37	0	2	3	4.44995e-03	-6.03055e-01	1.74856e+01
110	0	38	0	2	3	3.80762e-03	-5.53820e-01	1.46400e+01
110	0	39	0	2	3	4.62753e-03	-6.13355e-01	1.74100e+01
110	0	40	0	2	3	3.54108e-03	-5.32916e-01	1.36340e+01
110	0	41	0	2	3	4.64200e-03	-6.13379e-01	1.74833e+01
110	0	42	0	2	3	4.14256e-03	-5.78685e-01	1.50200e+01
110	0	43	0	2	3	3.97313e-03	-5.73877e-01	1.74201e+01
110	0	44	0	2	3	3.67980e-03	-5.49901e-01	1.51439e+01
110	0	45	0	2	3	4.19343e-03	-5.77344e-01	1.63541e+01
110	0	46	0	2	3	4.28608e-03	-6.01087e-01	1.62725e+01
110	0	47	0	2	3	5.33152e-03	-6.74536e-01	1.92979e+01
110	0	48	0	2	3	3.36906e-03	-5.25080e-01	1.36971e+01
110	0	49	0	2	3	4.55501e-03	-6.03890e-01	1.72566e+01
110	0	50	0	2	3	4.43222e-03	-5.98667e-01	1.63054e+01
110	0	51	0	2	3	4.79391e-03	-6.22945e-01	1.75056e+01
110	0	52	0	2	3	3.55748e-03	-5.34272e-01	1.43961e+01
110	0	53	0	2	3	4.19447e-03	-5.77989e-01	1.56527e+01
110	0	54	0	2	3	4.19631e-03	-5.85671e-01	1.57892e+01
110	0	55	0	2	3	4.75235e-03	-6.24181e-01	1.75288e+01
110	0	56	0	2	3	3.76147e-03	-5.66114e-01	1.55299e+01
110	0	57	0	2	3	4.56324e-03	-6.06902e-01	1.68503e+01
110	0	58	0	2	3	4.07726e-03	-5.80381e-01	1.58137e+01
110	0	59	0	2	3	4.84740e-03	-6.47325e-01	1.90606e+01
110	0	60	0	2	3	3.62291e-03	-5.51123e-01	1.49501e+01
110	0	61	0	2	3	3.60700e-03	-5.38982e-01	1.54026e+01
110	0	62	0	2	3	4.30087e-03	-5.94107e-01	1.59189e+01
110	0	63	0	2	3	3.99335e-03	-5.74498e-01	1.60723e+01
110	0	64	0	2	3	3.65732e-03	-5.53429e-01	1.56247e+01
110	0	65	0	2	3	3.95333e-03	-5.66342e-01	1.58651e+01
110	0	66	0	2	3	4.54607e-03	-6.27894e-01	1.71887e+01
110	0	67	0	2	3	3.84392e-03	-5.62004e-01	1.59934e+01
110	0	68	0	2	3	3.55903e-03	-5.58654e-01	1.63562e+01
110	0	69	0	2	3	3.80567e-03	-5.52714e-01	1.61436e+01
110	0	70	0	2	3	4.13179e-03	-6.02066e-01	1.60852e+01
110	0	71	0	2	3	4.15388e-03	-5.86336e-01	1.62373e+01
110	0	72	0	2	3	3.59466e-03	-5.53972e-01	1.50620e+01
110	0	73	0	2	3	4.14792e-03	-5.85174e-01	1.66062e+01
110	0	74	0	2	3	4.60171e-03	-6.29563e-01	1.74400e+01
110	0	75	0	2	3	4.39623e-03	-5.99633e-01	1.61196e+01
110	0	76	0	2	3	3.47779e-03	-5.40173e-01	1.48917e+01
110	0	77	0	2	3	3.60790e-03	-5.44383e-01	1.54991e+01
110	0	78	0	2	3	4.14758e-03	-5.98564e-01	1.62925e+01
110	0	79	0	2	3	4.30853e-03	-5.95191e-01	1.60484e+01
110	0	80	0	2	3	3.89171e-03	-5.70171e-01	1.55058e+01
110	0	81	0	2	3	4.20388e-03	-5.78587e-01	1.57210e+01
110	0	82	0	2	3	4.17265e-03	-5.87586e-01	1.63222e+01
110	0	83	0	2	3	4.62444e-03	-6.19223e-01	1.63494e+01
110	0	84	0	2	3	3.81327e-03	-5.61381e-01	1.57753e+01
110	0	85	0	2	3	4.02519e-03	-5.71677e-01	1.60014e+01
110	0	86	0	2	3	4.03902e-03	-5.92372e-01	1.62162e+01
110	0	87	0	2	3	4.29780e-03	-6.04307e-01	1.79334e+01
110	0	88	0	2	3	3.56860e-03	-5.42043e-01	1.48324e+01
110	0	89	0	2	3	4.27160e-03	-5.93478e-01	1.60222e+01
110	0	90	0	2	3	4.08852e-03	-5.86718e-01	1.58255e+01
110	0	91	0	2	3	4.54330e-03	-6.19972e-01	1.70841e+01
110	0	92	0	2	3	3.71583e-03	-5.66627e-01	1.63140e+01
110	0	93	0	2	3	3.93711e-03	-5.65592e-01	1.52329e+01
110	0	94	0	2	3	3.99325e-03	-5.96003e-01	1.78620e+01
110	0	95	0	2	3	4.59101e-03	-6.22297e-01	1.69545e+01
110	0	96	0	2	3	3.66854e-03	-5.62273e-01	1.58880e+01
110	0	97	0	2	3	3.84023e-03	-5.63449e-01	1.60458e+01
110	0	98	0	2	3	4.18179e-03	-6.01843e-01	1.65700e+01
110	0	99	0	2	3	4.39620e-03	-5.97852e-01	1.62461e+01
110	0	100	0	2	3	4.04891e-03	-5.81827e-01	1.67115e+01
110	0	101	0	2	3	3.91036e-03	-5.65167e-01	1.59267e+01
110	0	102	0	2	3	4.65787e-03	-6.32528e-01	1.69146e+01
110	0	103	0	2	3	4.42519e-03	-6.07803e-01	1.72836e+01
110	0	104	0	2	3	3.92865e-03	-5.76935e-01	1.58033e+01
110	0	105	0	2	3	4.42595e-03	-6.01473e-01	1.60311e+01
110	0	106	0	2	3	4.29175e-03	-6.03875e-01	1.63461e+01
110	0	107	0	2	3	4.55894e-03	-6.12298e-01	1.67544e+01
110	0	108	0	2	3	3.63514e-03	-5.58396e-01	1.63449e+01
110	0	109	0	2	3	4.45343e-03	-6.05831e-01	1.70185e+01
110	0	110	0	2	3	3.95309e-03	-5.78747e-01	1.56599e+01
110	0	111	0	2	3	4.80005e-03	-6.40686e-01	1.78380e+01
110	0	112	0	2	3	3.75039e-03	-5.57188e-01	1.50221e+01
110	0	113	0	2	3	4.27316e-03	-5.91811e-01	1.58110e+01
110	0	114	0	2	3	4.86700e-03	-6.49140e-01	1.81060e+01
110	0	115	0	2	3	4.21160e-03	-5.85572e-01	1.66372e+01
110	0	116	0	2	3	4.28618e-03	-6.04856e-01	1.68350e+01
110	0	117	0	2	3	4.35041e-03	-6.01442e-01	1.70277e+01
110	0	118	0	2	3	4.31376e-03	-6.12408e-01	1.77252e+01
110	0	119	0	2	3	4.21887e-03	-5.83287e-01	1.57266e+01
110	0	120	0	2	3	3.34827e-03	-5.45995e-01	1.60398e+01
110	0	121	0	2	3	4.52071e-03	-6.04892e-01	1.56515e+01
110	0	122	0	2	3	3.99347e-03	-5.88516e-01	1.68902e+01
110	0	123	0	2	3	4.06811e-03	-5.81502e-01	1.69768e+01
110	0	124	0	2	3	3.10089e-03	-5.16038e-01	1.59726e+01
110	0	125	0	2	3	3.57284e-03	-5.34159e-01	1.27908e+01
110	0	126	0	2	3	2.84463e-03	-4.95024e-01	1.49229e+01
110	0	127	0	2	3	3.69820e-03	-5.51814e-01	1.51895e+01
110	0	128	0	2	3	3.02075e-03	-5.51968e-01	1.74677e+01
110	0	129	0	2	3	2.31156e-03	-4.91115e-01	1.49963e+01
110	0	130	0	2	3	1.61837e-03	-4.31711e-01	1.50893e+01
110	0	131	0	2	3	2.14625e-03	-4.39520e-01	1.45951e+01
110	0	132	0	2	3	3.60144e-03	-5.64948e-01	1.66438e+01
110	0	133	0	2	3	4.55173e-03	-6.21950e-01	1.70680e+01
110	0	134	0	2	3	-1.64683e-03	-1.87431e-01	1.03889e+01
110	0	135	0	2	3	3.61795e-03	-5.61942e-01	1.63152e+01
110	0	136	0	2	3	3.28324e-03	-5.39218e-01	1.60253e+01
110	0	137	0	2	3	3.89050e-03	-5.90563e-01	1.70952e+01
110	0	138	0	2	3	-3.50723e-03	-3.26583e-02	7.55141e+00
110	0	139	0	2	3	3.60416e-03	-5.69731e-01	1.61975e+01
110	0	140	0	2	3	1.39054e-03	-4.10839e-01	1.50291e+01
110	0	141	0	2	3	4.58709e-03	-6.32137e-01	1.75057e+01
110	0	142	0	2	3	2.74413e-03	-5.06415e-01	1.59555e+01
110	0	143	0	2	3	2.79965e-03	-4.91277e-01	1.50260e+01
110	0	144	0	2	3	1.18583e-03	-3.95490e-01	1.31520e+01
110	0	145	0	2	3	3.87630e-03	-5.68543e-01	1.58147e+01
110	0	146	0	2	3	5.02666e-03	-6.72293e-01	1.89859e+01
110	0	147	0	2	3	4.20413e-03	-5.98388e-01	1.67107e+01
110	0	148	0	2	3	5.09217e-03	-6.66758e-01	1.81086e+01
110	0	149	0	2	3	4.75466e-03	-6.35801e-01	1.71688e+01
110	0	150	0	2	3	-1.01021e-03	-2.34610e-01	1.15269e+01
110	0	151	0	2	3	4.62759e-03	-6.32596e-01	1.72081e+01
110	0	152	0	2	3	3.58384e-03	-5.67264e-01	1.67320e+01
110	0	153	0	2	3	2.70357e-03	-5.10456e-01	1.54828e+01
110	0	154	0	2	3	3.26149e-03	-5.50739e-01	1.64963e+01
110	0	155	0	2	3	3.39732e-03	-5.57434e-01	1.55749e+01
110	0	156	0	2	3	-3.08504e-03	-9.89249e-02	9.38685e+00
110	0	157	0	2	3	-7.59177e-03	2.96403e-01	9.27718e-01
110	0	158	0	2	3	1.81935e-03	-4.32365e-01	1.42291e+01
110	0	159	0	2	3	8.13052e-04	-4.00417e-01	1.47468e+01
#######################################################################
# BFT D                                                               #
#######################################################################
110	1	0	0	2	3	8.43096e-04	-3.55288e-01	1.24033e+01
110	1	1	0	2	3	1.16994e-03	-3.77421e-01	1.32739e+01
110	1	2	0	2	3	4.80778e-03	-6.40632e-01	1.74813e+01
110	1	3	0	2	3	-1.18857e-03	-1.82883e-01	9.75369e+00
110	1	4	0	2	3	3.58475e-03	-5.56380e-01	1.59539e+01
110	1	5	0	2	3	1.52657e-03	-3.99245e-01	1.39604e+01
110	1	6	0	2	3	1.91144e-03	-4.53465e-01	1.43308e+01
110	1	7	0	2	3	2.84396e-03	-4.78629e-01	1.44617e+01
110	1	8	0	2	3	3.53620e-03	-5.54640e-01	1.61382e+01
110	1	9	0	2	3	3.15130e-03	-5.26561e-01	1.62854e+01
110	1	10	0	2	3	3.53133e-03	-5.50814e-01	1.48035e+01
110	1	11	0	2	3	2.54947e-03	-4.78001e-01	1.47991e+01
110	1	12	0	2	3	3.21685e-03	-5.24821e-01	1.46563e+01
110	1	13	0	2	3	3.49240e-03	-5.43005e-01	1.55855e+01
110	1	14	0	2	3	3.83047e-03	-5.84404e-01	1.57856e+01
110	1	15	0	2	3	4.40379e-03	-6.01259e-01	1.73979e+01
110	1	16	0	2	3	3.34595e-03	-5.30893e-01	1.48659e+01
110	1	17	0	2	3	3.41510e-03	-5.29109e-01	1.53743e+01
110	1	18	0	2	3	4.88188e-03	-6.42221e-01	1.62404e+01
110	1	19	0	2	3	1.89658e-03	-4.16790e-01	1.37221e+01
110	1	20	0	2	3	1.89348e-03	-4.46456e-01	1.40524e+01
110	1	21	0	2	3	3.65394e-03	-5.55661e-01	1.63825e+01
110	1	22	0	2	3	3.41140e-03	-5.34860e-01	1.48891e+01
110	1	23	0	2	3	4.46004e-03	-6.02583e-01	1.62831e+01
110	1	24	0	2	3	3.28615e-03	-5.29527e-01	1.57568e+01
110	1	25	0	2	3	3.11988e-03	-5.08897e-01	1.47081e+01
110	1	26	0	2	3	3.35811e-03	-5.35621e-01	1.57085e+01
110	1	27	0	2	3	4.47075e-03	-6.07448e-01	1.72239e+01
110	1	28	0	2	3	3.76045e-03	-5.69601e-01	1.54402e+01
110	1	29	0	2	3	3.32940e-03	-5.28875e-01	1.53375e+01
110	1	30	0	2	3	4.12349e-03	-5.90046e-01	1.59706e+01
110	1	31	0	2	3	4.60889e-03	-6.31501e-01	1.73858e+01
110	1	32	0	2	3	3.24592e-03	-5.30922e-01	1.62044e+01
110	1	33	0	2	3	3.08872e-03	-5.19877e-01	1.41653e+01
110	1	34	0	2	3	3.80655e-03	-5.60854e-01	1.49392e+01
110	1	35	0	2	3	4.40140e-03	-6.16661e-01	1.80668e+01
110	1	36	0	2	3	3.59960e-03	-5.48002e-01	1.59824e+01
110	1	37	0	2	3	3.36281e-03	-5.27583e-01	1.44187e+01
110	1	38	0	2	3	4.03387e-03	-5.84543e-01	1.68521e+01
110	1	39	0	2	3	3.95617e-03	-5.70127e-01	1.61653e+01
110	1	40	0	2	3	3.57591e-03	-5.42633e-01	1.46807e+01
110	1	41	0	2	3	3.74236e-03	-5.56166e-01	1.63494e+01
110	1	42	0	2	3	3.91120e-03	-5.66670e-01	1.56030e+01
110	1	43	0	2	3	4.01546e-03	-5.78052e-01	1.65458e+01
110	1	44	0	2	3	3.76705e-03	-5.66984e-01	1.53479e+01
110	1	45	0	2	3	3.37792e-03	-5.32831e-01	1.61899e+01
110	1	46	0	2	3	3.90054e-03	-5.77281e-01	1.54777e+01
110	1	47	0	2	3	3.88017e-03	-5.85038e-01	1.80772e+01
110	1	48	0	2	3	3.54089e-03	-5.46274e-01	1.56511e+01
110	1	49	0	2	3	3.64473e-03	-5.48079e-01	1.57054e+01
110	1	50	0	2	3	4.30572e-03	-6.02117e-01	1.65760e+01
110	1	51	0	2	3	4.28155e-03	-5.97710e-01	1.72843e+01
110	1	52	0	2	3	4.10036e-03	-5.93729e-01	1.57305e+01
110	1	53	0	2	3	3.64116e-03	-5.49537e-01	1.57098e+01
110	1	54	0	2	3	4.45344e-03	-6.20942e-01	1.72091e+01
110	1	55	0	2	3	4.14466e-03	-5.87923e-01	1.72400e+01
110	1	56	0	2	3	3.64736e-03	-5.67101e-01	1.63991e+01
110	1	57	0	2	3	3.79981e-03	-5.67471e-01	1.66885e+01
110	1	58	0	2	3	4.29470e-03	-6.16934e-01	1.82029e+01
110	1	59	0	2	3	4.86671e-03	-6.55876e-01	1.96274e+01
110	1	60	0	2	3	3.85117e-03	-5.74607e-01	1.62695e+01
110	1	61	0	2	3	4.32191e-03	-5.91200e-01	1.65764e+01
110	1	62	0	2	3	3.80031e-03	-5.70362e-01	1.51862e+01
110	1	63	0	2	3	4.25314e-03	-5.98068e-01	1.75219e+01
110	1	64	0	2	3	3.81614e-03	-5.70850e-01	1.65228e+01
110	1	65	0	2	3	4.19959e-03	-5.92380e-01	1.66869e+01
110	1	66	0	2	3	4.55378e-03	-6.32327e-01	1.64105e+01
110	1	67	0	2	3	4.50496e-03	-6.16767e-01	1.62246e+01
110	1	68	0	2	3	3.35375e-03	-5.27729e-01	1.41358e+01
110	1	69	0	2	3	4.02115e-03	-5.81208e-01	1.66248e+01
110	1	70	0	2	3	3.93051e-03	-5.78159e-01	1.64850e+01
110	1	71	0	2	3	4.03932e-03	-5.90509e-01	1.70862e+01
110	1	72	0	2	3	3.89660e-03	-5.71202e-01	1.58529e+01
110	1	73	0	2	3	4.19895e-03	-5.99962e-01	1.77427e+01
110	1	74	0	2	3	3.95693e-03	-5.77201e-01	1.51778e+01
110	1	75	0	2	3	4.13059e-03	-5.96550e-01	1.66350e+01
110	1	76	0	2	3	3.47987e-03	-5.40475e-01	1.51367e+01
110	1	77	0	2	3	3.90621e-03	-5.80899e-01	1.64098e+01
110	1	78	0	2	3	4.16674e-03	-5.96554e-01	1.55559e+01
110	1	79	0	2	3	4.20914e-03	-5.95034e-01	1.64683e+01
110	1	80	0	2	3	3.85597e-03	-5.65289e-01	1.54745e+01
110	1	81	0	2	3	3.94195e-03	-5.72737e-01	1.53803e+01
110	1	82	0	2	3	4.11702e-03	-5.91030e-01	1.69409e+01
110	1	83	0	2	3	4.17008e-03	-5.81491e-01	1.58041e+01
110	1	84	0	2	3	3.74991e-03	-5.52297e-01	1.47499e+01
110	1	85	0	2	3	3.63015e-03	-5.50358e-01	1.52931e+01
110	1	86	0	2	3	3.84447e-03	-5.72516e-01	1.64023e+01
110	1	87	0	2	3	4.30180e-03	-5.94841e-01	1.48086e+01
110	1	88	0	2	3	3.75813e-03	-5.62254e-01	1.59322e+01
110	1	89	0	2	3	3.82803e-03	-5.68561e-01	1.52855e+01
110	1	90	0	2	3	3.84464e-03	-5.72652e-01	1.53285e+01
110	1	91	0	2	3	3.95885e-03	-5.73757e-01	1.52340e+01
110	1	92	0	2	3	3.64436e-03	-5.49835e-01	1.52821e+01
110	1	93	0	2	3	3.76810e-03	-5.59998e-01	1.56569e+01
110	1	94	0	2	3	3.74480e-03	-5.64598e-01	1.63341e+01
110	1	95	0	2	3	3.94495e-03	-5.81535e-01	1.58150e+01
110	1	96	0	2	3	3.66901e-03	-5.53069e-01	1.50242e+01
110	1	97	0	2	3	3.64711e-03	-5.52510e-01	1.59628e+01
110	1	98	0	2	3	4.17899e-03	-6.09671e-01	1.74656e+01
110	1	99	0	2	3	4.06586e-03	-5.81706e-01	1.57953e+01
110	1	100	0	2	3	3.44035e-03	-5.27280e-01	1.50976e+01
110	1	101	0	2	3	3.63836e-03	-5.50056e-01	1.47848e+01
110	1	102	0	2	3	4.14627e-03	-5.97209e-01	1.63592e+01
110	1	103	0	2	3	4.19314e-03	-5.91906e-01	1.59263e+01
110	1	104	0	2	3	3.64330e-03	-5.54089e-01	1.56265e+01
110	1	105	0	2	3	3.89938e-03	-5.68863e-01	1.59172e+01
110	1	106	0	2	3	4.43115e-03	-6.15438e-01	1.74744e+01
110	1	107	0	2	3	4.50602e-03	-6.16668e-01	1.65552e+01
110	1	108	0	2	3	3.61451e-03	-5.52977e-01	1.63778e+01
110	1	109	0	2	3	3.68505e-03	-5.57000e-01	1.62722e+01
110	1	110	0	2	3	4.86877e-03	-6.44368e-01	1.71731e+01
110	1	111	0	2	3	4.00690e-03	-5.90756e-01	1.74783e+01
110	1	112	0	2	3	3.84734e-03	-5.68551e-01	1.57156e+01
110	1	113	0	2	3	4.15106e-03	-5.91072e-01	1.64669e+01
110	1	114	0	2	3	4.42900e-03	-6.18058e-01	1.64179e+01
110	1	115	0	2	3	4.96759e-03	-6.46293e-01	1.70219e+01
110	1	116	0	2	3	3.90766e-03	-5.81298e-01	1.62735e+01
110	1	117	0	2	3	3.65183e-03	-5.51646e-01	1.56432e+01
110	1	118	0	2	3	3.53995e-03	-5.53544e-01	1.48537e+01
110	1	119	0	2	3	4.51900e-03	-6.17059e-01	1.69442e+01
110	1	120	0	2	3	3.18088e-03	-5.17278e-01	1.56454e+01
110	1	121	0	2	3	3.81947e-03	-5.59672e-01	1.55630e+01
110	1	122	0	2	3	4.16588e-03	-6.01770e-01	1.76773e+01
110	1	123	0	2	3	4.38886e-03	-6.20635e-01	1.84164e+01
110	1	124	0	2	3	2.95172e-03	-4.99412e-01	1.40871e+01
110	1	125	0	2	3	3.78156e-03	-5.62066e-01	1.59810e+01
110	1	126	0	2	3	3.70035e-03	-5.61329e-01	1.59494e+01
110	1	127	0	2	3	4.03316e-03	-5.74314e-01	1.59168e+01
110	1	128	0	2	3	3.25380e-03	-5.50967e-01	1.64229e+01
110	1	129	0	2	3	4.48859e-03	-6.37592e-01	1.78424e+01
110	1	130	0	2	3	4.03034e-03	-6.00213e-01	1.72852e+01
110	1	131	0	2	3	3.35669e-03	-5.35624e-01	1.53713e+01
110	1	132	0	2	3	1.95336e-03	-4.54816e-01	1.49766e+01
110	1	133	0	2	3	3.96245e-03	-5.83788e-01	1.61190e+01
110	1	134	0	2	3	4.33421e-03	-6.26177e-01	1.78871e+01
110	1	135	0	2	3	2.67687e-03	-4.84773e-01	1.46665e+01
110	1	136	0	2	3	5.50041e-03	-7.22191e-01	2.00903e+01
110	1	137	0	2	3	5.17116e-03	-6.69255e-01	1.80026e+01
110	1	138	0	2	3	3.98665e-03	-5.93069e-01	1.66500e+01
110	1	139	0	2	3	3.96177e-03	-5.87066e-01	1.67783e+01
110	1	140	0	2	3	3.94041e-03	-5.91839e-01	1.64484e+01
110	1	141	0	2	3	4.04285e-03	-5.93197e-01	1.72341e+01
110	1	142	0	2	3	5.91857e-03	-7.27617e-01	1.84272e+01
110	1	143	0	2	3	2.77380e-03	-5.02597e-01	1.54838e+01
110	1	144	0	2	3	1.94971e-03	-4.51971e-01	1.51888e+01
110	1	145	0	2	3	3.41140e-03	-5.26467e-01	1.49920e+01
110	1	146	0	2	3	2.43209e-03	-4.89430e-01	1.48874e+01
110	1	147	0	2	3	3.68833e-03	-5.63026e-01	1.60619e+01
110	1	148	0	2	3	4.32139e-03	-6.12710e-01	1.72683e+01
110	1	149	0	2	3	5.89300e-03	-7.18339e-01	1.90522e+01
110	1	150	0	2	3	2.74333e-03	-4.99313e-01	1.53776e+01
110	1	151	0	2	3	3.46880e-03	-5.48168e-01	1.54692e+01
110	1	152	0	2	3	-2.03055e-03	-1.52624e-01	9.60356e+00
110	1	153	0	2	3	3.68505e-03	-5.65224e-01	1.68649e+01
110	1	154	0	2	3	5.33204e-03	-6.89673e-01	1.77334e+01
110	1	155	0	2	3	1.74507e-03	-4.24222e-01	1.33595e+01
110	1	156	0	2	3	6.14114e-05	-3.13173e-01	1.19895e+01
110	1	157	0	2	3	-7.02755e-03	2.59288e-01	1.06937e+00
110	1	158	0	2	3	1.12354e-03	-3.99669e-01	1.40909e+01
110	1	159	0	2	3	-2.02450e-03	-1.39849e-01	9.38927e+00
