##
#  file: HodoPHCParam_Dummy
#  date: 2016.06.15
#  note: first version
#
#
#######################################################################
# CId	PlId	Seg	UorD	Type	nParam	p0	p1	...
#
#	Type=0 no correction will be performed
#	Type=1 ct=t-p[0]/sqrt(a-p[1])+p[2]
#	Type=2 ct=p[0]*a*a + p[1]*a + p[2] for Fiber
#
#######################################################################
# BH1 Up                                                              #
#######################################################################
1	0	0	0	1	3	9.72882e+01	-2.42381e+01	1.93388e+01
1	0	1	0	1	3	8.39811e-01	2.30870e-01	9.07677e-01
1	0	2	0	1	3	7.96271e-01	2.02772e-01	8.76313e-01
1	0	3	0	1	3	1.24269e+00	-1.47574e-01	1.19840e+00
1	0	4	0	1	3	1.09931e+00	-7.72769e-02	1.08260e+00
1	0	5	0	1	3	1.05845e+00	1.40683e-01	1.18835e+00
1	0	6	0	1	3	1.24845e+00	-7.32092e-02	1.22011e+00
1	0	7	0	1	3	1.38494e+00	-1.69323e-01	1.29113e+00
1	0	8	0	1	3	1.12943e+00	-1.85789e-01	1.05048e+00
1	0	9	0	1	3	1.39270e+00	-1.82072e-01	1.30041e+00
1	0	10	0	1	3	1.71493e+02	-3.15885e+01	3.00372e+01
#######################################################################
# BH1 Down                                                            #
#######################################################################
1	0	0	1	1	3	1.69589e+00	-2.63702e-01	1.46458e+00
1	0	1	1	1	3	6.65147e-01	3.06785e-01	7.74182e-01
1	0	2	1	1	3	1.69164e+00	-4.50471e-01	1.36238e+00
1	0	3	1	1	3	7.14482e+01	-2.23619e+01	1.47724e+01
1	0	4	1	1	3	1.42431e+00	-1.84323e-01	1.31423e+00
1	0	5	1	1	3	1.48351e+00	-1.17877e-01	1.40777e+00
1	0	6	1	1	3	1.64799e+00	-3.01989e-01	1.48452e+00
1	0	7	1	1	3	1.48685e+00	-1.75507e-01	1.38619e+00
1	0	8	1	1	3	5.71792e-01	2.68423e-01	6.99614e-01
1	0	9	1	1	3	1.07020e+00	4.47097e-02	1.11772e+00
1	0	10	1	1	3	5.19525e-01	3.65790e-01	6.45791e-01
#######################################################################
# BH2 Up                                                              #
#######################################################################
2	0	0	0	1	3	1.12115e-01	3.35357e-01	1.33957e-01
2	0	1	0	1	3	4.23202e-01	6.01088e-02	4.32756e-01
2	0	2	0	1	3	4.01076e-01	4.56070e-02	4.03148e-01
2	0	3	0	1	3	3.85284e-01	5.67440e-02	3.98101e-01
2	0	4	0	1	3	2.66200e-01	1.48660e-01	2.92941e-01
2	0	5	0	1	3	1.66891e-01	2.88043e-01	2.06447e-01
2	0	6	0	1	3	1.71542e-01	2.55850e-01	2.12138e-01
2	0	7	0	1	3	1.96083e-01	2.29490e-01	2.30246e-01
#######################################################################
# BH2 Down                                                            #
#######################################################################
2	0	0	1	1	3	1.86082e-01	2.04597e-01	2.06299e-01
2	0	1	1	1	3	3.69447e-01	6.07075e-02	3.67987e-01
2	0	2	1	1	3	4.36704e-01	5.29092e-03	4.17610e-01
2	0	3	1	1	3	5.05110e-01	-2.36197e-01	4.33924e-01
2	0	4	1	1	3	3.34198e-01	6.07922e-02	3.30964e-01
2	0	5	1	1	3	2.71316e-01	1.29618e-01	2.74971e-01
2	0	6	1	1	3	4.51400e-01	-3.05140e-02	4.20447e-01
2	0	7	1	1	3	2.11967e-01	8.42464e-02	2.22906e-01
#######################################################################
# BAC                                                                 #
#######################################################################
3	0	0	0	1	3	0.00000e+00	0.00000e+00	0.00000e+00
3	0	1	0	1	3	0.00000e+00	0.00000e+00	0.00000e+00
#######################################################################
# FBH Up                                                              #
#######################################################################
4	0	0	0	2	3	-5.62952e-03	8.96903e-01	-3.53273e+01
4	0	1	0	2	3	-4.29399e-03	7.37975e-01	-3.00049e+01
4	0	2	0	2	3	-5.26894e-03	8.67305e-01	-3.38992e+01
4	0	3	0	2	3	-3.80183e-03	6.69237e-01	-2.72260e+01
4	0	4	0	2	3	-4.35014e-03	7.35785e-01	-2.92008e+01
4	0	5	0	2	3	-4.02541e-03	6.86907e-01	-2.70312e+01
4	0	6	0	2	3	-4.16660e-03	7.08229e-01	-2.81512e+01
4	0	7	0	2	3	-3.93117e-03	6.84759e-01	-2.69101e+01
4	0	8	0	2	3	-4.14423e-03	6.96902e-01	-2.65883e+01
4	0	9	0	2	3	-2.83372e-03	5.62925e-01	-2.20787e+01
4	0	10	0	2	3	-4.07944e-03	7.09420e-01	-2.75603e+01
4	0	11	0	2	3	-3.50961e-03	6.50113e-01	-2.64167e+01
4	0	12	0	2	3	-3.52415e-03	6.49734e-01	-2.67232e+01
4	0	13	0	2	3	-4.13420e-03	7.26957e-01	-2.99675e+01
4	0	14	0	2	3	-4.90315e-03	8.27563e-01	-3.35630e+01
4	0	15	0	2	3	-4.73048e-03	8.13189e-01	-3.31901e+01
#######################################################################
# FBH Down                                                            #
#######################################################################
4	0	0	1	2	3	-5.62952e-03	8.96903e-01	-3.53273e+01
4	0	1	1	2	3	-4.29399e-03	7.37975e-01	-3.00049e+01
4	0	2	1	2	3	-5.26894e-03	8.67305e-01	-3.38992e+01
4	0	3	1	2	3	-3.80183e-03	6.69237e-01	-2.72260e+01
4	0	4	1	2	3	-4.35014e-03	7.35785e-01	-2.92008e+01
4	0	5	1	2	3	-4.02541e-03	6.86907e-01	-2.70312e+01
4	0	6	1	2	3	-4.16660e-03	7.08229e-01	-2.81512e+01
4	0	7	1	2	3	-3.93117e-03	6.84759e-01	-2.69101e+01
4	0	8	1	2	3	-4.14423e-03	6.96902e-01	-2.65883e+01
4	0	9	1	2	3	-2.83372e-03	5.62925e-01	-2.20787e+01
4	0	10	1	2	3	-4.07944e-03	7.09420e-01	-2.75603e+01
4	0	11	1	2	3	-3.50961e-03	6.50113e-01	-2.64167e+01
4	0	12	1	2	3	-3.52415e-03	6.49734e-01	-2.67232e+01
4	0	13	1	2	3	-4.13420e-03	7.26957e-01	-2.99675e+01
4	0	14	1	2	3	-4.90315e-03	8.27563e-01	-3.35630e+01
4	0	15	1	2	3	-4.73048e-03	8.13189e-01	-3.31901e+01
#######################################################################
# PVAC                                                                #
#######################################################################
5	0	0	0	1	3	0.00000e+00	0.00000e+00	0.00000e+00
#######################################################################
# FAC                                                                 #
#######################################################################
6	0	0	0	1	3	0.00000e+00	0.00000e+00	0.00000e+00
#######################################################################
# SCH                                                                 #
#######################################################################
#7	0	0	0	2	3	-0.00500000	0.821213	-32.185321
#7	0	1	0	2	3	-0.00500000	0.830248	-32.269563
#7	0	2	0	2	3	-0.00500000	0.793073	-29.315934
#7	0	3	0	2	3	-0.00500000	0.772144	-28.276705
#7	0	4	0	2	3	-0.00500000	0.801968	-30.687167
#7	0	5	0	2	3	-0.00500000	0.778300	-28.439251
#7	0	6	0	2	3	-0.00500000	0.765872	-27.918181
#7	0	7	0	2	3	-0.00500000	0.738459	-26.016797
#7	0	8	0	2	3	-0.00500000	0.778318	-28.676371
#7	0	9	0	2	3	-0.00500000	0.776670	-28.892887
#7	0	10	0	2	3	-0.00500000	0.764278	-28.122474
#7	0	11	0	2	3	-0.00500000	0.790742	-29.423647
#7	0	12	0	2	3	-0.00500000	0.811330	-30.487019
#7	0	13	0	2	3	-0.00500000	0.818750	-30.891512
#7	0	14	0	2	3	-0.00500000	0.802541	-30.009136
#7	0	15	0	2	3	-0.00500000	0.809525	-30.751746
#7	0	16	0	2	3	-0.00500000	0.802597	-30.845509
#7	0	17	0	2	3	-0.00500000	0.835028	-32.780792
#7	0	18	0	2	3	-0.00500000	0.859176	-33.938731
#7	0	19	0	2	3	-0.00500000	0.814851	-31.445396
#7	0	20	0	2	3	-0.00500000	0.809426	-30.781087
#7	0	21	0	2	3	-0.00500000	0.780678	-28.888756
#7	0	22	0	2	3	-0.00500000	0.808206	-30.719604
#7	0	23	0	2	3	-0.00500000	0.774024	-27.858339
#7	0	24	0	2	3	-0.00500000	0.794308	-29.022101
#7	0	25	0	2	3	-0.00500000	0.775649	-27.980186
#7	0	26	0	2	3	-0.00500000	0.788483	-28.687567
#7	0	27	0	2	3	-0.00466315	0.771386	-29.253260
#7	0	28	0	2	3	-0.00483132	0.790854	-28.637741
#7	0	29	0	2	3	-0.00497049	0.812994	-30.786914
#7	0	30	0	2	3	-0.00500000	0.787793	-28.362716
#7	0	31	0	2	3	-0.00500000	0.790759	-28.876812
#7	0	32	0	2	3	-0.00500000	0.824826	-31.655285
#7	0	33	0	2	3	-0.00500000	0.845304	-33.407765
#7	0	34	0	2	3	-0.00500000	0.832263	-32.939799
#7	0	35	0	2	3	-0.00500000	0.820631	-31.695372
#7	0	36	0	2	3	-0.00500000	0.836997	-33.200590
#7	0	37	0	2	3	-0.00500000	0.819690	-32.097193
#7	0	38	0	2	3	-0.00500000	0.808109	-31.263214
#7	0	39	0	2	3	-0.00500000	0.815224	-31.135523
#7	0	40	0	2	3	-0.00500000	0.803398	-29.897923
#7	0	41	0	2	3	-0.00500000	0.815685	-31.165519
#7	0	42	0	2	3	-0.00500000	0.812980	-30.737261
#7	0	43	0	2	3	-0.00500000	0.829418	-32.693307
#7	0	44	0	2	3	-0.00500000	0.789530	-29.464920
#7	0	45	0	2	3	-0.00500000	0.804789	-31.208151
#7	0	46	0	2	3	-0.00500000	0.830106	-32.806514
#7	0	47	0	2	3	-0.00500000	0.819206	-31.373242
#7	0	48	0	2	3	-0.00500000	0.816165	-31.709319
#7	0	49	0	2	3	-0.00500000	0.798496	-30.201709
#7	0	50	0	2	3	-0.00500000	0.812167	-31.795745
#7	0	51	0	2	3	-0.00500000	0.810749	-31.375226
#7	0	52	0	2	3	-0.00500000	0.803385	-31.372512
#7	0	53	0	2	3	-0.00500000	0.777405	-29.262831
#7	0	54	0	2	3	-0.00500000	0.783954	-29.763410
#7	0	55	0	2	3	-0.00500000	0.789443	-29.976449
#7	0	56	0	2	3	-0.00500000	0.838828	-33.261086
#7	0	57	0	2	3	-0.00500000	0.804421	-30.573195
#7	0	58	0	2	3	-0.00500000	0.773283	-29.111048
#7	0	59	0	2	3	-0.00500000	0.811789	-31.449459
#7	0	60	0	2	3	-0.00500000	0.759724	-28.110014
#7	0	61	0	2	3	-0.00500000	0.810884	-31.379063
#7	0	62	0	2	3	-0.00500000	0.771910	-28.435006
#7	0	63	0	2	3	-0.00500000	0.796658	-30.511906
#######################################################################
# TOF Up                                                              #
#######################################################################
7	0	0	0	1	3	5.24830e+00	-1.96630e+00	2.96170e+00
7	0	1	0	1	3	5.24830e+00	-1.96630e+00	2.96170e+00
7	0	2	0	1	3	5.24830e+00	-1.96630e+00	2.96170e+00
7	0	3	0	1	3	5.24830e+00	-1.96630e+00	2.96170e+00
7	0	4	0	1	3	5.24830e+00	-1.96630e+00	2.96170e+00
7	0	5	0	1	3	5.24830e+00	-1.96630e+00	2.96170e+00
7	0	6	0	1	3	6.97090e+00	-3.03520e+00	3.39910e+00
7	0	7	0	1	3	4.05450e+00	-1.96150e+00	2.30360e+00
7	0	8	0	1	3	1.16940e+02	-2.98600e+01	2.09880e+01
7	0	9	0	1	3	5.24830e+00	-1.96630e+00	2.96170e+00
7	0	10	0	1	3	5.24830e+00	-1.96630e+00	2.96170e+00
7	0	11	0	1	3	5.24830e+00	-1.96630e+00	2.96170e+00
7	0	12	0	1	3	5.24830e+00	-1.96630e+00	2.96170e+00
7	0	13	0	1	3	5.24830e+00	-1.96630e+00	2.96170e+00
7	0	14	0	1	3	5.24830e+00	-1.96630e+00	2.96170e+00
7	0	15	0	1	3	5.24830e+00	-1.96630e+00	2.96170e+00
7	0	16	0	1	3	5.24830e+00	-1.96630e+00	2.96170e+00
7	0	17	0	1	3	5.24830e+00	-1.96630e+00	2.96170e+00
7	0	18	0	1	3	5.24830e+00	-1.96630e+00	2.96170e+00
7	0	19	0	1	3	7.11491e-01	1.85180e-03	5.82402e-01
7	0	20	0	1	3	5.59404e-01	-1.73810e-03	4.50716e-01
7	0	21	0	1	3	8.92499e-01	1.99900e-03	7.37364e-01
7	0	22	0	1	3	6.37553e-01	1.99960e-03	5.45449e-01
7	0	23	0	1	3	1.19210e+00	1.98920e-03	9.99994e-01
#######################################################################
# TOF Down                                                            #
#######################################################################
7	0	0	1	1	3	5.84300e+00	-2.30730e+00	3.11320e+00
7	0	1	1	1	3	5.84300e+00	-2.30730e+00	3.11320e+00
7	0	2	1	1	3	5.84300e+00	-2.30730e+00	3.11320e+00
7	0	3	1	1	3	5.84300e+00	-2.30730e+00	3.11320e+00
7	0	4	1	1	3	5.84300e+00	-2.30730e+00	3.11320e+00
7	0	5	1	1	3	5.84300e+00	-2.30730e+00	3.11320e+00
7	0	6	1	1	3	1.41330e+01	-5.81170e+00	5.32680e+00
7	0	7	1	1	3	7.84850e+01	-2.02870e+01	1.69500e+01
7	0	8	1	1	3	2.20240e+02	-3.62440e+01	3.60080e+01
7	0	9	1	1	3	5.84300e+00	-2.30730e+00	3.11320e+00
7	0	10	1	1	3	5.84300e+00	-2.30730e+00	3.11320e+00
7	0	11	1	1	3	5.84300e+00	-2.30730e+00	3.11320e+00
7	0	12	1	1	3	5.84300e+00	-2.30730e+00	3.11320e+00
7	0	13	1	1	3	5.84300e+00	-2.30730e+00	3.11320e+00
7	0	14	1	1	3	5.84300e+00	-2.30730e+00	3.11320e+00
7	0	15	1	1	3	5.84300e+00	-2.30730e+00	3.11320e+00
7	0	16	1	1	3	5.84300e+00	-2.30730e+00	3.11320e+00
7	0	17	1	1	3	5.84300e+00	-2.30730e+00	3.11320e+00
7	0	18	1	1	3	5.84300e+00	-2.30730e+00	3.11320e+00
7	0	19	1	1	3	6.18741e-01	1.99860e-03	4.90831e-01
7	0	20	1	1	3	5.75901e-01	1.04210e-03	4.72509e-01
7	0	21	1	1	3	9.41046e-01	1.99890e-03	7.79357e-01
7	0	22	1	1	3	4.84266e-01	-1.95590e-03	3.99786e-01
7	0	23	1	1	3	8.97714e-01	1.99860e-03	7.56300e-01
#######################################################################
# BFT U                                                               #
#######################################################################
110	0	0	0	2	3	-1.22979e-02	6.26209e-01	-5.00572e+00
110	0	1	0	2	3	-1.72458e-03	-9.64597e-02	8.66928e+00
110	0	2	0	2	3	8.92965e-03	-8.08227e-01	1.87587e+01
110	0	3	0	2	3	5.20449e-03	-6.40906e-01	1.63248e+01
110	0	4	0	2	3	4.89590e-03	-6.15635e-01	1.71665e+01
110	0	5	0	2	3	2.26019e-03	-4.19104e-01	1.40117e+01
110	0	6	0	2	3	4.38639e-03	-5.90712e-01	1.62757e+01
110	0	7	0	2	3	4.26183e-03	-5.70214e-01	1.56339e+01
110	0	8	0	2	3	3.51743e-03	-5.52264e-01	1.63275e+01
110	0	9	0	2	3	1.30689e-03	-3.84237e-01	1.37671e+01
110	0	10	0	2	3	4.85195e-03	-6.36392e-01	1.68396e+01
110	0	11	0	2	3	2.30816e-03	-4.44291e-01	1.36018e+01
110	0	12	0	2	3	3.33176e-03	-5.18021e-01	1.48247e+01
110	0	13	0	2	3	4.57507e-03	-6.13155e-01	1.75691e+01
110	0	14	0	2	3	3.28023e-03	-5.32176e-01	1.52463e+01
110	0	15	0	2	3	3.35889e-03	-5.20539e-01	1.58616e+01
110	0	16	0	2	3	1.56230e-03	-4.04259e-01	1.28390e+01
110	0	17	0	2	3	1.94135e-03	-4.01242e-01	1.29789e+01
110	0	18	0	2	3	3.19504e-03	-5.18796e-01	1.47041e+01
110	0	19	0	2	3	4.07330e-03	-5.87512e-01	1.48816e+01
110	0	20	0	2	3	3.24896e-03	-5.24359e-01	1.54051e+01
110	0	21	0	2	3	-2.25807e-03	-9.85117e-02	7.91153e+00
110	0	22	0	2	3	4.18272e-03	-5.86722e-01	1.62723e+01
110	0	23	0	2	3	4.97033e-03	-6.35562e-01	1.75184e+01
110	0	24	0	2	3	2.65695e-03	-4.79720e-01	1.48602e+01
110	0	25	0	2	3	3.11323e-03	-5.05533e-01	1.48305e+01
110	0	26	0	2	3	4.96701e-03	-6.45087e-01	1.73751e+01
110	0	27	0	2	3	3.89385e-03	-5.53221e-01	1.58862e+01
110	0	28	0	2	3	3.27152e-03	-5.24033e-01	1.38215e+01
110	0	29	0	2	3	4.28991e-03	-5.83260e-01	1.60384e+01
110	0	30	0	2	3	4.23455e-03	-5.93439e-01	1.63090e+01
110	0	31	0	2	3	3.68143e-03	-5.51392e-01	1.61340e+01
110	0	32	0	2	3	3.51065e-03	-5.44441e-01	1.57632e+01
110	0	33	0	2	3	3.67555e-03	-5.26936e-01	1.28000e+01
110	0	34	0	2	3	4.18823e-03	-5.83841e-01	1.60742e+01
110	0	35	0	2	3	4.81163e-03	-6.33775e-01	1.75141e+01
110	0	36	0	2	3	3.75104e-03	-5.45281e-01	1.42614e+01
110	0	37	0	2	3	4.11011e-03	-5.85439e-01	1.77304e+01
110	0	38	0	2	3	4.49611e-03	-6.01643e-01	1.57834e+01
110	0	39	0	2	3	3.94598e-03	-5.65346e-01	1.59558e+01
110	0	40	0	2	3	4.08712e-03	-5.69076e-01	1.45641e+01
110	0	41	0	2	3	3.83635e-03	-5.51715e-01	1.66993e+01
110	0	42	0	2	3	4.22483e-03	-5.84931e-01	1.55126e+01
110	0	43	0	2	3	4.04292e-03	-5.80959e-01	1.70222e+01
110	0	44	0	2	3	3.85766e-03	-5.66111e-01	1.58551e+01
110	0	45	0	2	3	3.86974e-03	-5.51221e-01	1.62343e+01
110	0	46	0	2	3	4.12314e-03	-5.90580e-01	1.64957e+01
110	0	47	0	2	3	4.72714e-03	-6.30181e-01	1.79224e+01
110	0	48	0	2	3	4.05091e-03	-5.71950e-01	1.48295e+01
110	0	49	0	2	3	4.28491e-03	-5.88108e-01	1.74416e+01
110	0	50	0	2	3	4.41512e-03	-6.04238e-01	1.69061e+01
110	0	51	0	2	3	4.83966e-03	-6.27248e-01	1.69868e+01
110	0	52	0	2	3	3.86107e-03	-5.53950e-01	1.50269e+01
110	0	53	0	2	3	4.16695e-03	-5.72745e-01	1.58532e+01
110	0	54	0	2	3	3.96732e-03	-5.73102e-01	1.59856e+01
110	0	55	0	2	3	4.44343e-03	-6.04955e-01	1.66342e+01
110	0	56	0	2	3	3.91447e-03	-5.78163e-01	1.60790e+01
110	0	57	0	2	3	3.93816e-03	-5.64323e-01	1.64897e+01
110	0	58	0	2	3	3.82395e-03	-5.64486e-01	1.59110e+01
110	0	59	0	2	3	4.78562e-03	-6.44090e-01	1.83836e+01
110	0	60	0	2	3	3.74947e-03	-5.63534e-01	1.55253e+01
110	0	61	0	2	3	2.89146e-03	-4.90511e-01	1.49696e+01
110	0	62	0	2	3	4.57101e-03	-6.14516e-01	1.65936e+01
110	0	63	0	2	3	3.98650e-03	-5.73467e-01	1.63906e+01
110	0	64	0	2	3	3.61762e-03	-5.54562e-01	1.60228e+01
110	0	65	0	2	3	3.77044e-03	-5.55254e-01	1.60530e+01
110	0	66	0	2	3	4.26315e-03	-6.09879e-01	1.72479e+01
110	0	67	0	2	3	3.72853e-03	-5.60812e-01	1.64862e+01
110	0	68	0	2	3	4.31035e-03	-6.10637e-01	1.65684e+01
110	0	69	0	2	3	3.61084e-03	-5.44099e-01	1.54676e+01
110	0	70	0	2	3	3.69132e-03	-5.75210e-01	1.59949e+01
110	0	71	0	2	3	4.45972e-03	-6.09796e-01	1.70225e+01
110	0	72	0	2	3	3.93167e-03	-5.77815e-01	1.57635e+01
110	0	73	0	2	3	4.56438e-03	-6.18118e-01	1.65944e+01
110	0	74	0	2	3	4.49979e-03	-6.24029e-01	1.66890e+01
110	0	75	0	2	3	4.37265e-03	-5.99792e-01	1.65069e+01
110	0	76	0	2	3	3.40429e-03	-5.34920e-01	1.51059e+01
110	0	77	0	2	3	3.56383e-03	-5.44199e-01	1.58888e+01
110	0	78	0	2	3	4.36251e-03	-6.10461e-01	1.67505e+01
110	0	79	0	2	3	4.11888e-03	-5.83223e-01	1.62119e+01
110	0	80	0	2	3	4.47894e-03	-6.14128e-01	1.66178e+01
110	0	81	0	2	3	4.29485e-03	-5.87450e-01	1.62619e+01
110	0	82	0	2	3	4.25466e-03	-5.95809e-01	1.68310e+01
110	0	83	0	2	3	4.51195e-03	-6.15238e-01	1.67244e+01
110	0	84	0	2	3	3.69800e-03	-5.55712e-01	1.60555e+01
110	0	85	0	2	3	4.25765e-03	-5.88131e-01	1.66080e+01
110	0	86	0	2	3	3.97020e-03	-5.91219e-01	1.66142e+01
110	0	87	0	2	3	4.45357e-03	-6.14095e-01	1.74610e+01
110	0	88	0	2	3	3.88751e-03	-5.62417e-01	1.54574e+01
110	0	89	0	2	3	4.15099e-03	-5.86484e-01	1.62754e+01
110	0	90	0	2	3	4.30092e-03	-6.01398e-01	1.64272e+01
110	0	91	0	2	3	4.18397e-03	-5.99875e-01	1.72221e+01
110	0	92	0	2	3	4.15508e-03	-6.00667e-01	1.72967e+01
110	0	93	0	2	3	4.07620e-03	-5.74743e-01	1.57447e+01
110	0	94	0	2	3	4.36140e-03	-6.25713e-01	1.77924e+01
110	0	95	0	2	3	4.36445e-03	-6.06969e-01	1.71026e+01
110	0	96	0	2	3	4.21350e-03	-6.05794e-01	1.70829e+01
110	0	97	0	2	3	3.95076e-03	-5.69920e-01	1.65202e+01
110	0	98	0	2	3	4.30727e-03	-6.10577e-01	1.70583e+01
110	0	99	0	2	3	3.84858e-03	-5.59033e-01	1.59702e+01
110	0	100	0	2	3	3.27858e-03	-5.31029e-01	1.52247e+01
110	0	101	0	2	3	4.01276e-03	-5.75208e-01	1.65577e+01
110	0	102	0	2	3	4.58197e-03	-6.30515e-01	1.73182e+01
110	0	103	0	2	3	4.52197e-03	-6.15046e-01	1.68270e+01
110	0	104	0	2	3	3.73177e-03	-5.65439e-01	1.60040e+01
110	0	105	0	2	3	4.03719e-03	-5.77323e-01	1.60880e+01
110	0	106	0	2	3	4.14424e-03	-5.91275e-01	1.64466e+01
110	0	107	0	2	3	4.52845e-03	-6.10693e-01	1.61716e+01
110	0	108	0	2	3	3.41749e-03	-5.44329e-01	1.55252e+01
110	0	109	0	2	3	4.78141e-03	-6.29814e-01	1.68892e+01
110	0	110	0	2	3	4.10306e-03	-5.91384e-01	1.63051e+01
110	0	111	0	2	3	4.72427e-03	-6.39348e-01	1.73232e+01
110	0	112	0	2	3	3.59592e-03	-5.47154e-01	1.52578e+01
110	0	113	0	2	3	4.50034e-03	-6.13300e-01	1.66756e+01
110	0	114	0	2	3	3.88122e-03	-5.83050e-01	1.74627e+01
110	0	115	0	2	3	5.10142e-03	-6.53375e-01	1.73209e+01
110	0	116	0	2	3	3.24157e-03	-5.32056e-01	1.59685e+01
110	0	117	0	2	3	3.41382e-03	-5.32951e-01	1.62267e+01
110	0	118	0	2	3	4.34831e-03	-6.13787e-01	1.71254e+01
110	0	119	0	2	3	4.27922e-03	-5.93687e-01	1.54283e+01
110	0	120	0	2	3	3.24596e-03	-5.29066e-01	1.58763e+01
110	0	121	0	2	3	3.99170e-03	-5.64745e-01	1.53444e+01
110	0	122	0	2	3	4.24414e-03	-6.04041e-01	1.74725e+01
110	0	123	0	2	3	4.67688e-03	-6.23132e-01	1.71246e+01
110	0	124	0	2	3	4.42357e-03	-6.15467e-01	1.71358e+01
110	0	125	0	2	3	3.81328e-03	-5.47129e-01	1.33583e+01
110	0	126	0	2	3	4.59665e-03	-6.19506e-01	1.64252e+01
110	0	127	0	2	3	4.30413e-03	-5.98310e-01	1.64858e+01
110	0	128	0	2	3	4.56295e-03	-6.62575e-01	1.88259e+01
110	0	129	0	2	3	3.96847e-03	-5.95783e-01	1.69527e+01
110	0	130	0	2	3	3.36261e-03	-5.58408e-01	1.77328e+01
110	0	131	0	2	3	2.92777e-03	-4.93455e-01	1.48900e+01
110	0	132	0	2	3	3.39225e-03	-5.58121e-01	1.70209e+01
110	0	133	0	2	3	3.43364e-03	-5.42633e-01	1.61196e+01
110	0	134	0	2	3	3.62127e-03	-5.85315e-01	1.71725e+01
110	0	135	0	2	3	3.81363e-03	-5.74136e-01	1.69611e+01
110	0	136	0	2	3	2.96315e-03	-5.16561e-01	1.49467e+01
110	0	137	0	2	3	3.95878e-03	-6.00860e-01	1.77172e+01
110	0	138	0	2	3	2.99357e-03	-5.30387e-01	1.72788e+01
110	0	139	0	2	3	3.78621e-03	-5.83426e-01	1.67772e+01
110	0	140	0	2	3	1.82650e-03	-4.50963e-01	1.52378e+01
110	0	141	0	2	3	2.18338e-03	-4.81663e-01	1.45677e+01
110	0	142	0	2	3	3.19562e-03	-5.49095e-01	1.72612e+01
110	0	143	0	2	3	2.83260e-03	-4.97614e-01	1.46179e+01
110	0	144	0	2	3	4.03160e-03	-5.93985e-01	1.69190e+01
110	0	145	0	2	3	2.39316e-03	-4.71152e-01	1.46965e+01
110	0	146	0	2	3	3.97680e-03	-5.98331e-01	1.70297e+01
110	0	147	0	2	3	3.55824e-03	-5.54103e-01	1.62961e+01
110	0	148	0	2	3	2.49660e-03	-4.99274e-01	1.58554e+01
110	0	149	0	2	3	4.13161e-03	-5.90311e-01	1.66595e+01
110	0	150	0	2	3	1.82757e-03	-4.57822e-01	1.50807e+01
110	0	151	0	2	3	2.85205e-03	-5.19211e-01	1.56975e+01
110	0	152	0	2	3	2.11711e-03	-4.65500e-01	1.52857e+01
110	0	153	0	2	3	3.31309e-03	-5.62635e-01	1.68768e+01
110	0	154	0	2	3	2.61612e-03	-4.92419e-01	1.55345e+01
110	0	155	0	2	3	3.00827e-03	-5.18719e-01	1.49223e+01
110	0	156	0	2	3	2.20915e-03	-4.52474e-01	1.53381e+01
110	0	157	0	2	3	1.41908e-03	-4.32942e-01	1.47141e+01
110	0	158	0	2	3	-2.52229e-03	-1.25870e-01	9.00542e+00
110	0	159	0	2	3	-1.64859e-02	8.62598e-01	-7.73685e+00
#######################################################################
# BFT D                                                               #
#######################################################################
110	1	0	0	2	3	1.13167e-03	-2.92546e-01	1.14363e+01
110	1	1	0	2	3	2.63843e-04	-3.31058e-01	1.38479e+01
110	1	2	0	2	3	3.25161e-03	-5.29782e-01	1.63519e+01
110	1	3	0	2	3	-5.44026e-03	2.14725e-01	9.58726e-01
110	1	4	0	2	3	4.06037e-03	-5.89911e-01	1.77575e+01
110	1	5	0	2	3	8.03199e-04	-3.63651e-01	1.40288e+01
110	1	6	0	2	3	1.65992e-03	-4.13150e-01	1.35460e+01
110	1	7	0	2	3	1.19573e-03	-3.65324e-01	1.30729e+01
110	1	8	0	2	3	4.90182e-03	-6.34673e-01	1.76833e+01
110	1	9	0	2	3	2.28890e-03	-4.73531e-01	1.59963e+01
110	1	10	0	2	3	4.54590e-03	-6.23907e-01	1.64980e+01
110	1	11	0	2	3	4.46367e-03	-6.18243e-01	1.76501e+01
110	1	12	0	2	3	3.51468e-03	-5.40482e-01	1.51789e+01
110	1	13	0	2	3	4.68152e-03	-6.34438e-01	1.77445e+01
110	1	14	0	2	3	3.53537e-03	-5.57481e-01	1.65092e+01
110	1	15	0	2	3	4.22731e-03	-6.06518e-01	1.71833e+01
110	1	16	0	2	3	3.35506e-03	-5.40476e-01	1.54164e+01
110	1	17	0	2	3	3.83176e-03	-5.63679e-01	1.64477e+01
110	1	18	0	2	3	5.19276e-03	-6.69852e-01	1.71107e+01
110	1	19	0	2	3	4.88700e-03	-6.47710e-01	1.84163e+01
110	1	20	0	2	3	3.01940e-03	-5.14131e-01	1.52344e+01
110	1	21	0	2	3	2.87561e-03	-5.12446e-01	1.61773e+01
110	1	22	0	2	3	3.69448e-03	-5.57867e-01	1.56058e+01
110	1	23	0	2	3	4.03925e-03	-5.73641e-01	1.60780e+01
110	1	24	0	2	3	4.11114e-03	-5.89296e-01	1.70911e+01
110	1	25	0	2	3	4.21536e-03	-5.91961e-01	1.66307e+01
110	1	26	0	2	3	3.76181e-03	-5.70196e-01	1.67388e+01
110	1	27	0	2	3	3.75296e-03	-5.56135e-01	1.66517e+01
110	1	28	0	2	3	4.90976e-03	-6.45926e-01	1.69557e+01
110	1	29	0	2	3	2.95177e-03	-5.04647e-01	1.53215e+01
110	1	30	0	2	3	4.01522e-03	-5.89487e-01	1.63849e+01
110	1	31	0	2	3	4.01548e-03	-5.85476e-01	1.68692e+01
110	1	32	0	2	3	3.99632e-03	-5.87770e-01	1.75685e+01
110	1	33	0	2	3	3.67330e-03	-5.57096e-01	1.50926e+01
110	1	34	0	2	3	4.20890e-03	-5.96168e-01	1.59876e+01
110	1	35	0	2	3	3.63895e-03	-5.67925e-01	1.77252e+01
110	1	36	0	2	3	3.44078e-03	-5.39990e-01	1.62092e+01
110	1	37	0	2	3	3.43423e-03	-5.33589e-01	1.49205e+01
110	1	38	0	2	3	4.09279e-03	-5.87642e-01	1.62392e+01
110	1	39	0	2	3	3.64229e-03	-5.49678e-01	1.62114e+01
110	1	40	0	2	3	3.94495e-03	-5.73918e-01	1.56637e+01
110	1	41	0	2	3	4.08677e-03	-5.80480e-01	1.61691e+01
110	1	42	0	2	3	3.67253e-03	-5.51955e-01	1.47723e+01
110	1	43	0	2	3	3.98618e-03	-5.75709e-01	1.68895e+01
110	1	44	0	2	3	3.70530e-03	-5.62222e-01	1.56083e+01
110	1	45	0	2	3	3.53738e-03	-5.44471e-01	1.58100e+01
110	1	46	0	2	3	4.11837e-03	-5.96184e-01	1.62401e+01
110	1	47	0	2	3	4.18767e-03	-6.05640e-01	1.78094e+01
110	1	48	0	2	3	3.67758e-03	-5.54171e-01	1.60744e+01
110	1	49	0	2	3	3.29596e-03	-5.23811e-01	1.56954e+01
110	1	50	0	2	3	4.01854e-03	-5.79297e-01	1.55065e+01
110	1	51	0	2	3	4.34576e-03	-6.07916e-01	1.79658e+01
110	1	52	0	2	3	3.85125e-03	-5.78525e-01	1.58503e+01
110	1	53	0	2	3	3.42789e-03	-5.37604e-01	1.59539e+01
110	1	54	0	2	3	4.17641e-03	-6.00631e-01	1.71834e+01
110	1	55	0	2	3	3.49224e-03	-5.44437e-01	1.68984e+01
110	1	56	0	2	3	3.68545e-03	-5.74840e-01	1.69393e+01
110	1	57	0	2	3	4.23174e-03	-6.01677e-01	1.77110e+01
110	1	58	0	2	3	3.95988e-03	-5.91962e-01	1.80775e+01
110	1	59	0	2	3	5.02270e-03	-6.68081e-01	1.92140e+01
110	1	60	0	2	3	4.31448e-03	-6.06602e-01	1.71172e+01
110	1	61	0	2	3	3.85148e-03	-5.58657e-01	1.63822e+01
110	1	62	0	2	3	3.98131e-03	-5.81348e-01	1.56603e+01
110	1	63	0	2	3	3.78206e-03	-5.66772e-01	1.63751e+01
110	1	64	0	2	3	3.85177e-03	-5.81663e-01	1.72136e+01
110	1	65	0	2	3	4.34024e-03	-6.02498e-01	1.62485e+01
110	1	66	0	2	3	4.74973e-03	-6.46265e-01	1.69858e+01
110	1	67	0	2	3	4.34818e-03	-6.07936e-01	1.65054e+01
110	1	68	0	2	3	3.46699e-03	-5.39307e-01	1.47389e+01
110	1	69	0	2	3	4.25561e-03	-6.01043e-01	1.64008e+01
110	1	70	0	2	3	4.29208e-03	-6.03901e-01	1.72359e+01
110	1	71	0	2	3	4.24960e-03	-6.05472e-01	1.66904e+01
110	1	72	0	2	3	3.56233e-03	-5.49455e-01	1.58298e+01
110	1	73	0	2	3	4.24749e-03	-6.02968e-01	1.71387e+01
110	1	74	0	2	3	3.89044e-03	-5.74017e-01	1.54483e+01
110	1	75	0	2	3	4.36700e-03	-6.12138e-01	1.72395e+01
110	1	76	0	2	3	3.67526e-03	-5.59145e-01	1.58867e+01
110	1	77	0	2	3	3.78111e-03	-5.69608e-01	1.65028e+01
110	1	78	0	2	3	4.68422e-03	-6.36789e-01	1.66332e+01
110	1	79	0	2	3	4.30004e-03	-6.00478e-01	1.58804e+01
110	1	80	0	2	3	3.95065e-03	-5.74518e-01	1.59897e+01
110	1	81	0	2	3	3.76669e-03	-5.63974e-01	1.56663e+01
110	1	82	0	2	3	4.67239e-03	-6.32774e-01	1.80385e+01
110	1	83	0	2	3	4.50676e-03	-6.04994e-01	1.65578e+01
110	1	84	0	2	3	3.32750e-03	-5.27638e-01	1.47468e+01
110	1	85	0	2	3	3.96532e-03	-5.77453e-01	1.61749e+01
110	1	86	0	2	3	3.85564e-03	-5.75692e-01	1.58365e+01
110	1	87	0	2	3	3.80778e-03	-5.66135e-01	1.48056e+01
110	1	88	0	2	3	4.16958e-03	-5.91749e-01	1.67669e+01
110	1	89	0	2	3	3.98472e-03	-5.82071e-01	1.59400e+01
110	1	90	0	2	3	3.85672e-03	-5.75224e-01	1.57482e+01
110	1	91	0	2	3	4.31259e-03	-5.99367e-01	1.60793e+01
110	1	92	0	2	3	3.51564e-03	-5.40453e-01	1.54667e+01
110	1	93	0	2	3	3.68235e-03	-5.57856e-01	1.60678e+01
110	1	94	0	2	3	3.48400e-03	-5.56968e-01	1.57751e+01
110	1	95	0	2	3	3.99769e-03	-5.84871e-01	1.62655e+01
110	1	96	0	2	3	3.74464e-03	-5.57921e-01	1.54577e+01
110	1	97	0	2	3	3.57058e-03	-5.53038e-01	1.54982e+01
110	1	98	0	2	3	3.90689e-03	-5.95952e-01	1.77026e+01
110	1	99	0	2	3	3.96778e-03	-5.80351e-01	1.62827e+01
110	1	100	0	2	3	3.80959e-03	-5.55087e-01	1.59621e+01
110	1	101	0	2	3	3.27365e-03	-5.30554e-01	1.49776e+01
110	1	102	0	2	3	4.56042e-03	-6.31359e-01	1.73905e+01
110	1	103	0	2	3	4.15338e-03	-5.86511e-01	1.61988e+01
110	1	104	0	2	3	3.56226e-03	-5.55802e-01	1.61805e+01
110	1	105	0	2	3	3.63385e-03	-5.58104e-01	1.52724e+01
110	1	106	0	2	3	4.34002e-03	-6.06601e-01	1.66253e+01
110	1	107	0	2	3	4.41361e-03	-6.09194e-01	1.58404e+01
110	1	108	0	2	3	4.06773e-03	-5.87737e-01	1.73903e+01
110	1	109	0	2	3	3.95846e-03	-5.84438e-01	1.63022e+01
110	1	110	0	2	3	4.96458e-03	-6.56403e-01	1.78617e+01
110	1	111	0	2	3	4.36960e-03	-6.18306e-01	1.74230e+01
110	1	112	0	2	3	3.46970e-03	-5.42469e-01	1.56184e+01
110	1	113	0	2	3	3.87991e-03	-5.68417e-01	1.64062e+01
110	1	114	0	2	3	4.79907e-03	-6.45696e-01	1.73616e+01
110	1	115	0	2	3	5.03499e-03	-6.50526e-01	1.75467e+01
110	1	116	0	2	3	4.13349e-03	-5.90087e-01	1.66411e+01
110	1	117	0	2	3	3.96671e-03	-5.81944e-01	1.57913e+01
110	1	118	0	2	3	4.43531e-03	-6.12890e-01	1.61903e+01
110	1	119	0	2	3	4.30893e-03	-6.03428e-01	1.62123e+01
110	1	120	0	2	3	4.25404e-03	-6.04938e-01	1.67962e+01
110	1	121	0	2	3	3.39511e-03	-5.35037e-01	1.56711e+01
110	1	122	0	2	3	3.08409e-03	-5.21057e-01	1.66005e+01
110	1	123	0	2	3	4.62799e-03	-6.38280e-01	1.92177e+01
110	1	124	0	2	3	4.43348e-03	-6.01888e-01	1.62030e+01
110	1	125	0	2	3	3.77897e-03	-5.68089e-01	1.66488e+01
110	1	126	0	2	3	4.71516e-03	-6.24448e-01	1.62411e+01
110	1	127	0	2	3	4.10755e-03	-5.93790e-01	1.69435e+01
110	1	128	0	2	3	2.86614e-03	-5.29906e-01	1.65633e+01
110	1	129	0	2	3	4.16064e-03	-6.16629e-01	1.79980e+01
110	1	130	0	2	3	4.66179e-03	-6.58969e-01	1.79792e+01
110	1	131	0	2	3	2.93917e-03	-5.18807e-01	1.57301e+01
110	1	132	0	2	3	3.98912e-03	-5.99700e-01	1.78346e+01
110	1	133	0	2	3	4.83661e-03	-6.55091e-01	1.79360e+01
110	1	134	0	2	3	2.57075e-03	-4.96744e-01	1.48782e+01
110	1	135	0	2	3	2.79148e-03	-4.99370e-01	1.44727e+01
110	1	136	0	2	3	3.03599e-03	-5.45271e-01	1.73489e+01
110	1	137	0	2	3	5.17965e-03	-6.79209e-01	1.77644e+01
110	1	138	0	2	3	4.06518e-03	-6.03560e-01	1.71675e+01
110	1	139	0	2	3	3.75677e-03	-5.67604e-01	1.57423e+01
110	1	140	0	2	3	4.87391e-03	-6.60692e-01	1.80149e+01
110	1	141	0	2	3	3.12102e-03	-5.30207e-01	1.55490e+01
110	1	142	0	2	3	3.57088e-03	-5.66834e-01	1.61479e+01
110	1	143	0	2	3	3.12473e-03	-5.31951e-01	1.64171e+01
110	1	144	0	2	3	3.45464e-03	-5.65971e-01	1.66092e+01
110	1	145	0	2	3	3.40503e-03	-5.39623e-01	1.58870e+01
110	1	146	0	2	3	3.31651e-03	-5.55374e-01	1.63246e+01
110	1	147	0	2	3	4.82171e-03	-6.33998e-01	1.64629e+01
110	1	148	0	2	3	4.15712e-03	-6.00453e-01	1.62971e+01
110	1	149	0	2	3	3.27690e-03	-5.29550e-01	1.61495e+01
110	1	150	0	2	3	3.89123e-03	-5.81939e-01	1.61002e+01
110	1	151	0	2	3	4.20251e-03	-6.06100e-01	1.69707e+01
110	1	152	0	2	3	3.00506e-03	-5.31842e-01	1.69167e+01
110	1	153	0	2	3	3.32240e-03	-5.36892e-01	1.66336e+01
110	1	154	0	2	3	3.67777e-03	-5.68624e-01	1.58126e+01
110	1	155	0	2	3	3.45238e-03	-5.54850e-01	1.60550e+01
110	1	156	0	2	3	6.44922e-03	-7.86941e-01	2.08788e+01
110	1	157	0	2	3	1.00701e-03	-4.05597e-01	1.48547e+01
110	1	158	0	2	3	9.30463e-04	-3.74529e-01	1.46816e+01
110	1	159	0	2	3	3.44226e-03	-5.61597e-01	1.73783e+01
