##
#  file: HodoPHCParam_Dummy
#  date: 2016.06.15
#  note: first version
#
#
#######################################################################
# CId	PlId	Seg	UorD	Type	nParam	p0	p1	...
#
#	Type=0 no correction will be performed
#	Type=1 ct=t-p[0]/sqrt(a-p[1])+p[2]
#	Type=2 ct=p[0]*a*a + p[1]*a + p[2] for Fiber
#
#######################################################################
# BH1 Up                                                              #
#######################################################################
1	0	0	0	1	3	5.08705e+00	-1.98362e+00	2.93454e+00
1	0	1	0	1	3	6.69706e-01	2.91546e-01	8.10244e-01
1	0	2	0	1	3	5.01779e-01	3.94271e-01	6.64278e-01
1	0	3	0	1	3	7.45330e-01	1.66754e-01	8.56036e-01
1	0	4	0	1	3	8.52890e-01	8.60054e-02	9.27134e-01
1	0	5	0	1	3	1.69981e+00	-1.50393e-01	1.62794e+00
1	0	6	0	1	3	1.58582e+00	-2.35346e-01	1.46587e+00
1	0	7	0	1	3	1.61970e+00	-1.46184e-01	1.54504e+00
1	0	8	0	1	3	1.37546e+00	-2.52696e-01	1.28233e+00
1	0	9	0	1	3	1.74814e+00	-2.76223e-01	1.64100e+00
1	0	10	0	1	3	1.60339e+01	-4.62629e+00	6.81205e+00
#######################################################################
# BH1 Down                                                            #
#######################################################################
1	0	0	1	1	3	1.33519e+00	-9.13138e-02	1.27257e+00
1	0	1	1	1	3	6.24909e-01	2.88647e-01	7.65429e-01
1	0	2	1	1	3	6.68954e-01	2.21542e-01	7.45264e-01
1	0	3	1	1	3	1.32364e+00	-4.57464e-01	1.08318e+00
1	0	4	1	1	3	1.18002e+00	-7.91080e-02	1.17008e+00
1	0	5	1	1	3	2.07299e+00	-4.79828e-01	1.70935e+00
1	0	6	1	1	3	1.96000e+00	-5.20196e-01	1.63958e+00
1	0	7	1	1	3	1.89852e+00	-4.50289e-01	1.60743e+00
1	0	8	1	1	3	1.02469e+00	-6.73213e-02	1.04734e+00
1	0	9	1	1	3	1.64894e+00	-1.85977e-01	1.61292e+00
1	0	10	1	1	3	7.15603e-01	2.22738e-01	8.54972e-01
#######################################################################
# BH2 Up                                                              #
#######################################################################
2	0	0	0	1	3	1.43047e-01	2.98695e-01	2.00085e-01
2	0	1	0	1	3	8.79554e-01	-2.31747e-01	7.85839e-01
2	0	2	0	1	3	5.94572e-01	-4.97541e-01	4.68956e-01
2	0	3	0	1	3	1.91725e-01	3.94747e-02	1.91115e-01
2	0	4	0	1	3	3.31184e-01	-9.38469e-02	3.15823e-01
2	0	5	0	1	3	1.99769e-01	2.70254e-01	2.37321e-01
2	0	6	0	1	3	2.58948e-01	2.41832e-01	3.10133e-01
2	0	7	0	1	3	3.50426e-01	8.80094e-02	3.70898e-01
#######################################################################
# BH2 Down                                                            #
#######################################################################
2	0	0	1	1	3	3.94607e-01	-1.85207e-01	3.84440e-01
2	0	1	1	1	3	9.92155e-01	-3.85817e-01	8.32122e-01
2	0	2	1	1	3	4.10986e-01	-9.27803e-02	3.90143e-01
2	0	3	1	1	3	1.76416e-01	4.84160e-02	1.75490e-01
2	0	4	1	1	3	2.42956e-01	1.23979e-01	2.64593e-01
2	0	5	1	1	3	3.57967e-01	4.32013e-02	3.63973e-01
2	0	6	1	1	3	1.22093e+00	-6.67168e-01	9.30075e-01
2	0	7	1	1	3	2.92156e-01	-4.36810e-03	2.98702e-01
#######################################################################
# BAC                                                                 #
#######################################################################
3	0	0	0	1	3	0.00000e+00	0.00000e+00	0.00000e+00
3	0	1	0	1	3	0.00000e+00	0.00000e+00	0.00000e+00
#######################################################################
# FBH Up                                                              #
#######################################################################
4	0	0	0	2	3	-5.62952e-03	8.96903e-01	-3.53273e+01
4	0	1	0	2	3	-4.29399e-03	7.37975e-01	-3.00049e+01
4	0	2	0	2	3	-5.26894e-03	8.67305e-01	-3.38992e+01
4	0	3	0	2	3	-3.80183e-03	6.69237e-01	-2.72260e+01
4	0	4	0	2	3	-4.35014e-03	7.35785e-01	-2.92008e+01
4	0	5	0	2	3	-4.02541e-03	6.86907e-01	-2.70312e+01
4	0	6	0	2	3	-4.16660e-03	7.08229e-01	-2.81512e+01
4	0	7	0	2	3	-3.93117e-03	6.84759e-01	-2.69101e+01
4	0	8	0	2	3	-4.14423e-03	6.96902e-01	-2.65883e+01
4	0	9	0	2	3	-2.83372e-03	5.62925e-01	-2.20787e+01
4	0	10	0	2	3	-4.07944e-03	7.09420e-01	-2.75603e+01
4	0	11	0	2	3	-3.50961e-03	6.50113e-01	-2.64167e+01
4	0	12	0	2	3	-3.52415e-03	6.49734e-01	-2.67232e+01
4	0	13	0	2	3	-4.13420e-03	7.26957e-01	-2.99675e+01
4	0	14	0	2	3	-4.90315e-03	8.27563e-01	-3.35630e+01
4	0	15	0	2	3	-4.73048e-03	8.13189e-01	-3.31901e+01
#######################################################################
# FBH Down                                                            #
#######################################################################
4	0	0	1	2	3	-5.62952e-03	8.96903e-01	-3.53273e+01
4	0	1	1	2	3	-4.29399e-03	7.37975e-01	-3.00049e+01
4	0	2	1	2	3	-5.26894e-03	8.67305e-01	-3.38992e+01
4	0	3	1	2	3	-3.80183e-03	6.69237e-01	-2.72260e+01
4	0	4	1	2	3	-4.35014e-03	7.35785e-01	-2.92008e+01
4	0	5	1	2	3	-4.02541e-03	6.86907e-01	-2.70312e+01
4	0	6	1	2	3	-4.16660e-03	7.08229e-01	-2.81512e+01
4	0	7	1	2	3	-3.93117e-03	6.84759e-01	-2.69101e+01
4	0	8	1	2	3	-4.14423e-03	6.96902e-01	-2.65883e+01
4	0	9	1	2	3	-2.83372e-03	5.62925e-01	-2.20787e+01
4	0	10	1	2	3	-4.07944e-03	7.09420e-01	-2.75603e+01
4	0	11	1	2	3	-3.50961e-03	6.50113e-01	-2.64167e+01
4	0	12	1	2	3	-3.52415e-03	6.49734e-01	-2.67232e+01
4	0	13	1	2	3	-4.13420e-03	7.26957e-01	-2.99675e+01
4	0	14	1	2	3	-4.90315e-03	8.27563e-01	-3.35630e+01
4	0	15	1	2	3	-4.73048e-03	8.13189e-01	-3.31901e+01
#######################################################################
# PVAC                                                                #
#######################################################################
5	0	0	0	1	3	0.00000e+00	0.00000e+00	0.00000e+00
#######################################################################
# FAC                                                                 #
#######################################################################
6	0	0	0	1	3	0.00000e+00	0.00000e+00	0.00000e+00
#######################################################################
# SCH                                                                 #
#######################################################################
#7	0	0	0	2	3	-0.00500000	0.821213	-32.185321
#7	0	1	0	2	3	-0.00500000	0.830248	-32.269563
#7	0	2	0	2	3	-0.00500000	0.793073	-29.315934
#7	0	3	0	2	3	-0.00500000	0.772144	-28.276705
#7	0	4	0	2	3	-0.00500000	0.801968	-30.687167
#7	0	5	0	2	3	-0.00500000	0.778300	-28.439251
#7	0	6	0	2	3	-0.00500000	0.765872	-27.918181
#7	0	7	0	2	3	-0.00500000	0.738459	-26.016797
#7	0	8	0	2	3	-0.00500000	0.778318	-28.676371
#7	0	9	0	2	3	-0.00500000	0.776670	-28.892887
#7	0	10	0	2	3	-0.00500000	0.764278	-28.122474
#7	0	11	0	2	3	-0.00500000	0.790742	-29.423647
#7	0	12	0	2	3	-0.00500000	0.811330	-30.487019
#7	0	13	0	2	3	-0.00500000	0.818750	-30.891512
#7	0	14	0	2	3	-0.00500000	0.802541	-30.009136
#7	0	15	0	2	3	-0.00500000	0.809525	-30.751746
#7	0	16	0	2	3	-0.00500000	0.802597	-30.845509
#7	0	17	0	2	3	-0.00500000	0.835028	-32.780792
#7	0	18	0	2	3	-0.00500000	0.859176	-33.938731
#7	0	19	0	2	3	-0.00500000	0.814851	-31.445396
#7	0	20	0	2	3	-0.00500000	0.809426	-30.781087
#7	0	21	0	2	3	-0.00500000	0.780678	-28.888756
#7	0	22	0	2	3	-0.00500000	0.808206	-30.719604
#7	0	23	0	2	3	-0.00500000	0.774024	-27.858339
#7	0	24	0	2	3	-0.00500000	0.794308	-29.022101
#7	0	25	0	2	3	-0.00500000	0.775649	-27.980186
#7	0	26	0	2	3	-0.00500000	0.788483	-28.687567
#7	0	27	0	2	3	-0.00466315	0.771386	-29.253260
#7	0	28	0	2	3	-0.00483132	0.790854	-28.637741
#7	0	29	0	2	3	-0.00497049	0.812994	-30.786914
#7	0	30	0	2	3	-0.00500000	0.787793	-28.362716
#7	0	31	0	2	3	-0.00500000	0.790759	-28.876812
#7	0	32	0	2	3	-0.00500000	0.824826	-31.655285
#7	0	33	0	2	3	-0.00500000	0.845304	-33.407765
#7	0	34	0	2	3	-0.00500000	0.832263	-32.939799
#7	0	35	0	2	3	-0.00500000	0.820631	-31.695372
#7	0	36	0	2	3	-0.00500000	0.836997	-33.200590
#7	0	37	0	2	3	-0.00500000	0.819690	-32.097193
#7	0	38	0	2	3	-0.00500000	0.808109	-31.263214
#7	0	39	0	2	3	-0.00500000	0.815224	-31.135523
#7	0	40	0	2	3	-0.00500000	0.803398	-29.897923
#7	0	41	0	2	3	-0.00500000	0.815685	-31.165519
#7	0	42	0	2	3	-0.00500000	0.812980	-30.737261
#7	0	43	0	2	3	-0.00500000	0.829418	-32.693307
#7	0	44	0	2	3	-0.00500000	0.789530	-29.464920
#7	0	45	0	2	3	-0.00500000	0.804789	-31.208151
#7	0	46	0	2	3	-0.00500000	0.830106	-32.806514
#7	0	47	0	2	3	-0.00500000	0.819206	-31.373242
#7	0	48	0	2	3	-0.00500000	0.816165	-31.709319
#7	0	49	0	2	3	-0.00500000	0.798496	-30.201709
#7	0	50	0	2	3	-0.00500000	0.812167	-31.795745
#7	0	51	0	2	3	-0.00500000	0.810749	-31.375226
#7	0	52	0	2	3	-0.00500000	0.803385	-31.372512
#7	0	53	0	2	3	-0.00500000	0.777405	-29.262831
#7	0	54	0	2	3	-0.00500000	0.783954	-29.763410
#7	0	55	0	2	3	-0.00500000	0.789443	-29.976449
#7	0	56	0	2	3	-0.00500000	0.838828	-33.261086
#7	0	57	0	2	3	-0.00500000	0.804421	-30.573195
#7	0	58	0	2	3	-0.00500000	0.773283	-29.111048
#7	0	59	0	2	3	-0.00500000	0.811789	-31.449459
#7	0	60	0	2	3	-0.00500000	0.759724	-28.110014
#7	0	61	0	2	3	-0.00500000	0.810884	-31.379063
#7	0	62	0	2	3	-0.00500000	0.771910	-28.435006
#7	0	63	0	2	3	-0.00500000	0.796658	-30.511906
#######################################################################
# TOF Up                                                              #
#######################################################################
7	0	0	0	1	3	5.24830e+00	-1.96630e+00	2.96170e+00
7	0	1	0	1	3	5.24830e+00	-1.96630e+00	2.96170e+00
7	0	2	0	1	3	5.24830e+00	-1.96630e+00	2.96170e+00
7	0	3	0	1	3	5.24830e+00	-1.96630e+00	2.96170e+00
7	0	4	0	1	3	5.24830e+00	-1.96630e+00	2.96170e+00
7	0	5	0	1	3	5.24830e+00	-1.96630e+00	2.96170e+00
7	0	6	0	1	3	6.97090e+00	-3.03520e+00	3.39910e+00
7	0	7	0	1	3	4.05450e+00	-1.96150e+00	2.30360e+00
7	0	8	0	1	3	1.16940e+02	-2.98600e+01	2.09880e+01
7	0	9	0	1	3	5.24830e+00	-1.96630e+00	2.96170e+00
7	0	10	0	1	3	5.24830e+00	-1.96630e+00	2.96170e+00
7	0	11	0	1	3	5.24830e+00	-1.96630e+00	2.96170e+00
7	0	12	0	1	3	5.24830e+00	-1.96630e+00	2.96170e+00
7	0	13	0	1	3	5.24830e+00	-1.96630e+00	2.96170e+00
7	0	14	0	1	3	5.24830e+00	-1.96630e+00	2.96170e+00
7	0	15	0	1	3	5.24830e+00	-1.96630e+00	2.96170e+00
7	0	16	0	1	3	5.24830e+00	-1.96630e+00	2.96170e+00
7	0	17	0	1	3	5.24830e+00	-1.96630e+00	2.96170e+00
7	0	18	0	1	3	5.24830e+00	-1.96630e+00	2.96170e+00
7	0	19	0	1	3	7.11491e-01	1.85180e-03	5.82402e-01
7	0	20	0	1	3	5.59404e-01	-1.73810e-03	4.50716e-01
7	0	21	0	1	3	8.92499e-01	1.99900e-03	7.37364e-01
7	0	22	0	1	3	6.37553e-01	1.99960e-03	5.45449e-01
7	0	23	0	1	3	1.19210e+00	1.98920e-03	9.99994e-01
#######################################################################
# TOF Down                                                            #
#######################################################################
7	0	0	1	1	3	5.84300e+00	-2.30730e+00	3.11320e+00
7	0	1	1	1	3	5.84300e+00	-2.30730e+00	3.11320e+00
7	0	2	1	1	3	5.84300e+00	-2.30730e+00	3.11320e+00
7	0	3	1	1	3	5.84300e+00	-2.30730e+00	3.11320e+00
7	0	4	1	1	3	5.84300e+00	-2.30730e+00	3.11320e+00
7	0	5	1	1	3	5.84300e+00	-2.30730e+00	3.11320e+00
7	0	6	1	1	3	1.41330e+01	-5.81170e+00	5.32680e+00
7	0	7	1	1	3	7.84850e+01	-2.02870e+01	1.69500e+01
7	0	8	1	1	3	2.20240e+02	-3.62440e+01	3.60080e+01
7	0	9	1	1	3	5.84300e+00	-2.30730e+00	3.11320e+00
7	0	10	1	1	3	5.84300e+00	-2.30730e+00	3.11320e+00
7	0	11	1	1	3	5.84300e+00	-2.30730e+00	3.11320e+00
7	0	12	1	1	3	5.84300e+00	-2.30730e+00	3.11320e+00
7	0	13	1	1	3	5.84300e+00	-2.30730e+00	3.11320e+00
7	0	14	1	1	3	5.84300e+00	-2.30730e+00	3.11320e+00
7	0	15	1	1	3	5.84300e+00	-2.30730e+00	3.11320e+00
7	0	16	1	1	3	5.84300e+00	-2.30730e+00	3.11320e+00
7	0	17	1	1	3	5.84300e+00	-2.30730e+00	3.11320e+00
7	0	18	1	1	3	5.84300e+00	-2.30730e+00	3.11320e+00
7	0	19	1	1	3	6.18741e-01	1.99860e-03	4.90831e-01
7	0	20	1	1	3	5.75901e-01	1.04210e-03	4.72509e-01
7	0	21	1	1	3	9.41046e-01	1.99890e-03	7.79357e-01
7	0	22	1	1	3	4.84266e-01	-1.95590e-03	3.99786e-01
7	0	23	1	1	3	8.97714e-01	1.99860e-03	7.56300e-01
#######################################################################
# BFT U                                                               #
#######################################################################
110	0	0	0	2	3	3.69693e-03	-5.63938e-01	1.52164e+01
110	0	1	0	2	3	3.16125e-03	-4.98964e-01	1.35942e+01
110	0	2	0	2	3	4.23039e-03	-5.91682e-01	1.52766e+01
110	0	3	0	2	3	3.90240e-03	-5.68668e-01	1.39783e+01
110	0	4	0	2	3	4.09254e-03	-5.78407e-01	1.53788e+01
110	0	5	0	2	3	4.48577e-03	-5.97983e-01	1.59684e+01
110	0	6	0	2	3	3.70742e-03	-5.49753e-01	1.41392e+01
110	0	7	0	2	3	4.04313e-03	-5.63607e-01	1.50258e+01
110	0	8	0	2	3	3.36027e-03	-5.38996e-01	1.43944e+01
110	0	9	0	2	3	3.29726e-03	-5.19361e-01	1.52862e+01
110	0	10	0	2	3	3.17668e-03	-5.16604e-01	1.30098e+01
110	0	11	0	2	3	4.07351e-03	-5.65671e-01	1.58701e+01
110	0	12	0	2	3	3.08460e-03	-5.12613e-01	1.33027e+01
110	0	13	0	2	3	1.79369e-03	-3.98368e-01	1.27988e+01
110	0	14	0	2	3	2.85020e-03	-4.91461e-01	1.27044e+01
110	0	15	0	2	3	4.49874e-03	-6.12008e-01	1.69950e+01
110	0	16	0	2	3	3.64905e-03	-5.51659e-01	1.37300e+01
110	0	17	0	2	3	4.19546e-03	-5.76053e-01	1.56606e+01
110	0	18	0	2	3	4.39434e-03	-6.02208e-01	1.44878e+01
110	0	19	0	2	3	4.40753e-03	-6.04642e-01	1.44483e+01
110	0	20	0	2	3	3.89628e-03	-5.62854e-01	1.43088e+01
110	0	21	0	2	3	3.44972e-03	-5.28512e-01	1.62710e+01
110	0	22	0	2	3	3.92610e-03	-5.71188e-01	1.44300e+01
110	0	23	0	2	3	4.07065e-03	-5.75425e-01	1.59166e+01
110	0	24	0	2	3	3.67410e-03	-5.46490e-01	1.43338e+01
110	0	25	0	2	3	4.53073e-03	-5.95749e-01	1.65650e+01
110	0	26	0	2	3	4.08689e-03	-5.81779e-01	1.56480e+01
110	0	27	0	2	3	4.30244e-03	-5.80614e-01	1.57081e+01
110	0	28	0	2	3	3.15107e-03	-5.15755e-01	1.20459e+01
110	0	29	0	2	3	3.75420e-03	-5.39695e-01	1.45377e+01
110	0	30	0	2	3	3.92437e-03	-5.77107e-01	1.45109e+01
110	0	31	0	2	3	3.91780e-03	-5.63076e-01	1.55956e+01
110	0	32	0	2	3	4.69183e-03	-6.25690e-01	1.55100e+01
110	0	33	0	2	3	3.98394e-03	-5.48559e-01	1.35155e+01
110	0	34	0	2	3	4.13743e-03	-5.85840e-01	1.46088e+01
110	0	35	0	2	3	4.62624e-03	-6.22296e-01	1.67112e+01
110	0	36	0	2	3	3.67955e-03	-5.39893e-01	1.35314e+01
110	0	37	0	2	3	4.55353e-03	-6.09869e-01	1.73016e+01
110	0	38	0	2	3	4.19390e-03	-5.82181e-01	1.38549e+01
110	0	39	0	2	3	4.55801e-03	-6.05676e-01	1.59491e+01
110	0	40	0	2	3	4.03415e-03	-5.67373e-01	1.39515e+01
110	0	41	0	2	3	4.41875e-03	-5.92830e-01	1.67520e+01
110	0	42	0	2	3	4.13378e-03	-5.78524e-01	1.47528e+01
110	0	43	0	2	3	4.03773e-03	-5.80244e-01	1.63182e+01
110	0	44	0	2	3	3.94942e-03	-5.70590e-01	1.42422e+01
110	0	45	0	2	3	4.24231e-03	-5.76896e-01	1.59872e+01
110	0	46	0	2	3	4.46715e-03	-6.15815e-01	1.52900e+01
110	0	47	0	2	3	4.46220e-03	-6.09347e-01	1.78332e+01
110	0	48	0	2	3	3.62525e-03	-5.39348e-01	1.25718e+01
110	0	49	0	2	3	4.53061e-03	-6.01685e-01	1.69284e+01
110	0	50	0	2	3	4.47616e-03	-6.05055e-01	1.51943e+01
110	0	51	0	2	3	4.57695e-03	-6.06847e-01	1.59271e+01
110	0	52	0	2	3	3.61626e-03	-5.39320e-01	1.31617e+01
110	0	53	0	2	3	4.32129e-03	-5.84105e-01	1.53656e+01
110	0	54	0	2	3	4.33558e-03	-5.98374e-01	1.47242e+01
110	0	55	0	2	3	4.56840e-03	-6.09220e-01	1.69182e+01
110	0	56	0	2	3	3.95676e-03	-5.80080e-01	1.54312e+01
110	0	57	0	2	3	4.59251e-03	-6.09925e-01	1.65798e+01
110	0	58	0	2	3	4.07378e-03	-5.82074e-01	1.55242e+01
110	0	59	0	2	3	4.36190e-03	-6.10123e-01	1.69949e+01
110	0	60	0	2	3	3.93743e-03	-5.71449e-01	1.38723e+01
110	0	61	0	2	3	3.64180e-03	-5.39243e-01	1.49848e+01
110	0	62	0	2	3	4.86739e-03	-6.32173e-01	1.51465e+01
110	0	63	0	2	3	4.00183e-03	-5.73416e-01	1.46138e+01
110	0	64	0	2	3	3.93751e-03	-5.73171e-01	1.45474e+01
110	0	65	0	2	3	4.01455e-03	-5.72320e-01	1.56040e+01
110	0	66	0	2	3	4.57070e-03	-6.28623e-01	1.67937e+01
110	0	67	0	2	3	3.97123e-03	-5.71795e-01	1.57831e+01
110	0	68	0	2	3	3.81476e-03	-5.74497e-01	1.51731e+01
110	0	69	0	2	3	4.17115e-03	-5.79847e-01	1.52259e+01
110	0	70	0	2	3	4.32397e-03	-6.17314e-01	1.49430e+01
110	0	71	0	2	3	4.07722e-03	-5.80913e-01	1.57161e+01
110	0	72	0	2	3	3.93738e-03	-5.78220e-01	1.40112e+01
110	0	73	0	2	3	4.37873e-03	-6.02521e-01	1.54708e+01
110	0	74	0	2	3	4.52837e-03	-6.27003e-01	1.59750e+01
110	0	75	0	2	3	4.38714e-03	-5.97846e-01	1.56053e+01
110	0	76	0	2	3	3.62085e-03	-5.47344e-01	1.34719e+01
110	0	77	0	2	3	3.78444e-03	-5.57011e-01	1.52405e+01
110	0	78	0	2	3	4.46548e-03	-6.20370e-01	1.51706e+01
110	0	79	0	2	3	4.27629e-03	-5.93005e-01	1.55261e+01
110	0	80	0	2	3	3.92549e-03	-5.72760e-01	1.50407e+01
110	0	81	0	2	3	4.02040e-03	-5.65874e-01	1.50113e+01
110	0	82	0	2	3	4.52511e-03	-6.10735e-01	1.51660e+01
110	0	83	0	2	3	4.42526e-03	-6.06228e-01	1.56467e+01
110	0	84	0	2	3	3.92383e-03	-5.69350e-01	1.43711e+01
110	0	85	0	2	3	4.08970e-03	-5.76267e-01	1.55614e+01
110	0	86	0	2	3	4.46550e-03	-6.25723e-01	1.53149e+01
110	0	87	0	2	3	4.32079e-03	-6.05833e-01	1.64460e+01
110	0	88	0	2	3	3.94117e-03	-5.66033e-01	1.46364e+01
110	0	89	0	2	3	4.05017e-03	-5.78522e-01	1.52319e+01
110	0	90	0	2	3	4.15782e-03	-5.92145e-01	1.43706e+01
110	0	91	0	2	3	4.33472e-03	-6.06130e-01	1.53168e+01
110	0	92	0	2	3	4.29877e-03	-6.05446e-01	1.53780e+01
110	0	93	0	2	3	4.07690e-03	-5.76905e-01	1.49023e+01
110	0	94	0	2	3	4.21096e-03	-6.11388e-01	1.65445e+01
110	0	95	0	2	3	4.61055e-03	-6.23964e-01	1.64407e+01
110	0	96	0	2	3	3.87409e-03	-5.78968e-01	1.46258e+01
110	0	97	0	2	3	3.87007e-03	-5.61475e-01	1.53577e+01
110	0	98	0	2	3	4.65332e-03	-6.38305e-01	1.56829e+01
110	0	99	0	2	3	4.22806e-03	-5.87787e-01	1.55304e+01
110	0	100	0	2	3	3.92119e-03	-5.75678e-01	1.50572e+01
110	0	101	0	2	3	3.75653e-03	-5.57586e-01	1.52845e+01
110	0	102	0	2	3	4.66990e-03	-6.34759e-01	1.63888e+01
110	0	103	0	2	3	4.58307e-03	-6.18338e-01	1.58847e+01
110	0	104	0	2	3	4.05725e-03	-5.85407e-01	1.43187e+01
110	0	105	0	2	3	4.25384e-03	-5.91042e-01	1.52793e+01
110	0	106	0	2	3	4.59712e-03	-6.27594e-01	1.61955e+01
110	0	107	0	2	3	4.80802e-03	-6.29030e-01	1.54395e+01
110	0	108	0	2	3	4.04362e-03	-5.88113e-01	1.52568e+01
110	0	109	0	2	3	4.33553e-03	-5.97771e-01	1.53064e+01
110	0	110	0	2	3	4.50887e-03	-6.19592e-01	1.57481e+01
110	0	111	0	2	3	5.04158e-03	-6.59528e-01	1.66019e+01
110	0	112	0	2	3	4.04155e-03	-5.77346e-01	1.37318e+01
110	0	113	0	2	3	4.60096e-03	-6.15703e-01	1.55888e+01
110	0	114	0	2	3	4.47835e-03	-6.20307e-01	1.59619e+01
110	0	115	0	2	3	5.12473e-03	-6.52682e-01	1.62062e+01
110	0	116	0	2	3	3.72718e-03	-5.60734e-01	1.43254e+01
110	0	117	0	2	3	4.43334e-03	-6.04079e-01	1.63612e+01
110	0	118	0	2	3	4.53168e-03	-6.24860e-01	1.62070e+01
110	0	119	0	2	3	4.53040e-03	-6.04894e-01	1.44535e+01
110	0	120	0	2	3	3.92690e-03	-5.88705e-01	1.51147e+01
110	0	121	0	2	3	4.29506e-03	-5.90151e-01	1.37387e+01
110	0	122	0	2	3	4.80926e-03	-6.48055e-01	1.72651e+01
110	0	123	0	2	3	4.76856e-03	-6.29963e-01	1.61499e+01
110	0	124	0	2	3	3.94568e-03	-5.73840e-01	1.52146e+01
110	0	125	0	2	3	4.43342e-03	-5.96291e-01	1.32234e+01
110	0	126	0	2	3	3.48695e-03	-5.39439e-01	1.39341e+01
110	0	127	0	2	3	5.01021e-03	-6.36182e-01	1.57831e+01
110	0	128	0	2	3	4.07440e-03	-6.11355e-01	1.64903e+01
110	0	129	0	2	3	3.68114e-03	-5.86835e-01	1.59247e+01
110	0	130	0	2	3	3.32393e-03	-5.56630e-01	1.55831e+01
110	0	131	0	2	3	4.81262e-03	-6.42905e-01	1.66467e+01
110	0	132	0	2	3	4.17842e-03	-6.09110e-01	1.66713e+01
110	0	133	0	2	3	3.74699e-03	-5.63036e-01	1.52700e+01
110	0	134	0	2	3	4.24225e-03	-6.20416e-01	1.64301e+01
110	0	135	0	2	3	3.45110e-03	-5.45403e-01	1.42968e+01
110	0	136	0	2	3	5.79444e-03	-7.13852e-01	1.72349e+01
110	0	137	0	2	3	3.73896e-03	-5.92078e-01	1.66548e+01
110	0	138	0	2	3	5.34080e-03	-7.01776e-01	1.82571e+01
110	0	139	0	2	3	3.18252e-03	-5.43182e-01	1.40248e+01
110	0	140	0	2	3	3.31871e-03	-5.46865e-01	1.56187e+01
110	0	141	0	2	3	3.90632e-03	-5.85527e-01	1.49866e+01
110	0	142	0	2	3	2.34547e-03	-4.85063e-01	1.39522e+01
110	0	143	0	2	3	4.24446e-03	-6.07522e-01	1.57043e+01
110	0	144	0	2	3	1.94357e-03	-4.37920e-01	1.20125e+01
110	0	145	0	2	3	5.22236e-03	-6.63776e-01	1.58920e+01
110	0	146	0	2	3	4.53887e-03	-6.40966e-01	1.68069e+01
110	0	147	0	2	3	2.57351e-03	-4.76667e-01	1.37620e+01
110	0	148	0	2	3	4.32225e-03	-6.13231e-01	1.54802e+01
110	0	149	0	2	3	3.76148e-03	-5.71671e-01	1.54904e+01
110	0	150	0	2	3	5.54765e-03	-7.12033e-01	1.83584e+01
110	0	151	0	2	3	6.74630e-03	-7.89361e-01	1.92840e+01
110	0	152	0	2	3	6.00975e-03	-7.56320e-01	1.97151e+01
110	0	153	0	2	3	2.94862e-03	-5.34280e-01	1.52986e+01
110	0	154	0	2	3	1.10565e-03	-3.89705e-01	1.19103e+01
110	0	155	0	2	3	1.63850e-03	-4.42433e-01	1.20074e+01
110	0	156	0	2	3	-1.24867e-03	-2.00946e-01	8.82550e+00
110	0	157	0	2	3	-2.33451e-03	-1.18504e-01	7.42655e+00
110	0	158	0	2	3	4.50661e-03	-6.37497e-01	1.63585e+01
110	0	159	0	2	3	3.47108e-03	-5.59791e-01	1.52631e+01
#######################################################################
# BFT D                                                               #
#######################################################################
110	1	0	0	2	3	4.02979e-03	-5.89719e-01	1.72590e+01
110	1	1	0	2	3	2.85611e-03	-4.86356e-01	1.44872e+01
110	1	2	0	2	3	2.21970e-03	-4.62276e-01	1.40228e+01
110	1	3	0	2	3	4.32523e-03	-6.07915e-01	1.74664e+01
110	1	4	0	2	3	3.10228e-03	-5.14636e-01	1.47486e+01
110	1	5	0	2	3	3.71660e-03	-5.60755e-01	1.66356e+01
110	1	6	0	2	3	3.59333e-03	-5.57273e-01	1.44711e+01
110	1	7	0	2	3	3.56065e-03	-5.43418e-01	1.56552e+01
110	1	8	0	2	3	2.88479e-03	-5.05390e-01	1.49574e+01
110	1	9	0	2	3	3.19558e-03	-5.20954e-01	1.67254e+01
110	1	10	0	2	3	3.53957e-03	-5.54203e-01	1.56506e+01
110	1	11	0	2	3	3.78704e-03	-5.65348e-01	1.59735e+01
110	1	12	0	2	3	3.51804e-03	-5.46386e-01	1.47113e+01
110	1	13	0	2	3	3.24957e-03	-5.22137e-01	1.58502e+01
110	1	14	0	2	3	3.61563e-03	-5.64105e-01	1.49768e+01
110	1	15	0	2	3	3.25778e-03	-5.27612e-01	1.59686e+01
110	1	16	0	2	3	3.81553e-03	-5.69045e-01	1.52175e+01
110	1	17	0	2	3	3.17146e-03	-5.10963e-01	1.47216e+01
110	1	18	0	2	3	3.49416e-03	-5.44596e-01	1.41859e+01
110	1	19	0	2	3	3.62733e-03	-5.46927e-01	1.57909e+01
110	1	20	0	2	3	3.16800e-03	-5.34054e-01	1.51286e+01
110	1	21	0	2	3	3.47052e-03	-5.40856e-01	1.67223e+01
110	1	22	0	2	3	4.02197e-03	-5.82166e-01	1.54039e+01
110	1	23	0	2	3	3.78680e-03	-5.56453e-01	1.61565e+01
110	1	24	0	2	3	3.92681e-03	-5.79560e-01	1.63461e+01
110	1	25	0	2	3	3.41495e-03	-5.33718e-01	1.59448e+01
110	1	26	0	2	3	4.00240e-03	-5.85106e-01	1.53228e+01
110	1	27	0	2	3	3.45328e-03	-5.33576e-01	1.65681e+01
110	1	28	0	2	3	4.08436e-03	-5.94602e-01	1.65664e+01
110	1	29	0	2	3	3.70574e-03	-5.54397e-01	1.64651e+01
110	1	30	0	2	3	4.32475e-03	-6.03992e-01	1.58650e+01
110	1	31	0	2	3	3.54759e-03	-5.54115e-01	1.67216e+01
110	1	32	0	2	3	3.84115e-03	-5.76326e-01	1.67159e+01
110	1	33	0	2	3	3.13307e-03	-5.22586e-01	1.49349e+01
110	1	34	0	2	3	3.99145e-03	-5.76580e-01	1.49560e+01
110	1	35	0	2	3	4.29590e-03	-6.08108e-01	1.76058e+01
110	1	36	0	2	3	3.82916e-03	-5.66260e-01	1.60119e+01
110	1	37	0	2	3	3.61429e-03	-5.46312e-01	1.44597e+01
110	1	38	0	2	3	4.16602e-03	-5.92604e-01	1.66741e+01
110	1	39	0	2	3	4.01438e-03	-5.73336e-01	1.59234e+01
110	1	40	0	2	3	4.19135e-03	-5.86917e-01	1.51457e+01
110	1	41	0	2	3	3.64191e-03	-5.48989e-01	1.59579e+01
110	1	42	0	2	3	3.97108e-03	-5.71809e-01	1.54548e+01
110	1	43	0	2	3	3.82719e-03	-5.61888e-01	1.69106e+01
110	1	44	0	2	3	3.51695e-03	-5.48377e-01	1.47195e+01
110	1	45	0	2	3	3.48003e-03	-5.38802e-01	1.59833e+01
110	1	46	0	2	3	4.37876e-03	-6.10676e-01	1.57556e+01
110	1	47	0	2	3	4.44294e-03	-6.25301e-01	1.84839e+01
110	1	48	0	2	3	3.87372e-03	-5.68888e-01	1.56908e+01
110	1	49	0	2	3	3.84819e-03	-5.58721e-01	1.65049e+01
110	1	50	0	2	3	4.33444e-03	-6.02592e-01	1.52462e+01
110	1	51	0	2	3	4.20701e-03	-5.91441e-01	1.68262e+01
110	1	52	0	2	3	3.98539e-03	-5.89079e-01	1.53733e+01
110	1	53	0	2	3	3.55678e-03	-5.42427e-01	1.62258e+01
110	1	54	0	2	3	4.45273e-03	-6.18789e-01	1.67950e+01
110	1	55	0	2	3	4.21694e-03	-5.93732e-01	1.70018e+01
110	1	56	0	2	3	3.69682e-03	-5.73984e-01	1.52137e+01
110	1	57	0	2	3	3.86568e-03	-5.68570e-01	1.62697e+01
110	1	58	0	2	3	4.36238e-03	-6.22214e-01	1.79430e+01
110	1	59	0	2	3	4.69128e-03	-6.38152e-01	1.88239e+01
110	1	60	0	2	3	3.76038e-03	-5.68161e-01	1.57521e+01
110	1	61	0	2	3	4.09920e-03	-5.74775e-01	1.58814e+01
110	1	62	0	2	3	4.04443e-03	-5.86148e-01	1.50160e+01
110	1	63	0	2	3	3.97194e-03	-5.78702e-01	1.67923e+01
110	1	64	0	2	3	3.85968e-03	-5.77603e-01	1.62989e+01
110	1	65	0	2	3	4.13245e-03	-5.86478e-01	1.61690e+01
110	1	66	0	2	3	4.47272e-03	-6.28468e-01	1.59357e+01
110	1	67	0	2	3	4.44185e-03	-6.13618e-01	1.57995e+01
110	1	68	0	2	3	3.51255e-03	-5.39888e-01	1.39364e+01
110	1	69	0	2	3	3.87734e-03	-5.70870e-01	1.60216e+01
110	1	70	0	2	3	4.20751e-03	-5.99614e-01	1.64308e+01
110	1	71	0	2	3	4.31555e-03	-6.10321e-01	1.69865e+01
110	1	72	0	2	3	3.83444e-03	-5.68265e-01	1.53577e+01
110	1	73	0	2	3	4.07779e-03	-5.92300e-01	1.71693e+01
110	1	74	0	2	3	4.14572e-03	-5.92241e-01	1.49655e+01
110	1	75	0	2	3	4.41919e-03	-6.17183e-01	1.65290e+01
110	1	76	0	2	3	3.58310e-03	-5.51719e-01	1.49319e+01
110	1	77	0	2	3	4.14047e-03	-5.96024e-01	1.61628e+01
110	1	78	0	2	3	4.34749e-03	-6.11245e-01	1.53308e+01
110	1	79	0	2	3	4.27846e-03	-6.02295e-01	1.61385e+01
110	1	80	0	2	3	4.03283e-03	-5.79462e-01	1.52344e+01
110	1	81	0	2	3	3.96428e-03	-5.74006e-01	1.48860e+01
110	1	82	0	2	3	4.24275e-03	-5.98704e-01	1.65052e+01
110	1	83	0	2	3	4.27071e-03	-5.88260e-01	1.53939e+01
110	1	84	0	2	3	3.70819e-03	-5.50085e-01	1.41927e+01
110	1	85	0	2	3	3.50131e-03	-5.42076e-01	1.46251e+01
110	1	86	0	2	3	4.13723e-03	-5.92960e-01	1.61938e+01
110	1	87	0	2	3	4.50529e-03	-6.05021e-01	1.43792e+01
110	1	88	0	2	3	3.67831e-03	-5.57605e-01	1.53053e+01
110	1	89	0	2	3	4.22465e-03	-5.97107e-01	1.52556e+01
110	1	90	0	2	3	4.15280e-03	-5.93701e-01	1.51130e+01
110	1	91	0	2	3	4.22745e-03	-5.93197e-01	1.60460e+01
110	1	92	0	2	3	3.98741e-03	-5.73301e-01	1.51066e+01
110	1	93	0	2	3	4.03028e-03	-5.77530e-01	1.53686e+01
110	1	94	0	2	3	3.78029e-03	-5.72834e-01	1.59907e+01
110	1	95	0	2	3	3.98576e-03	-5.83197e-01	1.52636e+01
110	1	96	0	2	3	3.80104e-03	-5.62518e-01	1.46142e+01
110	1	97	0	2	3	3.77055e-03	-5.63248e-01	1.56128e+01
110	1	98	0	2	3	4.22733e-03	-6.18225e-01	1.71037e+01
110	1	99	0	2	3	4.28323e-03	-6.00170e-01	1.55946e+01
110	1	100	0	2	3	3.81072e-03	-5.52646e-01	1.49013e+01
110	1	101	0	2	3	3.64957e-03	-5.51623e-01	1.52472e+01
110	1	102	0	2	3	4.19290e-03	-6.04826e-01	1.59628e+01
110	1	103	0	2	3	4.31642e-03	-6.01897e-01	1.55086e+01
110	1	104	0	2	3	3.76440e-03	-5.65977e-01	1.52714e+01
110	1	105	0	2	3	3.92909e-03	-5.74782e-01	1.54758e+01
110	1	106	0	2	3	4.75354e-03	-6.43304e-01	1.74237e+01
110	1	107	0	2	3	4.42556e-03	-6.12792e-01	1.59128e+01
110	1	108	0	2	3	3.68254e-03	-5.56611e-01	1.57568e+01
110	1	109	0	2	3	3.60893e-03	-5.53636e-01	1.56351e+01
110	1	110	0	2	3	4.66798e-03	-6.33710e-01	1.64071e+01
110	1	111	0	2	3	4.55217e-03	-6.31238e-01	1.76223e+01
110	1	112	0	2	3	3.92319e-03	-5.76612e-01	1.52349e+01
110	1	113	0	2	3	3.69369e-03	-5.58731e-01	1.52591e+01
110	1	114	0	2	3	4.41639e-03	-6.16512e-01	1.57291e+01
110	1	115	0	2	3	5.10618e-03	-6.57027e-01	1.66328e+01
110	1	116	0	2	3	4.28317e-03	-6.04875e-01	1.59324e+01
110	1	117	0	2	3	4.02225e-03	-5.77420e-01	1.54517e+01
110	1	118	0	2	3	4.44829e-03	-6.14529e-01	1.51690e+01
110	1	119	0	2	3	4.75123e-03	-6.32209e-01	1.65778e+01
110	1	120	0	2	3	4.11990e-03	-5.88710e-01	1.52855e+01
110	1	121	0	2	3	3.92617e-03	-5.75078e-01	1.52677e+01
110	1	122	0	2	3	4.54493e-03	-6.31149e-01	1.75543e+01
110	1	123	0	2	3	4.65094e-03	-6.39380e-01	1.80525e+01
110	1	124	0	2	3	3.84984e-03	-5.66450e-01	1.45368e+01
110	1	125	0	2	3	3.95772e-03	-5.80743e-01	1.57436e+01
110	1	126	0	2	3	5.08874e-03	-6.57209e-01	1.68296e+01
110	1	127	0	2	3	5.42028e-03	-6.74452e-01	1.69702e+01
110	1	128	0	2	3	3.87545e-03	-5.99588e-01	1.66298e+01
110	1	129	0	2	3	4.60146e-03	-6.51698e-01	1.75072e+01
110	1	130	0	2	3	3.85419e-03	-5.84045e-01	1.51963e+01
110	1	131	0	2	3	3.12064e-03	-5.27079e-01	1.46460e+01
110	1	132	0	2	3	3.64324e-03	-5.70191e-01	1.60748e+01
110	1	133	0	2	3	5.04607e-03	-6.60879e-01	1.67199e+01
110	1	134	0	2	3	5.64865e-03	-7.15425e-01	1.85273e+01
110	1	135	0	2	3	4.00219e-03	-5.80539e-01	1.56189e+01
110	1	136	0	2	3	3.46879e-03	-5.57688e-01	1.60508e+01
110	1	137	0	2	3	5.12757e-03	-6.67194e-01	1.72413e+01
110	1	138	0	2	3	4.69847e-03	-6.34218e-01	1.64108e+01
110	1	139	0	2	3	4.48309e-03	-6.18218e-01	1.65352e+01
110	1	140	0	2	3	5.18869e-03	-6.76175e-01	1.70862e+01
110	1	141	0	2	3	3.70483e-03	-5.63207e-01	1.48865e+01
110	1	142	0	2	3	3.63601e-03	-5.69714e-01	1.51258e+01
110	1	143	0	2	3	2.17017e-03	-4.54813e-01	1.38022e+01
110	1	144	0	2	3	5.02252e-03	-6.73513e-01	1.84284e+01
110	1	145	0	2	3	4.90638e-03	-6.47501e-01	1.66684e+01
110	1	146	0	2	3	4.46789e-03	-6.08820e-01	1.57070e+01
110	1	147	0	2	3	4.70170e-03	-6.21221e-01	1.51669e+01
110	1	148	0	2	3	4.80635e-03	-6.52587e-01	1.63235e+01
110	1	149	0	2	3	3.35646e-03	-5.43736e-01	1.55603e+01
110	1	150	0	2	3	4.11819e-03	-5.93522e-01	1.61475e+01
110	1	151	0	2	3	3.19283e-03	-5.11335e-01	1.40413e+01
110	1	152	0	2	3	-3.02585e-03	-7.93820e-02	7.51034e+00
110	1	153	0	2	3	-3.47492e-03	-4.66385e-02	6.99195e+00
110	1	154	0	2	3	3.61690e-03	-5.64146e-01	1.56198e+01
110	1	155	0	2	3	4.65821e-03	-6.33004e-01	1.53316e+01
110	1	156	0	2	3	5.99309e-03	-7.41135e-01	1.88974e+01
110	1	157	0	2	3	6.97361e-03	-8.12643e-01	2.06422e+01
110	1	158	0	2	3	7.06875e-03	-8.16437e-01	2.06096e+01
110	1	159	0	2	3	3.84695e-03	-5.71808e-01	1.64963e+01
