##
#  file: HodoPHCParam_Dummy
#  date: 2016.06.15
#  note: first version
#
#
#######################################################################
# CId	PlId	Seg	UorD	Type	nParam	p0	p1	...
#
#	Type=0 no correction will be performed
#	Type=1 ct=t-p[0]/sqrt(a-p[1])+p[2]
#	Type=2 ct=p[0]*a*a + p[1]*a + p[2] for Fiber
#
#######################################################################
# BH1 Up                                                              #
#######################################################################
1	0	0	0	1	3	1.47730e+00	-2.35290e-01	1.36110e+00
1	0	1	0	1	3	6.62130e-01	3.34480e-01	8.67710e-01
1	0	2	0	1	3	7.54820e-01	2.48290e-01	9.34610e-01
1	0	3	0	1	3	1.23270e+00	-1.14280e-01	1.26640e+00
1	0	4	0	1	3	1.29730e+00	-1.98210e-01	1.21160e+00
1	0	5	0	1	3	1.43110e+00	-7.87430e-02	1.42120e+00
1	0	6	0	1	3	1.41000e+00	-1.74510e-01	1.32020e+00
1	0	7	0	1	3	1.25340e+00	-3.62780e-02	1.24940e+00
1	0	8	0	1	3	1.44900e+00	-3.83590e-01	1.25050e+00
1	0	9	0	1	3	2.28060e+00	-6.04700e-01	1.82360e+00
1	0	10	0	1	3	9.33520e-01	5.26570e-02	9.95230e-01
#######################################################################
# BH1 Down                                                            #
#######################################################################
1	0	0	1	1	3	2.02010e+00	-5.58670e-01	1.64300e+00
1	0	1	1	1	3	8.49690e-01	1.88140e-01	1.01360e+00
1	0	2	1	1	3	1.21680e+00	-7.53470e-02	1.21540e+00
1	0	3	1	1	3	2.08470e+02	-6.59470e+01	2.55410e+01
1	0	4	1	1	3	1.41330e+00	-2.47510e-01	1.29810e+00
1	0	5	1	1	3	1.63380e+00	-2.25070e-01	1.48610e+00
1	0	6	1	1	3	1.64270e+00	-3.28680e-01	1.48410e+00
1	0	7	1	1	3	1.48840e+00	-1.98800e-01	1.38020e+00
1	0	8	1	1	3	9.57720e-01	-5.07090e-03	9.79170e-01
1	0	9	1	1	3	1.28980e+00	-8.52640e-02	1.26930e+00
1	0	10	1	1	3	1.29280e+00	-1.52360e-01	1.25330e+00
#######################################################################
# BH2 Up                                                              #
#######################################################################
2	0	0	0	1	3	1.23928e-01	3.19092e-01	1.64921e-01
2	0	1	0	1	3	7.53706e-01	-1.79708e-01	6.99096e-01
2	0	2	0	1	3	4.42202e-01	-1.79103e-01	4.01925e-01
2	0	3	0	1	3	3.11545e-01	-5.77250e-02	3.02038e-01
2	0	4	0	1	3	2.94738e-01	-1.61080e-01	2.70687e-01
2	0	5	0	1	3	1.70974e-01	2.75206e-01	2.01729e-01
2	0	6	0	1	3	3.73818e-01	9.75170e-02	3.97597e-01
2	0	7	0	1	3	3.15997e-01	6.59460e-02	3.24278e-01
#######################################################################
# BH2 Down                                                            #
#######################################################################
2	0	0	1	1	3	2.64639e-01	1.04767e-01	3.03250e-01
2	0	1	1	1	3	1.34101e+00	-8.16725e-01	9.87325e-01
2	0	2	1	1	3	4.33143e-01	-7.83380e-02	4.15357e-01
2	0	3	1	1	3	2.71422e-01	-7.15340e-02	2.53653e-01
2	0	4	1	1	3	2.16354e-01	1.56752e-01	2.36613e-01
2	0	5	1	1	3	2.26477e-01	2.19430e-01	2.54177e-01
2	0	6	1	1	3	1.46634e+00	-7.69085e-01	1.07966e+00
2	0	7	1	1	3	2.49431e-01	7.90660e-02	2.64418e-01
#######################################################################
# BAC                                                                 #
#######################################################################
3	0	0	0	1	3	0.00000e+00	0.00000e+00	0.00000e+00
3	0	1	0	1	3	0.00000e+00	0.00000e+00	0.00000e+00
#######################################################################
# FBH Up                                                              #
#######################################################################
4	0	0	0	2	3	-5.62952e-03	8.96903e-01	-3.53273e+01
4	0	1	0	2	3	-4.29399e-03	7.37975e-01	-3.00049e+01
4	0	2	0	2	3	-5.26894e-03	8.67305e-01	-3.38992e+01
4	0	3	0	2	3	-3.80183e-03	6.69237e-01	-2.72260e+01
4	0	4	0	2	3	-4.35014e-03	7.35785e-01	-2.92008e+01
4	0	5	0	2	3	-4.02541e-03	6.86907e-01	-2.70312e+01
4	0	6	0	2	3	-4.16660e-03	7.08229e-01	-2.81512e+01
4	0	7	0	2	3	-3.93117e-03	6.84759e-01	-2.69101e+01
4	0	8	0	2	3	-4.14423e-03	6.96902e-01	-2.65883e+01
4	0	9	0	2	3	-2.83372e-03	5.62925e-01	-2.20787e+01
4	0	10	0	2	3	-4.07944e-03	7.09420e-01	-2.75603e+01
4	0	11	0	2	3	-3.50961e-03	6.50113e-01	-2.64167e+01
4	0	12	0	2	3	-3.52415e-03	6.49734e-01	-2.67232e+01
4	0	13	0	2	3	-4.13420e-03	7.26957e-01	-2.99675e+01
4	0	14	0	2	3	-4.90315e-03	8.27563e-01	-3.35630e+01
4	0	15	0	2	3	-4.73048e-03	8.13189e-01	-3.31901e+01
#######################################################################
# FBH Down                                                            #
#######################################################################
4	0	0	1	2	3	-5.62952e-03	8.96903e-01	-3.53273e+01
4	0	1	1	2	3	-4.29399e-03	7.37975e-01	-3.00049e+01
4	0	2	1	2	3	-5.26894e-03	8.67305e-01	-3.38992e+01
4	0	3	1	2	3	-3.80183e-03	6.69237e-01	-2.72260e+01
4	0	4	1	2	3	-4.35014e-03	7.35785e-01	-2.92008e+01
4	0	5	1	2	3	-4.02541e-03	6.86907e-01	-2.70312e+01
4	0	6	1	2	3	-4.16660e-03	7.08229e-01	-2.81512e+01
4	0	7	1	2	3	-3.93117e-03	6.84759e-01	-2.69101e+01
4	0	8	1	2	3	-4.14423e-03	6.96902e-01	-2.65883e+01
4	0	9	1	2	3	-2.83372e-03	5.62925e-01	-2.20787e+01
4	0	10	1	2	3	-4.07944e-03	7.09420e-01	-2.75603e+01
4	0	11	1	2	3	-3.50961e-03	6.50113e-01	-2.64167e+01
4	0	12	1	2	3	-3.52415e-03	6.49734e-01	-2.67232e+01
4	0	13	1	2	3	-4.13420e-03	7.26957e-01	-2.99675e+01
4	0	14	1	2	3	-4.90315e-03	8.27563e-01	-3.35630e+01
4	0	15	1	2	3	-4.73048e-03	8.13189e-01	-3.31901e+01
#######################################################################
# PVAC                                                                #
#######################################################################
5	0	0	0	1	3	0.00000e+00	0.00000e+00	0.00000e+00
#######################################################################
# FAC                                                                 #
#######################################################################
6	0	0	0	1	3	0.00000e+00	0.00000e+00	0.00000e+00
#######################################################################
# SCH                                                                 #
#######################################################################
#7	0	0	0	2	3	-0.00500000	0.821213	-32.185321
#7	0	1	0	2	3	-0.00500000	0.830248	-32.269563
#7	0	2	0	2	3	-0.00500000	0.793073	-29.315934
#7	0	3	0	2	3	-0.00500000	0.772144	-28.276705
#7	0	4	0	2	3	-0.00500000	0.801968	-30.687167
#7	0	5	0	2	3	-0.00500000	0.778300	-28.439251
#7	0	6	0	2	3	-0.00500000	0.765872	-27.918181
#7	0	7	0	2	3	-0.00500000	0.738459	-26.016797
#7	0	8	0	2	3	-0.00500000	0.778318	-28.676371
#7	0	9	0	2	3	-0.00500000	0.776670	-28.892887
#7	0	10	0	2	3	-0.00500000	0.764278	-28.122474
#7	0	11	0	2	3	-0.00500000	0.790742	-29.423647
#7	0	12	0	2	3	-0.00500000	0.811330	-30.487019
#7	0	13	0	2	3	-0.00500000	0.818750	-30.891512
#7	0	14	0	2	3	-0.00500000	0.802541	-30.009136
#7	0	15	0	2	3	-0.00500000	0.809525	-30.751746
#7	0	16	0	2	3	-0.00500000	0.802597	-30.845509
#7	0	17	0	2	3	-0.00500000	0.835028	-32.780792
#7	0	18	0	2	3	-0.00500000	0.859176	-33.938731
#7	0	19	0	2	3	-0.00500000	0.814851	-31.445396
#7	0	20	0	2	3	-0.00500000	0.809426	-30.781087
#7	0	21	0	2	3	-0.00500000	0.780678	-28.888756
#7	0	22	0	2	3	-0.00500000	0.808206	-30.719604
#7	0	23	0	2	3	-0.00500000	0.774024	-27.858339
#7	0	24	0	2	3	-0.00500000	0.794308	-29.022101
#7	0	25	0	2	3	-0.00500000	0.775649	-27.980186
#7	0	26	0	2	3	-0.00500000	0.788483	-28.687567
#7	0	27	0	2	3	-0.00466315	0.771386	-29.253260
#7	0	28	0	2	3	-0.00483132	0.790854	-28.637741
#7	0	29	0	2	3	-0.00497049	0.812994	-30.786914
#7	0	30	0	2	3	-0.00500000	0.787793	-28.362716
#7	0	31	0	2	3	-0.00500000	0.790759	-28.876812
#7	0	32	0	2	3	-0.00500000	0.824826	-31.655285
#7	0	33	0	2	3	-0.00500000	0.845304	-33.407765
#7	0	34	0	2	3	-0.00500000	0.832263	-32.939799
#7	0	35	0	2	3	-0.00500000	0.820631	-31.695372
#7	0	36	0	2	3	-0.00500000	0.836997	-33.200590
#7	0	37	0	2	3	-0.00500000	0.819690	-32.097193
#7	0	38	0	2	3	-0.00500000	0.808109	-31.263214
#7	0	39	0	2	3	-0.00500000	0.815224	-31.135523
#7	0	40	0	2	3	-0.00500000	0.803398	-29.897923
#7	0	41	0	2	3	-0.00500000	0.815685	-31.165519
#7	0	42	0	2	3	-0.00500000	0.812980	-30.737261
#7	0	43	0	2	3	-0.00500000	0.829418	-32.693307
#7	0	44	0	2	3	-0.00500000	0.789530	-29.464920
#7	0	45	0	2	3	-0.00500000	0.804789	-31.208151
#7	0	46	0	2	3	-0.00500000	0.830106	-32.806514
#7	0	47	0	2	3	-0.00500000	0.819206	-31.373242
#7	0	48	0	2	3	-0.00500000	0.816165	-31.709319
#7	0	49	0	2	3	-0.00500000	0.798496	-30.201709
#7	0	50	0	2	3	-0.00500000	0.812167	-31.795745
#7	0	51	0	2	3	-0.00500000	0.810749	-31.375226
#7	0	52	0	2	3	-0.00500000	0.803385	-31.372512
#7	0	53	0	2	3	-0.00500000	0.777405	-29.262831
#7	0	54	0	2	3	-0.00500000	0.783954	-29.763410
#7	0	55	0	2	3	-0.00500000	0.789443	-29.976449
#7	0	56	0	2	3	-0.00500000	0.838828	-33.261086
#7	0	57	0	2	3	-0.00500000	0.804421	-30.573195
#7	0	58	0	2	3	-0.00500000	0.773283	-29.111048
#7	0	59	0	2	3	-0.00500000	0.811789	-31.449459
#7	0	60	0	2	3	-0.00500000	0.759724	-28.110014
#7	0	61	0	2	3	-0.00500000	0.810884	-31.379063
#7	0	62	0	2	3	-0.00500000	0.771910	-28.435006
#7	0	63	0	2	3	-0.00500000	0.796658	-30.511906
#######################################################################
# TOF Up                                                              #
#######################################################################
7	0	0	0	1	3	5.24830e+00	-1.96630e+00	2.96170e+00
7	0	1	0	1	3	5.24830e+00	-1.96630e+00	2.96170e+00
7	0	2	0	1	3	5.24830e+00	-1.96630e+00	2.96170e+00
7	0	3	0	1	3	5.24830e+00	-1.96630e+00	2.96170e+00
7	0	4	0	1	3	5.24830e+00	-1.96630e+00	2.96170e+00
7	0	5	0	1	3	5.24830e+00	-1.96630e+00	2.96170e+00
7	0	6	0	1	3	6.97090e+00	-3.03520e+00	3.39910e+00
7	0	7	0	1	3	4.05450e+00	-1.96150e+00	2.30360e+00
7	0	8	0	1	3	1.16940e+02	-2.98600e+01	2.09880e+01
7	0	9	0	1	3	5.24830e+00	-1.96630e+00	2.96170e+00
7	0	10	0	1	3	5.24830e+00	-1.96630e+00	2.96170e+00
7	0	11	0	1	3	5.24830e+00	-1.96630e+00	2.96170e+00
7	0	12	0	1	3	5.24830e+00	-1.96630e+00	2.96170e+00
7	0	13	0	1	3	5.24830e+00	-1.96630e+00	2.96170e+00
7	0	14	0	1	3	5.24830e+00	-1.96630e+00	2.96170e+00
7	0	15	0	1	3	5.24830e+00	-1.96630e+00	2.96170e+00
7	0	16	0	1	3	5.24830e+00	-1.96630e+00	2.96170e+00
7	0	17	0	1	3	5.24830e+00	-1.96630e+00	2.96170e+00
7	0	18	0	1	3	5.24830e+00	-1.96630e+00	2.96170e+00
7	0	19	0	1	3	7.11491e-01	1.85180e-03	5.82402e-01
7	0	20	0	1	3	5.59404e-01	-1.73810e-03	4.50716e-01
7	0	21	0	1	3	8.92499e-01	1.99900e-03	7.37364e-01
7	0	22	0	1	3	6.37553e-01	1.99960e-03	5.45449e-01
7	0	23	0	1	3	1.19210e+00	1.98920e-03	9.99994e-01
#######################################################################
# TOF Down                                                            #
#######################################################################
7	0	0	1	1	3	5.84300e+00	-2.30730e+00	3.11320e+00
7	0	1	1	1	3	5.84300e+00	-2.30730e+00	3.11320e+00
7	0	2	1	1	3	5.84300e+00	-2.30730e+00	3.11320e+00
7	0	3	1	1	3	5.84300e+00	-2.30730e+00	3.11320e+00
7	0	4	1	1	3	5.84300e+00	-2.30730e+00	3.11320e+00
7	0	5	1	1	3	5.84300e+00	-2.30730e+00	3.11320e+00
7	0	6	1	1	3	1.41330e+01	-5.81170e+00	5.32680e+00
7	0	7	1	1	3	7.84850e+01	-2.02870e+01	1.69500e+01
7	0	8	1	1	3	2.20240e+02	-3.62440e+01	3.60080e+01
7	0	9	1	1	3	5.84300e+00	-2.30730e+00	3.11320e+00
7	0	10	1	1	3	5.84300e+00	-2.30730e+00	3.11320e+00
7	0	11	1	1	3	5.84300e+00	-2.30730e+00	3.11320e+00
7	0	12	1	1	3	5.84300e+00	-2.30730e+00	3.11320e+00
7	0	13	1	1	3	5.84300e+00	-2.30730e+00	3.11320e+00
7	0	14	1	1	3	5.84300e+00	-2.30730e+00	3.11320e+00
7	0	15	1	1	3	5.84300e+00	-2.30730e+00	3.11320e+00
7	0	16	1	1	3	5.84300e+00	-2.30730e+00	3.11320e+00
7	0	17	1	1	3	5.84300e+00	-2.30730e+00	3.11320e+00
7	0	18	1	1	3	5.84300e+00	-2.30730e+00	3.11320e+00
7	0	19	1	1	3	6.18741e-01	1.99860e-03	4.90831e-01
7	0	20	1	1	3	5.75901e-01	1.04210e-03	4.72509e-01
7	0	21	1	1	3	9.41046e-01	1.99890e-03	7.79357e-01
7	0	22	1	1	3	4.84266e-01	-1.95590e-03	3.99786e-01
7	0	23	1	1	3	8.97714e-01	1.99860e-03	7.56300e-01
#######################################################################
# BFT U                                                               #
#######################################################################
110	0	0	0	2	3	4.67634e-03	-6.18759e-01	1.62543e+01
110	0	1	0	2	3	-1.10693e-02	6.20545e-01	-6.92890e+00
110	0	2	0	2	3	5.00616e-03	-6.47328e-01	1.76423e+01
110	0	3	0	2	3	-4.20862e-03	2.67450e-02	4.76091e+00
110	0	4	0	2	3	-9.90073e-04	-1.96474e-01	9.53203e+00
110	0	5	0	2	3	3.13695e-03	-4.95349e-01	1.53280e+01
110	0	6	0	2	3	4.22304e-03	-5.80732e-01	1.58376e+01
110	0	7	0	2	3	7.41753e-03	-8.19194e-01	2.00433e+01
110	0	8	0	2	3	2.16529e-03	-4.49228e-01	1.39602e+01
110	0	9	0	2	3	4.09370e-03	-5.71768e-01	1.62825e+01
110	0	10	0	2	3	3.64508e-03	-5.51005e-01	1.49129e+01
110	0	11	0	2	3	8.64840e-04	-3.23723e-01	1.16160e+01
110	0	12	0	2	3	2.97594e-03	-5.05028e-01	1.44370e+01
110	0	13	0	2	3	-6.40129e-03	2.17927e-01	1.67505e+00
110	0	14	0	2	3	3.30100e-03	-5.20656e-01	1.44581e+01
110	0	15	0	2	3	4.02590e-03	-5.78595e-01	1.67314e+01
110	0	16	0	2	3	3.30353e-03	-5.22903e-01	1.44657e+01
110	0	17	0	2	3	2.82107e-03	-4.72773e-01	1.50874e+01
110	0	18	0	2	3	3.90793e-03	-5.75373e-01	1.54356e+01
110	0	19	0	2	3	4.72211e-03	-6.23390e-01	1.60026e+01
110	0	20	0	2	3	3.69628e-03	-5.51665e-01	1.55289e+01
110	0	21	0	2	3	3.26667e-03	-5.14072e-01	1.63139e+01
110	0	22	0	2	3	4.85992e-03	-6.34773e-01	1.68282e+01
110	0	23	0	2	3	4.21269e-03	-5.75434e-01	1.60012e+01
110	0	24	0	2	3	3.05194e-03	-5.05111e-01	1.49879e+01
110	0	25	0	2	3	-8.42572e-03	3.70894e-01	-9.59924e-01
110	0	26	0	2	3	3.63035e-03	-5.54376e-01	1.55591e+01
110	0	27	0	2	3	4.65805e-03	-6.01306e-01	1.62779e+01
110	0	28	0	2	3	3.64822e-03	-5.40620e-01	1.36055e+01
110	0	29	0	2	3	3.85599e-03	-5.54269e-01	1.62135e+01
110	0	30	0	2	3	3.31990e-03	-5.27597e-01	1.48220e+01
110	0	31	0	2	3	4.43999e-03	-6.02042e-01	1.75746e+01
110	0	32	0	2	3	3.30824e-03	-5.31389e-01	1.52070e+01
110	0	33	0	2	3	4.40179e-03	-5.73559e-01	1.41245e+01
110	0	34	0	2	3	3.61512e-03	-5.45878e-01	1.51157e+01
110	0	35	0	2	3	4.53387e-03	-6.12070e-01	1.76996e+01
110	0	36	0	2	3	3.61988e-03	-5.36840e-01	1.47678e+01
110	0	37	0	2	3	4.82768e-03	-6.32322e-01	1.80418e+01
110	0	38	0	2	3	4.29295e-03	-5.88563e-01	1.52379e+01
110	0	39	0	2	3	4.45410e-03	-6.00196e-01	1.71355e+01
110	0	40	0	2	3	3.80864e-03	-5.50817e-01	1.38933e+01
110	0	41	0	2	3	4.12261e-03	-5.75071e-01	1.67637e+01
110	0	42	0	2	3	4.26885e-03	-5.85149e-01	1.50436e+01
110	0	43	0	2	3	4.70937e-03	-6.27816e-01	1.83898e+01
110	0	44	0	2	3	3.66968e-03	-5.50630e-01	1.51628e+01
110	0	45	0	2	3	4.40937e-03	-5.94712e-01	1.66803e+01
110	0	46	0	2	3	4.19822e-03	-5.94315e-01	1.61231e+01
110	0	47	0	2	3	4.67043e-03	-6.25580e-01	1.84009e+01
110	0	48	0	2	3	3.37957e-03	-5.26728e-01	1.37229e+01
110	0	49	0	2	3	4.57112e-03	-6.10016e-01	1.74685e+01
110	0	50	0	2	3	4.62390e-03	-6.14448e-01	1.66087e+01
110	0	51	0	2	3	5.15747e-03	-6.49208e-01	1.79466e+01
110	0	52	0	2	3	3.43929e-03	-5.25783e-01	1.42199e+01
110	0	53	0	2	3	4.35477e-03	-5.90394e-01	1.58770e+01
110	0	54	0	2	3	4.34759e-03	-5.99935e-01	1.60895e+01
110	0	55	0	2	3	4.78022e-03	-6.24326e-01	1.74787e+01
110	0	56	0	2	3	3.84320e-03	-5.71622e-01	1.55895e+01
110	0	57	0	2	3	4.95061e-03	-6.36073e-01	1.73776e+01
110	0	58	0	2	3	3.91551e-03	-5.69576e-01	1.66126e+01
110	0	59	0	2	3	4.40188e-03	-6.15916e-01	1.84916e+01
110	0	60	0	2	3	3.80508e-03	-5.64232e-01	1.51602e+01
110	0	61	0	2	3	3.46410e-03	-5.28437e-01	1.52044e+01
110	0	62	0	2	3	4.69163e-03	-6.19116e-01	1.62672e+01
110	0	63	0	2	3	4.08024e-03	-5.80867e-01	1.61617e+01
110	0	64	0	2	3	3.92974e-03	-5.71690e-01	1.59160e+01
110	0	65	0	2	3	4.15832e-03	-5.82086e-01	1.61419e+01
110	0	66	0	2	3	4.52538e-03	-6.25653e-01	1.71222e+01
110	0	67	0	2	3	3.99259e-03	-5.74226e-01	1.62106e+01
110	0	68	0	2	3	3.59194e-03	-5.57730e-01	1.62644e+01
110	0	69	0	2	3	3.96713e-03	-5.66322e-01	1.64130e+01
110	0	70	0	2	3	4.40922e-03	-6.21331e-01	1.63861e+01
110	0	71	0	2	3	4.20320e-03	-5.88749e-01	1.62397e+01
110	0	72	0	2	3	3.86831e-03	-5.72480e-01	1.53325e+01
110	0	73	0	2	3	4.40105e-03	-6.04398e-01	1.69466e+01
110	0	74	0	2	3	4.34460e-03	-6.11751e-01	1.71221e+01
110	0	75	0	2	3	4.39469e-03	-5.96945e-01	1.59928e+01
110	0	76	0	2	3	3.48990e-03	-5.40347e-01	1.48575e+01
110	0	77	0	2	3	3.66452e-03	-5.51204e-01	1.56493e+01
110	0	78	0	2	3	4.47581e-03	-6.20162e-01	1.66120e+01
110	0	79	0	2	3	4.14630e-03	-5.82926e-01	1.58011e+01
110	0	80	0	2	3	4.05244e-03	-5.78979e-01	1.55900e+01
110	0	81	0	2	3	4.15919e-03	-5.76697e-01	1.56948e+01
110	0	82	0	2	3	4.36946e-03	-6.03310e-01	1.66090e+01
110	0	83	0	2	3	4.74529e-03	-6.26357e-01	1.74175e+01
110	0	84	0	2	3	3.83625e-03	-5.61791e-01	1.57345e+01
110	0	85	0	2	3	4.09041e-03	-5.77411e-01	1.61050e+01
110	0	86	0	2	3	4.59560e-03	-6.30742e-01	1.68454e+01
110	0	87	0	2	3	4.62025e-03	-6.28596e-01	1.83707e+01
110	0	88	0	2	3	3.63014e-03	-5.46196e-01	1.48794e+01
110	0	89	0	2	3	4.03480e-03	-5.76288e-01	1.56789e+01
110	0	90	0	2	3	4.16110e-03	-5.92160e-01	1.59032e+01
110	0	91	0	2	3	4.40259e-03	-6.10493e-01	1.69084e+01
110	0	92	0	2	3	3.87459e-03	-5.78975e-01	1.65445e+01
110	0	93	0	2	3	4.17700e-03	-5.82704e-01	1.65018e+01
110	0	94	0	2	3	4.17418e-03	-6.08802e-01	1.80534e+01
110	0	95	0	2	3	4.44249e-03	-6.11214e-01	1.67342e+01
110	0	96	0	2	3	3.72239e-03	-5.67610e-01	1.59804e+01
110	0	97	0	2	3	3.73577e-03	-5.53235e-01	1.57925e+01
110	0	98	0	2	3	4.22533e-03	-6.04098e-01	1.65655e+01
110	0	99	0	2	3	4.52251e-03	-6.07005e-01	1.63793e+01
110	0	100	0	2	3	3.82564e-03	-5.63855e-01	1.63270e+01
110	0	101	0	2	3	3.40642e-03	-5.32101e-01	1.53963e+01
110	0	102	0	2	3	4.62917e-03	-6.27725e-01	1.67591e+01
110	0	103	0	2	3	4.00033e-03	-5.79158e-01	1.68175e+01
110	0	104	0	2	3	4.01363e-03	-5.83466e-01	1.59025e+01
110	0	105	0	2	3	4.39012e-03	-5.99955e-01	1.69985e+01
110	0	106	0	2	3	4.46225e-03	-6.16443e-01	1.75390e+01
110	0	107	0	2	3	4.11343e-03	-5.81839e-01	1.62353e+01
110	0	108	0	2	3	3.93509e-03	-5.77888e-01	1.66445e+01
110	0	109	0	2	3	4.14406e-03	-5.86071e-01	1.67049e+01
110	0	110	0	2	3	4.08665e-03	-5.86902e-01	1.67574e+01
110	0	111	0	2	3	3.82456e-03	-5.73259e-01	1.66735e+01
110	0	112	0	2	3	3.77959e-03	-5.58794e-01	1.50397e+01
110	0	113	0	2	3	4.41366e-03	-5.99696e-01	1.68648e+01
110	0	114	0	2	3	4.56570e-03	-6.25829e-01	1.76266e+01
110	0	115	0	2	3	4.07975e-03	-5.80961e-01	1.66141e+01
110	0	116	0	2	3	3.79272e-03	-5.66799e-01	1.60960e+01
110	0	117	0	2	3	4.12511e-03	-5.81216e-01	1.65221e+01
110	0	118	0	2	3	4.30690e-03	-6.09803e-01	1.76134e+01
110	0	119	0	2	3	5.37313e-03	-6.60904e-01	1.69755e+01
110	0	120	0	2	3	3.89298e-03	-5.80094e-01	1.65412e+01
110	0	121	0	2	3	3.74228e-03	-5.53981e-01	1.48024e+01
110	0	122	0	2	3	3.92179e-03	-5.76748e-01	1.64971e+01
110	0	123	0	2	3	4.89888e-03	-6.38900e-01	1.79351e+01
110	0	124	0	2	3	2.80214e-03	-4.86050e-01	1.52731e+01
110	0	125	0	2	3	4.30367e-03	-5.84426e-01	1.46587e+01
110	0	126	0	2	3	3.49406e-03	-5.35250e-01	1.54741e+01
110	0	127	0	2	3	2.72998e-03	-4.86221e-01	1.40947e+01
110	0	128	0	2	3	2.57351e-03	-5.05549e-01	1.63835e+01
110	0	129	0	2	3	3.99474e-03	-5.96963e-01	1.65974e+01
110	0	130	0	2	3	2.69071e-03	-5.01358e-01	1.61447e+01
110	0	131	0	2	3	3.45142e-03	-5.41076e-01	1.64769e+01
110	0	132	0	2	3	4.08923e-03	-6.01831e-01	1.72478e+01
110	0	133	0	2	3	7.44760e-04	-3.45057e-01	1.30599e+01
110	0	134	0	2	3	3.07495e-03	-5.38184e-01	1.67978e+01
110	0	135	0	2	3	3.90609e-04	-3.32589e-01	1.24429e+01
110	0	136	0	2	3	2.47571e-03	-4.82222e-01	1.50356e+01
110	0	137	0	2	3	3.51993e-03	-5.77456e-01	1.70906e+01
110	0	138	0	2	3	-3.21804e-03	-5.90836e-02	8.11775e+00
110	0	139	0	2	3	-7.79654e-03	2.98470e-01	-1.58892e-01
110	0	140	0	2	3	-4.29417e-03	3.27932e-02	6.42578e+00
110	0	141	0	2	3	3.03956e-03	-5.23974e-01	1.55610e+01
110	0	142	0	2	3	4.93239e-03	-6.56103e-01	1.83888e+01
110	0	143	0	2	3	3.35158e-03	-5.32655e-01	1.57769e+01
110	0	144	0	2	3	4.55684e-03	-6.15522e-01	1.66687e+01
110	0	145	0	2	3	-6.42732e-03	2.00670e-01	1.63318e+00
110	0	146	0	2	3	2.52177e-03	-4.84733e-01	1.55388e+01
110	0	147	0	2	3	3.35044e-03	-5.32152e-01	1.54482e+01
110	0	148	0	2	3	4.21294e-03	-6.14447e-01	1.74129e+01
110	0	149	0	2	3	2.87966e-03	-5.06964e-01	1.50715e+01
110	0	150	0	2	3	-7.14065e-03	2.32124e-01	2.68645e+00
110	0	151	0	2	3	7.44412e-04	-3.63662e-01	1.35321e+01
110	0	152	0	2	3	-3.65865e-03	-3.61752e-02	7.22446e+00
110	0	153	0	2	3	2.38129e-03	-4.92671e-01	1.52135e+01
110	0	154	0	2	3	1.73453e-03	-4.42422e-01	1.45367e+01
110	0	155	0	2	3	3.10584e-03	-5.27299e-01	1.57336e+01
110	0	156	0	2	3	-1.86984e-02	1.10818e+00	-1.38297e+01
110	0	157	0	2	3	-2.43435e-02	1.55110e+00	-2.21230e+01
110	0	158	0	2	3	-1.44509e-02	7.69367e-01	-7.37324e+00
110	0	159	0	2	3	-9.22905e-03	3.92501e-01	-8.33055e-01
#######################################################################
# BFT D                                                               #
#######################################################################
110	1	0	0	2	3	-4.07783e-03	2.64343e-03	5.89359e+00
110	1	1	0	2	3	5.84418e-03	-7.14542e-01	1.93488e+01
110	1	2	0	2	3	3.89008e-03	-6.09451e-01	1.76449e+01
110	1	3	0	2	3	-7.52727e-04	-1.78400e-01	8.87799e+00
110	1	4	0	2	3	2.06530e-03	-4.50301e-01	1.41289e+01
110	1	5	0	2	3	3.96680e-03	-5.89259e-01	1.77287e+01
110	1	6	0	2	3	3.65896e-03	-5.52682e-01	1.55441e+01
110	1	7	0	2	3	1.56367e-03	-3.90602e-01	1.30077e+01
110	1	8	0	2	3	3.87496e-03	-5.70070e-01	1.62719e+01
110	1	9	0	2	3	-5.33301e-03	1.17419e-01	4.11352e+00
110	1	10	0	2	3	2.91213e-03	-5.04344e-01	1.39416e+01
110	1	11	0	2	3	2.62217e-03	-4.64813e-01	1.51222e+01
110	1	12	0	2	3	2.99227e-03	-5.10018e-01	1.44023e+01
110	1	13	0	2	3	3.47551e-03	-5.45734e-01	1.57305e+01
110	1	14	0	2	3	3.36658e-03	-5.47671e-01	1.50902e+01
110	1	15	0	2	3	3.97385e-03	-5.68173e-01	1.67919e+01
110	1	16	0	2	3	3.90333e-03	-5.76542e-01	1.57192e+01
110	1	17	0	2	3	3.83504e-03	-5.67212e-01	1.61935e+01
110	1	18	0	2	3	3.84281e-03	-5.73416e-01	1.60595e+01
110	1	19	0	2	3	3.71879e-03	-5.52185e-01	1.61616e+01
110	1	20	0	2	3	4.19522e-03	-6.10694e-01	1.68577e+01
110	1	21	0	2	3	3.36637e-03	-5.42205e-01	1.72631e+01
110	1	22	0	2	3	3.22862e-03	-5.19842e-01	1.45433e+01
110	1	23	0	2	3	3.47377e-03	-5.29139e-01	1.58941e+01
110	1	24	0	2	3	3.43177e-03	-5.51742e-01	1.63653e+01
110	1	25	0	2	3	4.32549e-03	-5.97258e-01	1.73292e+01
110	1	26	0	2	3	3.56193e-03	-5.54040e-01	1.60827e+01
110	1	27	0	2	3	3.43174e-03	-5.33460e-01	1.59030e+01
110	1	28	0	2	3	3.06159e-03	-5.19114e-01	1.55279e+01
110	1	29	0	2	3	2.63036e-03	-4.78421e-01	1.44575e+01
110	1	30	0	2	3	4.07177e-03	-5.85874e-01	1.58497e+01
110	1	31	0	2	3	4.33078e-03	-6.05934e-01	1.68101e+01
110	1	32	0	2	3	3.45028e-03	-5.41080e-01	1.62611e+01
110	1	33	0	2	3	3.09513e-03	-5.18043e-01	1.50812e+01
110	1	34	0	2	3	4.20385e-03	-5.89811e-01	1.54446e+01
110	1	35	0	2	3	3.63342e-03	-5.65332e-01	1.72151e+01
110	1	36	0	2	3	3.52389e-03	-5.39767e-01	1.57692e+01
110	1	37	0	2	3	3.50538e-03	-5.33482e-01	1.44362e+01
110	1	38	0	2	3	4.08345e-03	-5.82810e-01	1.67017e+01
110	1	39	0	2	3	3.76723e-03	-5.53803e-01	1.58082e+01
110	1	40	0	2	3	3.46123e-03	-5.33889e-01	1.54918e+01
110	1	41	0	2	3	3.77543e-03	-5.55343e-01	1.62560e+01
110	1	42	0	2	3	3.65736e-03	-5.47789e-01	1.52240e+01
110	1	43	0	2	3	4.06193e-03	-5.77159e-01	1.64340e+01
110	1	44	0	2	3	3.42292e-03	-5.41013e-01	1.58326e+01
110	1	45	0	2	3	3.77535e-03	-5.61804e-01	1.67082e+01
110	1	46	0	2	3	4.01842e-03	-5.83730e-01	1.55454e+01
110	1	47	0	2	3	4.30304e-03	-6.18399e-01	1.86951e+01
110	1	48	0	2	3	3.69976e-03	-5.56459e-01	1.57810e+01
110	1	49	0	2	3	3.65682e-03	-5.47979e-01	1.66609e+01
110	1	50	0	2	3	4.11191e-03	-5.88737e-01	1.63347e+01
110	1	51	0	2	3	4.33865e-03	-6.03825e-01	1.74250e+01
110	1	52	0	2	3	3.91594e-03	-5.82883e-01	1.55729e+01
110	1	53	0	2	3	3.55749e-03	-5.41853e-01	1.65271e+01
110	1	54	0	2	3	4.55386e-03	-6.27782e-01	1.72994e+01
110	1	55	0	2	3	3.97043e-03	-5.75946e-01	1.70155e+01
110	1	56	0	2	3	3.84698e-03	-5.82447e-01	1.66515e+01
110	1	57	0	2	3	3.76936e-03	-5.67429e-01	1.67144e+01
110	1	58	0	2	3	4.29382e-03	-6.15487e-01	1.81128e+01
110	1	59	0	2	3	5.07612e-03	-6.70235e-01	1.98340e+01
110	1	60	0	2	3	3.89561e-03	-5.77522e-01	1.63018e+01
110	1	61	0	2	3	4.11023e-03	-5.75007e-01	1.62562e+01
110	1	62	0	2	3	3.95469e-03	-5.80802e-01	1.53270e+01
110	1	63	0	2	3	4.54162e-03	-6.20990e-01	1.79456e+01
110	1	64	0	2	3	3.75170e-03	-5.64880e-01	1.63713e+01
110	1	65	0	2	3	4.18569e-03	-5.91878e-01	1.66665e+01
110	1	66	0	2	3	4.34539e-03	-6.15934e-01	1.70677e+01
110	1	67	0	2	3	4.25643e-03	-6.01097e-01	1.59684e+01
110	1	68	0	2	3	3.07862e-03	-5.10201e-01	1.48647e+01
110	1	69	0	2	3	4.02611e-03	-5.79928e-01	1.65535e+01
110	1	70	0	2	3	4.09613e-03	-5.89572e-01	1.66545e+01
110	1	71	0	2	3	3.92073e-03	-5.82931e-01	1.69577e+01
110	1	72	0	2	3	3.71160e-03	-5.58053e-01	1.56055e+01
110	1	73	0	2	3	4.05259e-03	-5.90287e-01	1.75716e+01
110	1	74	0	2	3	3.84917e-03	-5.71462e-01	1.50777e+01
110	1	75	0	2	3	4.17918e-03	-5.99909e-01	1.66753e+01
110	1	76	0	2	3	3.43366e-03	-5.38479e-01	1.51131e+01
110	1	77	0	2	3	3.86123e-03	-5.78608e-01	1.63510e+01
110	1	78	0	2	3	4.25472e-03	-6.00631e-01	1.55583e+01
110	1	79	0	2	3	4.24734e-03	-5.97881e-01	1.64950e+01
110	1	80	0	2	3	3.92765e-03	-5.71303e-01	1.55621e+01
110	1	81	0	2	3	4.08212e-03	-5.82068e-01	1.55074e+01
110	1	82	0	2	3	4.39725e-03	-6.08765e-01	1.71736e+01
110	1	83	0	2	3	4.26734e-03	-5.86419e-01	1.58316e+01
110	1	84	0	2	3	3.74641e-03	-5.53250e-01	1.47724e+01
110	1	85	0	2	3	3.60024e-03	-5.50144e-01	1.52882e+01
110	1	86	0	2	3	4.14416e-03	-5.94000e-01	1.67631e+01
110	1	87	0	2	3	4.21656e-03	-5.88638e-01	1.46867e+01
110	1	88	0	2	3	3.87347e-03	-5.72863e-01	1.61482e+01
110	1	89	0	2	3	4.00957e-03	-5.80503e-01	1.54648e+01
110	1	90	0	2	3	3.79324e-03	-5.66778e-01	1.51809e+01
110	1	91	0	2	3	3.72025e-03	-5.56111e-01	1.59006e+01
110	1	92	0	2	3	3.39890e-03	-5.32275e-01	1.49705e+01
110	1	93	0	2	3	4.08526e-03	-5.82109e-01	1.60050e+01
110	1	94	0	2	3	3.95389e-03	-5.82097e-01	1.66607e+01
110	1	95	0	2	3	4.09178e-03	-5.92284e-01	1.59932e+01
110	1	96	0	2	3	3.53700e-03	-5.42964e-01	1.48214e+01
110	1	97	0	2	3	3.81251e-03	-5.65714e-01	1.61941e+01
110	1	98	0	2	3	4.30391e-03	-6.18133e-01	1.75936e+01
110	1	99	0	2	3	4.21654e-03	-5.92658e-01	1.59722e+01
110	1	100	0	2	3	3.52613e-03	-5.35447e-01	1.52554e+01
110	1	101	0	2	3	3.86371e-03	-5.66957e-01	1.60720e+01
110	1	102	0	2	3	4.26721e-03	-6.09157e-01	1.65947e+01
110	1	103	0	2	3	4.37953e-03	-6.07119e-01	1.61924e+01
110	1	104	0	2	3	4.27437e-03	-5.97252e-01	1.63211e+01
110	1	105	0	2	3	3.76884e-03	-5.62794e-01	1.58240e+01
110	1	106	0	2	3	4.17081e-03	-5.99273e-01	1.72171e+01
110	1	107	0	2	3	4.23459e-03	-5.97068e-01	1.61887e+01
110	1	108	0	2	3	3.57132e-03	-5.50265e-01	1.62848e+01
110	1	109	0	2	3	3.32890e-03	-5.33842e-01	1.59035e+01
110	1	110	0	2	3	3.83182e-03	-5.76250e-01	1.60675e+01
110	1	111	0	2	3	4.23676e-03	-6.04035e-01	1.76361e+01
110	1	112	0	2	3	3.68741e-03	-5.59005e-01	1.65547e+01
110	1	113	0	2	3	4.34812e-03	-6.02442e-01	1.65921e+01
110	1	114	0	2	3	4.38717e-03	-6.11106e-01	1.62155e+01
110	1	115	0	2	3	5.27796e-03	-6.69588e-01	1.74554e+01
110	1	116	0	2	3	4.05626e-03	-5.91065e-01	1.74105e+01
110	1	117	0	2	3	3.93506e-03	-5.69019e-01	1.58549e+01
110	1	118	0	2	3	4.25761e-03	-5.97366e-01	1.54475e+01
110	1	119	0	2	3	4.59955e-03	-6.18540e-01	1.69404e+01
110	1	120	0	2	3	3.66638e-03	-5.54713e-01	1.63436e+01
110	1	121	0	2	3	3.42586e-03	-5.38261e-01	1.52738e+01
110	1	122	0	2	3	3.56417e-03	-5.56006e-01	1.68173e+01
110	1	123	0	2	3	6.18418e-03	-7.66821e-01	2.13097e+01
110	1	124	0	2	3	4.22533e-03	-5.90657e-01	1.56585e+01
110	1	125	0	2	3	2.66923e-03	-4.89241e-01	1.47923e+01
110	1	126	0	2	3	3.84702e-03	-5.69293e-01	1.60475e+01
110	1	127	0	2	3	3.84276e-03	-5.70085e-01	1.59790e+01
110	1	128	0	2	3	2.92476e-03	-5.36621e-01	1.63848e+01
110	1	129	0	2	3	3.18181e-03	-5.53641e-01	1.65928e+01
110	1	130	0	2	3	3.13732e-03	-5.35342e-01	1.61539e+01
110	1	131	0	2	3	4.71818e-03	-6.36480e-01	1.71496e+01
110	1	132	0	2	3	4.98017e-03	-6.72950e-01	1.87344e+01
110	1	133	0	2	3	5.02731e-03	-6.50360e-01	1.70813e+01
110	1	134	0	2	3	2.47875e-03	-5.01218e-01	1.57671e+01
110	1	135	0	2	3	2.01410e-03	-4.26510e-01	1.34252e+01
110	1	136	0	2	3	7.62720e-03	-8.61545e-01	2.22244e+01
110	1	137	0	2	3	7.29822e-04	-3.49305e-01	1.23475e+01
110	1	138	0	2	3	3.73985e-03	-5.73978e-01	1.63126e+01
110	1	139	0	2	3	2.72325e-03	-5.05335e-01	1.55021e+01
110	1	140	0	2	3	3.10901e-03	-5.31915e-01	1.64029e+01
110	1	141	0	2	3	1.96995e-03	-4.42113e-01	1.44749e+01
110	1	142	0	2	3	3.51136e-03	-5.63811e-01	1.67674e+01
110	1	143	0	2	3	1.88714e-03	-4.23734e-01	1.37282e+01
110	1	144	0	2	3	3.95010e-03	-5.88327e-01	1.74360e+01
110	1	145	0	2	3	1.81304e-03	-4.28829e-01	1.36374e+01
110	1	146	0	2	3	4.05148e-03	-5.86100e-01	1.70754e+01
110	1	147	0	2	3	2.23135e-03	-4.55792e-01	1.41235e+01
110	1	148	0	2	3	4.53374e-03	-6.24920e-01	1.73284e+01
110	1	149	0	2	3	4.71678e-03	-6.12033e-01	1.68178e+01
110	1	150	0	2	3	3.00647e-03	-5.26458e-01	1.59283e+01
110	1	151	0	2	3	6.06467e-03	-7.21216e-01	1.82833e+01
110	1	152	0	2	3	1.61101e-03	-4.25626e-01	1.46703e+01
110	1	153	0	2	3	-5.10379e-03	9.07031e-02	4.85995e+00
110	1	154	0	2	3	2.69511e-03	-5.08523e-01	1.54863e+01
110	1	155	0	2	3	4.03643e-03	-5.95755e-01	1.64577e+01
110	1	156	0	2	3	2.60357e-03	-4.80559e-01	1.45494e+01
110	1	157	0	2	3	-1.15211e-02	6.03841e-01	-5.34424e+00
110	1	158	0	2	3	2.17878e-03	-4.45248e-01	1.43426e+01
110	1	159	0	2	3	-3.14914e-03	-1.29640e-01	1.07135e+01
