##
#  file: HodoPHCParam_Dummy
#  date: 2016.06.15
#  note: first version
#
#
#######################################################################
# CId	PlId	Seg	UorD	Type	nParam	p0	p1	...
#
#	Type=0 no correction will be performed
#	Type=1 ct=t-p[0]/sqrt(a-p[1])+p[2]
#	Type=2 ct=p[0]*a*a + p[1]*a + p[2] for Fiber
#
#######################################################################
# BH1 Up                                                              #
#######################################################################
1	0	0	0	1	3	5.08705e+00	-1.98362e+00	2.93454e+00
1	0	1	0	1	3	6.69706e-01	2.91546e-01	8.10244e-01
1	0	2	0	1	3	5.01779e-01	3.94271e-01	6.64278e-01
1	0	3	0	1	3	7.45330e-01	1.66754e-01	8.56036e-01
1	0	4	0	1	3	8.52890e-01	8.60054e-02	9.27134e-01
1	0	5	0	1	3	1.69981e+00	-1.50393e-01	1.62794e+00
1	0	6	0	1	3	1.58582e+00	-2.35346e-01	1.46587e+00
1	0	7	0	1	3	1.61970e+00	-1.46184e-01	1.54504e+00
1	0	8	0	1	3	1.37546e+00	-2.52696e-01	1.28233e+00
1	0	9	0	1	3	1.74814e+00	-2.76223e-01	1.64100e+00
1	0	10	0	1	3	1.60339e+01	-4.62629e+00	6.81205e+00
#######################################################################
# BH1 Down                                                            #
#######################################################################
1	0	0	1	1	3	1.33519e+00	-9.13138e-02	1.27257e+00
1	0	1	1	1	3	6.24909e-01	2.88647e-01	7.65429e-01
1	0	2	1	1	3	6.68954e-01	2.21542e-01	7.45264e-01
1	0	3	1	1	3	1.32364e+00	-4.57464e-01	1.08318e+00
1	0	4	1	1	3	1.18002e+00	-7.91080e-02	1.17008e+00
1	0	5	1	1	3	2.07299e+00	-4.79828e-01	1.70935e+00
1	0	6	1	1	3	1.96000e+00	-5.20196e-01	1.63958e+00
1	0	7	1	1	3	1.89852e+00	-4.50289e-01	1.60743e+00
1	0	8	1	1	3	1.02469e+00	-6.73213e-02	1.04734e+00
1	0	9	1	1	3	1.64894e+00	-1.85977e-01	1.61292e+00
1	0	10	1	1	3	7.15603e-01	2.22738e-01	8.54972e-01
#######################################################################
# BH2 Up                                                              #
#######################################################################
2	0	0	0	1	3	1.43047e-01	2.98695e-01	2.00085e-01
2	0	1	0	1	3	8.79554e-01	-2.31747e-01	7.85839e-01
2	0	2	0	1	3	5.94572e-01	-4.97541e-01	4.68956e-01
2	0	3	0	1	3	1.91725e-01	3.94747e-02	1.91115e-01
2	0	4	0	1	3	3.31184e-01	-9.38469e-02	3.15823e-01
2	0	5	0	1	3	1.99769e-01	2.70254e-01	2.37321e-01
2	0	6	0	1	3	2.58948e-01	2.41832e-01	3.10133e-01
2	0	7	0	1	3	3.50426e-01	8.80094e-02	3.70898e-01
#######################################################################
# BH2 Down                                                            #
#######################################################################
2	0	0	1	1	3	3.94607e-01	-1.85207e-01	3.84440e-01
2	0	1	1	1	3	9.92155e-01	-3.85817e-01	8.32122e-01
2	0	2	1	1	3	4.10986e-01	-9.27803e-02	3.90143e-01
2	0	3	1	1	3	1.76416e-01	4.84160e-02	1.75490e-01
2	0	4	1	1	3	2.42956e-01	1.23979e-01	2.64593e-01
2	0	5	1	1	3	3.57967e-01	4.32013e-02	3.63973e-01
2	0	6	1	1	3	1.22093e+00	-6.67168e-01	9.30075e-01
2	0	7	1	1	3	2.92156e-01	-4.36810e-03	2.98702e-01
#######################################################################
# BAC                                                                 #
#######################################################################
3	0	0	0	1	3	0.00000e+00	0.00000e+00	0.00000e+00
3	0	1	0	1	3	0.00000e+00	0.00000e+00	0.00000e+00
#######################################################################
# FBH Up                                                              #
#######################################################################
4	0	0	0	2	3	-5.62952e-03	8.96903e-01	-3.53273e+01
4	0	1	0	2	3	-4.29399e-03	7.37975e-01	-3.00049e+01
4	0	2	0	2	3	-5.26894e-03	8.67305e-01	-3.38992e+01
4	0	3	0	2	3	-3.80183e-03	6.69237e-01	-2.72260e+01
4	0	4	0	2	3	-4.35014e-03	7.35785e-01	-2.92008e+01
4	0	5	0	2	3	-4.02541e-03	6.86907e-01	-2.70312e+01
4	0	6	0	2	3	-4.16660e-03	7.08229e-01	-2.81512e+01
4	0	7	0	2	3	-3.93117e-03	6.84759e-01	-2.69101e+01
4	0	8	0	2	3	-4.14423e-03	6.96902e-01	-2.65883e+01
4	0	9	0	2	3	-2.83372e-03	5.62925e-01	-2.20787e+01
4	0	10	0	2	3	-4.07944e-03	7.09420e-01	-2.75603e+01
4	0	11	0	2	3	-3.50961e-03	6.50113e-01	-2.64167e+01
4	0	12	0	2	3	-3.52415e-03	6.49734e-01	-2.67232e+01
4	0	13	0	2	3	-4.13420e-03	7.26957e-01	-2.99675e+01
4	0	14	0	2	3	-4.90315e-03	8.27563e-01	-3.35630e+01
4	0	15	0	2	3	-4.73048e-03	8.13189e-01	-3.31901e+01
#######################################################################
# FBH Down                                                            #
#######################################################################
4	0	0	1	2	3	-5.62952e-03	8.96903e-01	-3.53273e+01
4	0	1	1	2	3	-4.29399e-03	7.37975e-01	-3.00049e+01
4	0	2	1	2	3	-5.26894e-03	8.67305e-01	-3.38992e+01
4	0	3	1	2	3	-3.80183e-03	6.69237e-01	-2.72260e+01
4	0	4	1	2	3	-4.35014e-03	7.35785e-01	-2.92008e+01
4	0	5	1	2	3	-4.02541e-03	6.86907e-01	-2.70312e+01
4	0	6	1	2	3	-4.16660e-03	7.08229e-01	-2.81512e+01
4	0	7	1	2	3	-3.93117e-03	6.84759e-01	-2.69101e+01
4	0	8	1	2	3	-4.14423e-03	6.96902e-01	-2.65883e+01
4	0	9	1	2	3	-2.83372e-03	5.62925e-01	-2.20787e+01
4	0	10	1	2	3	-4.07944e-03	7.09420e-01	-2.75603e+01
4	0	11	1	2	3	-3.50961e-03	6.50113e-01	-2.64167e+01
4	0	12	1	2	3	-3.52415e-03	6.49734e-01	-2.67232e+01
4	0	13	1	2	3	-4.13420e-03	7.26957e-01	-2.99675e+01
4	0	14	1	2	3	-4.90315e-03	8.27563e-01	-3.35630e+01
4	0	15	1	2	3	-4.73048e-03	8.13189e-01	-3.31901e+01
#######################################################################
# PVAC                                                                #
#######################################################################
5	0	0	0	1	3	0.00000e+00	0.00000e+00	0.00000e+00
#######################################################################
# FAC                                                                 #
#######################################################################
6	0	0	0	1	3	0.00000e+00	0.00000e+00	0.00000e+00
#######################################################################
# SCH                                                                 #
#######################################################################
#7	0	0	0	2	3	-0.00500000	0.821213	-32.185321
#7	0	1	0	2	3	-0.00500000	0.830248	-32.269563
#7	0	2	0	2	3	-0.00500000	0.793073	-29.315934
#7	0	3	0	2	3	-0.00500000	0.772144	-28.276705
#7	0	4	0	2	3	-0.00500000	0.801968	-30.687167
#7	0	5	0	2	3	-0.00500000	0.778300	-28.439251
#7	0	6	0	2	3	-0.00500000	0.765872	-27.918181
#7	0	7	0	2	3	-0.00500000	0.738459	-26.016797
#7	0	8	0	2	3	-0.00500000	0.778318	-28.676371
#7	0	9	0	2	3	-0.00500000	0.776670	-28.892887
#7	0	10	0	2	3	-0.00500000	0.764278	-28.122474
#7	0	11	0	2	3	-0.00500000	0.790742	-29.423647
#7	0	12	0	2	3	-0.00500000	0.811330	-30.487019
#7	0	13	0	2	3	-0.00500000	0.818750	-30.891512
#7	0	14	0	2	3	-0.00500000	0.802541	-30.009136
#7	0	15	0	2	3	-0.00500000	0.809525	-30.751746
#7	0	16	0	2	3	-0.00500000	0.802597	-30.845509
#7	0	17	0	2	3	-0.00500000	0.835028	-32.780792
#7	0	18	0	2	3	-0.00500000	0.859176	-33.938731
#7	0	19	0	2	3	-0.00500000	0.814851	-31.445396
#7	0	20	0	2	3	-0.00500000	0.809426	-30.781087
#7	0	21	0	2	3	-0.00500000	0.780678	-28.888756
#7	0	22	0	2	3	-0.00500000	0.808206	-30.719604
#7	0	23	0	2	3	-0.00500000	0.774024	-27.858339
#7	0	24	0	2	3	-0.00500000	0.794308	-29.022101
#7	0	25	0	2	3	-0.00500000	0.775649	-27.980186
#7	0	26	0	2	3	-0.00500000	0.788483	-28.687567
#7	0	27	0	2	3	-0.00466315	0.771386	-29.253260
#7	0	28	0	2	3	-0.00483132	0.790854	-28.637741
#7	0	29	0	2	3	-0.00497049	0.812994	-30.786914
#7	0	30	0	2	3	-0.00500000	0.787793	-28.362716
#7	0	31	0	2	3	-0.00500000	0.790759	-28.876812
#7	0	32	0	2	3	-0.00500000	0.824826	-31.655285
#7	0	33	0	2	3	-0.00500000	0.845304	-33.407765
#7	0	34	0	2	3	-0.00500000	0.832263	-32.939799
#7	0	35	0	2	3	-0.00500000	0.820631	-31.695372
#7	0	36	0	2	3	-0.00500000	0.836997	-33.200590
#7	0	37	0	2	3	-0.00500000	0.819690	-32.097193
#7	0	38	0	2	3	-0.00500000	0.808109	-31.263214
#7	0	39	0	2	3	-0.00500000	0.815224	-31.135523
#7	0	40	0	2	3	-0.00500000	0.803398	-29.897923
#7	0	41	0	2	3	-0.00500000	0.815685	-31.165519
#7	0	42	0	2	3	-0.00500000	0.812980	-30.737261
#7	0	43	0	2	3	-0.00500000	0.829418	-32.693307
#7	0	44	0	2	3	-0.00500000	0.789530	-29.464920
#7	0	45	0	2	3	-0.00500000	0.804789	-31.208151
#7	0	46	0	2	3	-0.00500000	0.830106	-32.806514
#7	0	47	0	2	3	-0.00500000	0.819206	-31.373242
#7	0	48	0	2	3	-0.00500000	0.816165	-31.709319
#7	0	49	0	2	3	-0.00500000	0.798496	-30.201709
#7	0	50	0	2	3	-0.00500000	0.812167	-31.795745
#7	0	51	0	2	3	-0.00500000	0.810749	-31.375226
#7	0	52	0	2	3	-0.00500000	0.803385	-31.372512
#7	0	53	0	2	3	-0.00500000	0.777405	-29.262831
#7	0	54	0	2	3	-0.00500000	0.783954	-29.763410
#7	0	55	0	2	3	-0.00500000	0.789443	-29.976449
#7	0	56	0	2	3	-0.00500000	0.838828	-33.261086
#7	0	57	0	2	3	-0.00500000	0.804421	-30.573195
#7	0	58	0	2	3	-0.00500000	0.773283	-29.111048
#7	0	59	0	2	3	-0.00500000	0.811789	-31.449459
#7	0	60	0	2	3	-0.00500000	0.759724	-28.110014
#7	0	61	0	2	3	-0.00500000	0.810884	-31.379063
#7	0	62	0	2	3	-0.00500000	0.771910	-28.435006
#7	0	63	0	2	3	-0.00500000	0.796658	-30.511906
#######################################################################
# TOF Up                                                              #
#######################################################################
7	0	0	0	1	3	5.24830e+00	-1.96630e+00	2.96170e+00
7	0	1	0	1	3	5.24830e+00	-1.96630e+00	2.96170e+00
7	0	2	0	1	3	5.24830e+00	-1.96630e+00	2.96170e+00
7	0	3	0	1	3	5.24830e+00	-1.96630e+00	2.96170e+00
7	0	4	0	1	3	5.24830e+00	-1.96630e+00	2.96170e+00
7	0	5	0	1	3	5.24830e+00	-1.96630e+00	2.96170e+00
7	0	6	0	1	3	6.97090e+00	-3.03520e+00	3.39910e+00
7	0	7	0	1	3	4.05450e+00	-1.96150e+00	2.30360e+00
7	0	8	0	1	3	1.16940e+02	-2.98600e+01	2.09880e+01
7	0	9	0	1	3	5.24830e+00	-1.96630e+00	2.96170e+00
7	0	10	0	1	3	5.24830e+00	-1.96630e+00	2.96170e+00
7	0	11	0	1	3	5.24830e+00	-1.96630e+00	2.96170e+00
7	0	12	0	1	3	5.24830e+00	-1.96630e+00	2.96170e+00
7	0	13	0	1	3	5.24830e+00	-1.96630e+00	2.96170e+00
7	0	14	0	1	3	5.24830e+00	-1.96630e+00	2.96170e+00
7	0	15	0	1	3	5.24830e+00	-1.96630e+00	2.96170e+00
7	0	16	0	1	3	5.24830e+00	-1.96630e+00	2.96170e+00
7	0	17	0	1	3	5.24830e+00	-1.96630e+00	2.96170e+00
7	0	18	0	1	3	5.24830e+00	-1.96630e+00	2.96170e+00
7	0	19	0	1	3	7.11491e-01	1.85180e-03	5.82402e-01
7	0	20	0	1	3	5.59404e-01	-1.73810e-03	4.50716e-01
7	0	21	0	1	3	8.92499e-01	1.99900e-03	7.37364e-01
7	0	22	0	1	3	6.37553e-01	1.99960e-03	5.45449e-01
7	0	23	0	1	3	1.19210e+00	1.98920e-03	9.99994e-01
#######################################################################
# TOF Down                                                            #
#######################################################################
7	0	0	1	1	3	5.84300e+00	-2.30730e+00	3.11320e+00
7	0	1	1	1	3	5.84300e+00	-2.30730e+00	3.11320e+00
7	0	2	1	1	3	5.84300e+00	-2.30730e+00	3.11320e+00
7	0	3	1	1	3	5.84300e+00	-2.30730e+00	3.11320e+00
7	0	4	1	1	3	5.84300e+00	-2.30730e+00	3.11320e+00
7	0	5	1	1	3	5.84300e+00	-2.30730e+00	3.11320e+00
7	0	6	1	1	3	1.41330e+01	-5.81170e+00	5.32680e+00
7	0	7	1	1	3	7.84850e+01	-2.02870e+01	1.69500e+01
7	0	8	1	1	3	2.20240e+02	-3.62440e+01	3.60080e+01
7	0	9	1	1	3	5.84300e+00	-2.30730e+00	3.11320e+00
7	0	10	1	1	3	5.84300e+00	-2.30730e+00	3.11320e+00
7	0	11	1	1	3	5.84300e+00	-2.30730e+00	3.11320e+00
7	0	12	1	1	3	5.84300e+00	-2.30730e+00	3.11320e+00
7	0	13	1	1	3	5.84300e+00	-2.30730e+00	3.11320e+00
7	0	14	1	1	3	5.84300e+00	-2.30730e+00	3.11320e+00
7	0	15	1	1	3	5.84300e+00	-2.30730e+00	3.11320e+00
7	0	16	1	1	3	5.84300e+00	-2.30730e+00	3.11320e+00
7	0	17	1	1	3	5.84300e+00	-2.30730e+00	3.11320e+00
7	0	18	1	1	3	5.84300e+00	-2.30730e+00	3.11320e+00
7	0	19	1	1	3	6.18741e-01	1.99860e-03	4.90831e-01
7	0	20	1	1	3	5.75901e-01	1.04210e-03	4.72509e-01
7	0	21	1	1	3	9.41046e-01	1.99890e-03	7.79357e-01
7	0	22	1	1	3	4.84266e-01	-1.95590e-03	3.99786e-01
7	0	23	1	1	3	8.97714e-01	1.99860e-03	7.56300e-01
#######################################################################
# BFT U                                                               #
#######################################################################
110	0	0	0	2	3	5.06062e-03	-6.52298e-01	1.64512e+01
110	0	1	0	2	3	4.26660e-03	-5.86908e-01	1.51733e+01
110	0	2	0	2	3	3.92515e-03	-5.74550e-01	1.49201e+01
110	0	3	0	2	3	3.65287e-03	-5.42282e-01	1.32681e+01
110	0	4	0	2	3	3.58126e-03	-5.42914e-01	1.46260e+01
110	0	5	0	2	3	2.77242e-03	-4.69815e-01	1.35071e+01
110	0	6	0	2	3	4.19958e-03	-5.92169e-01	1.48487e+01
110	0	7	0	2	3	4.37799e-03	-5.88731e-01	1.53476e+01
110	0	8	0	2	3	4.46765e-03	-6.06745e-01	1.51831e+01
110	0	9	0	2	3	3.90435e-03	-5.67397e-01	1.60642e+01
110	0	10	0	2	3	3.89832e-03	-5.64521e-01	1.36370e+01
110	0	11	0	2	3	4.40422e-03	-5.93541e-01	1.63667e+01
110	0	12	0	2	3	3.57117e-03	-5.44280e-01	1.36747e+01
110	0	13	0	2	3	3.09627e-03	-4.99343e-01	1.46216e+01
110	0	14	0	2	3	3.94071e-03	-5.65285e-01	1.37794e+01
110	0	15	0	2	3	3.96555e-03	-5.74710e-01	1.62205e+01
110	0	16	0	2	3	3.67073e-03	-5.54536e-01	1.36788e+01
110	0	17	0	2	3	3.69646e-03	-5.43030e-01	1.50436e+01
110	0	18	0	2	3	4.17607e-03	-5.86370e-01	1.40746e+01
110	0	19	0	2	3	4.50854e-03	-6.11642e-01	1.44164e+01
110	0	20	0	2	3	3.52142e-03	-5.34280e-01	1.36427e+01
110	0	21	0	2	3	3.04669e-03	-4.97490e-01	1.55330e+01
110	0	22	0	2	3	3.79651e-03	-5.62089e-01	1.41538e+01
110	0	23	0	2	3	4.80256e-03	-6.19140e-01	1.64169e+01
110	0	24	0	2	3	4.10205e-03	-5.77571e-01	1.47613e+01
110	0	25	0	2	3	3.42459e-03	-5.18261e-01	1.50912e+01
110	0	26	0	2	3	4.38664e-03	-6.09647e-01	1.61285e+01
110	0	27	0	2	3	4.83548e-03	-6.14572e-01	1.61019e+01
110	0	28	0	2	3	3.58115e-03	-5.42612e-01	1.23167e+01
110	0	29	0	2	3	4.09339e-03	-5.67082e-01	1.49397e+01
110	0	30	0	2	3	4.88081e-03	-6.38929e-01	1.53233e+01
110	0	31	0	2	3	4.88686e-03	-6.31281e-01	1.66557e+01
110	0	32	0	2	3	3.55222e-03	-5.50947e-01	1.42096e+01
110	0	33	0	2	3	3.82881e-03	-5.36089e-01	1.31866e+01
110	0	34	0	2	3	4.51958e-03	-6.10332e-01	1.48478e+01
110	0	35	0	2	3	4.99363e-03	-6.49353e-01	1.70727e+01
110	0	36	0	2	3	3.59271e-03	-5.35714e-01	1.33770e+01
110	0	37	0	2	3	4.38205e-03	-6.00204e-01	1.70644e+01
110	0	38	0	2	3	3.97184e-03	-5.64031e-01	1.33633e+01
110	0	39	0	2	3	4.59056e-03	-6.08806e-01	1.58926e+01
110	0	40	0	2	3	3.92956e-03	-5.59401e-01	1.36762e+01
110	0	41	0	2	3	3.52003e-03	-5.30457e-01	1.55917e+01
110	0	42	0	2	3	4.12885e-03	-5.79095e-01	1.46474e+01
110	0	43	0	2	3	4.40378e-03	-6.06978e-01	1.66770e+01
110	0	44	0	2	3	3.96213e-03	-5.72989e-01	1.41923e+01
110	0	45	0	2	3	3.94699e-03	-5.58141e-01	1.55854e+01
110	0	46	0	2	3	4.41810e-03	-6.12427e-01	1.50975e+01
110	0	47	0	2	3	4.57564e-03	-6.17556e-01	1.78711e+01
110	0	48	0	2	3	3.53628e-03	-5.35229e-01	1.24090e+01
110	0	49	0	2	3	4.44619e-03	-5.97569e-01	1.67565e+01
110	0	50	0	2	3	4.61452e-03	-6.14781e-01	1.52275e+01
110	0	51	0	2	3	4.59513e-03	-6.11569e-01	1.59575e+01
110	0	52	0	2	3	3.57008e-03	-5.36635e-01	1.30000e+01
110	0	53	0	2	3	4.46948e-03	-5.98352e-01	1.55596e+01
110	0	54	0	2	3	4.41604e-03	-6.02213e-01	1.46277e+01
110	0	55	0	2	3	4.21942e-03	-5.84312e-01	1.63681e+01
110	0	56	0	2	3	4.15998e-03	-5.94627e-01	1.55446e+01
110	0	57	0	2	3	4.29489e-03	-5.86984e-01	1.60103e+01
110	0	58	0	2	3	4.02111e-03	-5.76876e-01	1.52779e+01
110	0	59	0	2	3	4.27839e-03	-6.03471e-01	1.67518e+01
110	0	60	0	2	3	4.10600e-03	-5.86686e-01	1.40594e+01
110	0	61	0	2	3	3.48503e-03	-5.28370e-01	1.46834e+01
110	0	62	0	2	3	4.52595e-03	-6.09040e-01	1.46297e+01
110	0	63	0	2	3	4.38188e-03	-5.98190e-01	1.48830e+01
110	0	64	0	2	3	3.82228e-03	-5.65157e-01	1.42782e+01
110	0	65	0	2	3	4.15754e-03	-5.82762e-01	1.56678e+01
110	0	66	0	2	3	4.66636e-03	-6.36560e-01	1.68242e+01
110	0	67	0	2	3	3.85344e-03	-5.64475e-01	1.55532e+01
110	0	68	0	2	3	4.17608e-03	-6.01753e-01	1.55341e+01
110	0	69	0	2	3	3.82636e-03	-5.55418e-01	1.46889e+01
110	0	70	0	2	3	4.50207e-03	-6.28771e-01	1.49822e+01
110	0	71	0	2	3	4.54000e-03	-6.14550e-01	1.61893e+01
110	0	72	0	2	3	3.72672e-03	-5.64194e-01	1.36478e+01
110	0	73	0	2	3	4.44932e-03	-6.08283e-01	1.54676e+01
110	0	74	0	2	3	4.69326e-03	-6.40970e-01	1.61250e+01
110	0	75	0	2	3	4.49377e-03	-6.05999e-01	1.56446e+01
110	0	76	0	2	3	3.53677e-03	-5.43659e-01	1.33177e+01
110	0	77	0	2	3	3.75621e-03	-5.54709e-01	1.50601e+01
110	0	78	0	2	3	4.11140e-03	-5.95644e-01	1.46070e+01
110	0	79	0	2	3	4.18161e-03	-5.85191e-01	1.52443e+01
110	0	80	0	2	3	3.93038e-03	-5.68782e-01	1.47511e+01
110	0	81	0	2	3	4.01706e-03	-5.64638e-01	1.48415e+01
110	0	82	0	2	3	4.48295e-03	-6.11059e-01	1.51074e+01
110	0	83	0	2	3	4.74983e-03	-6.27397e-01	1.58508e+01
110	0	84	0	2	3	3.88147e-03	-5.65268e-01	1.41438e+01
110	0	85	0	2	3	4.20469e-03	-5.86038e-01	1.56373e+01
110	0	86	0	2	3	4.63012e-03	-6.35753e-01	1.53285e+01
110	0	87	0	2	3	4.60370e-03	-6.28213e-01	1.67554e+01
110	0	88	0	2	3	3.95591e-03	-5.68982e-01	1.45939e+01
110	0	89	0	2	3	4.21578e-03	-5.88670e-01	1.52674e+01
110	0	90	0	2	3	4.34662e-03	-6.06013e-01	1.44903e+01
110	0	91	0	2	3	4.67702e-03	-6.30875e-01	1.56308e+01
110	0	92	0	2	3	3.92201e-03	-5.83939e-01	1.49662e+01
110	0	93	0	2	3	4.14158e-03	-5.78953e-01	1.47620e+01
110	0	94	0	2	3	4.36522e-03	-6.25114e-01	1.67155e+01
110	0	95	0	2	3	4.69975e-03	-6.27783e-01	1.63433e+01
110	0	96	0	2	3	3.72103e-03	-5.68391e-01	1.43076e+01
110	0	97	0	2	3	4.14484e-03	-5.82208e-01	1.56352e+01
110	0	98	0	2	3	4.45413e-03	-6.22861e-01	1.52409e+01
110	0	99	0	2	3	4.67318e-03	-6.20290e-01	1.59936e+01
110	0	100	0	2	3	3.69353e-03	-5.60948e-01	1.46875e+01
110	0	101	0	2	3	4.09646e-03	-5.81945e-01	1.55849e+01
110	0	102	0	2	3	4.26230e-03	-6.05159e-01	1.57200e+01
110	0	103	0	2	3	4.48600e-03	-6.11477e-01	1.56472e+01
110	0	104	0	2	3	4.28255e-03	-6.03785e-01	1.45402e+01
110	0	105	0	2	3	4.07269e-03	-5.78947e-01	1.49691e+01
110	0	106	0	2	3	4.52183e-03	-6.23509e-01	1.60119e+01
110	0	107	0	2	3	4.71587e-03	-6.21692e-01	1.51745e+01
110	0	108	0	2	3	3.83956e-03	-5.74830e-01	1.49018e+01
110	0	109	0	2	3	4.08822e-03	-5.82430e-01	1.49525e+01
110	0	110	0	2	3	4.58005e-03	-6.25211e-01	1.57569e+01
110	0	111	0	2	3	4.50036e-03	-6.22499e-01	1.58679e+01
110	0	112	0	2	3	3.97266e-03	-5.69941e-01	1.34174e+01
110	0	113	0	2	3	4.23395e-03	-5.87844e-01	1.49411e+01
110	0	114	0	2	3	4.38422e-03	-6.12766e-01	1.56580e+01
110	0	115	0	2	3	5.29727e-03	-6.67401e-01	1.63985e+01
110	0	116	0	2	3	4.23780e-03	-5.99449e-01	1.49057e+01
110	0	117	0	2	3	3.89659e-03	-5.68552e-01	1.56601e+01
110	0	118	0	2	3	4.83590e-03	-6.49755e-01	1.65773e+01
110	0	119	0	2	3	4.56066e-03	-6.11883e-01	1.45182e+01
110	0	120	0	2	3	4.41221e-03	-6.21892e-01	1.55738e+01
110	0	121	0	2	3	4.59223e-03	-6.08631e-01	1.39109e+01
110	0	122	0	2	3	3.92343e-03	-5.88984e-01	1.61788e+01
110	0	123	0	2	3	4.32996e-03	-6.03277e-01	1.56428e+01
110	0	124	0	2	3	3.67464e-03	-5.56624e-01	1.47840e+01
110	0	125	0	2	3	3.94794e-03	-5.54608e-01	1.22873e+01
110	0	126	0	2	3	4.52967e-03	-6.11449e-01	1.50362e+01
110	0	127	0	2	3	4.45149e-03	-6.01579e-01	1.51344e+01
110	0	128	0	2	3	3.90305e-03	-6.14124e-01	1.67241e+01
110	0	129	0	2	3	3.63309e-03	-5.74180e-01	1.53846e+01
110	0	130	0	2	3	3.21186e-03	-5.54537e-01	1.55339e+01
110	0	131	0	2	3	5.73284e-03	-7.10427e-01	1.77817e+01
110	0	132	0	2	3	3.84851e-03	-5.85944e-01	1.61798e+01
110	0	133	0	2	3	6.05879e-03	-7.35241e-01	1.83054e+01
110	0	134	0	2	3	4.94812e-03	-6.68761e-01	1.71513e+01
110	0	135	0	2	3	3.30778e-03	-5.40524e-01	1.41906e+01
110	0	136	0	2	3	5.18854e-03	-6.69531e-01	1.62587e+01
110	0	137	0	2	3	3.80368e-03	-5.84433e-01	1.61424e+01
110	0	138	0	2	3	3.37685e-03	-5.40525e-01	1.48126e+01
110	0	139	0	2	3	3.84354e-03	-5.84271e-01	1.45292e+01
110	0	140	0	2	3	5.73883e-03	-7.15787e-01	1.83041e+01
110	0	141	0	2	3	4.05420e-03	-6.16502e-01	1.58226e+01
110	0	142	0	2	3	5.51310e-03	-7.24467e-01	1.83698e+01
110	0	143	0	2	3	3.61486e-03	-5.79056e-01	1.53157e+01
110	0	144	0	2	3	1.79400e-03	-4.29362e-01	1.18131e+01
110	0	145	0	2	3	4.22171e-03	-5.90582e-01	1.42884e+01
110	0	146	0	2	3	1.47422e-03	-4.14428e-01	1.25089e+01
110	0	147	0	2	3	4.31143e-03	-6.00163e-01	1.58537e+01
110	0	148	0	2	3	3.18254e-03	-5.13341e-01	1.33215e+01
110	0	149	0	2	3	1.44457e-03	-4.05135e-01	1.24844e+01
110	0	150	0	2	3	5.26361e-03	-6.77206e-01	1.72806e+01
110	0	151	0	2	3	2.79776e-03	-5.18021e-01	1.45836e+01
110	0	152	0	2	3	4.69781e-03	-6.43475e-01	1.71178e+01
110	0	153	0	2	3	-6.79527e-03	2.25959e-01	6.23136e-01
110	0	154	0	2	3	1.66593e-03	-4.29107e-01	1.24746e+01
110	0	155	0	2	3	4.91356e-03	-6.55713e-01	1.51917e+01
110	0	156	0	2	3	-8.93808e-03	4.00138e-01	-2.97972e+00
110	0	157	0	2	3	-9.08706e-03	4.04067e-01	-2.68694e+00
110	0	158	0	2	3	1.13010e-04	-3.23837e-01	1.08461e+01
110	0	159	0	2	3	1.95263e-03	-4.59459e-01	1.35371e+01
#######################################################################
# BFT D                                                               #
#######################################################################
110	1	0	0	2	3	3.31352e-03	-5.28983e-01	1.58401e+01
110	1	1	0	2	3	4.54589e-03	-6.18320e-01	1.69544e+01
110	1	2	0	2	3	4.09307e-03	-5.90173e-01	1.60243e+01
110	1	3	0	2	3	2.93104e-03	-5.06692e-01	1.55330e+01
110	1	4	0	2	3	3.10739e-03	-5.20731e-01	1.48242e+01
110	1	5	0	2	3	3.71661e-03	-5.60052e-01	1.64768e+01
110	1	6	0	2	3	2.46770e-03	-4.79309e-01	1.30261e+01
110	1	7	0	2	3	3.23782e-03	-5.17012e-01	1.49693e+01
110	1	8	0	2	3	3.53026e-03	-5.50631e-01	1.56179e+01
110	1	9	0	2	3	2.22328e-03	-4.62299e-01	1.57836e+01
110	1	10	0	2	3	3.92048e-03	-5.80854e-01	1.59609e+01
110	1	11	0	2	3	4.20739e-03	-6.00683e-01	1.65762e+01
110	1	12	0	2	3	3.37880e-03	-5.38914e-01	1.45052e+01
110	1	13	0	2	3	3.10500e-03	-5.10744e-01	1.54840e+01
110	1	14	0	2	3	3.54229e-03	-5.58280e-01	1.47360e+01
110	1	15	0	2	3	4.07403e-03	-5.83611e-01	1.67542e+01
110	1	16	0	2	3	3.34482e-03	-5.41178e-01	1.47409e+01
110	1	17	0	2	3	4.26833e-03	-5.97332e-01	1.62694e+01
110	1	18	0	2	3	4.72021e-03	-6.34629e-01	1.56820e+01
110	1	19	0	2	3	-1.05086e-03	-1.95358e-01	9.13116e+00
110	1	20	0	2	3	3.85261e-03	-5.78955e-01	1.56822e+01
110	1	21	0	2	3	-2.51269e-05	-2.75363e-01	1.16356e+01
110	1	22	0	2	3	3.95067e-03	-5.71775e-01	1.49841e+01
110	1	23	0	2	3	2.87878e-03	-4.88698e-01	1.47823e+01
110	1	24	0	2	3	3.72798e-03	-5.68797e-01	1.61139e+01
110	1	25	0	2	3	4.15980e-03	-5.85958e-01	1.67091e+01
110	1	26	0	2	3	3.92711e-03	-5.82749e-01	1.52136e+01
110	1	27	0	2	3	3.17837e-03	-5.11313e-01	1.60039e+01
110	1	28	0	2	3	3.48002e-03	-5.54789e-01	1.58131e+01
110	1	29	0	2	3	3.39969e-03	-5.32728e-01	1.59390e+01
110	1	30	0	2	3	4.21020e-03	-6.01342e-01	1.57952e+01
110	1	31	0	2	3	3.92368e-03	-5.77757e-01	1.69088e+01
110	1	32	0	2	3	2.93364e-03	-5.09168e-01	1.53857e+01
110	1	33	0	2	3	3.52969e-03	-5.51287e-01	1.53026e+01
110	1	34	0	2	3	4.12147e-03	-5.83289e-01	1.48896e+01
110	1	35	0	2	3	3.75371e-03	-5.68124e-01	1.67431e+01
110	1	36	0	2	3	4.03841e-03	-5.79017e-01	1.60682e+01
110	1	37	0	2	3	3.77788e-03	-5.56468e-01	1.44858e+01
110	1	38	0	2	3	3.98943e-03	-5.79773e-01	1.62996e+01
110	1	39	0	2	3	3.92429e-03	-5.65831e-01	1.56373e+01
110	1	40	0	2	3	4.05622e-03	-5.78123e-01	1.48708e+01
110	1	41	0	2	3	3.80680e-03	-5.55612e-01	1.58574e+01
110	1	42	0	2	3	3.93460e-03	-5.65789e-01	1.51241e+01
110	1	43	0	2	3	4.02355e-03	-5.76600e-01	1.70651e+01
110	1	44	0	2	3	3.93042e-03	-5.79309e-01	1.51336e+01
110	1	45	0	2	3	3.30527e-03	-5.27238e-01	1.56933e+01
110	1	46	0	2	3	4.49936e-03	-6.19489e-01	1.57871e+01
110	1	47	0	2	3	4.22380e-03	-6.10144e-01	1.81007e+01
110	1	48	0	2	3	4.02248e-03	-5.79852e-01	1.57600e+01
110	1	49	0	2	3	3.95639e-03	-5.70441e-01	1.66693e+01
110	1	50	0	2	3	4.55106e-03	-6.18539e-01	1.53898e+01
110	1	51	0	2	3	4.18956e-03	-5.93468e-01	1.68047e+01
110	1	52	0	2	3	4.51797e-03	-6.23890e-01	1.57939e+01
110	1	53	0	2	3	3.78149e-03	-5.59878e-01	1.64153e+01
110	1	54	0	2	3	4.36088e-03	-6.12803e-01	1.65649e+01
110	1	55	0	2	3	4.43986e-03	-6.11265e-01	1.72237e+01
110	1	56	0	2	3	4.03305e-03	-5.97570e-01	1.54814e+01
110	1	57	0	2	3	4.08944e-03	-5.85093e-01	1.64442e+01
110	1	58	0	2	3	4.24593e-03	-6.12020e-01	1.75912e+01
110	1	59	0	2	3	4.61473e-03	-6.37805e-01	1.88006e+01
110	1	60	0	2	3	4.00519e-03	-5.83739e-01	1.58685e+01
110	1	61	0	2	3	3.89621e-03	-5.58407e-01	1.54424e+01
110	1	62	0	2	3	3.81622e-03	-5.68721e-01	1.45738e+01
110	1	63	0	2	3	4.27560e-03	-6.02019e-01	1.71108e+01
110	1	64	0	2	3	3.98651e-03	-5.87355e-01	1.63618e+01
110	1	65	0	2	3	4.17950e-03	-5.90496e-01	1.61269e+01
110	1	66	0	2	3	4.88511e-03	-6.55989e-01	1.62663e+01
110	1	67	0	2	3	4.38199e-03	-6.08343e-01	1.55622e+01
110	1	68	0	2	3	3.50731e-03	-5.41571e-01	1.38947e+01
110	1	69	0	2	3	3.95426e-03	-5.76893e-01	1.59969e+01
110	1	70	0	2	3	4.05590e-03	-5.90182e-01	1.61550e+01
110	1	71	0	2	3	4.25279e-03	-6.05510e-01	1.67717e+01
110	1	72	0	2	3	3.79204e-03	-5.64644e-01	1.51536e+01
110	1	73	0	2	3	4.07061e-03	-5.91700e-01	1.70357e+01
110	1	74	0	2	3	4.05787e-03	-5.84482e-01	1.46764e+01
110	1	75	0	2	3	4.14765e-03	-5.97442e-01	1.60508e+01
110	1	76	0	2	3	3.71713e-03	-5.60312e-01	1.49234e+01
110	1	77	0	2	3	3.88886e-03	-5.79232e-01	1.57586e+01
110	1	78	0	2	3	4.16270e-03	-5.95474e-01	1.48788e+01
110	1	79	0	2	3	4.09301e-03	-5.85522e-01	1.56506e+01
110	1	80	0	2	3	3.84102e-03	-5.63894e-01	1.47931e+01
110	1	81	0	2	3	4.06289e-03	-5.82304e-01	1.49319e+01
110	1	82	0	2	3	4.66993e-03	-6.32066e-01	1.70150e+01
110	1	83	0	2	3	4.52707e-03	-6.06417e-01	1.55966e+01
110	1	84	0	2	3	3.73785e-03	-5.50946e-01	1.40641e+01
110	1	85	0	2	3	4.12183e-03	-5.83255e-01	1.51666e+01
110	1	86	0	2	3	4.45469e-03	-6.14305e-01	1.64146e+01
110	1	87	0	2	3	4.59170e-03	-6.10584e-01	1.43623e+01
110	1	88	0	2	3	3.57654e-03	-5.54255e-01	1.51918e+01
110	1	89	0	2	3	4.13610e-03	-5.92154e-01	1.50748e+01
110	1	90	0	2	3	3.95317e-03	-5.79005e-01	1.47192e+01
110	1	91	0	2	3	4.29192e-03	-5.96721e-01	1.59522e+01
110	1	92	0	2	3	3.72527e-03	-5.56621e-01	1.47389e+01
110	1	93	0	2	3	3.97761e-03	-5.77689e-01	1.53338e+01
110	1	94	0	2	3	3.79894e-03	-5.73727e-01	1.58714e+01
110	1	95	0	2	3	4.39865e-03	-6.13049e-01	1.56645e+01
110	1	96	0	2	3	4.03498e-03	-5.78597e-01	1.47407e+01
110	1	97	0	2	3	3.63317e-03	-5.55477e-01	1.53993e+01
110	1	98	0	2	3	3.86564e-03	-5.86677e-01	1.63334e+01
110	1	99	0	2	3	4.20452e-03	-5.94106e-01	1.53608e+01
110	1	100	0	2	3	3.65773e-03	-5.44448e-01	1.46728e+01
110	1	101	0	2	3	3.77380e-03	-5.60816e-01	1.52793e+01
110	1	102	0	2	3	4.24749e-03	-6.10360e-01	1.59688e+01
110	1	103	0	2	3	4.48399e-03	-6.11528e-01	1.55147e+01
110	1	104	0	2	3	3.82025e-03	-5.70939e-01	1.52499e+01
110	1	105	0	2	3	3.98422e-03	-5.74943e-01	1.52681e+01
110	1	106	0	2	3	3.95356e-03	-5.80966e-01	1.61080e+01
110	1	107	0	2	3	4.19494e-03	-5.96350e-01	1.54940e+01
110	1	108	0	2	3	3.45813e-03	-5.41801e-01	1.54147e+01
110	1	109	0	2	3	3.86871e-03	-5.73266e-01	1.58607e+01
110	1	110	0	2	3	4.63508e-03	-6.33803e-01	1.63472e+01
110	1	111	0	2	3	4.63362e-03	-6.35833e-01	1.75389e+01
110	1	112	0	2	3	3.79200e-03	-5.66942e-01	1.49202e+01
110	1	113	0	2	3	4.38066e-03	-6.08035e-01	1.60017e+01
110	1	114	0	2	3	4.47977e-03	-6.21195e-01	1.56819e+01
110	1	115	0	2	3	4.68483e-03	-6.29446e-01	1.60484e+01
110	1	116	0	2	3	3.90000e-03	-5.79310e-01	1.53776e+01
110	1	117	0	2	3	4.01454e-03	-5.77405e-01	1.52912e+01
110	1	118	0	2	3	4.09350e-03	-5.87519e-01	1.45353e+01
110	1	119	0	2	3	4.50559e-03	-6.16940e-01	1.62006e+01
110	1	120	0	2	3	3.37300e-03	-5.37994e-01	1.43034e+01
110	1	121	0	2	3	3.60916e-03	-5.52073e-01	1.47442e+01
110	1	122	0	2	3	3.73737e-03	-5.72424e-01	1.63577e+01
110	1	123	0	2	3	4.50110e-03	-6.29145e-01	1.77634e+01
110	1	124	0	2	3	3.89050e-03	-5.68607e-01	1.44713e+01
110	1	125	0	2	3	3.77324e-03	-5.67409e-01	1.53794e+01
110	1	126	0	2	3	4.90169e-03	-6.44888e-01	1.64564e+01
110	1	127	0	2	3	4.64555e-03	-6.23165e-01	1.60620e+01
110	1	128	0	2	3	3.94281e-03	-6.04638e-01	1.65967e+01
110	1	129	0	2	3	4.36563e-03	-6.33039e-01	1.70157e+01
110	1	130	0	2	3	4.65784e-03	-6.44141e-01	1.61565e+01
110	1	131	0	2	3	3.12468e-03	-5.24568e-01	1.44471e+01
110	1	132	0	2	3	3.90274e-03	-5.94245e-01	1.64564e+01
110	1	133	0	2	3	4.41770e-03	-6.12603e-01	1.56576e+01
110	1	134	0	2	3	4.31818e-03	-6.24789e-01	1.69252e+01
110	1	135	0	2	3	3.86670e-03	-5.67526e-01	1.52204e+01
110	1	136	0	2	3	4.20168e-03	-6.19058e-01	1.71522e+01
110	1	137	0	2	3	5.50780e-03	-6.94091e-01	1.76012e+01
110	1	138	0	2	3	3.97760e-03	-5.88374e-01	1.55256e+01
110	1	139	0	2	3	5.03873e-03	-6.62936e-01	1.72382e+01
110	1	140	0	2	3	4.57114e-03	-6.33786e-01	1.62403e+01
110	1	141	0	2	3	4.78537e-03	-6.51741e-01	1.64676e+01
110	1	142	0	2	3	3.40971e-03	-5.52878e-01	1.46100e+01
110	1	143	0	2	3	4.40490e-03	-6.10315e-01	1.63552e+01
110	1	144	0	2	3	1.36360e-03	-4.10933e-01	1.36500e+01
110	1	145	0	2	3	6.01303e-03	-7.22461e-01	1.77769e+01
110	1	146	0	2	3	4.18629e-03	-6.01540e-01	1.56732e+01
110	1	147	0	2	3	3.38914e-03	-5.40125e-01	1.38697e+01
110	1	148	0	2	3	4.21358e-03	-6.00425e-01	1.51219e+01
110	1	149	0	2	3	4.34774e-03	-6.24581e-01	1.71134e+01
110	1	150	0	2	3	5.22322e-03	-6.85175e-01	1.78623e+01
110	1	151	0	2	3	2.13941e-03	-4.61415e-01	1.34148e+01
110	1	152	0	2	3	1.44939e-03	-4.10369e-01	1.34699e+01
110	1	153	0	2	3	-3.07926e-03	-1.07660e-02	4.82790e+00
110	1	154	0	2	3	5.19255e-03	-6.72002e-01	1.73647e+01
110	1	155	0	2	3	2.51157e-03	-4.95444e-01	1.31314e+01
110	1	156	0	2	3	-8.44006e-03	3.13016e-01	-2.35260e-01
110	1	157	0	2	3	2.62292e-03	-4.90678e-01	1.47561e+01
110	1	158	0	2	3	-7.72548e-03	2.70751e-01	7.48142e-01
110	1	159	0	2	3	-8.92518e-04	-2.09581e-01	9.32151e+00
