##
#  file: HodoPHCParam_Dummy
#  date: 2016.06.15
#  note: first version
#
#
#######################################################################
# CId	PlId	Seg	UorD	Type	nParam	p0	p1	...
#
#	Type=0 no correction will be performed
#	Type=1 ct=t-p[0]/sqrt(a-p[1])+p[2]
#	Type=2 ct=p[0]*a*a + p[1]*a + p[2] for Fiber
#
#######################################################################
# BH1 Up                                                              #
#######################################################################
1	0	0	0	1	3	5.08705e+00	-1.98362e+00	2.93454e+00
1	0	1	0	1	3	6.69706e-01	2.91546e-01	8.10244e-01
1	0	2	0	1	3	5.01779e-01	3.94271e-01	6.64278e-01
1	0	3	0	1	3	7.45330e-01	1.66754e-01	8.56036e-01
1	0	4	0	1	3	8.52890e-01	8.60054e-02	9.27134e-01
1	0	5	0	1	3	1.69981e+00	-1.50393e-01	1.62794e+00
1	0	6	0	1	3	1.58582e+00	-2.35346e-01	1.46587e+00
1	0	7	0	1	3	1.61970e+00	-1.46184e-01	1.54504e+00
1	0	8	0	1	3	1.37546e+00	-2.52696e-01	1.28233e+00
1	0	9	0	1	3	1.74814e+00	-2.76223e-01	1.64100e+00
1	0	10	0	1	3	1.60339e+01	-4.62629e+00	6.81205e+00
#######################################################################
# BH1 Down                                                            #
#######################################################################
1	0	0	1	1	3	1.33519e+00	-9.13138e-02	1.27257e+00
1	0	1	1	1	3	6.24909e-01	2.88647e-01	7.65429e-01
1	0	2	1	1	3	6.68954e-01	2.21542e-01	7.45264e-01
1	0	3	1	1	3	1.32364e+00	-4.57464e-01	1.08318e+00
1	0	4	1	1	3	1.18002e+00	-7.91080e-02	1.17008e+00
1	0	5	1	1	3	2.07299e+00	-4.79828e-01	1.70935e+00
1	0	6	1	1	3	1.96000e+00	-5.20196e-01	1.63958e+00
1	0	7	1	1	3	1.89852e+00	-4.50289e-01	1.60743e+00
1	0	8	1	1	3	1.02469e+00	-6.73213e-02	1.04734e+00
1	0	9	1	1	3	1.64894e+00	-1.85977e-01	1.61292e+00
1	0	10	1	1	3	7.15603e-01	2.22738e-01	8.54972e-01
#######################################################################
# BH2 Up                                                              #
#######################################################################
2	0	0	0	1	3	1.43047e-01	2.98695e-01	2.00085e-01
2	0	1	0	1	3	8.79554e-01	-2.31747e-01	7.85839e-01
2	0	2	0	1	3	5.94572e-01	-4.97541e-01	4.68956e-01
2	0	3	0	1	3	1.91725e-01	3.94747e-02	1.91115e-01
2	0	4	0	1	3	3.31184e-01	-9.38469e-02	3.15823e-01
2	0	5	0	1	3	1.99769e-01	2.70254e-01	2.37321e-01
2	0	6	0	1	3	2.58948e-01	2.41832e-01	3.10133e-01
2	0	7	0	1	3	3.50426e-01	8.80094e-02	3.70898e-01
#######################################################################
# BH2 Down                                                            #
#######################################################################
2	0	0	1	1	3	3.94607e-01	-1.85207e-01	3.84440e-01
2	0	1	1	1	3	9.92155e-01	-3.85817e-01	8.32122e-01
2	0	2	1	1	3	4.10986e-01	-9.27803e-02	3.90143e-01
2	0	3	1	1	3	1.76416e-01	4.84160e-02	1.75490e-01
2	0	4	1	1	3	2.42956e-01	1.23979e-01	2.64593e-01
2	0	5	1	1	3	3.57967e-01	4.32013e-02	3.63973e-01
2	0	6	1	1	3	1.22093e+00	-6.67168e-01	9.30075e-01
2	0	7	1	1	3	2.92156e-01	-4.36810e-03	2.98702e-01
#######################################################################
# BAC                                                                 #
#######################################################################
3	0	0	0	1	3	0.00000e+00	0.00000e+00	0.00000e+00
3	0	1	0	1	3	0.00000e+00	0.00000e+00	0.00000e+00
#######################################################################
# FBH Up                                                              #
#######################################################################
4	0	0	0	2	3	-5.62952e-03	8.96903e-01	-3.53273e+01
4	0	1	0	2	3	-4.29399e-03	7.37975e-01	-3.00049e+01
4	0	2	0	2	3	-5.26894e-03	8.67305e-01	-3.38992e+01
4	0	3	0	2	3	-3.80183e-03	6.69237e-01	-2.72260e+01
4	0	4	0	2	3	-4.35014e-03	7.35785e-01	-2.92008e+01
4	0	5	0	2	3	-4.02541e-03	6.86907e-01	-2.70312e+01
4	0	6	0	2	3	-4.16660e-03	7.08229e-01	-2.81512e+01
4	0	7	0	2	3	-3.93117e-03	6.84759e-01	-2.69101e+01
4	0	8	0	2	3	-4.14423e-03	6.96902e-01	-2.65883e+01
4	0	9	0	2	3	-2.83372e-03	5.62925e-01	-2.20787e+01
4	0	10	0	2	3	-4.07944e-03	7.09420e-01	-2.75603e+01
4	0	11	0	2	3	-3.50961e-03	6.50113e-01	-2.64167e+01
4	0	12	0	2	3	-3.52415e-03	6.49734e-01	-2.67232e+01
4	0	13	0	2	3	-4.13420e-03	7.26957e-01	-2.99675e+01
4	0	14	0	2	3	-4.90315e-03	8.27563e-01	-3.35630e+01
4	0	15	0	2	3	-4.73048e-03	8.13189e-01	-3.31901e+01
#######################################################################
# FBH Down                                                            #
#######################################################################
4	0	0	1	2	3	-5.62952e-03	8.96903e-01	-3.53273e+01
4	0	1	1	2	3	-4.29399e-03	7.37975e-01	-3.00049e+01
4	0	2	1	2	3	-5.26894e-03	8.67305e-01	-3.38992e+01
4	0	3	1	2	3	-3.80183e-03	6.69237e-01	-2.72260e+01
4	0	4	1	2	3	-4.35014e-03	7.35785e-01	-2.92008e+01
4	0	5	1	2	3	-4.02541e-03	6.86907e-01	-2.70312e+01
4	0	6	1	2	3	-4.16660e-03	7.08229e-01	-2.81512e+01
4	0	7	1	2	3	-3.93117e-03	6.84759e-01	-2.69101e+01
4	0	8	1	2	3	-4.14423e-03	6.96902e-01	-2.65883e+01
4	0	9	1	2	3	-2.83372e-03	5.62925e-01	-2.20787e+01
4	0	10	1	2	3	-4.07944e-03	7.09420e-01	-2.75603e+01
4	0	11	1	2	3	-3.50961e-03	6.50113e-01	-2.64167e+01
4	0	12	1	2	3	-3.52415e-03	6.49734e-01	-2.67232e+01
4	0	13	1	2	3	-4.13420e-03	7.26957e-01	-2.99675e+01
4	0	14	1	2	3	-4.90315e-03	8.27563e-01	-3.35630e+01
4	0	15	1	2	3	-4.73048e-03	8.13189e-01	-3.31901e+01
#######################################################################
# PVAC                                                                #
#######################################################################
5	0	0	0	1	3	0.00000e+00	0.00000e+00	0.00000e+00
#######################################################################
# FAC                                                                 #
#######################################################################
6	0	0	0	1	3	0.00000e+00	0.00000e+00	0.00000e+00
#######################################################################
# SCH                                                                 #
#######################################################################
#7	0	0	0	2	3	-0.00500000	0.821213	-32.185321
#7	0	1	0	2	3	-0.00500000	0.830248	-32.269563
#7	0	2	0	2	3	-0.00500000	0.793073	-29.315934
#7	0	3	0	2	3	-0.00500000	0.772144	-28.276705
#7	0	4	0	2	3	-0.00500000	0.801968	-30.687167
#7	0	5	0	2	3	-0.00500000	0.778300	-28.439251
#7	0	6	0	2	3	-0.00500000	0.765872	-27.918181
#7	0	7	0	2	3	-0.00500000	0.738459	-26.016797
#7	0	8	0	2	3	-0.00500000	0.778318	-28.676371
#7	0	9	0	2	3	-0.00500000	0.776670	-28.892887
#7	0	10	0	2	3	-0.00500000	0.764278	-28.122474
#7	0	11	0	2	3	-0.00500000	0.790742	-29.423647
#7	0	12	0	2	3	-0.00500000	0.811330	-30.487019
#7	0	13	0	2	3	-0.00500000	0.818750	-30.891512
#7	0	14	0	2	3	-0.00500000	0.802541	-30.009136
#7	0	15	0	2	3	-0.00500000	0.809525	-30.751746
#7	0	16	0	2	3	-0.00500000	0.802597	-30.845509
#7	0	17	0	2	3	-0.00500000	0.835028	-32.780792
#7	0	18	0	2	3	-0.00500000	0.859176	-33.938731
#7	0	19	0	2	3	-0.00500000	0.814851	-31.445396
#7	0	20	0	2	3	-0.00500000	0.809426	-30.781087
#7	0	21	0	2	3	-0.00500000	0.780678	-28.888756
#7	0	22	0	2	3	-0.00500000	0.808206	-30.719604
#7	0	23	0	2	3	-0.00500000	0.774024	-27.858339
#7	0	24	0	2	3	-0.00500000	0.794308	-29.022101
#7	0	25	0	2	3	-0.00500000	0.775649	-27.980186
#7	0	26	0	2	3	-0.00500000	0.788483	-28.687567
#7	0	27	0	2	3	-0.00466315	0.771386	-29.253260
#7	0	28	0	2	3	-0.00483132	0.790854	-28.637741
#7	0	29	0	2	3	-0.00497049	0.812994	-30.786914
#7	0	30	0	2	3	-0.00500000	0.787793	-28.362716
#7	0	31	0	2	3	-0.00500000	0.790759	-28.876812
#7	0	32	0	2	3	-0.00500000	0.824826	-31.655285
#7	0	33	0	2	3	-0.00500000	0.845304	-33.407765
#7	0	34	0	2	3	-0.00500000	0.832263	-32.939799
#7	0	35	0	2	3	-0.00500000	0.820631	-31.695372
#7	0	36	0	2	3	-0.00500000	0.836997	-33.200590
#7	0	37	0	2	3	-0.00500000	0.819690	-32.097193
#7	0	38	0	2	3	-0.00500000	0.808109	-31.263214
#7	0	39	0	2	3	-0.00500000	0.815224	-31.135523
#7	0	40	0	2	3	-0.00500000	0.803398	-29.897923
#7	0	41	0	2	3	-0.00500000	0.815685	-31.165519
#7	0	42	0	2	3	-0.00500000	0.812980	-30.737261
#7	0	43	0	2	3	-0.00500000	0.829418	-32.693307
#7	0	44	0	2	3	-0.00500000	0.789530	-29.464920
#7	0	45	0	2	3	-0.00500000	0.804789	-31.208151
#7	0	46	0	2	3	-0.00500000	0.830106	-32.806514
#7	0	47	0	2	3	-0.00500000	0.819206	-31.373242
#7	0	48	0	2	3	-0.00500000	0.816165	-31.709319
#7	0	49	0	2	3	-0.00500000	0.798496	-30.201709
#7	0	50	0	2	3	-0.00500000	0.812167	-31.795745
#7	0	51	0	2	3	-0.00500000	0.810749	-31.375226
#7	0	52	0	2	3	-0.00500000	0.803385	-31.372512
#7	0	53	0	2	3	-0.00500000	0.777405	-29.262831
#7	0	54	0	2	3	-0.00500000	0.783954	-29.763410
#7	0	55	0	2	3	-0.00500000	0.789443	-29.976449
#7	0	56	0	2	3	-0.00500000	0.838828	-33.261086
#7	0	57	0	2	3	-0.00500000	0.804421	-30.573195
#7	0	58	0	2	3	-0.00500000	0.773283	-29.111048
#7	0	59	0	2	3	-0.00500000	0.811789	-31.449459
#7	0	60	0	2	3	-0.00500000	0.759724	-28.110014
#7	0	61	0	2	3	-0.00500000	0.810884	-31.379063
#7	0	62	0	2	3	-0.00500000	0.771910	-28.435006
#7	0	63	0	2	3	-0.00500000	0.796658	-30.511906
#######################################################################
# TOF Up                                                              #
#######################################################################
7	0	0	0	1	3	5.24830e+00	-1.96630e+00	2.96170e+00
7	0	1	0	1	3	5.24830e+00	-1.96630e+00	2.96170e+00
7	0	2	0	1	3	5.24830e+00	-1.96630e+00	2.96170e+00
7	0	3	0	1	3	5.24830e+00	-1.96630e+00	2.96170e+00
7	0	4	0	1	3	5.24830e+00	-1.96630e+00	2.96170e+00
7	0	5	0	1	3	5.24830e+00	-1.96630e+00	2.96170e+00
7	0	6	0	1	3	6.97090e+00	-3.03520e+00	3.39910e+00
7	0	7	0	1	3	4.05450e+00	-1.96150e+00	2.30360e+00
7	0	8	0	1	3	1.16940e+02	-2.98600e+01	2.09880e+01
7	0	9	0	1	3	5.24830e+00	-1.96630e+00	2.96170e+00
7	0	10	0	1	3	5.24830e+00	-1.96630e+00	2.96170e+00
7	0	11	0	1	3	5.24830e+00	-1.96630e+00	2.96170e+00
7	0	12	0	1	3	5.24830e+00	-1.96630e+00	2.96170e+00
7	0	13	0	1	3	5.24830e+00	-1.96630e+00	2.96170e+00
7	0	14	0	1	3	5.24830e+00	-1.96630e+00	2.96170e+00
7	0	15	0	1	3	5.24830e+00	-1.96630e+00	2.96170e+00
7	0	16	0	1	3	5.24830e+00	-1.96630e+00	2.96170e+00
7	0	17	0	1	3	5.24830e+00	-1.96630e+00	2.96170e+00
7	0	18	0	1	3	5.24830e+00	-1.96630e+00	2.96170e+00
7	0	19	0	1	3	7.11491e-01	1.85180e-03	5.82402e-01
7	0	20	0	1	3	5.59404e-01	-1.73810e-03	4.50716e-01
7	0	21	0	1	3	8.92499e-01	1.99900e-03	7.37364e-01
7	0	22	0	1	3	6.37553e-01	1.99960e-03	5.45449e-01
7	0	23	0	1	3	1.19210e+00	1.98920e-03	9.99994e-01
#######################################################################
# TOF Down                                                            #
#######################################################################
7	0	0	1	1	3	5.84300e+00	-2.30730e+00	3.11320e+00
7	0	1	1	1	3	5.84300e+00	-2.30730e+00	3.11320e+00
7	0	2	1	1	3	5.84300e+00	-2.30730e+00	3.11320e+00
7	0	3	1	1	3	5.84300e+00	-2.30730e+00	3.11320e+00
7	0	4	1	1	3	5.84300e+00	-2.30730e+00	3.11320e+00
7	0	5	1	1	3	5.84300e+00	-2.30730e+00	3.11320e+00
7	0	6	1	1	3	1.41330e+01	-5.81170e+00	5.32680e+00
7	0	7	1	1	3	7.84850e+01	-2.02870e+01	1.69500e+01
7	0	8	1	1	3	2.20240e+02	-3.62440e+01	3.60080e+01
7	0	9	1	1	3	5.84300e+00	-2.30730e+00	3.11320e+00
7	0	10	1	1	3	5.84300e+00	-2.30730e+00	3.11320e+00
7	0	11	1	1	3	5.84300e+00	-2.30730e+00	3.11320e+00
7	0	12	1	1	3	5.84300e+00	-2.30730e+00	3.11320e+00
7	0	13	1	1	3	5.84300e+00	-2.30730e+00	3.11320e+00
7	0	14	1	1	3	5.84300e+00	-2.30730e+00	3.11320e+00
7	0	15	1	1	3	5.84300e+00	-2.30730e+00	3.11320e+00
7	0	16	1	1	3	5.84300e+00	-2.30730e+00	3.11320e+00
7	0	17	1	1	3	5.84300e+00	-2.30730e+00	3.11320e+00
7	0	18	1	1	3	5.84300e+00	-2.30730e+00	3.11320e+00
7	0	19	1	1	3	6.18741e-01	1.99860e-03	4.90831e-01
7	0	20	1	1	3	5.75901e-01	1.04210e-03	4.72509e-01
7	0	21	1	1	3	9.41046e-01	1.99890e-03	7.79357e-01
7	0	22	1	1	3	4.84266e-01	-1.95590e-03	3.99786e-01
7	0	23	1	1	3	8.97714e-01	1.99860e-03	7.56300e-01
#######################################################################
# BFT U                                                               #
#######################################################################
110	0	0	0	2	3	5.06328e-04	-3.20197e-01	1.06840e+01
110	0	1	0	2	3	4.41248e-03	-5.86029e-01	1.50845e+01
110	0	2	0	2	3	3.54937e-03	-5.42480e-01	1.44627e+01
110	0	3	0	2	3	4.39668e-03	-6.10317e-01	1.48994e+01
110	0	4	0	2	3	3.67303e-03	-5.48797e-01	1.49152e+01
110	0	5	0	2	3	3.69289e-03	-5.43956e-01	1.51644e+01
110	0	6	0	2	3	3.90291e-03	-5.71148e-01	1.46638e+01
110	0	7	0	2	3	3.26575e-03	-5.07295e-01	1.40923e+01
110	0	8	0	2	3	3.52777e-03	-5.43066e-01	1.43485e+01
110	0	9	0	2	3	3.73869e-03	-5.49425e-01	1.58349e+01
110	0	10	0	2	3	4.45951e-03	-6.08737e-01	1.46915e+01
110	0	11	0	2	3	4.30796e-03	-5.82729e-01	1.62249e+01
110	0	12	0	2	3	3.73528e-03	-5.57426e-01	1.41141e+01
110	0	13	0	2	3	3.98101e-03	-5.63027e-01	1.59434e+01
110	0	14	0	2	3	3.95403e-03	-5.64263e-01	1.39051e+01
110	0	15	0	2	3	4.24717e-03	-5.93345e-01	1.66821e+01
110	0	16	0	2	3	3.41613e-03	-5.28511e-01	1.32766e+01
110	0	17	0	2	3	3.65696e-03	-5.44492e-01	1.53245e+01
110	0	18	0	2	3	4.16072e-03	-5.86421e-01	1.42804e+01
110	0	19	0	2	3	3.87825e-03	-5.71104e-01	1.40013e+01
110	0	20	0	2	3	2.98210e-03	-4.97187e-01	1.32194e+01
110	0	21	0	2	3	4.16699e-03	-5.78507e-01	1.71901e+01
110	0	22	0	2	3	3.84651e-03	-5.65707e-01	1.43643e+01
110	0	23	0	2	3	4.77428e-03	-6.20819e-01	1.66927e+01
110	0	24	0	2	3	4.41516e-03	-5.94716e-01	1.51524e+01
110	0	25	0	2	3	3.37149e-03	-5.17570e-01	1.53432e+01
110	0	26	0	2	3	4.14863e-03	-5.86932e-01	1.57935e+01
110	0	27	0	2	3	4.04075e-03	-5.61742e-01	1.54191e+01
110	0	28	0	2	3	3.37168e-03	-5.27878e-01	1.22649e+01
110	0	29	0	2	3	4.21221e-03	-5.72980e-01	1.51936e+01
110	0	30	0	2	3	3.91671e-03	-5.71746e-01	1.43730e+01
110	0	31	0	2	3	4.34420e-03	-5.93116e-01	1.61804e+01
110	0	32	0	2	3	3.68575e-03	-5.56978e-01	1.44135e+01
110	0	33	0	2	3	4.70486e-03	-5.86774e-01	1.40497e+01
110	0	34	0	2	3	4.59877e-03	-6.13300e-01	1.50208e+01
110	0	35	0	2	3	4.59494e-03	-6.16609e-01	1.66174e+01
110	0	36	0	2	3	3.88728e-03	-5.54078e-01	1.38196e+01
110	0	37	0	2	3	4.26615e-03	-5.91291e-01	1.70970e+01
110	0	38	0	2	3	4.02539e-03	-5.69189e-01	1.36561e+01
110	0	39	0	2	3	4.55014e-03	-6.08279e-01	1.61254e+01
110	0	40	0	2	3	3.50580e-03	-5.32135e-01	1.34237e+01
110	0	41	0	2	3	3.93702e-03	-5.59202e-01	1.62310e+01
110	0	42	0	2	3	4.15606e-03	-5.79817e-01	1.48254e+01
110	0	43	0	2	3	4.67982e-03	-6.25333e-01	1.71385e+01
110	0	44	0	2	3	3.61764e-03	-5.48160e-01	1.39163e+01
110	0	45	0	2	3	3.95964e-03	-5.59031e-01	1.57810e+01
110	0	46	0	2	3	4.76812e-03	-6.36127e-01	1.56777e+01
110	0	47	0	2	3	4.71252e-03	-6.26134e-01	1.81654e+01
110	0	48	0	2	3	3.82061e-03	-5.54940e-01	1.29311e+01
110	0	49	0	2	3	4.41358e-03	-5.95483e-01	1.69115e+01
110	0	50	0	2	3	4.84791e-03	-6.28271e-01	1.55821e+01
110	0	51	0	2	3	4.62149e-03	-6.08667e-01	1.59763e+01
110	0	52	0	2	3	3.66467e-03	-5.41919e-01	1.32456e+01
110	0	53	0	2	3	4.15315e-03	-5.74887e-01	1.53209e+01
110	0	54	0	2	3	4.63662e-03	-6.18228e-01	1.51093e+01
110	0	55	0	2	3	4.65561e-03	-6.15450e-01	1.70806e+01
110	0	56	0	2	3	3.80082e-03	-5.69101e-01	1.52885e+01
110	0	57	0	2	3	4.73732e-03	-6.20697e-01	1.68303e+01
110	0	58	0	2	3	3.99824e-03	-5.76313e-01	1.54654e+01
110	0	59	0	2	3	4.67826e-03	-6.31830e-01	1.74233e+01
110	0	60	0	2	3	3.88837e-03	-5.70184e-01	1.39371e+01
110	0	61	0	2	3	3.61919e-03	-5.39364e-01	1.50849e+01
110	0	62	0	2	3	4.96486e-03	-6.37314e-01	1.52505e+01
110	0	63	0	2	3	4.35975e-03	-5.96654e-01	1.50325e+01
110	0	64	0	2	3	3.88330e-03	-5.70169e-01	1.45488e+01
110	0	65	0	2	3	4.08087e-03	-5.76652e-01	1.57239e+01
110	0	66	0	2	3	4.35357e-03	-6.14623e-01	1.66250e+01
110	0	67	0	2	3	3.76168e-03	-5.57538e-01	1.55994e+01
110	0	68	0	2	3	4.08728e-03	-5.93866e-01	1.55567e+01
110	0	69	0	2	3	3.94212e-03	-5.63324e-01	1.49938e+01
110	0	70	0	2	3	4.41984e-03	-6.22896e-01	1.50627e+01
110	0	71	0	2	3	4.34897e-03	-6.00347e-01	1.61015e+01
110	0	72	0	2	3	3.71502e-03	-5.62012e-01	1.37633e+01
110	0	73	0	2	3	4.44639e-03	-6.07859e-01	1.56319e+01
110	0	74	0	2	3	4.48185e-03	-6.23430e-01	1.59528e+01
110	0	75	0	2	3	4.28284e-03	-5.91368e-01	1.55664e+01
110	0	76	0	2	3	3.73829e-03	-5.55322e-01	1.36656e+01
110	0	77	0	2	3	3.92104e-03	-5.66705e-01	1.54704e+01
110	0	78	0	2	3	4.32609e-03	-6.10001e-01	1.50302e+01
110	0	79	0	2	3	4.06339e-03	-5.77229e-01	1.52906e+01
110	0	80	0	2	3	4.07437e-03	-5.81143e-01	1.51891e+01
110	0	81	0	2	3	4.07734e-03	-5.68758e-01	1.50881e+01
110	0	82	0	2	3	4.55498e-03	-6.14495e-01	1.53176e+01
110	0	83	0	2	3	4.62516e-03	-6.20155e-01	1.59543e+01
110	0	84	0	2	3	4.05017e-03	-5.78286e-01	1.45762e+01
110	0	85	0	2	3	3.89658e-03	-5.61670e-01	1.53350e+01
110	0	86	0	2	3	4.96220e-03	-6.57446e-01	1.58427e+01
110	0	87	0	2	3	4.45892e-03	-6.14445e-01	1.66134e+01
110	0	88	0	2	3	3.67565e-03	-5.48304e-01	1.44143e+01
110	0	89	0	2	3	4.23741e-03	-5.91489e-01	1.55101e+01
110	0	90	0	2	3	4.62237e-03	-6.24508e-01	1.49472e+01
110	0	91	0	2	3	4.60385e-03	-6.24392e-01	1.56720e+01
110	0	92	0	2	3	3.84251e-03	-5.75374e-01	1.49479e+01
110	0	93	0	2	3	4.26323e-03	-5.88790e-01	1.51349e+01
110	0	94	0	2	3	4.36139e-03	-6.23478e-01	1.68448e+01
110	0	95	0	2	3	4.17630e-03	-5.94529e-01	1.60127e+01
110	0	96	0	2	3	3.77514e-03	-5.72422e-01	1.45693e+01
110	0	97	0	2	3	3.97184e-03	-5.70300e-01	1.56126e+01
110	0	98	0	2	3	4.20380e-03	-6.07247e-01	1.52107e+01
110	0	99	0	2	3	4.08246e-03	-5.79463e-01	1.54814e+01
110	0	100	0	2	3	3.95535e-03	-5.80099e-01	1.52161e+01
110	0	101	0	2	3	3.89000e-03	-5.67630e-01	1.55176e+01
110	0	102	0	2	3	4.73334e-03	-6.37788e-01	1.64634e+01
110	0	103	0	2	3	4.50695e-03	-6.15540e-01	1.59406e+01
110	0	104	0	2	3	3.87843e-03	-5.73417e-01	1.41721e+01
110	0	105	0	2	3	4.41282e-03	-6.00841e-01	1.55042e+01
110	0	106	0	2	3	4.80717e-03	-6.42589e-01	1.65136e+01
110	0	107	0	2	3	4.91930e-03	-6.34086e-01	1.55179e+01
110	0	108	0	2	3	4.17334e-03	-5.98462e-01	1.55141e+01
110	0	109	0	2	3	4.41445e-03	-6.07100e-01	1.55668e+01
110	0	110	0	2	3	4.43577e-03	-6.16467e-01	1.57918e+01
110	0	111	0	2	3	4.91356e-03	-6.49257e-01	1.64714e+01
110	0	112	0	2	3	4.04505e-03	-5.72813e-01	1.36308e+01
110	0	113	0	2	3	4.33311e-03	-5.97247e-01	1.53416e+01
110	0	114	0	2	3	4.48229e-03	-6.19743e-01	1.59686e+01
110	0	115	0	2	3	4.96774e-03	-6.41607e-01	1.60712e+01
110	0	116	0	2	3	3.81256e-03	-5.68551e-01	1.45369e+01
110	0	117	0	2	3	4.08532e-03	-5.80159e-01	1.60127e+01
110	0	118	0	2	3	4.82317e-03	-6.48164e-01	1.67163e+01
110	0	119	0	2	3	4.71297e-03	-6.12813e-01	1.45394e+01
110	0	120	0	2	3	3.97707e-03	-5.91385e-01	1.52136e+01
110	0	121	0	2	3	4.11689e-03	-5.79626e-01	1.36750e+01
110	0	122	0	2	3	4.37267e-03	-6.15258e-01	1.67041e+01
110	0	123	0	2	3	4.39510e-03	-6.05157e-01	1.57867e+01
110	0	124	0	2	3	4.12371e-03	-5.87347e-01	1.54970e+01
110	0	125	0	2	3	4.13888e-03	-5.64154e-01	1.25276e+01
110	0	126	0	2	3	3.99106e-03	-5.78308e-01	1.47165e+01
110	0	127	0	2	3	4.92187e-03	-6.32368e-01	1.58350e+01
110	0	128	0	2	3	3.11133e-03	-5.46903e-01	1.54859e+01
110	0	129	0	2	3	2.89869e-03	-5.27092e-01	1.48620e+01
110	0	130	0	2	3	4.52778e-03	-6.48361e-01	1.73807e+01
110	0	131	0	2	3	1.67150e-03	-4.05648e-01	1.22975e+01
110	0	132	0	2	3	3.46374e-03	-5.51517e-01	1.56397e+01
110	0	133	0	2	3	3.57698e-03	-5.56710e-01	1.53383e+01
110	0	134	0	2	3	3.22082e-03	-5.45849e-01	1.51822e+01
110	0	135	0	2	3	4.45397e-03	-6.20697e-01	1.57420e+01
110	0	136	0	2	3	4.68367e-03	-6.44082e-01	1.62388e+01
110	0	137	0	2	3	4.35465e-03	-6.25766e-01	1.70284e+01
110	0	138	0	2	3	1.02735e-03	-3.76685e-01	1.22570e+01
110	0	139	0	2	3	1.44555e-03	-4.21019e-01	1.20261e+01
110	0	140	0	2	3	-1.58690e-03	-1.86949e-01	9.15475e+00
110	0	141	0	2	3	6.42390e-03	-7.65295e-01	1.82153e+01
110	0	142	0	2	3	3.38939e-03	-5.52913e-01	1.51758e+01
110	0	143	0	2	3	6.50558e-04	-3.50060e-01	1.12697e+01
110	0	144	0	2	3	5.53813e-03	-7.08929e-01	1.71489e+01
110	0	145	0	2	3	3.83768e-03	-5.72557e-01	1.44498e+01
110	0	146	0	2	3	5.35451e-03	-6.88189e-01	1.74662e+01
110	0	147	0	2	3	3.55877e-03	-5.44094e-01	1.49586e+01
110	0	148	0	2	3	3.07541e-04	-3.21203e-01	1.03018e+01
110	0	149	0	2	3	-5.28355e-04	-2.62969e-01	1.00600e+01
110	0	150	0	2	3	-2.51917e-04	-2.81900e-01	1.05322e+01
110	0	151	0	2	3	4.85658e-03	-6.33123e-01	1.62240e+01
110	0	152	0	2	3	3.07006e-03	-5.39719e-01	1.58348e+01
110	0	153	0	2	3	3.50252e-03	-5.69565e-01	1.59227e+01
110	0	154	0	2	3	2.14456e-03	-4.56612e-01	1.30705e+01
110	0	155	0	2	3	6.28395e-04	-3.33203e-01	9.45946e+00
110	0	156	0	2	3	-9.48202e-04	-2.07845e-01	8.61715e+00
110	0	157	0	2	3	-2.72595e-03	-1.05054e-01	7.47926e+00
110	0	158	0	2	3	-2.26778e-03	-1.30898e-01	7.12630e+00
110	0	159	0	2	3	2.89530e-03	-4.99913e-01	1.37628e+01
#######################################################################
# BFT D                                                               #
#######################################################################
110	1	0	0	2	3	2.82513e-03	-5.04330e-01	1.57059e+01
110	1	1	0	2	3	3.11960e-03	-5.01658e-01	1.47786e+01
110	1	2	0	2	3	3.26004e-03	-5.36720e-01	1.54084e+01
110	1	3	0	2	3	3.56386e-03	-5.44846e-01	1.61979e+01
110	1	4	0	2	3	3.41596e-03	-5.39229e-01	1.52390e+01
110	1	5	0	2	3	3.52420e-03	-5.51281e-01	1.65824e+01
110	1	6	0	2	3	3.94385e-03	-5.84754e-01	1.50143e+01
110	1	7	0	2	3	4.37459e-03	-5.98187e-01	1.66045e+01
110	1	8	0	2	3	3.51004e-03	-5.50395e-01	1.58022e+01
110	1	9	0	2	3	2.07588e-03	-4.44342e-01	1.54744e+01
110	1	10	0	2	3	3.98421e-03	-5.84135e-01	1.61610e+01
110	1	11	0	2	3	4.68326e-03	-6.23799e-01	1.69145e+01
110	1	12	0	2	3	4.02956e-03	-5.83621e-01	1.54314e+01
110	1	13	0	2	3	3.85288e-03	-5.64123e-01	1.66293e+01
110	1	14	0	2	3	3.84458e-03	-5.79647e-01	1.52993e+01
110	1	15	0	2	3	4.12040e-03	-5.83350e-01	1.68610e+01
110	1	16	0	2	3	3.77641e-03	-5.66428e-01	1.52479e+01
110	1	17	0	2	3	3.40828e-03	-5.31270e-01	1.52054e+01
110	1	18	0	2	3	4.15902e-03	-5.94697e-01	1.51586e+01
110	1	19	0	2	3	3.13843e-03	-5.10720e-01	1.51789e+01
110	1	20	0	2	3	3.03756e-03	-5.19367e-01	1.48276e+01
110	1	21	0	2	3	3.50624e-03	-5.44785e-01	1.68544e+01
110	1	22	0	2	3	4.46856e-03	-6.15506e-01	1.60834e+01
110	1	23	0	2	3	3.76582e-03	-5.56797e-01	1.62605e+01
110	1	24	0	2	3	3.46860e-03	-5.41915e-01	1.56501e+01
110	1	25	0	2	3	3.44754e-03	-5.36767e-01	1.60580e+01
110	1	26	0	2	3	3.96386e-03	-5.86208e-01	1.54670e+01
110	1	27	0	2	3	3.65245e-03	-5.47825e-01	1.68980e+01
110	1	28	0	2	3	3.99456e-03	-5.86933e-01	1.64533e+01
110	1	29	0	2	3	3.15974e-03	-5.16806e-01	1.58518e+01
110	1	30	0	2	3	3.88894e-03	-5.73670e-01	1.53996e+01
110	1	31	0	2	3	4.35329e-03	-6.06724e-01	1.75894e+01
110	1	32	0	2	3	4.08636e-03	-5.93534e-01	1.70877e+01
110	1	33	0	2	3	3.43516e-03	-5.42284e-01	1.52905e+01
110	1	34	0	2	3	3.97260e-03	-5.76218e-01	1.50214e+01
110	1	35	0	2	3	4.32614e-03	-6.12815e-01	1.77968e+01
110	1	36	0	2	3	4.06761e-03	-5.81278e-01	1.62901e+01
110	1	37	0	2	3	3.67617e-03	-5.50926e-01	1.46004e+01
110	1	38	0	2	3	3.97597e-03	-5.78724e-01	1.64787e+01
110	1	39	0	2	3	3.98195e-03	-5.68640e-01	1.58189e+01
110	1	40	0	2	3	3.99169e-03	-5.71633e-01	1.49132e+01
110	1	41	0	2	3	4.12540e-03	-5.78957e-01	1.64311e+01
110	1	42	0	2	3	4.07153e-03	-5.75595e-01	1.54996e+01
110	1	43	0	2	3	4.46921e-03	-6.08500e-01	1.77932e+01
110	1	44	0	2	3	3.75474e-03	-5.66485e-01	1.51049e+01
110	1	45	0	2	3	3.62545e-03	-5.51038e-01	1.62891e+01
110	1	46	0	2	3	3.99636e-03	-5.82970e-01	1.53332e+01
110	1	47	0	2	3	4.28684e-03	-6.14396e-01	1.83594e+01
110	1	48	0	2	3	4.12101e-03	-5.86206e-01	1.60421e+01
110	1	49	0	2	3	3.48509e-03	-5.34501e-01	1.61624e+01
110	1	50	0	2	3	4.33254e-03	-6.03637e-01	1.53394e+01
110	1	51	0	2	3	4.24435e-03	-5.94769e-01	1.69668e+01
110	1	52	0	2	3	3.98447e-03	-5.87481e-01	1.53672e+01
110	1	53	0	2	3	3.39809e-03	-5.31022e-01	1.60799e+01
110	1	54	0	2	3	4.15091e-03	-6.00317e-01	1.65784e+01
110	1	55	0	2	3	4.23023e-03	-5.95495e-01	1.71160e+01
110	1	56	0	2	3	4.04888e-03	-5.97355e-01	1.56352e+01
110	1	57	0	2	3	4.26645e-03	-5.97450e-01	1.68269e+01
110	1	58	0	2	3	4.37203e-03	-6.21505e-01	1.79544e+01
110	1	59	0	2	3	4.65170e-03	-6.37002e-01	1.88996e+01
110	1	60	0	2	3	3.84082e-03	-5.73877e-01	1.59092e+01
110	1	61	0	2	3	4.17321e-03	-5.77961e-01	1.59590e+01
110	1	62	0	2	3	3.94555e-03	-5.79255e-01	1.49597e+01
110	1	63	0	2	3	4.08399e-03	-5.85207e-01	1.69388e+01
110	1	64	0	2	3	4.14523e-03	-5.96010e-01	1.66314e+01
110	1	65	0	2	3	4.08423e-03	-5.85524e-01	1.62641e+01
110	1	66	0	2	3	4.71682e-03	-6.44171e-01	1.62391e+01
110	1	67	0	2	3	4.78291e-03	-6.37689e-01	1.62718e+01
110	1	68	0	2	3	3.25962e-03	-5.24355e-01	1.37643e+01
110	1	69	0	2	3	3.80340e-03	-5.66756e-01	1.60243e+01
110	1	70	0	2	3	4.10584e-03	-5.92478e-01	1.63712e+01
110	1	71	0	2	3	4.05485e-03	-5.94054e-01	1.68060e+01
110	1	72	0	2	3	3.88520e-03	-5.71687e-01	1.54604e+01
110	1	73	0	2	3	4.28342e-03	-6.05611e-01	1.74337e+01
110	1	74	0	2	3	4.18292e-03	-5.93238e-01	1.50159e+01
110	1	75	0	2	3	4.18613e-03	-5.99400e-01	1.62501e+01
110	1	76	0	2	3	3.82308e-03	-5.67537e-01	1.52270e+01
110	1	77	0	2	3	4.19173e-03	-6.00927e-01	1.63198e+01
110	1	78	0	2	3	4.52336e-03	-6.20180e-01	1.54674e+01
110	1	79	0	2	3	4.21774e-03	-5.93999e-01	1.59690e+01
110	1	80	0	2	3	3.94847e-03	-5.73169e-01	1.51748e+01
110	1	81	0	2	3	3.87055e-03	-5.67539e-01	1.48365e+01
110	1	82	0	2	3	4.50770e-03	-6.17241e-01	1.68814e+01
110	1	83	0	2	3	4.15023e-03	-5.77347e-01	1.52147e+01
110	1	84	0	2	3	3.60622e-03	-5.43469e-01	1.41359e+01
110	1	85	0	2	3	3.89176e-03	-5.68039e-01	1.50950e+01
110	1	86	0	2	3	4.05105e-03	-5.86804e-01	1.61314e+01
110	1	87	0	2	3	4.18942e-03	-5.85627e-01	1.41557e+01
110	1	88	0	2	3	3.49712e-03	-5.46049e-01	1.51942e+01
110	1	89	0	2	3	3.99007e-03	-5.82258e-01	1.50951e+01
110	1	90	0	2	3	3.98960e-03	-5.82535e-01	1.49842e+01
110	1	91	0	2	3	3.92870e-03	-5.72388e-01	1.57383e+01
110	1	92	0	2	3	4.01671e-03	-5.74735e-01	1.51573e+01
110	1	93	0	2	3	3.70177e-03	-5.55627e-01	1.50765e+01
110	1	94	0	2	3	3.89475e-03	-5.79874e-01	1.61323e+01
110	1	95	0	2	3	4.32958e-03	-6.06986e-01	1.57039e+01
110	1	96	0	2	3	3.88169e-03	-5.71337e-01	1.48837e+01
110	1	97	0	2	3	3.87105e-03	-5.70954e-01	1.58247e+01
110	1	98	0	2	3	4.43136e-03	-6.29323e-01	1.72986e+01
110	1	99	0	2	3	4.17983e-03	-5.92123e-01	1.55041e+01
110	1	100	0	2	3	3.53067e-03	-5.37723e-01	1.47932e+01
110	1	101	0	2	3	3.68412e-03	-5.50859e-01	1.52262e+01
110	1	102	0	2	3	4.34395e-03	-6.14417e-01	1.61471e+01
110	1	103	0	2	3	4.39496e-03	-6.05619e-01	1.56003e+01
110	1	104	0	2	3	3.70404e-03	-5.62623e-01	1.52970e+01
110	1	105	0	2	3	3.85813e-03	-5.69283e-01	1.54209e+01
110	1	106	0	2	3	4.32429e-03	-6.10316e-01	1.68487e+01
110	1	107	0	2	3	4.49060e-03	-6.15163e-01	1.59746e+01
110	1	108	0	2	3	3.47387e-03	-5.41257e-01	1.55445e+01
110	1	109	0	2	3	3.75096e-03	-5.65287e-01	1.59141e+01
110	1	110	0	2	3	4.75478e-03	-6.42457e-01	1.66753e+01
110	1	111	0	2	3	4.49872e-03	-6.22366e-01	1.74091e+01
110	1	112	0	2	3	4.27786e-03	-6.02904e-01	1.57649e+01
110	1	113	0	2	3	4.08918e-03	-5.85344e-01	1.57556e+01
110	1	114	0	2	3	4.39122e-03	-6.15337e-01	1.57683e+01
110	1	115	0	2	3	4.71871e-03	-6.31569e-01	1.62580e+01
110	1	116	0	2	3	4.12214e-03	-5.94724e-01	1.58216e+01
110	1	117	0	2	3	4.53401e-03	-6.11162e-01	1.60330e+01
110	1	118	0	2	3	4.29572e-03	-6.01606e-01	1.49447e+01
110	1	119	0	2	3	4.63963e-03	-6.22693e-01	1.64097e+01
110	1	120	0	2	3	4.03512e-03	-5.84994e-01	1.53240e+01
110	1	121	0	2	3	4.29211e-03	-5.98645e-01	1.56859e+01
110	1	122	0	2	3	4.27831e-03	-6.16746e-01	1.74416e+01
110	1	123	0	2	3	4.63801e-03	-6.40075e-01	1.81469e+01
110	1	124	0	2	3	3.88671e-03	-5.68323e-01	1.46372e+01
110	1	125	0	2	3	3.77322e-03	-5.65370e-01	1.54882e+01
110	1	126	0	2	3	4.61633e-03	-6.22356e-01	1.62245e+01
110	1	127	0	2	3	4.81323e-03	-6.33870e-01	1.64030e+01
110	1	128	0	2	3	2.81166e-03	-5.25471e-01	1.54283e+01
110	1	129	0	2	3	4.28707e-03	-6.27933e-01	1.71448e+01
110	1	130	0	2	3	3.56802e-03	-5.70996e-01	1.52192e+01
110	1	131	0	2	3	2.71149e-03	-4.91550e-01	1.39541e+01
110	1	132	0	2	3	5.19814e-03	-6.80837e-01	1.80264e+01
110	1	133	0	2	3	3.97036e-03	-5.85865e-01	1.54767e+01
110	1	134	0	2	3	3.58243e-03	-5.67412e-01	1.60148e+01
110	1	135	0	2	3	4.11431e-03	-5.92260e-01	1.59366e+01
110	1	136	0	2	3	4.55377e-03	-6.53284e-01	1.81796e+01
110	1	137	0	2	3	4.57344e-03	-6.39683e-01	1.70855e+01
110	1	138	0	2	3	3.32300e-03	-5.41065e-01	1.49003e+01
110	1	139	0	2	3	5.66906e-03	-6.97979e-01	1.78737e+01
110	1	140	0	2	3	4.00593e-03	-5.96377e-01	1.57767e+01
110	1	141	0	2	3	4.31210e-03	-6.03562e-01	1.55559e+01
110	1	142	0	2	3	3.88182e-03	-5.92407e-01	1.56693e+01
110	1	143	0	2	3	3.22010e-03	-5.28252e-01	1.51217e+01
110	1	144	0	2	3	3.48649e-03	-5.50750e-01	1.60402e+01
110	1	145	0	2	3	5.11875e-03	-6.65221e-01	1.71261e+01
110	1	146	0	2	3	5.14921e-03	-6.90408e-01	1.78113e+01
110	1	147	0	2	3	5.34615e-03	-6.87248e-01	1.67044e+01
110	1	148	0	2	3	1.06440e-04	-3.16166e-01	1.03870e+01
110	1	149	0	2	3	8.18235e-03	-8.81948e-01	2.13678e+01
110	1	150	0	2	3	3.26395e-03	-5.52166e-01	1.59089e+01
110	1	151	0	2	3	5.60815e-03	-6.90929e-01	1.73021e+01
110	1	152	0	2	3	-5.25594e-04	-2.65908e-01	1.11553e+01
110	1	153	0	2	3	6.16986e-04	-3.33514e-01	1.18890e+01
110	1	154	0	2	3	3.53064e-03	-5.55295e-01	1.54963e+01
110	1	155	0	2	3	6.79860e-03	-7.73582e-01	1.75394e+01
110	1	156	0	2	3	7.63077e-03	-8.56160e-01	2.08203e+01
110	1	157	0	2	3	1.32071e-03	-4.02447e-01	1.34568e+01
110	1	158	0	2	3	2.41380e-04	-3.19213e-01	1.17120e+01
110	1	159	0	2	3	4.43362e-03	-6.63116e-01	1.90557e+01
