##
#  file: HodoPHCParam_Dummy
#  date: 2016.06.15
#  note: first version
#
#
#######################################################################
# CId	PlId	Seg	UorD	Type	nParam	p0	p1	...
#
#	Type=0 no correction will be performed
#	Type=1 ct=t-p[0]/sqrt(a-p[1])+p[2]
#	Type=2 ct=p[0]*a*a + p[1]*a + p[2] for Fiber
#
#######################################################################
# BH1 Up                                                              #
#######################################################################
1	0	0	0	1	3	9.72882e+01	-2.42381e+01	1.93388e+01
1	0	1	0	1	3	8.39811e-01	2.30870e-01	9.07677e-01
1	0	2	0	1	3	7.96271e-01	2.02772e-01	8.76313e-01
1	0	3	0	1	3	1.24269e+00	-1.47574e-01	1.19840e+00
1	0	4	0	1	3	1.09931e+00	-7.72769e-02	1.08260e+00
1	0	5	0	1	3	1.05845e+00	1.40683e-01	1.18835e+00
1	0	6	0	1	3	1.24845e+00	-7.32092e-02	1.22011e+00
1	0	7	0	1	3	1.38494e+00	-1.69323e-01	1.29113e+00
1	0	8	0	1	3	1.12943e+00	-1.85789e-01	1.05048e+00
1	0	9	0	1	3	1.39270e+00	-1.82072e-01	1.30041e+00
1	0	10	0	1	3	1.71493e+02	-3.15885e+01	3.00372e+01
#######################################################################
# BH1 Down                                                            #
#######################################################################
1	0	0	1	1	3	1.69589e+00	-2.63702e-01	1.46458e+00
1	0	1	1	1	3	6.65147e-01	3.06785e-01	7.74182e-01
1	0	2	1	1	3	1.69164e+00	-4.50471e-01	1.36238e+00
1	0	3	1	1	3	7.14482e+01	-2.23619e+01	1.47724e+01
1	0	4	1	1	3	1.42431e+00	-1.84323e-01	1.31423e+00
1	0	5	1	1	3	1.48351e+00	-1.17877e-01	1.40777e+00
1	0	6	1	1	3	1.64799e+00	-3.01989e-01	1.48452e+00
1	0	7	1	1	3	1.48685e+00	-1.75507e-01	1.38619e+00
1	0	8	1	1	3	5.71792e-01	2.68423e-01	6.99614e-01
1	0	9	1	1	3	1.07020e+00	4.47097e-02	1.11772e+00
1	0	10	1	1	3	5.19525e-01	3.65790e-01	6.45791e-01
#######################################################################
# BH2 Up                                                              #
#######################################################################
2	0	0	0	1	3	1.12115e-01	3.35357e-01	1.33957e-01
2	0	1	0	1	3	4.23202e-01	6.01088e-02	4.32756e-01
2	0	2	0	1	3	4.01076e-01	4.56070e-02	4.03148e-01
2	0	3	0	1	3	3.85284e-01	5.67440e-02	3.98101e-01
2	0	4	0	1	3	2.66200e-01	1.48660e-01	2.92941e-01
2	0	5	0	1	3	1.66891e-01	2.88043e-01	2.06447e-01
2	0	6	0	1	3	1.71542e-01	2.55850e-01	2.12138e-01
2	0	7	0	1	3	1.96083e-01	2.29490e-01	2.30246e-01
#######################################################################
# BH2 Down                                                            #
#######################################################################
2	0	0	1	1	3	1.86082e-01	2.04597e-01	2.06299e-01
2	0	1	1	1	3	3.69447e-01	6.07075e-02	3.67987e-01
2	0	2	1	1	3	4.36704e-01	5.29092e-03	4.17610e-01
2	0	3	1	1	3	5.05110e-01	-2.36197e-01	4.33924e-01
2	0	4	1	1	3	3.34198e-01	6.07922e-02	3.30964e-01
2	0	5	1	1	3	2.71316e-01	1.29618e-01	2.74971e-01
2	0	6	1	1	3	4.51400e-01	-3.05140e-02	4.20447e-01
2	0	7	1	1	3	2.11967e-01	8.42464e-02	2.22906e-01
#######################################################################
# BAC                                                                 #
#######################################################################
3	0	0	0	1	3	0.00000e+00	0.00000e+00	0.00000e+00
3	0	1	0	1	3	0.00000e+00	0.00000e+00	0.00000e+00
#######################################################################
# FBH Up                                                              #
#######################################################################
4	0	0	0	2	3	-5.62952e-03	8.96903e-01	-3.53273e+01
4	0	1	0	2	3	-4.29399e-03	7.37975e-01	-3.00049e+01
4	0	2	0	2	3	-5.26894e-03	8.67305e-01	-3.38992e+01
4	0	3	0	2	3	-3.80183e-03	6.69237e-01	-2.72260e+01
4	0	4	0	2	3	-4.35014e-03	7.35785e-01	-2.92008e+01
4	0	5	0	2	3	-4.02541e-03	6.86907e-01	-2.70312e+01
4	0	6	0	2	3	-4.16660e-03	7.08229e-01	-2.81512e+01
4	0	7	0	2	3	-3.93117e-03	6.84759e-01	-2.69101e+01
4	0	8	0	2	3	-4.14423e-03	6.96902e-01	-2.65883e+01
4	0	9	0	2	3	-2.83372e-03	5.62925e-01	-2.20787e+01
4	0	10	0	2	3	-4.07944e-03	7.09420e-01	-2.75603e+01
4	0	11	0	2	3	-3.50961e-03	6.50113e-01	-2.64167e+01
4	0	12	0	2	3	-3.52415e-03	6.49734e-01	-2.67232e+01
4	0	13	0	2	3	-4.13420e-03	7.26957e-01	-2.99675e+01
4	0	14	0	2	3	-4.90315e-03	8.27563e-01	-3.35630e+01
4	0	15	0	2	3	-4.73048e-03	8.13189e-01	-3.31901e+01
#######################################################################
# FBH Down                                                            #
#######################################################################
4	0	0	1	2	3	-5.62952e-03	8.96903e-01	-3.53273e+01
4	0	1	1	2	3	-4.29399e-03	7.37975e-01	-3.00049e+01
4	0	2	1	2	3	-5.26894e-03	8.67305e-01	-3.38992e+01
4	0	3	1	2	3	-3.80183e-03	6.69237e-01	-2.72260e+01
4	0	4	1	2	3	-4.35014e-03	7.35785e-01	-2.92008e+01
4	0	5	1	2	3	-4.02541e-03	6.86907e-01	-2.70312e+01
4	0	6	1	2	3	-4.16660e-03	7.08229e-01	-2.81512e+01
4	0	7	1	2	3	-3.93117e-03	6.84759e-01	-2.69101e+01
4	0	8	1	2	3	-4.14423e-03	6.96902e-01	-2.65883e+01
4	0	9	1	2	3	-2.83372e-03	5.62925e-01	-2.20787e+01
4	0	10	1	2	3	-4.07944e-03	7.09420e-01	-2.75603e+01
4	0	11	1	2	3	-3.50961e-03	6.50113e-01	-2.64167e+01
4	0	12	1	2	3	-3.52415e-03	6.49734e-01	-2.67232e+01
4	0	13	1	2	3	-4.13420e-03	7.26957e-01	-2.99675e+01
4	0	14	1	2	3	-4.90315e-03	8.27563e-01	-3.35630e+01
4	0	15	1	2	3	-4.73048e-03	8.13189e-01	-3.31901e+01
#######################################################################
# PVAC                                                                #
#######################################################################
5	0	0	0	1	3	0.00000e+00	0.00000e+00	0.00000e+00
#######################################################################
# FAC                                                                 #
#######################################################################
6	0	0	0	1	3	0.00000e+00	0.00000e+00	0.00000e+00
#######################################################################
# SCH                                                                 #
#######################################################################
#7	0	0	0	2	3	-0.00500000	0.821213	-32.185321
#7	0	1	0	2	3	-0.00500000	0.830248	-32.269563
#7	0	2	0	2	3	-0.00500000	0.793073	-29.315934
#7	0	3	0	2	3	-0.00500000	0.772144	-28.276705
#7	0	4	0	2	3	-0.00500000	0.801968	-30.687167
#7	0	5	0	2	3	-0.00500000	0.778300	-28.439251
#7	0	6	0	2	3	-0.00500000	0.765872	-27.918181
#7	0	7	0	2	3	-0.00500000	0.738459	-26.016797
#7	0	8	0	2	3	-0.00500000	0.778318	-28.676371
#7	0	9	0	2	3	-0.00500000	0.776670	-28.892887
#7	0	10	0	2	3	-0.00500000	0.764278	-28.122474
#7	0	11	0	2	3	-0.00500000	0.790742	-29.423647
#7	0	12	0	2	3	-0.00500000	0.811330	-30.487019
#7	0	13	0	2	3	-0.00500000	0.818750	-30.891512
#7	0	14	0	2	3	-0.00500000	0.802541	-30.009136
#7	0	15	0	2	3	-0.00500000	0.809525	-30.751746
#7	0	16	0	2	3	-0.00500000	0.802597	-30.845509
#7	0	17	0	2	3	-0.00500000	0.835028	-32.780792
#7	0	18	0	2	3	-0.00500000	0.859176	-33.938731
#7	0	19	0	2	3	-0.00500000	0.814851	-31.445396
#7	0	20	0	2	3	-0.00500000	0.809426	-30.781087
#7	0	21	0	2	3	-0.00500000	0.780678	-28.888756
#7	0	22	0	2	3	-0.00500000	0.808206	-30.719604
#7	0	23	0	2	3	-0.00500000	0.774024	-27.858339
#7	0	24	0	2	3	-0.00500000	0.794308	-29.022101
#7	0	25	0	2	3	-0.00500000	0.775649	-27.980186
#7	0	26	0	2	3	-0.00500000	0.788483	-28.687567
#7	0	27	0	2	3	-0.00466315	0.771386	-29.253260
#7	0	28	0	2	3	-0.00483132	0.790854	-28.637741
#7	0	29	0	2	3	-0.00497049	0.812994	-30.786914
#7	0	30	0	2	3	-0.00500000	0.787793	-28.362716
#7	0	31	0	2	3	-0.00500000	0.790759	-28.876812
#7	0	32	0	2	3	-0.00500000	0.824826	-31.655285
#7	0	33	0	2	3	-0.00500000	0.845304	-33.407765
#7	0	34	0	2	3	-0.00500000	0.832263	-32.939799
#7	0	35	0	2	3	-0.00500000	0.820631	-31.695372
#7	0	36	0	2	3	-0.00500000	0.836997	-33.200590
#7	0	37	0	2	3	-0.00500000	0.819690	-32.097193
#7	0	38	0	2	3	-0.00500000	0.808109	-31.263214
#7	0	39	0	2	3	-0.00500000	0.815224	-31.135523
#7	0	40	0	2	3	-0.00500000	0.803398	-29.897923
#7	0	41	0	2	3	-0.00500000	0.815685	-31.165519
#7	0	42	0	2	3	-0.00500000	0.812980	-30.737261
#7	0	43	0	2	3	-0.00500000	0.829418	-32.693307
#7	0	44	0	2	3	-0.00500000	0.789530	-29.464920
#7	0	45	0	2	3	-0.00500000	0.804789	-31.208151
#7	0	46	0	2	3	-0.00500000	0.830106	-32.806514
#7	0	47	0	2	3	-0.00500000	0.819206	-31.373242
#7	0	48	0	2	3	-0.00500000	0.816165	-31.709319
#7	0	49	0	2	3	-0.00500000	0.798496	-30.201709
#7	0	50	0	2	3	-0.00500000	0.812167	-31.795745
#7	0	51	0	2	3	-0.00500000	0.810749	-31.375226
#7	0	52	0	2	3	-0.00500000	0.803385	-31.372512
#7	0	53	0	2	3	-0.00500000	0.777405	-29.262831
#7	0	54	0	2	3	-0.00500000	0.783954	-29.763410
#7	0	55	0	2	3	-0.00500000	0.789443	-29.976449
#7	0	56	0	2	3	-0.00500000	0.838828	-33.261086
#7	0	57	0	2	3	-0.00500000	0.804421	-30.573195
#7	0	58	0	2	3	-0.00500000	0.773283	-29.111048
#7	0	59	0	2	3	-0.00500000	0.811789	-31.449459
#7	0	60	0	2	3	-0.00500000	0.759724	-28.110014
#7	0	61	0	2	3	-0.00500000	0.810884	-31.379063
#7	0	62	0	2	3	-0.00500000	0.771910	-28.435006
#7	0	63	0	2	3	-0.00500000	0.796658	-30.511906
#######################################################################
# TOF Up                                                              #
#######################################################################
7	0	0	0	1	3	5.24830e+00	-1.96630e+00	2.96170e+00
7	0	1	0	1	3	5.24830e+00	-1.96630e+00	2.96170e+00
7	0	2	0	1	3	5.24830e+00	-1.96630e+00	2.96170e+00
7	0	3	0	1	3	5.24830e+00	-1.96630e+00	2.96170e+00
7	0	4	0	1	3	5.24830e+00	-1.96630e+00	2.96170e+00
7	0	5	0	1	3	5.24830e+00	-1.96630e+00	2.96170e+00
7	0	6	0	1	3	6.97090e+00	-3.03520e+00	3.39910e+00
7	0	7	0	1	3	4.05450e+00	-1.96150e+00	2.30360e+00
7	0	8	0	1	3	1.16940e+02	-2.98600e+01	2.09880e+01
7	0	9	0	1	3	5.24830e+00	-1.96630e+00	2.96170e+00
7	0	10	0	1	3	5.24830e+00	-1.96630e+00	2.96170e+00
7	0	11	0	1	3	5.24830e+00	-1.96630e+00	2.96170e+00
7	0	12	0	1	3	5.24830e+00	-1.96630e+00	2.96170e+00
7	0	13	0	1	3	5.24830e+00	-1.96630e+00	2.96170e+00
7	0	14	0	1	3	5.24830e+00	-1.96630e+00	2.96170e+00
7	0	15	0	1	3	5.24830e+00	-1.96630e+00	2.96170e+00
7	0	16	0	1	3	5.24830e+00	-1.96630e+00	2.96170e+00
7	0	17	0	1	3	5.24830e+00	-1.96630e+00	2.96170e+00
7	0	18	0	1	3	5.24830e+00	-1.96630e+00	2.96170e+00
7	0	19	0	1	3	7.11491e-01	1.85180e-03	5.82402e-01
7	0	20	0	1	3	5.59404e-01	-1.73810e-03	4.50716e-01
7	0	21	0	1	3	8.92499e-01	1.99900e-03	7.37364e-01
7	0	22	0	1	3	6.37553e-01	1.99960e-03	5.45449e-01
7	0	23	0	1	3	1.19210e+00	1.98920e-03	9.99994e-01
#######################################################################
# TOF Down                                                            #
#######################################################################
7	0	0	1	1	3	5.84300e+00	-2.30730e+00	3.11320e+00
7	0	1	1	1	3	5.84300e+00	-2.30730e+00	3.11320e+00
7	0	2	1	1	3	5.84300e+00	-2.30730e+00	3.11320e+00
7	0	3	1	1	3	5.84300e+00	-2.30730e+00	3.11320e+00
7	0	4	1	1	3	5.84300e+00	-2.30730e+00	3.11320e+00
7	0	5	1	1	3	5.84300e+00	-2.30730e+00	3.11320e+00
7	0	6	1	1	3	1.41330e+01	-5.81170e+00	5.32680e+00
7	0	7	1	1	3	7.84850e+01	-2.02870e+01	1.69500e+01
7	0	8	1	1	3	2.20240e+02	-3.62440e+01	3.60080e+01
7	0	9	1	1	3	5.84300e+00	-2.30730e+00	3.11320e+00
7	0	10	1	1	3	5.84300e+00	-2.30730e+00	3.11320e+00
7	0	11	1	1	3	5.84300e+00	-2.30730e+00	3.11320e+00
7	0	12	1	1	3	5.84300e+00	-2.30730e+00	3.11320e+00
7	0	13	1	1	3	5.84300e+00	-2.30730e+00	3.11320e+00
7	0	14	1	1	3	5.84300e+00	-2.30730e+00	3.11320e+00
7	0	15	1	1	3	5.84300e+00	-2.30730e+00	3.11320e+00
7	0	16	1	1	3	5.84300e+00	-2.30730e+00	3.11320e+00
7	0	17	1	1	3	5.84300e+00	-2.30730e+00	3.11320e+00
7	0	18	1	1	3	5.84300e+00	-2.30730e+00	3.11320e+00
7	0	19	1	1	3	6.18741e-01	1.99860e-03	4.90831e-01
7	0	20	1	1	3	5.75901e-01	1.04210e-03	4.72509e-01
7	0	21	1	1	3	9.41046e-01	1.99890e-03	7.79357e-01
7	0	22	1	1	3	4.84266e-01	-1.95590e-03	3.99786e-01
7	0	23	1	1	3	8.97714e-01	1.99860e-03	7.56300e-01
#######################################################################
# BFT U                                                               #
#######################################################################
110	0	0	0	2	3	2.85955e-03	-4.95283e-01	1.61553e+01
110	0	1	0	2	3	-1.09849e-02	6.23828e-01	-6.08394e+00
110	0	2	0	2	3	5.30395e-03	-6.26037e-01	1.72983e+01
110	0	3	0	2	3	9.35896e-03	-9.02147e-01	2.03158e+01
110	0	4	0	2	3	9.29703e-04	-3.56061e-01	1.31443e+01
110	0	5	0	2	3	-3.34830e-03	-4.70110e-04	5.46112e+00
110	0	6	0	2	3	3.37161e-03	-5.40289e-01	1.60593e+01
110	0	7	0	2	3	1.13509e-03	-3.39108e-01	1.15753e+01
110	0	8	0	2	3	2.19663e-03	-4.55661e-01	1.37952e+01
110	0	9	0	2	3	-4.32562e-04	-2.48137e-01	1.13126e+01
110	0	10	0	2	3	4.13722e-03	-5.81187e-01	1.58690e+01
110	0	11	0	2	3	7.67925e-04	-3.39011e-01	1.19543e+01
110	0	12	0	2	3	3.28651e-03	-5.26634e-01	1.42674e+01
110	0	13	0	2	3	3.81484e-03	-5.60916e-01	1.68897e+01
110	0	14	0	2	3	3.51410e-03	-5.48970e-01	1.56932e+01
110	0	15	0	2	3	5.19715e-03	-6.70152e-01	1.89385e+01
110	0	16	0	2	3	3.62400e-03	-5.39648e-01	1.50877e+01
110	0	17	0	2	3	3.40010e-03	-5.25355e-01	1.56540e+01
110	0	18	0	2	3	3.34736e-03	-5.27539e-01	1.48826e+01
110	0	19	0	2	3	4.51572e-03	-6.16130e-01	1.54155e+01
110	0	20	0	2	3	4.45609e-03	-5.97273e-01	1.64788e+01
110	0	21	0	2	3	3.68568e-03	-5.46593e-01	1.63525e+01
110	0	22	0	2	3	4.46998e-03	-6.13770e-01	1.69458e+01
110	0	23	0	2	3	3.80492e-03	-5.52383e-01	1.61834e+01
110	0	24	0	2	3	3.99490e-03	-5.70860e-01	1.65050e+01
110	0	25	0	2	3	3.11846e-03	-4.99082e-01	1.46758e+01
110	0	26	0	2	3	4.38178e-03	-6.06262e-01	1.68450e+01
110	0	27	0	2	3	3.54237e-03	-5.34638e-01	1.58414e+01
110	0	28	0	2	3	3.07507e-03	-5.04703e-01	1.34952e+01
110	0	29	0	2	3	4.03494e-03	-5.61844e-01	1.57112e+01
110	0	30	0	2	3	4.39387e-03	-6.05785e-01	1.66420e+01
110	0	31	0	2	3	4.69367e-03	-6.20263e-01	1.73948e+01
110	0	32	0	2	3	3.50919e-03	-5.48179e-01	1.60055e+01
110	0	33	0	2	3	4.10353e-03	-5.58468e-01	1.34412e+01
110	0	34	0	2	3	4.26541e-03	-5.90985e-01	1.63279e+01
110	0	35	0	2	3	4.73063e-03	-6.30115e-01	1.76422e+01
110	0	36	0	2	3	4.17236e-03	-5.75647e-01	1.48938e+01
110	0	37	0	2	3	4.00442e-03	-5.74692e-01	1.75472e+01
110	0	38	0	2	3	4.39781e-03	-5.94583e-01	1.57527e+01
110	0	39	0	2	3	4.46868e-03	-6.01788e-01	1.67053e+01
110	0	40	0	2	3	3.88894e-03	-5.55140e-01	1.44187e+01
110	0	41	0	2	3	4.24283e-03	-5.85595e-01	1.75081e+01
110	0	42	0	2	3	4.52092e-03	-6.00401e-01	1.57645e+01
110	0	43	0	2	3	4.57232e-03	-6.20608e-01	1.78621e+01
110	0	44	0	2	3	3.90377e-03	-5.66615e-01	1.59144e+01
110	0	45	0	2	3	3.98067e-03	-5.63997e-01	1.66521e+01
110	0	46	0	2	3	4.10313e-03	-5.91140e-01	1.66151e+01
110	0	47	0	2	3	5.18658e-03	-6.66269e-01	1.87157e+01
110	0	48	0	2	3	3.65041e-03	-5.39953e-01	1.43112e+01
110	0	49	0	2	3	4.10309e-03	-5.75934e-01	1.73598e+01
110	0	50	0	2	3	4.50738e-03	-6.10079e-01	1.70826e+01
110	0	51	0	2	3	4.32954e-03	-5.91976e-01	1.65030e+01
110	0	52	0	2	3	3.87324e-03	-5.59711e-01	1.53154e+01
110	0	53	0	2	3	4.04693e-03	-5.69554e-01	1.60226e+01
110	0	54	0	2	3	4.18706e-03	-5.87347e-01	1.62995e+01
110	0	55	0	2	3	5.33431e-03	-6.65809e-01	1.77559e+01
110	0	56	0	2	3	4.37221e-03	-6.12081e-01	1.68025e+01
110	0	57	0	2	3	4.67780e-03	-6.16105e-01	1.74842e+01
110	0	58	0	2	3	4.29981e-03	-5.99402e-01	1.66342e+01
110	0	59	0	2	3	4.50415e-03	-6.20966e-01	1.80440e+01
110	0	60	0	2	3	4.18251e-03	-5.89421e-01	1.59838e+01
110	0	61	0	2	3	3.95543e-03	-5.67029e-01	1.64206e+01
110	0	62	0	2	3	4.81834e-03	-6.30230e-01	1.69388e+01
110	0	63	0	2	3	4.13274e-03	-5.78455e-01	1.64585e+01
110	0	64	0	2	3	4.17255e-03	-5.92711e-01	1.67575e+01
110	0	65	0	2	3	3.82106e-03	-5.61269e-01	1.63062e+01
110	0	66	0	2	3	5.06760e-03	-6.69422e-01	1.84392e+01
110	0	67	0	2	3	3.54677e-03	-5.44718e-01	1.62330e+01
110	0	68	0	2	3	3.62239e-03	-5.64484e-01	1.59082e+01
110	0	69	0	2	3	3.94446e-03	-5.67276e-01	1.59536e+01
110	0	70	0	2	3	4.27262e-03	-6.12821e-01	1.66891e+01
110	0	71	0	2	3	4.01930e-03	-5.79438e-01	1.66267e+01
110	0	72	0	2	3	3.62919e-03	-5.57601e-01	1.55404e+01
110	0	73	0	2	3	4.22516e-03	-5.92437e-01	1.62091e+01
110	0	74	0	2	3	4.52861e-03	-6.28892e-01	1.69238e+01
110	0	75	0	2	3	4.80911e-03	-6.30095e-01	1.71167e+01
110	0	76	0	2	3	3.70508e-03	-5.57195e-01	1.55996e+01
110	0	77	0	2	3	3.93823e-03	-5.70637e-01	1.64452e+01
110	0	78	0	2	3	4.71676e-03	-6.39373e-01	1.74171e+01
110	0	79	0	2	3	4.43134e-03	-6.01057e-01	1.65410e+01
110	0	80	0	2	3	3.46316e-03	-5.40673e-01	1.54073e+01
110	0	81	0	2	3	4.32929e-03	-5.88908e-01	1.63766e+01
110	0	82	0	2	3	4.53135e-03	-6.10633e-01	1.70918e+01
110	0	83	0	2	3	4.52106e-03	-6.14876e-01	1.68035e+01
110	0	84	0	2	3	3.45517e-03	-5.36142e-01	1.57635e+01
110	0	85	0	2	3	3.67122e-03	-5.45016e-01	1.59504e+01
110	0	86	0	2	3	4.31528e-03	-6.15340e-01	1.70869e+01
110	0	87	0	2	3	4.44462e-03	-6.14962e-01	1.75737e+01
110	0	88	0	2	3	3.94282e-03	-5.70486e-01	1.57890e+01
110	0	89	0	2	3	3.88334e-03	-5.69665e-01	1.61253e+01
110	0	90	0	2	3	4.51645e-03	-6.15866e-01	1.67447e+01
110	0	91	0	2	3	4.48396e-03	-6.19016e-01	1.76128e+01
110	0	92	0	2	3	3.62699e-03	-5.63772e-01	1.67745e+01
110	0	93	0	2	3	3.85757e-03	-5.63327e-01	1.57245e+01
110	0	94	0	2	3	4.15557e-03	-6.11087e-01	1.76319e+01
110	0	95	0	2	3	4.50869e-03	-6.14252e-01	1.72771e+01
110	0	96	0	2	3	3.53876e-03	-5.57442e-01	1.63316e+01
110	0	97	0	2	3	4.27641e-03	-5.93255e-01	1.70220e+01
110	0	98	0	2	3	4.17886e-03	-6.03774e-01	1.70838e+01
110	0	99	0	2	3	4.06991e-03	-5.81149e-01	1.55872e+01
110	0	100	0	2	3	3.79244e-03	-5.67533e-01	1.59734e+01
110	0	101	0	2	3	3.19350e-03	-5.23822e-01	1.58995e+01
110	0	102	0	2	3	4.90241e-03	-6.49395e-01	1.76463e+01
110	0	103	0	2	3	4.54739e-03	-6.17547e-01	1.69959e+01
110	0	104	0	2	3	3.64119e-03	-5.56417e-01	1.58926e+01
110	0	105	0	2	3	3.82749e-03	-5.64338e-01	1.60196e+01
110	0	106	0	2	3	4.27000e-03	-6.05747e-01	1.69181e+01
110	0	107	0	2	3	4.70602e-03	-6.25805e-01	1.65885e+01
110	0	108	0	2	3	3.77280e-03	-5.70468e-01	1.60806e+01
110	0	109	0	2	3	3.63443e-03	-5.53777e-01	1.57855e+01
110	0	110	0	2	3	4.57716e-03	-6.23165e-01	1.68896e+01
110	0	111	0	2	3	4.42322e-03	-6.20031e-01	1.71244e+01
110	0	112	0	2	3	3.64378e-03	-5.44586e-01	1.51774e+01
110	0	113	0	2	3	4.18470e-03	-5.82531e-01	1.61037e+01
110	0	114	0	2	3	4.65107e-03	-6.35021e-01	1.83830e+01
110	0	115	0	2	3	3.96197e-03	-5.74291e-01	1.61043e+01
110	0	116	0	2	3	4.28957e-03	-6.10228e-01	1.75255e+01
110	0	117	0	2	3	4.25225e-03	-5.89509e-01	1.72235e+01
110	0	118	0	2	3	4.07185e-03	-5.96435e-01	1.69274e+01
110	0	119	0	2	3	4.33885e-03	-5.92564e-01	1.53911e+01
110	0	120	0	2	3	4.61177e-03	-6.33514e-01	1.80226e+01
110	0	121	0	2	3	4.86780e-03	-6.24078e-01	1.64328e+01
110	0	122	0	2	3	4.13548e-03	-6.01363e-01	1.76767e+01
110	0	123	0	2	3	7.12713e-03	-8.00290e-01	2.03640e+01
110	0	124	0	2	3	4.28353e-03	-5.94572e-01	1.66684e+01
110	0	125	0	2	3	4.17327e-03	-5.71045e-01	1.38558e+01
110	0	126	0	2	3	3.78384e-03	-5.63099e-01	1.56451e+01
110	0	127	0	2	3	4.15685e-03	-5.80628e-01	1.61236e+01
110	0	128	0	2	3	3.50706e-03	-5.75360e-01	1.71702e+01
110	0	129	0	2	3	4.03586e-03	-6.04682e-01	1.72878e+01
110	0	130	0	2	3	-1.60928e-03	-1.99479e-01	1.14609e+01
110	0	131	0	2	3	3.00860e-03	-5.13530e-01	1.56279e+01
110	0	132	0	2	3	4.44208e-03	-6.33176e-01	1.84374e+01
110	0	133	0	2	3	3.31578e-03	-5.34129e-01	1.60015e+01
110	0	134	0	2	3	2.98670e-03	-5.34701e-01	1.62720e+01
110	0	135	0	2	3	2.40606e-03	-4.78039e-01	1.55139e+01
110	0	136	0	2	3	3.98231e-03	-5.80396e-01	1.60178e+01
110	0	137	0	2	3	3.54192e-03	-5.74515e-01	1.74378e+01
110	0	138	0	2	3	3.65827e-03	-5.70298e-01	1.79072e+01
110	0	139	0	2	3	4.00883e-03	-5.96511e-01	1.70689e+01
110	0	140	0	2	3	3.39917e-03	-5.57772e-01	1.70752e+01
110	0	141	0	2	3	3.54612e-03	-5.65403e-01	1.58588e+01
110	0	142	0	2	3	3.02261e-03	-5.26409e-01	1.67634e+01
110	0	143	0	2	3	4.31150e-03	-6.17611e-01	1.70925e+01
110	0	144	0	2	3	3.84082e-03	-5.93408e-01	1.72691e+01
110	0	145	0	2	3	3.46480e-03	-5.50911e-01	1.62412e+01
110	0	146	0	2	3	2.54536e-03	-4.91446e-01	1.51336e+01
110	0	147	0	2	3	4.20389e-03	-6.09429e-01	1.75566e+01
110	0	148	0	2	3	2.38921e-03	-4.89852e-01	1.57625e+01
110	0	149	0	2	3	3.83011e-03	-5.70303e-01	1.64730e+01
110	0	150	0	2	3	2.50083e-03	-4.93832e-01	1.55492e+01
110	0	151	0	2	3	3.26232e-03	-5.42476e-01	1.60796e+01
110	0	152	0	2	3	2.08276e-03	-4.54536e-01	1.50472e+01
110	0	153	0	2	3	5.40036e-03	-7.13550e-01	1.96600e+01
110	0	154	0	2	3	3.01472e-03	-5.27035e-01	1.63272e+01
110	0	155	0	2	3	3.86258e-03	-5.87607e-01	1.63398e+01
110	0	156	0	2	3	-2.21559e-04	-3.10191e-01	1.35241e+01
110	0	157	0	2	3	8.44651e-03	-9.09986e-01	2.28179e+01
110	0	158	0	2	3	-2.17679e-02	1.27345e+00	-1.56870e+01
110	0	159	0	2	3	-1.45717e-03	-2.18171e-01	1.13719e+01
#######################################################################
# BFT D                                                               #
#######################################################################
110	1	0	0	2	3	-1.70696e-02	9.51614e-01	-8.79472e+00
110	1	1	0	2	3	-4.18051e-03	1.36719e-02	7.18421e+00
110	1	2	0	2	3	3.33845e-03	-5.20199e-01	1.61301e+01
110	1	3	0	2	3	-3.13464e-02	2.20031e+00	-3.58166e+01
110	1	4	0	2	3	2.69803e-03	-4.91262e-01	1.61501e+01
110	1	5	0	2	3	3.91591e-03	-5.75945e-01	1.77778e+01
110	1	6	0	2	3	1.24354e-03	-4.06619e-01	1.38564e+01
110	1	7	0	2	3	4.17337e-03	-5.90433e-01	1.74394e+01
110	1	8	0	2	3	4.29111e-03	-5.95322e-01	1.72079e+01
110	1	9	0	2	3	-2.14927e-02	1.31808e+00	-1.71188e+01
110	1	10	0	2	3	4.14877e-03	-5.83469e-01	1.67100e+01
110	1	11	0	2	3	2.28077e-03	-4.51723e-01	1.46387e+01
110	1	12	0	2	3	2.09538e-03	-4.46682e-01	1.37860e+01
110	1	13	0	2	3	2.03235e-03	-4.34955e-01	1.41869e+01
110	1	14	0	2	3	3.28770e-03	-5.49576e-01	1.66371e+01
110	1	15	0	2	3	2.85398e-03	-5.01389e-01	1.53489e+01
110	1	16	0	2	3	2.97907e-03	-5.12787e-01	1.50557e+01
110	1	17	0	2	3	4.24510e-03	-5.96585e-01	1.71651e+01
110	1	18	0	2	3	4.19427e-03	-5.93388e-01	1.57482e+01
110	1	19	0	2	3	3.82169e-03	-5.62771e-01	1.68358e+01
110	1	20	0	2	3	3.27779e-03	-5.36894e-01	1.57689e+01
110	1	21	0	2	3	3.38613e-03	-5.36144e-01	1.63870e+01
110	1	22	0	2	3	4.67134e-03	-6.23104e-01	1.67588e+01
110	1	23	0	2	3	4.14479e-03	-5.75434e-01	1.61270e+01
110	1	24	0	2	3	3.51517e-03	-5.51007e-01	1.65655e+01
110	1	25	0	2	3	3.68064e-03	-5.52889e-01	1.60521e+01
110	1	26	0	2	3	3.41759e-03	-5.50871e-01	1.66026e+01
110	1	27	0	2	3	4.19873e-03	-5.95559e-01	1.76215e+01
110	1	28	0	2	3	3.46499e-03	-5.47119e-01	1.54313e+01
110	1	29	0	2	3	3.08172e-03	-5.14775e-01	1.56499e+01
110	1	30	0	2	3	4.16461e-03	-5.93389e-01	1.64487e+01
110	1	31	0	2	3	3.88857e-03	-5.79619e-01	1.69091e+01
110	1	32	0	2	3	3.48787e-03	-5.51901e-01	1.70741e+01
110	1	33	0	2	3	2.72095e-03	-4.95411e-01	1.42349e+01
110	1	34	0	2	3	3.76409e-03	-5.61842e-01	1.54270e+01
110	1	35	0	2	3	4.09418e-03	-5.97260e-01	1.82460e+01
110	1	36	0	2	3	4.07129e-03	-5.76910e-01	1.68261e+01
110	1	37	0	2	3	3.48092e-03	-5.36708e-01	1.50711e+01
110	1	38	0	2	3	3.89158e-03	-5.76852e-01	1.62148e+01
110	1	39	0	2	3	3.68652e-03	-5.54393e-01	1.64287e+01
110	1	40	0	2	3	3.67972e-03	-5.52517e-01	1.53308e+01
110	1	41	0	2	3	3.89865e-03	-5.67539e-01	1.60523e+01
110	1	42	0	2	3	4.09873e-03	-5.76468e-01	1.51875e+01
110	1	43	0	2	3	4.14358e-03	-5.87881e-01	1.72235e+01
110	1	44	0	2	3	3.72453e-03	-5.63836e-01	1.57400e+01
110	1	45	0	2	3	4.19593e-03	-5.90950e-01	1.67274e+01
110	1	46	0	2	3	4.04491e-03	-5.88053e-01	1.61528e+01
110	1	47	0	2	3	4.27544e-03	-6.12993e-01	1.80288e+01
110	1	48	0	2	3	4.02474e-03	-5.81074e-01	1.66988e+01
110	1	49	0	2	3	3.63662e-03	-5.45576e-01	1.60905e+01
110	1	50	0	2	3	4.23706e-03	-5.99137e-01	1.60210e+01
110	1	51	0	2	3	3.76524e-03	-5.64389e-01	1.72460e+01
110	1	52	0	2	3	3.48489e-03	-5.59131e-01	1.57258e+01
110	1	53	0	2	3	3.43468e-03	-5.39203e-01	1.60902e+01
110	1	54	0	2	3	4.17321e-03	-6.00695e-01	1.72921e+01
110	1	55	0	2	3	3.66180e-03	-5.51655e-01	1.70234e+01
110	1	56	0	2	3	3.83923e-03	-5.83802e-01	1.71719e+01
110	1	57	0	2	3	3.95422e-03	-5.79385e-01	1.73675e+01
110	1	58	0	2	3	4.03782e-03	-6.01420e-01	1.84355e+01
110	1	59	0	2	3	4.02982e-03	-5.92877e-01	1.79170e+01
110	1	60	0	2	3	3.93822e-03	-5.83378e-01	1.68968e+01
110	1	61	0	2	3	3.96668e-03	-5.65674e-01	1.65814e+01
110	1	62	0	2	3	4.01820e-03	-5.84912e-01	1.58423e+01
110	1	63	0	2	3	3.93668e-03	-5.76782e-01	1.66198e+01
110	1	64	0	2	3	3.52053e-03	-5.55208e-01	1.67900e+01
110	1	65	0	2	3	4.19492e-03	-5.93230e-01	1.62012e+01
110	1	66	0	2	3	4.51698e-03	-6.29650e-01	1.67740e+01
110	1	67	0	2	3	4.25519e-03	-6.02506e-01	1.65238e+01
110	1	68	0	2	3	3.42017e-03	-5.34433e-01	1.47291e+01
110	1	69	0	2	3	4.00165e-03	-5.81855e-01	1.61433e+01
110	1	70	0	2	3	4.33530e-03	-6.10932e-01	1.75452e+01
110	1	71	0	2	3	3.94972e-03	-5.87969e-01	1.65656e+01
110	1	72	0	2	3	3.84210e-03	-5.70789e-01	1.63338e+01
110	1	73	0	2	3	4.07251e-03	-5.93965e-01	1.71543e+01
110	1	74	0	2	3	4.56559e-03	-6.19729e-01	1.63054e+01
110	1	75	0	2	3	3.96893e-03	-5.85362e-01	1.69147e+01
110	1	76	0	2	3	3.90906e-03	-5.72776e-01	1.61616e+01
110	1	77	0	2	3	3.77449e-03	-5.71378e-01	1.66931e+01
110	1	78	0	2	3	4.15732e-03	-6.00044e-01	1.61087e+01
110	1	79	0	2	3	4.44968e-03	-6.14021e-01	1.62711e+01
110	1	80	0	2	3	4.25369e-03	-5.93032e-01	1.63720e+01
110	1	81	0	2	3	3.73321e-03	-5.60187e-01	1.56587e+01
110	1	82	0	2	3	4.66061e-03	-6.31105e-01	1.80847e+01
110	1	83	0	2	3	3.84148e-03	-5.63476e-01	1.60636e+01
110	1	84	0	2	3	3.57795e-03	-5.39768e-01	1.49528e+01
110	1	85	0	2	3	3.74758e-03	-5.60744e-01	1.59760e+01
110	1	86	0	2	3	4.07125e-03	-5.93476e-01	1.62770e+01
110	1	87	0	2	3	4.30107e-03	-5.93593e-01	1.52399e+01
110	1	88	0	2	3	3.96912e-03	-5.76581e-01	1.65838e+01
110	1	89	0	2	3	4.22577e-03	-5.98767e-01	1.63139e+01
110	1	90	0	2	3	4.24003e-03	-5.99849e-01	1.62361e+01
110	1	91	0	2	3	3.87676e-03	-5.68493e-01	1.56219e+01
110	1	92	0	2	3	3.57643e-03	-5.47236e-01	1.57341e+01
110	1	93	0	2	3	4.00746e-03	-5.77325e-01	1.64483e+01
110	1	94	0	2	3	3.89905e-03	-5.80690e-01	1.61581e+01
110	1	95	0	2	3	3.89873e-03	-5.77565e-01	1.62318e+01
110	1	96	0	2	3	4.17412e-03	-5.93572e-01	1.62992e+01
110	1	97	0	2	3	3.59521e-03	-5.52093e-01	1.55294e+01
110	1	98	0	2	3	4.08339e-03	-6.09710e-01	1.80594e+01
110	1	99	0	2	3	3.98995e-03	-5.80044e-01	1.63372e+01
110	1	100	0	2	3	4.00051e-03	-5.68017e-01	1.62692e+01
110	1	101	0	2	3	3.94429e-03	-5.76817e-01	1.58403e+01
110	1	102	0	2	3	3.91499e-03	-5.87243e-01	1.67883e+01
110	1	103	0	2	3	4.30468e-03	-5.99196e-01	1.65481e+01
110	1	104	0	2	3	4.26725e-03	-6.01501e-01	1.69803e+01
110	1	105	0	2	3	3.28017e-03	-5.30359e-01	1.48605e+01
110	1	106	0	2	3	3.96663e-03	-5.85042e-01	1.64620e+01
110	1	107	0	2	3	5.27757e-03	-6.62952e-01	1.67351e+01
110	1	108	0	2	3	3.27593e-03	-5.28999e-01	1.64080e+01
110	1	109	0	2	3	3.50024e-03	-5.46304e-01	1.56428e+01
110	1	110	0	2	3	4.19373e-03	-6.04337e-01	1.71043e+01
110	1	111	0	2	3	3.51427e-03	-5.56256e-01	1.64190e+01
110	1	112	0	2	3	4.14191e-03	-5.90553e-01	1.65763e+01
110	1	113	0	2	3	3.95312e-03	-5.77345e-01	1.67683e+01
110	1	114	0	2	3	4.71256e-03	-6.39951e-01	1.73316e+01
110	1	115	0	2	3	4.45511e-03	-6.11223e-01	1.70146e+01
110	1	116	0	2	3	4.03411e-03	-5.88956e-01	1.68252e+01
110	1	117	0	2	3	4.67985e-03	-6.24282e-01	1.64419e+01
110	1	118	0	2	3	4.48070e-03	-6.16724e-01	1.63523e+01
110	1	119	0	2	3	4.48090e-03	-6.14447e-01	1.64896e+01
110	1	120	0	2	3	3.81155e-03	-5.69103e-01	1.62054e+01
110	1	121	0	2	3	4.05397e-03	-5.83459e-01	1.66355e+01
110	1	122	0	2	3	4.65478e-03	-6.40274e-01	1.89358e+01
110	1	123	0	2	3	3.47298e-03	-5.49654e-01	1.76122e+01
110	1	124	0	2	3	4.88942e-03	-6.38815e-01	1.70085e+01
110	1	125	0	2	3	3.16909e-03	-5.25650e-01	1.59961e+01
110	1	126	0	2	3	3.62747e-03	-5.54105e-01	1.52418e+01
110	1	127	0	2	3	4.58230e-03	-6.19899e-01	1.73895e+01
110	1	128	0	2	3	3.16561e-03	-5.46848e-01	1.69038e+01
110	1	129	0	2	3	4.89879e-03	-6.68630e-01	1.89629e+01
110	1	130	0	2	3	4.20996e-03	-6.17831e-01	1.71724e+01
110	1	131	0	2	3	3.90024e-03	-5.79573e-01	1.67919e+01
110	1	132	0	2	3	4.47520e-03	-6.23598e-01	1.80649e+01
110	1	133	0	2	3	4.04639e-03	-5.89601e-01	1.67207e+01
110	1	134	0	2	3	3.44890e-03	-5.63181e-01	1.71504e+01
110	1	135	0	2	3	3.57963e-03	-5.56466e-01	1.55915e+01
110	1	136	0	2	3	3.69533e-03	-5.75155e-01	1.75834e+01
110	1	137	0	2	3	5.18188e-03	-6.80224e-01	1.78733e+01
110	1	138	0	2	3	3.70735e-03	-5.72888e-01	1.67369e+01
110	1	139	0	2	3	4.13813e-03	-5.97705e-01	1.64375e+01
110	1	140	0	2	3	5.36463e-03	-6.87931e-01	1.84495e+01
110	1	141	0	2	3	4.42854e-03	-6.23578e-01	1.73065e+01
110	1	142	0	2	3	4.03850e-03	-5.96169e-01	1.66597e+01
110	1	143	0	2	3	4.22353e-03	-6.10549e-01	1.78963e+01
110	1	144	0	2	3	3.19787e-03	-5.45856e-01	1.63410e+01
110	1	145	0	2	3	4.91423e-03	-6.47145e-01	1.78371e+01
110	1	146	0	2	3	3.03943e-03	-5.33943e-01	1.60657e+01
110	1	147	0	2	3	4.28877e-03	-6.03516e-01	1.62440e+01
110	1	148	0	2	3	4.51092e-03	-6.28242e-01	1.69228e+01
110	1	149	0	2	3	4.90743e-03	-6.42142e-01	1.81442e+01
110	1	150	0	2	3	4.18187e-03	-6.00073e-01	1.64287e+01
110	1	151	0	2	3	5.25897e-03	-6.74076e-01	1.81903e+01
110	1	152	0	2	3	3.74519e-03	-5.87631e-01	1.80847e+01
110	1	153	0	2	3	2.56118e-03	-4.82680e-01	1.58305e+01
110	1	154	0	2	3	2.89720e-03	-5.17183e-01	1.50517e+01
110	1	155	0	2	3	4.17586e-03	-6.03966e-01	1.71198e+01
110	1	156	0	2	3	1.05705e-03	-3.97763e-01	1.41542e+01
110	1	157	0	2	3	7.27156e-04	-3.59433e-01	1.37716e+01
110	1	158	0	2	3	-8.64954e-03	2.42089e-01	4.16027e+00
110	1	159	0	2	3	6.30345e-04	-3.46537e-01	1.34876e+01
