##
#  file: HodoPHCParam_Dummy
#  date: 2016.06.15
#  note: first version
#
#
#######################################################################
# CId	PlId	Seg	UorD	Type	nParam	p0	p1	...
#
#	Type=0 no correction will be performed
#	Type=1 ct=t-p[0]/sqrt(a-p[1])+p[2]
#	Type=2 ct=p[0]*a*a + p[1]*a + p[2] for Fiber
#
#######################################################################
# BH1 Up                                                              #
#######################################################################
1	0	0	0	1	3	9.72882e+01	-2.42381e+01	1.93388e+01
1	0	1	0	1	3	8.39811e-01	2.30870e-01	9.07677e-01
1	0	2	0	1	3	7.96271e-01	2.02772e-01	8.76313e-01
1	0	3	0	1	3	1.24269e+00	-1.47574e-01	1.19840e+00
1	0	4	0	1	3	1.09931e+00	-7.72769e-02	1.08260e+00
1	0	5	0	1	3	1.05845e+00	1.40683e-01	1.18835e+00
1	0	6	0	1	3	1.24845e+00	-7.32092e-02	1.22011e+00
1	0	7	0	1	3	1.38494e+00	-1.69323e-01	1.29113e+00
1	0	8	0	1	3	1.12943e+00	-1.85789e-01	1.05048e+00
1	0	9	0	1	3	1.39270e+00	-1.82072e-01	1.30041e+00
1	0	10	0	1	3	1.71493e+02	-3.15885e+01	3.00372e+01
#######################################################################
# BH1 Down                                                            #
#######################################################################
1	0	0	1	1	3	1.69589e+00	-2.63702e-01	1.46458e+00
1	0	1	1	1	3	6.65147e-01	3.06785e-01	7.74182e-01
1	0	2	1	1	3	1.69164e+00	-4.50471e-01	1.36238e+00
1	0	3	1	1	3	7.14482e+01	-2.23619e+01	1.47724e+01
1	0	4	1	1	3	1.42431e+00	-1.84323e-01	1.31423e+00
1	0	5	1	1	3	1.48351e+00	-1.17877e-01	1.40777e+00
1	0	6	1	1	3	1.64799e+00	-3.01989e-01	1.48452e+00
1	0	7	1	1	3	1.48685e+00	-1.75507e-01	1.38619e+00
1	0	8	1	1	3	5.71792e-01	2.68423e-01	6.99614e-01
1	0	9	1	1	3	1.07020e+00	4.47097e-02	1.11772e+00
1	0	10	1	1	3	5.19525e-01	3.65790e-01	6.45791e-01
#######################################################################
# BH2 Up                                                              #
#######################################################################
2	0	0	0	1	3	1.12115e-01	3.35357e-01	1.33957e-01
2	0	1	0	1	3	4.23202e-01	6.01088e-02	4.32756e-01
2	0	2	0	1	3	4.01076e-01	4.56070e-02	4.03148e-01
2	0	3	0	1	3	3.85284e-01	5.67440e-02	3.98101e-01
2	0	4	0	1	3	2.66200e-01	1.48660e-01	2.92941e-01
2	0	5	0	1	3	1.66891e-01	2.88043e-01	2.06447e-01
2	0	6	0	1	3	1.71542e-01	2.55850e-01	2.12138e-01
2	0	7	0	1	3	1.96083e-01	2.29490e-01	2.30246e-01
#######################################################################
# BH2 Down                                                            #
#######################################################################
2	0	0	1	1	3	1.86082e-01	2.04597e-01	2.06299e-01
2	0	1	1	1	3	3.69447e-01	6.07075e-02	3.67987e-01
2	0	2	1	1	3	4.36704e-01	5.29092e-03	4.17610e-01
2	0	3	1	1	3	5.05110e-01	-2.36197e-01	4.33924e-01
2	0	4	1	1	3	3.34198e-01	6.07922e-02	3.30964e-01
2	0	5	1	1	3	2.71316e-01	1.29618e-01	2.74971e-01
2	0	6	1	1	3	4.51400e-01	-3.05140e-02	4.20447e-01
2	0	7	1	1	3	2.11967e-01	8.42464e-02	2.22906e-01
#######################################################################
# BAC                                                                 #
#######################################################################
3	0	0	0	1	3	0.00000e+00	0.00000e+00	0.00000e+00
3	0	1	0	1	3	0.00000e+00	0.00000e+00	0.00000e+00
#######################################################################
# FBH Up                                                              #
#######################################################################
4	0	0	0	2	3	-5.62952e-03	8.96903e-01	-3.53273e+01
4	0	1	0	2	3	-4.29399e-03	7.37975e-01	-3.00049e+01
4	0	2	0	2	3	-5.26894e-03	8.67305e-01	-3.38992e+01
4	0	3	0	2	3	-3.80183e-03	6.69237e-01	-2.72260e+01
4	0	4	0	2	3	-4.35014e-03	7.35785e-01	-2.92008e+01
4	0	5	0	2	3	-4.02541e-03	6.86907e-01	-2.70312e+01
4	0	6	0	2	3	-4.16660e-03	7.08229e-01	-2.81512e+01
4	0	7	0	2	3	-3.93117e-03	6.84759e-01	-2.69101e+01
4	0	8	0	2	3	-4.14423e-03	6.96902e-01	-2.65883e+01
4	0	9	0	2	3	-2.83372e-03	5.62925e-01	-2.20787e+01
4	0	10	0	2	3	-4.07944e-03	7.09420e-01	-2.75603e+01
4	0	11	0	2	3	-3.50961e-03	6.50113e-01	-2.64167e+01
4	0	12	0	2	3	-3.52415e-03	6.49734e-01	-2.67232e+01
4	0	13	0	2	3	-4.13420e-03	7.26957e-01	-2.99675e+01
4	0	14	0	2	3	-4.90315e-03	8.27563e-01	-3.35630e+01
4	0	15	0	2	3	-4.73048e-03	8.13189e-01	-3.31901e+01
#######################################################################
# FBH Down                                                            #
#######################################################################
4	0	0	1	2	3	-5.62952e-03	8.96903e-01	-3.53273e+01
4	0	1	1	2	3	-4.29399e-03	7.37975e-01	-3.00049e+01
4	0	2	1	2	3	-5.26894e-03	8.67305e-01	-3.38992e+01
4	0	3	1	2	3	-3.80183e-03	6.69237e-01	-2.72260e+01
4	0	4	1	2	3	-4.35014e-03	7.35785e-01	-2.92008e+01
4	0	5	1	2	3	-4.02541e-03	6.86907e-01	-2.70312e+01
4	0	6	1	2	3	-4.16660e-03	7.08229e-01	-2.81512e+01
4	0	7	1	2	3	-3.93117e-03	6.84759e-01	-2.69101e+01
4	0	8	1	2	3	-4.14423e-03	6.96902e-01	-2.65883e+01
4	0	9	1	2	3	-2.83372e-03	5.62925e-01	-2.20787e+01
4	0	10	1	2	3	-4.07944e-03	7.09420e-01	-2.75603e+01
4	0	11	1	2	3	-3.50961e-03	6.50113e-01	-2.64167e+01
4	0	12	1	2	3	-3.52415e-03	6.49734e-01	-2.67232e+01
4	0	13	1	2	3	-4.13420e-03	7.26957e-01	-2.99675e+01
4	0	14	1	2	3	-4.90315e-03	8.27563e-01	-3.35630e+01
4	0	15	1	2	3	-4.73048e-03	8.13189e-01	-3.31901e+01
#######################################################################
# PVAC                                                                #
#######################################################################
5	0	0	0	1	3	0.00000e+00	0.00000e+00	0.00000e+00
#######################################################################
# FAC                                                                 #
#######################################################################
6	0	0	0	1	3	0.00000e+00	0.00000e+00	0.00000e+00
#######################################################################
# SCH                                                                 #
#######################################################################
#7	0	0	0	2	3	-0.00500000	0.821213	-32.185321
#7	0	1	0	2	3	-0.00500000	0.830248	-32.269563
#7	0	2	0	2	3	-0.00500000	0.793073	-29.315934
#7	0	3	0	2	3	-0.00500000	0.772144	-28.276705
#7	0	4	0	2	3	-0.00500000	0.801968	-30.687167
#7	0	5	0	2	3	-0.00500000	0.778300	-28.439251
#7	0	6	0	2	3	-0.00500000	0.765872	-27.918181
#7	0	7	0	2	3	-0.00500000	0.738459	-26.016797
#7	0	8	0	2	3	-0.00500000	0.778318	-28.676371
#7	0	9	0	2	3	-0.00500000	0.776670	-28.892887
#7	0	10	0	2	3	-0.00500000	0.764278	-28.122474
#7	0	11	0	2	3	-0.00500000	0.790742	-29.423647
#7	0	12	0	2	3	-0.00500000	0.811330	-30.487019
#7	0	13	0	2	3	-0.00500000	0.818750	-30.891512
#7	0	14	0	2	3	-0.00500000	0.802541	-30.009136
#7	0	15	0	2	3	-0.00500000	0.809525	-30.751746
#7	0	16	0	2	3	-0.00500000	0.802597	-30.845509
#7	0	17	0	2	3	-0.00500000	0.835028	-32.780792
#7	0	18	0	2	3	-0.00500000	0.859176	-33.938731
#7	0	19	0	2	3	-0.00500000	0.814851	-31.445396
#7	0	20	0	2	3	-0.00500000	0.809426	-30.781087
#7	0	21	0	2	3	-0.00500000	0.780678	-28.888756
#7	0	22	0	2	3	-0.00500000	0.808206	-30.719604
#7	0	23	0	2	3	-0.00500000	0.774024	-27.858339
#7	0	24	0	2	3	-0.00500000	0.794308	-29.022101
#7	0	25	0	2	3	-0.00500000	0.775649	-27.980186
#7	0	26	0	2	3	-0.00500000	0.788483	-28.687567
#7	0	27	0	2	3	-0.00466315	0.771386	-29.253260
#7	0	28	0	2	3	-0.00483132	0.790854	-28.637741
#7	0	29	0	2	3	-0.00497049	0.812994	-30.786914
#7	0	30	0	2	3	-0.00500000	0.787793	-28.362716
#7	0	31	0	2	3	-0.00500000	0.790759	-28.876812
#7	0	32	0	2	3	-0.00500000	0.824826	-31.655285
#7	0	33	0	2	3	-0.00500000	0.845304	-33.407765
#7	0	34	0	2	3	-0.00500000	0.832263	-32.939799
#7	0	35	0	2	3	-0.00500000	0.820631	-31.695372
#7	0	36	0	2	3	-0.00500000	0.836997	-33.200590
#7	0	37	0	2	3	-0.00500000	0.819690	-32.097193
#7	0	38	0	2	3	-0.00500000	0.808109	-31.263214
#7	0	39	0	2	3	-0.00500000	0.815224	-31.135523
#7	0	40	0	2	3	-0.00500000	0.803398	-29.897923
#7	0	41	0	2	3	-0.00500000	0.815685	-31.165519
#7	0	42	0	2	3	-0.00500000	0.812980	-30.737261
#7	0	43	0	2	3	-0.00500000	0.829418	-32.693307
#7	0	44	0	2	3	-0.00500000	0.789530	-29.464920
#7	0	45	0	2	3	-0.00500000	0.804789	-31.208151
#7	0	46	0	2	3	-0.00500000	0.830106	-32.806514
#7	0	47	0	2	3	-0.00500000	0.819206	-31.373242
#7	0	48	0	2	3	-0.00500000	0.816165	-31.709319
#7	0	49	0	2	3	-0.00500000	0.798496	-30.201709
#7	0	50	0	2	3	-0.00500000	0.812167	-31.795745
#7	0	51	0	2	3	-0.00500000	0.810749	-31.375226
#7	0	52	0	2	3	-0.00500000	0.803385	-31.372512
#7	0	53	0	2	3	-0.00500000	0.777405	-29.262831
#7	0	54	0	2	3	-0.00500000	0.783954	-29.763410
#7	0	55	0	2	3	-0.00500000	0.789443	-29.976449
#7	0	56	0	2	3	-0.00500000	0.838828	-33.261086
#7	0	57	0	2	3	-0.00500000	0.804421	-30.573195
#7	0	58	0	2	3	-0.00500000	0.773283	-29.111048
#7	0	59	0	2	3	-0.00500000	0.811789	-31.449459
#7	0	60	0	2	3	-0.00500000	0.759724	-28.110014
#7	0	61	0	2	3	-0.00500000	0.810884	-31.379063
#7	0	62	0	2	3	-0.00500000	0.771910	-28.435006
#7	0	63	0	2	3	-0.00500000	0.796658	-30.511906
#######################################################################
# TOF Up                                                              #
#######################################################################
7	0	0	0	1	3	5.24830e+00	-1.96630e+00	2.96170e+00
7	0	1	0	1	3	5.24830e+00	-1.96630e+00	2.96170e+00
7	0	2	0	1	3	5.24830e+00	-1.96630e+00	2.96170e+00
7	0	3	0	1	3	5.24830e+00	-1.96630e+00	2.96170e+00
7	0	4	0	1	3	5.24830e+00	-1.96630e+00	2.96170e+00
7	0	5	0	1	3	5.24830e+00	-1.96630e+00	2.96170e+00
7	0	6	0	1	3	6.97090e+00	-3.03520e+00	3.39910e+00
7	0	7	0	1	3	4.05450e+00	-1.96150e+00	2.30360e+00
7	0	8	0	1	3	1.16940e+02	-2.98600e+01	2.09880e+01
7	0	9	0	1	3	5.24830e+00	-1.96630e+00	2.96170e+00
7	0	10	0	1	3	5.24830e+00	-1.96630e+00	2.96170e+00
7	0	11	0	1	3	5.24830e+00	-1.96630e+00	2.96170e+00
7	0	12	0	1	3	5.24830e+00	-1.96630e+00	2.96170e+00
7	0	13	0	1	3	5.24830e+00	-1.96630e+00	2.96170e+00
7	0	14	0	1	3	5.24830e+00	-1.96630e+00	2.96170e+00
7	0	15	0	1	3	5.24830e+00	-1.96630e+00	2.96170e+00
7	0	16	0	1	3	5.24830e+00	-1.96630e+00	2.96170e+00
7	0	17	0	1	3	5.24830e+00	-1.96630e+00	2.96170e+00
7	0	18	0	1	3	5.24830e+00	-1.96630e+00	2.96170e+00
7	0	19	0	1	3	7.11491e-01	1.85180e-03	5.82402e-01
7	0	20	0	1	3	5.59404e-01	-1.73810e-03	4.50716e-01
7	0	21	0	1	3	8.92499e-01	1.99900e-03	7.37364e-01
7	0	22	0	1	3	6.37553e-01	1.99960e-03	5.45449e-01
7	0	23	0	1	3	1.19210e+00	1.98920e-03	9.99994e-01
#######################################################################
# TOF Down                                                            #
#######################################################################
7	0	0	1	1	3	5.84300e+00	-2.30730e+00	3.11320e+00
7	0	1	1	1	3	5.84300e+00	-2.30730e+00	3.11320e+00
7	0	2	1	1	3	5.84300e+00	-2.30730e+00	3.11320e+00
7	0	3	1	1	3	5.84300e+00	-2.30730e+00	3.11320e+00
7	0	4	1	1	3	5.84300e+00	-2.30730e+00	3.11320e+00
7	0	5	1	1	3	5.84300e+00	-2.30730e+00	3.11320e+00
7	0	6	1	1	3	1.41330e+01	-5.81170e+00	5.32680e+00
7	0	7	1	1	3	7.84850e+01	-2.02870e+01	1.69500e+01
7	0	8	1	1	3	2.20240e+02	-3.62440e+01	3.60080e+01
7	0	9	1	1	3	5.84300e+00	-2.30730e+00	3.11320e+00
7	0	10	1	1	3	5.84300e+00	-2.30730e+00	3.11320e+00
7	0	11	1	1	3	5.84300e+00	-2.30730e+00	3.11320e+00
7	0	12	1	1	3	5.84300e+00	-2.30730e+00	3.11320e+00
7	0	13	1	1	3	5.84300e+00	-2.30730e+00	3.11320e+00
7	0	14	1	1	3	5.84300e+00	-2.30730e+00	3.11320e+00
7	0	15	1	1	3	5.84300e+00	-2.30730e+00	3.11320e+00
7	0	16	1	1	3	5.84300e+00	-2.30730e+00	3.11320e+00
7	0	17	1	1	3	5.84300e+00	-2.30730e+00	3.11320e+00
7	0	18	1	1	3	5.84300e+00	-2.30730e+00	3.11320e+00
7	0	19	1	1	3	6.18741e-01	1.99860e-03	4.90831e-01
7	0	20	1	1	3	5.75901e-01	1.04210e-03	4.72509e-01
7	0	21	1	1	3	9.41046e-01	1.99890e-03	7.79357e-01
7	0	22	1	1	3	4.84266e-01	-1.95590e-03	3.99786e-01
7	0	23	1	1	3	8.97714e-01	1.99860e-03	7.56300e-01
#######################################################################
# BFT U                                                               #
#######################################################################
110	0	0	0	2	3	6.27640e-03	-6.12002e-01	1.42380e+01
110	0	1	0	2	3	-9.44781e-03	7.60524e-01	-1.33549e+01
110	0	2	0	2	3	1.78968e-03	-4.27285e-01	1.52202e+01
110	0	3	0	2	3	-8.13817e-04	-2.03568e-01	8.52017e+00
110	0	4	0	2	3	-6.57621e-04	-2.30034e-01	1.05999e+01
110	0	5	0	2	3	-9.56900e-04	-1.93516e-01	1.00865e+01
110	0	6	0	2	3	9.96071e-03	-1.01704e+00	2.42054e+01
110	0	7	0	2	3	1.00413e-03	-3.26656e-01	1.11363e+01
110	0	8	0	2	3	1.33099e-03	-3.95737e-01	1.35755e+01
110	0	9	0	2	3	-2.79846e-03	-4.88547e-02	7.08645e+00
110	0	10	0	2	3	1.89789e-03	-4.27659e-01	1.31864e+01
110	0	11	0	2	3	-6.16738e-03	2.06473e-01	2.18785e+00
110	0	12	0	2	3	3.39793e-03	-5.38230e-01	1.55177e+01
110	0	13	0	2	3	-1.19681e-02	6.34261e-01	-5.66719e+00
110	0	14	0	2	3	3.62573e-03	-5.63209e-01	1.59925e+01
110	0	15	0	2	3	-6.16038e-03	1.78079e-01	3.25617e+00
110	0	16	0	2	3	4.41215e-03	-5.91573e-01	1.57945e+01
110	0	17	0	2	3	-5.75128e-03	1.80258e-01	2.15108e+00
110	0	18	0	2	3	3.66092e-03	-5.36856e-01	1.47142e+01
110	0	19	0	2	3	3.96313e-03	-5.79799e-01	1.47901e+01
110	0	20	0	2	3	1.99705e-03	-4.34915e-01	1.37931e+01
110	0	21	0	2	3	4.43256e-03	-6.06685e-01	1.73967e+01
110	0	22	0	2	3	1.72939e-03	-4.10907e-01	1.31749e+01
110	0	23	0	2	3	4.16943e-03	-5.75472e-01	1.64167e+01
110	0	24	0	2	3	3.20290e-03	-5.26491e-01	1.58648e+01
110	0	25	0	2	3	4.14119e-03	-5.75837e-01	1.69930e+01
110	0	26	0	2	3	3.21229e-03	-5.26698e-01	1.54158e+01
110	0	27	0	2	3	4.80206e-03	-6.11408e-01	1.67744e+01
110	0	28	0	2	3	4.42745e-03	-5.88045e-01	1.46280e+01
110	0	29	0	2	3	4.04653e-03	-5.60143e-01	1.55337e+01
110	0	30	0	2	3	4.91093e-03	-6.43376e-01	1.72256e+01
110	0	31	0	2	3	4.73039e-03	-6.22511e-01	1.73200e+01
110	0	32	0	2	3	4.85042e-03	-6.38370e-01	1.73834e+01
110	0	33	0	2	3	4.58872e-03	-5.83088e-01	1.36436e+01
110	0	34	0	2	3	4.04317e-03	-5.79976e-01	1.61547e+01
110	0	35	0	2	3	3.68907e-03	-5.49549e-01	1.59949e+01
110	0	36	0	2	3	3.55189e-03	-5.33311e-01	1.41131e+01
110	0	37	0	2	3	4.06381e-03	-5.75640e-01	1.73799e+01
110	0	38	0	2	3	3.70010e-03	-5.51586e-01	1.50297e+01
110	0	39	0	2	3	4.37010e-03	-5.94635e-01	1.64395e+01
110	0	40	0	2	3	3.79670e-03	-5.53872e-01	1.43988e+01
110	0	41	0	2	3	4.36079e-03	-5.95121e-01	1.76088e+01
110	0	42	0	2	3	3.85683e-03	-5.56859e-01	1.49792e+01
110	0	43	0	2	3	4.33427e-03	-6.01767e-01	1.73853e+01
110	0	44	0	2	3	4.17980e-03	-5.83979e-01	1.60814e+01
110	0	45	0	2	3	4.54009e-03	-6.03714e-01	1.72378e+01
110	0	46	0	2	3	3.96011e-03	-5.81682e-01	1.63947e+01
110	0	47	0	2	3	5.30067e-03	-6.69930e-01	1.85898e+01
110	0	48	0	2	3	3.70026e-03	-5.46539e-01	1.43776e+01
110	0	49	0	2	3	4.17592e-03	-5.82101e-01	1.73865e+01
110	0	50	0	2	3	4.44121e-03	-6.05146e-01	1.69068e+01
110	0	51	0	2	3	4.45079e-03	-5.99388e-01	1.65058e+01
110	0	52	0	2	3	3.40798e-03	-5.26569e-01	1.46455e+01
110	0	53	0	2	3	4.27119e-03	-5.82572e-01	1.60631e+01
110	0	54	0	2	3	4.10404e-03	-5.83838e-01	1.61747e+01
110	0	55	0	2	3	4.75682e-03	-6.26832e-01	1.70163e+01
110	0	56	0	2	3	3.86753e-03	-5.74331e-01	1.59921e+01
110	0	57	0	2	3	4.17448e-03	-5.83787e-01	1.69085e+01
110	0	58	0	2	3	4.09619e-03	-5.84811e-01	1.62860e+01
110	0	59	0	2	3	4.04667e-03	-5.86048e-01	1.72593e+01
110	0	60	0	2	3	4.20202e-03	-5.89836e-01	1.58722e+01
110	0	61	0	2	3	3.25984e-03	-5.20722e-01	1.55762e+01
110	0	62	0	2	3	4.47628e-03	-6.05650e-01	1.63767e+01
110	0	63	0	2	3	3.80000e-03	-5.56928e-01	1.59940e+01
110	0	64	0	2	3	3.54695e-03	-5.47237e-01	1.58385e+01
110	0	65	0	2	3	4.39287e-03	-5.98117e-01	1.67811e+01
110	0	66	0	2	3	4.85814e-03	-6.52203e-01	1.79912e+01
110	0	67	0	2	3	3.93229e-03	-5.70281e-01	1.65392e+01
110	0	68	0	2	3	3.45552e-03	-5.48015e-01	1.54264e+01
110	0	69	0	2	3	3.74539e-03	-5.55773e-01	1.57062e+01
110	0	70	0	2	3	4.24409e-03	-6.13540e-01	1.66494e+01
110	0	71	0	2	3	3.80406e-03	-5.58510e-01	1.60415e+01
110	0	72	0	2	3	3.43820e-03	-5.46626e-01	1.52805e+01
110	0	73	0	2	3	4.00129e-03	-5.80511e-01	1.69822e+01
110	0	74	0	2	3	4.58094e-03	-6.33556e-01	1.79177e+01
110	0	75	0	2	3	3.92666e-03	-5.68539e-01	1.59849e+01
110	0	76	0	2	3	3.53143e-03	-5.42548e-01	1.52023e+01
110	0	77	0	2	3	3.75270e-03	-5.60193e-01	1.62384e+01
110	0	78	0	2	3	4.37156e-03	-6.17549e-01	1.69951e+01
110	0	79	0	2	3	4.66342e-03	-6.17934e-01	1.67494e+01
110	0	80	0	2	3	4.01009e-03	-5.73069e-01	1.57376e+01
110	0	81	0	2	3	4.05668e-03	-5.72600e-01	1.60492e+01
110	0	82	0	2	3	4.22938e-03	-5.92677e-01	1.67564e+01
110	0	83	0	2	3	4.55635e-03	-6.18380e-01	1.67660e+01
110	0	84	0	2	3	3.73218e-03	-5.58704e-01	1.60701e+01
110	0	85	0	2	3	3.88956e-03	-5.63214e-01	1.62188e+01
110	0	86	0	2	3	4.89167e-03	-6.49315e-01	1.74413e+01
110	0	87	0	2	3	3.80328e-03	-5.69071e-01	1.66799e+01
110	0	88	0	2	3	3.65763e-03	-5.47443e-01	1.52168e+01
110	0	89	0	2	3	4.31643e-03	-5.97924e-01	1.64791e+01
110	0	90	0	2	3	4.13611e-03	-5.90778e-01	1.62201e+01
110	0	91	0	2	3	4.35873e-03	-6.06110e-01	1.71684e+01
110	0	92	0	2	3	4.42148e-03	-6.17401e-01	1.75142e+01
110	0	93	0	2	3	4.52441e-03	-6.09463e-01	1.63848e+01
110	0	94	0	2	3	3.11189e-03	-5.31114e-01	1.60034e+01
110	0	95	0	2	3	3.63754e-03	-5.58019e-01	1.62810e+01
110	0	96	0	2	3	4.31839e-03	-6.02194e-01	1.67605e+01
110	0	97	0	2	3	4.49274e-03	-6.16464e-01	1.74572e+01
110	0	98	0	2	3	3.12626e-03	-5.36173e-01	1.59533e+01
110	0	99	0	2	3	4.41329e-03	-6.06149e-01	1.69130e+01
110	0	100	0	2	3	3.65929e-03	-5.58998e-01	1.67386e+01
110	0	101	0	2	3	3.27228e-03	-5.22563e-01	1.56132e+01
110	0	102	0	2	3	4.08138e-03	-5.92640e-01	1.65817e+01
110	0	103	0	2	3	4.02608e-03	-5.82530e-01	1.63334e+01
110	0	104	0	2	3	3.97744e-03	-5.87820e-01	1.64630e+01
110	0	105	0	2	3	4.14657e-03	-5.84949e-01	1.62228e+01
110	0	106	0	2	3	4.86736e-03	-6.45201e-01	1.74547e+01
110	0	107	0	2	3	3.78447e-03	-5.54692e-01	1.61002e+01
110	0	108	0	2	3	3.35265e-03	-5.42522e-01	1.55376e+01
110	0	109	0	2	3	4.31107e-03	-6.05271e-01	1.66202e+01
110	0	110	0	2	3	3.97149e-03	-5.79926e-01	1.60535e+01
110	0	111	0	2	3	5.37375e-03	-6.92451e-01	1.83933e+01
110	0	112	0	2	3	3.27991e-03	-5.23474e-01	1.47670e+01
110	0	113	0	2	3	4.43274e-03	-6.05496e-01	1.64775e+01
110	0	114	0	2	3	4.06529e-03	-5.91067e-01	1.74324e+01
110	0	115	0	2	3	4.61762e-03	-6.14346e-01	1.65248e+01
110	0	116	0	2	3	2.76015e-03	-5.00841e-01	1.54710e+01
110	0	117	0	2	3	4.11477e-03	-5.85805e-01	1.71782e+01
110	0	118	0	2	3	2.72703e-03	-4.93835e-01	1.48584e+01
110	0	119	0	2	3	5.21892e-03	-6.53832e-01	1.73523e+01
110	0	120	0	2	3	5.35812e-03	-6.87910e-01	1.88303e+01
110	0	121	0	2	3	4.41473e-03	-6.00629e-01	1.50631e+01
110	0	122	0	2	3	4.03141e-03	-5.88480e-01	1.71906e+01
110	0	123	0	2	3	5.11181e-03	-6.58374e-01	1.77755e+01
110	0	124	0	2	3	5.12911e-03	-6.55124e-01	1.86729e+01
110	0	125	0	2	3	3.14900e-03	-5.16054e-01	1.31642e+01
110	0	126	0	2	3	3.95164e-03	-5.72310e-01	1.55732e+01
110	0	127	0	2	3	3.93857e-03	-5.71111e-01	1.59839e+01
110	0	128	0	2	3	2.97055e-03	-5.43137e-01	1.66940e+01
110	0	129	0	2	3	2.95389e-03	-5.19469e-01	1.55657e+01
110	0	130	0	2	3	2.05522e-03	-4.71521e-01	1.62237e+01
110	0	131	0	2	3	2.82147e-03	-4.98251e-01	1.51817e+01
110	0	132	0	2	3	2.84333e-03	-5.13131e-01	1.60974e+01
110	0	133	0	2	3	4.06364e-03	-5.87888e-01	1.69092e+01
110	0	134	0	2	3	3.53602e-03	-5.73676e-01	1.67596e+01
110	0	135	0	2	3	1.81988e-03	-4.34169e-01	1.45823e+01
110	0	136	0	2	3	-9.79769e-04	-2.34410e-01	1.09809e+01
110	0	137	0	2	3	3.91544e-03	-5.85264e-01	1.72227e+01
110	0	138	0	2	3	4.03610e-03	-6.01760e-01	1.83911e+01
110	0	139	0	2	3	2.71751e-03	-5.13263e-01	1.56936e+01
110	0	140	0	2	3	2.05926e-03	-4.61597e-01	1.52746e+01
110	0	141	0	2	3	3.81920e-03	-5.77973e-01	1.68738e+01
110	0	142	0	2	3	3.70167e-03	-5.72008e-01	1.74007e+01
110	0	143	0	2	3	1.19422e-03	-3.95262e-01	1.31153e+01
110	0	144	0	2	3	3.76970e-03	-5.93021e-01	1.72526e+01
110	0	145	0	2	3	4.87742e-03	-6.36942e-01	1.73459e+01
110	0	146	0	2	3	2.42411e-03	-4.76783e-01	1.46041e+01
110	0	147	0	2	3	4.65227e-03	-6.35549e-01	1.78889e+01
110	0	148	0	2	3	1.08870e-03	-3.89203e-01	1.37343e+01
110	0	149	0	2	3	4.21639e-03	-6.05002e-01	1.70993e+01
110	0	150	0	2	3	2.57114e-03	-4.95055e-01	1.54680e+01
110	0	151	0	2	3	4.89840e-03	-6.66575e-01	1.82482e+01
110	0	152	0	2	3	2.29355e-03	-4.87369e-01	1.59125e+01
110	0	153	0	2	3	4.32996e-03	-6.25180e-01	1.77821e+01
110	0	154	0	2	3	5.32289e-03	-6.96006e-01	1.92668e+01
110	0	155	0	2	3	2.68468e-03	-4.82528e-01	1.40069e+01
110	0	156	0	2	3	-9.59361e-03	4.10266e-01	-3.64374e-01
110	0	157	0	2	3	-2.54521e-02	1.55418e+00	-2.04068e+01
110	0	158	0	2	3	-7.59694e-03	2.32029e-01	4.05863e+00
110	0	159	0	2	3	3.18888e-03	-5.00770e-01	1.52028e+01
#######################################################################
# BFT D                                                               #
#######################################################################
110	1	0	0	2	3	1.20748e-04	-3.83694e-01	1.69089e+01
110	1	1	0	2	3	9.05930e-03	-8.48278e-01	2.00459e+01
110	1	2	0	2	3	-7.34218e-03	2.47462e-01	2.38412e+00
110	1	3	0	2	3	-7.66795e-03	2.28266e-01	4.94449e+00
110	1	4	0	2	3	1.35490e-03	-3.68367e-01	1.33758e+01
110	1	5	0	2	3	8.66916e-06	-3.15969e-01	1.33996e+01
110	1	6	0	2	3	3.39611e-04	-3.33275e-01	1.24678e+01
110	1	7	0	2	3	2.87015e-03	-4.88941e-01	1.53001e+01
110	1	8	0	2	3	8.26149e-04	-3.22999e-01	1.17622e+01
110	1	9	0	2	3	2.44615e-03	-4.55214e-01	1.49772e+01
110	1	10	0	2	3	4.78771e-03	-6.50312e-01	1.82024e+01
110	1	11	0	2	3	4.23399e-03	-6.02916e-01	1.74830e+01
110	1	12	0	2	3	3.82717e-03	-5.83318e-01	1.62966e+01
110	1	13	0	2	3	3.93896e-03	-5.56361e-01	1.58581e+01
110	1	14	0	2	3	4.06467e-03	-5.86056e-01	1.67798e+01
110	1	15	0	2	3	8.80849e-04	-3.45200e-01	1.31271e+01
110	1	16	0	2	3	3.46427e-03	-5.39147e-01	1.52272e+01
110	1	17	0	2	3	-4.29016e-03	2.23474e-02	6.04354e+00
110	1	18	0	2	3	3.41602e-03	-5.50103e-01	1.61078e+01
110	1	19	0	2	3	2.54780e-03	-4.65383e-01	1.48949e+01
110	1	20	0	2	3	5.74085e-03	-7.09234e-01	1.86600e+01
110	1	21	0	2	3	-5.59907e-03	1.34875e-01	3.92019e+00
110	1	22	0	2	3	3.81625e-03	-5.66305e-01	1.57291e+01
110	1	23	0	2	3	3.75175e-03	-5.49145e-01	1.55547e+01
110	1	24	0	2	3	3.72899e-03	-5.65532e-01	1.67672e+01
110	1	25	0	2	3	3.56222e-03	-5.43183e-01	1.57623e+01
110	1	26	0	2	3	4.54587e-03	-6.18713e-01	1.74227e+01
110	1	27	0	2	3	3.63309e-03	-5.54593e-01	1.67282e+01
110	1	28	0	2	3	3.50687e-03	-5.56692e-01	1.66362e+01
110	1	29	0	2	3	3.05656e-03	-5.11606e-01	1.54134e+01
110	1	30	0	2	3	4.15238e-03	-5.93185e-01	1.63454e+01
110	1	31	0	2	3	3.94510e-03	-5.78455e-01	1.66955e+01
110	1	32	0	2	3	4.21772e-03	-6.03589e-01	1.78531e+01
110	1	33	0	2	3	3.77712e-03	-5.65430e-01	1.52654e+01
110	1	34	0	2	3	3.94163e-03	-5.75800e-01	1.56093e+01
110	1	35	0	2	3	3.17788e-03	-5.28377e-01	1.68647e+01
110	1	36	0	2	3	4.07327e-03	-5.84657e-01	1.69712e+01
110	1	37	0	2	3	3.01432e-03	-5.08175e-01	1.45590e+01
110	1	38	0	2	3	4.12779e-03	-5.81065e-01	1.69153e+01
110	1	39	0	2	3	3.90158e-03	-5.66074e-01	1.64551e+01
110	1	40	0	2	3	3.83244e-03	-5.65469e-01	1.64907e+01
110	1	41	0	2	3	4.04261e-03	-5.74607e-01	1.59865e+01
110	1	42	0	2	3	3.58739e-03	-5.41551e-01	1.55078e+01
110	1	43	0	2	3	4.03645e-03	-5.77296e-01	1.68606e+01
110	1	44	0	2	3	3.46294e-03	-5.46577e-01	1.63729e+01
110	1	45	0	2	3	3.44453e-03	-5.42014e-01	1.58551e+01
110	1	46	0	2	3	4.14386e-03	-5.95267e-01	1.61833e+01
110	1	47	0	2	3	4.92297e-03	-6.56272e-01	1.96317e+01
110	1	48	0	2	3	3.97082e-03	-5.77349e-01	1.65333e+01
110	1	49	0	2	3	3.81413e-03	-5.56262e-01	1.61471e+01
110	1	50	0	2	3	4.13707e-03	-5.88409e-01	1.66629e+01
110	1	51	0	2	3	3.64969e-03	-5.52598e-01	1.68668e+01
110	1	52	0	2	3	3.65498e-03	-5.68225e-01	1.57414e+01
110	1	53	0	2	3	3.48818e-03	-5.40541e-01	1.59501e+01
110	1	54	0	2	3	4.11583e-03	-5.96650e-01	1.71344e+01
110	1	55	0	2	3	3.30331e-03	-5.31532e-01	1.66788e+01
110	1	56	0	2	3	3.93767e-03	-5.90632e-01	1.71636e+01
110	1	57	0	2	3	3.23527e-03	-5.24770e-01	1.62494e+01
110	1	58	0	2	3	3.82932e-03	-5.87053e-01	1.80926e+01
110	1	59	0	2	3	4.21606e-03	-6.07672e-01	1.81074e+01
110	1	60	0	2	3	4.06171e-03	-5.92317e-01	1.69450e+01
110	1	61	0	2	3	4.23587e-03	-5.84446e-01	1.67857e+01
110	1	62	0	2	3	3.71203e-03	-5.64722e-01	1.54021e+01
110	1	63	0	2	3	4.41307e-03	-6.12306e-01	1.71688e+01
110	1	64	0	2	3	3.67082e-03	-5.67532e-01	1.69457e+01
110	1	65	0	2	3	3.89052e-03	-5.74971e-01	1.58371e+01
110	1	66	0	2	3	4.67472e-03	-6.39251e-01	1.67918e+01
110	1	67	0	2	3	4.78489e-03	-6.39815e-01	1.70586e+01
110	1	68	0	2	3	3.36005e-03	-5.31988e-01	1.46053e+01
110	1	69	0	2	3	4.01496e-03	-5.82224e-01	1.60324e+01
110	1	70	0	2	3	4.16974e-03	-5.98710e-01	1.72115e+01
110	1	71	0	2	3	3.63377e-03	-5.65861e-01	1.70782e+01
110	1	72	0	2	3	4.13362e-03	-5.90515e-01	1.65423e+01
110	1	73	0	2	3	3.51761e-03	-5.57886e-01	1.75065e+01
110	1	74	0	2	3	4.21137e-03	-5.97053e-01	1.58475e+01
110	1	75	0	2	3	4.43825e-03	-6.15701e-01	1.72970e+01
110	1	76	0	2	3	3.69529e-03	-5.58509e-01	1.58116e+01
110	1	77	0	2	3	4.18250e-03	-6.00755e-01	1.71052e+01
110	1	78	0	2	3	3.84936e-03	-5.78094e-01	1.56142e+01
110	1	79	0	2	3	4.33077e-03	-6.00101e-01	1.58342e+01
110	1	80	0	2	3	3.71200e-03	-5.56247e-01	1.56438e+01
110	1	81	0	2	3	4.14131e-03	-5.89746e-01	1.60819e+01
110	1	82	0	2	3	3.99254e-03	-5.81841e-01	1.70820e+01
110	1	83	0	2	3	3.72585e-03	-5.50872e-01	1.56495e+01
110	1	84	0	2	3	3.87242e-03	-5.61667e-01	1.52381e+01
110	1	85	0	2	3	3.21403e-03	-5.27901e-01	1.53827e+01
110	1	86	0	2	3	4.15225e-03	-5.93636e-01	1.70651e+01
110	1	87	0	2	3	4.17240e-03	-5.82941e-01	1.48933e+01
110	1	88	0	2	3	4.28355e-03	-6.04871e-01	1.70940e+01
110	1	89	0	2	3	3.86513e-03	-5.74344e-01	1.58109e+01
110	1	90	0	2	3	4.30476e-03	-6.06360e-01	1.62523e+01
110	1	91	0	2	3	3.82435e-03	-5.64288e-01	1.54514e+01
110	1	92	0	2	3	3.87339e-03	-5.68619e-01	1.60080e+01
110	1	93	0	2	3	3.87054e-03	-5.71914e-01	1.63123e+01
110	1	94	0	2	3	4.01403e-03	-5.92389e-01	1.63146e+01
110	1	95	0	2	3	4.47246e-03	-6.18000e-01	1.68219e+01
110	1	96	0	2	3	4.05720e-03	-5.83277e-01	1.59431e+01
110	1	97	0	2	3	3.79655e-03	-5.68712e-01	1.57155e+01
110	1	98	0	2	3	4.09217e-03	-6.08671e-01	1.79015e+01
110	1	99	0	2	3	4.65246e-03	-6.24923e-01	1.69527e+01
110	1	100	0	2	3	4.00614e-03	-5.67055e-01	1.60976e+01
110	1	101	0	2	3	3.69771e-03	-5.55721e-01	1.53107e+01
110	1	102	0	2	3	3.52940e-03	-5.53453e-01	1.59551e+01
110	1	103	0	2	3	4.43422e-03	-6.11245e-01	1.67006e+01
110	1	104	0	2	3	4.64928e-03	-6.31636e-01	1.74640e+01
110	1	105	0	2	3	4.35851e-03	-6.03497e-01	1.59273e+01
110	1	106	0	2	3	4.06361e-03	-5.96121e-01	1.66653e+01
110	1	107	0	2	3	4.41930e-03	-6.05685e-01	1.56836e+01
110	1	108	0	2	3	3.80650e-03	-5.66870e-01	1.69310e+01
110	1	109	0	2	3	3.43028e-03	-5.42383e-01	1.54854e+01
110	1	110	0	2	3	4.42854e-03	-6.18211e-01	1.71534e+01
110	1	111	0	2	3	4.64780e-03	-6.32784e-01	1.75479e+01
110	1	112	0	2	3	3.85534e-03	-5.72257e-01	1.61788e+01
110	1	113	0	2	3	4.08289e-03	-5.86318e-01	1.67714e+01
110	1	114	0	2	3	4.76034e-03	-6.39160e-01	1.71093e+01
110	1	115	0	2	3	3.89189e-03	-5.75645e-01	1.63620e+01
110	1	116	0	2	3	3.68543e-03	-5.56945e-01	1.60380e+01
110	1	117	0	2	3	2.85535e-03	-5.01719e-01	1.53437e+01
110	1	118	0	2	3	4.26419e-03	-6.00037e-01	1.58982e+01
110	1	119	0	2	3	4.59930e-03	-6.16388e-01	1.62662e+01
110	1	120	0	2	3	4.10755e-03	-5.86250e-01	1.62493e+01
110	1	121	0	2	3	3.85492e-03	-5.65932e-01	1.60987e+01
110	1	122	0	2	3	2.57673e-03	-4.98872e-01	1.65584e+01
110	1	123	0	2	3	3.76984e-03	-5.79193e-01	1.81409e+01
110	1	124	0	2	3	4.41690e-03	-6.05172e-01	1.63032e+01
110	1	125	0	2	3	3.73624e-03	-5.62530e-01	1.64820e+01
110	1	126	0	2	3	3.65621e-03	-5.60701e-01	1.63532e+01
110	1	127	0	2	3	3.38210e-03	-5.43214e-01	1.60880e+01
110	1	128	0	2	3	3.99084e-03	-6.13009e-01	1.80976e+01
110	1	129	0	2	3	3.93874e-03	-6.00168e-01	1.76885e+01
110	1	130	0	2	3	4.89410e-03	-6.64331e-01	1.77925e+01
110	1	131	0	2	3	3.69244e-03	-5.71945e-01	1.66503e+01
110	1	132	0	2	3	5.21111e-03	-6.90002e-01	1.94562e+01
110	1	133	0	2	3	4.19628e-03	-5.99538e-01	1.67819e+01
110	1	134	0	2	3	5.05258e-03	-6.80149e-01	1.91941e+01
110	1	135	0	2	3	4.19204e-03	-5.98549e-01	1.61899e+01
110	1	136	0	2	3	3.84337e-03	-5.92102e-01	1.78651e+01
110	1	137	0	2	3	3.49717e-03	-5.55834e-01	1.55281e+01
110	1	138	0	2	3	3.33697e-03	-5.49261e-01	1.62379e+01
110	1	139	0	2	3	3.93084e-03	-5.84295e-01	1.61284e+01
110	1	140	0	2	3	4.50073e-03	-6.23264e-01	1.71360e+01
110	1	141	0	2	3	5.13197e-03	-6.59373e-01	1.75605e+01
110	1	142	0	2	3	4.40782e-03	-6.22507e-01	1.69929e+01
110	1	143	0	2	3	5.44665e-03	-7.18728e-01	2.01216e+01
110	1	144	0	2	3	4.60022e-03	-6.50763e-01	1.81458e+01
110	1	145	0	2	3	5.35241e-03	-6.85660e-01	1.85341e+01
110	1	146	0	2	3	2.70330e-03	-5.02581e-01	1.51844e+01
110	1	147	0	2	3	3.42478e-03	-5.51027e-01	1.53733e+01
110	1	148	0	2	3	3.25413e-03	-5.29822e-01	1.59559e+01
110	1	149	0	2	3	3.54180e-03	-5.61102e-01	1.68952e+01
110	1	150	0	2	3	4.20491e-03	-6.00863e-01	1.72671e+01
110	1	151	0	2	3	5.49869e-03	-6.89950e-01	1.83716e+01
110	1	152	0	2	3	1.26042e-03	-3.94632e-01	1.42549e+01
110	1	153	0	2	3	3.26558e-03	-5.19256e-01	1.60517e+01
110	1	154	0	2	3	5.26904e-03	-6.92294e-01	1.81064e+01
110	1	155	0	2	3	1.30773e-03	-3.94969e-01	1.31412e+01
110	1	156	0	2	3	5.92194e-03	-7.46948e-01	2.02196e+01
110	1	157	0	2	3	-5.74809e-04	-2.76944e-01	1.23690e+01
110	1	158	0	2	3	-1.82394e-03	-1.67491e-01	9.95851e+00
110	1	159	0	2	3	-4.30361e-03	-5.68710e-02	9.42780e+00
