##
#  file: HodoPHCParam_Dummy
#  date: 2016.06.15
#  note: first version
#
#
#######################################################################
# CId	PlId	Seg	UorD	Type	nParam	p0	p1	...
#
#	Type=0 no correction will be performed
#	Type=1 ct=t-p[0]/sqrt(a-p[1])+p[2]
#	Type=2 ct=p[0]*a*a + p[1]*a + p[2] for Fiber
#
#######################################################################
# BH1 Up                                                              #
#######################################################################
1	0	0	0	1	3	5.08705e+00	-1.98362e+00	2.93454e+00
1	0	1	0	1	3	6.69706e-01	2.91546e-01	8.10244e-01
1	0	2	0	1	3	5.01779e-01	3.94271e-01	6.64278e-01
1	0	3	0	1	3	7.45330e-01	1.66754e-01	8.56036e-01
1	0	4	0	1	3	8.52890e-01	8.60054e-02	9.27134e-01
1	0	5	0	1	3	1.69981e+00	-1.50393e-01	1.62794e+00
1	0	6	0	1	3	1.58582e+00	-2.35346e-01	1.46587e+00
1	0	7	0	1	3	1.61970e+00	-1.46184e-01	1.54504e+00
1	0	8	0	1	3	1.37546e+00	-2.52696e-01	1.28233e+00
1	0	9	0	1	3	1.74814e+00	-2.76223e-01	1.64100e+00
1	0	10	0	1	3	1.60339e+01	-4.62629e+00	6.81205e+00
#######################################################################
# BH1 Down                                                            #
#######################################################################
1	0	0	1	1	3	1.33519e+00	-9.13138e-02	1.27257e+00
1	0	1	1	1	3	6.24909e-01	2.88647e-01	7.65429e-01
1	0	2	1	1	3	6.68954e-01	2.21542e-01	7.45264e-01
1	0	3	1	1	3	1.32364e+00	-4.57464e-01	1.08318e+00
1	0	4	1	1	3	1.18002e+00	-7.91080e-02	1.17008e+00
1	0	5	1	1	3	2.07299e+00	-4.79828e-01	1.70935e+00
1	0	6	1	1	3	1.96000e+00	-5.20196e-01	1.63958e+00
1	0	7	1	1	3	1.89852e+00	-4.50289e-01	1.60743e+00
1	0	8	1	1	3	1.02469e+00	-6.73213e-02	1.04734e+00
1	0	9	1	1	3	1.64894e+00	-1.85977e-01	1.61292e+00
1	0	10	1	1	3	7.15603e-01	2.22738e-01	8.54972e-01
#######################################################################
# BH2 Up                                                              #
#######################################################################
2	0	0	0	1	3	1.43047e-01	2.98695e-01	2.00085e-01
2	0	1	0	1	3	8.79554e-01	-2.31747e-01	7.85839e-01
2	0	2	0	1	3	5.94572e-01	-4.97541e-01	4.68956e-01
2	0	3	0	1	3	1.91725e-01	3.94747e-02	1.91115e-01
2	0	4	0	1	3	3.31184e-01	-9.38469e-02	3.15823e-01
2	0	5	0	1	3	1.99769e-01	2.70254e-01	2.37321e-01
2	0	6	0	1	3	2.58948e-01	2.41832e-01	3.10133e-01
2	0	7	0	1	3	3.50426e-01	8.80094e-02	3.70898e-01
#######################################################################
# BH2 Down                                                            #
#######################################################################
2	0	0	1	1	3	3.94607e-01	-1.85207e-01	3.84440e-01
2	0	1	1	1	3	9.92155e-01	-3.85817e-01	8.32122e-01
2	0	2	1	1	3	4.10986e-01	-9.27803e-02	3.90143e-01
2	0	3	1	1	3	1.76416e-01	4.84160e-02	1.75490e-01
2	0	4	1	1	3	2.42956e-01	1.23979e-01	2.64593e-01
2	0	5	1	1	3	3.57967e-01	4.32013e-02	3.63973e-01
2	0	6	1	1	3	1.22093e+00	-6.67168e-01	9.30075e-01
2	0	7	1	1	3	2.92156e-01	-4.36810e-03	2.98702e-01
#######################################################################
# BAC                                                                 #
#######################################################################
3	0	0	0	1	3	0.00000e+00	0.00000e+00	0.00000e+00
3	0	1	0	1	3	0.00000e+00	0.00000e+00	0.00000e+00
#######################################################################
# FBH Up                                                              #
#######################################################################
4	0	0	0	2	3	-5.62952e-03	8.96903e-01	-3.53273e+01
4	0	1	0	2	3	-4.29399e-03	7.37975e-01	-3.00049e+01
4	0	2	0	2	3	-5.26894e-03	8.67305e-01	-3.38992e+01
4	0	3	0	2	3	-3.80183e-03	6.69237e-01	-2.72260e+01
4	0	4	0	2	3	-4.35014e-03	7.35785e-01	-2.92008e+01
4	0	5	0	2	3	-4.02541e-03	6.86907e-01	-2.70312e+01
4	0	6	0	2	3	-4.16660e-03	7.08229e-01	-2.81512e+01
4	0	7	0	2	3	-3.93117e-03	6.84759e-01	-2.69101e+01
4	0	8	0	2	3	-4.14423e-03	6.96902e-01	-2.65883e+01
4	0	9	0	2	3	-2.83372e-03	5.62925e-01	-2.20787e+01
4	0	10	0	2	3	-4.07944e-03	7.09420e-01	-2.75603e+01
4	0	11	0	2	3	-3.50961e-03	6.50113e-01	-2.64167e+01
4	0	12	0	2	3	-3.52415e-03	6.49734e-01	-2.67232e+01
4	0	13	0	2	3	-4.13420e-03	7.26957e-01	-2.99675e+01
4	0	14	0	2	3	-4.90315e-03	8.27563e-01	-3.35630e+01
4	0	15	0	2	3	-4.73048e-03	8.13189e-01	-3.31901e+01
#######################################################################
# FBH Down                                                            #
#######################################################################
4	0	0	1	2	3	-5.62952e-03	8.96903e-01	-3.53273e+01
4	0	1	1	2	3	-4.29399e-03	7.37975e-01	-3.00049e+01
4	0	2	1	2	3	-5.26894e-03	8.67305e-01	-3.38992e+01
4	0	3	1	2	3	-3.80183e-03	6.69237e-01	-2.72260e+01
4	0	4	1	2	3	-4.35014e-03	7.35785e-01	-2.92008e+01
4	0	5	1	2	3	-4.02541e-03	6.86907e-01	-2.70312e+01
4	0	6	1	2	3	-4.16660e-03	7.08229e-01	-2.81512e+01
4	0	7	1	2	3	-3.93117e-03	6.84759e-01	-2.69101e+01
4	0	8	1	2	3	-4.14423e-03	6.96902e-01	-2.65883e+01
4	0	9	1	2	3	-2.83372e-03	5.62925e-01	-2.20787e+01
4	0	10	1	2	3	-4.07944e-03	7.09420e-01	-2.75603e+01
4	0	11	1	2	3	-3.50961e-03	6.50113e-01	-2.64167e+01
4	0	12	1	2	3	-3.52415e-03	6.49734e-01	-2.67232e+01
4	0	13	1	2	3	-4.13420e-03	7.26957e-01	-2.99675e+01
4	0	14	1	2	3	-4.90315e-03	8.27563e-01	-3.35630e+01
4	0	15	1	2	3	-4.73048e-03	8.13189e-01	-3.31901e+01
#######################################################################
# PVAC                                                                #
#######################################################################
5	0	0	0	1	3	0.00000e+00	0.00000e+00	0.00000e+00
#######################################################################
# FAC                                                                 #
#######################################################################
6	0	0	0	1	3	0.00000e+00	0.00000e+00	0.00000e+00
#######################################################################
# SCH                                                                 #
#######################################################################
#7	0	0	0	2	3	-0.00500000	0.821213	-32.185321
#7	0	1	0	2	3	-0.00500000	0.830248	-32.269563
#7	0	2	0	2	3	-0.00500000	0.793073	-29.315934
#7	0	3	0	2	3	-0.00500000	0.772144	-28.276705
#7	0	4	0	2	3	-0.00500000	0.801968	-30.687167
#7	0	5	0	2	3	-0.00500000	0.778300	-28.439251
#7	0	6	0	2	3	-0.00500000	0.765872	-27.918181
#7	0	7	0	2	3	-0.00500000	0.738459	-26.016797
#7	0	8	0	2	3	-0.00500000	0.778318	-28.676371
#7	0	9	0	2	3	-0.00500000	0.776670	-28.892887
#7	0	10	0	2	3	-0.00500000	0.764278	-28.122474
#7	0	11	0	2	3	-0.00500000	0.790742	-29.423647
#7	0	12	0	2	3	-0.00500000	0.811330	-30.487019
#7	0	13	0	2	3	-0.00500000	0.818750	-30.891512
#7	0	14	0	2	3	-0.00500000	0.802541	-30.009136
#7	0	15	0	2	3	-0.00500000	0.809525	-30.751746
#7	0	16	0	2	3	-0.00500000	0.802597	-30.845509
#7	0	17	0	2	3	-0.00500000	0.835028	-32.780792
#7	0	18	0	2	3	-0.00500000	0.859176	-33.938731
#7	0	19	0	2	3	-0.00500000	0.814851	-31.445396
#7	0	20	0	2	3	-0.00500000	0.809426	-30.781087
#7	0	21	0	2	3	-0.00500000	0.780678	-28.888756
#7	0	22	0	2	3	-0.00500000	0.808206	-30.719604
#7	0	23	0	2	3	-0.00500000	0.774024	-27.858339
#7	0	24	0	2	3	-0.00500000	0.794308	-29.022101
#7	0	25	0	2	3	-0.00500000	0.775649	-27.980186
#7	0	26	0	2	3	-0.00500000	0.788483	-28.687567
#7	0	27	0	2	3	-0.00466315	0.771386	-29.253260
#7	0	28	0	2	3	-0.00483132	0.790854	-28.637741
#7	0	29	0	2	3	-0.00497049	0.812994	-30.786914
#7	0	30	0	2	3	-0.00500000	0.787793	-28.362716
#7	0	31	0	2	3	-0.00500000	0.790759	-28.876812
#7	0	32	0	2	3	-0.00500000	0.824826	-31.655285
#7	0	33	0	2	3	-0.00500000	0.845304	-33.407765
#7	0	34	0	2	3	-0.00500000	0.832263	-32.939799
#7	0	35	0	2	3	-0.00500000	0.820631	-31.695372
#7	0	36	0	2	3	-0.00500000	0.836997	-33.200590
#7	0	37	0	2	3	-0.00500000	0.819690	-32.097193
#7	0	38	0	2	3	-0.00500000	0.808109	-31.263214
#7	0	39	0	2	3	-0.00500000	0.815224	-31.135523
#7	0	40	0	2	3	-0.00500000	0.803398	-29.897923
#7	0	41	0	2	3	-0.00500000	0.815685	-31.165519
#7	0	42	0	2	3	-0.00500000	0.812980	-30.737261
#7	0	43	0	2	3	-0.00500000	0.829418	-32.693307
#7	0	44	0	2	3	-0.00500000	0.789530	-29.464920
#7	0	45	0	2	3	-0.00500000	0.804789	-31.208151
#7	0	46	0	2	3	-0.00500000	0.830106	-32.806514
#7	0	47	0	2	3	-0.00500000	0.819206	-31.373242
#7	0	48	0	2	3	-0.00500000	0.816165	-31.709319
#7	0	49	0	2	3	-0.00500000	0.798496	-30.201709
#7	0	50	0	2	3	-0.00500000	0.812167	-31.795745
#7	0	51	0	2	3	-0.00500000	0.810749	-31.375226
#7	0	52	0	2	3	-0.00500000	0.803385	-31.372512
#7	0	53	0	2	3	-0.00500000	0.777405	-29.262831
#7	0	54	0	2	3	-0.00500000	0.783954	-29.763410
#7	0	55	0	2	3	-0.00500000	0.789443	-29.976449
#7	0	56	0	2	3	-0.00500000	0.838828	-33.261086
#7	0	57	0	2	3	-0.00500000	0.804421	-30.573195
#7	0	58	0	2	3	-0.00500000	0.773283	-29.111048
#7	0	59	0	2	3	-0.00500000	0.811789	-31.449459
#7	0	60	0	2	3	-0.00500000	0.759724	-28.110014
#7	0	61	0	2	3	-0.00500000	0.810884	-31.379063
#7	0	62	0	2	3	-0.00500000	0.771910	-28.435006
#7	0	63	0	2	3	-0.00500000	0.796658	-30.511906
#######################################################################
# TOF Up                                                              #
#######################################################################
7	0	0	0	1	3	5.24830e+00	-1.96630e+00	2.96170e+00
7	0	1	0	1	3	5.24830e+00	-1.96630e+00	2.96170e+00
7	0	2	0	1	3	5.24830e+00	-1.96630e+00	2.96170e+00
7	0	3	0	1	3	5.24830e+00	-1.96630e+00	2.96170e+00
7	0	4	0	1	3	5.24830e+00	-1.96630e+00	2.96170e+00
7	0	5	0	1	3	5.24830e+00	-1.96630e+00	2.96170e+00
7	0	6	0	1	3	6.97090e+00	-3.03520e+00	3.39910e+00
7	0	7	0	1	3	4.05450e+00	-1.96150e+00	2.30360e+00
7	0	8	0	1	3	1.16940e+02	-2.98600e+01	2.09880e+01
7	0	9	0	1	3	5.24830e+00	-1.96630e+00	2.96170e+00
7	0	10	0	1	3	5.24830e+00	-1.96630e+00	2.96170e+00
7	0	11	0	1	3	5.24830e+00	-1.96630e+00	2.96170e+00
7	0	12	0	1	3	5.24830e+00	-1.96630e+00	2.96170e+00
7	0	13	0	1	3	5.24830e+00	-1.96630e+00	2.96170e+00
7	0	14	0	1	3	5.24830e+00	-1.96630e+00	2.96170e+00
7	0	15	0	1	3	5.24830e+00	-1.96630e+00	2.96170e+00
7	0	16	0	1	3	5.24830e+00	-1.96630e+00	2.96170e+00
7	0	17	0	1	3	5.24830e+00	-1.96630e+00	2.96170e+00
7	0	18	0	1	3	5.24830e+00	-1.96630e+00	2.96170e+00
7	0	19	0	1	3	7.11491e-01	1.85180e-03	5.82402e-01
7	0	20	0	1	3	5.59404e-01	-1.73810e-03	4.50716e-01
7	0	21	0	1	3	8.92499e-01	1.99900e-03	7.37364e-01
7	0	22	0	1	3	6.37553e-01	1.99960e-03	5.45449e-01
7	0	23	0	1	3	1.19210e+00	1.98920e-03	9.99994e-01
#######################################################################
# TOF Down                                                            #
#######################################################################
7	0	0	1	1	3	5.84300e+00	-2.30730e+00	3.11320e+00
7	0	1	1	1	3	5.84300e+00	-2.30730e+00	3.11320e+00
7	0	2	1	1	3	5.84300e+00	-2.30730e+00	3.11320e+00
7	0	3	1	1	3	5.84300e+00	-2.30730e+00	3.11320e+00
7	0	4	1	1	3	5.84300e+00	-2.30730e+00	3.11320e+00
7	0	5	1	1	3	5.84300e+00	-2.30730e+00	3.11320e+00
7	0	6	1	1	3	1.41330e+01	-5.81170e+00	5.32680e+00
7	0	7	1	1	3	7.84850e+01	-2.02870e+01	1.69500e+01
7	0	8	1	1	3	2.20240e+02	-3.62440e+01	3.60080e+01
7	0	9	1	1	3	5.84300e+00	-2.30730e+00	3.11320e+00
7	0	10	1	1	3	5.84300e+00	-2.30730e+00	3.11320e+00
7	0	11	1	1	3	5.84300e+00	-2.30730e+00	3.11320e+00
7	0	12	1	1	3	5.84300e+00	-2.30730e+00	3.11320e+00
7	0	13	1	1	3	5.84300e+00	-2.30730e+00	3.11320e+00
7	0	14	1	1	3	5.84300e+00	-2.30730e+00	3.11320e+00
7	0	15	1	1	3	5.84300e+00	-2.30730e+00	3.11320e+00
7	0	16	1	1	3	5.84300e+00	-2.30730e+00	3.11320e+00
7	0	17	1	1	3	5.84300e+00	-2.30730e+00	3.11320e+00
7	0	18	1	1	3	5.84300e+00	-2.30730e+00	3.11320e+00
7	0	19	1	1	3	6.18741e-01	1.99860e-03	4.90831e-01
7	0	20	1	1	3	5.75901e-01	1.04210e-03	4.72509e-01
7	0	21	1	1	3	9.41046e-01	1.99890e-03	7.79357e-01
7	0	22	1	1	3	4.84266e-01	-1.95590e-03	3.99786e-01
7	0	23	1	1	3	8.97714e-01	1.99860e-03	7.56300e-01
#######################################################################
# BFT U                                                               #
#######################################################################
110	0	0	0	2	3	4.11426e-03	-5.83705e-01	1.53110e+01
110	0	1	0	2	3	2.39671e-03	-4.36985e-01	1.22944e+01
110	0	2	0	2	3	4.52874e-03	-6.17310e-01	1.57603e+01
110	0	3	0	2	3	4.19520e-03	-5.93945e-01	1.44767e+01
110	0	4	0	2	3	3.11316e-03	-5.09424e-01	1.41269e+01
110	0	5	0	2	3	3.87357e-03	-5.55639e-01	1.52285e+01
110	0	6	0	2	3	3.72963e-03	-5.62598e-01	1.45015e+01
110	0	7	0	2	3	4.80664e-03	-6.19663e-01	1.60129e+01
110	0	8	0	2	3	3.69776e-03	-5.59203e-01	1.46031e+01
110	0	9	0	2	3	3.70382e-03	-5.45997e-01	1.56228e+01
110	0	10	0	2	3	3.92633e-03	-5.69934e-01	1.39184e+01
110	0	11	0	2	3	4.03964e-03	-5.66372e-01	1.59574e+01
110	0	12	0	2	3	3.66392e-03	-5.53730e-01	1.40086e+01
110	0	13	0	2	3	4.07443e-03	-5.70689e-01	1.59873e+01
110	0	14	0	2	3	4.03504e-03	-5.74895e-01	1.41023e+01
110	0	15	0	2	3	4.55813e-03	-6.13609e-01	1.69541e+01
110	0	16	0	2	3	3.65310e-03	-5.46650e-01	1.35458e+01
110	0	17	0	2	3	4.10357e-03	-5.71127e-01	1.56184e+01
110	0	18	0	2	3	4.06928e-03	-5.79579e-01	1.40649e+01
110	0	19	0	2	3	5.15111e-03	-6.52493e-01	1.51794e+01
110	0	20	0	2	3	3.63594e-03	-5.40659e-01	1.38680e+01
110	0	21	0	2	3	3.34033e-03	-5.18907e-01	1.60500e+01
110	0	22	0	2	3	3.83449e-03	-5.69881e-01	1.44825e+01
110	0	23	0	2	3	3.97206e-03	-5.62993e-01	1.55735e+01
110	0	24	0	2	3	4.03024e-03	-5.68386e-01	1.46351e+01
110	0	25	0	2	3	3.60241e-03	-5.30239e-01	1.54056e+01
110	0	26	0	2	3	3.92423e-03	-5.77114e-01	1.56712e+01
110	0	27	0	2	3	5.16918e-03	-6.44413e-01	1.68136e+01
110	0	28	0	2	3	3.12833e-03	-5.12984e-01	1.19509e+01
110	0	29	0	2	3	4.13830e-03	-5.72003e-01	1.51659e+01
110	0	30	0	2	3	3.97818e-03	-5.75955e-01	1.43680e+01
110	0	31	0	2	3	4.13656e-03	-5.74447e-01	1.56840e+01
110	0	32	0	2	3	3.98030e-03	-5.79685e-01	1.48015e+01
110	0	33	0	2	3	3.77848e-03	-5.40873e-01	1.34586e+01
110	0	34	0	2	3	4.18302e-03	-5.85620e-01	1.44940e+01
110	0	35	0	2	3	5.08385e-03	-6.50568e-01	1.70954e+01
110	0	36	0	2	3	3.63342e-03	-5.38087e-01	1.35100e+01
110	0	37	0	2	3	4.04326e-03	-5.76036e-01	1.67455e+01
110	0	38	0	2	3	4.07892e-03	-5.75891e-01	1.37651e+01
110	0	39	0	2	3	3.98725e-03	-5.68616e-01	1.53407e+01
110	0	40	0	2	3	3.71208e-03	-5.48741e-01	1.36652e+01
110	0	41	0	2	3	3.95048e-03	-5.59737e-01	1.61506e+01
110	0	42	0	2	3	4.45014e-03	-6.00779e-01	1.51136e+01
110	0	43	0	2	3	4.31144e-03	-6.00656e-01	1.66495e+01
110	0	44	0	2	3	3.82633e-03	-5.63382e-01	1.41131e+01
110	0	45	0	2	3	4.19393e-03	-5.74626e-01	1.59496e+01
110	0	46	0	2	3	4.28111e-03	-6.02479e-01	1.50345e+01
110	0	47	0	2	3	4.16091e-03	-5.85088e-01	1.73293e+01
110	0	48	0	2	3	3.69283e-03	-5.47320e-01	1.27464e+01
110	0	49	0	2	3	4.20894e-03	-5.82938e-01	1.66498e+01
110	0	50	0	2	3	4.52586e-03	-6.08780e-01	1.52267e+01
110	0	51	0	2	3	4.92414e-03	-6.29813e-01	1.62627e+01
110	0	52	0	2	3	3.55097e-03	-5.36628e-01	1.31236e+01
110	0	53	0	2	3	4.13821e-03	-5.74178e-01	1.52260e+01
110	0	54	0	2	3	4.22250e-03	-5.90533e-01	1.45714e+01
110	0	55	0	2	3	4.50966e-03	-6.07176e-01	1.68870e+01
110	0	56	0	2	3	4.08991e-03	-5.88039e-01	1.55091e+01
110	0	57	0	2	3	4.39839e-03	-5.94331e-01	1.62355e+01
110	0	58	0	2	3	3.98686e-03	-5.76539e-01	1.54159e+01
110	0	59	0	2	3	4.49055e-03	-6.18067e-01	1.70751e+01
110	0	60	0	2	3	3.75627e-03	-5.64261e-01	1.38091e+01
110	0	61	0	2	3	3.86215e-03	-5.55003e-01	1.52321e+01
110	0	62	0	2	3	4.66880e-03	-6.20595e-01	1.49694e+01
110	0	63	0	2	3	4.10988e-03	-5.80525e-01	1.47081e+01
110	0	64	0	2	3	3.75412e-03	-5.63621e-01	1.44192e+01
110	0	65	0	2	3	3.68646e-03	-5.48936e-01	1.51745e+01
110	0	66	0	2	3	4.65719e-03	-6.34314e-01	1.68626e+01
110	0	67	0	2	3	3.71493e-03	-5.54534e-01	1.54749e+01
110	0	68	0	2	3	3.83867e-03	-5.75446e-01	1.51585e+01
110	0	69	0	2	3	4.22923e-03	-5.82463e-01	1.52109e+01
110	0	70	0	2	3	4.44566e-03	-6.27239e-01	1.51093e+01
110	0	71	0	2	3	4.22440e-03	-5.92042e-01	1.58983e+01
110	0	72	0	2	3	3.91211e-03	-5.77042e-01	1.39752e+01
110	0	73	0	2	3	4.18212e-03	-5.89642e-01	1.52517e+01
110	0	74	0	2	3	4.69062e-03	-6.39106e-01	1.61809e+01
110	0	75	0	2	3	4.57663e-03	-6.12047e-01	1.58429e+01
110	0	76	0	2	3	3.84895e-03	-5.65310e-01	1.37965e+01
110	0	77	0	2	3	3.85507e-03	-5.61831e-01	1.52927e+01
110	0	78	0	2	3	4.37786e-03	-6.12836e-01	1.49926e+01
110	0	79	0	2	3	4.31901e-03	-5.95780e-01	1.55436e+01
110	0	80	0	2	3	3.96796e-03	-5.75602e-01	1.50619e+01
110	0	81	0	2	3	3.98514e-03	-5.63544e-01	1.49447e+01
110	0	82	0	2	3	4.27965e-03	-5.97794e-01	1.50185e+01
110	0	83	0	2	3	4.60305e-03	-6.17707e-01	1.58095e+01
110	0	84	0	2	3	3.80194e-03	-5.60610e-01	1.41940e+01
110	0	85	0	2	3	3.94684e-03	-5.66806e-01	1.53891e+01
110	0	86	0	2	3	4.55306e-03	-6.27945e-01	1.52543e+01
110	0	87	0	2	3	4.71372e-03	-6.30863e-01	1.67871e+01
110	0	88	0	2	3	3.88461e-03	-5.65302e-01	1.46679e+01
110	0	89	0	2	3	3.63183e-03	-5.50776e-01	1.47684e+01
110	0	90	0	2	3	4.22297e-03	-5.95488e-01	1.43756e+01
110	0	91	0	2	3	4.84715e-03	-6.41657e-01	1.58799e+01
110	0	92	0	2	3	3.84278e-03	-5.76177e-01	1.48992e+01
110	0	93	0	2	3	4.09007e-03	-5.77978e-01	1.49046e+01
110	0	94	0	2	3	4.34675e-03	-6.23414e-01	1.67920e+01
110	0	95	0	2	3	4.58293e-03	-6.21812e-01	1.63769e+01
110	0	96	0	2	3	3.83505e-03	-5.76624e-01	1.45853e+01
110	0	97	0	2	3	3.71246e-03	-5.56862e-01	1.53943e+01
110	0	98	0	2	3	4.23209e-03	-6.09639e-01	1.51865e+01
110	0	99	0	2	3	4.18708e-03	-5.89067e-01	1.56098e+01
110	0	100	0	2	3	4.19213e-03	-5.93088e-01	1.52948e+01
110	0	101	0	2	3	3.93884e-03	-5.65782e-01	1.53091e+01
110	0	102	0	2	3	4.45208e-03	-6.20892e-01	1.61491e+01
110	0	103	0	2	3	4.90108e-03	-6.41660e-01	1.62864e+01
110	0	104	0	2	3	3.65500e-03	-5.63848e-01	1.40606e+01
110	0	105	0	2	3	4.33432e-03	-5.95627e-01	1.53285e+01
110	0	106	0	2	3	4.48710e-03	-6.19918e-01	1.60255e+01
110	0	107	0	2	3	4.75213e-03	-6.24980e-01	1.53325e+01
110	0	108	0	2	3	3.94217e-03	-5.75744e-01	1.49230e+01
110	0	109	0	2	3	4.05324e-03	-5.79745e-01	1.50004e+01
110	0	110	0	2	3	4.10577e-03	-5.94904e-01	1.53926e+01
110	0	111	0	2	3	4.83797e-03	-6.45349e-01	1.63416e+01
110	0	112	0	2	3	3.86985e-03	-5.65397e-01	1.34905e+01
110	0	113	0	2	3	4.34722e-03	-5.93887e-01	1.51284e+01
110	0	114	0	2	3	4.67042e-03	-6.33757e-01	1.61589e+01
110	0	115	0	2	3	4.69563e-03	-6.22582e-01	1.56919e+01
110	0	116	0	2	3	3.57034e-03	-5.54200e-01	1.42575e+01
110	0	117	0	2	3	3.85394e-03	-5.67124e-01	1.57883e+01
110	0	118	0	2	3	4.57659e-03	-6.32299e-01	1.64074e+01
110	0	119	0	2	3	4.48793e-03	-6.07554e-01	1.45471e+01
110	0	120	0	2	3	3.96294e-03	-5.89133e-01	1.50561e+01
110	0	121	0	2	3	3.87040e-03	-5.63989e-01	1.33195e+01
110	0	122	0	2	3	4.75042e-03	-6.46408e-01	1.72674e+01
110	0	123	0	2	3	5.17838e-03	-6.57008e-01	1.65346e+01
110	0	124	0	2	3	4.68037e-03	-6.28072e-01	1.61475e+01
110	0	125	0	2	3	4.36840e-03	-5.86664e-01	1.29441e+01
110	0	126	0	2	3	4.55376e-03	-6.16570e-01	1.52986e+01
110	0	127	0	2	3	4.10246e-03	-5.74133e-01	1.47331e+01
110	0	128	0	2	3	4.25162e-03	-6.29689e-01	1.68860e+01
110	0	129	0	2	3	4.07889e-03	-6.06293e-01	1.60424e+01
110	0	130	0	2	3	3.82874e-03	-5.96836e-01	1.63514e+01
110	0	131	0	2	3	1.82162e-03	-4.18707e-01	1.25111e+01
110	0	132	0	2	3	4.74043e-03	-6.44536e-01	1.72374e+01
110	0	133	0	2	3	3.81794e-03	-5.70571e-01	1.54240e+01
110	0	134	0	2	3	3.39168e-03	-5.59157e-01	1.54115e+01
110	0	135	0	2	3	2.86700e-03	-5.05606e-01	1.35956e+01
110	0	136	0	2	3	3.62728e-03	-5.61330e-01	1.45953e+01
110	0	137	0	2	3	3.84975e-03	-5.88031e-01	1.63432e+01
110	0	138	0	2	3	1.39219e-03	-3.99600e-01	1.24990e+01
110	0	139	0	2	3	3.00848e-03	-5.16324e-01	1.33262e+01
110	0	140	0	2	3	4.42470e-03	-6.33453e-01	1.72828e+01
110	0	141	0	2	3	3.54184e-03	-5.70332e-01	1.49163e+01
110	0	142	0	2	3	3.52258e-03	-5.61725e-01	1.52266e+01
110	0	143	0	2	3	3.51798e-03	-5.58845e-01	1.48956e+01
110	0	144	0	2	3	5.27884e-03	-6.82444e-01	1.64339e+01
110	0	145	0	2	3	3.69725e-03	-5.57074e-01	1.40175e+01
110	0	146	0	2	3	5.60284e-03	-7.11438e-01	1.78874e+01
110	0	147	0	2	3	4.80537e-03	-6.42617e-01	1.68567e+01
110	0	148	0	2	3	3.87495e-03	-5.99167e-01	1.56471e+01
110	0	149	0	2	3	3.15706e-03	-5.23652e-01	1.45869e+01
110	0	150	0	2	3	2.74192e-03	-5.07844e-01	1.46409e+01
110	0	151	0	2	3	1.73617e-03	-4.26398e-01	1.28163e+01
110	0	152	0	2	3	4.37715e-03	-6.16021e-01	1.66972e+01
110	0	153	0	2	3	-8.85606e-04	-2.57286e-01	1.04499e+01
110	0	154	0	2	3	1.45083e-03	-4.10058e-01	1.21225e+01
110	0	155	0	2	3	2.78276e-03	-5.06168e-01	1.27449e+01
110	0	156	0	2	3	2.65144e-03	-4.97589e-01	1.43691e+01
110	0	157	0	2	3	8.18060e-04	-3.42362e-01	1.13284e+01
110	0	158	0	2	3	9.54973e-04	-3.85571e-01	1.20258e+01
110	0	159	0	2	3	2.89346e-03	-5.17805e-01	1.44489e+01
#######################################################################
# BFT D                                                               #
#######################################################################
110	1	0	0	2	3	1.58310e-03	-4.06327e-01	1.37556e+01
110	1	1	0	2	3	2.63425e-03	-4.70682e-01	1.42052e+01
110	1	2	0	2	3	4.18205e-03	-5.99933e-01	1.63705e+01
110	1	3	0	2	3	2.91746e-03	-5.01927e-01	1.54365e+01
110	1	4	0	2	3	3.06322e-03	-5.13277e-01	1.47565e+01
110	1	5	0	2	3	3.94459e-03	-5.71757e-01	1.66728e+01
110	1	6	0	2	3	3.84941e-03	-5.74988e-01	1.47362e+01
110	1	7	0	2	3	3.20698e-03	-5.16887e-01	1.51064e+01
110	1	8	0	2	3	3.06436e-03	-5.12288e-01	1.49419e+01
110	1	9	0	2	3	2.85906e-03	-5.01560e-01	1.64257e+01
110	1	10	0	2	3	3.33579e-03	-5.39468e-01	1.53743e+01
110	1	11	0	2	3	4.19274e-03	-5.90816e-01	1.63265e+01
110	1	12	0	2	3	3.30289e-03	-5.32415e-01	1.44842e+01
110	1	13	0	2	3	3.13297e-03	-5.12261e-01	1.56144e+01
110	1	14	0	2	3	3.45430e-03	-5.53361e-01	1.47789e+01
110	1	15	0	2	3	3.91919e-03	-5.72295e-01	1.66948e+01
110	1	16	0	2	3	3.70217e-03	-5.62624e-01	1.51087e+01
110	1	17	0	2	3	3.73252e-03	-5.53191e-01	1.54669e+01
110	1	18	0	2	3	3.51141e-03	-5.52783e-01	1.44137e+01
110	1	19	0	2	3	3.82011e-03	-5.64424e-01	1.61333e+01
110	1	20	0	2	3	3.80078e-03	-5.74619e-01	1.57087e+01
110	1	21	0	2	3	2.81672e-03	-4.90951e-01	1.57450e+01
110	1	22	0	2	3	3.94709e-03	-5.70480e-01	1.50473e+01
110	1	23	0	2	3	3.76522e-03	-5.52916e-01	1.60419e+01
110	1	24	0	2	3	3.63646e-03	-5.58435e-01	1.59509e+01
110	1	25	0	2	3	3.62642e-03	-5.42551e-01	1.59594e+01
110	1	26	0	2	3	3.94368e-03	-5.85919e-01	1.54018e+01
110	1	27	0	2	3	3.44646e-03	-5.32634e-01	1.65273e+01
110	1	28	0	2	3	3.91346e-03	-5.81407e-01	1.62840e+01
110	1	29	0	2	3	3.31457e-03	-5.27200e-01	1.59548e+01
110	1	30	0	2	3	3.75898e-03	-5.68719e-01	1.53251e+01
110	1	31	0	2	3	3.98716e-03	-5.81878e-01	1.70805e+01
110	1	32	0	2	3	4.03064e-03	-5.89202e-01	1.69165e+01
110	1	33	0	2	3	3.05249e-03	-5.19421e-01	1.48746e+01
110	1	34	0	2	3	4.05387e-03	-5.84591e-01	1.51162e+01
110	1	35	0	2	3	4.59218e-03	-6.33271e-01	1.81088e+01
110	1	36	0	2	3	3.45414e-03	-5.40644e-01	1.55604e+01
110	1	37	0	2	3	3.49812e-03	-5.38859e-01	1.43189e+01
110	1	38	0	2	3	3.92099e-03	-5.75173e-01	1.63374e+01
110	1	39	0	2	3	4.23671e-03	-5.88152e-01	1.61233e+01
110	1	40	0	2	3	4.30032e-03	-5.95101e-01	1.52621e+01
110	1	41	0	2	3	3.91538e-03	-5.63953e-01	1.60928e+01
110	1	42	0	2	3	3.90202e-03	-5.67714e-01	1.53594e+01
110	1	43	0	2	3	4.21307e-03	-5.87600e-01	1.73006e+01
110	1	44	0	2	3	3.65273e-03	-5.58576e-01	1.48726e+01
110	1	45	0	2	3	3.57562e-03	-5.47134e-01	1.61335e+01
110	1	46	0	2	3	4.19815e-03	-5.99694e-01	1.55713e+01
110	1	47	0	2	3	4.28027e-03	-6.14829e-01	1.83002e+01
110	1	48	0	2	3	3.52600e-03	-5.46861e-01	1.53367e+01
110	1	49	0	2	3	3.45116e-03	-5.32840e-01	1.60660e+01
110	1	50	0	2	3	4.01798e-03	-5.82418e-01	1.49107e+01
110	1	51	0	2	3	4.15993e-03	-5.86631e-01	1.66942e+01
110	1	52	0	2	3	4.12608e-03	-5.98071e-01	1.54848e+01
110	1	53	0	2	3	3.38705e-03	-5.30896e-01	1.60178e+01
110	1	54	0	2	3	4.48246e-03	-6.22351e-01	1.68603e+01
110	1	55	0	2	3	4.19324e-03	-5.91447e-01	1.69326e+01
110	1	56	0	2	3	4.15919e-03	-6.04746e-01	1.56762e+01
110	1	57	0	2	3	3.94602e-03	-5.75200e-01	1.63689e+01
110	1	58	0	2	3	4.19298e-03	-6.07427e-01	1.75994e+01
110	1	59	0	2	3	4.37905e-03	-6.16923e-01	1.84528e+01
110	1	60	0	2	3	3.86048e-03	-5.75635e-01	1.58576e+01
110	1	61	0	2	3	4.03804e-03	-5.68344e-01	1.56939e+01
110	1	62	0	2	3	4.16441e-03	-5.94245e-01	1.51309e+01
110	1	63	0	2	3	4.30461e-03	-6.02502e-01	1.71809e+01
110	1	64	0	2	3	3.96801e-03	-5.84568e-01	1.63922e+01
110	1	65	0	2	3	4.15285e-03	-5.88711e-01	1.61994e+01
110	1	66	0	2	3	4.51248e-03	-6.31044e-01	1.59590e+01
110	1	67	0	2	3	4.26565e-03	-6.04653e-01	1.56924e+01
110	1	68	0	2	3	3.49604e-03	-5.40188e-01	1.39520e+01
110	1	69	0	2	3	4.04015e-03	-5.83931e-01	1.62498e+01
110	1	70	0	2	3	4.04778e-03	-5.89296e-01	1.62500e+01
110	1	71	0	2	3	4.10996e-03	-5.97478e-01	1.67683e+01
110	1	72	0	2	3	3.76616e-03	-5.64119e-01	1.52781e+01
110	1	73	0	2	3	4.48919e-03	-6.19305e-01	1.75742e+01
110	1	74	0	2	3	4.06169e-03	-5.87932e-01	1.48890e+01
110	1	75	0	2	3	4.13147e-03	-5.97053e-01	1.61757e+01
110	1	76	0	2	3	3.88322e-03	-5.72672e-01	1.52568e+01
110	1	77	0	2	3	3.92348e-03	-5.80591e-01	1.58637e+01
110	1	78	0	2	3	4.28336e-03	-6.04872e-01	1.51634e+01
110	1	79	0	2	3	4.08024e-03	-5.88556e-01	1.58963e+01
110	1	80	0	2	3	3.75297e-03	-5.59436e-01	1.48607e+01
110	1	81	0	2	3	3.87551e-03	-5.72148e-01	1.49296e+01
110	1	82	0	2	3	4.43490e-03	-6.14020e-01	1.67905e+01
110	1	83	0	2	3	4.08150e-03	-5.78061e-01	1.52636e+01
110	1	84	0	2	3	3.73599e-03	-5.51849e-01	1.41849e+01
110	1	85	0	2	3	3.54108e-03	-5.45433e-01	1.46798e+01
110	1	86	0	2	3	4.24048e-03	-6.01040e-01	1.63204e+01
110	1	87	0	2	3	4.24348e-03	-5.92034e-01	1.42449e+01
110	1	88	0	2	3	3.85748e-03	-5.69913e-01	1.54830e+01
110	1	89	0	2	3	3.74224e-03	-5.65186e-01	1.47255e+01
110	1	90	0	2	3	3.87621e-03	-5.77237e-01	1.48488e+01
110	1	91	0	2	3	4.17476e-03	-5.89354e-01	1.59551e+01
110	1	92	0	2	3	3.66695e-03	-5.51345e-01	1.47143e+01
110	1	93	0	2	3	3.94972e-03	-5.73785e-01	1.53202e+01
110	1	94	0	2	3	4.01566e-03	-5.87269e-01	1.61727e+01
110	1	95	0	2	3	4.05900e-03	-5.90959e-01	1.54242e+01
110	1	96	0	2	3	3.81528e-03	-5.67296e-01	1.47258e+01
110	1	97	0	2	3	4.00629e-03	-5.80000e-01	1.58866e+01
110	1	98	0	2	3	4.40960e-03	-6.28230e-01	1.72039e+01
110	1	99	0	2	3	4.03147e-03	-5.85283e-01	1.53607e+01
110	1	100	0	2	3	3.79822e-03	-5.53437e-01	1.49130e+01
110	1	101	0	2	3	3.71891e-03	-5.57787e-01	1.53432e+01
110	1	102	0	2	3	4.65060e-03	-6.37045e-01	1.64904e+01
110	1	103	0	2	3	4.13188e-03	-5.89333e-01	1.52867e+01
110	1	104	0	2	3	3.92415e-03	-5.77168e-01	1.54363e+01
110	1	105	0	2	3	4.14192e-03	-5.87199e-01	1.55953e+01
110	1	106	0	2	3	4.69751e-03	-6.37073e-01	1.72512e+01
110	1	107	0	2	3	4.42725e-03	-6.14462e-01	1.59500e+01
110	1	108	0	2	3	3.71850e-03	-5.59984e-01	1.57895e+01
110	1	109	0	2	3	3.72396e-03	-5.58644e-01	1.56195e+01
110	1	110	0	2	3	4.64722e-03	-6.31797e-01	1.63376e+01
110	1	111	0	2	3	4.48961e-03	-6.20586e-01	1.72800e+01
110	1	112	0	2	3	3.97028e-03	-5.80707e-01	1.53109e+01
110	1	113	0	2	3	3.91957e-03	-5.76688e-01	1.55810e+01
110	1	114	0	2	3	4.46000e-03	-6.24639e-01	1.59498e+01
110	1	115	0	2	3	4.87172e-03	-6.39698e-01	1.62608e+01
110	1	116	0	2	3	4.37521e-03	-6.09197e-01	1.59490e+01
110	1	117	0	2	3	3.94784e-03	-5.74650e-01	1.54104e+01
110	1	118	0	2	3	3.87845e-03	-5.79058e-01	1.45996e+01
110	1	119	0	2	3	4.38283e-03	-6.06347e-01	1.60968e+01
110	1	120	0	2	3	4.04201e-03	-5.88502e-01	1.53765e+01
110	1	121	0	2	3	3.60729e-03	-5.50025e-01	1.47645e+01
110	1	122	0	2	3	3.86249e-03	-5.78078e-01	1.64859e+01
110	1	123	0	2	3	4.54242e-03	-6.31783e-01	1.79196e+01
110	1	124	0	2	3	4.45927e-03	-6.04010e-01	1.50928e+01
110	1	125	0	2	3	4.49136e-03	-6.18002e-01	1.63448e+01
110	1	126	0	2	3	4.49296e-03	-6.12943e-01	1.59827e+01
110	1	127	0	2	3	4.76545e-03	-6.27777e-01	1.61444e+01
110	1	128	0	2	3	3.54341e-03	-5.77996e-01	1.62640e+01
110	1	129	0	2	3	4.36778e-03	-6.34622e-01	1.71934e+01
110	1	130	0	2	3	4.21823e-03	-6.13637e-01	1.57386e+01
110	1	131	0	2	3	3.70435e-03	-5.67448e-01	1.53536e+01
110	1	132	0	2	3	5.56314e-03	-7.06572e-01	1.83393e+01
110	1	133	0	2	3	4.31402e-03	-6.06729e-01	1.57461e+01
110	1	134	0	2	3	3.69878e-03	-5.88802e-01	1.65418e+01
110	1	135	0	2	3	4.35812e-03	-6.02517e-01	1.59524e+01
110	1	136	0	2	3	4.12167e-03	-6.13582e-01	1.71291e+01
110	1	137	0	2	3	3.84580e-03	-5.80611e-01	1.58097e+01
110	1	138	0	2	3	3.16211e-03	-5.20459e-01	1.43258e+01
110	1	139	0	2	3	3.65130e-03	-5.67771e-01	1.58051e+01
110	1	140	0	2	3	3.27872e-03	-5.37212e-01	1.46067e+01
110	1	141	0	2	3	3.13307e-03	-5.34763e-01	1.45857e+01
110	1	142	0	2	3	2.53618e-03	-4.80830e-01	1.33762e+01
110	1	143	0	2	3	5.43214e-03	-7.13845e-01	1.88830e+01
110	1	144	0	2	3	3.35883e-03	-5.45584e-01	1.59947e+01
110	1	145	0	2	3	5.69569e-03	-6.98856e-01	1.74778e+01
110	1	146	0	2	3	6.52038e-03	-7.69716e-01	1.86920e+01
110	1	147	0	2	3	5.46358e-03	-6.74840e-01	1.59820e+01
110	1	148	0	2	3	5.26052e-03	-6.84145e-01	1.68094e+01
110	1	149	0	2	3	5.53390e-03	-6.81206e-01	1.75020e+01
110	1	150	0	2	3	3.97750e-03	-5.69769e-01	1.54602e+01
110	1	151	0	2	3	3.99703e-03	-5.91373e-01	1.57278e+01
110	1	152	0	2	3	6.35653e-03	-7.40798e-01	1.89523e+01
110	1	153	0	2	3	-1.02319e-04	-2.93153e-01	1.12856e+01
110	1	154	0	2	3	2.24592e-03	-4.77242e-01	1.43508e+01
110	1	155	0	2	3	2.74488e-03	-4.88431e-01	1.26522e+01
110	1	156	0	2	3	7.06943e-03	-8.21050e-01	2.03314e+01
110	1	157	0	2	3	3.87071e-03	-5.90540e-01	1.68237e+01
110	1	158	0	2	3	4.07376e-03	-5.77271e-01	1.58256e+01
110	1	159	0	2	3	2.72530e-03	-5.14320e-01	1.59349e+01
