##
#  file: HodoPHCParam_Dummy
#  date: 2016.06.15
#  note: first version
#
#
#######################################################################
# CId	PlId	Seg	UorD	Type	nParam	p0	p1	...
#
#	Type=0 no correction will be performed
#	Type=1 ct=t-p[0]/sqrt(a-p[1])+p[2]
#	Type=2 ct=p[0]*a*a + p[1]*a + p[2] for Fiber
#
#######################################################################
# BH1 Up                                                              #
#######################################################################
1	0	0	0	1	3	5.08705e+00	-1.98362e+00	2.93454e+00
1	0	1	0	1	3	6.69706e-01	2.91546e-01	8.10244e-01
1	0	2	0	1	3	5.01779e-01	3.94271e-01	6.64278e-01
1	0	3	0	1	3	7.45330e-01	1.66754e-01	8.56036e-01
1	0	4	0	1	3	8.52890e-01	8.60054e-02	9.27134e-01
1	0	5	0	1	3	1.69981e+00	-1.50393e-01	1.62794e+00
1	0	6	0	1	3	1.58582e+00	-2.35346e-01	1.46587e+00
1	0	7	0	1	3	1.61970e+00	-1.46184e-01	1.54504e+00
1	0	8	0	1	3	1.37546e+00	-2.52696e-01	1.28233e+00
1	0	9	0	1	3	1.74814e+00	-2.76223e-01	1.64100e+00
1	0	10	0	1	3	1.60339e+01	-4.62629e+00	6.81205e+00
#######################################################################
# BH1 Down                                                            #
#######################################################################
1	0	0	1	1	3	1.33519e+00	-9.13138e-02	1.27257e+00
1	0	1	1	1	3	6.24909e-01	2.88647e-01	7.65429e-01
1	0	2	1	1	3	6.68954e-01	2.21542e-01	7.45264e-01
1	0	3	1	1	3	1.32364e+00	-4.57464e-01	1.08318e+00
1	0	4	1	1	3	1.18002e+00	-7.91080e-02	1.17008e+00
1	0	5	1	1	3	2.07299e+00	-4.79828e-01	1.70935e+00
1	0	6	1	1	3	1.96000e+00	-5.20196e-01	1.63958e+00
1	0	7	1	1	3	1.89852e+00	-4.50289e-01	1.60743e+00
1	0	8	1	1	3	1.02469e+00	-6.73213e-02	1.04734e+00
1	0	9	1	1	3	1.64894e+00	-1.85977e-01	1.61292e+00
1	0	10	1	1	3	7.15603e-01	2.22738e-01	8.54972e-01
#######################################################################
# BH2 Up                                                              #
#######################################################################
2	0	0	0	1	3	1.43047e-01	2.98695e-01	2.00085e-01
2	0	1	0	1	3	8.79554e-01	-2.31747e-01	7.85839e-01
2	0	2	0	1	3	5.94572e-01	-4.97541e-01	4.68956e-01
2	0	3	0	1	3	1.91725e-01	3.94747e-02	1.91115e-01
2	0	4	0	1	3	3.31184e-01	-9.38469e-02	3.15823e-01
2	0	5	0	1	3	1.99769e-01	2.70254e-01	2.37321e-01
2	0	6	0	1	3	2.58948e-01	2.41832e-01	3.10133e-01
2	0	7	0	1	3	3.50426e-01	8.80094e-02	3.70898e-01
#######################################################################
# BH2 Down                                                            #
#######################################################################
2	0	0	1	1	3	3.94607e-01	-1.85207e-01	3.84440e-01
2	0	1	1	1	3	9.92155e-01	-3.85817e-01	8.32122e-01
2	0	2	1	1	3	4.10986e-01	-9.27803e-02	3.90143e-01
2	0	3	1	1	3	1.76416e-01	4.84160e-02	1.75490e-01
2	0	4	1	1	3	2.42956e-01	1.23979e-01	2.64593e-01
2	0	5	1	1	3	3.57967e-01	4.32013e-02	3.63973e-01
2	0	6	1	1	3	1.22093e+00	-6.67168e-01	9.30075e-01
2	0	7	1	1	3	2.92156e-01	-4.36810e-03	2.98702e-01
#######################################################################
# BAC                                                                 #
#######################################################################
3	0	0	0	1	3	0.00000e+00	0.00000e+00	0.00000e+00
3	0	1	0	1	3	0.00000e+00	0.00000e+00	0.00000e+00
#######################################################################
# FBH Up                                                              #
#######################################################################
4	0	0	0	2	3	-5.62952e-03	8.96903e-01	-3.53273e+01
4	0	1	0	2	3	-4.29399e-03	7.37975e-01	-3.00049e+01
4	0	2	0	2	3	-5.26894e-03	8.67305e-01	-3.38992e+01
4	0	3	0	2	3	-3.80183e-03	6.69237e-01	-2.72260e+01
4	0	4	0	2	3	-4.35014e-03	7.35785e-01	-2.92008e+01
4	0	5	0	2	3	-4.02541e-03	6.86907e-01	-2.70312e+01
4	0	6	0	2	3	-4.16660e-03	7.08229e-01	-2.81512e+01
4	0	7	0	2	3	-3.93117e-03	6.84759e-01	-2.69101e+01
4	0	8	0	2	3	-4.14423e-03	6.96902e-01	-2.65883e+01
4	0	9	0	2	3	-2.83372e-03	5.62925e-01	-2.20787e+01
4	0	10	0	2	3	-4.07944e-03	7.09420e-01	-2.75603e+01
4	0	11	0	2	3	-3.50961e-03	6.50113e-01	-2.64167e+01
4	0	12	0	2	3	-3.52415e-03	6.49734e-01	-2.67232e+01
4	0	13	0	2	3	-4.13420e-03	7.26957e-01	-2.99675e+01
4	0	14	0	2	3	-4.90315e-03	8.27563e-01	-3.35630e+01
4	0	15	0	2	3	-4.73048e-03	8.13189e-01	-3.31901e+01
#######################################################################
# FBH Down                                                            #
#######################################################################
4	0	0	1	2	3	-5.62952e-03	8.96903e-01	-3.53273e+01
4	0	1	1	2	3	-4.29399e-03	7.37975e-01	-3.00049e+01
4	0	2	1	2	3	-5.26894e-03	8.67305e-01	-3.38992e+01
4	0	3	1	2	3	-3.80183e-03	6.69237e-01	-2.72260e+01
4	0	4	1	2	3	-4.35014e-03	7.35785e-01	-2.92008e+01
4	0	5	1	2	3	-4.02541e-03	6.86907e-01	-2.70312e+01
4	0	6	1	2	3	-4.16660e-03	7.08229e-01	-2.81512e+01
4	0	7	1	2	3	-3.93117e-03	6.84759e-01	-2.69101e+01
4	0	8	1	2	3	-4.14423e-03	6.96902e-01	-2.65883e+01
4	0	9	1	2	3	-2.83372e-03	5.62925e-01	-2.20787e+01
4	0	10	1	2	3	-4.07944e-03	7.09420e-01	-2.75603e+01
4	0	11	1	2	3	-3.50961e-03	6.50113e-01	-2.64167e+01
4	0	12	1	2	3	-3.52415e-03	6.49734e-01	-2.67232e+01
4	0	13	1	2	3	-4.13420e-03	7.26957e-01	-2.99675e+01
4	0	14	1	2	3	-4.90315e-03	8.27563e-01	-3.35630e+01
4	0	15	1	2	3	-4.73048e-03	8.13189e-01	-3.31901e+01
#######################################################################
# PVAC                                                                #
#######################################################################
5	0	0	0	1	3	0.00000e+00	0.00000e+00	0.00000e+00
#######################################################################
# FAC                                                                 #
#######################################################################
6	0	0	0	1	3	0.00000e+00	0.00000e+00	0.00000e+00
#######################################################################
# SCH                                                                 #
#######################################################################
#7	0	0	0	2	3	-0.00500000	0.821213	-32.185321
#7	0	1	0	2	3	-0.00500000	0.830248	-32.269563
#7	0	2	0	2	3	-0.00500000	0.793073	-29.315934
#7	0	3	0	2	3	-0.00500000	0.772144	-28.276705
#7	0	4	0	2	3	-0.00500000	0.801968	-30.687167
#7	0	5	0	2	3	-0.00500000	0.778300	-28.439251
#7	0	6	0	2	3	-0.00500000	0.765872	-27.918181
#7	0	7	0	2	3	-0.00500000	0.738459	-26.016797
#7	0	8	0	2	3	-0.00500000	0.778318	-28.676371
#7	0	9	0	2	3	-0.00500000	0.776670	-28.892887
#7	0	10	0	2	3	-0.00500000	0.764278	-28.122474
#7	0	11	0	2	3	-0.00500000	0.790742	-29.423647
#7	0	12	0	2	3	-0.00500000	0.811330	-30.487019
#7	0	13	0	2	3	-0.00500000	0.818750	-30.891512
#7	0	14	0	2	3	-0.00500000	0.802541	-30.009136
#7	0	15	0	2	3	-0.00500000	0.809525	-30.751746
#7	0	16	0	2	3	-0.00500000	0.802597	-30.845509
#7	0	17	0	2	3	-0.00500000	0.835028	-32.780792
#7	0	18	0	2	3	-0.00500000	0.859176	-33.938731
#7	0	19	0	2	3	-0.00500000	0.814851	-31.445396
#7	0	20	0	2	3	-0.00500000	0.809426	-30.781087
#7	0	21	0	2	3	-0.00500000	0.780678	-28.888756
#7	0	22	0	2	3	-0.00500000	0.808206	-30.719604
#7	0	23	0	2	3	-0.00500000	0.774024	-27.858339
#7	0	24	0	2	3	-0.00500000	0.794308	-29.022101
#7	0	25	0	2	3	-0.00500000	0.775649	-27.980186
#7	0	26	0	2	3	-0.00500000	0.788483	-28.687567
#7	0	27	0	2	3	-0.00466315	0.771386	-29.253260
#7	0	28	0	2	3	-0.00483132	0.790854	-28.637741
#7	0	29	0	2	3	-0.00497049	0.812994	-30.786914
#7	0	30	0	2	3	-0.00500000	0.787793	-28.362716
#7	0	31	0	2	3	-0.00500000	0.790759	-28.876812
#7	0	32	0	2	3	-0.00500000	0.824826	-31.655285
#7	0	33	0	2	3	-0.00500000	0.845304	-33.407765
#7	0	34	0	2	3	-0.00500000	0.832263	-32.939799
#7	0	35	0	2	3	-0.00500000	0.820631	-31.695372
#7	0	36	0	2	3	-0.00500000	0.836997	-33.200590
#7	0	37	0	2	3	-0.00500000	0.819690	-32.097193
#7	0	38	0	2	3	-0.00500000	0.808109	-31.263214
#7	0	39	0	2	3	-0.00500000	0.815224	-31.135523
#7	0	40	0	2	3	-0.00500000	0.803398	-29.897923
#7	0	41	0	2	3	-0.00500000	0.815685	-31.165519
#7	0	42	0	2	3	-0.00500000	0.812980	-30.737261
#7	0	43	0	2	3	-0.00500000	0.829418	-32.693307
#7	0	44	0	2	3	-0.00500000	0.789530	-29.464920
#7	0	45	0	2	3	-0.00500000	0.804789	-31.208151
#7	0	46	0	2	3	-0.00500000	0.830106	-32.806514
#7	0	47	0	2	3	-0.00500000	0.819206	-31.373242
#7	0	48	0	2	3	-0.00500000	0.816165	-31.709319
#7	0	49	0	2	3	-0.00500000	0.798496	-30.201709
#7	0	50	0	2	3	-0.00500000	0.812167	-31.795745
#7	0	51	0	2	3	-0.00500000	0.810749	-31.375226
#7	0	52	0	2	3	-0.00500000	0.803385	-31.372512
#7	0	53	0	2	3	-0.00500000	0.777405	-29.262831
#7	0	54	0	2	3	-0.00500000	0.783954	-29.763410
#7	0	55	0	2	3	-0.00500000	0.789443	-29.976449
#7	0	56	0	2	3	-0.00500000	0.838828	-33.261086
#7	0	57	0	2	3	-0.00500000	0.804421	-30.573195
#7	0	58	0	2	3	-0.00500000	0.773283	-29.111048
#7	0	59	0	2	3	-0.00500000	0.811789	-31.449459
#7	0	60	0	2	3	-0.00500000	0.759724	-28.110014
#7	0	61	0	2	3	-0.00500000	0.810884	-31.379063
#7	0	62	0	2	3	-0.00500000	0.771910	-28.435006
#7	0	63	0	2	3	-0.00500000	0.796658	-30.511906
#######################################################################
# TOF Up                                                              #
#######################################################################
7	0	0	0	1	3	5.24830e+00	-1.96630e+00	2.96170e+00
7	0	1	0	1	3	5.24830e+00	-1.96630e+00	2.96170e+00
7	0	2	0	1	3	5.24830e+00	-1.96630e+00	2.96170e+00
7	0	3	0	1	3	5.24830e+00	-1.96630e+00	2.96170e+00
7	0	4	0	1	3	5.24830e+00	-1.96630e+00	2.96170e+00
7	0	5	0	1	3	5.24830e+00	-1.96630e+00	2.96170e+00
7	0	6	0	1	3	6.97090e+00	-3.03520e+00	3.39910e+00
7	0	7	0	1	3	4.05450e+00	-1.96150e+00	2.30360e+00
7	0	8	0	1	3	1.16940e+02	-2.98600e+01	2.09880e+01
7	0	9	0	1	3	5.24830e+00	-1.96630e+00	2.96170e+00
7	0	10	0	1	3	5.24830e+00	-1.96630e+00	2.96170e+00
7	0	11	0	1	3	5.24830e+00	-1.96630e+00	2.96170e+00
7	0	12	0	1	3	5.24830e+00	-1.96630e+00	2.96170e+00
7	0	13	0	1	3	5.24830e+00	-1.96630e+00	2.96170e+00
7	0	14	0	1	3	5.24830e+00	-1.96630e+00	2.96170e+00
7	0	15	0	1	3	5.24830e+00	-1.96630e+00	2.96170e+00
7	0	16	0	1	3	5.24830e+00	-1.96630e+00	2.96170e+00
7	0	17	0	1	3	5.24830e+00	-1.96630e+00	2.96170e+00
7	0	18	0	1	3	5.24830e+00	-1.96630e+00	2.96170e+00
7	0	19	0	1	3	7.11491e-01	1.85180e-03	5.82402e-01
7	0	20	0	1	3	5.59404e-01	-1.73810e-03	4.50716e-01
7	0	21	0	1	3	8.92499e-01	1.99900e-03	7.37364e-01
7	0	22	0	1	3	6.37553e-01	1.99960e-03	5.45449e-01
7	0	23	0	1	3	1.19210e+00	1.98920e-03	9.99994e-01
#######################################################################
# TOF Down                                                            #
#######################################################################
7	0	0	1	1	3	5.84300e+00	-2.30730e+00	3.11320e+00
7	0	1	1	1	3	5.84300e+00	-2.30730e+00	3.11320e+00
7	0	2	1	1	3	5.84300e+00	-2.30730e+00	3.11320e+00
7	0	3	1	1	3	5.84300e+00	-2.30730e+00	3.11320e+00
7	0	4	1	1	3	5.84300e+00	-2.30730e+00	3.11320e+00
7	0	5	1	1	3	5.84300e+00	-2.30730e+00	3.11320e+00
7	0	6	1	1	3	1.41330e+01	-5.81170e+00	5.32680e+00
7	0	7	1	1	3	7.84850e+01	-2.02870e+01	1.69500e+01
7	0	8	1	1	3	2.20240e+02	-3.62440e+01	3.60080e+01
7	0	9	1	1	3	5.84300e+00	-2.30730e+00	3.11320e+00
7	0	10	1	1	3	5.84300e+00	-2.30730e+00	3.11320e+00
7	0	11	1	1	3	5.84300e+00	-2.30730e+00	3.11320e+00
7	0	12	1	1	3	5.84300e+00	-2.30730e+00	3.11320e+00
7	0	13	1	1	3	5.84300e+00	-2.30730e+00	3.11320e+00
7	0	14	1	1	3	5.84300e+00	-2.30730e+00	3.11320e+00
7	0	15	1	1	3	5.84300e+00	-2.30730e+00	3.11320e+00
7	0	16	1	1	3	5.84300e+00	-2.30730e+00	3.11320e+00
7	0	17	1	1	3	5.84300e+00	-2.30730e+00	3.11320e+00
7	0	18	1	1	3	5.84300e+00	-2.30730e+00	3.11320e+00
7	0	19	1	1	3	6.18741e-01	1.99860e-03	4.90831e-01
7	0	20	1	1	3	5.75901e-01	1.04210e-03	4.72509e-01
7	0	21	1	1	3	9.41046e-01	1.99890e-03	7.79357e-01
7	0	22	1	1	3	4.84266e-01	-1.95590e-03	3.99786e-01
7	0	23	1	1	3	8.97714e-01	1.99860e-03	7.56300e-01
#######################################################################
# BFT U                                                               #
#######################################################################
110	0	0	0	2	3	5.44267e-03	-6.75717e-01	1.68389e+01
110	0	1	0	2	3	4.91526e-03	-6.25902e-01	1.56824e+01
110	0	2	0	2	3	3.11946e-03	-5.07964e-01	1.35927e+01
110	0	3	0	2	3	4.74389e-03	-6.30653e-01	1.49850e+01
110	0	4	0	2	3	3.75368e-03	-5.61026e-01	1.50291e+01
110	0	5	0	2	3	4.56691e-03	-6.07424e-01	1.60781e+01
110	0	6	0	2	3	4.15512e-03	-5.86497e-01	1.46943e+01
110	0	7	0	2	3	3.77967e-03	-5.53884e-01	1.48882e+01
110	0	8	0	2	3	3.49868e-03	-5.43253e-01	1.41998e+01
110	0	9	0	2	3	6.11540e-04	-3.13706e-01	1.11998e+01
110	0	10	0	2	3	4.66289e-03	-6.23015e-01	1.47358e+01
110	0	11	0	2	3	4.16658e-03	-5.75001e-01	1.59957e+01
110	0	12	0	2	3	2.80890e-03	-4.92738e-01	1.28096e+01
110	0	13	0	2	3	3.82419e-03	-5.52501e-01	1.55895e+01
110	0	14	0	2	3	3.98245e-03	-5.72269e-01	1.39685e+01
110	0	15	0	2	3	4.61974e-03	-6.16901e-01	1.68586e+01
110	0	16	0	2	3	3.68029e-03	-5.45966e-01	1.33616e+01
110	0	17	0	2	3	4.11845e-03	-5.76215e-01	1.56645e+01
110	0	18	0	2	3	3.98470e-03	-5.79611e-01	1.40575e+01
110	0	19	0	2	3	4.54373e-03	-6.08868e-01	1.42455e+01
110	0	20	0	2	3	3.79634e-03	-5.55016e-01	1.40236e+01
110	0	21	0	2	3	5.37293e-03	-6.76193e-01	1.89280e+01
110	0	22	0	2	3	3.91593e-03	-5.68998e-01	1.42267e+01
110	0	23	0	2	3	4.14883e-03	-5.72321e-01	1.55776e+01
110	0	24	0	2	3	4.26892e-03	-5.90250e-01	1.49750e+01
110	0	25	0	2	3	3.92493e-03	-5.56429e-01	1.58272e+01
110	0	26	0	2	3	3.98492e-03	-5.76341e-01	1.54396e+01
110	0	27	0	2	3	4.32063e-03	-5.84752e-01	1.56770e+01
110	0	28	0	2	3	4.03504e-03	-5.74824e-01	1.28513e+01
110	0	29	0	2	3	4.37369e-03	-5.85409e-01	1.52114e+01
110	0	30	0	2	3	3.38771e-03	-5.33714e-01	1.35181e+01
110	0	31	0	2	3	4.45468e-03	-6.02141e-01	1.61466e+01
110	0	32	0	2	3	4.28395e-03	-5.98970e-01	1.49603e+01
110	0	33	0	2	3	4.47689e-03	-5.77126e-01	1.37566e+01
110	0	34	0	2	3	4.50245e-03	-6.07529e-01	1.47450e+01
110	0	35	0	2	3	4.95466e-03	-6.44286e-01	1.69359e+01
110	0	36	0	2	3	3.87606e-03	-5.55015e-01	1.36692e+01
110	0	37	0	2	3	4.37005e-03	-5.97869e-01	1.69742e+01
110	0	38	0	2	3	4.02592e-03	-5.70123e-01	1.35049e+01
110	0	39	0	2	3	4.34147e-03	-5.89461e-01	1.54949e+01
110	0	40	0	2	3	4.23849e-03	-5.79166e-01	1.39554e+01
110	0	41	0	2	3	3.98759e-03	-5.66594e-01	1.62597e+01
110	0	42	0	2	3	4.33848e-03	-5.89128e-01	1.47156e+01
110	0	43	0	2	3	4.47402e-03	-6.12654e-01	1.67701e+01
110	0	44	0	2	3	3.85618e-03	-5.61563e-01	1.39055e+01
110	0	45	0	2	3	4.12801e-03	-5.68580e-01	1.56966e+01
110	0	46	0	2	3	4.39808e-03	-6.09841e-01	1.50098e+01
110	0	47	0	2	3	4.61202e-03	-6.22959e-01	1.80070e+01
110	0	48	0	2	3	3.63309e-03	-5.39984e-01	1.24450e+01
110	0	49	0	2	3	4.50555e-03	-6.03993e-01	1.68999e+01
110	0	50	0	2	3	4.37492e-03	-5.98608e-01	1.49407e+01
110	0	51	0	2	3	4.49440e-03	-6.02729e-01	1.57423e+01
110	0	52	0	2	3	3.84583e-03	-5.54604e-01	1.32617e+01
110	0	53	0	2	3	4.26751e-03	-5.80175e-01	1.51492e+01
110	0	54	0	2	3	4.09586e-03	-5.81327e-01	1.42843e+01
110	0	55	0	2	3	4.39423e-03	-5.96447e-01	1.65448e+01
110	0	56	0	2	3	3.88500e-03	-5.75345e-01	1.51882e+01
110	0	57	0	2	3	4.49332e-03	-6.02416e-01	1.62812e+01
110	0	58	0	2	3	3.98728e-03	-5.75369e-01	1.52383e+01
110	0	59	0	2	3	4.07650e-03	-5.90614e-01	1.65491e+01
110	0	60	0	2	3	3.93624e-03	-5.73962e-01	1.38103e+01
110	0	61	0	2	3	3.67367e-03	-5.41699e-01	1.48790e+01
110	0	62	0	2	3	4.60802e-03	-6.13589e-01	1.46610e+01
110	0	63	0	2	3	4.37824e-03	-5.98576e-01	1.48783e+01
110	0	64	0	2	3	4.03686e-03	-5.79653e-01	1.45013e+01
110	0	65	0	2	3	4.10164e-03	-5.77087e-01	1.55197e+01
110	0	66	0	2	3	4.35306e-03	-6.15642e-01	1.64598e+01
110	0	67	0	2	3	3.86671e-03	-5.65588e-01	1.55614e+01
110	0	68	0	2	3	3.88155e-03	-5.81098e-01	1.51606e+01
110	0	69	0	2	3	3.98938e-03	-5.67020e-01	1.48669e+01
110	0	70	0	2	3	4.46503e-03	-6.27444e-01	1.49629e+01
110	0	71	0	2	3	4.50289e-03	-6.10844e-01	1.60836e+01
110	0	72	0	2	3	3.83800e-03	-5.72201e-01	1.37619e+01
110	0	73	0	2	3	4.70263e-03	-6.25543e-01	1.57291e+01
110	0	74	0	2	3	4.49828e-03	-6.25425e-01	1.58102e+01
110	0	75	0	2	3	4.55749e-03	-6.09725e-01	1.56699e+01
110	0	76	0	2	3	4.00870e-03	-5.75267e-01	1.38073e+01
110	0	77	0	2	3	3.85190e-03	-5.61579e-01	1.51771e+01
110	0	78	0	2	3	4.54042e-03	-6.23966e-01	1.50361e+01
110	0	79	0	2	3	4.48874e-03	-6.07033e-01	1.56070e+01
110	0	80	0	2	3	4.13117e-03	-5.87161e-01	1.51144e+01
110	0	81	0	2	3	3.92328e-03	-5.57671e-01	1.46890e+01
110	0	82	0	2	3	4.48485e-03	-6.08029e-01	1.49708e+01
110	0	83	0	2	3	5.11042e-03	-6.52983e-01	1.62867e+01
110	0	84	0	2	3	3.49365e-03	-5.38473e-01	1.36680e+01
110	0	85	0	2	3	3.79764e-03	-5.57199e-01	1.51221e+01
110	0	86	0	2	3	4.46481e-03	-6.23658e-01	1.50799e+01
110	0	87	0	2	3	3.96647e-03	-5.79183e-01	1.57972e+01
110	0	88	0	2	3	4.10567e-03	-5.77790e-01	1.46949e+01
110	0	89	0	2	3	3.89547e-03	-5.65830e-01	1.48349e+01
110	0	90	0	2	3	4.27003e-03	-6.00703e-01	1.43543e+01
110	0	91	0	2	3	4.20763e-03	-5.98530e-01	1.50722e+01
110	0	92	0	2	3	4.07583e-03	-5.91878e-01	1.50282e+01
110	0	93	0	2	3	4.12745e-03	-5.78479e-01	1.47487e+01
110	0	94	0	2	3	4.60464e-03	-6.40411e-01	1.69299e+01
110	0	95	0	2	3	4.39725e-03	-6.09879e-01	1.60715e+01
110	0	96	0	2	3	3.71580e-03	-5.65629e-01	1.41910e+01
110	0	97	0	2	3	4.15202e-03	-5.82399e-01	1.56013e+01
110	0	98	0	2	3	4.46169e-03	-6.24420e-01	1.52753e+01
110	0	99	0	2	3	4.53545e-03	-6.07260e-01	1.56898e+01
110	0	100	0	2	3	3.77633e-03	-5.65608e-01	1.47124e+01
110	0	101	0	2	3	3.88481e-03	-5.66078e-01	1.52664e+01
110	0	102	0	2	3	4.57645e-03	-6.25279e-01	1.60090e+01
110	0	103	0	2	3	4.55821e-03	-6.16651e-01	1.57137e+01
110	0	104	0	2	3	4.22401e-03	-5.96567e-01	1.43419e+01
110	0	105	0	2	3	4.31248e-03	-5.93571e-01	1.51551e+01
110	0	106	0	2	3	4.94214e-03	-6.51641e-01	1.64368e+01
110	0	107	0	2	3	4.86239e-03	-6.33274e-01	1.53644e+01
110	0	108	0	2	3	4.20534e-03	-5.99645e-01	1.52905e+01
110	0	109	0	2	3	4.06009e-03	-5.80971e-01	1.49266e+01
110	0	110	0	2	3	3.80047e-03	-5.72705e-01	1.48534e+01
110	0	111	0	2	3	4.64119e-03	-6.29341e-01	1.59017e+01
110	0	112	0	2	3	4.15099e-03	-5.81786e-01	1.36001e+01
110	0	113	0	2	3	4.53605e-03	-6.10589e-01	1.53726e+01
110	0	114	0	2	3	4.40196e-03	-6.11768e-01	1.55696e+01
110	0	115	0	2	3	4.52812e-03	-6.11027e-01	1.53470e+01
110	0	116	0	2	3	4.12489e-03	-5.91011e-01	1.47323e+01
110	0	117	0	2	3	3.80019e-03	-5.60498e-01	1.54786e+01
110	0	118	0	2	3	4.73169e-03	-6.38337e-01	1.62483e+01
110	0	119	0	2	3	4.25858e-03	-5.92632e-01	1.42010e+01
110	0	120	0	2	3	4.20142e-03	-6.06897e-01	1.52762e+01
110	0	121	0	2	3	4.78555e-03	-6.20964e-01	1.40501e+01
110	0	122	0	2	3	4.07718e-03	-5.93665e-01	1.61503e+01
110	0	123	0	2	3	4.29209e-03	-5.95490e-01	1.53838e+01
110	0	124	0	2	3	3.92936e-03	-5.68584e-01	1.48598e+01
110	0	125	0	2	3	3.80066e-03	-5.47993e-01	1.21708e+01
110	0	126	0	2	3	4.35447e-03	-6.00331e-01	1.48278e+01
110	0	127	0	2	3	3.90763e-03	-5.63119e-01	1.44941e+01
110	0	128	0	2	3	4.01743e-03	-6.23226e-01	1.68364e+01
110	0	129	0	2	3	3.74134e-03	-5.82884e-01	1.55631e+01
110	0	130	0	2	3	4.74340e-03	-6.66854e-01	1.75486e+01
110	0	131	0	2	3	3.45654e-03	-5.42600e-01	1.46899e+01
110	0	132	0	2	3	2.78413e-03	-4.97362e-01	1.43345e+01
110	0	133	0	2	3	5.41813e-03	-6.79250e-01	1.71162e+01
110	0	134	0	2	3	2.96739e-03	-5.29358e-01	1.47031e+01
110	0	135	0	2	3	3.10881e-03	-5.16853e-01	1.35528e+01
110	0	136	0	2	3	2.66729e-03	-4.94238e-01	1.33374e+01
110	0	137	0	2	3	2.72321e-03	-5.02521e-01	1.46011e+01
110	0	138	0	2	3	1.62367e-03	-4.24865e-01	1.29835e+01
110	0	139	0	2	3	2.98380e-03	-5.30530e-01	1.37605e+01
110	0	140	0	2	3	3.02774e-03	-5.39963e-01	1.57354e+01
110	0	141	0	2	3	3.80835e-03	-5.78336e-01	1.46925e+01
110	0	142	0	2	3	3.32812e-03	-5.50274e-01	1.49345e+01
110	0	143	0	2	3	5.05015e-03	-6.63408e-01	1.65008e+01
110	0	144	0	2	3	5.59130e-03	-7.01482e-01	1.66165e+01
110	0	145	0	2	3	7.96023e-03	-8.67407e-01	1.93796e+01
110	0	146	0	2	3	2.74426e-03	-4.97020e-01	1.37568e+01
110	0	147	0	2	3	3.53996e-03	-5.46106e-01	1.48869e+01
110	0	148	0	2	3	4.89911e-03	-6.55316e-01	1.62433e+01
110	0	149	0	2	3	4.21947e-03	-5.78951e-01	1.49235e+01
110	0	150	0	2	3	4.11259e-04	-3.30094e-01	1.11355e+01
110	0	151	0	2	3	-8.55772e-04	-2.19439e-01	8.53644e+00
110	0	152	0	2	3	4.02616e-04	-3.38325e-01	1.18465e+01
110	0	153	0	2	3	-3.64217e-03	-3.28256e-02	5.78702e+00
110	0	154	0	2	3	2.17379e-03	-4.83867e-01	1.38003e+01
110	0	155	0	2	3	-6.56545e-03	1.66372e-01	7.39440e-01
110	0	156	0	2	3	5.73738e-03	-7.16953e-01	1.80254e+01
110	0	157	0	2	3	-3.60539e-04	-2.78143e-01	1.06057e+01
110	0	158	0	2	3	4.76503e-03	-6.51331e-01	1.64664e+01
110	0	159	0	2	3	-1.20954e-02	5.72362e-01	-5.19093e+00
#######################################################################
# BFT D                                                               #
#######################################################################
110	1	0	0	2	3	-3.56194e-03	-2.17104e-02	6.59293e+00
110	1	1	0	2	3	3.15407e-03	-5.11112e-01	1.48860e+01
110	1	2	0	2	3	4.35907e-03	-6.02926e-01	1.60855e+01
110	1	3	0	2	3	2.77270e-03	-4.83519e-01	1.48153e+01
110	1	4	0	2	3	3.63132e-03	-5.57448e-01	1.54511e+01
110	1	5	0	2	3	2.94427e-03	-5.00650e-01	1.53266e+01
110	1	6	0	2	3	3.88494e-03	-5.77822e-01	1.47018e+01
110	1	7	0	2	3	2.51267e-03	-4.61138e-01	1.39358e+01
110	1	8	0	2	3	2.79412e-03	-4.97553e-01	1.46754e+01
110	1	9	0	2	3	3.71750e-03	-5.71197e-01	1.77351e+01
110	1	10	0	2	3	3.63406e-03	-5.54409e-01	1.53692e+01
110	1	11	0	2	3	4.77941e-03	-6.44527e-01	1.73962e+01
110	1	12	0	2	3	3.41140e-03	-5.44312e-01	1.46385e+01
110	1	13	0	2	3	2.94428e-03	-5.04228e-01	1.55024e+01
110	1	14	0	2	3	4.49235e-03	-6.17445e-01	1.55718e+01
110	1	15	0	2	3	4.57610e-03	-6.21188e-01	1.74523e+01
110	1	16	0	2	3	3.85685e-03	-5.69001e-01	1.50317e+01
110	1	17	0	2	3	3.87724e-03	-5.66487e-01	1.56395e+01
110	1	18	0	2	3	4.15888e-03	-5.95847e-01	1.50270e+01
110	1	19	0	2	3	3.41029e-03	-5.32974e-01	1.54316e+01
110	1	20	0	2	3	3.85992e-03	-5.78538e-01	1.56672e+01
110	1	21	0	2	3	3.49395e-03	-5.49591e-01	1.69118e+01
110	1	22	0	2	3	3.60246e-03	-5.55531e-01	1.48504e+01
110	1	23	0	2	3	3.96905e-03	-5.66621e-01	1.61432e+01
110	1	24	0	2	3	4.15660e-03	-5.96002e-01	1.64917e+01
110	1	25	0	2	3	3.66405e-03	-5.52206e-01	1.61415e+01
110	1	26	0	2	3	4.11731e-03	-5.91399e-01	1.52495e+01
110	1	27	0	2	3	4.18891e-03	-5.86966e-01	1.73791e+01
110	1	28	0	2	3	3.54964e-03	-5.52781e-01	1.55960e+01
110	1	29	0	2	3	3.29311e-03	-5.26831e-01	1.58562e+01
110	1	30	0	2	3	3.86452e-03	-5.74243e-01	1.52500e+01
110	1	31	0	2	3	3.93887e-03	-5.82351e-01	1.70465e+01
110	1	32	0	2	3	3.43020e-03	-5.42910e-01	1.59097e+01
110	1	33	0	2	3	3.34901e-03	-5.36497e-01	1.49948e+01
110	1	34	0	2	3	3.98737e-03	-5.75080e-01	1.47511e+01
110	1	35	0	2	3	4.09246e-03	-5.96279e-01	1.73157e+01
110	1	36	0	2	3	4.05351e-03	-5.81994e-01	1.61426e+01
110	1	37	0	2	3	3.45999e-03	-5.35134e-01	1.41252e+01
110	1	38	0	2	3	4.02003e-03	-5.80606e-01	1.62724e+01
110	1	39	0	2	3	4.22348e-03	-5.89159e-01	1.60530e+01
110	1	40	0	2	3	4.02623e-03	-5.77972e-01	1.48928e+01
110	1	41	0	2	3	4.21115e-03	-5.88176e-01	1.64582e+01
110	1	42	0	2	3	3.92178e-03	-5.68490e-01	1.52451e+01
110	1	43	0	2	3	4.14161e-03	-5.85854e-01	1.72304e+01
110	1	44	0	2	3	4.04308e-03	-5.85207e-01	1.51908e+01
110	1	45	0	2	3	3.65532e-03	-5.52449e-01	1.61047e+01
110	1	46	0	2	3	4.35131e-03	-6.07644e-01	1.55425e+01
110	1	47	0	2	3	4.27657e-03	-6.15039e-01	1.81862e+01
110	1	48	0	2	3	3.75714e-03	-5.59570e-01	1.53587e+01
110	1	49	0	2	3	3.59420e-03	-5.40293e-01	1.60259e+01
110	1	50	0	2	3	4.23387e-03	-5.97772e-01	1.50497e+01
110	1	51	0	2	3	4.23110e-03	-5.93361e-01	1.67241e+01
110	1	52	0	2	3	4.12002e-03	-5.97040e-01	1.53374e+01
110	1	53	0	2	3	3.64598e-03	-5.49479e-01	1.62180e+01
110	1	54	0	2	3	4.15336e-03	-6.01766e-01	1.64238e+01
110	1	55	0	2	3	4.47839e-03	-6.11422e-01	1.71519e+01
110	1	56	0	2	3	4.07651e-03	-5.99388e-01	1.54605e+01
110	1	57	0	2	3	3.86094e-03	-5.69836e-01	1.61788e+01
110	1	58	0	2	3	4.53548e-03	-6.35266e-01	1.80369e+01
110	1	59	0	2	3	4.35857e-03	-6.15446e-01	1.83166e+01
110	1	60	0	2	3	4.02857e-03	-5.87504e-01	1.59469e+01
110	1	61	0	2	3	3.93360e-03	-5.62657e-01	1.55382e+01
110	1	62	0	2	3	4.22340e-03	-5.94976e-01	1.49658e+01
110	1	63	0	2	3	4.53160e-03	-6.19364e-01	1.73872e+01
110	1	64	0	2	3	4.04069e-03	-5.90913e-01	1.63842e+01
110	1	65	0	2	3	4.39728e-03	-6.06802e-01	1.64093e+01
110	1	66	0	2	3	4.57113e-03	-6.33058e-01	1.58289e+01
110	1	67	0	2	3	4.54518e-03	-6.20550e-01	1.57677e+01
110	1	68	0	2	3	3.51376e-03	-5.41006e-01	1.38255e+01
110	1	69	0	2	3	4.36169e-03	-6.06145e-01	1.65061e+01
110	1	70	0	2	3	4.07289e-03	-5.90893e-01	1.61530e+01
110	1	71	0	2	3	4.30536e-03	-6.10983e-01	1.68740e+01
110	1	72	0	2	3	3.81908e-03	-5.68106e-01	1.52202e+01
110	1	73	0	2	3	3.90293e-03	-5.79115e-01	1.67768e+01
110	1	74	0	2	3	4.34980e-03	-6.03978e-01	1.49731e+01
110	1	75	0	2	3	4.44846e-03	-6.17389e-01	1.63573e+01
110	1	76	0	2	3	3.40940e-03	-5.36653e-01	1.44581e+01
110	1	77	0	2	3	4.00849e-03	-5.86317e-01	1.58370e+01
110	1	78	0	2	3	4.28109e-03	-6.03462e-01	1.49930e+01
110	1	79	0	2	3	4.24008e-03	-5.97910e-01	1.58794e+01
110	1	80	0	2	3	3.83986e-03	-5.66809e-01	1.48691e+01
110	1	81	0	2	3	3.94172e-03	-5.72987e-01	1.47421e+01
110	1	82	0	2	3	4.82645e-03	-6.41138e-01	1.71166e+01
110	1	83	0	2	3	4.58159e-03	-6.08450e-01	1.55764e+01
110	1	84	0	2	3	3.61862e-03	-5.42997e-01	1.39040e+01
110	1	85	0	2	3	3.78640e-03	-5.62141e-01	1.48317e+01
110	1	86	0	2	3	4.21569e-03	-5.98535e-01	1.61295e+01
110	1	87	0	2	3	4.21312e-03	-5.85804e-01	1.39393e+01
110	1	88	0	2	3	4.10202e-03	-5.90058e-01	1.57652e+01
110	1	89	0	2	3	3.75736e-03	-5.65625e-01	1.45863e+01
110	1	90	0	2	3	4.05063e-03	-5.87944e-01	1.48864e+01
110	1	91	0	2	3	4.38109e-03	-6.02769e-01	1.60428e+01
110	1	92	0	2	3	3.90344e-03	-5.70415e-01	1.49661e+01
110	1	93	0	2	3	3.68076e-03	-5.56920e-01	1.49435e+01
110	1	94	0	2	3	3.97424e-03	-5.85919e-01	1.60499e+01
110	1	95	0	2	3	4.19084e-03	-5.99493e-01	1.54320e+01
110	1	96	0	2	3	3.63964e-03	-5.51710e-01	1.43000e+01
110	1	97	0	2	3	3.81561e-03	-5.65430e-01	1.54980e+01
110	1	98	0	2	3	4.46693e-03	-6.34246e-01	1.72112e+01
110	1	99	0	2	3	4.23232e-03	-5.97863e-01	1.54373e+01
110	1	100	0	2	3	3.75467e-03	-5.51705e-01	1.47934e+01
110	1	101	0	2	3	3.94567e-03	-5.69826e-01	1.53575e+01
110	1	102	0	2	3	4.26080e-03	-6.13585e-01	1.60389e+01
110	1	103	0	2	3	4.28650e-03	-6.01146e-01	1.53946e+01
110	1	104	0	2	3	4.05645e-03	-5.83596e-01	1.53662e+01
110	1	105	0	2	3	3.79873e-03	-5.62858e-01	1.50673e+01
110	1	106	0	2	3	4.30819e-03	-6.09511e-01	1.66339e+01
110	1	107	0	2	3	4.34506e-03	-6.02917e-01	1.55253e+01
110	1	108	0	2	3	3.88091e-03	-5.72504e-01	1.59247e+01
110	1	109	0	2	3	3.44809e-03	-5.45741e-01	1.54218e+01
110	1	110	0	2	3	4.14301e-03	-5.99538e-01	1.57323e+01
110	1	111	0	2	3	4.83259e-03	-6.48231e-01	1.76988e+01
110	1	112	0	2	3	3.79843e-03	-5.71690e-01	1.50843e+01
110	1	113	0	2	3	3.82660e-03	-5.69381e-01	1.53094e+01
110	1	114	0	2	3	4.30277e-03	-6.09554e-01	1.54808e+01
110	1	115	0	2	3	4.74156e-03	-6.33950e-01	1.61231e+01
110	1	116	0	2	3	4.38714e-03	-6.10491e-01	1.58285e+01
110	1	117	0	2	3	3.88042e-03	-5.70624e-01	1.52215e+01
110	1	118	0	2	3	4.36616e-03	-6.05251e-01	1.47757e+01
110	1	119	0	2	3	4.81402e-03	-6.36309e-01	1.64709e+01
110	1	120	0	2	3	3.89048e-03	-5.74494e-01	1.49136e+01
110	1	121	0	2	3	3.51801e-03	-5.49762e-01	1.47759e+01
110	1	122	0	2	3	3.09556e-03	-5.24620e-01	1.54452e+01
110	1	123	0	2	3	3.64786e-03	-5.67604e-01	1.67114e+01
110	1	124	0	2	3	4.39041e-03	-5.98526e-01	1.48675e+01
110	1	125	0	2	3	3.63669e-03	-5.53599e-01	1.50166e+01
110	1	126	0	2	3	4.21344e-03	-5.92738e-01	1.54379e+01
110	1	127	0	2	3	4.35829e-03	-6.03083e-01	1.56904e+01
110	1	128	0	2	3	2.28463e-03	-4.86255e-01	1.44720e+01
110	1	129	0	2	3	4.40039e-03	-6.37905e-01	1.71303e+01
110	1	130	0	2	3	3.56022e-03	-5.68282e-01	1.49141e+01
110	1	131	0	2	3	3.40956e-03	-5.45298e-01	1.47936e+01
110	1	132	0	2	3	5.69208e-03	-7.18581e-01	1.84930e+01
110	1	133	0	2	3	4.79881e-03	-6.42359e-01	1.62312e+01
110	1	134	0	2	3	4.42267e-03	-6.32122e-01	1.70328e+01
110	1	135	0	2	3	3.31307e-03	-5.26614e-01	1.44387e+01
110	1	136	0	2	3	4.55324e-03	-6.42985e-01	1.75710e+01
110	1	137	0	2	3	3.67295e-03	-5.78644e-01	1.58480e+01
110	1	138	0	2	3	3.87438e-03	-5.86860e-01	1.56574e+01
110	1	139	0	2	3	4.27207e-03	-5.91643e-01	1.56367e+01
110	1	140	0	2	3	4.24810e-03	-6.24675e-01	1.64155e+01
110	1	141	0	2	3	4.72663e-03	-6.47797e-01	1.64589e+01
110	1	142	0	2	3	4.28235e-03	-5.91788e-01	1.49183e+01
110	1	143	0	2	3	1.49434e-03	-4.04117e-01	1.26795e+01
110	1	144	0	2	3	4.84149e-03	-6.52195e-01	1.76477e+01
110	1	145	0	2	3	2.47206e-03	-4.68928e-01	1.33351e+01
110	1	146	0	2	3	4.03654e-03	-6.08523e-01	1.61209e+01
110	1	147	0	2	3	8.55862e-03	-9.11632e-01	2.03807e+01
110	1	148	0	2	3	5.37674e-03	-6.98875e-01	1.70295e+01
110	1	149	0	2	3	3.96279e-03	-5.66373e-01	1.52603e+01
110	1	150	0	2	3	-2.24567e-02	1.39650e+00	-2.07495e+01
110	1	151	0	2	3	5.50584e-03	-7.00217e-01	1.75867e+01
110	1	152	0	2	3	-4.87946e-03	5.03508e-02	5.21436e+00
110	1	153	0	2	3	-2.79089e-02	1.83230e+00	-2.89292e+01
110	1	154	0	2	3	4.09863e-03	-6.00716e-01	1.63109e+01
110	1	155	0	2	3	5.16314e-03	-6.44230e-01	1.48313e+01
110	1	156	0	2	3	-7.53000e-03	2.16482e-01	2.11174e+00
110	1	157	0	2	3	-1.00363e-03	-2.25511e-01	1.00105e+01
110	1	158	0	2	3	-2.37693e-02	1.50606e+00	-2.27722e+01
110	1	159	0	2	3	-1.01553e-02	4.98138e-01	-3.91904e+00
