0	113	-80.3102	5.48965
1	113	-69.6427	9.49496

2	113	-59.7939	22.4523
3	113	-52.1505	32.3481
4	113	-46.3483	42.8512
5	113	-39.2712	53.3014
6	113	-32.9809	68.8208
7	113	-28.094	86.6211
0	114	-80.177	5.39124
1	114	-69.5318	9.40384

2	114	-59.6085	22.3054
3	114	-51.8923	32.143
4	114	-46.1051	42.6046
5	114	-39.0119	53.0132
6	114	-32.7273	68.4768
7	114	-27.9051	86.3673
0	115	-80.3551	4.973
1	115	-69.397	7.70535

2	115	-60.7789	21.5887
3	115	-53.7804	31.1464
4	115	-48.5786	41.554
5	115	-40.886	50.3684
6	115	-34.5616	64.6387
7	115	-29.6236	81.0405
0	116	-80.0426	4.77543
1	116	-69.1628	7.55711

2	116	-60.4639	21.1241
3	116	-53.5841	30.9722
4	116	-48.3905	41.3889
5	116	-40.5529	50.0359
6	116	-34.9492	65.1757
7	116	-29.5065	80.8749
0	117	-75.6848	6.99106
1	117	-65.8541	12.059

2	117	-55.4041	23.3754
3	117	-47.3292	32.3747
4	117	-40.9749	42.0906
5	117	-33.9327	51.9625
6	117	-28.5085	67.5981
7	117	-24.0261	85.4767
0	118	-75.6162	6.89795
1	118	-65.8133	11.8405

2	118	-55.2746	23.3121
3	118	-46.9664	32.0953
4	118	-40.7698	41.869
5	118	-33.8247	51.8522
6	118	-28.1788	67.2228
7	118	-23.6051	84.9819
0	119	-75.0281	6.82448
1	119	-68.3696	17.3726

2	119	-42.8055	21.2464
3	119	-24.943	17.4478
4	119	-20.9839	25.11
5	119	-16.0325	34.0342
6	119	-10.3265	45.3053
7	119	-6.23701	59.0013
0	120	-73.222	6.94993
1	120	-64.5844	14.8692

2	120	-41.9757	18.3457
3	120	-28.6302	19.9082
4	120	-21.8335	25.7291
5	120	-16.0102	34.0399
6	120	-10.2848	45.4205
7	120	-6.10551	58.7825
0	121	-71.6903	0.22594
1	121	-63.6608	8.00137

2	121	-42.9589	9.71954
3	121	-33.2436	15.4422
4	121	-27.2996	23.1609
5	121	-20.3758	30.1384
6	121	-14.5913	40.6766
7	121	-10.3537	53.4671
0	122	-71.668	0.251918
1	122	-63.6188	8.01319

2	122	-42.8973	9.66882
3	122	-33.1303	15.3417
4	122	-27.2017	23.0745
5	122	-20.2706	30.0209
6	122	-14.4582	40.5372
7	122	-10.099	53.1726
0	123	-70.6421	-1.40116
1	123	-65.5498	9.89429

2	123	-38.6874	8.90173
3	123	-27.7716	13.5387
4	123	-21.681	21.6724
5	123	-14.6652	29.0755
6	123	-9.05198	40.4675
7	123	-3.81859	51.7552
0	124	-70.1833	-2.18181
1	124	-65.7617	9.63263

2	124	-38.5151	9.0211
3	124	-27.3949	13.3701
4	124	-21.4057	21.4873
5	124	-14.4458	28.9154
6	124	-8.79553	40.2123
7	124	-3.61483	51.5305
