0	113	-77.8005	-1.02078
1	113	-69.0752	5.15059

2	113	-59.5744	19.582
3	113	-51.8215	29.3999
4	113	-46.3435	40.6105
5	113	-39.4231	51.9767
6	113	-34.6926	69.9667
7	113	-31.2908	89.7759
0	114	-77.438	-1.04658
1	114	-69.0218	5.86566

2	114	-58.9834	19.1167
3	114	-51.1065	28.8155
4	114	-45.4497	39.8016
5	114	-38.1144	50.6524
6	114	-35.2067	71.3425
7	114	-30.4926	89.2151
0	115	-77.5953	-1.61519
1	115	-68.6416	3.35376

2	115	-59.9678	17.8738
3	115	-52.9117	27.4653
4	115	-47.5474	37.7868
5	115	-39.5238	46.9157
6	115	-35.4887	64.6468
7	115	-32.4714	83.318
0	116	-77.403	-1.69498
1	116	-68.7258	3.98526

2	116	-59.9958	18.1809
3	116	-53.1922	28.1678
4	116	-47.8654	38.4637
5	116	-40.3049	48.1118
6	116	-36.2284	65.8962
7	116	-32.6586	83.7165
0	117	-73.5253	1.65109
1	117	-64.444	6.50854

2	117	-53.9857	19.3802
3	117	-46.0651	28.4562
4	117	-40.667	39.3961
5	117	-34.088	50.3902
6	117	-29.5203	67.5689
7	117	-27.1326	88.569
0	118	-73.693	1.52484
1	118	-65.328	8.02092

2	118	-54.1101	19.2853
3	118	-46.0918	28.4294
4	118	-40.8968	39.7447
5	118	-33.4654	49.5448
6	118	-29.832	68.1756
7	118	-26.9113	88.2661
0	119	-72.6672	-1.43144
1	119	-68.2117	8.58438

2	119	-42.1945	14.6264
3	119	-21.4961	13.0185
4	119	-19.9994	22.9355
5	119	-15.6829	32.2262
6	119	-10.5985	44.5195
7	119	-8.51594	60.778
0	120	-69.0125	-0.515634
1	120	-59.8342	4.26595

2	120	-40.3288	10.7458
3	120	-28.2001	16.3216
4	120	-22.5013	24.1885
5	120	-15.7693	32.0107
6	120	-10.3599	43.8237
7	120	-7.94591	59.4086
0	121	-68.498	-5.64475
1	121	-60.3115	-0.571599

2	121	-42.3273	6.55516
3	121	-32.5993	12.6959
4	121	-26.9481	20.7257
5	121	-19.7788	27.8937
6	121	-14.593	39.4656
7	121	-11.4944	53.0978
0	122	-68.3228	-5.63086
1	122	-60.1976	-0.382397

2	122	-42.0944	6.54648
3	122	-32.3565	12.6536
4	122	-26.7696	20.7318
5	122	-19.614	27.9101
6	122	-14.2043	39.1215
7	122	-11.9265	54.1838
0	123	-67.0751	-7.0841
1	123	-61.1877	-0.389706

2	123	-38.63	6.08262
3	123	-27.8358	11.6463
4	123	-21.7972	19.8491
5	123	-14.2805	27.0555
6	123	-8.99061	38.9576
7	123	-6.25538	54.0049
0	124	-66.5068	-7.84186
1	124	-61.6701	-0.571843

2	124	-38.4707	6.19688
3	124	-27.368	11.4177
4	124	-21.4782	19.6263
5	124	-14.1857	27.0718
6	124	-8.91726	38.9439
7	124	-5.4248	52.4699
